4 ; 4 ; 4 ; 0.499358 ; -0.0720939 ; -0.0365305 ; 102.638;
5 ; 4 ; 4 ; 0.510444 ; -0.0280194 ; -0.0199674 ; 101.113;
6 ; 4 ; 4 ; 0.401792 ; 0.0432428 ; 0.047398 ; 100.897;
7 ; 4 ; 4 ; 0.445264 ; 0.0234685 ; -0.0145064 ; 101.415;
8 ; 4 ; 4 ; 0.463606 ; 0.0340079 ; -0.0593716 ; 102.548;
9 ; 4 ; 4 ; 0.47698 ; 0.0212338 ; 0.0707913 ; 104.168;
10 ; 4 ; 4 ; 0.430936 ; 0.0198927 ; 0.00881167 ; 102.17;
11 ; 4 ; 4 ; 0.519584 ; 0.033445 ; 0.00136696 ; 102.365;
12 ; 4 ; 4 ; 0.438391 ; -0.0157962 ; -0.0283035 ; 101.18;
13 ; 4 ; 4 ; 0.514065 ; 0.0192068 ; 0.0111046 ; 101.8;
14 ; 4 ; 4 ; 0.489998 ; 0.0252226 ; -0.0229788 ; 101.347;
15 ; 4 ; 4 ; 0.440707 ; 0.0173742 ; -0.0176645 ; 104.432;
16 ; 4 ; 4 ; 0.439756 ; -0.0843447 ; 0.0248413 ; 101.787;
17 ; 4 ; 4 ; 0.463389 ; -0.00521762 ; 0.0246308 ; 102.53;
18 ; 4 ; 4 ; 0.475166 ; 0.00996467 ; 0.0444652 ; 102.623;
19 ; 4 ; 4 ; 0.381761 ; 0.0459829 ; 0.0198293 ; 101.757;
20 ; 4 ; 4 ; 0.451901 ; 0.0200757 ; 0.0434407 ; 104.262;
21 ; 4 ; 4 ; 0.514895 ; -0.0274171 ; 0.0194561 ; 102.87;
4 ; 5 ; 4 ; 0.404842 ; -0.0791078 ; 0.0583818 ; 102.458;
5 ; 5 ; 4 ; 0.425073 ; -0.00944328 ; -0.034714 ; 102.843;
6 ; 5 ; 4 ; 0.519218 ; -0.0198736 ; 0.000767393 ; 104.225;
7 ; 5 ; 4 ; 0.456751 ; -0.0444642 ; -0.00132195 ; 101.918;
8 ; 5 ; 4 ; 0.399411 ; -0.0548866 ; -0.0525126 ; 103.457;
9 ; 5 ; 4 ; 0.425905 ; -0.0218127 ; -0.0389863 ; 101.85;
10 ; 5 ; 4 ; 0.491854 ; -0.0169922 ; -0.0188238 ; 104.078;
11 ; 5 ; 4 ; 0.474105 ; 0.0175811 ; -0.0405263 ; 102.2;
12 ; 5 ; 4 ; 0.460297 ; -0.00829998 ; -0.00907391 ; 101.225;
13 ; 5 ; 4 ; 0.416348 ; -0.0401276 ; -0.0223527 ; 102.405;
14 ; 5 ; 4 ; 0.515708 ; 0.0253347 ; 0.00305462 ; 102.242;
15 ; 5 ; 4 ; 0.481621 ; 0.00692905 ; 0.0250667 ; 100.358;
16 ; 5 ; 4 ; 0.476115 ; -0.0609764 ; -0.0128654 ; 102.303;
17 ; 5 ; 4 ; 0.464447 ; -0.00994221 ; 0.0031741 ; 102.267;
18 ; 5 ; 4 ; 0.47775 ; -0.0473012 ; 0.02805 ; 101.215;
19 ; 5 ; 4 ; 0.469535 ; -0.0492245 ; -0.00119239 ; 101.2;
20 ; 5 ; 4 ; 0.434196 ; -0.0526309 ; -0.0500193 ; 102.002;
21 ; 5 ; 4 ; 0.459945 ; -0.0352144 ; 0.072713 ; 101.955;
4 ; 6 ; 4 ; 0.518421 ; 0.00959349 ; 0.0322664 ; 100.575;
5 ; 6 ; 4 ; 0.452874 ; 0.00345838 ; 0.00406367 ; 100.595;
6 ; 6 ; 4 ; 0.427479 ; 0.0282553 ; 0.0447976 ; 100.597;
7 ; 6 ; 4 ; 0.418085 ; -0.0327854 ; 0.0736491 ; 100.695;
8 ; 6 ; 4 ; 0.430245 ; 0.0471528 ; 0.0120621 ; 100.223;
9 ; 6 ; 4 ; 0.448529 ; -0.0336209 ; -0.0223566 ; 99.0075;
10 ; 6 ; 4 ; 0.417022 ; -0.00715434 ; -0.0243542 ; 101.015;
11 ; 6 ; 4 ; 0.487368 ; -0.0326403 ; 0.0385681 ; 100.502;
12 ; 6 ; 4 ; 0.494693 ; -0.0192791 ; 0.0180396 ; 104.587;
13 ; 6 ; 4 ; 0.502027 ; -0.0206835 ; -0.00368702 ; 102.447;
14 ; 6 ; 4 ; 0.467832 ; -0.00848358 ; -0.00961969 ; 101.903;
15 ; 6 ; 4 ; 0.456066 ; 0.0610174 ; 0.0500765 ; 101.367;
16 ; 6 ; 4 ; 0.450619 ; 0.0696185 ; -0.0339209 ; 100.725;
17 ; 6 ; 4 ; 0.52131 ; 0.0223302 ; 0.0395006 ; 101.655;
18 ; 6 ; 4 ; 0.442006 ; 0.0307353 ; 0.0155135 ; 102.237;
19 ; 6 ; 4 ; 0.505635 ; -0.0204283 ; 0.0824325 ; 103.06;
20 ; 6 ; 4 ; 0.539303 ; -0.0318329 ; 0.0220547 ; 102.448;
21 ; 6 ; 4 ; 0.473096 ; -0.0301961 ; -0.0390646 ; 101.977;
4 ; 7 ; 4 ; 0.413027 ; 0.0080361 ; 0.0771098 ; 101.845;
5 ; 7 ; 4 ; 0.476749 ; 0.0145221 ; 0.0158791 ; 101.905;
6 ; 7 ; 4 ; 0.35265 ; 0.089508 ; 0.0851975 ; 100.96;
7 ; 7 ; 4 ; 0.401268 ; -0.0158013 ; -0.0856019 ; 103.292;
8 ; 7 ; 4 ; 0.46273 ; -0.0223292 ; -0.0398122 ; 100.5;
9 ; 7 ; 4 ; 0.435077 ; 0.0520521 ; 0.00163678 ; 102.892;
10 ; 7 ; 4 ; 0.526365 ; -0.00113804 ; -0.0217418 ; 103.81;
11 ; 7 ; 4 ; 0.49871 ; 0.041017 ; 0.0748935 ; 101.56;
12 ; 7 ; 4 ; 0.443949 ; -0.0467333 ; -0.104439 ; 102.102;
13 ; 7 ; 4 ; 0.41309 ; -0.00198088 ; -0.00215573 ; 100.6;
14 ; 7 ; 4 ; 0.476485 ; -0.0160214 ; 0.0215743 ; 99.495;
15 ; 7 ; 4 ; 0.318266 ; 0.0199155 ; 0.00292953 ; 101.025;
16 ; 7 ; 4 ; 0.462575 ; 0.0572235 ; 0.00791673 ; 103.08;
17 ; 7 ; 4 ; 0.493292 ; -0.0292205 ; 0.0894861 ; 103.725;
18 ; 7 ; 4 ; 0.466086 ; 0.137534 ; -0.0435012 ; 103.568;
19 ; 7 ; 4 ; 0.421628 ; 0.0121914 ; -0.0194681 ; 101.902;
20 ; 7 ; 4 ; 0.529636 ; -0.0386843 ; -0.039965 ; 100.343;
21 ; 7 ; 4 ; 0.43335 ; -0.0500883 ; -0.0613274 ; 102.162;
4 ; 8 ; 4 ; 0.445913 ; -0.0361763 ; 0.0123104 ; 101.703;
5 ; 8 ; 4 ; 0.488126 ; 0.0386992 ; 0.0614072 ; 100.917;
6 ; 8 ; 4 ; 0.444838 ; -0.0109914 ; -0.00319016 ; 99.9175;
7 ; 8 ; 4 ; 0.43396 ; 0.0199396 ; -0.0249768 ; 103.605;
8 ; 8 ; 4 ; 0.436946 ; 0.0307266 ; 0.0141907 ; 103.453;
9 ; 8 ; 4 ; 0.504162 ; -0.0402978 ; -0.0210983 ; 97.8025;
10 ; 8 ; 4 ; 0.418361 ; 0.0373053 ; 0.0389382 ; 100.06;
11 ; 8 ; 4 ; 0.496994 ; 0.0501881 ; -0.0142941 ; 99.9775;
12 ; 8 ; 4 ; 0.452872 ; -0.0437123 ; -0.016515 ; 102.778;
13 ; 8 ; 4 ; 0.442967 ; -0.0510806 ; 0.0233434 ; 99.8325;
14 ; 8 ; 4 ; 0.477709 ; 0.0294535 ; 0.0233049 ; 106.142;
15 ; 8 ; 4 ; 0.514385 ; 0.0795668 ; 0.0210163 ; 104.005;
16 ; 8 ; 4 ; 0.466219 ; -0.0378571 ; 0.0189803 ; 100.97;
17 ; 8 ; 4 ; 0.330486 ; 0.0830918 ; 0.054107 ; 102.16;
18 ; 8 ; 4 ; 0.499341 ; 0.0142402 ; -0.0386727 ; 104.062;
19 ; 8 ; 4 ; 0.432062 ; 0.0464604 ; 0.0133151 ; 102.392;
20 ; 8 ; 4 ; 0.475398 ; 0.0292042 ; -0.0316254 ; 100.44;
21 ; 8 ; 4 ; 0.39539 ; 0.0276542 ; -0.0103056 ; 101.212;
4 ; 9 ; 4 ; 0.386312 ; -0.0268681 ; -0.0231126 ; 102.945;
5 ; 9 ; 4 ; 0.505239 ; 0.0190804 ; -0.0386206 ; 102.847;
6 ; 9 ; 4 ; 0.493745 ; -0.0217129 ; 0.00901761 ; 100.573;
7 ; 9 ; 4 ; 0.395097 ; -0.0246721 ; -0.00616441 ; 101.025;
8 ; 9 ; 4 ; 0.448302 ; -0.0354057 ; -0.0371817 ; 99.87;
9 ; 9 ; 4 ; 0.426238 ; -0.019297 ; -0.0212157 ; 102.605;
10 ; 9 ; 4 ; 0.499504 ; 0.00620369 ; 0.0191547 ; 102.845;
11 ; 9 ; 4 ; 0.437005 ; 0.0165654 ; 0.0013254 ; 102.688;
12 ; 9 ; 4 ; 0.417984 ; 0.0166153 ; 0.0234316 ; 100.838;
13 ; 9 ; 4 ; 0.421853 ; 0.0122677 ; 0.0139348 ; 104.03;
14 ; 9 ; 4 ; 0.488992 ; 0.0152799 ; 0.00927671 ; 100.93;
15 ; 9 ; 4 ; 0.431096 ; 0.0118459 ; -0.0259767 ; 102.972;
16 ; 9 ; 4 ; 0.482822 ; -0.0531898 ; -0.079328 ; 102.1;
17 ; 9 ; 4 ; 0.437184 ; 0.0147773 ; -0.0270157 ; 102.44;
18 ; 9 ; 4 ; 0.456209 ; -0.0438754 ; -0.011663 ; 100.297;
19 ; 9 ; 4 ; 0.473716 ; 0.00411939 ; -0.0240707 ; 103.57;
20 ; 9 ; 4 ; 0.401819 ; -0.0626691 ; -0.0647624 ; 99.895;
21 ; 9 ; 4 ; 0.489707 ; 0.050844 ; -0.0778849 ; 102.868;
4 ; 10 ; 4 ; 0.468343 ; -0.00258278 ; 0.0548124 ; 101.915;
5 ; 10 ; 4 ; 0.49235 ; 0.0188559 ; -0.0596969 ; 102.075;
6 ; 10 ; 4 ; 0.454378 ; -0.0728689 ; 0.0154496 ; 101.305;
7 ; 10 ; 4 ; 0.449235 ; -0.0150962 ; 0.038781 ; 97.795;
8 ; 10 ; 4 ; 0.443852 ; -0.0512594 ; -0.0446557 ; 102.745;
9 ; 10 ; 4 ; 0.439218 ; 0.020375 ; 0.0145517 ; 100.392;
10 ; 10 ; 4 ; 0.50249 ; -0.0103358 ; 0.0997581 ; 103.657;
11 ; 10 ; 4 ; 0.52436 ; -0.0575995 ; -0.0215449 ; 101.243;
12 ; 10 ; 4 ; 0.427175 ; 0.0436963 ; 0.0087278 ; 102.718;
13 ; 10 ; 4 ; 0.470852 ; -0.0392606 ; -0.0548902 ; 100.44;
14 ; 10 ; 4 ; 0.459208 ; -0.0599069 ; 0.0146089 ; 103.017;
15 ; 10 ; 4 ; 0.492492 ; -0.0284211 ; -0.0258824 ; 104.013;
16 ; 10 ; 4 ; 0.432395 ; -0.108568 ; -0.00132161 ; 103.957;
17 ; 10 ; 4 ; 0.465808 ; -0.0468157 ; 0.0458128 ; 101.28;
18 ; 10 ; 4 ; 0.388723 ; 0.0193528 ; 0.0193402 ; 100.9;
19 ; 10 ; 4 ; 0.431244 ; 0.0310569 ; 0.0199977 ; 100.602;
20 ; 10 ; 4 ; 0.441765 ; -0.00115543 ; -0.0077085 ; 99.3325;
21 ; 10 ; 4 ; 0.530357 ; -0.044639 ; 0.00658793 ; 103.455;
4 ; 11 ; 4 ; 0.504599 ; 0.0848016 ; 0.00746589 ; 102.805;
5 ; 11 ; 4 ; 0.407769 ; 0.0416045 ; 0.0841206 ; 102.715;
6 ; 11 ; 4 ; 0.408033 ; -0.0793214 ; 0.00637105 ; 102.703;
7 ; 11 ; 4 ; 0.464024 ; -0.0498328 ; 0.0646153 ; 100.89;
8 ; 11 ; 4 ; 0.406906 ; 0.00270856 ; -0.015126 ; 102.3;
9 ; 11 ; 4 ; 0.507484 ; -0.00476533 ; -0.0340883 ; 102.037;
10 ; 11 ; 4 ; 0.494312 ; 0.0574436 ; 0.00193091 ; 102.13;
11 ; 11 ; 4 ; 0.500142 ; -0.0512593 ; -0.066981 ; 103.44;
12 ; 11 ; 4 ; 0.476159 ; 0.0282222 ; 0.0211544 ; 101.135;
13 ; 11 ; 4 ; 0.463018 ; -0.0465139 ; -0.0295921 ; 100.847;
14 ; 11 ; 4 ; 0.386635 ; -0.0538304 ; 0.0524755 ; 100.688;
15 ; 11 ; 4 ; 0.454553 ; -0.014916 ; 0.0598955 ; 102.332;
16 ; 11 ; 4 ; 0.444713 ; -0.091115 ; -0.0319963 ; 100.55;
17 ; 11 ; 4 ; 0.43183 ; 0.0203153 ; -0.0282314 ; 100.222;
18 ; 11 ; 4 ; 0.389629 ; -0.0540311 ; -0.0168476 ; 104.485;
19 ; 11 ; 4 ; 0.400356 ; 0.0467516 ; -0.00681063 ; 102.752;
20 ; 11 ; 4 ; 0.409526 ; 0.0312541 ; 0.049651 ; 102.843;
21 ; 11 ; 4 ; 0.583413 ; 0.0678713 ; 0.00654333 ; 99.2425;
4 ; 12 ; 4 ; 0.443067 ; 0.0194793 ; 0.0180968 ; 102.595;
5 ; 12 ; 4 ; 0.480136 ; -0.0237999 ; 0.103419 ; 102.162;
6 ; 12 ; 4 ; 0.414874 ; -0.00377825 ; 0.00664294 ; 102.08;
7 ; 12 ; 4 ; 0.43998 ; -0.00351091 ; 0.0555955 ; 101.832;
8 ; 12 ; 4 ; 0.490402 ; 0.0974386 ; -0.0838845 ; 103.55;
9 ; 12 ; 4 ; 0.505993 ; -0.0699192 ; 0.0565754 ; 97.7775;
10 ; 12 ; 4 ; 0.424644 ; 0.0338565 ; 0.0361509 ; 102.66;
11 ; 12 ; 4 ; 0.466471 ; 0.00290319 ; -0.0322079 ; 100.605;
12 ; 12 ; 4 ; 0.415707 ; -0.01227 ; -0.0295934 ; 104.425;
13 ; 12 ; 4 ; 0.465905 ; -0.00141445 ; -0.0697972 ; 101.345;
14 ; 12 ; 4 ; 0.502548 ; 0.0185421 ; -0.0223461 ; 101.24;
15 ; 12 ; 4 ; 0.443637 ; 0.0224388 ; 0.0874611 ; 101.893;
16 ; 12 ; 4 ; 0.460992 ; 0.0415797 ; 0.0249157 ; 101.377;
17 ; 12 ; 4 ; 0.476581 ; -0.00899294 ; 0.0568808 ; 101.595;
18 ; 12 ; 4 ; 0.50278 ; -0.000102434 ; 0.00850276 ; 103.082;
19 ; 12 ; 4 ; 0.414231 ; 0.0452915 ; -0.0177679 ; 101.065;
20 ; 12 ; 4 ; 0.49817 ; 0.00974158 ; -0.0485992 ; 101.678;
21 ; 12 ; 4 ; 0.482103 ; 0.0560353 ; -0.0312756 ; 103.448;
4 ; 13 ; 4 ; 0.461801 ; -0.0310545 ; 0.0832065 ; 101.23;
5 ; 13 ; 4 ; 0.452655 ; 0.0115574 ; -0.0296137 ; 102.095;
6 ; 13 ; 4 ; 0.485481 ; -0.0173814 ; 0.000899214 ; 103.197;
7 ; 13 ; 4 ; 0.499594 ; -0.0999934 ; -0.0679134 ; 100.54;
8 ; 13 ; 4 ; 0.477038 ; -0.086294 ; 0.0459252 ; 101.642;
9 ; 13 ; 4 ; 0.395945 ; -0.0910464 ; 0.107818 ; 101.942;
10 ; 13 ; 4 ; 0.390307 ; -0.105153 ; -0.000675711 ; 101.565;
11 ; 13 ; 4 ; 0.488049 ; 0.0342622 ; 0.0140178 ; 102.285;
12 ; 13 ; 4 ; 0.515194 ; 0.0794427 ; -0.0278516 ; 102.055;
13 ; 13 ; 4 ; 0.416014 ; 0.0388872 ; 0.0313233 ; 101.96;
14 ; 13 ; 4 ; 0.439518 ; -0.0484955 ; -0.00548438 ; 101.767;
15 ; 13 ; 4 ; 0.439911 ; 0.0258551 ; -0.00343624 ; 104.082;
16 ; 13 ; 4 ; 0.468917 ; -0.0258977 ; 0.0320062 ; 101.645;
17 ; 13 ; 4 ; 0.47495 ; 0.0603154 ; 0.0496228 ; 100.605;
18 ; 13 ; 4 ; 0.542452 ; -0.0143756 ; -0.0116599 ; 100.81;
19 ; 13 ; 4 ; 0.417627 ; 0.00760128 ; 0.0638319 ; 100.828;
20 ; 13 ; 4 ; 0.440752 ; 0.0121506 ; 0.0527947 ; 99.3375;
21 ; 13 ; 4 ; 0.492344 ; 0.0156879 ; 0.00618936 ; 99.8775;
4 ; 14 ; 4 ; 0.47453 ; -0.034916 ; -0.0146937 ; 100.81;
5 ; 14 ; 4 ; 0.438088 ; 0.0166951 ; -0.00446606 ; 99.665;
6 ; 14 ; 4 ; 0.457776 ; 0.0549776 ; 0.0313815 ; 101.357;
7 ; 14 ; 4 ; 0.473423 ; 0.0617319 ; -0.0264947 ; 102.445;
8 ; 14 ; 4 ; 0.407541 ; 0.0276327 ; -0.100263 ; 103.132;
9 ; 14 ; 4 ; 0.421019 ; -0.031063 ; -0.00673918 ; 102.32;
10 ; 14 ; 4 ; 0.418799 ; 0.0489766 ; -0.0288938 ; 101.06;
11 ; 14 ; 4 ; 0.531375 ; 0.0283171 ; 0.00712853 ; 101.975;
12 ; 14 ; 4 ; 0.442688 ; 0.0293015 ; -0.0454619 ; 103.112;
13 ; 14 ; 4 ; 0.495498 ; -0.00884026 ; -0.0139126 ; 100.323;
14 ; 14 ; 4 ; 0.367187 ; 0.0331741 ; -0.0543511 ; 101.59;
15 ; 14 ; 4 ; 0.376358 ; 0.0265434 ; 0.0482213 ; 102.385;
16 ; 14 ; 4 ; 0.398904 ; 0.0498702 ; -0.00688504 ; 100.592;
17 ; 14 ; 4 ; 0.550113 ; 0.0864392 ; -0.0304854 ; 103.173;
18 ; 14 ; 4 ; 0.48645 ; 0.00603974 ; 0.0363026 ; 99.555;
19 ; 14 ; 4 ; 0.509988 ; -0.0834877 ; -0.0495746 ; 101.59;
20 ; 14 ; 4 ; 0.369783 ; 0.0654759 ; 0.0108196 ; 103.01;
21 ; 14 ; 4 ; 0.415689 ; 0.0658719 ; 0.0226635 ; 101.705;
4 ; 15 ; 4 ; 0.49648 ; -0.00981055 ; -0.000153994 ; 101.858;
5 ; 15 ; 4 ; 0.499252 ; 0.045691 ; 0.0828234 ; 102.115;
6 ; 15 ; 4 ; 0.471567 ; -0.0242978 ; -0.0544409 ; 102.195;
7 ; 15 ; 4 ; 0.450149 ; 0.0530399 ; 0.0173244 ; 101.992;
8 ; 15 ; 4 ; 0.433717 ; 0.0228143 ; -0.0547498 ; 102.787;
9 ; 15 ; 4 ; 0.424054 ; 0.0794941 ; -0.0253262 ; 100.752;
10 ; 15 ; 4 ; 0.455396 ; 0.068138 ; 0.04904 ; 103.215;
11 ; 15 ; 4 ; 0.424358 ; 0.0264581 ; 0.0162398 ; 101.16;
12 ; 15 ; 4 ; 0.482053 ; 0.0285153 ; -0.0245681 ; 101.103;
13 ; 15 ; 4 ; 0.546211 ; 0.0375813 ; 0.0609542 ; 98.9775;
14 ; 15 ; 4 ; 0.396591 ; -0.0722784 ; 0.0206701 ; 101.438;
15 ; 15 ; 4 ; 0.420587 ; -0.00456753 ; 0.0442284 ; 102.832;
16 ; 15 ; 4 ; 0.489095 ; -0.100875 ; -0.00228792 ; 101.52;
17 ; 15 ; 4 ; 0.495675 ; -0.0016159 ; -0.0203879 ; 101.84;
18 ; 15 ; 4 ; 0.487283 ; -0.0736279 ; 0.0607964 ; 102.23;
19 ; 15 ; 4 ; 0.476482 ; 0.0102696 ; 0.00378111 ; 102.407;
20 ; 15 ; 4 ; 0.4353 ; 0.0421938 ; 0.0571394 ; 101.67;
21 ; 15 ; 4 ; 0.467295 ; -0.0596078 ; -0.027566 ; 99.0575;
4 ; 16 ; 4 ; 0.413813 ; 0.0351899 ; 0.0325582 ; 102.582;
5 ; 16 ; 4 ; 0.517074 ; 0.0563298 ; -0.0359802 ; 99.8525;
6 ; 16 ; 4 ; 0.44753 ; -0.000273625 ; 0.0347276 ; 101.745;
7 ; 16 ; 4 ; 0.471363 ; 0.00625527 ; -0.0741842 ; 101.328;
8 ; 16 ; 4 ; 0.407296 ; 0.00533675 ; 0.0190382 ; 101.752;
9 ; 16 ; 4 ; 0.432881 ; -0.0920429 ; -0.00980976 ; 103.02;
10 ; 16 ; 4 ; 0.409098 ; 0.0150316 ; 0.0151108 ; 101.248;
11 ; 16 ; 4 ; 0.489077 ; 0.00327016 ; 0.0250343 ; 99.99;
12 ; 16 ; 4 ; 0.470801 ; -0.0313103 ; 0.0931829 ; 102.93;
13 ; 16 ; 4 ; 0.522573 ; -0.0163024 ; -0.0245626 ; 102.85;
14 ; 16 ; 4 ; 0.530451 ; 0.0318623 ; -0.0258437 ; 103.757;
15 ; 16 ; 4 ; 0.47637 ; -0.00784966 ; -0.0105057 ; 101.177;
16 ; 16 ; 4 ; 0.387756 ; -0.0147384 ; -0.05224 ; 101.31;
17 ; 16 ; 4 ; 0.398039 ; 0.0257798 ; 0.0124399 ; 101.065;
18 ; 16 ; 4 ; 0.446465 ; -0.044006 ; 0.0478381 ; 102.493;
19 ; 16 ; 4 ; 0.448967 ; 0.0531926 ; -0.00288384 ; 99.815;
20 ; 16 ; 4 ; 0.493189 ; 0.0559455 ; 0.00857958 ; 102.015;
21 ; 16 ; 4 ; 0.481965 ; 0.0100101 ; -0.0384676 ; 102.78;
4 ; 17 ; 4 ; 0.489564 ; 0.00895103 ; -0.00138196 ; 101.492;
5 ; 17 ; 4 ; 0.457023 ; -0.00919276 ; -0.000511354 ; 101.743;
6 ; 17 ; 4 ; 0.423104 ; -0.0171447 ; -0.0441115 ; 102.205;
7 ; 17 ; 4 ; 0.416181 ; -0.03476 ; -0.00386249 ; 102.593;
8 ; 17 ; 4 ; 0.441242 ; 0.0199705 ; -0.045394 ; 103.85;
9 ; 17 ; 4 ; 0.51014 ; -0.0393436 ; 0.00135243 ; 102.38;
10 ; 17 ; 4 ; 0.439286 ; -0.0618417 ; -0.0166885 ; 102.28;
11 ; 17 ; 4 ; 0.440084 ; 0.0595424 ; 0.0690665 ; 103.343;
12 ; 17 ; 4 ; 0.455154 ; -0.0621106 ; 0.0270198 ; 99.3925;
13 ; 17 ; 4 ; 0.496906 ; -0.0344429 ; 0.0431407 ; 103.225;
14 ; 17 ; 4 ; 0.471573 ; -0.0390571 ; 0.0289529 ; 102.517;
15 ; 17 ; 4 ; 0.446618 ; 0.0394227 ; -0.0297047 ; 102.838;
16 ; 17 ; 4 ; 0.361743 ; -0.0456942 ; -0.0546295 ; 101.675;
17 ; 17 ; 4 ; 0.47883 ; -0.0269191 ; -0.07534 ; 101.71;
18 ; 17 ; 4 ; 0.484112 ; -0.0472716 ; 0.0855304 ; 103.045;
19 ; 17 ; 4 ; 0.523511 ; -0.0717664 ; 0.00943108 ; 102.07;
20 ; 17 ; 4 ; 0.482659 ; -0.00779615 ; -0.0362262 ; 101.175;
21 ; 17 ; 4 ; 0.470511 ; -0.0197792 ; -0.0325104 ; 101.448;
4 ; 18 ; 4 ; 0.50912 ; 0.0363305 ; -0.0885626 ; 102.57;
5 ; 18 ; 4 ; 0.461928 ; 0.0364642 ; -0.0267565 ; 103.722;
6 ; 18 ; 4 ; 0.449145 ; 0.0640799 ; -0.102946 ; 101.397;
7 ; 18 ; 4 ; 0.507013 ; 0.018771 ; 0.0589157 ; 100.127;
8 ; 18 ; 4 ; 0.538 ; -0.0078135 ; -0.0068356 ; 103.407;
9 ; 18 ; 4 ; 0.523215 ; -0.0303103 ; -0.0507891 ; 103.44;
10 ; 18 ; 4 ; 0.392531 ; -0.0189288 ; 0.00506738 ; 101.005;
11 ; 18 ; 4 ; 0.377237 ; 0.00180739 ; -0.0722181 ; 100.485;
12 ; 18 ; 4 ; 0.401827 ; -0.0362351 ; -0.0689641 ; 102.398;
13 ; 18 ; 4 ; 0.390052 ; 0.0392178 ; 0.00895872 ; 103.89;
14 ; 18 ; 4 ; 0.493705 ; 0.0923745 ; 0.0235614 ; 99.93;
15 ; 18 ; 4 ; 0.437108 ; 0.0305186 ; 0.0301859 ; 102.663;
16 ; 18 ; 4 ; 0.415701 ; 0.00317498 ; -0.0583832 ; 102.25;
17 ; 18 ; 4 ; 0.480137 ; 0.0426143 ; -0.019514 ; 102.487;
18 ; 18 ; 4 ; 0.449704 ; -0.0309425 ; 0.0235311 ; 102.1;
19 ; 18 ; 4 ; 0.503605 ; -0.0165893 ; -0.0822929 ; 101.835;
20 ; 18 ; 4 ; 0.424404 ; 0.00397451 ; -0.0953835 ; 102.517;
21 ; 18 ; 4 ; 0.479284 ; 0.0581334 ; -0.0685452 ; 98.44;
4 ; 19 ; 4 ; 0.525599 ; 0.0334081 ; -0.0377639 ; 101.978;
5 ; 19 ; 4 ; 0.552138 ; -0.00471208 ; 0.0114197 ; 101.36;
6 ; 19 ; 4 ; 0.383635 ; 0.105506 ; 0.0188187 ; 100.615;
7 ; 19 ; 4 ; 0.461433 ; -0.0205311 ; -0.0270309 ; 104.46;
8 ; 19 ; 4 ; 0.444777 ; -0.039868 ; 0.0742621 ; 100.998;
9 ; 19 ; 4 ; 0.545584 ; 0.0186157 ; 0.108199 ; 100.398;
10 ; 19 ; 4 ; 0.482524 ; 0.0150893 ; 0.0296111 ; 101.935;
11 ; 19 ; 4 ; 0.496246 ; 0.0303849 ; 0.0684497 ; 102.268;
12 ; 19 ; 4 ; 0.483476 ; -0.0247846 ; -0.0863624 ; 100.985;
13 ; 19 ; 4 ; 0.485678 ; -0.0320244 ; -0.0784504 ; 101.565;
14 ; 19 ; 4 ; 0.465094 ; 0.00113786 ; 0.00333545 ; 103.32;
15 ; 19 ; 4 ; 0.519452 ; -0.00821932 ; -0.0108676 ; 103.707;
16 ; 19 ; 4 ; 0.441944 ; -0.0488322 ; -0.00766787 ; 101.75;
17 ; 19 ; 4 ; 0.349357 ; 0.0561223 ; 0.0186941 ; 103.27;
18 ; 19 ; 4 ; 0.422538 ; -0.0281776 ; -0.0488887 ; 101.74;
19 ; 19 ; 4 ; 0.425521 ; 0.0301544 ; 0.0298557 ; 102.893;
20 ; 19 ; 4 ; 0.420244 ; 0.00286032 ; -0.0391279 ; 102.585;
21 ; 19 ; 4 ; 0.507777 ; 0.0639398 ; -0.00329022 ; 99.2975;
4 ; 20 ; 4 ; 0.504132 ; -0.0355718 ; -0.0234829 ; 99.45;
5 ; 20 ; 4 ; 0.506176 ; -0.0456839 ; 0.00675338 ; 101.35;
6 ; 20 ; 4 ; 0.489801 ; 0.0398127 ; -0.0113574 ; 101.955;
7 ; 20 ; 4 ; 0.511799 ; 0.0260856 ; -0.05089 ; 101.9;
8 ; 20 ; 4 ; 0.45305 ; -0.0238738 ; -0.0238929 ; 103.192;
9 ; 20 ; 4 ; 0.526911 ; -0.021341 ; 0.0105608 ; 101.46;
10 ; 20 ; 4 ; 0.402262 ; 0.00550258 ; 0.0221234 ; 103.108;
11 ; 20 ; 4 ; 0.461703 ; 0.0131842 ; -0.020175 ; 103.88;
12 ; 20 ; 4 ; 0.402609 ; -0.0118666 ; 0.0800831 ; 101.24;
13 ; 20 ; 4 ; 0.493186 ; 0.0135009 ; 0.0850537 ; 101.745;
14 ; 20 ; 4 ; 0.464438 ; -0.0276762 ; 0.0183169 ; 102.638;
15 ; 20 ; 4 ; 0.455711 ; 0.0040547 ; 0.00516859 ; 102.275;
16 ; 20 ; 4 ; 0.501021 ; 0.0618604 ; 0.0226624 ; 97.57;
17 ; 20 ; 4 ; 0.465977 ; 0.018751 ; -0.0590615 ; 102.743;
18 ; 20 ; 4 ; 0.54585 ; 0.0245601 ; 0.0376494 ; 100.713;
19 ; 20 ; 4 ; 0.498584 ; -0.0824228 ; -0.059514 ; 103.975;
20 ; 20 ; 4 ; 0.428082 ; 0.0130731 ; 0.0324103 ; 101.39;
21 ; 20 ; 4 ; 0.500847 ; -0.0613211 ; -0.00565139 ; 101.805;
4 ; 21 ; 4 ; 0.51442 ; 0.083128 ; -0.0594465 ; 101.603;
5 ; 21 ; 4 ; 0.518013 ; -0.022557 ; -0.0617756 ; 102.657;
6 ; 21 ; 4 ; 0.466956 ; 0.020379 ; -0.00839797 ; 102.385;
7 ; 21 ; 4 ; 0.427303 ; -0.00336269 ; 0.00649398 ; 100.957;
8 ; 21 ; 4 ; 0.42934 ; 0.0239496 ; -0.0204518 ; 102.628;
9 ; 21 ; 4 ; 0.473923 ; -0.0276691 ; -0.0146538 ; 102.612;
10 ; 21 ; 4 ; 0.46378 ; 0.00915461 ; 0.00486827 ; 101.9;
11 ; 21 ; 4 ; 0.516062 ; -0.0375788 ; 0.0227766 ; 100.945;
12 ; 21 ; 4 ; 0.431448 ; 0.0186364 ; -0.0203026 ; 102.81;
13 ; 21 ; 4 ; 0.459895 ; -0.0230253 ; 0.0078815 ; 102.002;
14 ; 21 ; 4 ; 0.430469 ; 0.0287534 ; -0.0139959 ; 102.125;
15 ; 21 ; 4 ; 0.499637 ; 0.0681037 ; -0.0221066 ; 100.73;
16 ; 21 ; 4 ; 0.433172 ; -0.010885 ; -0.0114898 ; 102.52;
17 ; 21 ; 4 ; 0.399468 ; 0.111179 ; 0.00847303 ; 102.595;
18 ; 21 ; 4 ; 0.462488 ; 0.0754307 ; 0.0206457 ; 101.782;
19 ; 21 ; 4 ; 0.49741 ; 0.0256317 ; -0.0296851 ; 101.15;
20 ; 21 ; 4 ; 0.479103 ; -0.0203404 ; -0.0611005 ; 102.6;
21 ; 21 ; 4 ; 0.518499 ; 0.0271637 ; -0.030208 ; 100.295;
4 ; 4 ; 5 ; 0.284516 ; -0.0372242 ; 0.0415203 ; 101.57;
5 ; 4 ; 5 ; 0.351102 ; -0.0720048 ; -0.044944 ; 102.483;
6 ; 4 ; 5 ; 0.366905 ; 0.040036 ; -0.060401 ; 98.9625;
7 ; 4 ; 5 ; 0.388916 ; 0.0317538 ; -0.0356942 ; 100.265;
8 ; 4 ; 5 ; 0.243025 ; -0.0481713 ; -0.01301 ; 101.24;
9 ; 4 ; 5 ; 0.379495 ; -0.0579337 ; 0.000903991 ; 101.865;
10 ; 4 ; 5 ; 0.305345 ; -0.0750415 ; -0.0303682 ; 102.862;
11 ; 4 ; 5 ; 0.295582 ; 0.00783039 ; 0.0460037 ; 102.832;
12 ; 4 ; 5 ; 0.352832 ; -0.000901525 ; 0.00341211 ; 101.188;
13 ; 4 ; 5 ; 0.321426 ; 0.0030453 ; -0.0146964 ; 103.555;
14 ; 4 ; 5 ; 0.316722 ; 0.0491338 ; 0.117706 ; 101.79;
15 ; 4 ; 5 ; 0.27525 ; -0.000417296 ; -0.0296166 ; 104.39;
16 ; 4 ; 5 ; 0.331245 ; -0.00963293 ; -0.0425605 ; 101.793;
17 ; 4 ; 5 ; 0.330618 ; -0.0820138 ; -0.0677643 ; 103.282;
18 ; 4 ; 5 ; 0.387407 ; 0.0475735 ; -0.0367489 ; 103.885;
19 ; 4 ; 5 ; 0.307809 ; 0.0695289 ; 0.0174856 ; 101.55;
20 ; 4 ; 5 ; 0.368471 ; 0.0787446 ; 0.0169065 ; 100.71;
21 ; 4 ; 5 ; 0.325033 ; 0.00894137 ; 0.0632678 ; 102.09;
4 ; 5 ; 5 ; 0.265192 ; -0.0707441 ; -0.0577208 ; 102.525;
5 ; 5 ; 5 ; 0.296304 ; -0.0330561 ; -0.0128888 ; 103.155;
6 ; 5 ; 5 ; 0.355903 ; -0.0944253 ; -0.0507429 ; 100.108;
7 ; 5 ; 5 ; 0.366105 ; -0.0586124 ; 0.0641698 ; 101.87;
8 ; 5 ; 5 ; 0.261826 ; -0.0411881 ; 0.0074133 ; 103.065;
9 ; 5 ; 5 ; 0.368333 ; 0.0320784 ; 0.00542469 ; 103.312;
10 ; 5 ; 5 ; 0.408722 ; 0.0472553 ; 0.0232893 ; 99.825;
11 ; 5 ; 5 ; 0.267616 ; 0.0238839 ; 0.0247654 ; 101.098;
12 ; 5 ; 5 ; 0.221172 ; -0.00163124 ; -0.0126837 ; 102.355;
13 ; 5 ; 5 ; 0.34413 ; -0.0103635 ; -0.0138044 ; 102.477;
14 ; 5 ; 5 ; 0.260951 ; -0.0786746 ; 0.00217822 ; 101.022;
15 ; 5 ; 5 ; 0.295288 ; -0.0169464 ; -0.0140923 ; 100.433;
16 ; 5 ; 5 ; 0.374656 ; 0.0436224 ; 0.0146811 ; 99.6475;
17 ; 5 ; 5 ; 0.252953 ; 0.0756864 ; -0.0117047 ; 100.17;
18 ; 5 ; 5 ; 0.289229 ; -0.0137154 ; 0.00171441 ; 100.118;
19 ; 5 ; 5 ; 0.358056 ; -0.00640998 ; -0.0122704 ; 101.155;
20 ; 5 ; 5 ; 0.416806 ; -0.0122378 ; 0.0513782 ; 100.078;
21 ; 5 ; 5 ; 0.357128 ; 0.0870039 ; 0.0537677 ; 102.92;
4 ; 6 ; 5 ; 0.328045 ; 0.0669322 ; 0.0446336 ; 102.463;
5 ; 6 ; 5 ; 0.27347 ; 0.0306209 ; 0.0468089 ; 103.258;
6 ; 6 ; 5 ; 0.278626 ; 0.00745519 ; -0.033895 ; 101.653;
7 ; 6 ; 5 ; 0.299789 ; 0.00735101 ; -0.0629203 ; 103.03;
8 ; 6 ; 5 ; 0.284828 ; 0.0977661 ; 0.0169142 ; 100.75;
9 ; 6 ; 5 ; 0.337993 ; 0.0277655 ; -0.016405 ; 103.168;
10 ; 6 ; 5 ; 0.266261 ; 0.0588525 ; -0.0210064 ; 102.273;
11 ; 6 ; 5 ; 0.2521 ; 0.0219105 ; 0.0742234 ; 100.627;
12 ; 6 ; 5 ; 0.307365 ; 0.0796152 ; 0.0334734 ; 100.068;
13 ; 6 ; 5 ; 0.305022 ; -0.00409424 ; -0.0623596 ; 102.405;
14 ; 6 ; 5 ; 0.343525 ; -0.0530574 ; 0.0214015 ; 103.25;
15 ; 6 ; 5 ; 0.317934 ; 0.0122374 ; 0.0293977 ; 101.67;
16 ; 6 ; 5 ; 0.432927 ; 0.0695277 ; -0.0124064 ; 102.482;
17 ; 6 ; 5 ; 0.332344 ; -0.0341163 ; -0.0604589 ; 99.745;
18 ; 6 ; 5 ; 0.31594 ; 0.0305448 ; 0.0321846 ; 103.062;
19 ; 6 ; 5 ; 0.287872 ; -0.069555 ; 0.0189379 ; 102.165;
20 ; 6 ; 5 ; 0.321906 ; -0.04498 ; -0.0353742 ; 102.722;
21 ; 6 ; 5 ; 0.289787 ; 0.000199115 ; 0.0572506 ; 98.7475;
4 ; 7 ; 5 ; 0.357663 ; 0.0388952 ; 0.0384626 ; 100.752;
5 ; 7 ; 5 ; 0.375092 ; 0.104353 ; 0.00549782 ; 101.965;
6 ; 7 ; 5 ; 0.298848 ; -0.0112879 ; 0.017188 ; 101.715;
7 ; 7 ; 5 ; 0.310627 ; -0.00833878 ; 0.0265413 ; 101.385;
8 ; 7 ; 5 ; 0.375218 ; 0.01298 ; 0.0255399 ; 100.397;
9 ; 7 ; 5 ; 0.358959 ; 0.0077738 ; -0.0502423 ; 101.65;
10 ; 7 ; 5 ; 0.319445 ; 0.010011 ; -0.0397195 ; 100.86;
11 ; 7 ; 5 ; 0.371697 ; 0.0247844 ; 0.0245505 ; 102.073;
12 ; 7 ; 5 ; 0.364277 ; -0.0171434 ; 0.00334193 ; 100.222;
13 ; 7 ; 5 ; 0.315725 ; 0.0929781 ; -0.0207351 ; 101.18;
14 ; 7 ; 5 ; 0.368801 ; -0.0235766 ; 0.0310855 ; 101.235;
15 ; 7 ; 5 ; 0.344525 ; -0.0819872 ; -0.036004 ; 100.858;
16 ; 7 ; 5 ; 0.364055 ; 0.00883355 ; 0.0182 ; 101.725;
17 ; 7 ; 5 ; 0.307733 ; 0.0335808 ; 0.0132138 ; 103.73;
18 ; 7 ; 5 ; 0.329116 ; 0.0192916 ; 0.00439844 ; 100.755;
19 ; 7 ; 5 ; 0.408627 ; 0.0185767 ; -0.0126557 ; 97.6225;
20 ; 7 ; 5 ; 0.264495 ; -0.0491295 ; -0.0270602 ; 102.632;
21 ; 7 ; 5 ; 0.331684 ; -0.0156869 ; 0.00975105 ; 101.8;
4 ; 8 ; 5 ; 0.305485 ; 0.0291719 ; 0.03218 ; 100.672;
5 ; 8 ; 5 ; 0.350133 ; 0.0765008 ; -0.00175933 ; 99.425;
6 ; 8 ; 5 ; 0.312126 ; 0.0152811 ; 0.0574551 ; 101.998;
7 ; 8 ; 5 ; 0.332567 ; -0.00797933 ; 0.0662331 ; 101.35;
8 ; 8 ; 5 ; 0.29416 ; -0.0166436 ; -0.01914 ; 100.487;
9 ; 8 ; 5 ; 0.290358 ; -0.0216453 ; -0.0158935 ; 102.172;
10 ; 8 ; 5 ; 0.341318 ; -0.0572041 ; 0.0144838 ; 101.657;
11 ; 8 ; 5 ; 0.303763 ; -0.00985312 ; -0.00334139 ; 102.237;
12 ; 8 ; 5 ; 0.372999 ; -0.0107553 ; -0.0684465 ; 104.257;
13 ; 8 ; 5 ; 0.271231 ; -0.0401985 ; -0.0204682 ; 103.042;
14 ; 8 ; 5 ; 0.372718 ; 0.0660951 ; 0.0205619 ; 99.93;
15 ; 8 ; 5 ; 0.342426 ; -0.010635 ; 0.0149349 ; 101.307;
16 ; 8 ; 5 ; 0.379025 ; -0.0455951 ; 0.00581336 ; 99.83;
17 ; 8 ; 5 ; 0.356933 ; -0.0327185 ; 0.0433253 ; 100.657;
18 ; 8 ; 5 ; 0.305756 ; -0.0103538 ; 0.0297012 ; 100.828;
19 ; 8 ; 5 ; 0.418571 ; -0.0948802 ; -0.0258075 ; 100.547;
20 ; 8 ; 5 ; 0.244262 ; 0.039137 ; -0.0406179 ; 101.998;
21 ; 8 ; 5 ; 0.29859 ; -0.0305449 ; -0.0485402 ; 102.28;
4 ; 9 ; 5 ; 0.34244 ; -0.00128707 ; -0.0162125 ; 102.395;
5 ; 9 ; 5 ; 0.32484 ; -0.0433369 ; -0.0367583 ; 103.685;
6 ; 9 ; 5 ; 0.346431 ; 0.0518764 ; 0.00146729 ; 99.3275;
7 ; 9 ; 5 ; 0.325087 ; -0.0537942 ; 0.0258997 ; 100.273;
8 ; 9 ; 5 ; 0.361767 ; -0.0288854 ; -0.00741324 ; 101.275;
9 ; 9 ; 5 ; 0.316911 ; 0.0203153 ; 0.0347064 ; 104.12;
10 ; 9 ; 5 ; 0.31205 ; 0.0214555 ; -0.00405225 ; 101.422;
11 ; 9 ; 5 ; 0.281722 ; -0.0450488 ; 0.0421227 ; 101.275;
12 ; 9 ; 5 ; 0.269971 ; 0.00411136 ; -0.0737624 ; 103.247;
13 ; 9 ; 5 ; 0.290559 ; 0.0708144 ; 0.0307859 ; 104.338;
14 ; 9 ; 5 ; 0.340549 ; 0.0236638 ; 0.11117 ; 102.142;
15 ; 9 ; 5 ; 0.326581 ; 0.0460397 ; 0.0167264 ; 99.835;
16 ; 9 ; 5 ; 0.3439 ; 0.0497775 ; 0.00901773 ; 102.08;
17 ; 9 ; 5 ; 0.320334 ; -0.0337807 ; -0.0573573 ; 99.725;
18 ; 9 ; 5 ; 0.3205 ; 0.00247684 ; 0.0413449 ; 102.032;
19 ; 9 ; 5 ; 0.331035 ; -0.0196153 ; 0.0258178 ; 103.248;
20 ; 9 ; 5 ; 0.31861 ; -0.0409345 ; 0.0490311 ; 103.197;
21 ; 9 ; 5 ; 0.296775 ; -0.01743 ; -0.00587042 ; 101.293;
4 ; 10 ; 5 ; 0.391455 ; -0.0222586 ; -0.00264017 ; 101.802;
5 ; 10 ; 5 ; 0.309211 ; -0.00462264 ; 0.0909939 ; 102.57;
6 ; 10 ; 5 ; 0.298903 ; 0.0325711 ; 0.0268312 ; 102.113;
7 ; 10 ; 5 ; 0.334403 ; -0.0660616 ; -0.0224475 ; 101.69;
8 ; 10 ; 5 ; 0.334737 ; 0.0408458 ; 0.0179344 ; 102.293;
9 ; 10 ; 5 ; 0.287654 ; -0.00190508 ; -0.00517424 ; 102.833;
10 ; 10 ; 5 ; 0.29125 ; -0.0337191 ; 0.00619995 ; 105.607;
11 ; 10 ; 5 ; 0.367612 ; -0.0537832 ; 0.000590998 ; 98.5825;
12 ; 10 ; 5 ; 0.387105 ; 0.0179847 ; -0.051812 ; 101.183;
13 ; 10 ; 5 ; 0.356708 ; 0.0437978 ; -0.0108802 ; 98.525;
14 ; 10 ; 5 ; 0.262609 ; 0.032307 ; -0.0218153 ; 100.84;
15 ; 10 ; 5 ; 0.296159 ; 0.00754212 ; 0.00756171 ; 100.215;
16 ; 10 ; 5 ; 0.386413 ; 0.0383172 ; -0.0241633 ; 101.295;
17 ; 10 ; 5 ; 0.407555 ; 0.0188665 ; 0.0389523 ; 102.28;
18 ; 10 ; 5 ; 0.278408 ; 0.0189038 ; 0.0784789 ; 100.858;
19 ; 10 ; 5 ; 0.32296 ; 0.0894245 ; 0.020492 ; 102.903;
20 ; 10 ; 5 ; 0.366597 ; -0.0145894 ; -0.0167305 ; 99.8025;
21 ; 10 ; 5 ; 0.367755 ; -0.0539389 ; -0.0267658 ; 103.4;
4 ; 11 ; 5 ; 0.31164 ; 0.00956733 ; 0.021706 ; 100.438;
5 ; 11 ; 5 ; 0.386668 ; -0.0440516 ; 0.092133 ; 102.112;
6 ; 11 ; 5 ; 0.400157 ; 0.0416432 ; 0.0881376 ; 102.972;
7 ; 11 ; 5 ; 0.378074 ; 0.078022 ; 0.0997853 ; 100;
8 ; 11 ; 5 ; 0.251033 ; -0.0732792 ; 0.0254253 ; 100.475;
9 ; 11 ; 5 ; 0.31587 ; 0.0212176 ; -0.00321149 ; 101.983;
10 ; 11 ; 5 ; 0.352903 ; 0.0415092 ; -0.0365917 ; 100.278;
11 ; 11 ; 5 ; 0.330539 ; 0.0278372 ; 0.015545 ; 100.293;
12 ; 11 ; 5 ; 0.401214 ; -0.0531995 ; 0.113182 ; 100.847;
13 ; 11 ; 5 ; 0.37689 ; -0.012375 ; -0.000972798 ; 102.73;
14 ; 11 ; 5 ; 0.305733 ; -0.0062017 ; 0.0312794 ; 102.838;
15 ; 11 ; 5 ; 0.357763 ; 0.0285905 ; -0.0242706 ; 102.832;
16 ; 11 ; 5 ; 0.310153 ; -0.0217146 ; 0.0365478 ; 102.117;
17 ; 11 ; 5 ; 0.314784 ; 0.0446276 ; 0.017744 ; 101.04;
18 ; 11 ; 5 ; 0.286886 ; 0.0664898 ; -0.0253712 ; 101.582;
19 ; 11 ; 5 ; 0.310652 ; 0.0262909 ; 0.037039 ; 99.525;
20 ; 11 ; 5 ; 0.266449 ; 3.86547e-05 ; -0.00311477 ; 102.058;
21 ; 11 ; 5 ; 0.340289 ; -0.0661831 ; -0.0157869 ; 101.547;
4 ; 12 ; 5 ; 0.289017 ; 0.00117979 ; 0.0245357 ; 102.898;
5 ; 12 ; 5 ; 0.301485 ; 0.00686607 ; -0.0298295 ; 99.46;
6 ; 12 ; 5 ; 0.36568 ; -0.0277297 ; -0.00373037 ; 103.065;
7 ; 12 ; 5 ; 0.359178 ; -0.00309387 ; -0.000422713 ; 101.388;
8 ; 12 ; 5 ; 0.370147 ; 0.00253776 ; 0.0100277 ; 100.575;
9 ; 12 ; 5 ; 0.367943 ; -0.0659945 ; 0.0127199 ; 102.735;
10 ; 12 ; 5 ; 0.319716 ; 0.0428074 ; 0.00680629 ; 101.045;
11 ; 12 ; 5 ; 0.344988 ; 0.0738722 ; -0.0414321 ; 100.99;
12 ; 12 ; 5 ; 0.373549 ; -0.0489432 ; -0.0152261 ; 100.917;
13 ; 12 ; 5 ; 0.269913 ; -0.0146112 ; -0.0573937 ; 100.812;
14 ; 12 ; 5 ; 0.331311 ; -0.0131194 ; -0.00221867 ; 101.33;
15 ; 12 ; 5 ; 0.351415 ; 0.0523513 ; -0.00671737 ; 102.407;
16 ; 12 ; 5 ; 0.387171 ; 0.0405712 ; -0.0634055 ; 100.502;
17 ; 12 ; 5 ; 0.353074 ; -0.053271 ; -0.0111923 ; 101.447;
18 ; 12 ; 5 ; 0.30962 ; -0.0535609 ; -0.00899527 ; 102.117;
19 ; 12 ; 5 ; 0.292663 ; -0.0342947 ; -0.089787 ; 101.565;
20 ; 12 ; 5 ; 0.29336 ; -0.0573532 ; 0.0256088 ; 103.507;
21 ; 12 ; 5 ; 0.313301 ; 0.0629327 ; -0.0771217 ; 101.505;
4 ; 13 ; 5 ; 0.316913 ; 0.0448264 ; 0.0937341 ; 101.868;
5 ; 13 ; 5 ; 0.271576 ; -0.0137539 ; 0.00544378 ; 102.388;
6 ; 13 ; 5 ; 0.356878 ; -0.0140209 ; 0.0265448 ; 100.362;
7 ; 13 ; 5 ; 0.335515 ; -0.0432647 ; -0.00234475 ; 100.982;
8 ; 13 ; 5 ; 0.274243 ; 0.00126292 ; 0.0123851 ; 101.965;
9 ; 13 ; 5 ; 0.341207 ; -0.0254961 ; 0.0033116 ; 103.267;
10 ; 13 ; 5 ; 0.328468 ; 0.0454281 ; 0.0735099 ; 101.353;
11 ; 13 ; 5 ; 0.390929 ; -0.0507672 ; 0.0138626 ; 103.67;
12 ; 13 ; 5 ; 0.364219 ; 0.0467727 ; -0.0168138 ; 99.2725;
13 ; 13 ; 5 ; 0.383589 ; -0.0366008 ; 0.0573392 ; 101.062;
14 ; 13 ; 5 ; 0.368594 ; -0.0266558 ; -0.106269 ; 99.4625;
15 ; 13 ; 5 ; 0.322818 ; -0.0500039 ; 0.0182249 ; 101.278;
16 ; 13 ; 5 ; 0.278636 ; -0.0197895 ; -0.0123552 ; 102.243;
17 ; 13 ; 5 ; 0.282096 ; 0.0525489 ; 0.0154128 ; 102.505;
18 ; 13 ; 5 ; 0.241919 ; -0.0147607 ; -0.0363139 ; 99.6325;
19 ; 13 ; 5 ; 0.281415 ; -0.0112161 ; 0.00111069 ; 102.708;
20 ; 13 ; 5 ; 0.260841 ; 0.010262 ; 0.0120909 ; 102.125;
21 ; 13 ; 5 ; 0.331545 ; 0.0538299 ; -0.0506128 ; 99.4125;
4 ; 14 ; 5 ; 0.312759 ; 0.0196498 ; 0.0227888 ; 101.192;
5 ; 14 ; 5 ; 0.312672 ; 0.0997596 ; -0.0526191 ; 100.4;
6 ; 14 ; 5 ; 0.363127 ; 0.012637 ; 0.0178355 ; 97.9025;
7 ; 14 ; 5 ; 0.375485 ; 0.02697 ; 0.0392644 ; 100.57;
8 ; 14 ; 5 ; 0.358902 ; 0.0595738 ; -0.0139716 ; 100.198;
9 ; 14 ; 5 ; 0.248237 ; -0.00961482 ; 0.0644486 ; 100.17;
10 ; 14 ; 5 ; 0.324705 ; 0.0512082 ; -0.0106595 ; 98.9675;
11 ; 14 ; 5 ; 0.350229 ; -0.0348247 ; 0.0500878 ; 101.827;
12 ; 14 ; 5 ; 0.299433 ; 0.0622482 ; 0.0206191 ; 102.715;
13 ; 14 ; 5 ; 0.337978 ; -0.0146566 ; 0.0507847 ; 102.808;
14 ; 14 ; 5 ; 0.3208 ; -0.0305264 ; -0.0106011 ; 101.338;
15 ; 14 ; 5 ; 0.268682 ; 0.0286286 ; 0.0532941 ; 99.9875;
16 ; 14 ; 5 ; 0.338751 ; -0.0326561 ; 0.0144071 ; 103.2;
17 ; 14 ; 5 ; 0.293015 ; -0.0413845 ; 0.0080508 ; 102.25;
18 ; 14 ; 5 ; 0.246547 ; 0.0171958 ; -0.0490922 ; 104.69;
19 ; 14 ; 5 ; 0.285553 ; 0.0732546 ; 0.0248256 ; 103.115;
20 ; 14 ; 5 ; 0.312596 ; 0.027812 ; 0.0141122 ; 103.125;
21 ; 14 ; 5 ; 0.342374 ; -0.0161511 ; -0.000680907 ; 103.987;
4 ; 15 ; 5 ; 0.250269 ; 0.066476 ; -0.0219025 ; 102.217;
5 ; 15 ; 5 ; 0.315059 ; -0.0640128 ; -0.00700189 ; 100.625;
6 ; 15 ; 5 ; 0.335926 ; -0.0379554 ; -0.0503045 ; 101.607;
7 ; 15 ; 5 ; 0.369151 ; 0.0335092 ; -0.0620848 ; 101.135;
8 ; 15 ; 5 ; 0.376466 ; 0.0324976 ; -0.033877 ; 100.875;
9 ; 15 ; 5 ; 0.34541 ; 0.0380035 ; 0.0236068 ; 103.018;
10 ; 15 ; 5 ; 0.2591 ; 0.0187962 ; 0.0463141 ; 101.83;
11 ; 15 ; 5 ; 0.259519 ; 0.0116549 ; -0.0292645 ; 104.73;
12 ; 15 ; 5 ; 0.304717 ; -0.00715586 ; 0.0475244 ; 103.98;
13 ; 15 ; 5 ; 0.366721 ; 0.0126835 ; 0.00199461 ; 100.727;
14 ; 15 ; 5 ; 0.363532 ; -0.0588893 ; -0.0136299 ; 100.935;
15 ; 15 ; 5 ; 0.349847 ; -0.0121704 ; -0.0270542 ; 102.76;
16 ; 15 ; 5 ; 0.427774 ; -0.0249733 ; 0.0549439 ; 102.123;
17 ; 15 ; 5 ; 0.351979 ; -0.0172826 ; -0.0640741 ; 100.977;
18 ; 15 ; 5 ; 0.330062 ; -0.0102882 ; 0.0471251 ; 99.2325;
19 ; 15 ; 5 ; 0.279982 ; 0.026318 ; 0.0238727 ; 100.517;
20 ; 15 ; 5 ; 0.314898 ; 0.0127154 ; -0.0357062 ; 99.715;
21 ; 15 ; 5 ; 0.32697 ; -0.0252772 ; -0.0106635 ; 102.207;
4 ; 16 ; 5 ; 0.288171 ; -0.0164823 ; 0.00331463 ; 102.617;
5 ; 16 ; 5 ; 0.313486 ; -0.036883 ; 0.0301406 ; 102.77;
6 ; 16 ; 5 ; 0.38035 ; -0.00544316 ; 0.013421 ; 100.907;
7 ; 16 ; 5 ; 0.365967 ; -0.0192829 ; -0.0283004 ; 101.127;
8 ; 16 ; 5 ; 0.368831 ; -0.0100714 ; -0.0480336 ; 102.08;
9 ; 16 ; 5 ; 0.401904 ; 0.0818987 ; 0.101983 ; 102.243;
10 ; 16 ; 5 ; 0.336607 ; -0.00322615 ; 0.0153014 ; 100.487;
11 ; 16 ; 5 ; 0.318035 ; 0.036352 ; 0.0848686 ; 103.733;
12 ; 16 ; 5 ; 0.339212 ; 0.0487165 ; 0.051103 ; 102.088;
13 ; 16 ; 5 ; 0.342769 ; 0.0469171 ; -0.0178694 ; 104.042;
14 ; 16 ; 5 ; 0.294638 ; -0.0121751 ; -0.0577711 ; 104.233;
15 ; 16 ; 5 ; 0.30832 ; 0.016752 ; -0.0588531 ; 99.135;
16 ; 16 ; 5 ; 0.238788 ; -0.0318476 ; -0.0101775 ; 99.615;
17 ; 16 ; 5 ; 0.351883 ; 0.0176141 ; -0.0209661 ; 101.135;
18 ; 16 ; 5 ; 0.426742 ; 0.0339471 ; 0.036311 ; 101.305;
19 ; 16 ; 5 ; 0.319314 ; 0.00176456 ; -0.0432301 ; 99.2175;
20 ; 16 ; 5 ; 0.356899 ; 0.0314502 ; -0.0417437 ; 101.218;
21 ; 16 ; 5 ; 0.336926 ; -0.0214779 ; -0.0402377 ; 101.63;
4 ; 17 ; 5 ; 0.373312 ; -0.00287924 ; -0.0280385 ; 103.53;
5 ; 17 ; 5 ; 0.30337 ; 0.00696437 ; -0.0774042 ; 102.06;
6 ; 17 ; 5 ; 0.296967 ; -0.00146371 ; 0.00839984 ; 103.248;
7 ; 17 ; 5 ; 0.359485 ; 0.0232679 ; -0.0396842 ; 103.99;
8 ; 17 ; 5 ; 0.271654 ; 0.0443916 ; -0.0268365 ; 101.748;
9 ; 17 ; 5 ; 0.267382 ; 0.0400045 ; 0.0403741 ; 102.188;
10 ; 17 ; 5 ; 0.317119 ; -0.0349752 ; -0.0419969 ; 103.013;
11 ; 17 ; 5 ; 0.262093 ; 0.0178777 ; 0.0766422 ; 100.305;
12 ; 17 ; 5 ; 0.323778 ; -0.000221983 ; -0.0159584 ; 101.112;
13 ; 17 ; 5 ; 0.376084 ; -0.0119184 ; 0.00713246 ; 103.273;
14 ; 17 ; 5 ; 0.353315 ; 0.0993759 ; 0.0588505 ; 101.08;
15 ; 17 ; 5 ; 0.349971 ; -0.00902902 ; 0.00696529 ; 103.172;
16 ; 17 ; 5 ; 0.356365 ; -0.0789157 ; -0.0165544 ; 102.892;
17 ; 17 ; 5 ; 0.331392 ; 0.0478945 ; 0.0653725 ; 103.375;
18 ; 17 ; 5 ; 0.289684 ; 0.0550618 ; 0.0719893 ; 100.988;
19 ; 17 ; 5 ; 0.275482 ; -0.0634228 ; 0.0537357 ; 101.612;
20 ; 17 ; 5 ; 0.387295 ; 0.0155525 ; 0.0565778 ; 101.832;
21 ; 17 ; 5 ; 0.376545 ; -0.0129109 ; 0.0194585 ; 102.897;
4 ; 18 ; 5 ; 0.350612 ; -0.026222 ; 0.00482826 ; 101.722;
5 ; 18 ; 5 ; 0.313835 ; 0.0619379 ; 0.0372443 ; 100.43;
6 ; 18 ; 5 ; 0.349433 ; -0.00983827 ; 0.0487235 ; 102.085;
7 ; 18 ; 5 ; 0.340778 ; -0.00817392 ; -0.0673801 ; 101.675;
8 ; 18 ; 5 ; 0.393054 ; -0.00315161 ; -0.0492217 ; 103.11;
9 ; 18 ; 5 ; 0.382812 ; 0.042465 ; -0.0517862 ; 102.01;
10 ; 18 ; 5 ; 0.306583 ; 0.0328949 ; -0.0170217 ; 102.17;
11 ; 18 ; 5 ; 0.328815 ; 0.0452116 ; -0.0316594 ; 101.643;
12 ; 18 ; 5 ; 0.312333 ; -0.063382 ; -0.0326832 ; 98.6175;
13 ; 18 ; 5 ; 0.363319 ; -0.0542658 ; 0.0221096 ; 104.203;
14 ; 18 ; 5 ; 0.297884 ; 0.0152085 ; -0.00694949 ; 99.99;
15 ; 18 ; 5 ; 0.312847 ; -0.0576791 ; -0.0112966 ; 102.782;
16 ; 18 ; 5 ; 0.244227 ; 0.0214322 ; 0.0296315 ; 100.74;
17 ; 18 ; 5 ; 0.346912 ; 0.0165826 ; -0.0586128 ; 100.628;
18 ; 18 ; 5 ; 0.281514 ; 0.0526551 ; 0.0569471 ; 102.97;
19 ; 18 ; 5 ; 0.342438 ; -0.00153876 ; 0.0305959 ; 101.675;
20 ; 18 ; 5 ; 0.242115 ; 0.0274427 ; 0.0318083 ; 101.328;
21 ; 18 ; 5 ; 0.329445 ; -0.0171351 ; 0.032657 ; 103.548;
4 ; 19 ; 5 ; 0.326229 ; 0.00196604 ; -0.00313594 ; 100.275;
5 ; 19 ; 5 ; 0.263559 ; -0.0308409 ; 0.0195739 ; 99.5975;
6 ; 19 ; 5 ; 0.353092 ; -0.0672878 ; -0.0242605 ; 101.877;
7 ; 19 ; 5 ; 0.281254 ; 0.0175804 ; -0.0537885 ; 102.778;
8 ; 19 ; 5 ; 0.374771 ; -0.00580485 ; 0.03846 ; 101.22;
9 ; 19 ; 5 ; 0.295492 ; 0.0532908 ; -0.00680609 ; 102.23;
10 ; 19 ; 5 ; 0.347137 ; 0.0265223 ; -0.0203977 ; 101.657;
11 ; 19 ; 5 ; 0.328193 ; -0.0329537 ; 0.0073711 ; 101.802;
12 ; 19 ; 5 ; 0.265955 ; -0.0159684 ; -0.0287932 ; 103.147;
13 ; 19 ; 5 ; 0.301779 ; 0.0313066 ; -0.0587116 ; 102.138;
14 ; 19 ; 5 ; 0.368911 ; -0.0110968 ; -0.0520534 ; 101.135;
15 ; 19 ; 5 ; 0.247755 ; 0.0128872 ; 0.0197572 ; 101.125;
16 ; 19 ; 5 ; 0.340063 ; -0.0101695 ; -0.064376 ; 99.84;
17 ; 19 ; 5 ; 0.330289 ; 0.0091181 ; 0.0364295 ; 102.255;
18 ; 19 ; 5 ; 0.28836 ; -0.00895371 ; 0.00266641 ; 103.88;
19 ; 19 ; 5 ; 0.275037 ; 0.0503502 ; 0.0260543 ; 103.392;
20 ; 19 ; 5 ; 0.348829 ; -0.0161719 ; 0.0155667 ; 100.19;
21 ; 19 ; 5 ; 0.376502 ; 0.00486979 ; -0.0330173 ; 103.368;
4 ; 20 ; 5 ; 0.363739 ; 0.0159071 ; -0.031575 ; 103.228;
5 ; 20 ; 5 ; 0.355918 ; 0.00820142 ; -0.009388 ; 103.228;
6 ; 20 ; 5 ; 0.252546 ; 0.00231221 ; 0.0185121 ; 103.12;
7 ; 20 ; 5 ; 0.379973 ; 0.00471681 ; 0.0545185 ; 101.867;
8 ; 20 ; 5 ; 0.315062 ; 0.103632 ; 0.0425642 ; 100.938;
9 ; 20 ; 5 ; 0.30434 ; 0.0449705 ; 0.0102891 ; 101.127;
10 ; 20 ; 5 ; 0.240452 ; 0.00902191 ; -0.0178863 ; 101.752;
11 ; 20 ; 5 ; 0.303722 ; -0.00482269 ; -0.0377081 ; 100.96;
12 ; 20 ; 5 ; 0.364141 ; -0.0889469 ; -0.0359014 ; 101.145;
13 ; 20 ; 5 ; 0.345093 ; 0.0622325 ; -0.0270507 ; 101.287;
14 ; 20 ; 5 ; 0.314581 ; 0.0586046 ; 0.0464966 ; 101.72;
15 ; 20 ; 5 ; 0.330168 ; -0.0456549 ; -0.00932327 ; 103.238;
16 ; 20 ; 5 ; 0.316863 ; 0.0288828 ; -0.0205597 ; 100.505;
17 ; 20 ; 5 ; 0.300779 ; 0.053346 ; -0.04727 ; 102.88;
18 ; 20 ; 5 ; 0.312281 ; 0.042769 ; 0.0240111 ; 105.337;
19 ; 20 ; 5 ; 0.316276 ; -0.000503327 ; -0.0515513 ; 103.005;
20 ; 20 ; 5 ; 0.276912 ; 0.0380936 ; 0.0307129 ; 101.338;
21 ; 20 ; 5 ; 0.302995 ; -0.0341171 ; -0.123232 ; 102.77;
4 ; 21 ; 5 ; 0.320708 ; 0.0133286 ; -0.0149348 ; 101.675;
5 ; 21 ; 5 ; 0.38314 ; 0.102529 ; 0.028633 ; 99.1575;
6 ; 21 ; 5 ; 0.260456 ; 0.00811557 ; 0.00777997 ; 102.425;
7 ; 21 ; 5 ; 0.339024 ; -0.0324211 ; 0.0602261 ; 101.14;
8 ; 21 ; 5 ; 0.378587 ; 0.000724041 ; 0.0178137 ; 102.445;
9 ; 21 ; 5 ; 0.388899 ; -0.000826451 ; 0.00263131 ; 102.705;
10 ; 21 ; 5 ; 0.217206 ; 0.0581261 ; -0.0239947 ; 100.912;
11 ; 21 ; 5 ; 0.342316 ; -0.0428756 ; -0.00487241 ; 103.227;
12 ; 21 ; 5 ; 0.319597 ; -0.0425967 ; 0.00739478 ; 102.233;
13 ; 21 ; 5 ; 0.207688 ; 0.00939281 ; 0.00145495 ; 102.733;
14 ; 21 ; 5 ; 0.342228 ; -0.0860806 ; -0.0617281 ; 99.21;
15 ; 21 ; 5 ; 0.379702 ; -0.0452184 ; -0.0713004 ; 100.278;
16 ; 21 ; 5 ; 0.298776 ; 0.00489408 ; -0.0278998 ; 102.48;
17 ; 21 ; 5 ; 0.286064 ; -0.0197655 ; -0.0318625 ; 101.873;
18 ; 21 ; 5 ; 0.274816 ; 0.00606629 ; 0.0296896 ; 101.723;
19 ; 21 ; 5 ; 0.355365 ; 0.026907 ; -0.0161518 ; 101.882;
20 ; 21 ; 5 ; 0.275182 ; 0.00180798 ; 0.0148909 ; 100.137;
21 ; 21 ; 5 ; 0.44853 ; -0.0241583 ; 0.0482462 ; 100.365;
4 ; 4 ; 6 ; 0.213685 ; 0.0622962 ; -0.0398552 ; 102.135;
5 ; 4 ; 6 ; 0.231632 ; 0.0222313 ; 0.0637518 ; 100.737;
6 ; 4 ; 6 ; 0.254492 ; 0.00643636 ; -0.0514591 ; 102.642;
7 ; 4 ; 6 ; 0.245138 ; 0.0537481 ; -0.00163207 ; 100.545;
8 ; 4 ; 6 ; 0.20761 ; -0.0289254 ; -0.0320838 ; 103.465;
9 ; 4 ; 6 ; 0.327636 ; 0.0463907 ; 0.0342078 ; 102.73;
10 ; 4 ; 6 ; 0.288523 ; 0.014801 ; -0.014101 ; 101.965;
11 ; 4 ; 6 ; 0.253709 ; 0.041355 ; -0.0753191 ; 103.055;
12 ; 4 ; 6 ; 0.237687 ; 0.0373394 ; 0.0440704 ; 101.358;
13 ; 4 ; 6 ; 0.242211 ; 0.00397958 ; -0.0325236 ; 103.517;
14 ; 4 ; 6 ; 0.287367 ; 0.0115679 ; -0.104469 ; 100.733;
15 ; 4 ; 6 ; 0.239389 ; -0.0111346 ; -0.0160861 ; 101.132;
16 ; 4 ; 6 ; 0.15773 ; -0.0183674 ; -0.0860052 ; 101.328;
17 ; 4 ; 6 ; 0.184501 ; -0.0211673 ; 0.0112777 ; 101.715;
18 ; 4 ; 6 ; 0.250192 ; 0.0759242 ; 0.00776123 ; 106.32;
19 ; 4 ; 6 ; 0.158282 ; -0.0487097 ; -0.0221087 ; 99.275;
20 ; 4 ; 6 ; 0.254618 ; 0.0151549 ; 0.119993 ; 102.703;
21 ; 4 ; 6 ; 0.195044 ; 0.0282709 ; 0.0406047 ; 102.518;
4 ; 5 ; 6 ; 0.1983 ; 0.0147809 ; 0.031313 ; 100.21;
5 ; 5 ; 6 ; 0.194528 ; -0.0286409 ; 0.00635596 ; 103.35;
6 ; 5 ; 6 ; 0.249614 ; -0.0214986 ; 0.00463782 ; 100.495;
7 ; 5 ; 6 ; 0.230496 ; 0.00361972 ; 0.0132853 ; 103.07;
8 ; 5 ; 6 ; 0.208503 ; -0.0431095 ; 0.0155563 ; 103.015;
9 ; 5 ; 6 ; 0.213805 ; 0.000351802 ; 0.0438135 ; 103.125;
10 ; 5 ; 6 ; 0.130772 ; -0.0311085 ; 0.0622898 ; 101.355;
11 ; 5 ; 6 ; 0.173371 ; 0.0278735 ; 0.0669254 ; 100.91;
12 ; 5 ; 6 ; 0.213755 ; 0.0376726 ; 0.014575 ; 101.87;
13 ; 5 ; 6 ; 0.200552 ; 0.0161094 ; -0.0424373 ; 100.85;
14 ; 5 ; 6 ; 0.145424 ; -0.0255821 ; 0.0010937 ; 100.94;
15 ; 5 ; 6 ; 0.198424 ; -0.0598088 ; 0.0176927 ; 100.142;
16 ; 5 ; 6 ; 0.175509 ; 0.00821352 ; 0.062153 ; 101.87;
17 ; 5 ; 6 ; 0.161145 ; -0.0426758 ; 0.00617876 ; 102.282;
18 ; 5 ; 6 ; 0.283973 ; -0.0159798 ; 0.0170096 ; 99.0275;
19 ; 5 ; 6 ; 0.235767 ; 0.0142832 ; -0.0101094 ; 102.157;
20 ; 5 ; 6 ; 0.200974 ; -0.0259943 ; 0.00594436 ; 102.28;
21 ; 5 ; 6 ; 0.215159 ; 0.0409526 ; -0.000832888 ; 100.197;
4 ; 6 ; 6 ; 0.304268 ; 0.0132833 ; 0.0348902 ; 99.435;
5 ; 6 ; 6 ; 0.216505 ; 0.00567382 ; -0.0204516 ; 100.925;
6 ; 6 ; 6 ; 0.226376 ; -0.0609747 ; 0.00301219 ; 102.67;
7 ; 6 ; 6 ; 0.170893 ; 0.056215 ; 0.0198143 ; 100.83;
8 ; 6 ; 6 ; 0.1397 ; 0.00445184 ; 0.00440693 ; 102.343;
9 ; 6 ; 6 ; 0.257429 ; 0.0423161 ; 0.0189756 ; 101.16;
10 ; 6 ; 6 ; 0.261467 ; 0.0451362 ; -0.0571827 ; 100.235;
11 ; 6 ; 6 ; 0.218127 ; 0.0501383 ; 0.00930868 ; 102.593;
12 ; 6 ; 6 ; 0.205913 ; -0.0137936 ; -0.0227514 ; 104.512;
13 ; 6 ; 6 ; 0.212205 ; 0.0805383 ; -0.0209021 ; 102.465;
14 ; 6 ; 6 ; 0.242284 ; 0.0311995 ; 0.05162 ; 101.892;
15 ; 6 ; 6 ; 0.204988 ; -0.0655391 ; 0.0260461 ; 102.062;
16 ; 6 ; 6 ; 0.246662 ; 0.0441442 ; -0.00309448 ; 102.16;
17 ; 6 ; 6 ; 0.244459 ; -0.0458842 ; -0.0504831 ; 101.985;
18 ; 6 ; 6 ; 0.158705 ; -0.0236964 ; 0.0638227 ; 103.465;
19 ; 6 ; 6 ; 0.200983 ; 0.0902564 ; -9.28768e-06 ; 102.172;
20 ; 6 ; 6 ; 0.180611 ; 0.00243039 ; -0.1121 ; 102.65;
21 ; 6 ; 6 ; 0.204147 ; -0.045868 ; 0.0771563 ; 100.352;
4 ; 7 ; 6 ; 0.24712 ; -0.00548098 ; -0.0221754 ; 101.35;
5 ; 7 ; 6 ; 0.201867 ; 0.0671938 ; -0.00986081 ; 103.6;
6 ; 7 ; 6 ; 0.227543 ; -0.035412 ; -0.0381302 ; 102.067;
7 ; 7 ; 6 ; 0.215267 ; -0.0444443 ; -0.0498683 ; 99.47;
8 ; 7 ; 6 ; 0.157337 ; -0.0139895 ; 0.0651825 ; 103.778;
9 ; 7 ; 6 ; 0.195554 ; -0.0118491 ; 0.00217064 ; 102.468;
10 ; 7 ; 6 ; 0.235159 ; -0.00934282 ; -0.0395959 ; 104.498;
11 ; 7 ; 6 ; 0.25313 ; 0.114831 ; -0.0689328 ; 101.855;
12 ; 7 ; 6 ; 0.258439 ; -0.0427143 ; -0.00227408 ; 99.895;
13 ; 7 ; 6 ; 0.246716 ; 0.0681472 ; -0.0415098 ; 102.55;
14 ; 7 ; 6 ; 0.198877 ; 0.0495131 ; 0.0171339 ; 101.3;
15 ; 7 ; 6 ; 0.183643 ; -0.0618687 ; -0.0126919 ; 100.79;
16 ; 7 ; 6 ; 0.173014 ; -0.000226396 ; 0.00194881 ; 102.388;
17 ; 7 ; 6 ; 0.178169 ; -0.0351652 ; 0.0123258 ; 102.685;
18 ; 7 ; 6 ; 0.147688 ; 0.010592 ; -0.090262 ; 100.667;
19 ; 7 ; 6 ; 0.27502 ; 0.0536003 ; 0.0171689 ; 101.195;
20 ; 7 ; 6 ; 0.173002 ; -0.021596 ; -0.0193402 ; 102.132;
21 ; 7 ; 6 ; 0.191965 ; 0.0612886 ; 0.0174291 ; 100.925;
4 ; 8 ; 6 ; 0.191458 ; -0.0347606 ; 0.0528573 ; 103.125;
5 ; 8 ; 6 ; 0.21936 ; 0.0601341 ; 0.119491 ; 102.407;
6 ; 8 ; 6 ; 0.269219 ; -0.0238435 ; -0.0647058 ; 102.507;
7 ; 8 ; 6 ; 0.266846 ; -0.0238801 ; 0.020063 ; 102.21;
8 ; 8 ; 6 ; 0.185893 ; 0.0240614 ; -0.0612975 ; 101.067;
9 ; 8 ; 6 ; 0.194247 ; 0.00293778 ; -0.00568187 ; 100.692;
10 ; 8 ; 6 ; 0.223727 ; -0.0653869 ; 0.0125644 ; 101.56;
11 ; 8 ; 6 ; 0.26773 ; -0.00168944 ; -0.0626875 ; 100.432;
12 ; 8 ; 6 ; 0.201598 ; -0.0324945 ; 0.00874434 ; 104.187;
13 ; 8 ; 6 ; 0.238922 ; -0.0156534 ; -0.00473109 ; 100.14;
14 ; 8 ; 6 ; 0.214223 ; 0.0241897 ; 0.0166567 ; 102.125;
15 ; 8 ; 6 ; 0.236823 ; 0.00525904 ; 0.00890992 ; 102.645;
16 ; 8 ; 6 ; 0.2128 ; -0.0653053 ; -0.0353994 ; 101.132;
17 ; 8 ; 6 ; 0.205006 ; -0.0575698 ; -0.00579891 ; 99.8875;
18 ; 8 ; 6 ; 0.188401 ; -0.0182169 ; 0.00297496 ; 102.845;
19 ; 8 ; 6 ; 0.256028 ; 0.0372585 ; -0.0528165 ; 100.415;
20 ; 8 ; 6 ; 0.189018 ; 0.0462576 ; 0.0397889 ; 100.16;
21 ; 8 ; 6 ; 0.240199 ; -0.0112277 ; -0.0446616 ; 104.005;
4 ; 9 ; 6 ; 0.229737 ; 0.0122362 ; -0.0681372 ; 103.095;
5 ; 9 ; 6 ; 0.24509 ; -0.0123741 ; -0.0136696 ; 101.62;
6 ; 9 ; 6 ; 0.272823 ; 0.0056828 ; -0.0189004 ; 103.785;
7 ; 9 ; 6 ; 0.236524 ; -0.0175882 ; 0.0124393 ; 101.87;
8 ; 9 ; 6 ; 0.249275 ; -0.0151339 ; 0.0206056 ; 100.023;
9 ; 9 ; 6 ; 0.196031 ; 0.00819254 ; -0.0404938 ; 103.43;
10 ; 9 ; 6 ; 0.183843 ; 0.0240486 ; -0.0537492 ; 101.32;
11 ; 9 ; 6 ; 0.237757 ; 0.00145629 ; -0.0210549 ; 102.67;
12 ; 9 ; 6 ; 0.167184 ; -0.0122246 ; -0.101188 ; 106.173;
13 ; 9 ; 6 ; 0.222201 ; 0.0464199 ; 0.00475541 ; 102.34;
14 ; 9 ; 6 ; 0.225176 ; 0.0506299 ; -0.00924352 ; 102.065;
15 ; 9 ; 6 ; 0.230508 ; -0.0156928 ; -0.0216981 ; 102.358;
16 ; 9 ; 6 ; 0.155122 ; -0.0560704 ; 0.0465846 ; 101.705;
17 ; 9 ; 6 ; 0.304539 ; -0.0072368 ; -0.00697948 ; 103.403;
18 ; 9 ; 6 ; 0.206634 ; 0.00960313 ; 0.0658472 ; 102.793;
19 ; 9 ; 6 ; 0.209337 ; 0.0508722 ; -0.052192 ; 102.34;
20 ; 9 ; 6 ; 0.228432 ; 0.00827415 ; -0.0605615 ; 99.425;
21 ; 9 ; 6 ; 0.30283 ; -0.00556385 ; 0.000971662 ; 102.525;
4 ; 10 ; 6 ; 0.153497 ; 0.0178693 ; -0.0383675 ; 98.7975;
5 ; 10 ; 6 ; 0.185806 ; 0.0125646 ; 0.0188873 ; 100.138;
6 ; 10 ; 6 ; 0.216092 ; -0.0309845 ; -0.0500487 ; 98.9725;
7 ; 10 ; 6 ; 0.186124 ; -0.00168887 ; 0.00301591 ; 102.55;
8 ; 10 ; 6 ; 0.178342 ; -0.0502804 ; -0.0459442 ; 102.913;
9 ; 10 ; 6 ; 0.254393 ; 0.0165835 ; 0.0561903 ; 98.635;
10 ; 10 ; 6 ; 0.226629 ; 0.0826904 ; 0.068269 ; 102.487;
11 ; 10 ; 6 ; 0.207688 ; -0.017453 ; -0.0566041 ; 101.8;
12 ; 10 ; 6 ; 0.172067 ; 0.0581238 ; -0.016836 ; 102.958;
13 ; 10 ; 6 ; 0.216193 ; -0.00414515 ; 0.0711625 ; 99.9825;
14 ; 10 ; 6 ; 0.227061 ; -0.0373389 ; -0.0109227 ; 102.472;
15 ; 10 ; 6 ; 0.215488 ; -0.0371522 ; 0.0292004 ; 104.978;
16 ; 10 ; 6 ; 0.211325 ; 0.037322 ; 0.0198777 ; 100.612;
17 ; 10 ; 6 ; 0.162765 ; 0.0235351 ; -0.0564699 ; 101.72;
18 ; 10 ; 6 ; 0.255561 ; 0.00914946 ; 0.00519674 ; 102.815;
19 ; 10 ; 6 ; 0.310205 ; 0.0130833 ; 0.0173626 ; 100.435;
20 ; 10 ; 6 ; 0.30878 ; 0.0280839 ; -0.0319931 ; 103.815;
21 ; 10 ; 6 ; 0.188932 ; 0.0260241 ; -0.124457 ; 100.958;
4 ; 11 ; 6 ; 0.164237 ; 0.0181741 ; -0.0264399 ; 101.898;
5 ; 11 ; 6 ; 0.222049 ; 0.0569264 ; 0.0442754 ; 103.938;
6 ; 11 ; 6 ; 0.231595 ; -0.0522768 ; -0.00754099 ; 99.33;
7 ; 11 ; 6 ; 0.178135 ; -0.0513152 ; 0.0256741 ; 103.145;
8 ; 11 ; 6 ; 0.171491 ; 0.0179406 ; -0.0380679 ; 101.57;
9 ; 11 ; 6 ; 0.165745 ; -0.0707412 ; -0.00780774 ; 101.785;
10 ; 11 ; 6 ; 0.269514 ; 0.0826476 ; -0.00521615 ; 103.282;
11 ; 11 ; 6 ; 0.171158 ; -0.0253786 ; -0.0314295 ; 103.273;
12 ; 11 ; 6 ; 0.236692 ; 0.0278609 ; 0.000502366 ; 101.807;
13 ; 11 ; 6 ; 0.245806 ; 0.01386 ; 0.0111932 ; 103.355;
14 ; 11 ; 6 ; 0.214693 ; 0.0374043 ; -0.000521926 ; 103.195;
15 ; 11 ; 6 ; 0.216291 ; 0.0525868 ; 0.0845223 ; 102.68;
16 ; 11 ; 6 ; 0.19703 ; 0.0683141 ; 0.00734376 ; 102.737;
17 ; 11 ; 6 ; 0.239015 ; -0.0565971 ; -0.0351941 ; 102.25;
18 ; 11 ; 6 ; 0.212721 ; 0.048744 ; -0.072045 ; 106.127;
19 ; 11 ; 6 ; 0.2076 ; 0.0127451 ; -0.0439848 ; 101.065;
20 ; 11 ; 6 ; 0.201314 ; -0.0125167 ; -0.0682498 ; 102.632;
21 ; 11 ; 6 ; 0.107427 ; -0.041878 ; -0.00847129 ; 100.052;
4 ; 12 ; 6 ; 0.251143 ; -0.0256798 ; 0.00693595 ; 101.198;
5 ; 12 ; 6 ; 0.239788 ; 0.0535669 ; -0.00288202 ; 101.483;
6 ; 12 ; 6 ; 0.187292 ; -0.0238963 ; 0.0116599 ; 100.425;
7 ; 12 ; 6 ; 0.206411 ; -0.0317246 ; 0.0330226 ; 101.435;
8 ; 12 ; 6 ; 0.285797 ; 0.061119 ; -0.00922913 ; 100.965;
9 ; 12 ; 6 ; 0.248696 ; -0.0122028 ; 0.0299585 ; 99.3725;
10 ; 12 ; 6 ; 0.264164 ; 0.0224505 ; -0.0138823 ; 103.463;
11 ; 12 ; 6 ; 0.239766 ; 0.0154618 ; 0.0204368 ; 101.535;
12 ; 12 ; 6 ; 0.184711 ; 0.00273642 ; -0.0302842 ; 102.76;
13 ; 12 ; 6 ; 0.188758 ; -0.00461549 ; -0.00931421 ; 101.85;
14 ; 12 ; 6 ; 0.220216 ; 0.0602075 ; 0.0199072 ; 102.73;
15 ; 12 ; 6 ; 0.178412 ; 0.04426 ; 0.0408488 ; 99.82;
16 ; 12 ; 6 ; 0.263386 ; -0.0793335 ; 0.00194358 ; 103.587;
17 ; 12 ; 6 ; 0.204259 ; 0.037111 ; -0.0333397 ; 101.593;
18 ; 12 ; 6 ; 0.198808 ; 0.0891384 ; 0.0183253 ; 100.505;
19 ; 12 ; 6 ; 0.248906 ; 0.108882 ; 0.037324 ; 102.025;
20 ; 12 ; 6 ; 0.204801 ; -0.0569081 ; -0.107352 ; 102.877;
21 ; 12 ; 6 ; 0.134314 ; -0.033648 ; -0.0461608 ; 100.16;
4 ; 13 ; 6 ; 0.211703 ; -0.0157205 ; 0.0222607 ; 101.315;
5 ; 13 ; 6 ; 0.196433 ; -0.0062639 ; 0.00166141 ; 102.49;
6 ; 13 ; 6 ; 0.138819 ; 0.0648457 ; 0.0503037 ; 105.373;
7 ; 13 ; 6 ; 0.216874 ; -0.0375964 ; -0.00199555 ; 102.555;
8 ; 13 ; 6 ; 0.211651 ; -0.0503553 ; 0.020172 ; 100.583;
9 ; 13 ; 6 ; 0.186192 ; 0.0252653 ; -0.065954 ; 100.085;
10 ; 13 ; 6 ; 0.232995 ; -0.0250801 ; 0.00697452 ; 100.17;
11 ; 13 ; 6 ; 0.241631 ; 0.00714348 ; 0.0460234 ; 100.627;
12 ; 13 ; 6 ; 0.252952 ; 0.0978908 ; 0.00357415 ; 103.513;
13 ; 13 ; 6 ; 0.188928 ; -0.0126827 ; -0.0160581 ; 101.63;
14 ; 13 ; 6 ; 0.16952 ; 0.0243828 ; -0.0182509 ; 100.95;
15 ; 13 ; 6 ; 0.238966 ; -0.0131651 ; -0.0258832 ; 103.572;
16 ; 13 ; 6 ; 0.242828 ; 0.0174592 ; 0.012551 ; 100.435;
17 ; 13 ; 6 ; 0.192374 ; -0.017484 ; -0.0318899 ; 101.582;
18 ; 13 ; 6 ; 0.234491 ; -0.0425546 ; -0.0269022 ; 102.912;
19 ; 13 ; 6 ; 0.211256 ; -0.00479821 ; -0.0553219 ; 101.83;
20 ; 13 ; 6 ; 0.2496 ; 0.0232828 ; -0.0379556 ; 100.77;
21 ; 13 ; 6 ; 0.217872 ; 0.012585 ; 0.0202912 ; 101.138;
4 ; 14 ; 6 ; 0.225664 ; -0.0811458 ; 0.0092203 ; 101.578;
5 ; 14 ; 6 ; 0.286626 ; 0.0261167 ; -0.0373688 ; 102.385;
6 ; 14 ; 6 ; 0.213514 ; 0.038645 ; -0.0932873 ; 104.335;
7 ; 14 ; 6 ; 0.227411 ; 0.00574061 ; 0.0308716 ; 100.803;
8 ; 14 ; 6 ; 0.23681 ; -0.0726417 ; -0.0439181 ; 102.852;
9 ; 14 ; 6 ; 0.139004 ; -0.00660269 ; -0.0179185 ; 102.54;
10 ; 14 ; 6 ; 0.198426 ; 0.00485739 ; -0.0284018 ; 100;
11 ; 14 ; 6 ; 0.142469 ; -0.0109701 ; -0.0219509 ; 102.46;
12 ; 14 ; 6 ; 0.190364 ; -0.0104678 ; 0.0158468 ; 103.855;
13 ; 14 ; 6 ; 0.236344 ; -0.0712262 ; -0.0705037 ; 100.63;
14 ; 14 ; 6 ; 0.17827 ; 0.00943576 ; 0.027841 ; 102.873;
15 ; 14 ; 6 ; 0.214548 ; -0.0739529 ; -0.0155537 ; 99.4825;
16 ; 14 ; 6 ; 0.11944 ; 0.0097168 ; 0.00694534 ; 103.552;
17 ; 14 ; 6 ; 0.197226 ; 0.0756634 ; 0.0138343 ; 101.708;
18 ; 14 ; 6 ; 0.32073 ; -0.0698587 ; -0.00692845 ; 102.462;
19 ; 14 ; 6 ; 0.220839 ; 0.0178136 ; -0.031692 ; 101.075;
20 ; 14 ; 6 ; 0.126509 ; 0.0466085 ; 0.0110564 ; 102.232;
21 ; 14 ; 6 ; 0.19753 ; 0.00841165 ; 0.0232573 ; 101.697;
4 ; 15 ; 6 ; 0.226966 ; -0.025681 ; -0.0162157 ; 100.685;
5 ; 15 ; 6 ; 0.27117 ; 0.0310091 ; -0.00392077 ; 99.7825;
6 ; 15 ; 6 ; 0.240148 ; 0.038341 ; -0.0145942 ; 103.38;
7 ; 15 ; 6 ; 0.137747 ; -0.0561875 ; 0.0483049 ; 99.3125;
8 ; 15 ; 6 ; 0.232913 ; -0.00650429 ; 0.0282313 ; 105.49;
9 ; 15 ; 6 ; 0.190051 ; 0.0344812 ; -0.0164039 ; 101.972;
10 ; 15 ; 6 ; 0.227981 ; -0.0808451 ; 0.00913525 ; 102.765;
11 ; 15 ; 6 ; 0.27154 ; -0.0178316 ; -0.0677331 ; 102.715;
12 ; 15 ; 6 ; 0.205988 ; -0.0050696 ; 0.0244852 ; 102.803;
13 ; 15 ; 6 ; 0.283538 ; -0.00413944 ; -0.0171366 ; 100.272;
14 ; 15 ; 6 ; 0.267043 ; -0.0308118 ; -0.0307713 ; 100.685;
15 ; 15 ; 6 ; 0.188504 ; -0.0487749 ; -0.0216481 ; 102.89;
16 ; 15 ; 6 ; 0.148666 ; -0.0225023 ; -0.00992755 ; 103.14;
17 ; 15 ; 6 ; 0.208914 ; 0.0284923 ; 0.0288714 ; 101.322;
18 ; 15 ; 6 ; 0.170645 ; -0.0299862 ; 0.0469615 ; 102.86;
19 ; 15 ; 6 ; 0.167226 ; 0.00483749 ; -0.0347339 ; 103.443;
20 ; 15 ; 6 ; 0.238375 ; 0.0299562 ; 0.0454408 ; 100.067;
21 ; 15 ; 6 ; 0.228201 ; -0.0795223 ; 0.00828759 ; 101.252;
4 ; 16 ; 6 ; 0.218942 ; -0.00441395 ; -0.0177718 ; 104.243;
5 ; 16 ; 6 ; 0.217275 ; -0.0309198 ; -0.00608407 ; 103.602;
6 ; 16 ; 6 ; 0.296968 ; 0.0290594 ; -0.033645 ; 101.375;
7 ; 16 ; 6 ; 0.263689 ; 0.0207565 ; -0.0359067 ; 104.968;
8 ; 16 ; 6 ; 0.231549 ; 0.0250078 ; 0.0655085 ; 101.088;
9 ; 16 ; 6 ; 0.20609 ; -0.00264481 ; 0.0139754 ; 100.782;
10 ; 16 ; 6 ; 0.2214 ; -0.0132757 ; 0.0600529 ; 102.903;
11 ; 16 ; 6 ; 0.27025 ; -0.00950559 ; -0.0513802 ; 102.29;
12 ; 16 ; 6 ; 0.153008 ; -0.0525183 ; 0.0120589 ; 100.703;
13 ; 16 ; 6 ; 0.279198 ; 0.0655556 ; 0.0166084 ; 100.75;
14 ; 16 ; 6 ; 0.304978 ; -0.0468935 ; -0.0146389 ; 99.7975;
15 ; 16 ; 6 ; 0.237349 ; 0.0202612 ; -0.0849367 ; 102.977;
16 ; 16 ; 6 ; 0.256547 ; -0.0188108 ; 0.0536811 ; 102.392;
17 ; 16 ; 6 ; 0.148992 ; 0.0887515 ; -0.0283745 ; 100.422;
18 ; 16 ; 6 ; 0.251043 ; 0.00902382 ; 0.080579 ; 101.34;
19 ; 16 ; 6 ; 0.243753 ; -0.00218981 ; -0.00251335 ; 100.912;
20 ; 16 ; 6 ; 0.122259 ; 0.035546 ; 0.0317134 ; 101.84;
21 ; 16 ; 6 ; 0.189159 ; -0.0755919 ; -0.0610499 ; 102.792;
4 ; 17 ; 6 ; 0.164341 ; 0.0722579 ; -0.0259214 ; 101.52;
5 ; 17 ; 6 ; 0.204101 ; 0.0896741 ; 0.0290818 ; 101.122;
6 ; 17 ; 6 ; 0.174745 ; 0.000410512 ; -0.00720015 ; 102.305;
7 ; 17 ; 6 ; 0.212261 ; 0.0209375 ; -0.0414821 ; 100.795;
8 ; 17 ; 6 ; 0.257132 ; 0.0690539 ; -0.0419736 ; 102.728;
9 ; 17 ; 6 ; 0.185516 ; 0.0240422 ; 0.0307343 ; 102.06;
10 ; 17 ; 6 ; 0.200418 ; 0.0538764 ; 0.0319373 ; 104.415;
11 ; 17 ; 6 ; 0.19338 ; 0.00183897 ; 0.0324399 ; 103.43;
12 ; 17 ; 6 ; 0.277557 ; 0.0128576 ; 0.00118333 ; 101.062;
13 ; 17 ; 6 ; 0.262715 ; 0.0137122 ; -0.0410475 ; 99.165;
14 ; 17 ; 6 ; 0.144656 ; -0.0246973 ; -0.0178879 ; 101.635;
15 ; 17 ; 6 ; 0.158727 ; -0.0117157 ; 0.015735 ; 101.065;
16 ; 17 ; 6 ; 0.230765 ; -0.0814887 ; 0.00380678 ; 100.948;
17 ; 17 ; 6 ; 0.164526 ; 0.0173963 ; 0.0567348 ; 101.515;
18 ; 17 ; 6 ; 0.170611 ; 0.0560901 ; 0.0355013 ; 104.59;
19 ; 17 ; 6 ; 0.185133 ; -0.108237 ; -0.0314027 ; 104.318;
20 ; 17 ; 6 ; 0.224963 ; -0.0281589 ; -0.00816553 ; 100.73;
21 ; 17 ; 6 ; 0.222696 ; 0.00120337 ; -0.0291357 ; 100.657;
4 ; 18 ; 6 ; 0.199658 ; -0.0328451 ; 0.0190165 ; 100.548;
5 ; 18 ; 6 ; 0.242058 ; 0.0278915 ; 0.0488949 ; 99.2325;
6 ; 18 ; 6 ; 0.22945 ; -0.0128716 ; -0.0562347 ; 100.312;
7 ; 18 ; 6 ; 0.200168 ; 0.0317395 ; -0.061122 ; 100.757;
8 ; 18 ; 6 ; 0.230052 ; 0.0520422 ; 0.0399891 ; 102.365;
9 ; 18 ; 6 ; 0.248183 ; -0.02602 ; -0.0967716 ; 101.882;
10 ; 18 ; 6 ; 0.219584 ; -0.0282702 ; -0.0162979 ; 100.99;
11 ; 18 ; 6 ; 0.267854 ; -0.0320861 ; -0.000550815 ; 105.587;
12 ; 18 ; 6 ; 0.211506 ; 0.0375769 ; -0.0616937 ; 102.637;
13 ; 18 ; 6 ; 0.186727 ; -0.0238707 ; 0.0419343 ; 102.62;
14 ; 18 ; 6 ; 0.222945 ; 0.0421289 ; 0.0145379 ; 103.808;
15 ; 18 ; 6 ; 0.240417 ; -0.0157546 ; 0.133202 ; 102.828;
16 ; 18 ; 6 ; 0.266701 ; -0.0100474 ; -0.000254891 ; 102.12;
17 ; 18 ; 6 ; 0.154184 ; 0.0598322 ; 0.00705501 ; 101.445;
18 ; 18 ; 6 ; 0.209096 ; 0.0463276 ; 0.0280573 ; 101.565;
19 ; 18 ; 6 ; 0.233255 ; 0.0300268 ; 0.0382769 ; 103.073;
20 ; 18 ; 6 ; 0.191051 ; -0.105586 ; -0.0613025 ; 102.21;
21 ; 18 ; 6 ; 0.220361 ; -0.0111396 ; -0.0454642 ; 99.7225;
4 ; 19 ; 6 ; 0.207168 ; -0.00109268 ; 0.00762816 ; 103.535;
5 ; 19 ; 6 ; 0.197453 ; 0.0153419 ; 0.039418 ; 103.425;
6 ; 19 ; 6 ; 0.260108 ; 0.0228067 ; 0.158763 ; 103.817;
7 ; 19 ; 6 ; 0.228489 ; 0.0216312 ; 0.00371745 ; 101.875;
8 ; 19 ; 6 ; 0.160147 ; -0.0691646 ; -0.0195081 ; 101.93;
9 ; 19 ; 6 ; 0.20684 ; 0.0115364 ; -0.036401 ; 101.9;
10 ; 19 ; 6 ; 0.194007 ; 0.014546 ; 0.051791 ; 105.013;
11 ; 19 ; 6 ; 0.246574 ; -0.00549164 ; 0.0293814 ; 100.805;
12 ; 19 ; 6 ; 0.269592 ; -0.0107358 ; -0.0231386 ; 103.61;
13 ; 19 ; 6 ; 0.2058 ; 0.0459153 ; -0.0488135 ; 102.127;
14 ; 19 ; 6 ; 0.171476 ; -0.0134824 ; -0.0436524 ; 102.288;
15 ; 19 ; 6 ; 0.170766 ; 0.0702252 ; 0.0136964 ; 100.688;
16 ; 19 ; 6 ; 0.179068 ; 0.0157337 ; 0.00927506 ; 102.873;
17 ; 19 ; 6 ; 0.233323 ; 0.00439021 ; 0.0207986 ; 101.275;
18 ; 19 ; 6 ; 0.232627 ; 0.0264637 ; 0.00927003 ; 100.487;
19 ; 19 ; 6 ; 0.220857 ; 0.00999557 ; -0.0125053 ; 99.51;
20 ; 19 ; 6 ; 0.172409 ; -0.0312476 ; 0.0463077 ; 98.965;
21 ; 19 ; 6 ; 0.198456 ; -0.0312918 ; -0.0673237 ; 101.083;
4 ; 20 ; 6 ; 0.232244 ; 0.00825134 ; 0.0245057 ; 101.705;
5 ; 20 ; 6 ; 0.200821 ; -0.00881582 ; 0.0304447 ; 101.273;
6 ; 20 ; 6 ; 0.229301 ; 0.0355286 ; 0.0822191 ; 100.632;
7 ; 20 ; 6 ; 0.213852 ; -0.0918826 ; 0.06624 ; 100.08;
8 ; 20 ; 6 ; 0.234872 ; 0.0475277 ; -0.0474597 ; 100.417;
9 ; 20 ; 6 ; 0.261534 ; -0.0145252 ; -0.016838 ; 101.138;
10 ; 20 ; 6 ; 0.23171 ; 0.00556287 ; 0.0695825 ; 101.99;
11 ; 20 ; 6 ; 0.183637 ; -0.0350656 ; 0.0662229 ; 104.29;
12 ; 20 ; 6 ; 0.261421 ; -0.00293224 ; -0.0576055 ; 101.92;
13 ; 20 ; 6 ; 0.221079 ; 0.0525468 ; -0.0552978 ; 103.398;
14 ; 20 ; 6 ; 0.165389 ; 0.0491442 ; -0.00954858 ; 103.075;
15 ; 20 ; 6 ; 0.21568 ; 0.139714 ; -0.0130178 ; 102.09;
16 ; 20 ; 6 ; 0.261102 ; -0.00963588 ; -0.0179069 ; 99.0425;
17 ; 20 ; 6 ; 0.177437 ; -0.0608389 ; 0.000376584 ; 100.365;
18 ; 20 ; 6 ; 0.137865 ; 0.0401081 ; -0.026148 ; 103.242;
19 ; 20 ; 6 ; 0.105375 ; 0.0262987 ; -0.0158408 ; 99.645;
20 ; 20 ; 6 ; 0.179165 ; 0.0117457 ; 0.0236983 ; 103.062;
21 ; 20 ; 6 ; 0.258216 ; -0.00200307 ; -0.0145333 ; 102.825;
4 ; 21 ; 6 ; 0.228533 ; -0.0171092 ; 0.0253433 ; 102.213;
5 ; 21 ; 6 ; 0.213099 ; 0.0650452 ; 0.0219938 ; 102.17;
6 ; 21 ; 6 ; 0.262719 ; 0.00339251 ; 0.0863022 ; 104.672;
7 ; 21 ; 6 ; 0.162482 ; -0.0380261 ; -0.0546597 ; 102.648;
8 ; 21 ; 6 ; 0.190936 ; 0.0256877 ; -0.0324021 ; 98.2425;
9 ; 21 ; 6 ; 0.230277 ; -0.092635 ; -0.0176526 ; 104.483;
10 ; 21 ; 6 ; 0.219043 ; -0.0476964 ; -0.0165068 ; 100.793;
11 ; 21 ; 6 ; 0.192155 ; 0.0579723 ; -0.043317 ; 101.573;
12 ; 21 ; 6 ; 0.18554 ; 0.0331568 ; -0.0364199 ; 102.555;
13 ; 21 ; 6 ; 0.215234 ; 0.0349986 ; 0.0438638 ; 101.985;
14 ; 21 ; 6 ; 0.132239 ; 0.0573536 ; -0.0340131 ; 99.39;
15 ; 21 ; 6 ; 0.192646 ; -0.00933387 ; -0.0578153 ; 101.692;
16 ; 21 ; 6 ; 0.171083 ; 0.0571227 ; -0.0423079 ; 100.993;
17 ; 21 ; 6 ; 0.207572 ; 0.0155635 ; -0.0634537 ; 102.08;
18 ; 21 ; 6 ; 0.167816 ; -0.063392 ; -0.0760965 ; 101.983;
19 ; 21 ; 6 ; 0.170879 ; -0.0737978 ; 0.0843493 ; 102.882;
20 ; 21 ; 6 ; 0.193877 ; -0.0292463 ; -0.0250065 ; 101.485;
21 ; 21 ; 6 ; 0.259913 ; -0.0422677 ; -0.0501348 ; 103.983;
4 ; 4 ; 7 ; 0.154709 ; 0.0242699 ; -0.0192757 ; 101.067;
5 ; 4 ; 7 ; 0.111538 ; -0.0176901 ; 0.0451994 ; 102.66;
6 ; 4 ; 7 ; 0.17309 ; -0.0501605 ; 0.00161571 ; 99.1625;
7 ; 4 ; 7 ; 0.106792 ; 0.0255235 ; -0.0331778 ; 100.832;
8 ; 4 ; 7 ; 0.0622633 ; -0.00930813 ; -0.0356788 ; 102.322;
9 ; 4 ; 7 ; 0.14453 ; -0.0092625 ; 0.0281996 ; 102.417;
10 ; 4 ; 7 ; 0.0923165 ; -0.00990063 ; 0.0332877 ; 99.6875;
11 ; 4 ; 7 ; 0.117713 ; 0.0383116 ; -0.0646545 ; 100.955;
12 ; 4 ; 7 ; 0.129122 ; 0.00835 ; -0.0352637 ; 101.918;
13 ; 4 ; 7 ; 0.170885 ; -0.0237642 ; -0.0433174 ; 101.905;
14 ; 4 ; 7 ; 0.211287 ; 0.04695 ; -0.00378164 ; 100.895;
15 ; 4 ; 7 ; 0.187252 ; 0.0310804 ; -0.0136605 ; 100.45;
16 ; 4 ; 7 ; 0.157444 ; -0.00587791 ; -0.0769313 ; 101.88;
17 ; 4 ; 7 ; 0.106853 ; 0.0279533 ; 0.0288008 ; 102.097;
18 ; 4 ; 7 ; 0.144338 ; -0.0858428 ; -0.021298 ; 102.55;
19 ; 4 ; 7 ; 0.159063 ; -0.0358252 ; -0.0270423 ; 103.005;
20 ; 4 ; 7 ; 0.0909607 ; 0.0274624 ; 0.0626041 ; 101.105;
21 ; 4 ; 7 ; 0.149063 ; -0.0301598 ; -0.0150648 ; 101.195;
4 ; 5 ; 7 ; 0.100631 ; -0.0199481 ; 0.0961994 ; 104.41;
5 ; 5 ; 7 ; 0.109964 ; 0.060451 ; 0.0501765 ; 102.823;
6 ; 5 ; 7 ; 0.153275 ; 0.00438103 ; 0.000734477 ; 102.458;
7 ; 5 ; 7 ; 0.128462 ; 0.0411299 ; 0.0414913 ; 101.162;
8 ; 5 ; 7 ; 0.159202 ; -0.0166737 ; -0.0235352 ; 101.338;
9 ; 5 ; 7 ; 0.0789369 ; -0.0668182 ; 0.0155559 ; 100.145;
10 ; 5 ; 7 ; 0.0999578 ; 0.000318857 ; 0.0780736 ; 101.4;
11 ; 5 ; 7 ; 0.15876 ; 0.0652909 ; 0.0178276 ; 103.213;
12 ; 5 ; 7 ; 0.210969 ; 0.0708218 ; -0.00291803 ; 100.585;
13 ; 5 ; 7 ; 0.216498 ; -0.0314461 ; -0.0561731 ; 98.7125;
14 ; 5 ; 7 ; 0.0890254 ; -0.0126504 ; 0.0725292 ; 102.38;
15 ; 5 ; 7 ; 0.164045 ; -0.0360655 ; 0.0254182 ; 102.162;
16 ; 5 ; 7 ; 0.0791607 ; 0.0760395 ; 0.00496997 ; 97.1425;
17 ; 5 ; 7 ; 0.159394 ; 0.0228009 ; 0.0544399 ; 104.407;
18 ; 5 ; 7 ; 0.108679 ; 0.0171786 ; 0.0133163 ; 101.34;
19 ; 5 ; 7 ; 0.112405 ; 0.0141241 ; -0.0345572 ; 103.86;
20 ; 5 ; 7 ; 0.17891 ; 0.0242365 ; 0.0232127 ; 101.062;
21 ; 5 ; 7 ; 0.136888 ; -0.0155107 ; -0.0362869 ; 102.668;
4 ; 6 ; 7 ; 0.0816846 ; 0.0573024 ; 0.0638055 ; 102.252;
5 ; 6 ; 7 ; 0.116353 ; -0.0144987 ; 0.0244544 ; 102.922;
6 ; 6 ; 7 ; 0.123936 ; 0.0508337 ; -0.00561716 ; 99.5325;
7 ; 6 ; 7 ; 0.124412 ; -0.018378 ; 0.00523558 ; 100.627;
8 ; 6 ; 7 ; 0.123261 ; -0.0199757 ; 0.00260785 ; 100.785;
9 ; 6 ; 7 ; 0.177584 ; -0.00550608 ; 0.0467365 ; 103.137;
10 ; 6 ; 7 ; 0.0928371 ; -0.0750465 ; -0.0667751 ; 100.648;
11 ; 6 ; 7 ; 0.125798 ; -0.0470898 ; -0.0274171 ; 102.015;
12 ; 6 ; 7 ; 0.189635 ; -0.00415687 ; -0.0331573 ; 101.855;
13 ; 6 ; 7 ; 0.283844 ; 0.00537795 ; -0.00274568 ; 102.385;
14 ; 6 ; 7 ; 0.194041 ; -0.0195973 ; 0.0407023 ; 100.778;
15 ; 6 ; 7 ; 0.149093 ; -0.0374215 ; 0.0354402 ; 103.63;
16 ; 6 ; 7 ; 0.142 ; 0.0346812 ; -0.0333054 ; 101.78;
17 ; 6 ; 7 ; 0.167278 ; -0.0576428 ; -0.0456655 ; 100.713;
18 ; 6 ; 7 ; 0.121721 ; -0.0222597 ; -0.0137075 ; 103.553;
19 ; 6 ; 7 ; 0.184049 ; 0.0289993 ; 0.0308238 ; 100.692;
20 ; 6 ; 7 ; 0.167029 ; 0.0361711 ; -0.0746187 ; 104.737;
21 ; 6 ; 7 ; 0.155192 ; 0.048636 ; 0.0567683 ; 102.343;
4 ; 7 ; 7 ; 0.10513 ; 0.0638165 ; 0.0411292 ; 100.085;
5 ; 7 ; 7 ; 0.218921 ; 0.00606371 ; 0.00780534 ; 103.972;
6 ; 7 ; 7 ; 0.186489 ; -0.0169371 ; 0.0272053 ; 102.255;
7 ; 7 ; 7 ; 0.121524 ; -0.02304 ; -0.0655316 ; 98.6475;
8 ; 7 ; 7 ; 0.171923 ; -0.00274516 ; 0.00428935 ; 101.32;
9 ; 7 ; 7 ; 0.151463 ; -0.0347458 ; 0.0355286 ; 100.578;
10 ; 7 ; 7 ; 0.145257 ; -0.0478661 ; 0.00778802 ; 100.243;
11 ; 7 ; 7 ; 0.0618925 ; -0.0119253 ; -0.0149995 ; 101.803;
12 ; 7 ; 7 ; 0.106484 ; 0.0311611 ; 0.0703207 ; 100.203;
13 ; 7 ; 7 ; 0.101554 ; 0.00145839 ; 0.0703497 ; 98.0775;
14 ; 7 ; 7 ; 0.164429 ; 0.055907 ; 0.0371061 ; 101.562;
15 ; 7 ; 7 ; 0.0608177 ; -0.000261806 ; 0.00449513 ; 101.07;
16 ; 7 ; 7 ; 0.168197 ; -0.0119396 ; -0.0530729 ; 99.7725;
17 ; 7 ; 7 ; 0.0918766 ; 0.0344768 ; 0.0138142 ; 98.0675;
18 ; 7 ; 7 ; 0.17879 ; 0.0119344 ; -0.0395058 ; 101.278;
19 ; 7 ; 7 ; 0.137397 ; 0.0293512 ; -0.0249215 ; 101.877;
20 ; 7 ; 7 ; 0.16406 ; 0.0398249 ; 0.0101061 ; 100.15;
21 ; 7 ; 7 ; 0.0850785 ; 0.0310526 ; 0.00840108 ; 98.9075;
4 ; 8 ; 7 ; 0.106208 ; 0.0536372 ; 0.0137242 ; 102.897;
5 ; 8 ; 7 ; 0.13454 ; 0.0280205 ; 0.0373417 ; 101.227;
6 ; 8 ; 7 ; 0.145976 ; -0.0134257 ; -0.0479317 ; 103.647;
7 ; 8 ; 7 ; 0.150044 ; -0.0300868 ; -0.0061714 ; 100.495;
8 ; 8 ; 7 ; 0.0663586 ; -0.0569504 ; -0.0124729 ; 100.54;
9 ; 8 ; 7 ; 0.138032 ; -0.0259476 ; 0.0116745 ; 101.68;
10 ; 8 ; 7 ; 0.161931 ; -0.0937227 ; -0.00883778 ; 100.148;
11 ; 8 ; 7 ; 0.195622 ; -0.0113487 ; -0.013661 ; 101.5;
12 ; 8 ; 7 ; 0.121815 ; 0.0720143 ; -0.0177241 ; 101.338;
13 ; 8 ; 7 ; 0.143357 ; 0.0459185 ; -0.0255442 ; 101.82;
14 ; 8 ; 7 ; 0.156042 ; 0.00538864 ; -0.0224076 ; 101.7;
15 ; 8 ; 7 ; 0.159553 ; 0.0171607 ; 0.0299795 ; 100.805;
16 ; 8 ; 7 ; 0.101317 ; 0.0732094 ; -0.0314585 ; 104.51;
17 ; 8 ; 7 ; 0.109433 ; 0.0230359 ; -0.0221231 ; 100.798;
18 ; 8 ; 7 ; 0.180919 ; 0.0965325 ; 0.0784677 ; 102.312;
19 ; 8 ; 7 ; 0.178272 ; -0.0347968 ; 0.0111722 ; 101.7;
20 ; 8 ; 7 ; 0.126437 ; 0.00995103 ; -0.061327 ; 101.675;
21 ; 8 ; 7 ; 0.181872 ; 0.0132701 ; -0.0378356 ; 105.45;
4 ; 9 ; 7 ; 0.135165 ; -0.00534426 ; -0.0272954 ; 104.43;
5 ; 9 ; 7 ; 0.137966 ; 0.0168307 ; -0.0546356 ; 101.257;
6 ; 9 ; 7 ; 0.163429 ; -0.0180519 ; -0.0170165 ; 102.808;
7 ; 9 ; 7 ; 0.122185 ; -0.0327311 ; 0.0302173 ; 100.98;
8 ; 9 ; 7 ; 0.109461 ; 0.0587937 ; 0.0342619 ; 101.525;
9 ; 9 ; 7 ; 0.178884 ; 0.0141255 ; 0.00385948 ; 101.12;
10 ; 9 ; 7 ; 0.129604 ; 0.0133967 ; -0.0470842 ; 103.35;
11 ; 9 ; 7 ; 0.0939125 ; 0.0462499 ; 0.0487956 ; 101.735;
12 ; 9 ; 7 ; 0.144028 ; 0.0241245 ; -0.0360872 ; 101.893;
13 ; 9 ; 7 ; 0.252572 ; 0.00915342 ; -0.0540061 ; 100.873;
14 ; 9 ; 7 ; 0.220995 ; -0.0259197 ; -0.00536586 ; 99.5325;
15 ; 9 ; 7 ; 0.203754 ; -0.00495208 ; -0.0186577 ; 100.873;
16 ; 9 ; 7 ; 0.100744 ; -0.0354946 ; 0.0205782 ; 100.977;
17 ; 9 ; 7 ; 0.0883082 ; -0.0306124 ; -0.0640105 ; 103.725;
18 ; 9 ; 7 ; 0.123095 ; -0.00116361 ; 0.00176635 ; 101.332;
19 ; 9 ; 7 ; 0.121464 ; 0.0468698 ; -0.000987026 ; 100.035;
20 ; 9 ; 7 ; 0.167637 ; -0.00788358 ; 0.00826685 ; 99.9725;
21 ; 9 ; 7 ; 0.237272 ; -0.00609131 ; -0.0979104 ; 102.018;
4 ; 10 ; 7 ; 0.0899087 ; 0.0512806 ; 0.0425387 ; 100.273;
5 ; 10 ; 7 ; 0.246285 ; 0.00659766 ; 0.0492512 ; 101.782;
6 ; 10 ; 7 ; 0.158073 ; 0.0574165 ; 0.076432 ; 103.775;
7 ; 10 ; 7 ; 0.121691 ; 0.0212835 ; -0.0683302 ; 100.52;
8 ; 10 ; 7 ; 0.175796 ; 0.000674448 ; -0.013756 ; 101.59;
9 ; 10 ; 7 ; 0.195295 ; -0.0769476 ; 0.0843383 ; 102.18;
10 ; 10 ; 7 ; 0.23088 ; 0.0225319 ; 0.0166104 ; 101.418;
11 ; 10 ; 7 ; 0.187274 ; -0.0526231 ; -0.00124901 ; 100.782;
12 ; 10 ; 7 ; 0.139178 ; -0.021555 ; -0.0104914 ; 101.843;
13 ; 10 ; 7 ; 0.150214 ; -0.0367038 ; 0.0148041 ; 100.972;
14 ; 10 ; 7 ; 0.127573 ; 0.00732747 ; 0.0292724 ; 100.37;
15 ; 10 ; 7 ; 0.111882 ; 0.00838748 ; 0.0493577 ; 103.62;
16 ; 10 ; 7 ; 0.0975896 ; 0.00718114 ; -0.0409052 ; 103.568;
17 ; 10 ; 7 ; 0.142026 ; -0.0537939 ; -0.0276886 ; 102.35;
18 ; 10 ; 7 ; 0.0889051 ; 0.0525957 ; 0.013819 ; 100.875;
19 ; 10 ; 7 ; 0.174532 ; -0.0363342 ; -0.0356842 ; 99.995;
20 ; 10 ; 7 ; 0.126536 ; -0.00874891 ; -0.0877207 ; 104.203;
21 ; 10 ; 7 ; 0.137808 ; 0.0360916 ; -0.0456779 ; 103.513;
4 ; 11 ; 7 ; 0.123615 ; 0.00830994 ; 0.0117185 ; 105.69;
5 ; 11 ; 7 ; 0.0812748 ; -0.0241852 ; 0.0343886 ; 100.76;
6 ; 11 ; 7 ; 0.101351 ; -0.0469312 ; 0.0255059 ; 100.148;
7 ; 11 ; 7 ; 0.139584 ; -0.0482944 ; -0.0687138 ; 101.037;
8 ; 11 ; 7 ; 0.20196 ; -0.0581337 ; 0.0117892 ; 101.035;
9 ; 11 ; 7 ; 0.103667 ; 0.0110295 ; 0.0712076 ; 101.4;
10 ; 11 ; 7 ; 0.158162 ; -0.0415585 ; -0.00626432 ; 100.505;
11 ; 11 ; 7 ; 0.140864 ; -0.0374828 ; -0.0399515 ; 102.177;
12 ; 11 ; 7 ; 0.135891 ; -0.0385462 ; -0.00128317 ; 102.453;
13 ; 11 ; 7 ; 0.223117 ; -0.00942214 ; -0.00382182 ; 101.023;
14 ; 11 ; 7 ; 0.142858 ; 0.00631321 ; -0.0266348 ; 101.125;
15 ; 11 ; 7 ; 0.120174 ; 0.0402626 ; 0.0171808 ; 99.0875;
16 ; 11 ; 7 ; 0.183119 ; -0.0426392 ; 0.00350201 ; 101.457;
17 ; 11 ; 7 ; 0.185924 ; -0.0234852 ; 0.0835386 ; 103.188;
18 ; 11 ; 7 ; 0.120654 ; -0.00783558 ; -0.0255769 ; 100.415;
19 ; 11 ; 7 ; 0.122701 ; -0.0366011 ; -0.020644 ; 103.993;
20 ; 11 ; 7 ; 0.150633 ; 0.0250123 ; -0.00219573 ; 99.465;
21 ; 11 ; 7 ; 0.170972 ; -0.0330129 ; -0.0157253 ; 99.6125;
4 ; 12 ; 7 ; 0.118406 ; 0.0500947 ; 0.0166556 ; 100.27;
5 ; 12 ; 7 ; 0.111829 ; 0.044525 ; 0.0754147 ; 102.192;
6 ; 12 ; 7 ; 0.161721 ; 0.0355967 ; 0.0144859 ; 105.757;
7 ; 12 ; 7 ; 0.102562 ; 0.0070973 ; -0.0266655 ; 101.53;
8 ; 12 ; 7 ; 0.12793 ; 0.0183861 ; -0.0330202 ; 102.112;
9 ; 12 ; 7 ; 0.13224 ; -0.0379829 ; 0.00319288 ; 100.877;
10 ; 12 ; 7 ; 0.163102 ; -0.0152032 ; 0.0714561 ; 103.645;
11 ; 12 ; 7 ; 0.16498 ; 0.0293728 ; -0.0128254 ; 102.703;
12 ; 12 ; 7 ; 0.139441 ; 0.0894152 ; -0.014015 ; 100.257;
13 ; 12 ; 7 ; 0.139738 ; -0.063903 ; -0.0149066 ; 100.305;
14 ; 12 ; 7 ; 0.140335 ; 0.0451155 ; -0.00691093 ; 101.347;
15 ; 12 ; 7 ; 0.137353 ; -0.042823 ; 0.0467643 ; 99.785;
16 ; 12 ; 7 ; 0.156428 ; 0.0183011 ; -0.0232775 ; 99.3475;
17 ; 12 ; 7 ; 0.143428 ; 0.0947518 ; -0.0530898 ; 102.75;
18 ; 12 ; 7 ; 0.0869067 ; -0.0369936 ; -0.00649858 ; 100.51;
19 ; 12 ; 7 ; 0.129212 ; -0.0739126 ; 0.0683722 ; 101.983;
20 ; 12 ; 7 ; 0.123656 ; -0.038822 ; -0.0783144 ; 104.757;
21 ; 12 ; 7 ; 0.127776 ; -0.0317508 ; 0.0140134 ; 100.547;
4 ; 13 ; 7 ; 0.175556 ; -0.00298358 ; 0.0380306 ; 99.575;
5 ; 13 ; 7 ; 0.133309 ; 0.0112317 ; -0.0564853 ; 100.67;
6 ; 13 ; 7 ; 0.172717 ; 0.0416886 ; 0.0482042 ; 101.57;
7 ; 13 ; 7 ; 0.191389 ; 0.0435252 ; -0.0425673 ; 100.655;
8 ; 13 ; 7 ; 0.138636 ; 0.0659649 ; 0.00222618 ; 103.067;
9 ; 13 ; 7 ; 0.0772486 ; -0.0227177 ; 0.0263547 ; 101.735;
10 ; 13 ; 7 ; 0.105881 ; 0.0317763 ; -0.0702191 ; 100.578;
11 ; 13 ; 7 ; 0.146563 ; 0.0827484 ; 0.0503801 ; 99.68;
12 ; 13 ; 7 ; 0.107223 ; 0.115195 ; 0.0455705 ; 99.835;
13 ; 13 ; 7 ; 0.136541 ; 0.0492411 ; -0.0824393 ; 101.305;
14 ; 13 ; 7 ; 0.134938 ; -0.0546455 ; -0.0253024 ; 102.87;
15 ; 13 ; 7 ; 0.172715 ; 0.00419091 ; 0.0202671 ; 100.368;
16 ; 13 ; 7 ; 0.161914 ; -0.018365 ; 0.0368612 ; 102.868;
17 ; 13 ; 7 ; 0.168781 ; 0.0606227 ; -0.0296045 ; 99.065;
18 ; 13 ; 7 ; 0.0922189 ; 0.0152761 ; -0.0107936 ; 102.1;
19 ; 13 ; 7 ; 0.217449 ; 0.000743085 ; -0.0502712 ; 99.7325;
20 ; 13 ; 7 ; 0.195444 ; 0.000389362 ; 0.0776024 ; 102.062;
21 ; 13 ; 7 ; 0.214691 ; -0.00173058 ; -0.016497 ; 103.015;
4 ; 14 ; 7 ; 0.114667 ; 0.000940643 ; -0.038162 ; 102.365;
5 ; 14 ; 7 ; 0.184276 ; -0.00515298 ; 0.0177103 ; 104.485;
6 ; 14 ; 7 ; 0.125712 ; 0.0962335 ; -0.0399948 ; 102.453;
7 ; 14 ; 7 ; 0.118258 ; 0.0677588 ; 0.0258326 ; 101.48;
8 ; 14 ; 7 ; 0.149537 ; -0.034594 ; -0.00357487 ; 103.043;
9 ; 14 ; 7 ; 0.100007 ; -0.0193781 ; -0.0190243 ; 100.81;
10 ; 14 ; 7 ; 0.176158 ; 0.0349076 ; -0.0156071 ; 101.065;
11 ; 14 ; 7 ; 0.221373 ; -0.0121884 ; 0.0495583 ; 102.08;
12 ; 14 ; 7 ; 0.111985 ; -0.0502837 ; 0.0332227 ; 99.4175;
13 ; 14 ; 7 ; 0.172042 ; 0.0594454 ; 0.0460531 ; 102.093;
14 ; 14 ; 7 ; 0.108519 ; 0.0148867 ; -0.00893737 ; 99.115;
15 ; 14 ; 7 ; 0.107913 ; 0.0121868 ; -0.00265409 ; 103.403;
16 ; 14 ; 7 ; 0.123071 ; -0.0105771 ; 0.0123151 ; 101.895;
17 ; 14 ; 7 ; 0.153179 ; 0.042701 ; -0.00566152 ; 102.057;
18 ; 14 ; 7 ; 0.092541 ; -0.0303615 ; 0.0425423 ; 101.688;
19 ; 14 ; 7 ; 0.154565 ; 0.00350845 ; -0.0136872 ; 100.538;
20 ; 14 ; 7 ; 0.147057 ; 0.0733488 ; 0.039692 ; 101.127;
21 ; 14 ; 7 ; 0.0923128 ; -0.0666504 ; 0.0325562 ; 104.56;
4 ; 15 ; 7 ; 0.167364 ; -0.0307198 ; -0.0417096 ; 102.472;
5 ; 15 ; 7 ; 0.150201 ; 0.0374547 ; 0.0313272 ; 101.775;
6 ; 15 ; 7 ; 0.135957 ; 0.0725492 ; 0.014886 ; 102.643;
7 ; 15 ; 7 ; 0.146699 ; 0.108069 ; 0.0069657 ; 101.335;
8 ; 15 ; 7 ; 0.135568 ; -0.00331716 ; 0.0728043 ; 101.27;
9 ; 15 ; 7 ; 0.14524 ; 0.00896942 ; -0.0485177 ; 102.095;
10 ; 15 ; 7 ; 0.152449 ; -0.0304036 ; -0.0447217 ; 103.142;
11 ; 15 ; 7 ; 0.142493 ; -0.0251675 ; 0.0531178 ; 102.062;
12 ; 15 ; 7 ; 0.151441 ; 0.0103769 ; 0.0281394 ; 102.322;
13 ; 15 ; 7 ; 0.159975 ; 0.000321973 ; 0.0045866 ; 99.4875;
14 ; 15 ; 7 ; 0.186757 ; 0.0504586 ; -0.049762 ; 102.197;
15 ; 15 ; 7 ; 0.181563 ; -0.0826507 ; -0.0448951 ; 100.11;
16 ; 15 ; 7 ; 0.0884046 ; 0.0168533 ; 0.0248129 ; 100.925;
17 ; 15 ; 7 ; 0.138643 ; -0.0574211 ; -0.0715576 ; 102.56;
18 ; 15 ; 7 ; 0.119833 ; 0.0168935 ; -0.0291668 ; 100.663;
19 ; 15 ; 7 ; 0.111989 ; 0.0690519 ; -0.0556544 ; 100.74;
20 ; 15 ; 7 ; 0.0555552 ; 0.0109359 ; -0.0384808 ; 100.755;
21 ; 15 ; 7 ; 0.153796 ; 0.00472069 ; -0.0609592 ; 101.41;
4 ; 16 ; 7 ; 0.0948267 ; -0.043188 ; 0.0729551 ; 101.305;
5 ; 16 ; 7 ; 0.101468 ; -0.0151246 ; 0.0652721 ; 99.83;
6 ; 16 ; 7 ; 0.110545 ; 0.0486682 ; 0.00916893 ; 101.998;
7 ; 16 ; 7 ; 0.0905293 ; 0.135674 ; 0.0430399 ; 99.0075;
8 ; 16 ; 7 ; 0.136665 ; 0.034625 ; -0.00159944 ; 100.52;
9 ; 16 ; 7 ; 0.170072 ; 0.0305122 ; 0.0382327 ; 101.613;
10 ; 16 ; 7 ; 0.24714 ; 0.0209049 ; 0.0266605 ; 101.845;
11 ; 16 ; 7 ; 0.144998 ; 0.0217058 ; -0.0185824 ; 99.4125;
12 ; 16 ; 7 ; 0.165195 ; 0.0355018 ; 0.0449813 ; 100.898;
13 ; 16 ; 7 ; 0.206397 ; 0.0124109 ; -0.0416468 ; 101.997;
14 ; 16 ; 7 ; 0.0866436 ; -0.135322 ; 0.0284388 ; 103.38;
15 ; 16 ; 7 ; 0.11596 ; -0.0669483 ; -0.0535339 ; 100.66;
16 ; 16 ; 7 ; 0.167234 ; -0.00801191 ; -0.0464846 ; 99.43;
17 ; 16 ; 7 ; 0.0636573 ; -0.0550721 ; 0.00720854 ; 104.02;
18 ; 16 ; 7 ; 0.152725 ; 0.0196574 ; -0.0197625 ; 102.532;
19 ; 16 ; 7 ; 0.187153 ; 0.00531933 ; -0.0374094 ; 102.627;
20 ; 16 ; 7 ; 0.135512 ; -0.0353647 ; -0.0201379 ; 103.058;
21 ; 16 ; 7 ; 0.171867 ; 0.0208973 ; 0.0252253 ; 102.23;
4 ; 17 ; 7 ; 0.128901 ; -0.0731406 ; 0.0295547 ; 100.855;
5 ; 17 ; 7 ; 0.140489 ; -0.00111705 ; 0.0155731 ; 100.735;
6 ; 17 ; 7 ; 0.13345 ; 0.0332129 ; -0.0204444 ; 101.893;
7 ; 17 ; 7 ; 0.123284 ; 0.0398919 ; 0.0142312 ; 99.6;
8 ; 17 ; 7 ; 0.200052 ; 0.0558233 ; 0.0375244 ; 102.002;
9 ; 17 ; 7 ; 0.147057 ; 0.0313793 ; 0.0281031 ; 102.335;
10 ; 17 ; 7 ; 0.177166 ; 0.000150749 ; -0.0711765 ; 102.343;
11 ; 17 ; 7 ; 0.115272 ; 0.00899845 ; -0.0264582 ; 102.41;
12 ; 17 ; 7 ; 0.170898 ; 0.0764966 ; -0.031565 ; 100.44;
13 ; 17 ; 7 ; 0.209718 ; -0.000340373 ; 0.0132969 ; 102.112;
14 ; 17 ; 7 ; 0.162947 ; 0.0349777 ; -0.0488083 ; 103.332;
15 ; 17 ; 7 ; 0.166791 ; 0.0312093 ; -0.0479481 ; 102.373;
16 ; 17 ; 7 ; 0.0884586 ; -0.0200587 ; 0.0176468 ; 102.093;
17 ; 17 ; 7 ; 0.112803 ; 0.0172009 ; 0.00991442 ; 102.31;
18 ; 17 ; 7 ; 0.188214 ; 0.00868808 ; -0.0126268 ; 105.225;
19 ; 17 ; 7 ; 0.112104 ; 0.0122782 ; 0.0379291 ; 99.395;
20 ; 17 ; 7 ; 0.120809 ; 0.0319331 ; 0.0511993 ; 103.52;
21 ; 17 ; 7 ; 0.171079 ; 0.0335473 ; 0.000833696 ; 99.825;
4 ; 18 ; 7 ; 0.0787375 ; 0.0288308 ; -0.00547124 ; 101.767;
5 ; 18 ; 7 ; 0.148671 ; 0.000214412 ; -0.0565614 ; 103.575;
6 ; 18 ; 7 ; 0.148551 ; -0.0545124 ; 0.00016909 ; 102.543;
7 ; 18 ; 7 ; 0.160179 ; -0.0360233 ; 0.016133 ; 101.367;
8 ; 18 ; 7 ; 0.139496 ; 0.0597263 ; 0.00386431 ; 102.462;
9 ; 18 ; 7 ; 0.133313 ; -0.0165117 ; 0.032071 ; 102.808;
10 ; 18 ; 7 ; 0.139706 ; -0.0164723 ; 0.036752 ; 102.29;
11 ; 18 ; 7 ; 0.169709 ; -0.0511679 ; -0.0342851 ; 102.95;
12 ; 18 ; 7 ; 0.16455 ; 0.0334223 ; -0.0172653 ; 103.398;
13 ; 18 ; 7 ; 0.144927 ; 0.0151127 ; -0.0519226 ; 101.42;
14 ; 18 ; 7 ; 0.0771274 ; 0.0259764 ; -0.0305026 ; 102.028;
15 ; 18 ; 7 ; 0.145588 ; -0.0413509 ; -0.0127389 ; 101.555;
16 ; 18 ; 7 ; 0.169934 ; 0.0469805 ; 0.0206484 ; 100.025;
17 ; 18 ; 7 ; 0.124592 ; -0.00178229 ; -0.0380031 ; 99.1525;
18 ; 18 ; 7 ; 0.144 ; -0.0550884 ; -0.0184319 ; 100.66;
19 ; 18 ; 7 ; 0.0984314 ; -0.0279598 ; 0.0898018 ; 101.11;
20 ; 18 ; 7 ; 0.14389 ; -0.0342554 ; 0.0467022 ; 102.29;
21 ; 18 ; 7 ; 0.143218 ; -0.104596 ; 0.00273471 ; 100.968;
4 ; 19 ; 7 ; 0.161565 ; -0.0636674 ; 0.13201 ; 101.76;
5 ; 19 ; 7 ; 0.091952 ; 0.0124124 ; -0.0468918 ; 103.317;
6 ; 19 ; 7 ; 0.164351 ; 0.114457 ; 0.0259558 ; 103.108;
7 ; 19 ; 7 ; 0.0983684 ; 0.0205483 ; 6.9936e-05 ; 103.68;
8 ; 19 ; 7 ; 0.147957 ; -0.017958 ; -0.0330787 ; 102.468;
9 ; 19 ; 7 ; 0.180301 ; 0.0310176 ; -0.00829571 ; 101.977;
10 ; 19 ; 7 ; 0.171285 ; -0.0590206 ; -0.0440704 ; 98.305;
11 ; 19 ; 7 ; 0.142282 ; -0.00247835 ; -0.0519262 ; 102.382;
12 ; 19 ; 7 ; 0.17864 ; -0.020148 ; 0.00994813 ; 102.867;
13 ; 19 ; 7 ; 0.259163 ; 0.0933037 ; -0.00174503 ; 100.853;
14 ; 19 ; 7 ; 0.122328 ; 0.0344335 ; -0.00139139 ; 103.97;
15 ; 19 ; 7 ; 0.0613943 ; 0.0717722 ; -0.0779258 ; 101.002;
16 ; 19 ; 7 ; 0.097093 ; -0.0305967 ; -0.0203573 ; 102.47;
17 ; 19 ; 7 ; 0.203462 ; -0.0500111 ; 0.00237995 ; 101.99;
18 ; 19 ; 7 ; 0.213316 ; 0.0473862 ; 0.02583 ; 100.178;
19 ; 19 ; 7 ; 0.165593 ; 0.00322382 ; -0.0541667 ; 103.29;
20 ; 19 ; 7 ; 0.144765 ; -0.0517451 ; -0.0311539 ; 102.463;
21 ; 19 ; 7 ; 0.207052 ; -0.0302777 ; -0.0769629 ; 103.615;
4 ; 20 ; 7 ; 0.145302 ; -0.00218228 ; -0.0617902 ; 102.665;
5 ; 20 ; 7 ; 0.153684 ; 0.00833164 ; -0.012105 ; 100.255;
6 ; 20 ; 7 ; 0.128638 ; -0.0181673 ; -0.0287502 ; 101.4;
7 ; 20 ; 7 ; 0.0593781 ; -0.00363086 ; 0.0461611 ; 99.265;
8 ; 20 ; 7 ; 0.0218166 ; -0.0198951 ; 0.0840903 ; 104.505;
9 ; 20 ; 7 ; 0.0831701 ; 0.0326597 ; 0.0141802 ; 101.8;
10 ; 20 ; 7 ; 0.163478 ; 0.0424753 ; -0.0184696 ; 105.107;
11 ; 20 ; 7 ; 0.13615 ; -0.0932463 ; -0.0530789 ; 100.892;
12 ; 20 ; 7 ; 0.128999 ; -0.00237936 ; -0.000177469 ; 102.425;
13 ; 20 ; 7 ; 0.175971 ; 0.114659 ; -0.0155122 ; 100.41;
14 ; 20 ; 7 ; 0.15759 ; 0.0353981 ; -0.109567 ; 100.695;
15 ; 20 ; 7 ; 0.147122 ; 0.0481518 ; -0.0360049 ; 102.57;
16 ; 20 ; 7 ; 0.226916 ; 0.00278803 ; -0.0315797 ; 100.662;
17 ; 20 ; 7 ; 0.176536 ; -0.0718905 ; 0.00136508 ; 99.565;
18 ; 20 ; 7 ; 0.150085 ; -0.0027551 ; 0.0161689 ; 100.892;
19 ; 20 ; 7 ; 0.0915016 ; 0.0143902 ; -0.0408281 ; 104.722;
20 ; 20 ; 7 ; 0.131879 ; 0.0440937 ; -0.0761552 ; 103.84;
21 ; 20 ; 7 ; 0.120904 ; -0.0618123 ; 0.0310151 ; 101.725;
4 ; 21 ; 7 ; 0.147712 ; -0.0670432 ; -0.0219477 ; 101.623;
5 ; 21 ; 7 ; 0.0967039 ; -0.0174838 ; -0.0111141 ; 98.64;
6 ; 21 ; 7 ; 0.193128 ; 0.00878583 ; 0.0790381 ; 104.29;
7 ; 21 ; 7 ; 0.101315 ; 0.0867827 ; -0.0500018 ; 104.035;
8 ; 21 ; 7 ; 0.163886 ; -0.00228717 ; 0.00394719 ; 103.33;
9 ; 21 ; 7 ; 0.0806356 ; 0.0175281 ; -0.00400135 ; 98.88;
10 ; 21 ; 7 ; 0.115637 ; 0.0362763 ; -0.0396313 ; 101.812;
11 ; 21 ; 7 ; 0.155561 ; -0.00921897 ; -0.0504046 ; 101.457;
12 ; 21 ; 7 ; 0.124436 ; -0.00417874 ; 0.0135269 ; 102.278;
13 ; 21 ; 7 ; 0.210867 ; 0.0330156 ; -0.031809 ; 101.25;
14 ; 21 ; 7 ; 0.0974598 ; -0.00776984 ; -0.0279376 ; 102.722;
15 ; 21 ; 7 ; 0.0720288 ; 0.0276301 ; -0.0500988 ; 101.653;
16 ; 21 ; 7 ; 0.156611 ; -0.0137028 ; 0.0610104 ; 99.395;
17 ; 21 ; 7 ; 0.227371 ; 0.0201876 ; 0.0172569 ; 102.78;
18 ; 21 ; 7 ; 0.179147 ; 0.0569112 ; 0.00289706 ; 102.953;
19 ; 21 ; 7 ; 0.125535 ; 0.0132861 ; 0.0728549 ; 100.483;
20 ; 21 ; 7 ; 0.169855 ; -0.00146291 ; 0.0106504 ; 102.192;
21 ; 21 ; 7 ; 0.157421 ; -0.0488041 ; 0.021894 ; 101.135;
4 ; 4 ; 8 ; 0.111433 ; -0.0187659 ; 0.0276099 ; 100.507;
5 ; 4 ; 8 ; 0.0983104 ; -0.0740231 ; 0.0508104 ; 101.843;
6 ; 4 ; 8 ; 0.133495 ; 0.013928 ; -0.0228058 ; 100.85;
7 ; 4 ; 8 ; 0.0431473 ; -0.0314591 ; -0.00572217 ; 99.305;
8 ; 4 ; 8 ; 0.00372609 ; -0.0441612 ; 0.00417153 ; 101.55;
9 ; 4 ; 8 ; 0.0879688 ; 0.0128795 ; -0.00923991 ; 100.453;
10 ; 4 ; 8 ; 0.105534 ; -0.0294663 ; 0.0166138 ; 99.0475;
11 ; 4 ; 8 ; 0.0397685 ; -0.0621297 ; -0.105889 ; 102.955;
12 ; 4 ; 8 ; 0.0235313 ; -0.0405726 ; 0.0107565 ; 99.825;
13 ; 4 ; 8 ; 0.0943644 ; -0.0435593 ; -0.0780719 ; 102.14;
14 ; 4 ; 8 ; 0.0956931 ; -0.0470514 ; 0.0245269 ; 101.69;
15 ; 4 ; 8 ; 0.125428 ; 0.00259451 ; 0.0409773 ; 100.25;
16 ; 4 ; 8 ; 0.0644767 ; 0.00586656 ; 0.0212114 ; 101.022;
17 ; 4 ; 8 ; 0.161914 ; 0.0435564 ; 0.0265261 ; 101.29;
18 ; 4 ; 8 ; 0.129699 ; -0.014771 ; 0.0437509 ; 100.192;
19 ; 4 ; 8 ; 0.0714965 ; -0.0148242 ; 0.02668 ; 100.675;
20 ; 4 ; 8 ; 0.0943258 ; -0.0356564 ; -0.0110263 ; 99.8775;
21 ; 4 ; 8 ; 0.125525 ; 0.0258811 ; -0.0175822 ; 100.428;
4 ; 5 ; 8 ; 0.168041 ; 0.0180821 ; -0.0124871 ; 100.195;
5 ; 5 ; 8 ; 0.163659 ; -0.013332 ; 0.0147728 ; 102.255;
6 ; 5 ; 8 ; 0.0993103 ; 0.0244616 ; 0.0347649 ; 99.425;
7 ; 5 ; 8 ; 0.0798773 ; -0.0386304 ; -0.0116799 ; 100.737;
8 ; 5 ; 8 ; 0.0830532 ; 0.0387635 ; -0.0414242 ; 102.847;
9 ; 5 ; 8 ; 0.0685873 ; -0.0216406 ; 0.0401286 ; 103.575;
10 ; 5 ; 8 ; 0.049479 ; -0.000992644 ; 0.0182148 ; 99.75;
11 ; 5 ; 8 ; 0.0794438 ; 0.0350311 ; -0.0373675 ; 100.587;
12 ; 5 ; 8 ; 0.0949442 ; -0.099901 ; 0.0113111 ; 103.6;
13 ; 5 ; 8 ; 0.108518 ; 0.0550098 ; -0.0187774 ; 100.72;
14 ; 5 ; 8 ; 0.02124 ; -0.0440172 ; -0.0821122 ; 102.04;
15 ; 5 ; 8 ; 0.0633734 ; 0.0282882 ; 0.0317712 ; 101.005;
16 ; 5 ; 8 ; 0.102459 ; 0.0578851 ; -0.0271105 ; 102.777;
17 ; 5 ; 8 ; 0.0256381 ; 0.0569602 ; 0.0496823 ; 101.13;
18 ; 5 ; 8 ; 0.0750303 ; -0.0283599 ; 0.0097187 ; 102.583;
19 ; 5 ; 8 ; 0.0957472 ; -0.0200358 ; -0.0263012 ; 101.752;
20 ; 5 ; 8 ; 0.181247 ; -0.0119993 ; 0.0244057 ; 101.257;
21 ; 5 ; 8 ; 0.0751061 ; -0.0277348 ; -0.0092759 ; 101.265;
4 ; 6 ; 8 ; 0.0593751 ; 0.0483396 ; 0.0530322 ; 102.763;
5 ; 6 ; 8 ; 0.105012 ; 0.00573392 ; 0.0292174 ; 99.365;
6 ; 6 ; 8 ; 0.123627 ; 0.0355765 ; -0.0483807 ; 100.39;
7 ; 6 ; 8 ; 0.126576 ; -0.0563497 ; -0.0330155 ; 101.235;
8 ; 6 ; 8 ; 0.0966918 ; -0.0227268 ; -0.0559725 ; 102.748;
9 ; 6 ; 8 ; 0.140632 ; 0.0187398 ; 0.0557204 ; 98.6375;
10 ; 6 ; 8 ; 0.0763516 ; -0.0245854 ; -0.0610901 ; 102.877;
11 ; 6 ; 8 ; 0.0306275 ; 0.00927403 ; 0.0166701 ; 101.133;
12 ; 6 ; 8 ; 0.0886367 ; 0.122979 ; 0.00780529 ; 101.943;
13 ; 6 ; 8 ; 0.0958644 ; 0.0110089 ; -0.0754359 ; 101.363;
14 ; 6 ; 8 ; 0.0491525 ; 0.0370604 ; -0.0220058 ; 100.802;
15 ; 6 ; 8 ; 0.0883974 ; 0.0112529 ; 0.0161372 ; 100.475;
16 ; 6 ; 8 ; 0.0725849 ; 0.0153345 ; -0.0572879 ; 102.292;
17 ; 6 ; 8 ; 0.0419177 ; 0.0415355 ; 0.000680928 ; 103.733;
18 ; 6 ; 8 ; 0.0982491 ; 0.0484277 ; -0.0416162 ; 102.012;
19 ; 6 ; 8 ; 0.0924871 ; 0.0794034 ; -0.0445246 ; 101.328;
20 ; 6 ; 8 ; 0.182781 ; -0.0209067 ; 0.0176246 ; 101.493;
21 ; 6 ; 8 ; 0.118803 ; -0.0346353 ; 0.0891776 ; 102.667;
4 ; 7 ; 8 ; 0.0399929 ; 0.0459258 ; -0.079872 ; 101.335;
5 ; 7 ; 8 ; 0.0749966 ; 0.0292975 ; -0.022914 ; 102.792;
6 ; 7 ; 8 ; 0.0785872 ; -0.0113548 ; -0.0294849 ; 101.525;
7 ; 7 ; 8 ; 0.107802 ; 0.068491 ; 0.0238529 ; 101.36;
8 ; 7 ; 8 ; 0.126462 ; -0.0206642 ; -0.0675863 ; 102.985;
9 ; 7 ; 8 ; 0.052653 ; 0.06431 ; -0.00391506 ; 101.71;
10 ; 7 ; 8 ; -0.0156613 ; -0.0264468 ; 0.00335575 ; 99.9975;
11 ; 7 ; 8 ; 0.096388 ; 0.00790497 ; 0.0178013 ; 104.075;
12 ; 7 ; 8 ; -0.0231418 ; 0.0330595 ; -0.0737486 ; 103.972;
13 ; 7 ; 8 ; 0.0850565 ; -0.045054 ; 0.0151149 ; 101.56;
14 ; 7 ; 8 ; 0.0937399 ; 0.00682526 ; 0.0139035 ; 99.275;
15 ; 7 ; 8 ; 0.073601 ; -0.0502285 ; 0.0321684 ; 103.85;
16 ; 7 ; 8 ; 0.0199436 ; -0.0460685 ; 0.0151587 ; 101.607;
17 ; 7 ; 8 ; 0.0806704 ; 0.00226976 ; 0.052519 ; 102.545;
18 ; 7 ; 8 ; 0.0928636 ; -0.01661 ; 0.00519163 ; 100.98;
19 ; 7 ; 8 ; 0.111941 ; 0.00941244 ; -0.0336391 ; 100.2;
20 ; 7 ; 8 ; 0.162507 ; 0.0414511 ; 0.00282973 ; 100.65;
21 ; 7 ; 8 ; 0.119971 ; 0.00468422 ; 0.0185183 ; 102.698;
4 ; 8 ; 8 ; 0.0864083 ; -0.00572637 ; -0.0187024 ; 103.512;
5 ; 8 ; 8 ; 0.119242 ; -0.0567789 ; 0.036638 ; 102.355;
6 ; 8 ; 8 ; 0.0290454 ; 0.0364717 ; -0.00399382 ; 99.825;
7 ; 8 ; 8 ; 0.127379 ; 0.107753 ; -0.00966055 ; 103.825;
8 ; 8 ; 8 ; 0.154238 ; -0.011285 ; -0.0103988 ; 101.648;
9 ; 8 ; 8 ; 0.0844588 ; 0.118684 ; -0.00450366 ; 103.013;
10 ; 8 ; 8 ; 0.0574045 ; 0.00447196 ; 0.00347379 ; 103.265;
11 ; 8 ; 8 ; 0.0878178 ; 0.014711 ; 0.0214982 ; 101.74;
12 ; 8 ; 8 ; 0.0633096 ; 0.0318205 ; 0.0863543 ; 101.368;
13 ; 8 ; 8 ; 0.0911496 ; -0.0307681 ; 0.0175979 ; 101.55;
14 ; 8 ; 8 ; 0.0623951 ; 0.00770353 ; 0.06009 ; 101.428;
15 ; 8 ; 8 ; 0.0449038 ; -0.0383153 ; -0.0185904 ; 101.775;
16 ; 8 ; 8 ; 0.0406372 ; 0.0326813 ; 0.0242775 ; 100.33;
17 ; 8 ; 8 ; 0.0840542 ; 0.00952273 ; 0.0190092 ; 100.9;
18 ; 8 ; 8 ; 0.148407 ; -0.0759773 ; 0.0773888 ; 101.335;
19 ; 8 ; 8 ; 0.0760811 ; 0.0254824 ; -0.0426124 ; 102.938;
20 ; 8 ; 8 ; 0.100212 ; -0.0143649 ; 0.0097652 ; 101.525;
21 ; 8 ; 8 ; 0.0413092 ; -0.072653 ; -0.0385558 ; 98.895;
4 ; 9 ; 8 ; 0.130047 ; 0.0378011 ; 0.0786292 ; 101.248;
5 ; 9 ; 8 ; 0.0506115 ; -0.0540539 ; -0.055232 ; 100.632;
6 ; 9 ; 8 ; 0.0985747 ; 0.105853 ; -0.0335336 ; 102.392;
7 ; 9 ; 8 ; -0.00453878 ; 0.00727091 ; -0.0135937 ; 102.353;
8 ; 9 ; 8 ; 0.0735681 ; -0.0545402 ; 0.0554216 ; 101.41;
9 ; 9 ; 8 ; 0.0761343 ; -0.0605052 ; -0.0411788 ; 102.947;
10 ; 9 ; 8 ; 0.0993797 ; 0.0301164 ; -0.0200657 ; 101.88;
11 ; 9 ; 8 ; 0.0649507 ; -0.017768 ; 0.00368576 ; 100.035;
12 ; 9 ; 8 ; 0.12896 ; 0.0773233 ; -0.0792291 ; 102.23;
13 ; 9 ; 8 ; 0.137254 ; -0.00915201 ; -0.0223571 ; 101.945;
14 ; 9 ; 8 ; 0.103578 ; -0.0731377 ; -0.0431639 ; 101.905;
15 ; 9 ; 8 ; 0.11334 ; -0.0425011 ; -0.00307237 ; 100.308;
16 ; 9 ; 8 ; 0.0165167 ; 0.0196285 ; -0.0344913 ; 101.817;
17 ; 9 ; 8 ; 0.0130309 ; -0.0372336 ; -0.0557124 ; 103.61;
18 ; 9 ; 8 ; 0.049929 ; -0.0133684 ; -0.064422 ; 102.698;
19 ; 9 ; 8 ; 0.0463455 ; -0.0274876 ; -0.0401997 ; 102.032;
20 ; 9 ; 8 ; 0.135223 ; 0.0117058 ; 0.0496502 ; 101.002;
21 ; 9 ; 8 ; 0.121364 ; -0.0157851 ; -0.0470622 ; 98.6525;
4 ; 10 ; 8 ; 0.11535 ; 0.0127553 ; 0.0579319 ; 102.975;
5 ; 10 ; 8 ; 0.112586 ; -0.0170636 ; 0.0193435 ; 101.87;
6 ; 10 ; 8 ; 0.0892559 ; 0.0511126 ; -0.0230302 ; 99.82;
7 ; 10 ; 8 ; 0.186405 ; -0.00944229 ; -0.0120736 ; 102.64;
8 ; 10 ; 8 ; 0.0557158 ; -0.0343535 ; -0.0396499 ; 102.663;
9 ; 10 ; 8 ; 0.113347 ; -0.0299644 ; -0.0192462 ; 99.6675;
10 ; 10 ; 8 ; 0.10941 ; 0.0765963 ; -0.0345328 ; 104.218;
11 ; 10 ; 8 ; 0.0392767 ; 0.0876153 ; 0.0392393 ; 102.952;
12 ; 10 ; 8 ; 0.0939272 ; 0.0111123 ; 0.0154648 ; 101.8;
13 ; 10 ; 8 ; 0.145858 ; 0.0448102 ; -0.0383781 ; 101.498;
14 ; 10 ; 8 ; 0.146351 ; -0.058759 ; -0.00374339 ; 102.31;
15 ; 10 ; 8 ; 0.071041 ; -0.0106781 ; -0.0139504 ; 103.957;
16 ; 10 ; 8 ; 0.0883169 ; -0.00896104 ; -0.0475885 ; 100.91;
17 ; 10 ; 8 ; 0.0834221 ; -0.0186299 ; 0.0705733 ; 101.138;
18 ; 10 ; 8 ; 0.0494681 ; 0.0354278 ; -0.0709752 ; 102.957;
19 ; 10 ; 8 ; 0.0784758 ; -0.0171416 ; 0.0259709 ; 103.547;
20 ; 10 ; 8 ; 0.0398424 ; 0.00847196 ; -0.0944173 ; 101.665;
21 ; 10 ; 8 ; 0.0750496 ; 0.0304773 ; 0.0307722 ; 101.015;
4 ; 11 ; 8 ; 0.0386966 ; 0.00777926 ; 0.0169374 ; 101.92;
5 ; 11 ; 8 ; 0.0591287 ; -0.065541 ; -0.00039168 ; 99.0375;
6 ; 11 ; 8 ; 0.0574429 ; 0.00062811 ; 0.0496375 ; 103.64;
7 ; 11 ; 8 ; 0.030233 ; 0.0177334 ; 0.0144608 ; 102.06;
8 ; 11 ; 8 ; 0.0537083 ; 0.00135871 ; 0.035926 ; 101.93;
9 ; 11 ; 8 ; 0.0529134 ; 0.0447316 ; -0.017792 ; 102.875;
10 ; 11 ; 8 ; 0.0768797 ; 0.046593 ; 0.0278567 ; 101.315;
11 ; 11 ; 8 ; 0.0481983 ; 0.02137 ; -0.0611781 ; 102.733;
12 ; 11 ; 8 ; 0.128983 ; 0.0183372 ; -0.0832251 ; 104.32;
13 ; 11 ; 8 ; 0.0570048 ; 0.0837426 ; -0.0771965 ; 99.58;
14 ; 11 ; 8 ; 0.0866082 ; -0.00511306 ; 0.0051839 ; 100.588;
15 ; 11 ; 8 ; 0.0784415 ; -0.0112376 ; 0.0244231 ; 103.093;
16 ; 11 ; 8 ; 0.109021 ; -0.0316571 ; -0.0251488 ; 101.068;
17 ; 11 ; 8 ; 0.0893554 ; 0.00905998 ; -0.0306907 ; 100.505;
18 ; 11 ; 8 ; 0.078645 ; 0.0323473 ; 0.0263902 ; 101.782;
19 ; 11 ; 8 ; 0.114314 ; 0.0139481 ; -0.00647557 ; 103.293;
20 ; 11 ; 8 ; 0.103813 ; 0.0112377 ; 0.027879 ; 102.928;
21 ; 11 ; 8 ; 0.0941352 ; -0.0332855 ; -0.0755616 ; 102.855;
4 ; 12 ; 8 ; -0.0150026 ; 0.0088301 ; -0.00459531 ; 101.298;
5 ; 12 ; 8 ; 0.0290422 ; -0.0570493 ; 0.064403 ; 98.6525;
6 ; 12 ; 8 ; 0.100553 ; 0.0511887 ; 0.0413314 ; 99.59;
7 ; 12 ; 8 ; 0.0612946 ; 0.0198739 ; 0.0213134 ; 101.502;
8 ; 12 ; 8 ; 0.0779957 ; 0.0430308 ; -0.0146867 ; 100.208;
9 ; 12 ; 8 ; 0.115062 ; 0.00657306 ; -0.0533603 ; 101.325;
10 ; 12 ; 8 ; 0.0799831 ; -0.0337558 ; 0.0339682 ; 103.855;
11 ; 12 ; 8 ; 0.0383157 ; -0.0671381 ; -0.0536962 ; 102.107;
12 ; 12 ; 8 ; 0.0870748 ; -0.0333207 ; 0.0850339 ; 100.335;
13 ; 12 ; 8 ; 0.00878964 ; 0.0341105 ; -0.0378935 ; 100.678;
14 ; 12 ; 8 ; 0.0658798 ; 0.0280764 ; 0.0470223 ; 102.415;
15 ; 12 ; 8 ; 0.0139263 ; -0.0140277 ; -0.00239964 ; 102.245;
16 ; 12 ; 8 ; 0.0571316 ; -0.00634789 ; 0.0371937 ; 101.978;
17 ; 12 ; 8 ; 0.0936933 ; -0.0362259 ; -0.0323093 ; 100.427;
18 ; 12 ; 8 ; 0.0894351 ; 0.0415111 ; -0.0222951 ; 100.942;
19 ; 12 ; 8 ; 0.131892 ; -0.00355033 ; 0.0911356 ; 101.21;
20 ; 12 ; 8 ; 0.107934 ; 0.0560422 ; -0.0316417 ; 100.502;
21 ; 12 ; 8 ; 0.129861 ; -0.0600768 ; -0.00329081 ; 100.007;
4 ; 13 ; 8 ; 0.0618017 ; 0.00488163 ; -0.0370788 ; 104.667;
5 ; 13 ; 8 ; 0.0616638 ; -0.000632326 ; 0.0905523 ; 100.543;
6 ; 13 ; 8 ; 0.0873839 ; -0.0152675 ; -0.0772164 ; 102.823;
7 ; 13 ; 8 ; 0.073847 ; -0.0704457 ; -0.0316766 ; 104.91;
8 ; 13 ; 8 ; 0.116454 ; 0.0193374 ; 0.05608 ; 101.882;
9 ; 13 ; 8 ; 0.0739986 ; 0.0196199 ; -0.00954154 ; 101.805;
10 ; 13 ; 8 ; 0.103725 ; 0.021682 ; -0.0498661 ; 102.058;
11 ; 13 ; 8 ; 0.091762 ; 0.00167038 ; -0.010072 ; 104;
12 ; 13 ; 8 ; 0.122475 ; 0.0635458 ; 0.00681207 ; 102.66;
13 ; 13 ; 8 ; 0.0707295 ; 0.0953717 ; 0.00174527 ; 102.425;
14 ; 13 ; 8 ; 0.0663196 ; 0.0720855 ; -0.0256486 ; 100.875;
15 ; 13 ; 8 ; 0.0504336 ; 0.043824 ; -0.0273239 ; 100.537;
16 ; 13 ; 8 ; 0.0376992 ; 0.0541295 ; -0.0112164 ; 101.375;
17 ; 13 ; 8 ; 0.109208 ; 0.0426106 ; -0.0205714 ; 100.64;
18 ; 13 ; 8 ; 0.0884525 ; -0.046897 ; -0.0533918 ; 103.053;
19 ; 13 ; 8 ; 0.10143 ; 0.0310119 ; -0.055934 ; 100.438;
20 ; 13 ; 8 ; 0.148594 ; -0.010326 ; -0.0717911 ; 102.47;
21 ; 13 ; 8 ; 0.153544 ; -0.0468711 ; -0.0145458 ; 101.75;
4 ; 14 ; 8 ; 0.117983 ; 0.00251946 ; -0.0182539 ; 103.915;
5 ; 14 ; 8 ; 0.0849492 ; -0.00575976 ; 0.0699329 ; 101.565;
6 ; 14 ; 8 ; 0.0514979 ; 0.0450367 ; 0.0284097 ; 99.865;
7 ; 14 ; 8 ; 0.155806 ; 0.0296305 ; -0.0505777 ; 100.347;
8 ; 14 ; 8 ; 0.05749 ; 0.0756176 ; -0.0432971 ; 101.395;
9 ; 14 ; 8 ; 0.119363 ; 0.0488048 ; -0.00608837 ; 101.655;
10 ; 14 ; 8 ; 0.102955 ; 0.00504954 ; -0.0150573 ; 99.72;
11 ; 14 ; 8 ; 0.113174 ; 0.0220329 ; -0.0524601 ; 100.68;
12 ; 14 ; 8 ; 0.149009 ; -0.00677872 ; 0.0121979 ; 104.055;
13 ; 14 ; 8 ; 0.100512 ; 0.0611074 ; 0.0436105 ; 99.9825;
14 ; 14 ; 8 ; 0.104924 ; 0.0533484 ; -0.034662 ; 101.13;
15 ; 14 ; 8 ; 0.112317 ; -0.0518469 ; 0.0279753 ; 101.135;
16 ; 14 ; 8 ; 0.114136 ; -0.0247455 ; -0.0123044 ; 101.16;
17 ; 14 ; 8 ; 0.0543571 ; -0.0163705 ; -0.0113349 ; 99.655;
18 ; 14 ; 8 ; 0.116502 ; 0.0478671 ; 0.0276344 ; 102.863;
19 ; 14 ; 8 ; 0.093363 ; -0.0127157 ; -0.0175787 ; 101.252;
20 ; 14 ; 8 ; 0.11107 ; -0.0061089 ; 0.00238821 ; 102.685;
21 ; 14 ; 8 ; 0.103514 ; 0.014569 ; -0.0161971 ; 101.255;
4 ; 15 ; 8 ; 0.136805 ; -0.0350884 ; 0.0367073 ; 101.058;
5 ; 15 ; 8 ; 0.0725601 ; 0.0386063 ; 0.0702653 ; 100.493;
6 ; 15 ; 8 ; 0.142799 ; -0.00942869 ; 0.0211108 ; 101.387;
7 ; 15 ; 8 ; 0.156823 ; 0.0328367 ; 0.0346173 ; 102.015;
8 ; 15 ; 8 ; 0.124089 ; -0.0678866 ; 0.0187324 ; 101.358;
9 ; 15 ; 8 ; 0.0837769 ; -0.0233315 ; 0.00245099 ; 101.14;
10 ; 15 ; 8 ; 0.0652715 ; 0.0222718 ; -0.0448799 ; 103.575;
11 ; 15 ; 8 ; 0.0327214 ; -0.00601037 ; 0.086784 ; 102.593;
12 ; 15 ; 8 ; 0.0762031 ; 0.0164303 ; -0.023847 ; 102.305;
13 ; 15 ; 8 ; 0.0890938 ; 0.074137 ; -0.0256003 ; 102.94;
14 ; 15 ; 8 ; 0.0834001 ; 0.00782347 ; -0.0384098 ; 100.52;
15 ; 15 ; 8 ; 0.0698104 ; 0.037833 ; -0.0461233 ; 102.565;
16 ; 15 ; 8 ; 0.0649538 ; -0.0605435 ; 0.0550023 ; 103.178;
17 ; 15 ; 8 ; 0.0357502 ; -0.00705254 ; -0.0129959 ; 102.655;
18 ; 15 ; 8 ; 0.0437561 ; -0.0602384 ; 0.0118118 ; 103.677;
19 ; 15 ; 8 ; 0.0554608 ; -0.0451759 ; 0.0353122 ; 103.528;
20 ; 15 ; 8 ; 0.117903 ; 0.0580977 ; -0.00545264 ; 101.043;
21 ; 15 ; 8 ; 0.0892367 ; -0.0347225 ; -0.0384671 ; 100.235;
4 ; 16 ; 8 ; -0.0108265 ; -0.0753565 ; 0.00355912 ; 101.942;
5 ; 16 ; 8 ; 0.0600737 ; 0.0113538 ; -0.00987173 ; 102.195;
6 ; 16 ; 8 ; 0.0812519 ; -0.0264953 ; -0.0295391 ; 102.795;
7 ; 16 ; 8 ; 0.0875024 ; 0.000614616 ; 0.0571111 ; 104.245;
8 ; 16 ; 8 ; 0.0581069 ; -0.00317316 ; -0.0536308 ; 101.267;
9 ; 16 ; 8 ; 0.118952 ; 0.0382487 ; -0.00487238 ; 99.7625;
10 ; 16 ; 8 ; 0.0926018 ; -0.0371948 ; 0.0206888 ; 102.243;
11 ; 16 ; 8 ; 0.105144 ; -0.00812001 ; -0.00292653 ; 100.862;
12 ; 16 ; 8 ; 0.0819752 ; -0.0591598 ; 0.00181703 ; 102.125;
13 ; 16 ; 8 ; 0.101308 ; 0.0379739 ; -0.0421049 ; 102.032;
14 ; 16 ; 8 ; 0.0297612 ; 0.0290553 ; -0.09931 ; 103.083;
15 ; 16 ; 8 ; 0.0477936 ; -0.0269564 ; -0.0587392 ; 99.98;
16 ; 16 ; 8 ; 0.0638787 ; 0.0659823 ; -0.0338856 ; 102.078;
17 ; 16 ; 8 ; 0.104934 ; 0.0484973 ; 0.0169567 ; 101.145;
18 ; 16 ; 8 ; 0.159714 ; -0.0128145 ; -0.0458933 ; 99.5125;
19 ; 16 ; 8 ; 0.116356 ; -0.0749772 ; -0.0381634 ; 100.13;
20 ; 16 ; 8 ; 0.10121 ; -0.054915 ; -0.0635569 ; 103.648;
21 ; 16 ; 8 ; 0.0695914 ; 0.00809286 ; -0.0442783 ; 101.93;
4 ; 17 ; 8 ; 0.0548308 ; 0.0509048 ; 0.022533 ; 102.63;
5 ; 17 ; 8 ; 0.0984671 ; 0.112936 ; -0.00413779 ; 102.175;
6 ; 17 ; 8 ; 0.108444 ; 0.0498107 ; -0.00733082 ; 99.075;
7 ; 17 ; 8 ; 0.0391062 ; -0.0140235 ; 0.0123981 ; 103.08;
8 ; 17 ; 8 ; -0.0345312 ; -0.0147441 ; 0.0467985 ; 100.05;
9 ; 17 ; 8 ; 0.0673396 ; 0.0248017 ; -0.020306 ; 103.14;
10 ; 17 ; 8 ; 0.0721242 ; 0.0894724 ; 0.0522322 ; 101.05;
11 ; 17 ; 8 ; 0.0560597 ; -0.0346475 ; 0.0218636 ; 101.975;
12 ; 17 ; 8 ; 0.0923916 ; -0.0157223 ; 0.00924282 ; 103.343;
13 ; 17 ; 8 ; 0.0669289 ; -3.88782e-06 ; -0.0232965 ; 99.65;
14 ; 17 ; 8 ; 0.12689 ; -0.017332 ; 0.0301408 ; 102.165;
15 ; 17 ; 8 ; 0.159049 ; -0.0402107 ; -0.00449238 ; 100.447;
16 ; 17 ; 8 ; 0.127714 ; 0.0688539 ; -0.0151029 ; 100.965;
17 ; 17 ; 8 ; 0.0905306 ; -0.0103737 ; -0.0750521 ; 101.068;
18 ; 17 ; 8 ; 0.0858612 ; 0.0114186 ; 0.0178174 ; 98.855;
19 ; 17 ; 8 ; 0.0988873 ; 0.0287549 ; 0.0527823 ; 100.865;
20 ; 17 ; 8 ; 0.0233536 ; 0.0137815 ; -0.00196582 ; 102.323;
21 ; 17 ; 8 ; 0.0179424 ; -0.0580175 ; 0.0220454 ; 100.403;
4 ; 18 ; 8 ; 0.116142 ; -0.0238656 ; -0.0250824 ; 103.182;
5 ; 18 ; 8 ; 0.172662 ; 0.0409718 ; -0.0399447 ; 100.275;
6 ; 18 ; 8 ; 0.0803516 ; -0.0277195 ; -0.0600445 ; 102.727;
7 ; 18 ; 8 ; 0.0884161 ; 0.0196606 ; -0.00318587 ; 99.4875;
8 ; 18 ; 8 ; 0.0893154 ; 0.0169465 ; 0.0179632 ; 98.915;
9 ; 18 ; 8 ; 0.121726 ; 0.0677229 ; 0.0579147 ; 102.058;
10 ; 18 ; 8 ; 0.110284 ; -0.0271522 ; -0.00625204 ; 101.135;
11 ; 18 ; 8 ; 0.104029 ; -0.0297463 ; -0.0272489 ; 100.878;
12 ; 18 ; 8 ; 0.0703641 ; -0.00900736 ; -0.0694347 ; 100.597;
13 ; 18 ; 8 ; 0.0629697 ; 0.0724125 ; 0.0235726 ; 102.142;
14 ; 18 ; 8 ; 0.142966 ; 0.0916492 ; 0.0171873 ; 99.925;
15 ; 18 ; 8 ; 0.1328 ; 0.00886634 ; 0.0459277 ; 101.532;
16 ; 18 ; 8 ; 0.0621453 ; -0.0156116 ; 0.0144901 ; 104.035;
17 ; 18 ; 8 ; 0.09182 ; -0.0478329 ; -0.0248422 ; 99.255;
18 ; 18 ; 8 ; 0.138748 ; -0.00336958 ; 0.00081498 ; 102.775;
19 ; 18 ; 8 ; 0.0623458 ; 0.0654401 ; 0.0292096 ; 101.498;
20 ; 18 ; 8 ; 0.184617 ; -0.0131852 ; 0.0542097 ; 102.09;
21 ; 18 ; 8 ; 0.0803555 ; 0.0479275 ; 0.057908 ; 104.153;
4 ; 19 ; 8 ; 0.0913327 ; 0.0212712 ; 0.00925769 ; 101.593;
5 ; 19 ; 8 ; 0.0509291 ; 0.0557832 ; -0.040751 ; 104.268;
6 ; 19 ; 8 ; 0.0612895 ; 0.010763 ; 0.018582 ; 99.2925;
7 ; 19 ; 8 ; 0.116296 ; -0.0116454 ; -0.000608394 ; 101.68;
8 ; 19 ; 8 ; 0.0898911 ; -0.0160295 ; -0.0128424 ; 102.477;
9 ; 19 ; 8 ; 0.0673916 ; 0.0314023 ; -0.0285081 ; 101.615;
10 ; 19 ; 8 ; 0.157761 ; -0.0075644 ; -0.0152607 ; 100.5;
11 ; 19 ; 8 ; 0.106629 ; -0.0438011 ; -0.0384958 ; 103.205;
12 ; 19 ; 8 ; 0.11643 ; 0.0227959 ; 0.0922152 ; 101.685;
13 ; 19 ; 8 ; 0.0916479 ; 0.0148022 ; 0.013419 ; 101.28;
14 ; 19 ; 8 ; 0.126946 ; -0.0338943 ; -0.0156151 ; 99.16;
15 ; 19 ; 8 ; 0.130834 ; -0.00371553 ; -0.0522255 ; 102.03;
16 ; 19 ; 8 ; 0.0953947 ; 0.0240596 ; -0.0165354 ; 100.695;
17 ; 19 ; 8 ; 0.0957478 ; -0.0352341 ; 0.0358854 ; 102.143;
18 ; 19 ; 8 ; 0.0445706 ; -0.0427012 ; 0.0484487 ; 101.015;
19 ; 19 ; 8 ; 0.0428426 ; -0.0301611 ; 0.036431 ; 102.778;
20 ; 19 ; 8 ; 0.0362062 ; 0.0284736 ; -0.0273237 ; 102.118;
21 ; 19 ; 8 ; -0.00659682 ; 0.0333635 ; -0.0372514 ; 102.678;
4 ; 20 ; 8 ; 0.10114 ; 0.00552239 ; -0.0519896 ; 103.405;
5 ; 20 ; 8 ; 0.0820965 ; -0.047149 ; -0.0448233 ; 101.435;
6 ; 20 ; 8 ; 0.106279 ; 0.0171551 ; -0.0493001 ; 102.845;
7 ; 20 ; 8 ; 0.0481428 ; -0.0358809 ; 0.00288153 ; 99.355;
8 ; 20 ; 8 ; 0.0347975 ; 0.0281875 ; 0.0235161 ; 101.825;
9 ; 20 ; 8 ; 0.0378778 ; -0.014883 ; -0.050618 ; 99.2425;
10 ; 20 ; 8 ; 0.057587 ; 0.00715545 ; -0.000146441 ; 99.445;
11 ; 20 ; 8 ; 0.132666 ; -0.0447407 ; 0.0534503 ; 103.642;
12 ; 20 ; 8 ; 0.124698 ; -0.0346624 ; 0.0566637 ; 102.112;
13 ; 20 ; 8 ; 0.11373 ; 0.000308258 ; 0.0314162 ; 102.315;
14 ; 20 ; 8 ; 0.121079 ; -0.0237466 ; 0.0636085 ; 100.64;
15 ; 20 ; 8 ; 0.111062 ; -0.0079126 ; -0.0471237 ; 102.073;
16 ; 20 ; 8 ; -0.011123 ; -0.000327261 ; 0.0263859 ; 101.34;
17 ; 20 ; 8 ; 0.0552902 ; -0.0362648 ; -0.0279462 ; 101.83;
18 ; 20 ; 8 ; 0.0352302 ; 0.00349672 ; 0.0683987 ; 101.633;
19 ; 20 ; 8 ; 0.0610947 ; -0.043087 ; 0.0215465 ; 102.82;
20 ; 20 ; 8 ; -0.026678 ; 0.0637462 ; 0.0349144 ; 102.27;
21 ; 20 ; 8 ; 0.0624051 ; -0.119178 ; -0.0293616 ; 99.99;
4 ; 21 ; 8 ; 0.0557516 ; 0.0353406 ; 0.00359774 ; 102.668;
5 ; 21 ; 8 ; 0.0967429 ; -0.00130976 ; 0.00952405 ; 101.62;
6 ; 21 ; 8 ; 0.121624 ; 0.0385888 ; -0.0699429 ; 101.912;
7 ; 21 ; 8 ; 0.0699183 ; -0.00274239 ; 0.00613403 ; 103.373;
8 ; 21 ; 8 ; 0.0173955 ; 0.0419987 ; 0.0545553 ; 102.12;
9 ; 21 ; 8 ; 0.0754505 ; -0.00137614 ; 0.00649641 ; 103.043;
10 ; 21 ; 8 ; 0.0170182 ; 0.0660523 ; 0.0493278 ; 101.327;
11 ; 21 ; 8 ; 0.111352 ; -0.0368103 ; 0.0456868 ; 103.455;
12 ; 21 ; 8 ; 0.124089 ; -0.000526073 ; 0.0132171 ; 102.547;
13 ; 21 ; 8 ; 0.0470636 ; 0.0534379 ; -0.0898366 ; 104.083;
14 ; 21 ; 8 ; 0.0889886 ; 0.0211544 ; 0.0174 ; 101.207;
15 ; 21 ; 8 ; 0.113338 ; 0.0204947 ; -0.117739 ; 100.495;
16 ; 21 ; 8 ; 0.0653655 ; -0.0381676 ; 0.0816286 ; 104.618;
17 ; 21 ; 8 ; 0.0774882 ; -0.0250967 ; -0.0396 ; 103.097;
18 ; 21 ; 8 ; 0.0757299 ; 0.0170422 ; 0.0234254 ; 100.53;
19 ; 21 ; 8 ; 0.150823 ; 0.00865613 ; 0.0197031 ; 101.468;
20 ; 21 ; 8 ; 0.0869365 ; 0.00659672 ; -0.0387676 ; 101.887;
21 ; 21 ; 8 ; 0.141615 ; -0.0309473 ; -0.0506211 ; 103.672;
4 ; 4 ; 9 ; 0.0110683 ; 0.0273354 ; -0.0334273 ; 104.798;
5 ; 4 ; 9 ; 0.0708214 ; 0.0295722 ; -0.0310119 ; 100.655;
6 ; 4 ; 9 ; 0.0425852 ; -0.0847305 ; 0.0395524 ; 104.032;
7 ; 4 ; 9 ; 0.0114194 ; -0.0797834 ; 0.0208972 ; 101.422;
8 ; 4 ; 9 ; -0.0296719 ; -0.099654 ; 0.0393388 ; 103.243;
9 ; 4 ; 9 ; 0.0253525 ; -0.00623877 ; -0.0734197 ; 104.45;
10 ; 4 ; 9 ; 0.0575322 ; 0.0456743 ; -0.0846489 ; 101.368;
11 ; 4 ; 9 ; -0.0162115 ; -0.0206725 ; 0.0828352 ; 100.335;
12 ; 4 ; 9 ; 0.0181784 ; -0.0409252 ; -0.0348091 ; 104.95;
13 ; 4 ; 9 ; 0.118527 ; 0.0666216 ; -0.00743777 ; 103.503;
14 ; 4 ; 9 ; 0.0197507 ; -0.00412927 ; 0.0611974 ; 103.882;
15 ; 4 ; 9 ; -0.00146174 ; 0.0661941 ; -0.0241657 ; 102.018;
16 ; 4 ; 9 ; 0.0209673 ; -0.031096 ; -0.0386107 ; 101.052;
17 ; 4 ; 9 ; -0.013667 ; -0.000963539 ; -0.038299 ; 100.468;
18 ; 4 ; 9 ; 0.0572723 ; -0.0285656 ; 0.00340784 ; 102.072;
19 ; 4 ; 9 ; 0.0795571 ; 0.0126699 ; -0.000512445 ; 100.89;
20 ; 4 ; 9 ; 0.0559443 ; 0.061408 ; -0.0389678 ; 101.79;
21 ; 4 ; 9 ; 0.0959568 ; -0.0196265 ; -0.00336414 ; 101.913;
4 ; 5 ; 9 ; 0.00290906 ; 0.0334077 ; 0.0562189 ; 99.625;
5 ; 5 ; 9 ; -0.00764855 ; -0.0558114 ; 0.0787211 ; 102.722;
6 ; 5 ; 9 ; 0.081773 ; -0.060012 ; -0.0170173 ; 101.765;
7 ; 5 ; 9 ; 0.0165793 ; 0.0041247 ; 0.00378431 ; 102.75;
8 ; 5 ; 9 ; 0.113248 ; 0.0209575 ; 0.0608388 ; 102.227;
9 ; 5 ; 9 ; 0.115024 ; 0.0181285 ; -0.0141718 ; 99.55;
10 ; 5 ; 9 ; 0.0525383 ; 0.00787245 ; 0.0119404 ; 103.782;
11 ; 5 ; 9 ; 0.025594 ; 0.00468147 ; -0.0679811 ; 100.12;
12 ; 5 ; 9 ; 0.087868 ; -0.0560686 ; 0.0117403 ; 102.248;
13 ; 5 ; 9 ; 0.0464445 ; 0.0550408 ; 0.0691744 ; 102.028;
14 ; 5 ; 9 ; 0.0263457 ; -0.00276916 ; 0.0359815 ; 100.83;
15 ; 5 ; 9 ; 0.0400121 ; 0.0267856 ; 0.0875937 ; 101.903;
16 ; 5 ; 9 ; 0.120037 ; 0.020517 ; -0.0503634 ; 100.82;
17 ; 5 ; 9 ; 0.101136 ; 0.0633623 ; 0.00250981 ; 102.255;
18 ; 5 ; 9 ; 0.0231101 ; -0.0171748 ; 0.012194 ; 100.088;
19 ; 5 ; 9 ; -0.045495 ; 0.0130569 ; 0.0250748 ; 104.75;
20 ; 5 ; 9 ; -0.0037764 ; -0.0891022 ; 0.0231934 ; 100.53;
21 ; 5 ; 9 ; 0.0189364 ; 0.0472617 ; 0.100397 ; 101.985;
4 ; 6 ; 9 ; -0.0277697 ; -0.0301944 ; -0.0377314 ; 102.465;
5 ; 6 ; 9 ; 0.104696 ; -0.0229701 ; -0.0593833 ; 102.91;
6 ; 6 ; 9 ; 0.0315652 ; 0.0152765 ; -0.0661642 ; 103.6;
7 ; 6 ; 9 ; 0.0241604 ; -0.0222821 ; -0.00299716 ; 100.947;
8 ; 6 ; 9 ; 0.12505 ; 0.00531833 ; -0.0195496 ; 100.252;
9 ; 6 ; 9 ; 0.0514888 ; 0.0370647 ; -0.0101049 ; 99.5125;
10 ; 6 ; 9 ; 0.0272899 ; 0.0184328 ; 0.026089 ; 101.6;
11 ; 6 ; 9 ; 0.0641878 ; -0.0386662 ; 0.0204706 ; 102.91;
12 ; 6 ; 9 ; -0.0015526 ; -0.0493214 ; -0.0383797 ; 103.51;
13 ; 6 ; 9 ; -0.0174462 ; 0.018492 ; 0.040883 ; 101.785;
14 ; 6 ; 9 ; -0.025528 ; 0.0313712 ; 0.0315448 ; 101.735;
15 ; 6 ; 9 ; 0.0379349 ; -0.0197462 ; -0.0721874 ; 101.39;
16 ; 6 ; 9 ; 0.0172032 ; -0.0187125 ; 0.04876 ; 103.017;
17 ; 6 ; 9 ; 0.0495005 ; 0.0151766 ; 0.0277245 ; 103.153;
18 ; 6 ; 9 ; 0.0922699 ; 0.0051356 ; -0.0642095 ; 101.737;
19 ; 6 ; 9 ; 0.0810445 ; 0.0650572 ; -0.0846067 ; 101.728;
20 ; 6 ; 9 ; 0.0960653 ; 0.00219974 ; -0.00953005 ; 101.845;
21 ; 6 ; 9 ; 0.00366483 ; 0.0453073 ; -0.0209883 ; 103.632;
4 ; 7 ; 9 ; 0.050772 ; -0.0266711 ; 0.0324871 ; 102.737;
5 ; 7 ; 9 ; 0.00222273 ; -0.00520405 ; 0.0433757 ; 102.745;
6 ; 7 ; 9 ; -0.000555187 ; 0.0100624 ; 0.0334219 ; 103.308;
7 ; 7 ; 9 ; 0.0258902 ; -0.0595691 ; 0.00683127 ; 99.6875;
8 ; 7 ; 9 ; 0.0331558 ; -0.0415226 ; 0.0470608 ; 101.802;
9 ; 7 ; 9 ; 0.0871475 ; -0.0376273 ; 0.0497703 ; 99.95;
10 ; 7 ; 9 ; -0.000740994 ; -0.032396 ; 0.00822197 ; 101.027;
11 ; 7 ; 9 ; 0.112387 ; 0.0863672 ; -0.0211608 ; 100.338;
12 ; 7 ; 9 ; -0.0538179 ; 0.0622238 ; -0.0342445 ; 101.465;
13 ; 7 ; 9 ; 0.0983991 ; 0.00240578 ; 0.0705717 ; 101.745;
14 ; 7 ; 9 ; 0.0159439 ; 0.0219061 ; 0.0299971 ; 102.623;
15 ; 7 ; 9 ; 0.0134463 ; 0.0111304 ; -0.000721837 ; 100.798;
16 ; 7 ; 9 ; 0.0486593 ; 0.0126639 ; -0.0240705 ; 104.015;
17 ; 7 ; 9 ; 0.0797563 ; -0.0113166 ; -0.0259376 ; 98.4475;
18 ; 7 ; 9 ; 0.0532388 ; 0.0210586 ; 0.0618455 ; 103.543;
19 ; 7 ; 9 ; 0.0251047 ; -0.00544019 ; -0.0499464 ; 102.535;
20 ; 7 ; 9 ; 0.0499366 ; 0.00680449 ; 0.039866 ; 103.417;
21 ; 7 ; 9 ; 0.0808384 ; 0.000292498 ; 0.00923349 ; 100.93;
4 ; 8 ; 9 ; 0.0408535 ; 0.0883232 ; 0.0298353 ; 101.228;
5 ; 8 ; 9 ; 0.106647 ; -0.0175576 ; -0.031061 ; 105.218;
6 ; 8 ; 9 ; 0.0470651 ; 0.00127189 ; 0.0160993 ; 100.87;
7 ; 8 ; 9 ; -0.0654042 ; -0.0532777 ; 0.0783779 ; 102.267;
8 ; 8 ; 9 ; 0.0327306 ; -0.029369 ; 0.00195991 ; 104.305;
9 ; 8 ; 9 ; 0.0409013 ; -0.042725 ; -0.0426289 ; 102.697;
10 ; 8 ; 9 ; 0.0456009 ; 0.0282165 ; 0.0220194 ; 102.498;
11 ; 8 ; 9 ; 0.0221409 ; 0.020764 ; 0.0358925 ; 101.145;
12 ; 8 ; 9 ; 0.0869453 ; 0.0612188 ; 0.0374845 ; 101.315;
13 ; 8 ; 9 ; 0.132891 ; -0.00214434 ; 0.0583655 ; 101.062;
14 ; 8 ; 9 ; 0.0436604 ; 0.0196422 ; 0.0991593 ; 102.195;
15 ; 8 ; 9 ; 0.0440924 ; 0.0123388 ; 0.0156135 ; 101.822;
16 ; 8 ; 9 ; 0.0362341 ; -0.00492398 ; 0.00455803 ; 100.547;
17 ; 8 ; 9 ; 0.0538198 ; -0.020771 ; 0.0220938 ; 102.3;
18 ; 8 ; 9 ; 0.0794103 ; 0.0678984 ; 0.0153605 ; 102.025;
19 ; 8 ; 9 ; 0.0555382 ; 0.0544379 ; 0.0452361 ; 100.845;
20 ; 8 ; 9 ; 0.0985499 ; 0.0427547 ; 0.0298246 ; 102.655;
21 ; 8 ; 9 ; 0.113243 ; -0.0710693 ; -0.00750585 ; 102.223;
4 ; 9 ; 9 ; 0.0646987 ; 0.0331215 ; -0.00674476 ; 101.3;
5 ; 9 ; 9 ; 0.0677243 ; -0.0125261 ; -0.0636865 ; 100.417;
6 ; 9 ; 9 ; -0.00256019 ; 0.0281846 ; 0.0270074 ; 102.51;
7 ; 9 ; 9 ; 0.0289496 ; -0.00163106 ; -0.0460869 ; 102.938;
8 ; 9 ; 9 ; 0.0697614 ; 0.0451469 ; 0.0228748 ; 101.985;
9 ; 9 ; 9 ; -0.0221074 ; -0.0225631 ; 0.0997908 ; 102.605;
10 ; 9 ; 9 ; 0.0381267 ; 0.000938547 ; 0.0210944 ; 102.197;
11 ; 9 ; 9 ; -0.00818725 ; -0.0313255 ; 0.00576302 ; 100.748;
12 ; 9 ; 9 ; 0.0242395 ; 0.017826 ; 0.0380743 ; 103.565;
13 ; 9 ; 9 ; 0.0711027 ; 0.0568753 ; 0.00476001 ; 102.428;
14 ; 9 ; 9 ; -0.00900324 ; 0.0117933 ; -0.0172849 ; 102.66;
15 ; 9 ; 9 ; 0.122264 ; -0.00823488 ; -0.0398101 ; 99.7675;
16 ; 9 ; 9 ; 0.0256523 ; -0.0383213 ; -0.0169507 ; 102.53;
17 ; 9 ; 9 ; -0.0250008 ; -0.0477422 ; -0.0688367 ; 99.785;
18 ; 9 ; 9 ; 0.0810654 ; 0.0205259 ; -0.00914061 ; 100.44;
19 ; 9 ; 9 ; -0.0318392 ; -0.0614223 ; -0.0816145 ; 103.293;
20 ; 9 ; 9 ; 0.0687145 ; 0.0177619 ; 0.0545104 ; 101.515;
21 ; 9 ; 9 ; 0.0808856 ; 0.0226815 ; -0.0273538 ; 99.725;
4 ; 10 ; 9 ; 0.00451078 ; 0.0937055 ; 0.0259531 ; 102.448;
5 ; 10 ; 9 ; 0.0677352 ; 0.0449582 ; -0.0156966 ; 102.447;
6 ; 10 ; 9 ; 0.0338667 ; -0.0484309 ; 0.055948 ; 104.688;
7 ; 10 ; 9 ; 0.113403 ; -0.0609493 ; 0.0215125 ; 101.527;
8 ; 10 ; 9 ; 0.0397607 ; 0.00656479 ; 0.0300513 ; 98.9;
9 ; 10 ; 9 ; 0.01702 ; -0.0435397 ; -0.0404255 ; 103.028;
10 ; 10 ; 9 ; 0.00522365 ; 0.0409678 ; -0.043887 ; 100.393;
11 ; 10 ; 9 ; -0.00616663 ; 0.0724115 ; 0.000890221 ; 100.545;
12 ; 10 ; 9 ; 0.00436951 ; 0.040186 ; 0.0267476 ; 102.053;
13 ; 10 ; 9 ; 0.0916141 ; 0.00782618 ; -0.011497 ; 101.383;
14 ; 10 ; 9 ; 0.0304738 ; -0.004076 ; -0.00993644 ; 102.083;
15 ; 10 ; 9 ; 0.113051 ; 0.0307486 ; -0.0576001 ; 101.525;
16 ; 10 ; 9 ; 0.111296 ; -0.0118368 ; -0.081682 ; 103.263;
17 ; 10 ; 9 ; 0.0567756 ; 0.00608957 ; -0.0331284 ; 100.99;
18 ; 10 ; 9 ; -0.0603547 ; -0.00729309 ; -0.0463574 ; 99.285;
19 ; 10 ; 9 ; 0.0365346 ; -0.00599022 ; -0.00588839 ; 102.613;
20 ; 10 ; 9 ; 0.094329 ; -0.0288874 ; 0.00803879 ; 103.605;
21 ; 10 ; 9 ; 0.031812 ; -0.0139822 ; -0.0431083 ; 101.412;
4 ; 11 ; 9 ; 0.0627119 ; 0.0533144 ; -0.00504169 ; 102.085;
5 ; 11 ; 9 ; 0.0902487 ; 0.0461005 ; 0.0247219 ; 103.39;
6 ; 11 ; 9 ; -0.0655551 ; 0.00280096 ; -0.0231787 ; 104.85;
7 ; 11 ; 9 ; -0.109155 ; 0.0160347 ; 0.0282672 ; 102.07;
8 ; 11 ; 9 ; 0.0663517 ; -0.0434202 ; 0.0173361 ; 102.678;
9 ; 11 ; 9 ; -0.0165462 ; -0.0707596 ; 0.0406311 ; 101.703;
10 ; 11 ; 9 ; 0.0268772 ; 0.0108569 ; 0.0964869 ; 103.05;
11 ; 11 ; 9 ; 0.0530893 ; 0.00863527 ; 0.000176614 ; 99.7275;
12 ; 11 ; 9 ; 0.0788767 ; -0.00935839 ; 0.0218934 ; 102.835;
13 ; 11 ; 9 ; 0.0139327 ; -0.0491526 ; -0.0643969 ; 100.767;
14 ; 11 ; 9 ; 0.0592615 ; -0.0328952 ; 0.0376505 ; 103.337;
15 ; 11 ; 9 ; 0.0171908 ; 0.00832176 ; -0.02924 ; 101.32;
16 ; 11 ; 9 ; 0.0766865 ; 0.0138443 ; -0.0429161 ; 101.082;
17 ; 11 ; 9 ; 0.0372728 ; -0.0510673 ; -0.0376727 ; 101.895;
18 ; 11 ; 9 ; 0.0438944 ; 0.0246952 ; 0.011194 ; 100.933;
19 ; 11 ; 9 ; -0.00269848 ; -0.0126969 ; -0.0101405 ; 100.373;
20 ; 11 ; 9 ; 0.0744445 ; 0.0139447 ; -0.00354296 ; 100.725;
21 ; 11 ; 9 ; 0.135628 ; -0.00335554 ; -0.050044 ; 100.28;
4 ; 12 ; 9 ; 0.0719386 ; 0.0433519 ; -0.0373072 ; 101.987;
5 ; 12 ; 9 ; 0.0577227 ; 0.0225366 ; -0.0241371 ; 100.718;
6 ; 12 ; 9 ; 0.00252827 ; -0.0166852 ; -0.0219217 ; 101.915;
7 ; 12 ; 9 ; 0.0142587 ; -0.0351309 ; 0.00245832 ; 103.502;
8 ; 12 ; 9 ; 0.0551562 ; -0.0292449 ; 0.0380372 ; 100.613;
9 ; 12 ; 9 ; 0.0341524 ; 0.0104169 ; -0.0294737 ; 101.115;
10 ; 12 ; 9 ; 0.0818293 ; 0.0246235 ; 0.0174084 ; 100.775;
11 ; 12 ; 9 ; 0.0863163 ; 0.0439893 ; -0.0127649 ; 102.15;
12 ; 12 ; 9 ; 0.000427171 ; 0.0396431 ; 0.0373609 ; 100.895;
13 ; 12 ; 9 ; 0.0475795 ; -0.00479415 ; -0.0619482 ; 101.055;
14 ; 12 ; 9 ; 0.0770415 ; -0.0363338 ; -0.0603528 ; 102.262;
15 ; 12 ; 9 ; 0.0437601 ; -0.0299063 ; 0.0155197 ; 100.585;
16 ; 12 ; 9 ; 0.0349726 ; 0.0151409 ; -0.000997463 ; 100.035;
17 ; 12 ; 9 ; 0.0345531 ; -0.0284777 ; -0.013312 ; 101.985;
18 ; 12 ; 9 ; 0.142784 ; 0.0564457 ; -0.0179963 ; 99.8875;
19 ; 12 ; 9 ; 0.0917963 ; -0.0561229 ; 0.00260073 ; 101.59;
20 ; 12 ; 9 ; 0.0688357 ; 0.0805142 ; -0.0445688 ; 99.615;
21 ; 12 ; 9 ; 0.0556729 ; 0.0528742 ; 0.0258527 ; 102.472;
4 ; 13 ; 9 ; 0.0363479 ; 0.0323931 ; -0.0383428 ; 101.76;
5 ; 13 ; 9 ; 0.0186789 ; -0.00868224 ; 0.015966 ; 100.315;
6 ; 13 ; 9 ; 0.0963273 ; -0.0547475 ; 0.00863238 ; 102.528;
7 ; 13 ; 9 ; 0.0281814 ; 0.00173087 ; -0.0274115 ; 101.925;
8 ; 13 ; 9 ; 0.0371107 ; 0.0331677 ; 0.016968 ; 100.42;
9 ; 13 ; 9 ; 0.00855037 ; 0.00565859 ; -0.0109178 ; 102.885;
10 ; 13 ; 9 ; 0.0225639 ; -0.0395494 ; -0.0211579 ; 101.602;
11 ; 13 ; 9 ; 0.0867144 ; -0.0355461 ; -0.00314116 ; 101.373;
12 ; 13 ; 9 ; 0.0718822 ; -0.0432735 ; 0.055277 ; 102.787;
13 ; 13 ; 9 ; 0.094644 ; -0.0510055 ; -0.0566035 ; 100.793;
14 ; 13 ; 9 ; 0.0873162 ; 0.0135203 ; 0.0365022 ; 102.843;
15 ; 13 ; 9 ; -0.00814463 ; -0.0398235 ; 0.0437053 ; 101.8;
16 ; 13 ; 9 ; 0.0683798 ; 0.0335497 ; 0.0351618 ; 100.982;
17 ; 13 ; 9 ; 0.0405606 ; 0.0194827 ; -0.0108167 ; 101.902;
18 ; 13 ; 9 ; 0.0356668 ; -0.0745552 ; -0.0493341 ; 101.827;
19 ; 13 ; 9 ; 0.0228979 ; -0.00631716 ; -0.0633293 ; 101.622;
20 ; 13 ; 9 ; 0.0617778 ; -0.0212918 ; -0.0427824 ; 102.147;
21 ; 13 ; 9 ; 0.0999249 ; -0.0302258 ; -0.0117388 ; 99.375;
4 ; 14 ; 9 ; 0.0542801 ; 0.0212358 ; 0.0120617 ; 102.832;
5 ; 14 ; 9 ; 0.128986 ; -0.00928802 ; 0.00898273 ; 101.305;
6 ; 14 ; 9 ; 0.0146929 ; 0.00831336 ; -0.0251998 ; 102.135;
7 ; 14 ; 9 ; -0.0129072 ; 0.00435029 ; 0.0517067 ; 101.19;
8 ; 14 ; 9 ; 0.0928169 ; 0.0612344 ; -0.03347 ; 101.47;
9 ; 14 ; 9 ; 0.105261 ; 0.0462267 ; -0.010392 ; 103.105;
10 ; 14 ; 9 ; 0.0505642 ; 0.0712305 ; -0.0240444 ; 103.837;
11 ; 14 ; 9 ; 0.0539411 ; 0.0204834 ; -0.00301382 ; 102.19;
12 ; 14 ; 9 ; 0.0643453 ; -0.0372205 ; 0.000839308 ; 100.413;
13 ; 14 ; 9 ; 0.0965807 ; 0.0442333 ; 0.0191999 ; 102.73;
14 ; 14 ; 9 ; -0.00430214 ; -0.00526324 ; -0.00044029 ; 103.175;
15 ; 14 ; 9 ; 0.0194635 ; 0.0131575 ; 0.0554199 ; 100.855;
16 ; 14 ; 9 ; 0.150622 ; 0.0137463 ; 0.0108341 ; 102.625;
17 ; 14 ; 9 ; 0.0671264 ; -0.0317139 ; -0.0157064 ; 101.322;
18 ; 14 ; 9 ; 0.117913 ; 0.027427 ; 0.0267698 ; 104.178;
19 ; 14 ; 9 ; 0.0595406 ; 0.0235926 ; -0.00687032 ; 101.577;
20 ; 14 ; 9 ; 0.132394 ; -0.025933 ; 0.0497166 ; 103.498;
21 ; 14 ; 9 ; -0.00544274 ; -0.0130251 ; 0.0374836 ; 101.192;
4 ; 15 ; 9 ; 0.0822985 ; 0.0564351 ; 0.0279129 ; 100.365;
5 ; 15 ; 9 ; 0.0123005 ; 0.0438349 ; -0.00573448 ; 103.663;
6 ; 15 ; 9 ; 0.0394472 ; 0.0323973 ; -0.0161769 ; 102.71;
7 ; 15 ; 9 ; 0.0347038 ; 0.0857072 ; 0.0153126 ; 99.88;
8 ; 15 ; 9 ; 0.0526142 ; -0.0136528 ; -0.00104768 ; 99.3225;
9 ; 15 ; 9 ; 0.125737 ; 0.0325469 ; 0.0508645 ; 102.267;
10 ; 15 ; 9 ; 0.0884792 ; -0.0489351 ; -0.014824 ; 98.605;
11 ; 15 ; 9 ; 0.079009 ; 0.00797851 ; -0.0654659 ; 100.66;
12 ; 15 ; 9 ; 0.044243 ; 0.0280669 ; -0.00943537 ; 101.698;
13 ; 15 ; 9 ; 0.0682971 ; 0.0384561 ; -0.0109612 ; 104.3;
14 ; 15 ; 9 ; 0.102672 ; -0.0657649 ; -0.0201527 ; 100.635;
15 ; 15 ; 9 ; 0.0421338 ; -0.0710024 ; -0.0151953 ; 100.718;
16 ; 15 ; 9 ; 0.0263544 ; -0.0300963 ; 0.060414 ; 100.032;
17 ; 15 ; 9 ; -0.012477 ; -0.0655902 ; 0.0290317 ; 102.497;
18 ; 15 ; 9 ; -0.0052611 ; 0.0248129 ; -0.0161001 ; 102.178;
19 ; 15 ; 9 ; 0.0813557 ; 0.0624421 ; -0.0483091 ; 102.64;
20 ; 15 ; 9 ; 0.0452552 ; -0.0124859 ; -0.0452318 ; 99.5025;
21 ; 15 ; 9 ; 0.024475 ; 0.108177 ; 0.0527949 ; 104.045;
4 ; 16 ; 9 ; 0.0248001 ; -0.060634 ; 0.00301301 ; 103.41;
5 ; 16 ; 9 ; 0.0505797 ; 0.0321702 ; -0.0304275 ; 101.525;
6 ; 16 ; 9 ; 0.035552 ; -0.0156843 ; -0.0446345 ; 104.235;
7 ; 16 ; 9 ; 0.0811131 ; -0.0490274 ; 0.013451 ; 100.582;
8 ; 16 ; 9 ; 0.0991257 ; -0.0717803 ; -0.0817911 ; 103.17;
9 ; 16 ; 9 ; 0.0529738 ; -0.0448348 ; -0.00441291 ; 102.805;
10 ; 16 ; 9 ; 0.0679526 ; -0.065414 ; -0.00725999 ; 102.8;
11 ; 16 ; 9 ; 0.095203 ; 0.0242355 ; 0.0344079 ; 101.927;
12 ; 16 ; 9 ; 0.090148 ; -0.0275925 ; 0.0654142 ; 100.275;
13 ; 16 ; 9 ; 0.0539023 ; -0.0743343 ; -0.0544586 ; 100.263;
14 ; 16 ; 9 ; 0.0746347 ; 0.0111703 ; -0.03059 ; 102.397;
15 ; 16 ; 9 ; 0.0597801 ; -0.0138226 ; -0.0111167 ; 101.422;
16 ; 16 ; 9 ; 0.0462943 ; -0.068213 ; -0.0607266 ; 97.265;
17 ; 16 ; 9 ; 0.0461394 ; -0.0771056 ; 0.0455489 ; 102.05;
18 ; 16 ; 9 ; 0.0627087 ; -0.032098 ; -0.0957094 ; 102.722;
19 ; 16 ; 9 ; -0.0273007 ; 0.00170523 ; -0.00283912 ; 102.445;
20 ; 16 ; 9 ; 0.0343445 ; 0.0453476 ; 0.00173237 ; 100.125;
21 ; 16 ; 9 ; 0.0498038 ; 0.0479806 ; 0.06186 ; 102.653;
4 ; 17 ; 9 ; 0.0470228 ; -0.00549436 ; 0.0303592 ; 101.815;
5 ; 17 ; 9 ; 0.077709 ; 0.0231693 ; -0.0204633 ; 100.977;
6 ; 17 ; 9 ; 0.0490981 ; -0.0828412 ; 0.0300684 ; 101.27;
7 ; 17 ; 9 ; 0.0698572 ; -0.0341632 ; 0.0526895 ; 100.843;
8 ; 17 ; 9 ; 0.0853015 ; 0.0873577 ; 0.082084 ; 99.95;
9 ; 17 ; 9 ; 0.0816612 ; -0.00230391 ; 0.0326468 ; 102.24;
10 ; 17 ; 9 ; 0.0236164 ; 0.0296466 ; 0.0617712 ; 101.92;
11 ; 17 ; 9 ; 0.0405255 ; 0.0296595 ; 0.0300717 ; 102.27;
12 ; 17 ; 9 ; 0.0644303 ; 0.0520218 ; -0.00164982 ; 101.485;
13 ; 17 ; 9 ; 0.0100299 ; -0.00608438 ; -0.0158546 ; 103.618;
14 ; 17 ; 9 ; 0.0266837 ; -0.0759881 ; -0.0249177 ; 101.232;
15 ; 17 ; 9 ; 0.0712764 ; 0.000842758 ; 0.0147619 ; 102.795;
16 ; 17 ; 9 ; 0.00948019 ; 0.0152681 ; 0.00457057 ; 101.278;
17 ; 17 ; 9 ; 0.0886331 ; 0.0651406 ; 0.0726133 ; 101.76;
18 ; 17 ; 9 ; 0.0612733 ; -0.0231811 ; 0.0382616 ; 103.433;
19 ; 17 ; 9 ; 0.0592665 ; -0.0738086 ; -0.0270589 ; 102.202;
20 ; 17 ; 9 ; -0.00316205 ; 0.00220015 ; 0.0172232 ; 103.165;
21 ; 17 ; 9 ; 0.0229303 ; 0.0430267 ; -0.00536284 ; 100.94;
4 ; 18 ; 9 ; -0.0520161 ; 0.0507498 ; 0.0190821 ; 100.565;
5 ; 18 ; 9 ; -0.102061 ; 0.0229716 ; 0.0557552 ; 102.425;
6 ; 18 ; 9 ; 0.0298588 ; -0.0239581 ; -0.0240362 ; 102.145;
7 ; 18 ; 9 ; 0.00561333 ; 0.0327352 ; 0.0497503 ; 101.115;
8 ; 18 ; 9 ; 0.0977067 ; -0.00575169 ; 0.00678776 ; 101.595;
9 ; 18 ; 9 ; 0.0272373 ; 0.0143481 ; 0.0435457 ; 101.33;
10 ; 18 ; 9 ; 0.0630154 ; 0.101601 ; -0.0527217 ; 101.43;
11 ; 18 ; 9 ; 0.0544183 ; -0.0914607 ; -0.0627052 ; 99.705;
12 ; 18 ; 9 ; 0.0665949 ; 0.0457114 ; 0.0353016 ; 100.42;
13 ; 18 ; 9 ; 0.0408586 ; -0.0192754 ; -0.0692163 ; 101.93;
14 ; 18 ; 9 ; 0.038664 ; 0.059505 ; 0.0152902 ; 98.445;
15 ; 18 ; 9 ; 0.0388012 ; 0.0840275 ; 0.0668288 ; 98.7625;
16 ; 18 ; 9 ; 0.0631937 ; 0.127835 ; 0.0593638 ; 102.328;
17 ; 18 ; 9 ; -0.0117571 ; -0.000735213 ; 0.0216213 ; 100.975;
18 ; 18 ; 9 ; 0.0112002 ; -0.00201477 ; 0.0351459 ; 102.41;
19 ; 18 ; 9 ; -0.000121301 ; 0.0207704 ; -0.0332697 ; 100.733;
20 ; 18 ; 9 ; 0.0583708 ; -0.00541584 ; 3.92382e-05 ; 102.522;
21 ; 18 ; 9 ; 0.0876794 ; 0.012297 ; 0.0101792 ; 101.752;
4 ; 19 ; 9 ; 0.0661428 ; 0.00236105 ; -0.0189735 ; 102.183;
5 ; 19 ; 9 ; 0.109395 ; -0.014305 ; 0.0966419 ; 99.4025;
6 ; 19 ; 9 ; 0.0577484 ; -0.0401827 ; -0.0613268 ; 102.778;
7 ; 19 ; 9 ; -0.0244143 ; -0.0256755 ; 0.0248642 ; 100.957;
8 ; 19 ; 9 ; -0.00121913 ; 0.0285904 ; 0.0103333 ; 102.695;
9 ; 19 ; 9 ; 0.0492134 ; -0.052841 ; 0.0597265 ; 101.225;
10 ; 19 ; 9 ; 0.0727998 ; -0.0181322 ; -0.00332389 ; 100.98;
11 ; 19 ; 9 ; 0.0450064 ; 0.0295916 ; -0.0350743 ; 105.21;
12 ; 19 ; 9 ; 0.100987 ; 0.0828247 ; -0.0280773 ; 102.33;
13 ; 19 ; 9 ; -0.00136954 ; 0.0645239 ; 0.0777769 ; 102.857;
14 ; 19 ; 9 ; 0.0394272 ; -0.0455937 ; 0.0953157 ; 101.518;
15 ; 19 ; 9 ; -0.0345119 ; 0.017891 ; -0.0664961 ; 100.448;
16 ; 19 ; 9 ; 0.0650184 ; 0.0370668 ; -0.0757189 ; 102.097;
17 ; 19 ; 9 ; 0.108867 ; -0.0186664 ; -0.0329109 ; 100.75;
18 ; 19 ; 9 ; 0.0306891 ; -0.000958904 ; -0.000919083 ; 100.368;
19 ; 19 ; 9 ; 0.0409239 ; -0.00788539 ; -0.0172627 ; 101.097;
20 ; 19 ; 9 ; 0.0354359 ; -0.00542839 ; -0.0271318 ; 102.757;
21 ; 19 ; 9 ; 0.0813124 ; 0.0348022 ; -0.0730079 ; 101.907;
4 ; 20 ; 9 ; 0.0821714 ; -0.0262106 ; -0.0441924 ; 101.817;
5 ; 20 ; 9 ; 0.054495 ; 0.00577336 ; -0.0102987 ; 102.79;
6 ; 20 ; 9 ; 0.0707159 ; 0.0607149 ; 0.0278209 ; 101.328;
7 ; 20 ; 9 ; 0.0670055 ; -0.0239123 ; -0.0361777 ; 100.405;
8 ; 20 ; 9 ; -0.0233475 ; 0.0299266 ; -0.0135107 ; 102.418;
9 ; 20 ; 9 ; 0.0463858 ; 0.0311095 ; 0.0384388 ; 101.365;
10 ; 20 ; 9 ; 0.0825053 ; -0.0453312 ; -0.0237414 ; 102.01;
11 ; 20 ; 9 ; 0.0681729 ; 0.00801914 ; 0.0609277 ; 99.9725;
12 ; 20 ; 9 ; 0.104056 ; -0.00589811 ; 0.0403304 ; 101.41;
13 ; 20 ; 9 ; 0.0930221 ; -0.0229385 ; 0.0331152 ; 103.048;
14 ; 20 ; 9 ; 0.0397442 ; -0.0601643 ; 0.0481243 ; 104.03;
15 ; 20 ; 9 ; 0.0716957 ; 0.0400503 ; -0.0171476 ; 102.027;
16 ; 20 ; 9 ; -0.0230297 ; 0.0165777 ; -0.0394491 ; 101.013;
17 ; 20 ; 9 ; 0.0612702 ; 0.00950055 ; -0.026746 ; 101.605;
18 ; 20 ; 9 ; 0.0265684 ; -0.0423367 ; 0.0769522 ; 102.007;
19 ; 20 ; 9 ; 0.0673894 ; 0.0283187 ; 0.0202857 ; 102.335;
20 ; 20 ; 9 ; 0.153031 ; -0.00218604 ; -0.00637061 ; 102.472;
21 ; 20 ; 9 ; 0.157763 ; 0.00338119 ; -0.022845 ; 101.398;
4 ; 21 ; 9 ; 0.0542284 ; -0.0236327 ; -0.0031504 ; 103.127;
5 ; 21 ; 9 ; 0.0350381 ; 0.0459688 ; -0.0297252 ; 102.508;
6 ; 21 ; 9 ; 0.0877604 ; 0.0100102 ; -0.0393789 ; 101.793;
7 ; 21 ; 9 ; 0.0993893 ; -0.0207192 ; -0.0308978 ; 102.34;
8 ; 21 ; 9 ; -0.0385862 ; 0.0523817 ; 0.0798762 ; 104.632;
9 ; 21 ; 9 ; 0.0520595 ; 0.0333755 ; 0.00621615 ; 100.565;
10 ; 21 ; 9 ; -0.00892613 ; -0.00623188 ; -0.0641565 ; 101.338;
11 ; 21 ; 9 ; 0.0609921 ; 0.0344854 ; 0.0387334 ; 100.525;
12 ; 21 ; 9 ; 0.0482113 ; -0.0872979 ; -0.0547124 ; 101.508;
13 ; 21 ; 9 ; 0.0230653 ; -0.0599743 ; -0.00472652 ; 101.16;
14 ; 21 ; 9 ; 0.016215 ; 0.032208 ; 0.0064238 ; 101.975;
15 ; 21 ; 9 ; 0.0864661 ; 0.0468946 ; -0.00909064 ; 103.01;
16 ; 21 ; 9 ; -0.012966 ; -0.0143783 ; -0.102635 ; 101.448;
17 ; 21 ; 9 ; 0.0298174 ; -0.0500004 ; -0.0248691 ; 101.402;
18 ; 21 ; 9 ; -0.0142005 ; -0.0458463 ; 0.0694628 ; 101.368;
19 ; 21 ; 9 ; -0.0100576 ; 0.0101084 ; 0.0379205 ; 101.592;
20 ; 21 ; 9 ; 0.0283625 ; -0.0696931 ; -0.0180165 ; 100.992;
21 ; 21 ; 9 ; 0.0995107 ; -0.0446265 ; 0.0165669 ; 100.91;
4 ; 4 ; 10 ; 0.0572117 ; 0.0887245 ; -0.0228148 ; 105.183;
5 ; 4 ; 10 ; -0.0227529 ; -0.00222016 ; 0.0181164 ; 99.0075;
6 ; 4 ; 10 ; 0.0350448 ; -0.000424171 ; -6.48123e-05 ; 100.955;
7 ; 4 ; 10 ; 0.0880334 ; -0.0318277 ; -0.0462406 ; 102.39;
8 ; 4 ; 10 ; 0.0339945 ; -0.0184067 ; -0.0146977 ; 100.492;
9 ; 4 ; 10 ; 0.0829214 ; 0.0261804 ; -0.000510089 ; 102.938;
10 ; 4 ; 10 ; 0.0905443 ; 0.0322237 ; -0.00764178 ; 102.438;
11 ; 4 ; 10 ; 0.0765337 ; -0.015445 ; -0.0359398 ; 100.383;
12 ; 4 ; 10 ; 0.0686237 ; -0.00142616 ; 0.0507865 ; 103.743;
13 ; 4 ; 10 ; 0.0146009 ; -0.0247298 ; -0.0432786 ; 102.49;
14 ; 4 ; 10 ; 0.0086698 ; 0.10046 ; 0.0399137 ; 102.175;
15 ; 4 ; 10 ; 0.000800312 ; -0.0141247 ; -0.0164476 ; 100.82;
16 ; 4 ; 10 ; 0.036432 ; -0.0114457 ; -0.063757 ; 101.352;
17 ; 4 ; 10 ; 0.0869441 ; 0.0376281 ; -0.00993676 ; 100.623;
18 ; 4 ; 10 ; 0.0580485 ; -0.0388752 ; 0.0327304 ; 101.478;
19 ; 4 ; 10 ; 0.0580855 ; -0.0403627 ; 0.0620445 ; 100.838;
20 ; 4 ; 10 ; 0.0929743 ; -0.0193059 ; -0.102134 ; 103.85;
21 ; 4 ; 10 ; 0.0753845 ; -0.0334075 ; 0.00721216 ; 101.22;
4 ; 5 ; 10 ; 0.00911682 ; -0.041407 ; -0.00981497 ; 101.502;
5 ; 5 ; 10 ; -0.0348022 ; 0.0239718 ; 0.0853139 ; 101.4;
6 ; 5 ; 10 ; -0.0259541 ; -0.00574382 ; -0.038705 ; 101.44;
7 ; 5 ; 10 ; 0.0265199 ; 0.0145706 ; -0.0540481 ; 102.788;
8 ; 5 ; 10 ; 0.0827964 ; -0.0510745 ; 0.00182548 ; 101.21;
9 ; 5 ; 10 ; 0.10648 ; 0.00488589 ; 0.0557053 ; 100.905;
10 ; 5 ; 10 ; 0.0666095 ; 0.0125682 ; -0.0123391 ; 100.978;
11 ; 5 ; 10 ; 0.0594824 ; 0.0177399 ; 0.0251054 ; 102.873;
12 ; 5 ; 10 ; 0.0128467 ; -0.0575504 ; 0.0241659 ; 102.84;
13 ; 5 ; 10 ; 0.00637209 ; -0.0654866 ; 0.0727682 ; 100.295;
14 ; 5 ; 10 ; 0.0555706 ; -0.00920771 ; -0.0359116 ; 102.933;
15 ; 5 ; 10 ; -0.0105124 ; 0.00229195 ; -0.0858618 ; 101.717;
16 ; 5 ; 10 ; 0.0432812 ; 0.103643 ; -0.0470425 ; 101.605;
17 ; 5 ; 10 ; 0.050142 ; -0.0281117 ; 0.00615144 ; 103.195;
18 ; 5 ; 10 ; -0.03578 ; -0.0270535 ; -0.0438185 ; 101.112;
19 ; 5 ; 10 ; 0.028847 ; 0.0308064 ; -0.0728823 ; 101.012;
20 ; 5 ; 10 ; -0.0272658 ; -0.0238907 ; 0.0204852 ; 100.603;
21 ; 5 ; 10 ; 0.0970242 ; 0.0392503 ; -0.0203628 ; 101.335;
4 ; 6 ; 10 ; 0.038933 ; -0.00736638 ; -0.00567188 ; 102.51;
5 ; 6 ; 10 ; 0.0141502 ; -0.0258077 ; -0.070605 ; 100.615;
6 ; 6 ; 10 ; 0.00989867 ; -0.00109063 ; -0.041036 ; 100.83;
7 ; 6 ; 10 ; 0.0612198 ; 0.0569374 ; 0.0498864 ; 104.31;
8 ; 6 ; 10 ; -0.0171615 ; -0.0141399 ; 0.0478931 ; 103.088;
9 ; 6 ; 10 ; -0.0321096 ; -0.0772693 ; -0.0243671 ; 100.56;
10 ; 6 ; 10 ; 0.0668493 ; 0.0812562 ; 0.0727903 ; 102.83;
11 ; 6 ; 10 ; 0.0651399 ; 0.013809 ; 0.0229459 ; 103.91;
12 ; 6 ; 10 ; 0.0594793 ; 0.0425227 ; 0.0493964 ; 99.6425;
13 ; 6 ; 10 ; 0.0781688 ; 0.0210855 ; -0.0077081 ; 102.025;
14 ; 6 ; 10 ; -0.0130477 ; -0.0488842 ; -0.0388752 ; 102.213;
15 ; 6 ; 10 ; 0.0731654 ; -0.0254608 ; -0.0185765 ; 99.24;
16 ; 6 ; 10 ; -0.00366821 ; 0.00622426 ; -0.0337838 ; 102.312;
17 ; 6 ; 10 ; -0.0167887 ; -0.020821 ; 0.0840041 ; 102.86;
18 ; 6 ; 10 ; -0.0207573 ; 0.0182131 ; -0.04294 ; 102.368;
19 ; 6 ; 10 ; 0.106424 ; 0.0475203 ; 0.0168884 ; 103.72;
20 ; 6 ; 10 ; 0.0417576 ; -0.0743387 ; -0.00011092 ; 102.785;
21 ; 6 ; 10 ; 0.0246048 ; -0.029992 ; -0.0129643 ; 99.6675;
4 ; 7 ; 10 ; 0.065207 ; 0.0732115 ; 0.0545997 ; 99.9425;
5 ; 7 ; 10 ; 0.00711635 ; -0.0277707 ; 0.00626318 ; 101.608;
6 ; 7 ; 10 ; 0.0346799 ; 0.0331703 ; 0.00619856 ; 101.655;
7 ; 7 ; 10 ; 0.0446614 ; 0.0107008 ; -0.035991 ; 100.707;
8 ; 7 ; 10 ; 0.0615602 ; -0.0565057 ; 0.0184022 ; 103.123;
9 ; 7 ; 10 ; 0.0423928 ; -0.0123988 ; -0.0152727 ; 101.69;
10 ; 7 ; 10 ; 0.02912 ; 0.0422 ; 0.048389 ; 103.163;
11 ; 7 ; 10 ; 0.0278003 ; 0.00509866 ; 0.0152248 ; 100.792;
12 ; 7 ; 10 ; 0.0135735 ; 0.0539036 ; 0.0361314 ; 103.153;
13 ; 7 ; 10 ; 0.0285322 ; -0.0219327 ; 0.049525 ; 103.95;
14 ; 7 ; 10 ; 0.0408768 ; 0.029971 ; 0.00352864 ; 100.045;
15 ; 7 ; 10 ; 0.0875885 ; 0.0170994 ; 0.0334218 ; 105.067;
16 ; 7 ; 10 ; 0.0502697 ; 0.0579867 ; -0.0438282 ; 103.54;
17 ; 7 ; 10 ; 0.0564727 ; -0.00112153 ; 0.023679 ; 100.547;
18 ; 7 ; 10 ; 0.0691401 ; 0.0453247 ; -0.0388354 ; 99.9175;
19 ; 7 ; 10 ; 0.0828164 ; 0.0315722 ; -0.0120849 ; 101.532;
20 ; 7 ; 10 ; 0.0480243 ; 0.0337898 ; -0.003832 ; 101.73;
21 ; 7 ; 10 ; 0.137271 ; 0.0131489 ; -0.0404272 ; 103.287;
4 ; 8 ; 10 ; 0.116713 ; 0.0144629 ; 0.000828496 ; 97.4825;
5 ; 8 ; 10 ; 0.0300389 ; -0.0247889 ; 0.0160215 ; 100.725;
6 ; 8 ; 10 ; 0.0240841 ; -0.014293 ; -0.0176203 ; 101.547;
7 ; 8 ; 10 ; 0.0492013 ; 0.017301 ; 0.00909547 ; 101.193;
8 ; 8 ; 10 ; 0.0514674 ; 0.0188433 ; -0.000112539 ; 102.275;
9 ; 8 ; 10 ; 0.0338682 ; 0.0171179 ; -0.026407 ; 100.695;
10 ; 8 ; 10 ; 0.108424 ; -0.00916969 ; 0.0111964 ; 103.282;
11 ; 8 ; 10 ; 0.117217 ; 0.011409 ; -0.0439344 ; 101.492;
12 ; 8 ; 10 ; 0.074599 ; 0.0350991 ; 0.0722855 ; 102.93;
13 ; 8 ; 10 ; 0.0384354 ; -0.102017 ; -0.0048161 ; 102.9;
14 ; 8 ; 10 ; 0.128363 ; 0.0849242 ; -0.0748769 ; 100.678;
15 ; 8 ; 10 ; 0.0986684 ; 0.0385214 ; 0.0393668 ; 104.302;
16 ; 8 ; 10 ; 0.0495977 ; -0.00422911 ; 0.0649177 ; 100.833;
17 ; 8 ; 10 ; -0.00141796 ; -0.00733316 ; -0.0104335 ; 102.098;
18 ; 8 ; 10 ; 0.0588685 ; 0.0625995 ; 0.0389898 ; 101.958;
19 ; 8 ; 10 ; 0.0495196 ; -0.0713332 ; -0.0274034 ; 102.38;
20 ; 8 ; 10 ; -0.00283588 ; -0.0561059 ; -0.0223681 ; 102.6;
21 ; 8 ; 10 ; 0.0440288 ; -0.0730028 ; -0.0199537 ; 99.02;
4 ; 9 ; 10 ; -0.00335386 ; 0.0114204 ; 0.0666154 ; 100.338;
5 ; 9 ; 10 ; 0.100786 ; 0.049008 ; 0.0188006 ; 101.605;
6 ; 9 ; 10 ; 0.030625 ; -0.00318282 ; 0.0467361 ; 101.965;
7 ; 9 ; 10 ; 0.017922 ; 0.0241849 ; -0.0241784 ; 101.25;
8 ; 9 ; 10 ; 0.0436648 ; -0.0675217 ; 0.00161285 ; 102.725;
9 ; 9 ; 10 ; -0.0195345 ; -0.0560235 ; -0.040749 ; 102.952;
10 ; 9 ; 10 ; -0.0341088 ; 0.061703 ; -0.0217494 ; 103.233;
11 ; 9 ; 10 ; 0.0411649 ; -0.0607232 ; 0.00972827 ; 100.33;
12 ; 9 ; 10 ; 0.0996919 ; 0.0503997 ; 0.041107 ; 101.493;
13 ; 9 ; 10 ; -0.00160484 ; 0.0127664 ; -0.0405037 ; 101.44;
14 ; 9 ; 10 ; 0.0288868 ; -0.0188134 ; 0.0114321 ; 102.022;
15 ; 9 ; 10 ; 0.0320492 ; 0.0341698 ; 0.0927132 ; 101.005;
16 ; 9 ; 10 ; -0.0569277 ; 0.0440014 ; -0.00668412 ; 101.028;
17 ; 9 ; 10 ; 0.0636273 ; -0.0459461 ; -0.0719114 ; 102.868;
18 ; 9 ; 10 ; 0.00228757 ; -0.0486636 ; 0.00847583 ; 100.665;
19 ; 9 ; 10 ; 0.0190105 ; -0.0318169 ; -0.0114447 ; 102.91;
20 ; 9 ; 10 ; -0.0289929 ; 0.0448955 ; 0.0478196 ; 103.498;
21 ; 9 ; 10 ; 0.0208284 ; -0.0134698 ; 0.0353315 ; 104.29;
4 ; 10 ; 10 ; 0.07518 ; -0.0327064 ; 0.00732225 ; 100.67;
5 ; 10 ; 10 ; -0.0384923 ; -0.0210535 ; -0.00453833 ; 98.645;
6 ; 10 ; 10 ; 0.00802451 ; -0.0580987 ; 0.0225022 ; 102;
7 ; 10 ; 10 ; 0.0662958 ; 0.0378615 ; 0.014905 ; 101.71;
8 ; 10 ; 10 ; 0.0167373 ; -0.0454302 ; -0.0192297 ; 102.903;
9 ; 10 ; 10 ; 0.0968995 ; 0.113965 ; -0.056326 ; 102.067;
10 ; 10 ; 10 ; 0.0123295 ; -0.0497842 ; -0.0344501 ; 103.207;
11 ; 10 ; 10 ; -0.0541857 ; -0.0122822 ; -0.0367168 ; 102.582;
12 ; 10 ; 10 ; 0.0784627 ; 0.0167646 ; 0.00442087 ; 101.645;
13 ; 10 ; 10 ; 0.0523696 ; -0.0378924 ; 0.0156082 ; 103.055;
14 ; 10 ; 10 ; -0.0244072 ; 0.0377164 ; 0.0372116 ; 100.312;
15 ; 10 ; 10 ; 0.0169321 ; 0.0587949 ; -0.106706 ; 103.295;
16 ; 10 ; 10 ; 0.00705594 ; 0.0476572 ; -0.0315138 ; 98.635;
17 ; 10 ; 10 ; 0.00297081 ; -0.0380484 ; 0.0101528 ; 102.215;
18 ; 10 ; 10 ; -0.047365 ; -0.0441155 ; -0.0447197 ; 100.778;
19 ; 10 ; 10 ; 0.0919394 ; -0.0122293 ; -0.00655083 ; 101.56;
20 ; 10 ; 10 ; 0.0196299 ; -0.0399016 ; 0.054245 ; 102.025;
21 ; 10 ; 10 ; 0.0124175 ; 0.0509387 ; 0.0260028 ; 100.358;
4 ; 11 ; 10 ; 0.0600882 ; 0.0188416 ; 0.0580801 ; 101.992;
5 ; 11 ; 10 ; 0.0415888 ; 0.0132361 ; 0.0527185 ; 103.737;
6 ; 11 ; 10 ; -0.0392804 ; 0.00941026 ; -0.0355827 ; 100.87;
7 ; 11 ; 10 ; 0.00688344 ; -0.053104 ; -0.0373945 ; 99.525;
8 ; 11 ; 10 ; -0.00444003 ; 0.054191 ; 0.056334 ; 102.947;
9 ; 11 ; 10 ; -0.0197281 ; 0.0150238 ; -0.000568591 ; 100.308;
10 ; 11 ; 10 ; -0.0343995 ; 0.0564134 ; 0.0342863 ; 100.085;
11 ; 11 ; 10 ; 0.0890899 ; -0.0349968 ; -0.0417921 ; 100.238;
12 ; 11 ; 10 ; 0.0234554 ; -0.0407072 ; 0.0123153 ; 105.79;
13 ; 11 ; 10 ; 0.0259827 ; -0.0269418 ; -0.0620625 ; 102.26;
14 ; 11 ; 10 ; 0.0554621 ; -0.000608947 ; 0.0328233 ; 104.118;
15 ; 11 ; 10 ; 0.0665501 ; -0.0318671 ; -0.00143756 ; 101.562;
16 ; 11 ; 10 ; -0.0139909 ; 0.0835824 ; -0.0409267 ; 100.742;
17 ; 11 ; 10 ; 0.0196749 ; 0.0212097 ; 0.0707698 ; 102.638;
18 ; 11 ; 10 ; -0.0244212 ; 0.0589241 ; 0.00742256 ; 101.922;
19 ; 11 ; 10 ; -0.0230613 ; 0.0318015 ; 0.0323204 ; 101.345;
20 ; 11 ; 10 ; 0.0385993 ; -0.00348997 ; -0.0910239 ; 102.282;
21 ; 11 ; 10 ; 0.0507047 ; 0.0631884 ; -0.0507956 ; 101.485;
4 ; 12 ; 10 ; -0.00113437 ; 0.0606829 ; -0.0407952 ; 100.93;
5 ; 12 ; 10 ; 0.0936417 ; -0.04276 ; 0.0414392 ; 102.555;
6 ; 12 ; 10 ; 0.0993285 ; 0.0316476 ; 0.0104999 ; 99.9525;
7 ; 12 ; 10 ; 0.0681491 ; 0.0290131 ; -0.0454447 ; 101.15;
8 ; 12 ; 10 ; 0.0371446 ; -0.0520568 ; 0.0229176 ; 103.042;
9 ; 12 ; 10 ; 0.0763051 ; -0.0776526 ; -0.0169175 ; 101.17;
10 ; 12 ; 10 ; 0.0173299 ; 0.0197713 ; 0.0137487 ; 104.685;
11 ; 12 ; 10 ; 0.0702517 ; -0.0112575 ; -0.0512348 ; 102.2;
12 ; 12 ; 10 ; -0.0165665 ; 0.0126301 ; -0.0368573 ; 102.13;
13 ; 12 ; 10 ; 0.0342506 ; -0.0157063 ; -0.0279325 ; 103.067;
14 ; 12 ; 10 ; 0.0256479 ; 0.057416 ; 0.0214024 ; 102.29;
15 ; 12 ; 10 ; -0.00165615 ; 0.0268032 ; -0.0399711 ; 102.59;
16 ; 12 ; 10 ; 0.0274805 ; 0.0278308 ; -0.00914415 ; 102.683;
17 ; 12 ; 10 ; -0.0129273 ; 0.00973765 ; 0.0549055 ; 100.22;
18 ; 12 ; 10 ; 0.0256054 ; -0.00853973 ; -0.0293162 ; 101.36;
19 ; 12 ; 10 ; 0.0272112 ; 0.0560473 ; -0.0341729 ; 100.898;
20 ; 12 ; 10 ; 0.0144075 ; -0.0043888 ; -0.0533518 ; 98.955;
21 ; 12 ; 10 ; 0.00227957 ; 0.022024 ; 0.0182041 ; 98.7475;
4 ; 13 ; 10 ; 0.075254 ; 0.0600424 ; 0.00314422 ; 99.6075;
5 ; 13 ; 10 ; 0.074171 ; -0.0185977 ; 0.098749 ; 101.64;
6 ; 13 ; 10 ; 0.0355329 ; 0.0298597 ; -0.00984434 ; 102.575;
7 ; 13 ; 10 ; 0.0482515 ; -0.008682 ; -0.035701 ; 100.34;
8 ; 13 ; 10 ; -0.000507245 ; -0.0271118 ; 0.052 ; 99.505;
9 ; 13 ; 10 ; -0.000933699 ; -0.00468175 ; -0.0056595 ; 101.308;
10 ; 13 ; 10 ; 0.00298702 ; -0.0248751 ; -0.00690238 ; 102.465;
11 ; 13 ; 10 ; 0.055031 ; 0.0177295 ; -0.0292894 ; 99.49;
12 ; 13 ; 10 ; 0.0272997 ; 0.0583824 ; 0.115559 ; 100.347;
13 ; 13 ; 10 ; 0.0521222 ; -0.0230577 ; 0.0157568 ; 99.8225;
14 ; 13 ; 10 ; 0.0508766 ; 0.0864169 ; -0.0290247 ; 101.03;
15 ; 13 ; 10 ; 0.000663512 ; -0.000309697 ; -0.0226559 ; 101.028;
16 ; 13 ; 10 ; -0.0249165 ; 0.0307124 ; 0.0277272 ; 104.913;
17 ; 13 ; 10 ; 0.0384004 ; 0.0368551 ; -0.0232913 ; 102.385;
18 ; 13 ; 10 ; -0.0583289 ; -0.0143598 ; 0.0109644 ; 101.948;
19 ; 13 ; 10 ; 0.0342235 ; -0.0452809 ; 0.0544973 ; 101.355;
20 ; 13 ; 10 ; 0.0707016 ; -0.0455308 ; 0.0954647 ; 101.517;
21 ; 13 ; 10 ; 0.0287467 ; -0.017748 ; 0.00154813 ; 99;
4 ; 14 ; 10 ; 0.0650408 ; -0.0529214 ; 0.00401245 ; 99.27;
5 ; 14 ; 10 ; 0.0834444 ; -0.00750313 ; 0.00202986 ; 100.88;
6 ; 14 ; 10 ; -0.0264058 ; -0.0202613 ; 0.00441345 ; 102.69;
7 ; 14 ; 10 ; 0.0648373 ; -0.0485824 ; 0.00913935 ; 101.858;
8 ; 14 ; 10 ; 0.0551277 ; -0.057814 ; -0.00219085 ; 102.678;
9 ; 14 ; 10 ; 0.0837566 ; -0.00908837 ; 0.00634329 ; 102.448;
10 ; 14 ; 10 ; 0.0760472 ; 0.0253313 ; -0.00654699 ; 101.617;
11 ; 14 ; 10 ; 0.0801929 ; -0.00557055 ; -0.0533256 ; 101.627;
12 ; 14 ; 10 ; 0.0496531 ; -0.022853 ; 0.0648324 ; 101.01;
13 ; 14 ; 10 ; 0.00577276 ; 0.00548344 ; -0.00127203 ; 100.332;
14 ; 14 ; 10 ; 0.041517 ; -0.00926445 ; 0.0229682 ; 99.48;
15 ; 14 ; 10 ; -0.0236852 ; -0.0211474 ; -0.0347076 ; 103.697;
16 ; 14 ; 10 ; 0.0197688 ; 0.0277542 ; -0.0266765 ; 100.778;
17 ; 14 ; 10 ; 0.0976889 ; -0.0425748 ; -0.0458642 ; 100.585;
18 ; 14 ; 10 ; 0.0586424 ; 0.00394796 ; -0.0297036 ; 102.185;
19 ; 14 ; 10 ; 0.0239497 ; -0.0358186 ; 0.0235319 ; 101.388;
20 ; 14 ; 10 ; 0.0630803 ; -0.0283351 ; 0.0151931 ; 102.287;
21 ; 14 ; 10 ; 0.0215755 ; 0.00454076 ; 0.020235 ; 99.2275;
4 ; 15 ; 10 ; -0.000942512 ; -0.0254421 ; -0.00901525 ; 103.558;
5 ; 15 ; 10 ; -0.0478707 ; -0.0245694 ; -0.012405 ; 104.025;
6 ; 15 ; 10 ; 0.0721135 ; 0.0349382 ; 0.0651152 ; 101.39;
7 ; 15 ; 10 ; -0.0286156 ; -0.0104032 ; 0.0365904 ; 102.812;
8 ; 15 ; 10 ; -0.00146315 ; 0.0062161 ; -0.0210693 ; 101.355;
9 ; 15 ; 10 ; 0.0562295 ; 0.0513941 ; 0.0912477 ; 100.213;
10 ; 15 ; 10 ; 0.0423279 ; 0.00127802 ; -0.0451203 ; 104.995;
11 ; 15 ; 10 ; 0.0968398 ; 0.100016 ; -0.0495729 ; 101.03;
12 ; 15 ; 10 ; 0.0473274 ; 0.0186523 ; 0.0478078 ; 103.392;
13 ; 15 ; 10 ; 0.011567 ; 0.0404068 ; 0.00494058 ; 100.63;
14 ; 15 ; 10 ; -0.0124149 ; 0.0404411 ; 0.0658348 ; 101.167;
15 ; 15 ; 10 ; 0.0612504 ; -0.0594604 ; 0.0471596 ; 102.167;
16 ; 15 ; 10 ; 0.0840518 ; 0.0307834 ; 0.0474348 ; 102.54;
17 ; 15 ; 10 ; 0.0192623 ; 0.0519605 ; 0.0223435 ; 102.235;
18 ; 15 ; 10 ; 0.0400722 ; -0.00784354 ; -0.0092498 ; 101.595;
19 ; 15 ; 10 ; 0.0339119 ; 0.0037686 ; -0.0643514 ; 102.1;
20 ; 15 ; 10 ; -0.00720217 ; -0.0958352 ; 0.0539417 ; 100.668;
21 ; 15 ; 10 ; 0.0597739 ; 0.0332732 ; 0.0327222 ; 100.155;
4 ; 16 ; 10 ; 0.0468066 ; -0.0373678 ; 0.0267384 ; 101.627;
5 ; 16 ; 10 ; -0.0201348 ; 0.0251689 ; -0.049031 ; 102.185;
6 ; 16 ; 10 ; -0.000164876 ; -0.00338401 ; 0.0320253 ; 102.017;
7 ; 16 ; 10 ; 0.0650589 ; -0.0561259 ; 0.0151489 ; 100.11;
8 ; 16 ; 10 ; -0.00350786 ; -0.00204875 ; 0.000117918 ; 101.22;
9 ; 16 ; 10 ; 0.0385727 ; 0.0236354 ; 0.0206795 ; 102.78;
10 ; 16 ; 10 ; 0.0619542 ; -0.0238085 ; 0.0213862 ; 101.84;
11 ; 16 ; 10 ; 0.00751181 ; 0.0131933 ; 0.0107042 ; 101.588;
12 ; 16 ; 10 ; 0.0496191 ; 0.0453058 ; 0.0519739 ; 101.12;
13 ; 16 ; 10 ; 0.0722731 ; 0.0521828 ; -0.00514207 ; 103.213;
14 ; 16 ; 10 ; 0.0982386 ; 0.0582957 ; -0.0529747 ; 101.312;
15 ; 16 ; 10 ; -0.0218547 ; 0.0933115 ; -0.0207989 ; 100.17;
16 ; 16 ; 10 ; -0.00824048 ; 0.00391612 ; -0.0843224 ; 101.575;
17 ; 16 ; 10 ; -0.0385928 ; 0.0213326 ; -0.000546696 ; 100.627;
18 ; 16 ; 10 ; 0.021473 ; 0.0554229 ; -0.000534514 ; 101.9;
19 ; 16 ; 10 ; 0.0242476 ; -0.053427 ; -0.0609048 ; 101.405;
20 ; 16 ; 10 ; -0.0258946 ; -0.0188599 ; 0.0316762 ; 100.127;
21 ; 16 ; 10 ; 0.090424 ; 0.0157236 ; 0.0262561 ; 101.552;
4 ; 17 ; 10 ; 0.0270006 ; -0.0687758 ; -0.013851 ; 102.657;
5 ; 17 ; 10 ; 0.00937031 ; 0.00444534 ; -0.00866913 ; 103.535;
6 ; 17 ; 10 ; 0.0400434 ; 0.00333087 ; -0.0378051 ; 101.535;
7 ; 17 ; 10 ; -0.00562701 ; -0.051256 ; 0.0443327 ; 103.66;
8 ; 17 ; 10 ; -0.0614478 ; 0.0384517 ; 0.0969071 ; 100.282;
9 ; 17 ; 10 ; 0.059719 ; 0.038132 ; -0.00143858 ; 102.085;
10 ; 17 ; 10 ; 0.0323615 ; 0.0603736 ; 0.0382904 ; 103.137;
11 ; 17 ; 10 ; 0.0260207 ; -0.0418153 ; -0.126631 ; 101.515;
12 ; 17 ; 10 ; 0.0408236 ; 0.0155509 ; -0.0172615 ; 102.037;
13 ; 17 ; 10 ; 0.0611441 ; 0.0306153 ; 0.0603805 ; 100.302;
14 ; 17 ; 10 ; 0.0233752 ; -0.0547348 ; 0.0246726 ; 103.083;
15 ; 17 ; 10 ; 0.0554636 ; -0.00773948 ; 0.024594 ; 103.465;
16 ; 17 ; 10 ; -0.0200806 ; 0.00278616 ; 0.00809717 ; 100.915;
17 ; 17 ; 10 ; -0.00150737 ; -0.0161997 ; 0.0463803 ; 104.318;
18 ; 17 ; 10 ; -0.0187355 ; 0.00521303 ; -0.0501212 ; 100.385;
19 ; 17 ; 10 ; 0.0789715 ; -0.0132292 ; -0.0506904 ; 99.9475;
20 ; 17 ; 10 ; 0.0684165 ; -0.0363814 ; 0.0469771 ; 101.542;
21 ; 17 ; 10 ; -0.0337902 ; -0.0123635 ; -0.0380742 ; 100.5;
4 ; 18 ; 10 ; 0.0318175 ; -0.00470049 ; -0.00399519 ; 103.263;
5 ; 18 ; 10 ; 0.0925171 ; 0.0157077 ; -0.025023 ; 99.9075;
6 ; 18 ; 10 ; 0.0107483 ; -0.0159866 ; 0.0360613 ; 102.97;
7 ; 18 ; 10 ; 0.0797911 ; -0.00846305 ; -0.00892605 ; 99.81;
8 ; 18 ; 10 ; -0.0547227 ; 0.040728 ; 0.0453225 ; 102.517;
9 ; 18 ; 10 ; 0.0345718 ; -0.00680647 ; -0.0124156 ; 102.125;
10 ; 18 ; 10 ; 0.00440461 ; 0.00591237 ; -0.0470328 ; 102.53;
11 ; 18 ; 10 ; 0.0305302 ; 0.0229363 ; -0.0376818 ; 100.312;
12 ; 18 ; 10 ; 0.0460707 ; 0.064365 ; -0.00343339 ; 101.335;
13 ; 18 ; 10 ; 0.0207691 ; 0.00958269 ; -0.073342 ; 103.297;
14 ; 18 ; 10 ; 0.0293674 ; 0.00501479 ; 0.0197343 ; 103.63;
15 ; 18 ; 10 ; 0.0473661 ; 0.0295929 ; 0.00772153 ; 101.898;
16 ; 18 ; 10 ; 0.0740388 ; -0.00905012 ; 0.0386735 ; 100.153;
17 ; 18 ; 10 ; 0.0574793 ; 0.00889184 ; -0.00354972 ; 101.562;
18 ; 18 ; 10 ; 0.0158548 ; -0.0427243 ; -0.00308931 ; 103.328;
19 ; 18 ; 10 ; 0.0973956 ; 0.0572288 ; -0.0614833 ; 101.775;
20 ; 18 ; 10 ; 0.0417683 ; -0.0220575 ; 0.020338 ; 102.127;
21 ; 18 ; 10 ; 0.0439998 ; 0.106559 ; -0.0391584 ; 104.26;
4 ; 19 ; 10 ; -0.000748333 ; 0.00950775 ; -0.0701238 ; 102.113;
5 ; 19 ; 10 ; 0.00527493 ; 0.014091 ; 0.0505577 ; 102.495;
6 ; 19 ; 10 ; 0.0559768 ; 0.0579611 ; 0.0285995 ; 100.75;
7 ; 19 ; 10 ; 0.00908035 ; 0.0706054 ; -0.0344113 ; 105.735;
8 ; 19 ; 10 ; -0.0247381 ; -0.0660098 ; 0.00283395 ; 99.035;
9 ; 19 ; 10 ; -0.00971232 ; -0.0585656 ; -0.0165551 ; 100.258;
10 ; 19 ; 10 ; 0.0240592 ; -0.0485343 ; 0.0108027 ; 100.027;
11 ; 19 ; 10 ; 0.0585274 ; 0.0236819 ; -0.0122853 ; 102.898;
12 ; 19 ; 10 ; 0.0583303 ; -0.0313606 ; 0.0201273 ; 101.442;
13 ; 19 ; 10 ; 0.00486655 ; 0.0222493 ; -0.0395529 ; 98.7575;
14 ; 19 ; 10 ; -0.01583 ; -0.0172194 ; -0.0406641 ; 103.31;
15 ; 19 ; 10 ; 0.0617316 ; -0.0255274 ; 0.00356104 ; 102.683;
16 ; 19 ; 10 ; 0.0812264 ; 0.0338073 ; -0.0336863 ; 101.43;
17 ; 19 ; 10 ; 0.0407086 ; 0.0462621 ; -0.0263589 ; 101.072;
18 ; 19 ; 10 ; 0.0603402 ; -0.022068 ; -0.0172074 ; 102.315;
19 ; 19 ; 10 ; 0.00504659 ; 0.00672017 ; -0.0388828 ; 100.695;
20 ; 19 ; 10 ; -0.0373302 ; 0.0612507 ; -0.0560007 ; 100.845;
21 ; 19 ; 10 ; 0.00436882 ; 0.0381217 ; -0.0600418 ; 101.285;
4 ; 20 ; 10 ; 0.073459 ; -0.0156261 ; 0.0779018 ; 101.242;
5 ; 20 ; 10 ; 0.0212608 ; 0.0281317 ; 0.0665811 ; 103.995;
6 ; 20 ; 10 ; 0.0232961 ; -0.0073909 ; 0.0871539 ; 104.583;
7 ; 20 ; 10 ; -0.0254998 ; -0.0774548 ; 0.0236876 ; 101.305;
8 ; 20 ; 10 ; 0.0394779 ; -0.0010045 ; 0.0119042 ; 101.495;
9 ; 20 ; 10 ; 0.0839565 ; -0.0333079 ; 0.0142532 ; 101.757;
10 ; 20 ; 10 ; -0.0433606 ; -0.0487751 ; 0.000963277 ; 101.222;
11 ; 20 ; 10 ; 0.0328792 ; -0.0361054 ; 0.0367179 ; 101.493;
12 ; 20 ; 10 ; 0.0190678 ; 0.00955109 ; 0.0612994 ; 101.888;
13 ; 20 ; 10 ; 0.0588198 ; -0.0714959 ; -0.0200425 ; 100.705;
14 ; 20 ; 10 ; -0.01706 ; 0.0503591 ; 0.016371 ; 101.825;
15 ; 20 ; 10 ; 0.130842 ; 0.0706523 ; -0.0626172 ; 102.725;
16 ; 20 ; 10 ; 0.0809347 ; 0.0336282 ; -0.0447045 ; 101.015;
17 ; 20 ; 10 ; 0.0437355 ; -0.0399006 ; 0.0289454 ; 99.4625;
18 ; 20 ; 10 ; 0.104247 ; -0.0164669 ; 0.0619635 ; 98.2225;
19 ; 20 ; 10 ; -0.0426102 ; 0.0498088 ; -0.00950697 ; 101.875;
20 ; 20 ; 10 ; 0.0236349 ; -0.0111411 ; 0.0473387 ; 102.102;
21 ; 20 ; 10 ; -0.00695007 ; 0.0361117 ; 0.00451976 ; 103.452;
4 ; 21 ; 10 ; 0.0333236 ; 0.0227622 ; -0.00123419 ; 101.525;
5 ; 21 ; 10 ; 0.0655083 ; 0.061646 ; 0.0489274 ; 105.858;
6 ; 21 ; 10 ; 0.0389751 ; -0.0109159 ; 0.0686028 ; 99.58;
7 ; 21 ; 10 ; 0.0831106 ; 0.000116227 ; -0.0275651 ; 100.915;
8 ; 21 ; 10 ; 0.0276882 ; -0.0109138 ; 0.0111044 ; 101.1;
9 ; 21 ; 10 ; 0.0606219 ; 0.0104059 ; 0.0722514 ; 103.803;
10 ; 21 ; 10 ; 0.069291 ; 0.0290994 ; 0.033984 ; 103.95;
11 ; 21 ; 10 ; -0.0103693 ; 0.00590807 ; -0.0283404 ; 102.718;
12 ; 21 ; 10 ; 0.106745 ; 0.0336799 ; 0.038545 ; 101.337;
13 ; 21 ; 10 ; 0.0189859 ; 0.0267748 ; -0.0126292 ; 100.607;
14 ; 21 ; 10 ; 0.042053 ; -0.00339295 ; -0.0542414 ; 99.8475;
15 ; 21 ; 10 ; 0.0626823 ; 0.00364355 ; -0.00915874 ; 102.832;
16 ; 21 ; 10 ; 0.0015401 ; 0.0595753 ; -0.0497651 ; 101.195;
17 ; 21 ; 10 ; 0.0445763 ; -0.0418221 ; 0.0685917 ; 101.89;
18 ; 21 ; 10 ; -0.0105118 ; -0.0501067 ; 0.0132814 ; 100.468;
19 ; 21 ; 10 ; 0.0266296 ; -0.0299146 ; 0.0329339 ; 100.61;
20 ; 21 ; 10 ; -0.00999873 ; -0.0497449 ; -0.0430714 ; 101.088;
21 ; 21 ; 10 ; -0.0302164 ; -0.0688221 ; 0.0443724 ; 101.21;
4 ; 4 ; 11 ; 0.0967595 ; -0.0514498 ; -0.0357051 ; 101.032;
5 ; 4 ; 11 ; 0.0238999 ; -0.00457566 ; -0.0171917 ; 100.575;
6 ; 4 ; 11 ; 0.0136606 ; -0.0120997 ; -0.00957016 ; 100.315;
7 ; 4 ; 11 ; 0.0438422 ; -0.0224568 ; -0.0386755 ; 100.038;
8 ; 4 ; 11 ; 0.0618301 ; 0.091006 ; 0.0200967 ; 102.005;
9 ; 4 ; 11 ; 0.0349695 ; 0.070304 ; 0.0435802 ; 101.43;
10 ; 4 ; 11 ; 0.0443251 ; 0.00545627 ; -0.0518856 ; 101.255;
11 ; 4 ; 11 ; 0.0521913 ; 0.0176715 ; -0.00365373 ; 101.215;
12 ; 4 ; 11 ; -0.00597573 ; 0.0208804 ; -0.0325701 ; 101.89;
13 ; 4 ; 11 ; 0.080646 ; 0.0425635 ; 0.0392166 ; 101.057;
14 ; 4 ; 11 ; 0.0669572 ; 0.0183979 ; -0.00574514 ; 103.59;
15 ; 4 ; 11 ; 0.0100156 ; -0.0406855 ; -0.0233098 ; 103.045;
16 ; 4 ; 11 ; 0.033682 ; -0.0193308 ; 0.0329401 ; 99.25;
17 ; 4 ; 11 ; 0.019433 ; 0.0276358 ; 0.0224979 ; 101.27;
18 ; 4 ; 11 ; 0.0113339 ; -0.0152957 ; 0.000262191 ; 103.91;
19 ; 4 ; 11 ; 0.0506169 ; -0.0103693 ; -0.00767384 ; 100.887;
20 ; 4 ; 11 ; 0.00165633 ; -0.0288618 ; -0.00488269 ; 101.477;
21 ; 4 ; 11 ; -0.0336995 ; -0.0223332 ; 0.0528856 ; 102.205;
4 ; 5 ; 11 ; -0.0190555 ; 0.0814134 ; 0.0693446 ; 102.868;
5 ; 5 ; 11 ; 0.028441 ; -0.0142969 ; 0.0487787 ; 104.073;
6 ; 5 ; 11 ; 0.0247291 ; 0.0454299 ; -0.00549778 ; 103.055;
7 ; 5 ; 11 ; 0.067421 ; 0.0455144 ; -0.0726312 ; 101.762;
8 ; 5 ; 11 ; 0.0670411 ; -0.00840383 ; 0.0277936 ; 101.46;
9 ; 5 ; 11 ; 0.101473 ; -0.0181027 ; 0.0873475 ; 103.395;
10 ; 5 ; 11 ; 0.0833923 ; -0.050537 ; -0.0258041 ; 102.507;
11 ; 5 ; 11 ; -0.0517808 ; 0.0655362 ; 0.0437213 ; 100.09;
12 ; 5 ; 11 ; 0.00437724 ; -0.0134424 ; -0.0265408 ; 99.83;
13 ; 5 ; 11 ; -0.0116111 ; 0.0402526 ; 0.010211 ; 101.662;
14 ; 5 ; 11 ; 0.0368308 ; -0.0336267 ; 0.00974728 ; 101.928;
15 ; 5 ; 11 ; -0.0468673 ; -0.0441531 ; 0.0126577 ; 102.442;
16 ; 5 ; 11 ; 0.047791 ; 0.0421121 ; -0.0322196 ; 102.1;
17 ; 5 ; 11 ; 0.0859011 ; -0.0172353 ; -0.0428354 ; 101.74;
18 ; 5 ; 11 ; 0.0696592 ; 0.0293425 ; -0.05598 ; 101.692;
19 ; 5 ; 11 ; -0.00862745 ; 0.017511 ; -0.0304705 ; 100.502;
20 ; 5 ; 11 ; -0.0403385 ; 0.0366522 ; 0.0343377 ; 102.282;
21 ; 5 ; 11 ; -0.0635107 ; -0.097953 ; 0.0331415 ; 101.68;
4 ; 6 ; 11 ; -0.0182402 ; 0.00290594 ; -0.00294068 ; 103.518;
5 ; 6 ; 11 ; -0.0314019 ; -0.0204782 ; -0.0338338 ; 101.86;
6 ; 6 ; 11 ; 0.021158 ; 0.0637803 ; -0.0161189 ; 103.672;
7 ; 6 ; 11 ; 0.0237518 ; -0.0333206 ; 0.0470572 ; 102.478;
8 ; 6 ; 11 ; -0.020562 ; -0.00396301 ; 0.0531359 ; 102.433;
9 ; 6 ; 11 ; 0.0486003 ; 0.00869718 ; -0.0647947 ; 100.88;
10 ; 6 ; 11 ; 0.0107014 ; 0.032331 ; 0.044825 ; 102.31;
11 ; 6 ; 11 ; -0.024452 ; 0.0589808 ; 0.0319005 ; 98.9525;
12 ; 6 ; 11 ; 0.0222378 ; -0.0352195 ; -0.00267673 ; 100.657;
13 ; 6 ; 11 ; -0.0232409 ; 0.0104762 ; -0.00762815 ; 103.535;
14 ; 6 ; 11 ; 0.025582 ; -0.0535006 ; -0.0594739 ; 102.177;
15 ; 6 ; 11 ; -0.0368421 ; -0.039526 ; 0.0174073 ; 102.09;
16 ; 6 ; 11 ; -0.0646568 ; 0.0996732 ; 0.029769 ; 101.255;
17 ; 6 ; 11 ; 0.00522879 ; 0.00142135 ; 0.00161793 ; 101.465;
18 ; 6 ; 11 ; 0.0118891 ; 0.036988 ; -0.0427227 ; 102.42;
19 ; 6 ; 11 ; 0.0126489 ; -0.00105581 ; 0.0030309 ; 101.93;
20 ; 6 ; 11 ; 0.0342302 ; -0.0358849 ; 0.0320147 ; 100.025;
21 ; 6 ; 11 ; 0.00139831 ; -0.0458565 ; -0.0205182 ; 104.1;
4 ; 7 ; 11 ; 0.0123815 ; 0.0245781 ; 0.0143909 ; 102.977;
5 ; 7 ; 11 ; 0.0636907 ; -0.0536981 ; 0.00666103 ; 102.252;
6 ; 7 ; 11 ; 0.118275 ; 0.00770923 ; 0.0706768 ; 104.33;
7 ; 7 ; 11 ; 0.0193721 ; -0.0185065 ; -0.0220432 ; 102.13;
8 ; 7 ; 11 ; 0.0296957 ; -0.0122417 ; -0.103285 ; 100.225;
9 ; 7 ; 11 ; 0.0498081 ; -0.019987 ; 0.000813641 ; 101.972;
10 ; 7 ; 11 ; 0.018966 ; 0.0861306 ; -0.0407132 ; 100.683;
11 ; 7 ; 11 ; 0.00872136 ; 0.109229 ; -0.0163256 ; 100.81;
12 ; 7 ; 11 ; 0.0733365 ; 0.0856322 ; -0.0765614 ; 103.165;
13 ; 7 ; 11 ; -0.00126115 ; -0.0258647 ; -0.0141845 ; 102.578;
14 ; 7 ; 11 ; 0.0312915 ; -0.0360975 ; 0.00986057 ; 102.88;
15 ; 7 ; 11 ; -0.0215277 ; 0.0416036 ; -0.00963915 ; 98.5475;
16 ; 7 ; 11 ; 0.0440997 ; -0.042508 ; -0.0712144 ; 101.743;
17 ; 7 ; 11 ; 0.0143651 ; -0.0279549 ; -0.0796061 ; 102.602;
18 ; 7 ; 11 ; -0.000398463 ; -0.0230903 ; 0.123253 ; 104.25;
19 ; 7 ; 11 ; 0.0654342 ; -0.0637891 ; 0.0317153 ; 99.6075;
20 ; 7 ; 11 ; 0.00872214 ; -0.046165 ; 0.0563623 ; 104.417;
21 ; 7 ; 11 ; 0.0382393 ; 0.118823 ; 0.0658321 ; 102.12;
4 ; 8 ; 11 ; -0.00993742 ; 0.0680619 ; 0.00548495 ; 102.365;
5 ; 8 ; 11 ; 0.0920084 ; -0.00700787 ; -0.100693 ; 101.725;
6 ; 8 ; 11 ; 0.0343234 ; -0.00737516 ; -0.0620996 ; 103.495;
7 ; 8 ; 11 ; -0.0546011 ; 0.0729495 ; 0.054306 ; 102.728;
8 ; 8 ; 11 ; 0.073616 ; -0.0307009 ; 0.0680415 ; 104.228;
9 ; 8 ; 11 ; 0.0749731 ; -0.0750845 ; -0.0831653 ; 101.708;
10 ; 8 ; 11 ; 0.00107201 ; 0.0357192 ; 0.0501143 ; 103.87;
11 ; 8 ; 11 ; 0.0607579 ; -0.0130743 ; -0.0410639 ; 101.127;
12 ; 8 ; 11 ; 0.0557096 ; 0.0442573 ; -0.0947422 ; 99.89;
13 ; 8 ; 11 ; 0.0844271 ; -0.0405571 ; -0.0863677 ; 100.69;
14 ; 8 ; 11 ; 0.0392576 ; -0.057791 ; -0.0834869 ; 103.837;
15 ; 8 ; 11 ; 0.0200516 ; 0.0429752 ; 0.0461932 ; 102.218;
16 ; 8 ; 11 ; -0.00954116 ; -0.0341697 ; -0.0514638 ; 102.725;
17 ; 8 ; 11 ; -0.0125767 ; 0.051261 ; 0.0264446 ; 102.09;
18 ; 8 ; 11 ; 0.0108659 ; -0.0180733 ; 0.0231996 ; 102.412;
19 ; 8 ; 11 ; 0.0350682 ; -0.0222932 ; 0.0119605 ; 102.312;
20 ; 8 ; 11 ; 0.0376382 ; -0.034334 ; 0.0443038 ; 101.61;
21 ; 8 ; 11 ; 0.0420229 ; 0.0054264 ; 0.0119364 ; 102.192;
4 ; 9 ; 11 ; -0.044509 ; -0.000294681 ; -0.0286789 ; 102.165;
5 ; 9 ; 11 ; -0.00909227 ; 0.0154783 ; 0.00368395 ; 100.29;
6 ; 9 ; 11 ; -0.0174039 ; -0.077519 ; 0.0180738 ; 102.727;
7 ; 9 ; 11 ; -0.0360562 ; 0.0125915 ; -0.059481 ; 104.593;
8 ; 9 ; 11 ; -0.0424017 ; 0.0243063 ; -0.0210284 ; 102.593;
9 ; 9 ; 11 ; 0.0181699 ; -0.0398813 ; -0.0200617 ; 101.725;
10 ; 9 ; 11 ; -0.0422474 ; 0.0592644 ; -0.0843251 ; 103.493;
11 ; 9 ; 11 ; 0.0144347 ; -0.0432647 ; 0.0382028 ; 98.8025;
12 ; 9 ; 11 ; 0.00447959 ; -0.0164288 ; 0.0622157 ; 103.842;
13 ; 9 ; 11 ; 0.0231298 ; -0.0982306 ; -0.0178449 ; 102.308;
14 ; 9 ; 11 ; 0.00332335 ; 0.0220784 ; -0.0105996 ; 98.685;
15 ; 9 ; 11 ; 0.0665253 ; -0.0245147 ; 0.0706336 ; 102.145;
16 ; 9 ; 11 ; 0.0958294 ; 0.0303206 ; -0.0885308 ; 102.773;
17 ; 9 ; 11 ; -0.00210028 ; 0.0104471 ; 0.0395907 ; 104.067;
18 ; 9 ; 11 ; -0.0931627 ; -0.0817851 ; -0.0293652 ; 102.042;
19 ; 9 ; 11 ; 0.00185801 ; 0.0141159 ; 0.0279402 ; 102.348;
20 ; 9 ; 11 ; 0.067422 ; 0.0320143 ; 0.0148878 ; 100.175;
21 ; 9 ; 11 ; 0.0611752 ; 0.00512655 ; 0.0833187 ; 103.775;
4 ; 10 ; 11 ; 0.0484034 ; -0.0443861 ; -0.0176387 ; 101.85;
5 ; 10 ; 11 ; 0.0107518 ; -0.0195955 ; -0.00418232 ; 101.835;
6 ; 10 ; 11 ; 0.0260541 ; 0.0281449 ; -0.0141033 ; 100.032;
7 ; 10 ; 11 ; -0.0695242 ; 0.0217274 ; -0.0153969 ; 102.515;
8 ; 10 ; 11 ; 0.0629042 ; -0.0149097 ; 0.0206647 ; 98.8925;
9 ; 10 ; 11 ; 0.018373 ; -0.0720044 ; -0.0550774 ; 102.9;
10 ; 10 ; 11 ; 0.0391551 ; -0.0189951 ; 0.0194747 ; 101.512;
11 ; 10 ; 11 ; 0.0886518 ; -0.0698871 ; -0.0867613 ; 101.082;
12 ; 10 ; 11 ; 0.0196136 ; -0.0434003 ; -0.0584912 ; 101.928;
13 ; 10 ; 11 ; 0.0311659 ; -0.0363215 ; 0.00047285 ; 101.912;
14 ; 10 ; 11 ; -0.0543874 ; 0.0327514 ; -0.0301875 ; 100.572;
15 ; 10 ; 11 ; 0.0601429 ; 0.00303987 ; -0.0119358 ; 103.043;
16 ; 10 ; 11 ; -0.00997192 ; 0.023983 ; -0.0321607 ; 99.8825;
17 ; 10 ; 11 ; -0.00673682 ; -0.0561425 ; -0.00158401 ; 101.485;
18 ; 10 ; 11 ; 0.0578759 ; 0.0153418 ; -0.0116586 ; 103.285;
19 ; 10 ; 11 ; -0.0318816 ; 0.014102 ; 0.0363469 ; 101.285;
20 ; 10 ; 11 ; 0.0242746 ; 0.0325246 ; 0.00859392 ; 100.067;
21 ; 10 ; 11 ; 0.0479026 ; -0.0234427 ; -0.0129006 ; 100.82;
4 ; 11 ; 11 ; -0.0151037 ; -0.000238813 ; -0.00593744 ; 102.01;
5 ; 11 ; 11 ; -0.0551691 ; 0.0292363 ; 0.00869773 ; 102.575;
6 ; 11 ; 11 ; 0.0681615 ; 0.048989 ; 0.0056758 ; 101.875;
7 ; 11 ; 11 ; -0.0425023 ; 0.00990231 ; 0.000311825 ; 101.59;
8 ; 11 ; 11 ; 0.00968774 ; -0.143928 ; 0.0861179 ; 99.0925;
9 ; 11 ; 11 ; 0.0620529 ; -0.0198166 ; -0.0337863 ; 102.038;
10 ; 11 ; 11 ; -0.014191 ; 0.0578348 ; 0.019597 ; 102.925;
11 ; 11 ; 11 ; -0.0141172 ; -0.0392239 ; 0.0730961 ; 101.698;
12 ; 11 ; 11 ; 0.0247329 ; -0.0136875 ; -0.00748678 ; 99.8175;
13 ; 11 ; 11 ; 0.0149431 ; 0.0789797 ; -0.0417833 ; 100.685;
14 ; 11 ; 11 ; 0.0274965 ; -0.03216 ; -0.00234885 ; 100.835;
15 ; 11 ; 11 ; -0.0199649 ; 0.0391208 ; 0.0137254 ; 102.752;
16 ; 11 ; 11 ; 0.030721 ; -0.00698733 ; -0.0664322 ; 100.39;
17 ; 11 ; 11 ; -0.0223669 ; -0.101323 ; 0.00797494 ; 99.9625;
18 ; 11 ; 11 ; -0.0120357 ; -0.0245703 ; -0.0355619 ; 101.938;
19 ; 11 ; 11 ; 0.0156723 ; 0.050149 ; -0.0341282 ; 102.215;
20 ; 11 ; 11 ; -0.0159151 ; 0.0090491 ; 0.0286695 ; 101.69;
21 ; 11 ; 11 ; 0.109309 ; -0.0837024 ; 0.00493741 ; 101.575;
4 ; 12 ; 11 ; 0.0506841 ; 0.0444896 ; -0.0237505 ; 102.213;
5 ; 12 ; 11 ; -0.0122255 ; 0.00112408 ; 0.0158562 ; 104.312;
6 ; 12 ; 11 ; -0.0139668 ; -0.0119182 ; 0.00542501 ; 103.73;
7 ; 12 ; 11 ; 0.0203042 ; 0.0305485 ; 0.064878 ; 98.92;
8 ; 12 ; 11 ; -0.0313993 ; -0.0905956 ; -0.0347532 ; 102.517;
9 ; 12 ; 11 ; 0.00160552 ; -0.0124563 ; -0.0590668 ; 103.808;
10 ; 12 ; 11 ; 0.00485095 ; 0.0447096 ; -0.00495724 ; 104.733;
11 ; 12 ; 11 ; 0.0781878 ; -0.013661 ; 0.0722715 ; 100.737;
12 ; 12 ; 11 ; -0.0125314 ; -0.00256474 ; -0.0259978 ; 101.755;
13 ; 12 ; 11 ; -0.00712902 ; 0.00664665 ; -0.0500273 ; 99.7325;
14 ; 12 ; 11 ; 0.0589963 ; 0.00149994 ; -0.0294794 ; 100.84;
15 ; 12 ; 11 ; 0.0248495 ; 0.0169139 ; -0.0133851 ; 102.57;
16 ; 12 ; 11 ; -0.0150809 ; -0.0725959 ; -0.0122951 ; 101.395;
17 ; 12 ; 11 ; 0.0115655 ; -0.0585999 ; 0.0430708 ; 100.21;
18 ; 12 ; 11 ; 0.0261533 ; -0.00631248 ; 0.0142987 ; 101.935;
19 ; 12 ; 11 ; -0.0780359 ; 0.0262766 ; -0.0110115 ; 100.552;
20 ; 12 ; 11 ; 0.0999284 ; 0.0608121 ; -0.0456511 ; 102.565;
21 ; 12 ; 11 ; 0.0782488 ; -0.0583587 ; 0.000219384 ; 99.825;
4 ; 13 ; 11 ; 0.0718038 ; 0.0552564 ; -0.0309733 ; 102.175;
5 ; 13 ; 11 ; -0.00234366 ; 0.050115 ; 0.0185359 ; 101.99;
6 ; 13 ; 11 ; -0.0242442 ; 0.0042472 ; 0.026888 ; 103.423;
7 ; 13 ; 11 ; -0.0162548 ; -0.0137574 ; -0.00306352 ; 100.98;
8 ; 13 ; 11 ; -0.0382955 ; 0.0940017 ; 0.0488296 ; 101.737;
9 ; 13 ; 11 ; 0.0527272 ; 0.0298247 ; -0.0129784 ; 101.222;
10 ; 13 ; 11 ; 0.0174432 ; -0.0349988 ; 0.042438 ; 101.847;
11 ; 13 ; 11 ; -0.00842169 ; 0.0522217 ; -0.0764461 ; 102.15;
12 ; 13 ; 11 ; -0.00865102 ; 0.0533468 ; 0.0346024 ; 99.48;
13 ; 13 ; 11 ; 0.0276389 ; 0.00916179 ; 0.00156204 ; 102.195;
14 ; 13 ; 11 ; 0.0281068 ; 0.0561867 ; -0.0178021 ; 102.83;
15 ; 13 ; 11 ; 0.0308874 ; 0.0241586 ; 0.0367242 ; 101.42;
16 ; 13 ; 11 ; -0.0323208 ; 0.0566245 ; 0.0775683 ; 102.265;
17 ; 13 ; 11 ; -0.0331439 ; 0.0349066 ; 0.133041 ; 101.737;
18 ; 13 ; 11 ; -0.00182201 ; 0.0142691 ; 0.0462103 ; 103.18;
19 ; 13 ; 11 ; -0.0355772 ; -0.0903219 ; 0.0624418 ; 101.292;
20 ; 13 ; 11 ; 0.033199 ; 0.030198 ; -0.0174376 ; 101.15;
21 ; 13 ; 11 ; 0.0186948 ; 0.013331 ; -0.0603145 ; 102.122;
4 ; 14 ; 11 ; 0.0597397 ; 0.0323414 ; 0.035208 ; 100.455;
5 ; 14 ; 11 ; 0.0149694 ; 0.0366132 ; 0.029407 ; 98.7975;
6 ; 14 ; 11 ; 0.00412049 ; 0.0463705 ; 0.0140745 ; 101.308;
7 ; 14 ; 11 ; 0.039072 ; 0.0210769 ; -0.0204988 ; 102.302;
8 ; 14 ; 11 ; 0.0530608 ; 0.00522176 ; 0.0193703 ; 103.067;
9 ; 14 ; 11 ; 0.0160118 ; -0.0103428 ; -0.0150198 ; 101.845;
10 ; 14 ; 11 ; -0.0155229 ; -0.0180842 ; -0.0810625 ; 100.435;
11 ; 14 ; 11 ; -0.0694076 ; 0.0178816 ; 0.00666561 ; 103.123;
12 ; 14 ; 11 ; 0.0030672 ; 0.023044 ; -0.0281891 ; 103.472;
13 ; 14 ; 11 ; -0.024741 ; -0.00355521 ; 0.0102754 ; 103.1;
14 ; 14 ; 11 ; -0.0482991 ; -0.00616197 ; 0.0532444 ; 102.828;
15 ; 14 ; 11 ; 0.0517922 ; -0.0481059 ; 0.013813 ; 104.762;
16 ; 14 ; 11 ; 0.0166404 ; -0.0345638 ; -0.0668758 ; 100.555;
17 ; 14 ; 11 ; 0.0342075 ; -0.00816822 ; 0.0160614 ; 102.33;
18 ; 14 ; 11 ; 0.0491943 ; 0.0546063 ; 0.0289252 ; 102.562;
19 ; 14 ; 11 ; -0.0136274 ; -0.0123674 ; -0.0077059 ; 101.312;
20 ; 14 ; 11 ; 0.0701658 ; 0.00451338 ; -0.0393804 ; 97.5475;
21 ; 14 ; 11 ; 0.0394451 ; 0.0384205 ; -0.00203309 ; 102.148;
4 ; 15 ; 11 ; 0.0102184 ; 0.00290284 ; -0.00407549 ; 102.787;
5 ; 15 ; 11 ; -0.0566915 ; 0.028479 ; -0.00269162 ; 102.175;
6 ; 15 ; 11 ; -0.00699295 ; 0.0382469 ; 0.0389748 ; 104.018;
7 ; 15 ; 11 ; 0.0767876 ; -0.0318643 ; 0.0174048 ; 101.163;
8 ; 15 ; 11 ; 0.0934928 ; 0.0237049 ; -0.0297916 ; 100.29;
9 ; 15 ; 11 ; 0.009005 ; -0.00290924 ; 0.0241233 ; 100.882;
10 ; 15 ; 11 ; -0.0494691 ; 0.0355302 ; -0.0816166 ; 101.145;
11 ; 15 ; 11 ; 0.00729996 ; -0.0408278 ; 0.0151306 ; 100.803;
12 ; 15 ; 11 ; 0.00450449 ; -5.69939e-05 ; -0.0105597 ; 102.53;
13 ; 15 ; 11 ; 0.0395537 ; 0.0177282 ; -0.00942886 ; 103.94;
14 ; 15 ; 11 ; -0.00165043 ; 0.0856446 ; 0.0262122 ; 99.785;
15 ; 15 ; 11 ; 0.0669187 ; -0.00434364 ; -0.00905062 ; 100.597;
16 ; 15 ; 11 ; 0.00209544 ; 0.0568137 ; 0.0342453 ; 102.485;
17 ; 15 ; 11 ; 0.0132742 ; -0.000699812 ; 0.11916 ; 99.73;
18 ; 15 ; 11 ; 0.00429707 ; -0.0861879 ; -0.000292319 ; 102.612;
19 ; 15 ; 11 ; 0.0740843 ; 0.0724078 ; 0.0106351 ; 101.885;
20 ; 15 ; 11 ; 0.00602206 ; 0.0156832 ; 0.0293209 ; 101.505;
21 ; 15 ; 11 ; 0.0139707 ; -0.0138625 ; -0.0571854 ; 100.445;
4 ; 16 ; 11 ; 0.0544274 ; 0.00309347 ; -0.00405219 ; 102.83;
5 ; 16 ; 11 ; 0.00788182 ; -0.00636234 ; -0.0606571 ; 102.935;
6 ; 16 ; 11 ; -0.00979923 ; -0.0162037 ; 0.0126464 ; 102.582;
7 ; 16 ; 11 ; 0.0187924 ; 0.0258714 ; 0.089268 ; 103.568;
8 ; 16 ; 11 ; 0.0208797 ; -0.0257464 ; 0.0500237 ; 101.38;
9 ; 16 ; 11 ; 0.0443673 ; 0.0127638 ; -0.0481434 ; 101.72;
10 ; 16 ; 11 ; -0.0216355 ; -0.0222353 ; -0.00661937 ; 99.4725;
11 ; 16 ; 11 ; 0.0211257 ; 0.0554097 ; -0.0137707 ; 103.077;
12 ; 16 ; 11 ; -0.0292663 ; -0.10368 ; 0.0166517 ; 100.337;
13 ; 16 ; 11 ; 0.0060419 ; -0.0434881 ; -0.0435122 ; 103.415;
14 ; 16 ; 11 ; 0.055524 ; -0.0314122 ; -0.0306601 ; 101.897;
15 ; 16 ; 11 ; 0.0320509 ; 0.0312039 ; -0.0459757 ; 103.25;
16 ; 16 ; 11 ; -0.0592574 ; 0.0291191 ; 0.0149409 ; 103.488;
17 ; 16 ; 11 ; -0.0233211 ; 0.00677627 ; 0.0665546 ; 100.898;
18 ; 16 ; 11 ; 0.059594 ; 0.0151628 ; -0.0717442 ; 101.028;
19 ; 16 ; 11 ; -0.0361832 ; -0.0113353 ; -0.046526 ; 103.94;
20 ; 16 ; 11 ; 0.00829159 ; 0.0102247 ; 0.00385104 ; 101.33;
21 ; 16 ; 11 ; 0.000484617 ; 0.0464646 ; -0.0500021 ; 100.567;
4 ; 17 ; 11 ; -0.00348603 ; -0.04722 ; 0.0624615 ; 102.273;
5 ; 17 ; 11 ; 0.0247553 ; 0.0487504 ; 0.0557913 ; 101.76;
6 ; 17 ; 11 ; -0.0107878 ; 0.0652476 ; 0.0156076 ; 102.532;
7 ; 17 ; 11 ; 0.0422976 ; -0.0162756 ; 0.0409338 ; 103.82;
8 ; 17 ; 11 ; 0.0328773 ; 0.0760901 ; -0.00252042 ; 100.007;
9 ; 17 ; 11 ; -0.0037214 ; 0.0309867 ; -0.0431388 ; 102.233;
10 ; 17 ; 11 ; 0.0573754 ; 0.00136174 ; -0.0998671 ; 99.635;
11 ; 17 ; 11 ; -0.0407068 ; 0.0309466 ; -0.0840217 ; 101.47;
12 ; 17 ; 11 ; -0.0351773 ; 0.101216 ; 0.00673924 ; 103.135;
13 ; 17 ; 11 ; 0.039838 ; 0.0176834 ; 0.00547542 ; 101.892;
14 ; 17 ; 11 ; -0.043933 ; -0.0374296 ; -0.127105 ; 101.625;
15 ; 17 ; 11 ; -0.0496926 ; -0.00786927 ; 0.0243234 ; 101.61;
16 ; 17 ; 11 ; -0.0385866 ; 0.024933 ; 0.00097044 ; 100.1;
17 ; 17 ; 11 ; 0.00790554 ; -0.0510858 ; -0.0229157 ; 100.215;
18 ; 17 ; 11 ; 0.0150089 ; -0.0221419 ; 0.0195336 ; 102.415;
19 ; 17 ; 11 ; 0.00554735 ; -0.0597069 ; 0.0287039 ; 100.507;
20 ; 17 ; 11 ; 0.00450165 ; -0.081093 ; -0.00285209 ; 101.127;
21 ; 17 ; 11 ; 0.0158419 ; 0.0380554 ; -0.0290363 ; 101.877;
4 ; 18 ; 11 ; 0.0421441 ; 0.0232101 ; 0.00480383 ; 101.773;
5 ; 18 ; 11 ; -0.0145359 ; 0.00198578 ; 0.0173384 ; 103.63;
6 ; 18 ; 11 ; -0.0544427 ; -0.035531 ; 0.00597937 ; 101.86;
7 ; 18 ; 11 ; -0.00790248 ; -0.00907993 ; 0.0303482 ; 97.25;
8 ; 18 ; 11 ; 0.0804714 ; -0.0287874 ; 0.036661 ; 100.805;
9 ; 18 ; 11 ; 0.024419 ; -0.0464977 ; 0.00107129 ; 104.89;
10 ; 18 ; 11 ; -0.0357481 ; 0.0325393 ; -0.0175666 ; 102.405;
11 ; 18 ; 11 ; -0.00402757 ; -0.00846183 ; -0.0365131 ; 99.33;
12 ; 18 ; 11 ; 0.0171551 ; 0.00309296 ; 0.0354181 ; 103.608;
13 ; 18 ; 11 ; -0.0095231 ; -0.0103035 ; 0.0308293 ; 101.065;
14 ; 18 ; 11 ; 0.119518 ; -0.0237013 ; -0.0105083 ; 102.535;
15 ; 18 ; 11 ; 0.0769501 ; -0.0123476 ; -0.0399483 ; 101.938;
16 ; 18 ; 11 ; 0.00850375 ; -0.0134616 ; 0.0576808 ; 104.207;
17 ; 18 ; 11 ; 0.0234765 ; -0.0163426 ; -0.0612785 ; 102.85;
18 ; 18 ; 11 ; 0.00842957 ; -0.0246268 ; 0.104979 ; 101.912;
19 ; 18 ; 11 ; 0.000781799 ; 0.0428689 ; -0.0482551 ; 104.355;
20 ; 18 ; 11 ; 0.042451 ; -0.0519515 ; -0.0145952 ; 103.955;
21 ; 18 ; 11 ; 0.0561821 ; 0.0231534 ; -0.0160808 ; 100.308;
4 ; 19 ; 11 ; -0.0213941 ; -0.0286186 ; -0.0108776 ; 103.13;
5 ; 19 ; 11 ; -0.0803347 ; 0.0459014 ; 0.062058 ; 100.685;
6 ; 19 ; 11 ; -0.0726964 ; -0.0478763 ; 0.0112341 ; 103.895;
7 ; 19 ; 11 ; -0.0375215 ; -0.00206924 ; -0.0945173 ; 99.6075;
8 ; 19 ; 11 ; 0.0407275 ; -0.0125409 ; -0.0666538 ; 104.29;
9 ; 19 ; 11 ; 0.0414263 ; 0.0485526 ; 0.0456145 ; 101.085;
10 ; 19 ; 11 ; 0.0411363 ; -0.0683852 ; -0.00823329 ; 101.545;
11 ; 19 ; 11 ; -0.0319383 ; 0.0412132 ; -0.00601736 ; 99.1375;
12 ; 19 ; 11 ; 0.0129094 ; -0.0367503 ; 0.0362401 ; 103.593;
13 ; 19 ; 11 ; 0.0277149 ; 0.0249442 ; 0.0107499 ; 100.215;
14 ; 19 ; 11 ; 0.0582137 ; -0.0482472 ; 0.0397254 ; 102.925;
15 ; 19 ; 11 ; 0.0246572 ; -0.0446246 ; -0.0548794 ; 101.15;
16 ; 19 ; 11 ; -0.0736932 ; -0.0142239 ; 0.0615174 ; 100.905;
17 ; 19 ; 11 ; -0.00494538 ; 0.0073416 ; -0.00562052 ; 100.708;
18 ; 19 ; 11 ; 0.00569268 ; 0.0364663 ; -0.00457355 ; 103.202;
19 ; 19 ; 11 ; -0.057385 ; -0.0415438 ; -0.0745152 ; 100.773;
20 ; 19 ; 11 ; 0.0246516 ; 0.0189939 ; 0.0561857 ; 98.16;
21 ; 19 ; 11 ; -0.00390487 ; -0.00156798 ; -0.0289233 ; 105.02;
4 ; 20 ; 11 ; 0.0724371 ; -0.0548473 ; -0.0449967 ; 102.065;
5 ; 20 ; 11 ; 0.040908 ; -0.00421023 ; -0.0219519 ; 102.803;
6 ; 20 ; 11 ; 0.0726625 ; 0.0571976 ; 0.00273284 ; 102.3;
7 ; 20 ; 11 ; 0.0849498 ; -0.0192288 ; 0.008445 ; 103.418;
8 ; 20 ; 11 ; -0.0803785 ; 0.0609007 ; 0.0966152 ; 101.032;
9 ; 20 ; 11 ; -0.0597004 ; -0.0070509 ; 0.0359747 ; 102.162;
10 ; 20 ; 11 ; -0.0141244 ; -0.0583043 ; -0.00466872 ; 103.86;
11 ; 20 ; 11 ; 0.04437 ; 0.039265 ; -0.022252 ; 101.308;
12 ; 20 ; 11 ; 0.00809479 ; -0.0335277 ; 0.0151474 ; 100.75;
13 ; 20 ; 11 ; 0.0284054 ; -0.0506234 ; -0.0552203 ; 99.76;
14 ; 20 ; 11 ; 0.0362205 ; -0.00934317 ; -0.0640212 ; 101.642;
15 ; 20 ; 11 ; -0.017011 ; 0.00893696 ; 0.0211615 ; 102.602;
16 ; 20 ; 11 ; 0.0088939 ; 0.00140098 ; 0.0338374 ; 102.145;
17 ; 20 ; 11 ; -0.0347612 ; 0.00741687 ; 0.0365607 ; 102.977;
18 ; 20 ; 11 ; 0.0238528 ; -0.0396254 ; 0.00964442 ; 101.513;
19 ; 20 ; 11 ; 0.0124579 ; 0.015476 ; -0.00526037 ; 100.452;
20 ; 20 ; 11 ; -0.0105145 ; 0.0324325 ; 0.0402344 ; 102.44;
21 ; 20 ; 11 ; 0.0255474 ; 0.0402529 ; 0.0456094 ; 101.752;
4 ; 21 ; 11 ; 0.0862387 ; -0.0715953 ; -0.00802529 ; 102.083;
5 ; 21 ; 11 ; 0.0879569 ; 0.0727408 ; 0.010327 ; 101.35;
6 ; 21 ; 11 ; 0.0268336 ; -0.00911765 ; 0.0355923 ; 102.91;
7 ; 21 ; 11 ; 0.027224 ; -0.0220856 ; -0.0248064 ; 102.72;
8 ; 21 ; 11 ; 0.0406627 ; 0.025189 ; 0.00294434 ; 101.485;
9 ; 21 ; 11 ; 5.58873e-05 ; -0.0488213 ; 0.0621068 ; 102.64;
10 ; 21 ; 11 ; -0.00692265 ; 0.0195655 ; -0.0188223 ; 104.007;
11 ; 21 ; 11 ; 0.047569 ; -0.00900417 ; -0.00277994 ; 100.82;
12 ; 21 ; 11 ; 0.0321614 ; -0.0322013 ; 0.0457028 ; 101.438;
13 ; 21 ; 11 ; -0.0940253 ; 0.0466259 ; -0.041671 ; 102.907;
14 ; 21 ; 11 ; 0.0876085 ; 0.0164496 ; -0.0145185 ; 99.705;
15 ; 21 ; 11 ; 0.026486 ; 0.0139747 ; -0.00527628 ; 101.49;
16 ; 21 ; 11 ; 0.0245591 ; 0.0937265 ; -0.0228155 ; 103.065;
17 ; 21 ; 11 ; 0.0547636 ; 0.0717159 ; 0.104605 ; 101.685;
18 ; 21 ; 11 ; -0.0394529 ; -0.0122751 ; -0.0286123 ; 102.31;
19 ; 21 ; 11 ; 0.0208162 ; 0.0193074 ; -0.0204754 ; 101.222;
20 ; 21 ; 11 ; -0.0258662 ; 0.0179757 ; 0.0368312 ; 100.28;
21 ; 21 ; 11 ; 0.040128 ; -0.0183376 ; -0.0258787 ; 102.287;
4 ; 4 ; 12 ; -0.0914343 ; 0.00563326 ; -0.00342054 ; 101.52;
5 ; 4 ; 12 ; -0.00703888 ; 0.0181785 ; -0.0210263 ; 103.668;
6 ; 4 ; 12 ; 0.0407819 ; 0.0170033 ; -0.0374947 ; 103.43;
7 ; 4 ; 12 ; 0.016716 ; 0.0652576 ; -0.0356204 ; 101.33;
8 ; 4 ; 12 ; -0.00339823 ; 0.0133808 ; 0.0872041 ; 100.215;
9 ; 4 ; 12 ; -0.0274446 ; -0.0147723 ; 0.032898 ; 101.4;
10 ; 4 ; 12 ; -0.0615825 ; 0.0692 ; -0.0162462 ; 99.65;
11 ; 4 ; 12 ; 0.0497118 ; -0.02444 ; -0.0210478 ; 102.263;
12 ; 4 ; 12 ; 0.0131056 ; 0.0173388 ; 0.0288078 ; 100.83;
13 ; 4 ; 12 ; 0.0134501 ; -0.0383298 ; -0.0581176 ; 100.265;
14 ; 4 ; 12 ; 0.0274772 ; -0.0908174 ; 0.0492711 ; 101.773;
15 ; 4 ; 12 ; 0.0205443 ; -0.0180504 ; -0.0572769 ; 98.2875;
16 ; 4 ; 12 ; 0.00419784 ; 0.0356896 ; -0.0254154 ; 100.87;
17 ; 4 ; 12 ; 0.0198198 ; 0.0327598 ; 0.030506 ; 99.8125;
18 ; 4 ; 12 ; 0.0311697 ; -0.0204884 ; 0.040788 ; 102.588;
19 ; 4 ; 12 ; -0.0075772 ; -0.0328872 ; -0.040285 ; 102.365;
20 ; 4 ; 12 ; 0.0260095 ; 0.0163515 ; -0.0107354 ; 100.513;
21 ; 4 ; 12 ; 0.0434183 ; 0.0728856 ; 0.109658 ; 100.565;
4 ; 5 ; 12 ; -0.0155998 ; -0.0634762 ; -0.00288479 ; 101.865;
5 ; 5 ; 12 ; 0.00773559 ; 0.00299704 ; 0.0204799 ; 101.74;
6 ; 5 ; 12 ; 0.0679236 ; -0.0430158 ; 0.0353366 ; 101.535;
7 ; 5 ; 12 ; 0.0492104 ; -0.0644124 ; 0.0145093 ; 103.298;
8 ; 5 ; 12 ; -0.000832785 ; -0.0818881 ; -0.0111014 ; 101.238;
9 ; 5 ; 12 ; 0.0254314 ; -0.0186203 ; -0.0384426 ; 101.23;
10 ; 5 ; 12 ; 0.0707501 ; -0.05083 ; -0.0384488 ; 101.12;
11 ; 5 ; 12 ; 0.0179037 ; 0.0436865 ; 0.0304408 ; 102.42;
12 ; 5 ; 12 ; 0.0623846 ; 0.0609435 ; 0.0213204 ; 102.875;
13 ; 5 ; 12 ; -0.0537605 ; -0.0263015 ; -0.00643601 ; 100.075;
14 ; 5 ; 12 ; 0.000566198 ; -0.0386885 ; -0.0109523 ; 97.93;
15 ; 5 ; 12 ; 0.0141357 ; 0.0143673 ; -0.0730511 ; 104.575;
16 ; 5 ; 12 ; 0.0201867 ; -0.0312006 ; -0.0215748 ; 101.678;
17 ; 5 ; 12 ; 0.0292375 ; 0.0170795 ; -0.0219582 ; 100.632;
18 ; 5 ; 12 ; 0.00947096 ; -0.0174936 ; -0.00134353 ; 101.22;
19 ; 5 ; 12 ; 0.0483507 ; 0.000170635 ; -0.0151643 ; 100.05;
20 ; 5 ; 12 ; 0.00734528 ; 0.0248625 ; -0.0315303 ; 100.89;
21 ; 5 ; 12 ; 0.0364345 ; -0.0362491 ; 0.0525138 ; 102.9;
4 ; 6 ; 12 ; -0.0288407 ; 0.0026931 ; -0.031305 ; 100.472;
5 ; 6 ; 12 ; -0.00367188 ; -0.0162037 ; -0.00565137 ; 102.502;
6 ; 6 ; 12 ; 0.0174727 ; -0.0724584 ; 0.0315628 ; 100.71;
7 ; 6 ; 12 ; -0.0116771 ; 0.0282672 ; -0.0301469 ; 100.593;
8 ; 6 ; 12 ; -0.0239808 ; 0.0861206 ; 0.00866815 ; 101.925;
9 ; 6 ; 12 ; -0.0741927 ; 0.0276231 ; -0.017671 ; 102.46;
10 ; 6 ; 12 ; -0.0637091 ; 0.0413778 ; 0.0142198 ; 101.927;
11 ; 6 ; 12 ; 0.0221478 ; -0.048219 ; 0.0820907 ; 102.295;
12 ; 6 ; 12 ; 0.0553722 ; -0.0351769 ; 0.0505707 ; 100.168;
13 ; 6 ; 12 ; -0.00935439 ; 0.0442118 ; -0.0538016 ; 104.562;
14 ; 6 ; 12 ; 0.0863254 ; 0.0702325 ; -0.0265539 ; 104.015;
15 ; 6 ; 12 ; 0.0455095 ; 0.00211642 ; -0.0491909 ; 101.593;
16 ; 6 ; 12 ; 0.0148908 ; 0.00204952 ; 0.0011599 ; 101.17;
17 ; 6 ; 12 ; -0.0195437 ; 0.0567822 ; -0.0520728 ; 101.107;
18 ; 6 ; 12 ; -0.0595817 ; -0.00956695 ; -0.0305248 ; 102.183;
19 ; 6 ; 12 ; 0.0156906 ; -0.0172685 ; 0.042807 ; 102.53;
20 ; 6 ; 12 ; 0.0764842 ; 0.0346757 ; -0.025137 ; 103.442;
21 ; 6 ; 12 ; 0.0691195 ; 0.00165044 ; 0.0265283 ; 100.562;
4 ; 7 ; 12 ; 0.0544253 ; -0.0281879 ; 0.0305808 ; 103.468;
5 ; 7 ; 12 ; 0.0204595 ; -0.0652914 ; 0.024353 ; 100.255;
6 ; 7 ; 12 ; 0.0418229 ; 0.0241945 ; -0.0101961 ; 100.317;
7 ; 7 ; 12 ; 0.00441203 ; -0.0761435 ; 0.000389997 ; 104.09;
8 ; 7 ; 12 ; 0.0426698 ; 0.043644 ; -0.0126783 ; 103.525;
9 ; 7 ; 12 ; -0.0013387 ; 0.0442076 ; -0.0122532 ; 100.483;
10 ; 7 ; 12 ; -0.00965379 ; -0.0200143 ; -0.0576524 ; 101.998;
11 ; 7 ; 12 ; 0.00316933 ; -0.0527325 ; -0.0310775 ; 104.125;
12 ; 7 ; 12 ; -0.0133389 ; 0.00490371 ; -0.0257141 ; 101.83;
13 ; 7 ; 12 ; -0.0137749 ; 0.00220309 ; 0.123567 ; 100.578;
14 ; 7 ; 12 ; 0.0429172 ; -0.00737246 ; -0.0254209 ; 101.385;
15 ; 7 ; 12 ; 0.0593392 ; -0.0577874 ; -0.0347125 ; 100.922;
16 ; 7 ; 12 ; 0.0446989 ; 0.00505663 ; 0.0652513 ; 103.8;
17 ; 7 ; 12 ; -0.0155774 ; -0.00650597 ; -0.033828 ; 98.96;
18 ; 7 ; 12 ; 0.0138783 ; 0.00450656 ; -0.0137705 ; 102.605;
19 ; 7 ; 12 ; 0.0147787 ; -0.0871063 ; 0.00436848 ; 103.845;
20 ; 7 ; 12 ; 0.0908254 ; -0.0244867 ; -0.00116347 ; 99.8725;
21 ; 7 ; 12 ; 0.0265331 ; 0.00825029 ; 0.0117795 ; 99.735;
4 ; 8 ; 12 ; 0.0209255 ; -0.0234848 ; -0.00948063 ; 99.8;
5 ; 8 ; 12 ; 0.0458865 ; -0.0115597 ; -0.0296011 ; 104.252;
6 ; 8 ; 12 ; -0.0362735 ; 0.0190316 ; -0.051435 ; 101.013;
7 ; 8 ; 12 ; 0.0301355 ; 0.0450988 ; 0.114518 ; 101.093;
8 ; 8 ; 12 ; -0.0260727 ; 0.0346284 ; -0.018063 ; 102.203;
9 ; 8 ; 12 ; 0.0248045 ; -0.00234202 ; -0.00545586 ; 101.458;
10 ; 8 ; 12 ; 0.0355194 ; 0.0241267 ; 0.0295213 ; 99.24;
11 ; 8 ; 12 ; -0.0143566 ; 0.00826321 ; -0.00586924 ; 100.335;
12 ; 8 ; 12 ; -0.058225 ; -0.0123538 ; -0.0388377 ; 102.248;
13 ; 8 ; 12 ; -0.0105813 ; -0.0183221 ; -0.0159909 ; 101.822;
14 ; 8 ; 12 ; -0.0487756 ; 0.0462273 ; 0.0668658 ; 100.507;
15 ; 8 ; 12 ; -0.00408618 ; 0.0204685 ; -0.0320309 ; 102.72;
16 ; 8 ; 12 ; 0.0483124 ; 0.000927849 ; -0.0366786 ; 104.98;
17 ; 8 ; 12 ; 0.0666824 ; -0.0418626 ; 0.054314 ; 100.078;
18 ; 8 ; 12 ; 0.0935729 ; 0.0215895 ; -0.0193273 ; 102.545;
19 ; 8 ; 12 ; 0.0937987 ; -0.0310644 ; 0.0351488 ; 99.9;
20 ; 8 ; 12 ; -0.0191686 ; 0.00777084 ; 0.0652719 ; 102.532;
21 ; 8 ; 12 ; -0.0259278 ; -0.029707 ; 0.0788142 ; 103.602;
4 ; 9 ; 12 ; -0.0589077 ; 0.0246427 ; -0.0261703 ; 102.192;
5 ; 9 ; 12 ; -0.0180797 ; 0.0192839 ; 0.0517375 ; 102.2;
6 ; 9 ; 12 ; 0.013658 ; 0.0163034 ; 0.0421816 ; 103.975;
7 ; 9 ; 12 ; 0.00465001 ; -0.073355 ; 0.0459732 ; 102.14;
8 ; 9 ; 12 ; -0.0523776 ; -0.00860611 ; 0.0103861 ; 101.508;
9 ; 9 ; 12 ; 0.0346074 ; 0.0364485 ; -0.0263947 ; 103.428;
10 ; 9 ; 12 ; 0.0116507 ; 0.0443498 ; -0.042375 ; 99.2275;
11 ; 9 ; 12 ; 0.0226954 ; -0.0035395 ; -0.0401648 ; 102.413;
12 ; 9 ; 12 ; -0.031369 ; -0.0428904 ; -0.0197968 ; 101.695;
13 ; 9 ; 12 ; 0.0134531 ; 0.000907285 ; -0.0485968 ; 102.612;
14 ; 9 ; 12 ; 0.0129034 ; -0.0663357 ; 0.055371 ; 103.213;
15 ; 9 ; 12 ; 0.0507373 ; 0.00694803 ; -0.0320102 ; 100.725;
16 ; 9 ; 12 ; 0.0200242 ; 0.0371288 ; -0.00813948 ; 103.285;
17 ; 9 ; 12 ; 0.0391084 ; 0.0249843 ; -0.00135708 ; 103.27;
18 ; 9 ; 12 ; 0.0414009 ; -0.0858623 ; -0.020772 ; 101.392;
19 ; 9 ; 12 ; 0.0115452 ; 0.000777489 ; -0.0983041 ; 102.24;
20 ; 9 ; 12 ; -0.0887341 ; 0.00602875 ; -0.00310642 ; 102.782;
21 ; 9 ; 12 ; -0.0660759 ; -0.0388045 ; 0.157156 ; 100.87;
4 ; 10 ; 12 ; 0.0447924 ; 0.00238218 ; -0.0148589 ; 103.77;
5 ; 10 ; 12 ; 0.0278826 ; -0.000395902 ; 0.0034847 ; 100.618;
6 ; 10 ; 12 ; 0.0376339 ; 0.0183604 ; 0.00778658 ; 102.5;
7 ; 10 ; 12 ; 0.0277749 ; -0.0454508 ; -0.00484424 ; 102.485;
8 ; 10 ; 12 ; -0.00117886 ; 0.0162492 ; -0.0321696 ; 103.677;
9 ; 10 ; 12 ; -0.031149 ; -0.00948049 ; -0.0377681 ; 102.863;
10 ; 10 ; 12 ; -0.0823396 ; 0.00817806 ; -0.0145304 ; 101.627;
11 ; 10 ; 12 ; 0.0795844 ; 0.0145501 ; -0.0331746 ; 104.085;
12 ; 10 ; 12 ; -0.00294972 ; -0.0122963 ; 0.0217299 ; 100.815;
13 ; 10 ; 12 ; 0.0275158 ; -0.0190068 ; 0.0235029 ; 101.037;
14 ; 10 ; 12 ; -0.0191483 ; 0.00582558 ; 0.0169992 ; 101.21;
15 ; 10 ; 12 ; 0.0191207 ; -0.0124983 ; -0.0112409 ; 100.485;
16 ; 10 ; 12 ; 0.0640306 ; 0.0258503 ; -0.00795999 ; 99.6;
17 ; 10 ; 12 ; 0.0665627 ; -0.0196658 ; -0.0270042 ; 103.513;
18 ; 10 ; 12 ; 0.0300671 ; -0.00255224 ; -0.0560094 ; 104.125;
19 ; 10 ; 12 ; 0.0299603 ; -0.0186676 ; 0.0625195 ; 102.27;
20 ; 10 ; 12 ; -0.0366 ; -0.0386272 ; -0.073118 ; 100.527;
21 ; 10 ; 12 ; 0.0400174 ; -0.0646116 ; -0.0656073 ; 101.89;
4 ; 11 ; 12 ; -0.0196029 ; -0.0252557 ; 0.0151659 ; 100.212;
5 ; 11 ; 12 ; -0.00515318 ; 0.0389906 ; 0.000485405 ; 101.59;
6 ; 11 ; 12 ; -0.0695902 ; 0.0210554 ; 0.00855138 ; 101.99;
7 ; 11 ; 12 ; -0.0418803 ; -0.0185161 ; -0.0152256 ; 101.297;
8 ; 11 ; 12 ; 0.0619133 ; 0.0198018 ; 0.0375375 ; 101.17;
9 ; 11 ; 12 ; 0.0158333 ; -0.0401986 ; -0.0271308 ; 103.757;
10 ; 11 ; 12 ; 0.00254975 ; -0.0597643 ; 0.0119794 ; 103.578;
11 ; 11 ; 12 ; -0.00950349 ; 0.0440803 ; 0.0551352 ; 102.615;
12 ; 11 ; 12 ; -0.0481165 ; -0.0699928 ; 0.0248972 ; 103.115;
13 ; 11 ; 12 ; -0.0363854 ; 0.000194795 ; 0.000516609 ; 102.528;
14 ; 11 ; 12 ; 0.0483306 ; 0.0414753 ; -0.0649802 ; 101.225;
15 ; 11 ; 12 ; 0.032486 ; -0.0367299 ; -0.0709601 ; 100.203;
16 ; 11 ; 12 ; -0.0346881 ; -0.0149338 ; -0.0148965 ; 102.965;
17 ; 11 ; 12 ; -0.0379118 ; -0.0594963 ; 0.0484732 ; 102.05;
18 ; 11 ; 12 ; 0.0296603 ; -0.0319183 ; -0.0457011 ; 100.67;
19 ; 11 ; 12 ; -0.0061439 ; 0.0803092 ; 0.0514683 ; 101.617;
20 ; 11 ; 12 ; 0.0213576 ; 0.0109902 ; 0.0500907 ; 101.925;
21 ; 11 ; 12 ; 0.0163376 ; 0.0286955 ; 0.00748194 ; 101.685;
4 ; 12 ; 12 ; -0.0186977 ; 0.0120743 ; -0.0385412 ; 103.368;
5 ; 12 ; 12 ; 0.00968825 ; 0.0103751 ; 0.0233169 ; 100.222;
6 ; 12 ; 12 ; -0.0580428 ; 0.0457959 ; -0.00593431 ; 101.405;
7 ; 12 ; 12 ; -0.0336935 ; 0.050717 ; -0.00270834 ; 104.205;
8 ; 12 ; 12 ; 0.0485485 ; 0.0628543 ; -0.0618585 ; 99.4325;
9 ; 12 ; 12 ; 0.0296851 ; 0.0114707 ; 0.0403873 ; 101.697;
10 ; 12 ; 12 ; 0.0804902 ; 0.0367694 ; 0.0637814 ; 102.377;
11 ; 12 ; 12 ; 0.0243511 ; 0.0334899 ; -0.0144457 ; 102.19;
12 ; 12 ; 12 ; -0.0328775 ; 0.0336447 ; 0.0209113 ; 102.417;
13 ; 12 ; 12 ; -0.0175184 ; -0.0141987 ; 0.0182679 ; 103.29;
14 ; 12 ; 12 ; 0.0499704 ; -0.0293851 ; -0.0345048 ; 101.793;
15 ; 12 ; 12 ; 0.0440426 ; -0.0366186 ; 0.117819 ; 103.92;
16 ; 12 ; 12 ; 0.0350193 ; 0.0101533 ; 0.0195722 ; 100.365;
17 ; 12 ; 12 ; 0.0917216 ; 0.0482386 ; 0.0424274 ; 102.528;
18 ; 12 ; 12 ; 0.0370281 ; 0.0488609 ; -0.0410073 ; 99.6175;
19 ; 12 ; 12 ; 0.021037 ; -0.0599273 ; -0.0278765 ; 99.56;
20 ; 12 ; 12 ; -0.0461255 ; -0.0488489 ; -0.00269867 ; 101.21;
21 ; 12 ; 12 ; -0.0164978 ; 0.0322195 ; -0.0299539 ; 102.535;
4 ; 13 ; 12 ; -0.0227591 ; -0.0250469 ; -0.0459515 ; 99.435;
5 ; 13 ; 12 ; 0.0244054 ; -0.066017 ; -0.0088447 ; 104.815;
6 ; 13 ; 12 ; 0.0231783 ; 0.0394894 ; 0.01282 ; 101.938;
7 ; 13 ; 12 ; -0.0882519 ; 0.0229254 ; -0.0549127 ; 102.293;
8 ; 13 ; 12 ; 0.0216488 ; 0.0286001 ; -0.0179218 ; 101.735;
9 ; 13 ; 12 ; -0.0245202 ; -0.0473146 ; -0.0186912 ; 104.303;
10 ; 13 ; 12 ; -0.0668446 ; -0.0135817 ; -0.0365738 ; 100.45;
11 ; 13 ; 12 ; 0.0131262 ; 0.0664437 ; 0.0645481 ; 101.785;
12 ; 13 ; 12 ; -0.0523308 ; -0.0314687 ; -0.00714269 ; 99.4425;
13 ; 13 ; 12 ; 0.0424937 ; 0.0167848 ; -0.0380892 ; 102.653;
14 ; 13 ; 12 ; 0.0319429 ; -0.0427711 ; 0.0978285 ; 100.517;
15 ; 13 ; 12 ; 0.0224925 ; -0.0400449 ; 0.0591288 ; 101.7;
16 ; 13 ; 12 ; 0.0484625 ; 0.10451 ; -0.00893431 ; 100.477;
17 ; 13 ; 12 ; 0.0727369 ; 0.0600926 ; -0.00258002 ; 101.828;
18 ; 13 ; 12 ; 0.0062638 ; -0.0318995 ; 0.0140687 ; 101.493;
19 ; 13 ; 12 ; -0.014162 ; -0.0214789 ; -0.0631918 ; 101.312;
20 ; 13 ; 12 ; 0.0383283 ; 0.0267458 ; -0.0745114 ; 101.042;
21 ; 13 ; 12 ; 0.00280491 ; 0.0947451 ; -0.0155636 ; 100.415;
4 ; 14 ; 12 ; 0.0180105 ; 0.0150092 ; -0.0317757 ; 100.405;
5 ; 14 ; 12 ; 0.0124821 ; -0.0715045 ; 0.0062828 ; 104.485;
6 ; 14 ; 12 ; -0.0319106 ; 0.0157322 ; 0.0117704 ; 102.222;
7 ; 14 ; 12 ; -0.0689074 ; 0.00594151 ; -0.0863965 ; 101.078;
8 ; 14 ; 12 ; 0.0119879 ; -0.00297358 ; -0.0671582 ; 100.86;
9 ; 14 ; 12 ; -0.0440874 ; -0.0647153 ; -0.0337665 ; 99.9125;
10 ; 14 ; 12 ; 0.0273768 ; -0.0190702 ; -0.0758514 ; 102.74;
11 ; 14 ; 12 ; 0.058336 ; 0.0327672 ; 0.0808246 ; 101.873;
12 ; 14 ; 12 ; 0.00483273 ; -0.0767476 ; -0.0460145 ; 101.823;
13 ; 14 ; 12 ; -0.000381781 ; 0.0365615 ; -0.0101274 ; 102.777;
14 ; 14 ; 12 ; 0.038645 ; -0.0191434 ; 0.0664836 ; 102.235;
15 ; 14 ; 12 ; 0.0641784 ; -0.0435659 ; 0.0213537 ; 102.633;
16 ; 14 ; 12 ; -0.0135457 ; 0.0657071 ; 0.00283704 ; 102.225;
17 ; 14 ; 12 ; -0.0109975 ; 0.0421105 ; 0.0200502 ; 104.968;
18 ; 14 ; 12 ; -0.00293043 ; 0.0215971 ; -0.0180692 ; 99.7225;
19 ; 14 ; 12 ; 0.016657 ; -0.0165357 ; -0.018568 ; 101.532;
20 ; 14 ; 12 ; -0.0331299 ; 0.0254685 ; -0.0409853 ; 102.635;
21 ; 14 ; 12 ; 0.0269185 ; 0.0100191 ; 0.0753964 ; 99.415;
4 ; 15 ; 12 ; -0.0177402 ; 0.0156004 ; -0.0281844 ; 99.99;
5 ; 15 ; 12 ; -0.0515449 ; 0.0617071 ; 0.0314365 ; 100.705;
6 ; 15 ; 12 ; 0.00613117 ; 0.0081389 ; -0.0456644 ; 99.2275;
7 ; 15 ; 12 ; 0.0328864 ; -0.0263375 ; 0.0791411 ; 103.683;
8 ; 15 ; 12 ; -0.0476836 ; 0.0301752 ; 0.0380984 ; 99.865;
9 ; 15 ; 12 ; 0.0310949 ; 0.0421962 ; -0.03751 ; 101.177;
10 ; 15 ; 12 ; 0.0565677 ; -0.0136309 ; 0.0216976 ; 102.578;
11 ; 15 ; 12 ; -0.0931525 ; -0.0157217 ; 0.000684918 ; 100.058;
12 ; 15 ; 12 ; 0.00474118 ; -0.00319938 ; -0.0063165 ; 103.065;
13 ; 15 ; 12 ; 0.012892 ; -0.0170485 ; -0.0041936 ; 102.162;
14 ; 15 ; 12 ; 0.0301592 ; -0.0337968 ; -0.0828683 ; 103.56;
15 ; 15 ; 12 ; 0.0710654 ; 0.0331642 ; -0.0423856 ; 98.5225;
16 ; 15 ; 12 ; 0.0745706 ; 0.0703711 ; -0.0193715 ; 102.585;
17 ; 15 ; 12 ; 0.017637 ; 0.0288643 ; 0.0351896 ; 100.92;
18 ; 15 ; 12 ; 0.00585881 ; 0.0241164 ; 0.0475728 ; 105.45;
19 ; 15 ; 12 ; -0.0312635 ; 0.000605981 ; -0.0445743 ; 101.972;
20 ; 15 ; 12 ; 0.0648673 ; -0.102967 ; 0.011815 ; 102.773;
21 ; 15 ; 12 ; 0.0337855 ; -0.0293393 ; 0.00620992 ; 100.907;
4 ; 16 ; 12 ; 0.00208514 ; -0.0858132 ; -0.0109148 ; 101.892;
5 ; 16 ; 12 ; -0.0358193 ; -0.00668143 ; 0.0398885 ; 99.38;
6 ; 16 ; 12 ; 0.0275513 ; -0.012431 ; 0.0532784 ; 102.183;
7 ; 16 ; 12 ; -0.0484806 ; -0.0220566 ; 0.0355706 ; 102.418;
8 ; 16 ; 12 ; -0.0482145 ; -0.0210149 ; 0.0326139 ; 102.12;
9 ; 16 ; 12 ; -0.0029944 ; -0.0891748 ; -0.0241464 ; 101.303;
10 ; 16 ; 12 ; -0.0203028 ; 0.0616675 ; -0.0236116 ; 101.972;
11 ; 16 ; 12 ; 0.00597558 ; 0.00564206 ; 0.0215454 ; 104.55;
12 ; 16 ; 12 ; -0.0260513 ; 0.0161057 ; 0.081926 ; 98.62;
13 ; 16 ; 12 ; 0.034977 ; 0.0140682 ; 0.0754186 ; 102.66;
14 ; 16 ; 12 ; 0.0159283 ; 0.0137519 ; 0.0476464 ; 102.685;
15 ; 16 ; 12 ; 0.0408051 ; -0.00317871 ; 0.0210446 ; 102.705;
16 ; 16 ; 12 ; 0.0331472 ; 0.08085 ; -0.0102184 ; 100.825;
17 ; 16 ; 12 ; -0.0168626 ; -0.0461438 ; -0.0197229 ; 102.705;
18 ; 16 ; 12 ; -0.00742085 ; 0.044923 ; 0.0195606 ; 102.355;
19 ; 16 ; 12 ; -0.00967622 ; -0.00433344 ; -0.00414108 ; 103.65;
20 ; 16 ; 12 ; -0.00663827 ; -0.0471696 ; 0.0433958 ; 103.26;
21 ; 16 ; 12 ; 0.0414197 ; -0.0165901 ; 0.0155905 ; 102.95;
4 ; 17 ; 12 ; 0.0648864 ; -0.0706544 ; 0.00215128 ; 100.877;
5 ; 17 ; 12 ; 0.0902546 ; 0.017759 ; -0.00849424 ; 100.887;
6 ; 17 ; 12 ; -0.00572969 ; -0.0429388 ; -0.0284538 ; 103.04;
7 ; 17 ; 12 ; 0.039331 ; -0.0243637 ; 0.00177601 ; 105.362;
8 ; 17 ; 12 ; -0.0310288 ; -0.0898372 ; 0.0410236 ; 102.915;
9 ; 17 ; 12 ; -0.00422284 ; 0.00964108 ; -0.0351439 ; 102.083;
10 ; 17 ; 12 ; -0.00897537 ; -0.0269805 ; 0.0180082 ; 100.185;
11 ; 17 ; 12 ; -0.0129061 ; 0.00600453 ; -0.026497 ; 102.047;
12 ; 17 ; 12 ; -3.0432e-05 ; 0.0106891 ; -0.0436643 ; 100.745;
13 ; 17 ; 12 ; 0.0699315 ; -0.0644247 ; -0.0138798 ; 101.483;
14 ; 17 ; 12 ; 0.019582 ; -0.0130476 ; -0.0227148 ; 99.595;
15 ; 17 ; 12 ; -0.00197043 ; -0.0431246 ; -0.00614481 ; 98.8525;
16 ; 17 ; 12 ; -0.0317168 ; -0.0375557 ; -0.0100361 ; 100.472;
17 ; 17 ; 12 ; -0.0384243 ; -0.0254069 ; -0.0478738 ; 100.267;
18 ; 17 ; 12 ; 0.0165392 ; 0.0446598 ; -0.0553474 ; 103.29;
19 ; 17 ; 12 ; -0.0123838 ; -0.0266519 ; -0.0181978 ; 102.035;
20 ; 17 ; 12 ; -0.0360217 ; 0.0292027 ; -0.0357638 ; 102.273;
21 ; 17 ; 12 ; -0.0350071 ; -0.0244106 ; 0.0148576 ; 104.097;
4 ; 18 ; 12 ; -0.00371044 ; 0.0180705 ; -0.0266764 ; 101.588;
5 ; 18 ; 12 ; 0.0595209 ; -0.056999 ; 0.0307706 ; 99.82;
6 ; 18 ; 12 ; -0.00630887 ; 0.0453193 ; 0.0358745 ; 100.782;
7 ; 18 ; 12 ; -0.00166788 ; 0.101135 ; -0.0186437 ; 102.218;
8 ; 18 ; 12 ; -0.0288985 ; -0.0291781 ; -0.00053647 ; 99.065;
9 ; 18 ; 12 ; 0.0344969 ; 0.108822 ; 0.0550389 ; 100.558;
10 ; 18 ; 12 ; 0.0199698 ; -0.0190684 ; 0.0188378 ; 100.382;
11 ; 18 ; 12 ; 0.00324859 ; -0.0277633 ; 0.0649657 ; 103.758;
12 ; 18 ; 12 ; -0.0670644 ; -0.013222 ; 0.068 ; 101.18;
13 ; 18 ; 12 ; -0.031224 ; -0.0426157 ; 0.0627361 ; 100.66;
14 ; 18 ; 12 ; 0.106015 ; 0.00878821 ; -0.0238803 ; 100.11;
15 ; 18 ; 12 ; 0.0099443 ; -0.0118533 ; 0.0420714 ; 102.642;
16 ; 18 ; 12 ; 0.00920256 ; -0.0470349 ; -0.00307041 ; 100.355;
17 ; 18 ; 12 ; 0.0303063 ; -0.0337458 ; -0.043042 ; 100.49;
18 ; 18 ; 12 ; 0.0188041 ; -0.0952672 ; -0.00620422 ; 99.675;
19 ; 18 ; 12 ; 0.0453969 ; 0.00439556 ; -0.0596533 ; 102.558;
20 ; 18 ; 12 ; -0.0447841 ; -0.0384655 ; -0.0516318 ; 101.66;
21 ; 18 ; 12 ; -0.0759269 ; -0.0385153 ; -0.046806 ; 102.64;
4 ; 19 ; 12 ; -0.0381884 ; 0.0264816 ; 0.031598 ; 102.205;
5 ; 19 ; 12 ; 0.0522932 ; 0.0489485 ; -0.00460252 ; 102.797;
6 ; 19 ; 12 ; 0.0174503 ; -0.018406 ; -0.0451589 ; 100.623;
7 ; 19 ; 12 ; -0.0129909 ; 0.0119142 ; -0.0617064 ; 102.233;
8 ; 19 ; 12 ; 0.00935519 ; -0.00566768 ; -0.0358017 ; 100.183;
9 ; 19 ; 12 ; -0.0941998 ; 0.0154501 ; 0.117457 ; 100.913;
10 ; 19 ; 12 ; -0.0101641 ; 0.0561449 ; 0.0602897 ; 100.925;
11 ; 19 ; 12 ; -0.0632756 ; 0.0564901 ; 0.0299351 ; 103.34;
12 ; 19 ; 12 ; 0.0302224 ; -0.0473589 ; -0.0350153 ; 101.63;
13 ; 19 ; 12 ; 0.0319108 ; -0.0833133 ; -0.0204698 ; 103.072;
14 ; 19 ; 12 ; 0.0149066 ; -0.0172213 ; -0.0631069 ; 103.155;
15 ; 19 ; 12 ; 0.0862205 ; -0.0712153 ; -0.0396357 ; 102.315;
16 ; 19 ; 12 ; 0.00875154 ; 0.00201432 ; -0.0692123 ; 101.252;
17 ; 19 ; 12 ; -0.0398757 ; -0.00102178 ; 0.012773 ; 104.185;
18 ; 19 ; 12 ; -0.0743507 ; -0.00890605 ; 0.0292537 ; 100.528;
19 ; 19 ; 12 ; -0.0626062 ; 0.0210084 ; -0.0751665 ; 102.765;
20 ; 19 ; 12 ; -0.00492511 ; 0.00593212 ; -0.0494465 ; 103.058;
21 ; 19 ; 12 ; -0.00729158 ; 0.0253593 ; -0.0234724 ; 102.963;
4 ; 20 ; 12 ; -0.0191095 ; -0.111762 ; 0.0879758 ; 102.88;
5 ; 20 ; 12 ; -0.0275474 ; 0.0286468 ; -0.112055 ; 102.435;
6 ; 20 ; 12 ; 0.06566 ; -0.0396959 ; 0.0027644 ; 99.6625;
7 ; 20 ; 12 ; -0.0475286 ; -0.00882428 ; -0.0600575 ; 102.1;
8 ; 20 ; 12 ; 0.0687645 ; 0.0232332 ; 0.0403499 ; 104.09;
9 ; 20 ; 12 ; 0.0172443 ; -0.0490288 ; -0.0665054 ; 102.748;
10 ; 20 ; 12 ; 0.034692 ; -0.00943607 ; -0.0402739 ; 102.133;
11 ; 20 ; 12 ; 0.00882551 ; 0.00976533 ; 0.0242329 ; 103.502;
12 ; 20 ; 12 ; -0.012096 ; -0.0691478 ; 0.0356397 ; 100.285;
13 ; 20 ; 12 ; 0.0505768 ; 0.03274 ; -0.00581314 ; 99.805;
14 ; 20 ; 12 ; -0.00897865 ; 0.0365708 ; -0.0713794 ; 103.5;
15 ; 20 ; 12 ; -0.0340747 ; -0.0741951 ; -0.00695815 ; 97.7475;
16 ; 20 ; 12 ; 0.0303329 ; 0.0334656 ; 0.0249357 ; 102.627;
17 ; 20 ; 12 ; -0.0304328 ; 0.0424756 ; 0.0163271 ; 103.5;
18 ; 20 ; 12 ; 0.0598834 ; -0.0706495 ; -0.00614863 ; 101.642;
19 ; 20 ; 12 ; -0.0475849 ; 0.0646233 ; -0.0837955 ; 103.195;
20 ; 20 ; 12 ; 0.0300247 ; 0.0757013 ; 0.0452088 ; 101.088;
21 ; 20 ; 12 ; 0.0472205 ; -0.0501206 ; 0.0674504 ; 102.158;
4 ; 21 ; 12 ; 0.036076 ; 0.0658752 ; 0.0425848 ; 102.058;
5 ; 21 ; 12 ; 0.0126149 ; 0.0487854 ; 0.0132681 ; 102.555;
6 ; 21 ; 12 ; -0.0865188 ; 0.0185693 ; 0.0322445 ; 104.395;
7 ; 21 ; 12 ; 0.0563245 ; -0.0577996 ; 0.0584983 ; 101.873;
8 ; 21 ; 12 ; -0.0279511 ; 0.00923506 ; -0.0255657 ; 99.895;
9 ; 21 ; 12 ; -0.00787276 ; -0.0328656 ; -0.0247566 ; 102.08;
10 ; 21 ; 12 ; -0.00217345 ; -0.0351389 ; 0.0618123 ; 102.555;
11 ; 21 ; 12 ; 0.126122 ; 0.04314 ; -0.0619304 ; 101.233;
12 ; 21 ; 12 ; 0.0516506 ; -0.0285845 ; 0.0274698 ; 100.475;
13 ; 21 ; 12 ; -0.048795 ; -0.0441168 ; 0.0344614 ; 102.05;
14 ; 21 ; 12 ; -0.0545743 ; -0.0282902 ; -0.0640043 ; 102.162;
15 ; 21 ; 12 ; 0.0152158 ; -0.0664423 ; 0.0244094 ; 104.147;
16 ; 21 ; 12 ; -0.0130973 ; -0.00214374 ; 0.0933114 ; 101.35;
17 ; 21 ; 12 ; 0.0592978 ; 0.0554187 ; 0.0720435 ; 102.512;
18 ; 21 ; 12 ; -0.00126899 ; -0.00601519 ; 0.0410424 ; 100.913;
19 ; 21 ; 12 ; 0.050201 ; 0.0272072 ; 0.00911424 ; 102.55;
20 ; 21 ; 12 ; 0.0420463 ; -0.001441 ; -0.0306777 ; 100.608;
21 ; 21 ; 12 ; 0.0167007 ; 0.0402301 ; 0.0253402 ; 103.067;
4 ; 4 ; 13 ; 0.0457295 ; -0.094617 ; 0.0707679 ; 103.075;
5 ; 4 ; 13 ; 0.0878299 ; 0.0171185 ; 0.0363014 ; 101.192;
6 ; 4 ; 13 ; -0.00939073 ; -0.0535349 ; 0.0085063 ; 102.12;
7 ; 4 ; 13 ; 0.00728889 ; -0.0489864 ; -0.00932321 ; 101.457;
8 ; 4 ; 13 ; 0.0055321 ; -0.0181431 ; 0.056626 ; 100.475;
9 ; 4 ; 13 ; 0.0140655 ; 0.0198597 ; 0.0828402 ; 104.4;
10 ; 4 ; 13 ; -0.0248835 ; 0.0432664 ; -0.00762628 ; 100.955;
11 ; 4 ; 13 ; 0.0392063 ; 0.045304 ; 0.0443638 ; 100.817;
12 ; 4 ; 13 ; 0.0806664 ; -0.0363684 ; -0.0173149 ; 101.763;
13 ; 4 ; 13 ; -0.0109361 ; 0.00985024 ; -0.0377532 ; 102.37;
14 ; 4 ; 13 ; -0.0223562 ; -0.00659518 ; -0.0539701 ; 100.53;
15 ; 4 ; 13 ; -0.0419152 ; -0.0284915 ; 0.0407658 ; 102.058;
16 ; 4 ; 13 ; 0.0130279 ; -0.0788851 ; -0.0482054 ; 102.008;
17 ; 4 ; 13 ; 0.0176614 ; -0.0160522 ; 0.0221206 ; 102.213;
18 ; 4 ; 13 ; -0.0247966 ; 0.0218231 ; 0.0131006 ; 102.918;
19 ; 4 ; 13 ; 0.0393503 ; -0.00343776 ; -0.0138315 ; 104.11;
20 ; 4 ; 13 ; 0.0316453 ; 0.0795895 ; 0.0231366 ; 102.902;
21 ; 4 ; 13 ; 0.00578399 ; 0.0327196 ; 0.123096 ; 99.26;
4 ; 5 ; 13 ; -0.0576769 ; -0.0197371 ; 0.0489592 ; 101.752;
5 ; 5 ; 13 ; -0.0435108 ; 0.0179079 ; 0.0562609 ; 101;
6 ; 5 ; 13 ; -0.00474277 ; -0.0207641 ; -0.0305486 ; 103.235;
7 ; 5 ; 13 ; -0.0521587 ; -0.0649878 ; 0.041877 ; 100.08;
8 ; 5 ; 13 ; -0.0199748 ; -0.00921599 ; 0.00230633 ; 101.525;
9 ; 5 ; 13 ; -0.0285935 ; -0.00734413 ; -0.0100253 ; 100.573;
10 ; 5 ; 13 ; 0.0230528 ; 0.0112641 ; 0.00130906 ; 100.86;
11 ; 5 ; 13 ; -0.040455 ; 0.0524206 ; 0.0263769 ; 102.513;
12 ; 5 ; 13 ; 0.0423983 ; 0.00985394 ; 0.0147776 ; 101.525;
13 ; 5 ; 13 ; 0.00813983 ; 0.0256797 ; -0.0701862 ; 102.38;
14 ; 5 ; 13 ; 0.0157204 ; 0.0642161 ; -0.0265417 ; 103.41;
15 ; 5 ; 13 ; -0.0555936 ; 0.0971073 ; 0.00567124 ; 100.615;
16 ; 5 ; 13 ; -0.0177398 ; -0.0259661 ; -0.0589764 ; 103.322;
17 ; 5 ; 13 ; 0.0219448 ; -0.0193966 ; 0.0451761 ; 102.282;
18 ; 5 ; 13 ; -0.00335812 ; 0.0411507 ; 0.0317483 ; 103.047;
19 ; 5 ; 13 ; 0.00766351 ; -0.00117061 ; -0.0512956 ; 101.308;
20 ; 5 ; 13 ; 0.000266759 ; 0.0130224 ; -0.00126631 ; 102.515;
21 ; 5 ; 13 ; -0.100162 ; 0.0544453 ; 0.131124 ; 100.752;
4 ; 6 ; 13 ; -0.00262856 ; -0.0566779 ; -0.0623691 ; 102.315;
5 ; 6 ; 13 ; -0.015044 ; 0.0492913 ; 0.0960854 ; 102.278;
6 ; 6 ; 13 ; 0.00882177 ; 0.014219 ; -0.0509815 ; 102.463;
7 ; 6 ; 13 ; 0.0260347 ; -0.0192508 ; 0.00528514 ; 97.725;
8 ; 6 ; 13 ; -0.0993993 ; 0.0657568 ; -0.0413989 ; 99.5225;
9 ; 6 ; 13 ; 0.0395242 ; -0.0112773 ; 0.012178 ; 103.565;
10 ; 6 ; 13 ; 0.0183337 ; -0.0516332 ; 0.0672272 ; 102.412;
11 ; 6 ; 13 ; 0.00658736 ; 0.0369498 ; 0.0323701 ; 102.36;
12 ; 6 ; 13 ; -0.0250034 ; -0.00874904 ; 0.0287473 ; 102.61;
13 ; 6 ; 13 ; -0.0183889 ; -0.0330901 ; 0.00688517 ; 101.303;
14 ; 6 ; 13 ; -0.0510111 ; 0.0762706 ; 0.021628 ; 100.157;
15 ; 6 ; 13 ; -0.00634048 ; -0.00169547 ; -0.0604226 ; 103.4;
16 ; 6 ; 13 ; 0.0138296 ; -0.0509152 ; -0.0273882 ; 100.448;
17 ; 6 ; 13 ; -0.0107302 ; -0.0631636 ; 0.0175937 ; 102.545;
18 ; 6 ; 13 ; 0.0362156 ; 0.00132423 ; 0.0658422 ; 99.0325;
19 ; 6 ; 13 ; -0.0215698 ; -0.029316 ; -0.0221659 ; 103;
20 ; 6 ; 13 ; 0.082306 ; -0.0653975 ; -0.0694583 ; 100.438;
21 ; 6 ; 13 ; -0.0458053 ; -0.0204681 ; -0.00051421 ; 103.295;
4 ; 7 ; 13 ; -0.0022363 ; -0.0381845 ; 0.0735654 ; 100.207;
5 ; 7 ; 13 ; 0.0200813 ; -0.00740843 ; 0.0230117 ; 104.945;
6 ; 7 ; 13 ; 0.0614845 ; -0.0455622 ; 0.0184337 ; 100.975;
7 ; 7 ; 13 ; 0.051688 ; 0.00233831 ; 0.0101026 ; 101.225;
8 ; 7 ; 13 ; -0.0104825 ; 0.0564489 ; 0.0707579 ; 99.59;
9 ; 7 ; 13 ; 0.0558894 ; 0.0641432 ; -0.0612941 ; 102.392;
10 ; 7 ; 13 ; 0.00317434 ; 0.0690969 ; 0.00751158 ; 101.08;
11 ; 7 ; 13 ; -0.0387113 ; -0.0430092 ; -0.109716 ; 101.557;
12 ; 7 ; 13 ; -0.0223265 ; -0.00146411 ; -0.103368 ; 100.705;
13 ; 7 ; 13 ; 0.0421272 ; 0.0135123 ; -0.0300598 ; 98.595;
14 ; 7 ; 13 ; -0.00112515 ; -0.021385 ; -0.0289075 ; 100.633;
15 ; 7 ; 13 ; -0.0426509 ; -0.0654511 ; 0.00118691 ; 99.095;
16 ; 7 ; 13 ; -0.132375 ; -0.00789013 ; 0.00384665 ; 102.275;
17 ; 7 ; 13 ; 0.0634823 ; -0.0616811 ; -0.00578783 ; 100.41;
18 ; 7 ; 13 ; -0.00193084 ; 0.0438763 ; 0.00448005 ; 103.322;
19 ; 7 ; 13 ; -0.0178542 ; 0.0230611 ; -0.0242093 ; 100.935;
20 ; 7 ; 13 ; -0.02091 ; 0.0418594 ; -0.0685323 ; 102.66;
21 ; 7 ; 13 ; 0.0806889 ; -0.0741715 ; 0.0340452 ; 102.088;
4 ; 8 ; 13 ; -0.00497519 ; 0.0229564 ; -0.00228466 ; 100.078;
5 ; 8 ; 13 ; -0.0634914 ; -0.0629458 ; -0.0100718 ; 102.175;
6 ; 8 ; 13 ; -0.00700072 ; 0.0342131 ; 0.030418 ; 103.082;
7 ; 8 ; 13 ; 0.0141251 ; -0.00888982 ; 0.0214217 ; 100.538;
8 ; 8 ; 13 ; -0.00192937 ; 0.0195719 ; -0.016227 ; 103.115;
9 ; 8 ; 13 ; -0.0365759 ; 0.0444668 ; -0.0342305 ; 103.815;
10 ; 8 ; 13 ; -0.0869415 ; -0.00551872 ; 0.00507669 ; 102.72;
11 ; 8 ; 13 ; -0.0531961 ; -0.00795702 ; -0.0210593 ; 102.335;
12 ; 8 ; 13 ; -0.0252132 ; -0.00371477 ; 0.00448493 ; 102.042;
13 ; 8 ; 13 ; -0.0216259 ; -0.0063697 ; -0.0126916 ; 102.952;
14 ; 8 ; 13 ; 0.0288991 ; 0.0457148 ; -0.00475812 ; 100.72;
15 ; 8 ; 13 ; -0.0507292 ; -0.0302277 ; -0.00141871 ; 100.51;
16 ; 8 ; 13 ; -0.102476 ; -0.0147402 ; 0.052933 ; 101.787;
17 ; 8 ; 13 ; 0.00424909 ; 0.00097646 ; 0.0441639 ; 101.345;
18 ; 8 ; 13 ; 0.0274632 ; -0.00235371 ; -0.00413737 ; 101.265;
19 ; 8 ; 13 ; -0.00681458 ; -0.0320191 ; -0.0614027 ; 101.045;
20 ; 8 ; 13 ; -0.0368712 ; 0.0864831 ; 0.0318087 ; 102.955;
21 ; 8 ; 13 ; -0.00595638 ; 0.0112391 ; 0.03095 ; 103.365;
4 ; 9 ; 13 ; -0.020159 ; 0.0166343 ; -0.0730595 ; 104.645;
5 ; 9 ; 13 ; -0.0537041 ; -0.0146481 ; -0.0148798 ; 101.852;
6 ; 9 ; 13 ; -0.0505672 ; -0.0388058 ; -0.0130167 ; 102.668;
7 ; 9 ; 13 ; 0.0216956 ; 0.0368531 ; -0.00444458 ; 103.442;
8 ; 9 ; 13 ; 0.012706 ; 0.0137677 ; -0.012804 ; 101.972;
9 ; 9 ; 13 ; 0.00855624 ; 0.0112638 ; 0.00409748 ; 100.157;
10 ; 9 ; 13 ; -0.0306267 ; 0.0229317 ; 0.0691055 ; 103.192;
11 ; 9 ; 13 ; -0.0541022 ; 0.0171144 ; 0.0146939 ; 99.9425;
12 ; 9 ; 13 ; -0.00808318 ; -0.0762103 ; -0.0380191 ; 103.245;
13 ; 9 ; 13 ; 0.00470481 ; -0.0810927 ; 0.0057538 ; 100.553;
14 ; 9 ; 13 ; -0.0790412 ; -0.000273055 ; -0.0398995 ; 101.483;
15 ; 9 ; 13 ; 0.114588 ; -0.0359349 ; -0.0137644 ; 103.358;
16 ; 9 ; 13 ; 0.0113452 ; -0.0236214 ; 0.0615427 ; 102.692;
17 ; 9 ; 13 ; -0.0175823 ; 0.0290286 ; 0.0434766 ; 100.44;
18 ; 9 ; 13 ; 0.0269271 ; -0.00758911 ; 0.0114921 ; 100.853;
19 ; 9 ; 13 ; -0.0276661 ; 0.0332024 ; -0.0355633 ; 103.358;
20 ; 9 ; 13 ; -0.0516359 ; 0.0585899 ; -0.0388755 ; 100.245;
21 ; 9 ; 13 ; 0.0842687 ; 0.0326159 ; 0.0619353 ; 99.3325;
4 ; 10 ; 13 ; -0.0571276 ; 0.0436014 ; 0.0074387 ; 102.985;
5 ; 10 ; 13 ; 0.0106202 ; 0.0320112 ; 0.0365805 ; 99.63;
6 ; 10 ; 13 ; -0.096602 ; -0.0285029 ; -0.027638 ; 101.23;
7 ; 10 ; 13 ; -0.0463287 ; 0.0245115 ; 0.0421394 ; 100.775;
8 ; 10 ; 13 ; 0.078936 ; 0.0438464 ; -0.0194485 ; 102.953;
9 ; 10 ; 13 ; 0.00593176 ; 0.00505758 ; 0.0211234 ; 101.025;
10 ; 10 ; 13 ; -0.0657129 ; -0.064803 ; -0.0261993 ; 100.292;
11 ; 10 ; 13 ; 0.00600485 ; -0.0191752 ; 0.0384174 ; 102.082;
12 ; 10 ; 13 ; -0.045114 ; 0.0469004 ; 0.00885653 ; 99.77;
13 ; 10 ; 13 ; 0.0353307 ; -0.0317423 ; -0.0140208 ; 101.72;
14 ; 10 ; 13 ; 0.0833812 ; -0.00527673 ; -0.0374139 ; 103.7;
15 ; 10 ; 13 ; 0.0205057 ; -0.0619376 ; -0.0465756 ; 103.93;
16 ; 10 ; 13 ; 0.0693288 ; 0.0335503 ; 0.000705651 ; 105.318;
17 ; 10 ; 13 ; 0.0370008 ; -0.00339676 ; 0.081575 ; 103.005;
18 ; 10 ; 13 ; -0.0490744 ; 0.0206489 ; -0.0168507 ; 101.53;
19 ; 10 ; 13 ; -0.0726469 ; 0.0150135 ; 0.0517862 ; 100.49;
20 ; 10 ; 13 ; -0.0344016 ; 0.000809711 ; -0.00845718 ; 103.235;
21 ; 10 ; 13 ; -0.0312485 ; 0.0124829 ; -0.0184475 ; 100.435;
4 ; 11 ; 13 ; 0.0375186 ; 0.0236634 ; -0.0675299 ; 100.635;
5 ; 11 ; 13 ; 0.0519324 ; 0.0375229 ; 0.0148126 ; 101.62;
6 ; 11 ; 13 ; -0.0161897 ; 0.0177196 ; -0.0748536 ; 102.21;
7 ; 11 ; 13 ; 0.0109272 ; -0.030507 ; 0.0538241 ; 100.612;
8 ; 11 ; 13 ; -0.00883667 ; 0.0310046 ; -0.0197253 ; 99.7575;
9 ; 11 ; 13 ; -0.0650541 ; -0.0357846 ; -0.0559907 ; 101.15;
10 ; 11 ; 13 ; 0.0018071 ; -0.065609 ; 0.0187765 ; 100.447;
11 ; 11 ; 13 ; 0.0176463 ; 0.00861581 ; -0.0154286 ; 102.72;
12 ; 11 ; 13 ; -0.0616746 ; 0.0257457 ; 0.116483 ; 99.1725;
13 ; 11 ; 13 ; 0.0400295 ; 0.0947393 ; 0.0473147 ; 101.447;
14 ; 11 ; 13 ; -0.022854 ; -0.0513193 ; -0.0153107 ; 100.87;
15 ; 11 ; 13 ; 0.00612505 ; -0.0128882 ; -0.0379395 ; 102.642;
16 ; 11 ; 13 ; 0.0136105 ; -0.0394839 ; 0.0333966 ; 100.497;
17 ; 11 ; 13 ; -0.0458105 ; -0.0665777 ; 0.0492255 ; 102.15;
18 ; 11 ; 13 ; -0.0183564 ; -0.00201542 ; -0.0487062 ; 101.263;
19 ; 11 ; 13 ; -0.0165118 ; 0.0334192 ; 0.0235384 ; 101.183;
20 ; 11 ; 13 ; 0.0132598 ; -0.0493363 ; -0.0398177 ; 103.985;
21 ; 11 ; 13 ; 0.0745198 ; 0.0171166 ; 0.0388719 ; 102.82;
4 ; 12 ; 13 ; -0.0271468 ; 0.0571242 ; 0.0268449 ; 98.565;
5 ; 12 ; 13 ; -0.00563879 ; -0.0312949 ; -0.0094294 ; 100.373;
6 ; 12 ; 13 ; 0.0118156 ; -0.085713 ; -0.094479 ; 100.535;
7 ; 12 ; 13 ; 0.0237513 ; 0.0778722 ; 0.00754598 ; 103.165;
8 ; 12 ; 13 ; -0.0247737 ; 0.000928808 ; 0.0799174 ; 99.5325;
9 ; 12 ; 13 ; 0.00105167 ; -0.0135553 ; 0.0747316 ; 103.3;
10 ; 12 ; 13 ; -0.0573508 ; -0.000929742 ; 0.0658315 ; 101.365;
11 ; 12 ; 13 ; 0.0407644 ; 0.02551 ; -0.0219981 ; 101.938;
12 ; 12 ; 13 ; 0.00306437 ; 0.0421784 ; -0.0851296 ; 100.88;
13 ; 12 ; 13 ; 0.0568849 ; 0.00180882 ; -0.0197214 ; 101.75;
14 ; 12 ; 13 ; 0.0125864 ; -0.0613735 ; 0.00426449 ; 103.518;
15 ; 12 ; 13 ; -0.0297487 ; 0.0191494 ; -0.0196462 ; 99.8625;
16 ; 12 ; 13 ; -0.0322474 ; 0.0398282 ; -0.0214237 ; 100.565;
17 ; 12 ; 13 ; 0.0495816 ; -0.0758529 ; 0.00852076 ; 103.593;
18 ; 12 ; 13 ; -0.00214901 ; -0.0231446 ; -0.0543124 ; 100.132;
19 ; 12 ; 13 ; -0.053811 ; 0.0199202 ; -0.0146735 ; 101.317;
20 ; 12 ; 13 ; -0.0201884 ; 0.0394115 ; -0.0255906 ; 101.19;
21 ; 12 ; 13 ; 0.108739 ; 0.108859 ; -0.0693298 ; 101.215;
4 ; 13 ; 13 ; -0.059932 ; 0.029249 ; 0.0405531 ; 101.585;
5 ; 13 ; 13 ; -0.026096 ; 0.0328822 ; 0.0427577 ; 103.42;
6 ; 13 ; 13 ; 0.0364087 ; -0.110496 ; 0.00987429 ; 100.765;
7 ; 13 ; 13 ; -0.0301107 ; -0.01254 ; 0.0005518 ; 101.63;
8 ; 13 ; 13 ; 0.0829842 ; -0.000278296 ; -0.0522182 ; 100.965;
9 ; 13 ; 13 ; 0.0148612 ; -0.0258478 ; -0.0328237 ; 102.695;
10 ; 13 ; 13 ; -0.0456683 ; 0.0370537 ; -0.0167675 ; 100.505;
11 ; 13 ; 13 ; -0.00738178 ; -0.0436352 ; 0.0163275 ; 102.575;
12 ; 13 ; 13 ; -0.0168778 ; -0.0247438 ; -0.0255703 ; 103.117;
13 ; 13 ; 13 ; 0.0524167 ; 0.0121308 ; -0.0829745 ; 98.41;
14 ; 13 ; 13 ; 0.0610524 ; -0.0536989 ; -0.00107099 ; 100.703;
15 ; 13 ; 13 ; -0.0085844 ; -0.0411028 ; -0.0591174 ; 101.817;
16 ; 13 ; 13 ; -0.0275851 ; -0.0243279 ; -0.0191968 ; 100.578;
17 ; 13 ; 13 ; -0.041577 ; 0.0587079 ; 0.00798512 ; 103.37;
18 ; 13 ; 13 ; 0.0172904 ; 0.044082 ; -0.0076572 ; 101.845;
19 ; 13 ; 13 ; -0.00528172 ; -0.0444032 ; -0.0782949 ; 103.68;
20 ; 13 ; 13 ; 0.0408604 ; -0.0311094 ; -0.0230217 ; 101.56;
21 ; 13 ; 13 ; -0.00952636 ; -0.0339408 ; -0.0501499 ; 102.473;
4 ; 14 ; 13 ; 0.0270121 ; 0.0446797 ; -0.00294721 ; 100.525;
5 ; 14 ; 13 ; 0.0286764 ; 0.0305209 ; 0.0238767 ; 100.333;
6 ; 14 ; 13 ; -0.00553012 ; -0.0453832 ; 0.055156 ; 103.502;
7 ; 14 ; 13 ; 0.0784302 ; -0.0357746 ; 0.0151281 ; 103.352;
8 ; 14 ; 13 ; -0.0332336 ; 0.00984629 ; 0.00246429 ; 102.805;
9 ; 14 ; 13 ; 0.026634 ; 0.000154263 ; -0.00576642 ; 103.153;
10 ; 14 ; 13 ; -0.0283066 ; 0.00818858 ; 0.0228347 ; 102.8;
11 ; 14 ; 13 ; 0.0293934 ; -0.00911871 ; 0.075977 ; 102.455;
12 ; 14 ; 13 ; 0.00859606 ; 0.0524641 ; -0.0606998 ; 105.022;
13 ; 14 ; 13 ; 0.0222111 ; 0.0161356 ; -0.0411378 ; 101.39;
14 ; 14 ; 13 ; 0.0115074 ; -0.000255222 ; -0.0112275 ; 102.988;
15 ; 14 ; 13 ; 0.00888879 ; -0.0520627 ; -0.102398 ; 100.155;
16 ; 14 ; 13 ; -0.0690199 ; 0.00396509 ; -0.102867 ; 103.822;
17 ; 14 ; 13 ; -0.0359045 ; -0.00133591 ; -0.0561157 ; 101.45;
18 ; 14 ; 13 ; 0.0205019 ; 0.0299144 ; -0.00407124 ; 102.225;
19 ; 14 ; 13 ; 0.0599175 ; 0.0339348 ; -0.00271202 ; 99.8625;
20 ; 14 ; 13 ; 0.0674452 ; -0.0662268 ; -0.0666857 ; 100.558;
21 ; 14 ; 13 ; -0.026461 ; -0.0356046 ; -0.0223284 ; 104.935;
4 ; 15 ; 13 ; -0.0061375 ; 0.0462935 ; -0.0203258 ; 103.368;
5 ; 15 ; 13 ; 0.00549279 ; 0.0478904 ; -0.0194866 ; 101.623;
6 ; 15 ; 13 ; -0.00900112 ; 0.0104893 ; -0.0174116 ; 101.968;
7 ; 15 ; 13 ; 0.0866664 ; -0.0475908 ; -0.023135 ; 103.293;
8 ; 15 ; 13 ; -0.0324696 ; 0.00336642 ; 0.0262483 ; 102.227;
9 ; 15 ; 13 ; 0.0301706 ; -0.0169223 ; 0.0396051 ; 100.515;
10 ; 15 ; 13 ; 0.0548912 ; -0.0107938 ; -0.0532311 ; 102.81;
11 ; 15 ; 13 ; 0.0150945 ; -0.06914 ; 0.0191694 ; 101.017;
12 ; 15 ; 13 ; -0.00946567 ; -0.081651 ; 0.00473432 ; 102.27;
13 ; 15 ; 13 ; 0.0194558 ; -0.053988 ; -0.0308154 ; 100.267;
14 ; 15 ; 13 ; 0.0515522 ; 0.0177481 ; 0.0112759 ; 101.653;
15 ; 15 ; 13 ; 0.00743858 ; -0.0456782 ; -0.0158654 ; 102.827;
16 ; 15 ; 13 ; 0.0465684 ; 0.0218444 ; -0.00347625 ; 99.6175;
17 ; 15 ; 13 ; 0.0108351 ; 0.0974795 ; 0.0222199 ; 102.432;
18 ; 15 ; 13 ; 0.0320386 ; 0.0915234 ; 0.0381366 ; 99.9125;
19 ; 15 ; 13 ; 0.0139075 ; -0.00870065 ; 0.0531119 ; 102.955;
20 ; 15 ; 13 ; -0.0331779 ; -0.0975509 ; -0.015482 ; 101.252;
21 ; 15 ; 13 ; -0.0283254 ; 0.0208227 ; 0.000251616 ; 102.843;
4 ; 16 ; 13 ; 0.00841445 ; 0.02947 ; 0.0780644 ; 103.008;
5 ; 16 ; 13 ; -0.0433744 ; -0.0432551 ; -0.0222052 ; 103.535;
6 ; 16 ; 13 ; -0.00283092 ; 0.0561635 ; -0.00304292 ; 102.345;
7 ; 16 ; 13 ; 0.015696 ; 0.0445711 ; -0.052206 ; 102.722;
8 ; 16 ; 13 ; -0.0339586 ; -0.00120928 ; 0.0256719 ; 104.183;
9 ; 16 ; 13 ; -0.0638945 ; -0.070373 ; 0.0253581 ; 103.415;
10 ; 16 ; 13 ; -0.0986528 ; 0.0463205 ; -0.00939994 ; 102.28;
11 ; 16 ; 13 ; -0.0582525 ; -0.0345226 ; 0.0306161 ; 102.835;
12 ; 16 ; 13 ; 0.0176879 ; -0.115314 ; 0.0634119 ; 101.312;
13 ; 16 ; 13 ; -0.0167768 ; 0.0567405 ; -0.0102026 ; 100.882;
14 ; 16 ; 13 ; -0.000264768 ; 0.00407132 ; -0.0574201 ; 102.532;
15 ; 16 ; 13 ; -0.0454746 ; 0.0460028 ; -0.0262326 ; 99.945;
16 ; 16 ; 13 ; -0.021766 ; -0.0127004 ; -0.00881904 ; 103.153;
17 ; 16 ; 13 ; 0.0656158 ; -0.0447634 ; -0.011594 ; 102.285;
18 ; 16 ; 13 ; -0.0210193 ; 0.0386259 ; 0.0101028 ; 101.06;
19 ; 16 ; 13 ; 0.0572875 ; -0.0189366 ; -0.0278752 ; 102.288;
20 ; 16 ; 13 ; 0.0472862 ; -0.0188151 ; 0.0025432 ; 102.86;
21 ; 16 ; 13 ; -0.00902449 ; -0.0411704 ; -0.0366441 ; 101.63;
4 ; 17 ; 13 ; 0.0162053 ; 0.00481013 ; 0.0303429 ; 101.858;
5 ; 17 ; 13 ; -0.014246 ; 0.059118 ; -0.00736052 ; 101.76;
6 ; 17 ; 13 ; 0.0472185 ; 0.0309582 ; -0.0303817 ; 103.675;
7 ; 17 ; 13 ; 0.0651668 ; 0.0031899 ; -0.0402038 ; 101.66;
8 ; 17 ; 13 ; -0.0404455 ; 0.00995173 ; -0.0615207 ; 101.463;
9 ; 17 ; 13 ; 0.0291482 ; -0.0412478 ; -0.0300912 ; 102.245;
10 ; 17 ; 13 ; 0.0502839 ; 0.0536655 ; -0.0250039 ; 101.235;
11 ; 17 ; 13 ; -0.00978727 ; -0.0573489 ; -0.0082676 ; 101.452;
12 ; 17 ; 13 ; 0.0768681 ; 0.00379095 ; -0.0191611 ; 101.37;
13 ; 17 ; 13 ; -0.0263481 ; 0.0958049 ; 0.00707202 ; 102.407;
14 ; 17 ; 13 ; 0.0302313 ; 0.00256477 ; -0.0224621 ; 102.363;
15 ; 17 ; 13 ; -0.0191385 ; -0.048676 ; 0.0104023 ; 102.025;
16 ; 17 ; 13 ; -0.0557089 ; -0.0167609 ; -0.0488395 ; 101.495;
17 ; 17 ; 13 ; -0.0480442 ; 0.0701651 ; 0.00335603 ; 100.795;
18 ; 17 ; 13 ; -0.0714703 ; 0.0383385 ; 0.0167191 ; 101.123;
19 ; 17 ; 13 ; 0.00678976 ; 0.0571666 ; 0.0135679 ; 101.393;
20 ; 17 ; 13 ; 0.0333885 ; 0.0391609 ; -0.00370432 ; 101.812;
21 ; 17 ; 13 ; 0.0236979 ; 0.0120997 ; 0.0463903 ; 101.735;
4 ; 18 ; 13 ; 0.032778 ; -0.00936347 ; -0.0509947 ; 104.797;
5 ; 18 ; 13 ; 0.0317919 ; 0.00506549 ; 0.00613896 ; 100.597;
6 ; 18 ; 13 ; 0.0132941 ; -0.0777156 ; 0.0386483 ; 102.203;
7 ; 18 ; 13 ; 0.0198066 ; -0.0364386 ; 0.082562 ; 103.23;
8 ; 18 ; 13 ; 0.016322 ; -0.00986008 ; 0.0165765 ; 102.79;
9 ; 18 ; 13 ; -0.014356 ; -0.00275474 ; 0.0349375 ; 99.825;
10 ; 18 ; 13 ; -0.0021309 ; 0.0471036 ; 0.0319478 ; 100.832;
11 ; 18 ; 13 ; 0.042149 ; 0.0178134 ; 0.0709652 ; 102.485;
12 ; 18 ; 13 ; -0.0682043 ; 0.0438642 ; 0.111535 ; 102.18;
13 ; 18 ; 13 ; -0.0328405 ; 0.051342 ; -0.0357108 ; 103.085;
14 ; 18 ; 13 ; -0.0273213 ; -0.0211693 ; 0.114859 ; 103.825;
15 ; 18 ; 13 ; -0.0168561 ; -0.0383786 ; -0.0251367 ; 102.125;
16 ; 18 ; 13 ; -0.0731988 ; 0.0269824 ; 0.0031749 ; 99.9425;
17 ; 18 ; 13 ; -0.00475858 ; 0.0411236 ; -0.0173075 ; 101.495;
18 ; 18 ; 13 ; -0.00747384 ; 0.0432934 ; -0.01241 ; 105.215;
19 ; 18 ; 13 ; -0.0537453 ; 0.00961068 ; 0.0153774 ; 101.85;
20 ; 18 ; 13 ; 0.0237123 ; 0.029793 ; 0.018489 ; 99.805;
21 ; 18 ; 13 ; -0.0131523 ; -0.00833883 ; -0.0430431 ; 102.45;
4 ; 19 ; 13 ; -0.0592558 ; -0.0389 ; -0.0178028 ; 100.332;
5 ; 19 ; 13 ; -0.0394548 ; 0.049937 ; -0.00254543 ; 102.593;
6 ; 19 ; 13 ; -0.0632444 ; -0.0252297 ; -0.00483282 ; 104.975;
7 ; 19 ; 13 ; -0.0415922 ; -0.0692902 ; -0.013594 ; 101.4;
8 ; 19 ; 13 ; 0.0233931 ; -0.032192 ; 0.0168024 ; 103.448;
9 ; 19 ; 13 ; 0.00161118 ; -0.0409455 ; -0.0712173 ; 101.95;
10 ; 19 ; 13 ; -0.015455 ; 0.0138444 ; 0.0462177 ; 100.797;
11 ; 19 ; 13 ; -0.00808916 ; 0.0106608 ; 0.0186392 ; 103.583;
12 ; 19 ; 13 ; -0.0180851 ; -0.0150597 ; 0.116479 ; 99.165;
13 ; 19 ; 13 ; 0.0155103 ; -0.0243501 ; -0.0740034 ; 99.8575;
14 ; 19 ; 13 ; 0.0392917 ; 0.00657526 ; -0.0102583 ; 97.4925;
15 ; 19 ; 13 ; 0.0684405 ; 0.0163043 ; 0.016866 ; 101.678;
16 ; 19 ; 13 ; -0.0338778 ; 0.0175847 ; -0.0103335 ; 101.157;
17 ; 19 ; 13 ; -0.00621936 ; 0.037399 ; -0.00268337 ; 101.84;
18 ; 19 ; 13 ; -0.0643091 ; -0.0665637 ; -0.0386444 ; 102.415;
19 ; 19 ; 13 ; -0.0665037 ; -0.0682405 ; 0.00998913 ; 101.76;
20 ; 19 ; 13 ; 0.0599879 ; 0.0482675 ; 0.0136249 ; 99.7575;
21 ; 19 ; 13 ; -0.00821602 ; 0.0490058 ; 0.0115801 ; 103.368;
4 ; 20 ; 13 ; 0.0446005 ; 0.0741478 ; 0.0155023 ; 98.6925;
5 ; 20 ; 13 ; 0.0597811 ; -0.117242 ; 0.0106538 ; 102.767;
6 ; 20 ; 13 ; 0.0622991 ; -0.00806499 ; 0.00325353 ; 101.053;
7 ; 20 ; 13 ; 0.0512258 ; 0.0229278 ; 0.0184046 ; 100.16;
8 ; 20 ; 13 ; 0.0217173 ; 0.017676 ; -0.0257626 ; 102.175;
9 ; 20 ; 13 ; 0.0230957 ; 0.0271079 ; 0.0448816 ; 101.463;
10 ; 20 ; 13 ; 0.0416439 ; 0.0985223 ; -0.00190569 ; 101.332;
11 ; 20 ; 13 ; 0.0734848 ; -0.00619073 ; 0.0333976 ; 101.378;
12 ; 20 ; 13 ; -0.0225983 ; 0.00645876 ; 0.0352064 ; 100.547;
13 ; 20 ; 13 ; -0.00786968 ; 0.0910651 ; 0.00405835 ; 99.775;
14 ; 20 ; 13 ; -0.0481463 ; -0.0656509 ; -0.0194328 ; 103.567;
15 ; 20 ; 13 ; 0.00152993 ; 0.0304282 ; 0.0120466 ; 102.762;
16 ; 20 ; 13 ; 0.0321164 ; 0.0379461 ; 0.0106143 ; 101.593;
17 ; 20 ; 13 ; -0.000283704 ; -0.0621389 ; -0.0173494 ; 103.978;
18 ; 20 ; 13 ; 0.0462576 ; -0.00149032 ; -0.0274002 ; 102.727;
19 ; 20 ; 13 ; 0.0154264 ; -0.0577259 ; 0.0253152 ; 101.535;
20 ; 20 ; 13 ; 0.00181381 ; -0.0142245 ; 0.0227633 ; 101.065;
21 ; 20 ; 13 ; -0.0247516 ; 0.0144302 ; 0.0375027 ; 103.72;
4 ; 21 ; 13 ; -0.00411818 ; 0.033724 ; -0.0322068 ; 101.683;
5 ; 21 ; 13 ; 0.0103715 ; -0.0431281 ; 0.00223531 ; 99.135;
6 ; 21 ; 13 ; -0.0382497 ; -0.0388638 ; -0.0513676 ; 98.9575;
7 ; 21 ; 13 ; 0.033813 ; -0.0311018 ; 0.0409345 ; 101.78;
8 ; 21 ; 13 ; 0.0424746 ; 0.0278083 ; -0.0321803 ; 101.54;
9 ; 21 ; 13 ; 0.0345225 ; 0.0132861 ; -0.00795101 ; 101.7;
10 ; 21 ; 13 ; -0.016976 ; 0.010553 ; 0.0333121 ; 103.265;
11 ; 21 ; 13 ; 0.0271126 ; -0.0068238 ; 0.0128533 ; 101.35;
12 ; 21 ; 13 ; 0.0230668 ; 0.0437574 ; 0.0274643 ; 101.112;
13 ; 21 ; 13 ; 0.0211712 ; 0.0223234 ; -0.0678599 ; 103.89;
14 ; 21 ; 13 ; 0.0076608 ; -0.0122962 ; 0.010904 ; 101.83;
15 ; 21 ; 13 ; 0.00753568 ; 0.0760241 ; 0.0346402 ; 100.288;
16 ; 21 ; 13 ; 0.000186046 ; 0.0127516 ; -0.00245572 ; 100.78;
17 ; 21 ; 13 ; 0.00540601 ; 0.0178833 ; -0.0493745 ; 103.685;
18 ; 21 ; 13 ; -0.0237121 ; -0.0115686 ; 0.0684308 ; 100.112;
19 ; 21 ; 13 ; -0.00410469 ; 0.0153727 ; -0.0882104 ; 101.145;
20 ; 21 ; 13 ; -0.0782749 ; -0.0150088 ; 0.00788004 ; 101.725;
21 ; 21 ; 13 ; 0.0448991 ; -0.0238749 ; -0.0192482 ; 102.555;
4 ; 4 ; 14 ; -0.0289687 ; 0.0766288 ; 0.0449759 ; 100.758;
5 ; 4 ; 14 ; 0.0355684 ; -0.0315453 ; -0.0293384 ; 105.047;
6 ; 4 ; 14 ; 0.0352795 ; -0.00735632 ; 0.024529 ; 98.525;
7 ; 4 ; 14 ; -0.0468479 ; 0.0158791 ; 0.0414784 ; 102.768;
8 ; 4 ; 14 ; -0.0474964 ; 0.0182656 ; 0.13446 ; 98.5075;
9 ; 4 ; 14 ; 0.0669794 ; -0.0249673 ; 0.0644515 ; 98.8475;
10 ; 4 ; 14 ; -0.0407567 ; -0.0382556 ; -0.008476 ; 103.183;
11 ; 4 ; 14 ; -0.0309241 ; 0.0010321 ; -0.0457217 ; 101.705;
12 ; 4 ; 14 ; 0.0914165 ; -0.011075 ; -0.0413112 ; 104.4;
13 ; 4 ; 14 ; -0.0176407 ; -0.00804809 ; -0.00474916 ; 99.14;
14 ; 4 ; 14 ; -0.00562031 ; 0.0586986 ; -0.0511601 ; 101.472;
15 ; 4 ; 14 ; 0.0193062 ; 0.0261963 ; 0.00140199 ; 101.248;
16 ; 4 ; 14 ; -0.0193672 ; 0.00649512 ; -0.048048 ; 101.197;
17 ; 4 ; 14 ; -0.0204689 ; 0.00736074 ; 0.0066703 ; 104.843;
18 ; 4 ; 14 ; 0.0154566 ; 0.0497943 ; -0.0270584 ; 101.95;
19 ; 4 ; 14 ; 0.0564722 ; -0.0587339 ; -0.0447654 ; 101.837;
20 ; 4 ; 14 ; 0.0266101 ; 0.0182383 ; 0.0332873 ; 101.51;
21 ; 4 ; 14 ; 0.0465611 ; 0.00574972 ; 0.092425 ; 99.6775;
4 ; 5 ; 14 ; -0.00241343 ; 0.0553043 ; 0.0322817 ; 102.612;
5 ; 5 ; 14 ; 0.0340505 ; 0.01287 ; 0.0589407 ; 101.523;
6 ; 5 ; 14 ; -0.0444437 ; -0.0634378 ; -0.0219354 ; 104.968;
7 ; 5 ; 14 ; -0.000225154 ; -0.00348978 ; -0.00509579 ; 100.775;
8 ; 5 ; 14 ; 0.0328343 ; -0.0776192 ; -0.0715892 ; 102.15;
9 ; 5 ; 14 ; -0.0223082 ; 0.0116718 ; -0.0127976 ; 99.7575;
10 ; 5 ; 14 ; 0.00378718 ; 0.0198618 ; -0.00172622 ; 101.475;
11 ; 5 ; 14 ; 0.0600524 ; -0.000265046 ; -0.0310022 ; 102.958;
12 ; 5 ; 14 ; 0.0237844 ; -0.0143901 ; -0.0393524 ; 100.742;
13 ; 5 ; 14 ; -0.0447901 ; -0.00884048 ; -0.0714864 ; 103.007;
14 ; 5 ; 14 ; 0.0315801 ; 0.0820998 ; -0.00334169 ; 102.358;
15 ; 5 ; 14 ; 0.0360019 ; 0.0488579 ; 0.0963773 ; 101.692;
16 ; 5 ; 14 ; -0.0130769 ; 0.0605936 ; -0.0316277 ; 100.853;
17 ; 5 ; 14 ; -0.000107186 ; 0.0356816 ; 0.0184289 ; 101.523;
18 ; 5 ; 14 ; 0.00531385 ; 0.0586296 ; -0.0265724 ; 102.903;
19 ; 5 ; 14 ; 0.023132 ; 0.000416886 ; -0.0494509 ; 103.045;
20 ; 5 ; 14 ; -0.0806129 ; -0.0616004 ; 0.0364363 ; 103.91;
21 ; 5 ; 14 ; 0.0433699 ; -0.0203065 ; 0.0304172 ; 102.462;
4 ; 6 ; 14 ; -0.0320651 ; 0.0198638 ; 0.00407538 ; 102.9;
5 ; 6 ; 14 ; 0.0362091 ; 0.0272952 ; 0.0813464 ; 101.395;
6 ; 6 ; 14 ; 0.0333591 ; -0.0653382 ; -0.0238067 ; 102.24;
7 ; 6 ; 14 ; 0.029261 ; -0.0565298 ; 0.100758 ; 102.625;
8 ; 6 ; 14 ; 0.046814 ; -8.0647e-05 ; 0.0803776 ; 101.517;
9 ; 6 ; 14 ; -0.0136523 ; 0.0359883 ; -0.0597853 ; 105.032;
10 ; 6 ; 14 ; 0.0385751 ; 0.00114854 ; 0.032998 ; 102.112;
11 ; 6 ; 14 ; 0.0166809 ; 0.0505906 ; 0.051622 ; 99.62;
12 ; 6 ; 14 ; 0.0155881 ; -0.0101561 ; 0.0274059 ; 103.63;
13 ; 6 ; 14 ; -0.0513799 ; -0.0192701 ; 0.0224061 ; 103.43;
14 ; 6 ; 14 ; -0.0107788 ; -0.0447082 ; -0.0696778 ; 99.1025;
15 ; 6 ; 14 ; -0.0436582 ; 0.040986 ; 0.111358 ; 100.875;
16 ; 6 ; 14 ; -0.0158523 ; 0.044028 ; -0.0352089 ; 100.575;
17 ; 6 ; 14 ; 0.0461814 ; 0.0259937 ; 0.00153499 ; 103.152;
18 ; 6 ; 14 ; 0.0430912 ; 0.025301 ; 0.0515363 ; 100.79;
19 ; 6 ; 14 ; 0.0245257 ; 0.0696748 ; 0.0356339 ; 102.52;
20 ; 6 ; 14 ; 0.043299 ; 0.0306622 ; 0.0284841 ; 102.045;
21 ; 6 ; 14 ; -0.0038539 ; 0.0124319 ; 0.0590536 ; 102.735;
4 ; 7 ; 14 ; -0.039364 ; 0.00491064 ; -0.0398403 ; 99.3925;
5 ; 7 ; 14 ; -0.0338765 ; -0.0132329 ; 0.0280907 ; 102.915;
6 ; 7 ; 14 ; 0.0315795 ; -0.0383954 ; 0.00220249 ; 101.56;
7 ; 7 ; 14 ; 0.0522148 ; -0.00336063 ; 0.00617511 ; 101.257;
8 ; 7 ; 14 ; 0.00755071 ; -0.00880326 ; -0.073395 ; 103.963;
9 ; 7 ; 14 ; -0.0631128 ; 0.0109419 ; 0.0484366 ; 102.34;
10 ; 7 ; 14 ; 0.023075 ; -0.0437919 ; 0.0800383 ; 102.3;
11 ; 7 ; 14 ; 0.0555755 ; -0.0091764 ; -0.00845259 ; 103.388;
12 ; 7 ; 14 ; 0.0127323 ; -0.0154913 ; -0.00616383 ; 99.6425;
13 ; 7 ; 14 ; 0.00116317 ; -0.00841489 ; 0.00159028 ; 102.007;
14 ; 7 ; 14 ; 0.0305983 ; -0.0510364 ; -0.0351292 ; 102.062;
15 ; 7 ; 14 ; 0.0725619 ; 0.0645022 ; -0.000479425 ; 102.817;
16 ; 7 ; 14 ; 0.0195583 ; 0.0314253 ; -0.0364533 ; 98.2975;
17 ; 7 ; 14 ; -0.0482216 ; 0.00866028 ; -0.0606391 ; 102.257;
18 ; 7 ; 14 ; -0.00959955 ; -0.0130843 ; -0.0648331 ; 103.547;
19 ; 7 ; 14 ; -0.0341148 ; 0.0371494 ; 0.0408776 ; 102.227;
20 ; 7 ; 14 ; -0.0811274 ; -0.00052795 ; 0.0281179 ; 100.157;
21 ; 7 ; 14 ; -0.00829125 ; 0.0409531 ; -0.0353407 ; 102.113;
4 ; 8 ; 14 ; -0.0215842 ; 0.0278895 ; 0.043136 ; 101.46;
5 ; 8 ; 14 ; -0.0653517 ; 0.00224379 ; -0.000840375 ; 104.263;
6 ; 8 ; 14 ; 0.00578469 ; -0.0441952 ; -0.00708194 ; 102.32;
7 ; 8 ; 14 ; 0.00687043 ; 0.0584749 ; -0.0631739 ; 105.333;
8 ; 8 ; 14 ; -0.0156148 ; -0.0437799 ; -0.00187885 ; 102.387;
9 ; 8 ; 14 ; 0.0113975 ; 0.0139556 ; -0.0268037 ; 99.645;
10 ; 8 ; 14 ; 0.0145764 ; 0.0462291 ; -0.0428557 ; 101.4;
11 ; 8 ; 14 ; -0.0557657 ; -0.0603833 ; 0.0297797 ; 101.048;
12 ; 8 ; 14 ; 0.00200761 ; -0.00306449 ; -0.00744795 ; 102.115;
13 ; 8 ; 14 ; -0.00360121 ; -0.0357981 ; -0.0427375 ; 99.7275;
14 ; 8 ; 14 ; 0.0249666 ; 0.00962706 ; 0.0114451 ; 105.182;
15 ; 8 ; 14 ; -0.091157 ; 0.00573735 ; -0.0502427 ; 102.068;
16 ; 8 ; 14 ; -0.0315541 ; -0.020265 ; 0.00830828 ; 101.37;
17 ; 8 ; 14 ; -0.0152996 ; 0.0377345 ; 0.0277636 ; 99.9925;
18 ; 8 ; 14 ; 0.0262035 ; 0.0507889 ; 0.0168468 ; 101.278;
19 ; 8 ; 14 ; 0.0662999 ; 0.110883 ; -0.0438363 ; 101.74;
20 ; 8 ; 14 ; 0.0298267 ; 0.0787565 ; -0.038965 ; 104.115;
21 ; 8 ; 14 ; -0.0586796 ; 0.000535555 ; 0.0597523 ; 99.4725;
4 ; 9 ; 14 ; -0.00600712 ; 0.0511239 ; -0.0354413 ; 101.235;
5 ; 9 ; 14 ; 0.0551873 ; -0.0598273 ; 0.0509517 ; 99.1675;
6 ; 9 ; 14 ; 0.0404995 ; -0.049797 ; -0.0566962 ; 102.227;
7 ; 9 ; 14 ; 0.0636758 ; 0.0116927 ; -0.0293485 ; 104.155;
8 ; 9 ; 14 ; -0.0234553 ; 0.0483806 ; 0.0782086 ; 104.028;
9 ; 9 ; 14 ; -0.0845406 ; -0.0289025 ; 0.0584784 ; 99.8275;
10 ; 9 ; 14 ; -0.00804643 ; -0.0627219 ; 0.00799786 ; 102.008;
11 ; 9 ; 14 ; 0.0118293 ; -0.00230493 ; 0.0419929 ; 102.017;
12 ; 9 ; 14 ; -0.0310382 ; 0.0270415 ; -0.0836612 ; 100.25;
13 ; 9 ; 14 ; -0.0374337 ; 0.0468208 ; 0.00514476 ; 100.572;
14 ; 9 ; 14 ; 0.0189566 ; 0.0606215 ; 0.0207291 ; 101.528;
15 ; 9 ; 14 ; 0.00382882 ; 0.0372177 ; -0.0170629 ; 101.605;
16 ; 9 ; 14 ; 0.0438014 ; -0.0543543 ; -0.0254564 ; 101.51;
17 ; 9 ; 14 ; -0.00317308 ; 0.0448177 ; -0.00719164 ; 102.17;
18 ; 9 ; 14 ; -0.00156113 ; 0.0109158 ; -0.0262217 ; 100.662;
19 ; 9 ; 14 ; 0.0142775 ; 0.023386 ; 0.00748994 ; 102.705;
20 ; 9 ; 14 ; -0.010378 ; -0.0344805 ; -0.0547522 ; 99.31;
21 ; 9 ; 14 ; -0.0301684 ; -0.025593 ; 0.0592372 ; 101.375;
4 ; 10 ; 14 ; 0.0191819 ; 0.0231905 ; -0.00909041 ; 97.9975;
5 ; 10 ; 14 ; -0.0236791 ; 0.0074832 ; -0.0285878 ; 101.475;
6 ; 10 ; 14 ; 0.0215062 ; 0.0296798 ; 0.011174 ; 100.87;
7 ; 10 ; 14 ; -0.0357275 ; -0.00209461 ; -0.0302491 ; 102.777;
8 ; 10 ; 14 ; -0.0329873 ; -0.0182335 ; 0.061582 ; 101.045;
9 ; 10 ; 14 ; -0.0267999 ; 0.0189216 ; -0.0181591 ; 102.402;
10 ; 10 ; 14 ; 0.0274607 ; -0.0343441 ; -0.0273484 ; 103.737;
11 ; 10 ; 14 ; -0.0543328 ; -0.0210865 ; -0.0102493 ; 103.965;
12 ; 10 ; 14 ; -0.0343598 ; 0.0750964 ; -0.00547735 ; 103.315;
13 ; 10 ; 14 ; 0.0667204 ; 0.0119444 ; -0.00465111 ; 101.04;
14 ; 10 ; 14 ; -0.000514392 ; -0.063522 ; -0.00470664 ; 100.593;
15 ; 10 ; 14 ; -0.010111 ; -0.00527503 ; 0.0702322 ; 103.087;
16 ; 10 ; 14 ; 0.0101241 ; -0.0340054 ; -0.060101 ; 101.77;
17 ; 10 ; 14 ; 0.0755397 ; 0.0676018 ; -0.033039 ; 102.537;
18 ; 10 ; 14 ; 0.0284662 ; -0.0194652 ; 0.0419737 ; 98.86;
19 ; 10 ; 14 ; 0.0339011 ; 0.0143085 ; 0.0513515 ; 102.957;
20 ; 10 ; 14 ; 0.00190664 ; 0.0198378 ; -0.054856 ; 103.543;
21 ; 10 ; 14 ; -0.059845 ; -0.0507893 ; 0.0011277 ; 101.778;
4 ; 11 ; 14 ; -0.0459719 ; 0.0114611 ; -0.0540992 ; 104.137;
5 ; 11 ; 14 ; 0.0863279 ; -0.0401541 ; -0.0259031 ; 102.392;
6 ; 11 ; 14 ; -0.0126853 ; 0.0380091 ; -0.11186 ; 101.56;
7 ; 11 ; 14 ; -0.0547617 ; 0.0399653 ; 0.0808291 ; 102.683;
8 ; 11 ; 14 ; -0.0590274 ; -0.0250282 ; 0.0426603 ; 100.383;
9 ; 11 ; 14 ; 0.0178624 ; 0.00442758 ; -0.0557389 ; 99.035;
10 ; 11 ; 14 ; -0.0544328 ; 0.0146502 ; 0.0426837 ; 101.575;
11 ; 11 ; 14 ; -0.0387936 ; -0.0206508 ; -0.00662915 ; 101.882;
12 ; 11 ; 14 ; -0.0251332 ; 0.07265 ; 0.00402626 ; 101.753;
13 ; 11 ; 14 ; -0.0659195 ; 0.0473586 ; 0.0092622 ; 101.163;
14 ; 11 ; 14 ; 0.00517456 ; -0.0292084 ; 0.0202174 ; 100.773;
15 ; 11 ; 14 ; 0.0549846 ; -0.0131703 ; -0.00454705 ; 100.963;
16 ; 11 ; 14 ; 0.0223066 ; 0.013382 ; -0.0570399 ; 101.977;
17 ; 11 ; 14 ; 0.0653136 ; 0.0193335 ; -0.0325496 ; 100.047;
18 ; 11 ; 14 ; -0.0233779 ; -0.0174913 ; 0.00537387 ; 101.915;
19 ; 11 ; 14 ; -0.0243858 ; 0.00471965 ; 0.00131618 ; 104.222;
20 ; 11 ; 14 ; 0.0569982 ; 0.0475009 ; -0.0801668 ; 99.6325;
21 ; 11 ; 14 ; 0.071167 ; 0.0231934 ; 0.0356671 ; 103.235;
4 ; 12 ; 14 ; 0.0361075 ; 0.0748393 ; 0.0125633 ; 101.475;
5 ; 12 ; 14 ; 0.0150156 ; 0.0251867 ; -0.0877719 ; 101.855;
6 ; 12 ; 14 ; -0.00873235 ; -0.0411207 ; -0.00246959 ; 101.95;
7 ; 12 ; 14 ; -0.00117566 ; -0.00175097 ; 0.00864924 ; 102.97;
8 ; 12 ; 14 ; -0.0237348 ; -0.00824678 ; -0.0281575 ; 102.43;
9 ; 12 ; 14 ; 0.0418848 ; 0.0478285 ; 0.0240287 ; 100.995;
10 ; 12 ; 14 ; 0.0035053 ; 0.0383056 ; 0.0170536 ; 102.367;
11 ; 12 ; 14 ; 0.057365 ; -0.0598208 ; 0.0661944 ; 101.922;
12 ; 12 ; 14 ; 0.036578 ; -0.0128366 ; 0.0399059 ; 101.845;
13 ; 12 ; 14 ; -0.000448635 ; 0.0629536 ; -0.0558222 ; 100.52;
14 ; 12 ; 14 ; -0.0492141 ; -0.0200533 ; -0.0357185 ; 101.438;
15 ; 12 ; 14 ; 0.0300701 ; 0.0538368 ; -0.0124634 ; 103.438;
16 ; 12 ; 14 ; -0.0028526 ; -0.0017372 ; -0.0472036 ; 101.36;
17 ; 12 ; 14 ; -0.00927156 ; -0.0407424 ; -0.0112262 ; 102.44;
18 ; 12 ; 14 ; 0.0512698 ; 0.0362788 ; -0.0296953 ; 99.845;
19 ; 12 ; 14 ; 0.0227967 ; -0.0369503 ; -0.0394179 ; 101.595;
20 ; 12 ; 14 ; 0.0288288 ; 0.0314824 ; -0.0316571 ; 102.295;
21 ; 12 ; 14 ; 0.0754279 ; 0.0635371 ; -0.0767944 ; 99.84;
4 ; 13 ; 14 ; -0.0318462 ; 0.0998659 ; -0.0240233 ; 99.515;
5 ; 13 ; 14 ; 0.0289387 ; 0.0188257 ; 0.00723114 ; 99.8625;
6 ; 13 ; 14 ; 0.0199197 ; -0.00187728 ; 0.0100331 ; 101.425;
7 ; 13 ; 14 ; -0.0140007 ; 0.0385196 ; -0.0536466 ; 100.082;
8 ; 13 ; 14 ; 0.0345725 ; 0.10568 ; -0.0490896 ; 102.977;
9 ; 13 ; 14 ; -0.014224 ; 0.00878203 ; -0.0206344 ; 102.925;
10 ; 13 ; 14 ; -0.04298 ; -0.0239577 ; -0.0470925 ; 101.565;
11 ; 13 ; 14 ; 0.0327081 ; -0.00614847 ; -0.054529 ; 101.185;
12 ; 13 ; 14 ; 0.0249662 ; 0.0213356 ; -0.0577 ; 103.365;
13 ; 13 ; 14 ; 0.0456464 ; -0.0505835 ; 0.0418872 ; 102.475;
14 ; 13 ; 14 ; 0.0519045 ; -0.0146777 ; 0.072215 ; 101.678;
15 ; 13 ; 14 ; -0.0292445 ; 0.0612296 ; -0.001484 ; 98.575;
16 ; 13 ; 14 ; -0.0310267 ; 0.0910467 ; -0.0493598 ; 99.83;
17 ; 13 ; 14 ; 0.0326449 ; 0.0401885 ; -0.0248018 ; 100.315;
18 ; 13 ; 14 ; 0.0649818 ; 0.0125084 ; -0.0969883 ; 102.088;
19 ; 13 ; 14 ; 0.0603635 ; -0.11139 ; -0.0189463 ; 101.323;
20 ; 13 ; 14 ; -0.0723551 ; 0.00990756 ; -0.00776668 ; 105.96;
21 ; 13 ; 14 ; -0.00495931 ; 0.00397805 ; -0.0193339 ; 99.655;
4 ; 14 ; 14 ; -0.052039 ; -0.0317346 ; 0.118157 ; 103.787;
5 ; 14 ; 14 ; 0.0213585 ; -0.0026598 ; 0.0496171 ; 101.74;
6 ; 14 ; 14 ; -0.00753529 ; -0.0371699 ; -0.102422 ; 100.93;
7 ; 14 ; 14 ; -0.0390286 ; -0.0318864 ; 0.0127095 ; 103.67;
8 ; 14 ; 14 ; -0.0586114 ; -0.0193295 ; -0.0702358 ; 100.73;
9 ; 14 ; 14 ; -0.0423294 ; 0.0293398 ; -0.00275132 ; 104.088;
10 ; 14 ; 14 ; -0.0198878 ; 0.0157413 ; -0.0806837 ; 100.392;
11 ; 14 ; 14 ; 0.052043 ; -0.0107413 ; 0.0377432 ; 100.342;
12 ; 14 ; 14 ; 0.0327255 ; -0.0177621 ; 0.0317356 ; 102.167;
13 ; 14 ; 14 ; -0.0871511 ; -0.051931 ; -0.0693876 ; 102.838;
14 ; 14 ; 14 ; 0.0227544 ; -0.0101406 ; 0.0309013 ; 100.527;
15 ; 14 ; 14 ; -0.0352592 ; -0.080103 ; -0.0119807 ; 104.593;
16 ; 14 ; 14 ; -0.0348695 ; 0.0380233 ; -0.0326863 ; 102.733;
17 ; 14 ; 14 ; 0.0147667 ; 0.0615702 ; -0.0837994 ; 103.203;
18 ; 14 ; 14 ; -0.0124846 ; 0.00254287 ; -0.00246199 ; 101.535;
19 ; 14 ; 14 ; -0.0199713 ; -0.0541457 ; 0.0136141 ; 101.473;
20 ; 14 ; 14 ; 0.0354687 ; 0.0397422 ; -0.01477 ; 100.625;
21 ; 14 ; 14 ; -0.0202446 ; -0.0214999 ; 0.0247846 ; 101.135;
4 ; 15 ; 14 ; -0.00734445 ; -0.00901919 ; 0.00135793 ; 101.382;
5 ; 15 ; 14 ; -0.00234581 ; -0.0424953 ; -0.0234756 ; 102.472;
6 ; 15 ; 14 ; -0.0273915 ; -0.0193857 ; -0.00966911 ; 101.105;
7 ; 15 ; 14 ; -0.0275893 ; 0.0294233 ; -0.022178 ; 102.002;
8 ; 15 ; 14 ; 0.000486293 ; 0.000451021 ; -0.041479 ; 102.1;
9 ; 15 ; 14 ; 0.0691683 ; 0.0314318 ; 0.0276311 ; 101.422;
10 ; 15 ; 14 ; -0.0159743 ; 0.0389267 ; -0.00664948 ; 100.845;
11 ; 15 ; 14 ; 0.0405796 ; -0.0608213 ; 0.00384595 ; 101.52;
12 ; 15 ; 14 ; -0.0114529 ; -0.0882036 ; 0.0725294 ; 102;
13 ; 15 ; 14 ; -0.0538231 ; 0.0827103 ; 0.0171596 ; 102.165;
14 ; 15 ; 14 ; -0.0120488 ; 0.0615146 ; -0.00755341 ; 100.8;
15 ; 15 ; 14 ; 0.0691228 ; -0.0192775 ; 0.0265455 ; 101.498;
16 ; 15 ; 14 ; 0.000267802 ; -0.0286153 ; 0.0306902 ; 100.385;
17 ; 15 ; 14 ; 0.0306459 ; -0.0391852 ; 0.0666734 ; 102.41;
18 ; 15 ; 14 ; 0.042667 ; 0.0387307 ; -0.00713634 ; 103.208;
19 ; 15 ; 14 ; -0.00809735 ; -0.00381512 ; 0.0400022 ; 99.8125;
20 ; 15 ; 14 ; 0.0274024 ; -0.0206012 ; 0.0330143 ; 101.297;
21 ; 15 ; 14 ; -0.0098792 ; -0.0222835 ; -0.0161306 ; 102.027;
4 ; 16 ; 14 ; -0.0703337 ; 0.0330684 ; 0.0268985 ; 98.8475;
5 ; 16 ; 14 ; -0.0677396 ; 0.0393694 ; -0.0124614 ; 102.97;
6 ; 16 ; 14 ; -0.0279984 ; 0.00447728 ; -0.0229875 ; 102.473;
7 ; 16 ; 14 ; -0.0338016 ; -0.0363835 ; -0.0531271 ; 99.515;
8 ; 16 ; 14 ; 0.0201053 ; -0.0487448 ; 0.0731393 ; 103.685;
9 ; 16 ; 14 ; 0.0426204 ; 0.0557511 ; 0.0770001 ; 101.983;
10 ; 16 ; 14 ; -0.00776162 ; 0.02873 ; 0.100484 ; 99.79;
11 ; 16 ; 14 ; 0.0661639 ; -0.0358808 ; -0.0501144 ; 101.465;
12 ; 16 ; 14 ; -0.00303367 ; -0.0112902 ; 0.0363324 ; 104.263;
13 ; 16 ; 14 ; 0.0717874 ; 0.0200271 ; -0.00369906 ; 99.4925;
14 ; 16 ; 14 ; 0.101335 ; 0.0167725 ; 0.0313635 ; 101.498;
15 ; 16 ; 14 ; -0.0440607 ; 0.0195164 ; -0.0171674 ; 102.853;
16 ; 16 ; 14 ; 0.0294722 ; -0.035289 ; 0.000659349 ; 103.347;
17 ; 16 ; 14 ; 0.00251445 ; 0.0281565 ; 0.0172516 ; 103.707;
18 ; 16 ; 14 ; -0.00503804 ; 0.0132684 ; 0.0248443 ; 101.352;
19 ; 16 ; 14 ; -0.0183614 ; -0.0730352 ; -0.0630111 ; 100.078;
20 ; 16 ; 14 ; 0.0428671 ; 0.0433135 ; 0.0435312 ; 98.195;
21 ; 16 ; 14 ; 0.0408074 ; -0.00450882 ; -0.0355144 ; 102.562;
4 ; 17 ; 14 ; 0.0325545 ; 0.0610282 ; -0.0508235 ; 103.5;
5 ; 17 ; 14 ; 0.0328101 ; -0.0100628 ; 0.0134316 ; 100.963;
6 ; 17 ; 14 ; 0.00920523 ; 0.0732283 ; -0.00235321 ; 102.517;
7 ; 17 ; 14 ; -0.0304203 ; -0.0394282 ; 0.0234815 ; 103.072;
8 ; 17 ; 14 ; 0.0384685 ; -0.0338592 ; -0.0642951 ; 103.612;
9 ; 17 ; 14 ; -0.00301493 ; 0.00603891 ; 0.0177113 ; 101.27;
10 ; 17 ; 14 ; 0.0465004 ; -0.0176225 ; -0.0322736 ; 101.123;
11 ; 17 ; 14 ; -0.0190631 ; 0.0891759 ; -0.0874756 ; 102.588;
12 ; 17 ; 14 ; -0.110147 ; -0.00361865 ; 0.012385 ; 100.043;
13 ; 17 ; 14 ; -0.0973634 ; 0.039508 ; 0.0351475 ; 98.8;
14 ; 17 ; 14 ; 0.0914162 ; 0.0449595 ; 0.00938721 ; 100.865;
15 ; 17 ; 14 ; 0.0133179 ; 0.10262 ; -0.0215478 ; 101.95;
16 ; 17 ; 14 ; -0.0213943 ; 0.0406071 ; -0.0272495 ; 101.935;
17 ; 17 ; 14 ; 0.0618945 ; 0.0540901 ; 0.000179452 ; 104.04;
18 ; 17 ; 14 ; -0.018908 ; 0.042305 ; 0.0195653 ; 99.605;
19 ; 17 ; 14 ; 0.0307637 ; 0.012173 ; 0.0245893 ; 103.642;
20 ; 17 ; 14 ; -0.0688482 ; 0.00446215 ; 0.0271968 ; 103.888;
21 ; 17 ; 14 ; 0.015381 ; -0.0652905 ; -0.0632888 ; 101.782;
4 ; 18 ; 14 ; -0.0214243 ; 0.0275151 ; -0.0383763 ; 101.278;
5 ; 18 ; 14 ; 0.0315458 ; -0.0179486 ; -0.0388934 ; 104.642;
6 ; 18 ; 14 ; -0.0119064 ; 0.00975257 ; 0.0201265 ; 102.757;
7 ; 18 ; 14 ; -0.0500335 ; -0.0540524 ; 0.0286457 ; 100.44;
8 ; 18 ; 14 ; 0.0434507 ; 0.0191433 ; -0.0595073 ; 102.907;
9 ; 18 ; 14 ; 0.0273075 ; 0.0273487 ; 0.00519225 ; 101.282;
10 ; 18 ; 14 ; -0.0546222 ; -0.00364005 ; -0.0288224 ; 103.093;
11 ; 18 ; 14 ; 0.0038064 ; -0.0278389 ; -0.0105566 ; 100.52;
12 ; 18 ; 14 ; -0.0231996 ; -0.0173752 ; 0.038211 ; 102.26;
13 ; 18 ; 14 ; 0.00181353 ; 0.0628819 ; 0.109088 ; 101.203;
14 ; 18 ; 14 ; -0.0532839 ; 0.0462309 ; 0.0424877 ; 101.075;
15 ; 18 ; 14 ; -0.113495 ; -0.0327678 ; 0.0137591 ; 101.558;
16 ; 18 ; 14 ; 0.00194054 ; 0.0160656 ; 0.123201 ; 104.655;
17 ; 18 ; 14 ; 0.0082122 ; -0.00110338 ; -0.0137099 ; 101.79;
18 ; 18 ; 14 ; 0.0234312 ; -0.0356257 ; 0.0611935 ; 103.823;
19 ; 18 ; 14 ; -0.0207535 ; -0.00878511 ; 0.00989491 ; 102.552;
20 ; 18 ; 14 ; 0.0174962 ; 0.0423051 ; -0.0281889 ; 103.642;
21 ; 18 ; 14 ; -0.011783 ; 0.0803046 ; -0.0343263 ; 101.938;
4 ; 19 ; 14 ; -0.0123066 ; -0.000245914 ; 0.0207525 ; 101.762;
5 ; 19 ; 14 ; -0.0222746 ; -0.0783291 ; 0.0046759 ; 101.445;
6 ; 19 ; 14 ; -0.0309741 ; 0.0384999 ; 0.0480326 ; 102.218;
7 ; 19 ; 14 ; -0.0573465 ; -0.0650386 ; -0.0547945 ; 100.455;
8 ; 19 ; 14 ; -0.0173672 ; -0.0375393 ; -0.0281637 ; 101.755;
9 ; 19 ; 14 ; 0.0313554 ; 0.0571637 ; -0.0703497 ; 102.655;
10 ; 19 ; 14 ; -0.00502522 ; 0.0106858 ; -0.00994637 ; 100.832;
11 ; 19 ; 14 ; 0.0541153 ; 0.0370985 ; -0.00596856 ; 97.935;
12 ; 19 ; 14 ; 0.0360922 ; 0.0265913 ; -0.0296739 ; 100.168;
13 ; 19 ; 14 ; 0.0472919 ; 0.0342737 ; 0.0308542 ; 101.978;
14 ; 19 ; 14 ; 0.0106563 ; 0.0587317 ; -0.0118811 ; 99.78;
15 ; 19 ; 14 ; -0.0512008 ; -0.0154992 ; 0.0548007 ; 101.718;
16 ; 19 ; 14 ; -0.0302778 ; 0.0723175 ; -0.00671066 ; 100.903;
17 ; 19 ; 14 ; 0.0165837 ; 0.0537211 ; 0.0452444 ; 100.502;
18 ; 19 ; 14 ; 0.0199115 ; -0.0115123 ; -0.0153227 ; 100.417;
19 ; 19 ; 14 ; -0.0556214 ; -0.0340689 ; -0.00159846 ; 99.2525;
20 ; 19 ; 14 ; 0.00265623 ; -0.00632653 ; -0.0441402 ; 102.04;
21 ; 19 ; 14 ; -0.000425338 ; 0.0258969 ; 0.0736375 ; 101.847;
4 ; 20 ; 14 ; -0.0444514 ; -0.0107378 ; -0.0325848 ; 102.13;
5 ; 20 ; 14 ; -0.00356593 ; 0.0271092 ; 0.091064 ; 101.377;
6 ; 20 ; 14 ; 0.0808819 ; 0.0241988 ; 0.00875477 ; 101.058;
7 ; 20 ; 14 ; 0.068059 ; -0.0561085 ; -0.010445 ; 100.992;
8 ; 20 ; 14 ; -0.0191389 ; 0.0166519 ; -0.0757236 ; 102.823;
9 ; 20 ; 14 ; -0.0272544 ; 0.018801 ; -0.0159878 ; 100.275;
10 ; 20 ; 14 ; 0.0351058 ; 0.0297604 ; 0.036312 ; 103.097;
11 ; 20 ; 14 ; 0.065064 ; -0.0170077 ; 0.0357889 ; 101.103;
12 ; 20 ; 14 ; 0.0407155 ; 0.0189701 ; -0.00411702 ; 101.375;
13 ; 20 ; 14 ; 0.0466591 ; 0.00171301 ; 0.0471611 ; 100.12;
14 ; 20 ; 14 ; 0.00431404 ; 0.0126394 ; 0.0703477 ; 103.63;
15 ; 20 ; 14 ; -0.00713022 ; -0.081809 ; -0.0433806 ; 101.525;
16 ; 20 ; 14 ; -0.0126706 ; 0.0181616 ; 0.0551615 ; 101.958;
17 ; 20 ; 14 ; 0.0354171 ; -0.0606412 ; 0.0286605 ; 104.863;
18 ; 20 ; 14 ; -0.00272739 ; 0.0568656 ; 0.0235892 ; 99.5075;
19 ; 20 ; 14 ; -0.0194185 ; 0.00234797 ; -0.0308932 ; 103.413;
20 ; 20 ; 14 ; 0.0543059 ; 0.0459233 ; 0.026087 ; 100.33;
21 ; 20 ; 14 ; 0.00527074 ; 0.0295066 ; 0.0890368 ; 104.017;
4 ; 21 ; 14 ; -0.0298703 ; -0.0510343 ; -0.0056397 ; 101.507;
5 ; 21 ; 14 ; -0.0133328 ; 0.0847678 ; -0.00426925 ; 101.215;
6 ; 21 ; 14 ; -0.0819549 ; -0.0213136 ; 0.00274437 ; 103.413;
7 ; 21 ; 14 ; 0.0229313 ; -0.0350038 ; 0.0299581 ; 104.285;
8 ; 21 ; 14 ; 0.0288679 ; -0.00602889 ; 0.0121236 ; 100.743;
9 ; 21 ; 14 ; -0.022189 ; 0.0793745 ; -0.0799697 ; 101.623;
10 ; 21 ; 14 ; -0.0033497 ; -0.0427711 ; -0.0269705 ; 100.792;
11 ; 21 ; 14 ; -0.0143018 ; -0.00356809 ; -0.0818128 ; 102.045;
12 ; 21 ; 14 ; 0.0300915 ; 0.0587589 ; -0.0401131 ; 102.64;
13 ; 21 ; 14 ; 0.039522 ; 0.0423643 ; -0.0375968 ; 101.56;
14 ; 21 ; 14 ; -0.0279142 ; -0.0185049 ; -0.000538198 ; 99.9275;
15 ; 21 ; 14 ; -0.0136246 ; -0.0459378 ; -0.044326 ; 103.845;
16 ; 21 ; 14 ; 0.0184165 ; -0.0417953 ; 0.0484356 ; 102.625;
17 ; 21 ; 14 ; -0.000281177 ; -0.0357074 ; 0.0303483 ; 101.907;
18 ; 21 ; 14 ; 0.084971 ; 0.0529939 ; 0.0170001 ; 102.02;
19 ; 21 ; 14 ; -0.0488371 ; -0.0312046 ; 0.00241776 ; 100.082;
20 ; 21 ; 14 ; -0.0172107 ; 0.0646272 ; 0.00504418 ; 102.77;
21 ; 21 ; 14 ; -0.0113379 ; 0.0255419 ; 0.0222402 ; 99.67;
4 ; 4 ; 15 ; 0.0813529 ; 0.0845865 ; 0.016406 ; 99.6125;
5 ; 4 ; 15 ; 0.0287459 ; -0.053356 ; 0.00561683 ; 102.627;
6 ; 4 ; 15 ; -0.0510483 ; 0.0189056 ; -0.0470356 ; 101.08;
7 ; 4 ; 15 ; -0.0121169 ; -0.0855276 ; 0.0298524 ; 101.465;
8 ; 4 ; 15 ; 0.0380879 ; -0.0139531 ; 0.0355353 ; 101.688;
9 ; 4 ; 15 ; 0.0248281 ; 0.0413812 ; 0.000200114 ; 100.995;
10 ; 4 ; 15 ; 0.0172982 ; 0.0333438 ; 0.00943509 ; 101.065;
11 ; 4 ; 15 ; 0.00762733 ; -0.0295286 ; 0.0316581 ; 101.508;
12 ; 4 ; 15 ; 0.0474402 ; -0.000115504 ; -0.0755056 ; 101.092;
13 ; 4 ; 15 ; 0.0453894 ; -0.0171887 ; 0.0213518 ; 99.22;
14 ; 4 ; 15 ; 0.0170792 ; -0.018781 ; -0.02412 ; 102.695;
15 ; 4 ; 15 ; -0.0683291 ; 0.0386277 ; 0.0193265 ; 101.01;
16 ; 4 ; 15 ; -0.00925574 ; 0.0865201 ; -0.0565606 ; 101.388;
17 ; 4 ; 15 ; 0.0800088 ; -0.0592827 ; 0.00812334 ; 103.08;
18 ; 4 ; 15 ; -0.0380224 ; -0.038007 ; -0.0346503 ; 100.675;
19 ; 4 ; 15 ; 0.018541 ; 0.0219055 ; -0.0373368 ; 99.855;
20 ; 4 ; 15 ; -0.0270691 ; -0.024622 ; -0.040534 ; 100.812;
21 ; 4 ; 15 ; -0.0051447 ; 0.0392888 ; 0.015713 ; 103.695;
4 ; 5 ; 15 ; 0.0201778 ; 0.030845 ; 0.00479401 ; 99.9175;
5 ; 5 ; 15 ; 0.0219316 ; 0.00913186 ; -0.0579458 ; 102.635;
6 ; 5 ; 15 ; 0.0474378 ; -0.0148852 ; -0.0565125 ; 100.58;
7 ; 5 ; 15 ; 0.0123067 ; -0.0503489 ; 0.0456885 ; 103.928;
8 ; 5 ; 15 ; -0.00747311 ; -0.0595418 ; -0.0548253 ; 100.322;
9 ; 5 ; 15 ; -0.0174185 ; 0.0193039 ; -0.0526038 ; 100.695;
10 ; 5 ; 15 ; 0.0335343 ; 0.0218911 ; 0.0622568 ; 106.198;
11 ; 5 ; 15 ; -0.00534851 ; -0.031766 ; 0.0533492 ; 100.81;
12 ; 5 ; 15 ; -0.0269777 ; 0.0271807 ; 0.0320568 ; 102.483;
13 ; 5 ; 15 ; 0.0439582 ; 0.0355939 ; 0.0251033 ; 103.588;
14 ; 5 ; 15 ; -0.0372219 ; 0.0247564 ; -0.0673832 ; 100.815;
15 ; 5 ; 15 ; 0.0113536 ; -0.0254232 ; -0.0250295 ; 102.54;
16 ; 5 ; 15 ; -0.0207416 ; 0.0418913 ; 0.0245625 ; 103.108;
17 ; 5 ; 15 ; 0.0838202 ; 0.0134103 ; 0.0324023 ; 102.013;
18 ; 5 ; 15 ; 0.0171452 ; -0.00519724 ; -0.017131 ; 101.968;
19 ; 5 ; 15 ; 0.042293 ; 0.000849262 ; -0.0387914 ; 101.77;
20 ; 5 ; 15 ; 0.0550684 ; 0.00503713 ; 0.00795408 ; 100.935;
21 ; 5 ; 15 ; -0.0517044 ; 0.0143162 ; 0.0314559 ; 100.77;
4 ; 6 ; 15 ; 0.0115617 ; 0.000822153 ; 0.00968338 ; 103.422;
5 ; 6 ; 15 ; 0.0130359 ; 0.0402752 ; -0.000424964 ; 99.37;
6 ; 6 ; 15 ; -0.0399403 ; 0.0154645 ; 0.0409911 ; 101.03;
7 ; 6 ; 15 ; -0.00690192 ; 0.00788645 ; 0.00626908 ; 100.85;
8 ; 6 ; 15 ; -0.0755353 ; -0.0336717 ; 0.0386611 ; 102.145;
9 ; 6 ; 15 ; -0.0423295 ; 0.0154899 ; 0.0622945 ; 102.215;
10 ; 6 ; 15 ; 1.07409e-07 ; -0.0135281 ; -0.00299684 ; 101.035;
11 ; 6 ; 15 ; -0.0266212 ; -0.022657 ; -0.00888085 ; 101.942;
12 ; 6 ; 15 ; -0.017951 ; -0.0668419 ; 0.0190601 ; 104.155;
13 ; 6 ; 15 ; 0.0214828 ; -0.00229221 ; 0.0460343 ; 101.407;
14 ; 6 ; 15 ; -0.024501 ; -0.0113841 ; -0.0116392 ; 100.848;
15 ; 6 ; 15 ; 0.0205933 ; 0.0403812 ; -0.0317597 ; 102.017;
16 ; 6 ; 15 ; -0.0125656 ; 0.0131644 ; -0.0388351 ; 103.277;
17 ; 6 ; 15 ; 0.0202034 ; 0.0163484 ; 0.0286409 ; 103.57;
18 ; 6 ; 15 ; -0.0243728 ; -0.0923949 ; 0.0287131 ; 100.912;
19 ; 6 ; 15 ; 0.0796628 ; 0.0403477 ; 0.053874 ; 103.555;
20 ; 6 ; 15 ; 0.012688 ; 0.00882838 ; 0.0396688 ; 101.422;
21 ; 6 ; 15 ; -0.0379083 ; -0.0450838 ; 0.0822949 ; 101.02;
4 ; 7 ; 15 ; -0.00418353 ; -0.0202077 ; 0.0185929 ; 101.92;
5 ; 7 ; 15 ; -0.0226459 ; -0.00233036 ; 0.0260446 ; 103.612;
6 ; 7 ; 15 ; -0.02415 ; -0.00665987 ; 0.0816359 ; 101.11;
7 ; 7 ; 15 ; -0.0661654 ; -0.0292038 ; 0.0108546 ; 101.798;
8 ; 7 ; 15 ; -0.0288215 ; -0.0607623 ; 0.0108092 ; 101.508;
9 ; 7 ; 15 ; -0.0165696 ; 0.0153751 ; -0.0529124 ; 102.097;
10 ; 7 ; 15 ; 0.0209838 ; -0.0440125 ; -0.0257728 ; 100.173;
11 ; 7 ; 15 ; 0.024272 ; -0.0141617 ; 0.017878 ; 101.153;
12 ; 7 ; 15 ; -0.0102378 ; -0.0195534 ; 0.0180338 ; 99.6275;
13 ; 7 ; 15 ; 0.00519551 ; -0.0137051 ; 0.0753069 ; 101.542;
14 ; 7 ; 15 ; -0.0180333 ; -0.0743486 ; -0.00809599 ; 102.145;
15 ; 7 ; 15 ; -0.0608604 ; 0.00945362 ; -0.0434344 ; 101.523;
16 ; 7 ; 15 ; 0.0283272 ; -0.0887287 ; -0.0339822 ; 101.17;
17 ; 7 ; 15 ; 0.0199165 ; 0.0160226 ; -0.0181207 ; 100.728;
18 ; 7 ; 15 ; -0.00397482 ; 0.0542292 ; 0.0391196 ; 101.93;
19 ; 7 ; 15 ; 0.0662074 ; 0.0400257 ; 0.0537777 ; 101.547;
20 ; 7 ; 15 ; -0.000178361 ; 0.0607559 ; -0.00497682 ; 102.48;
21 ; 7 ; 15 ; 0.0208905 ; 0.0400259 ; -0.00305094 ; 101.157;
4 ; 8 ; 15 ; 0.030087 ; -0.0738165 ; -0.071209 ; 103.948;
5 ; 8 ; 15 ; 0.0390618 ; 0.0122048 ; -0.016753 ; 104.808;
6 ; 8 ; 15 ; 0.0388149 ; -0.00270797 ; -0.0219752 ; 100.685;
7 ; 8 ; 15 ; -0.0187719 ; 0.0115718 ; -0.0424547 ; 102.483;
8 ; 8 ; 15 ; 0.0318618 ; 0.0219824 ; -0.109437 ; 100.44;
9 ; 8 ; 15 ; -0.0357054 ; -0.0161005 ; -0.0146947 ; 101.533;
10 ; 8 ; 15 ; 0.0612241 ; -0.0383313 ; -0.045747 ; 102.312;
11 ; 8 ; 15 ; 0.0304409 ; -0.0446535 ; 0.0781132 ; 103.573;
12 ; 8 ; 15 ; -0.0228609 ; -0.0268952 ; -0.010832 ; 102.213;
13 ; 8 ; 15 ; 0.0472953 ; 0.00059531 ; 0.0271002 ; 102.518;
14 ; 8 ; 15 ; -0.0478628 ; -0.0386474 ; 0.0549783 ; 101.85;
15 ; 8 ; 15 ; -0.0115477 ; 0.0890606 ; 0.053243 ; 103.112;
16 ; 8 ; 15 ; 0.0481912 ; -0.0358893 ; -0.0604982 ; 101.45;
17 ; 8 ; 15 ; 0.0770428 ; -0.0154029 ; -0.102293 ; 104.377;
18 ; 8 ; 15 ; 0.0547667 ; -0.0147006 ; 0.0389715 ; 99.93;
19 ; 8 ; 15 ; 0.0600169 ; 0.0442479 ; 0.0622044 ; 103.608;
20 ; 8 ; 15 ; 0.0214986 ; -0.00225585 ; -0.0226961 ; 104.78;
21 ; 8 ; 15 ; 0.0237818 ; -0.0196342 ; -0.0275613 ; 101.797;
4 ; 9 ; 15 ; -0.00215874 ; -0.0439737 ; -0.0141775 ; 99.24;
5 ; 9 ; 15 ; 0.0300235 ; -0.0416813 ; -0.0204937 ; 102.845;
6 ; 9 ; 15 ; 0.0212071 ; 0.0155802 ; 0.00119838 ; 104.34;
7 ; 9 ; 15 ; -0.0299418 ; 0.0203377 ; 0.00289497 ; 100.097;
8 ; 9 ; 15 ; 0.0238019 ; 0.00576704 ; 0.011741 ; 102.06;
9 ; 9 ; 15 ; 0.0456222 ; -0.0432386 ; -0.0573459 ; 102.52;
10 ; 9 ; 15 ; 0.00111357 ; -0.0223499 ; 0.0585797 ; 102.695;
11 ; 9 ; 15 ; -0.0410107 ; 0.0267086 ; -0.00176757 ; 100.278;
12 ; 9 ; 15 ; 0.034671 ; -0.0187756 ; -0.0240904 ; 102.478;
13 ; 9 ; 15 ; -0.0297827 ; 0.0448052 ; -0.0879162 ; 101.51;
14 ; 9 ; 15 ; -0.0111807 ; 0.0156083 ; -0.0113405 ; 103.488;
15 ; 9 ; 15 ; 0.0644172 ; 0.069555 ; -0.00301368 ; 101.825;
16 ; 9 ; 15 ; 0.0417764 ; -0.0144371 ; 0.0186032 ; 100.297;
17 ; 9 ; 15 ; -0.0118169 ; -0.078709 ; 0.0101515 ; 99.5225;
18 ; 9 ; 15 ; 0.00179184 ; 0.0760441 ; -0.0882197 ; 100.765;
19 ; 9 ; 15 ; -0.0114469 ; 0.0276374 ; -0.0458367 ; 98.68;
20 ; 9 ; 15 ; -0.00261154 ; 0.0385121 ; -0.0705044 ; 101.515;
21 ; 9 ; 15 ; 0.0217678 ; 0.00239938 ; 0.00518113 ; 102.585;
4 ; 10 ; 15 ; 0.052741 ; -0.00689833 ; 0.00493445 ; 102.778;
5 ; 10 ; 15 ; 0.0094452 ; 0.00355237 ; -0.0290781 ; 101.782;
6 ; 10 ; 15 ; -0.034368 ; 0.0900095 ; -0.0085085 ; 100.472;
7 ; 10 ; 15 ; -0.0386721 ; -0.00497865 ; -0.0490729 ; 97.7225;
8 ; 10 ; 15 ; -0.0409095 ; 0.0477735 ; 0.0096552 ; 101.903;
9 ; 10 ; 15 ; 0.0147788 ; -0.0266448 ; -0.0582605 ; 101.993;
10 ; 10 ; 15 ; 0.104935 ; 0.00902179 ; -0.0440464 ; 103.1;
11 ; 10 ; 15 ; -0.0647117 ; -0.0451045 ; -0.0275212 ; 101.37;
12 ; 10 ; 15 ; 0.00183716 ; -0.0477382 ; 0.0100854 ; 104.767;
13 ; 10 ; 15 ; 0.0367482 ; 0.0686467 ; -0.0539366 ; 100.472;
14 ; 10 ; 15 ; 0.041441 ; 0.0542178 ; -0.00203182 ; 100.915;
15 ; 10 ; 15 ; -0.0265847 ; -0.055608 ; -0.08544 ; 101.633;
16 ; 10 ; 15 ; 0.0426849 ; -0.0261637 ; 0.0322413 ; 103.985;
17 ; 10 ; 15 ; -0.0201827 ; -0.0261053 ; -0.0482148 ; 102.21;
18 ; 10 ; 15 ; -0.0209897 ; -0.00693689 ; 0.0614194 ; 102.205;
19 ; 10 ; 15 ; -0.00556618 ; 0.0689207 ; 0.0658973 ; 102.068;
20 ; 10 ; 15 ; -0.0221285 ; -0.00749806 ; -0.0524458 ; 101.975;
21 ; 10 ; 15 ; -0.018545 ; -0.0168179 ; 0.0103153 ; 101.953;
4 ; 11 ; 15 ; 0.00618635 ; -0.0167603 ; 0.0123277 ; 103.068;
5 ; 11 ; 15 ; -0.0354221 ; -0.0263111 ; 0.0095266 ; 101.48;
6 ; 11 ; 15 ; -0.0738385 ; -0.0301312 ; 0.0254459 ; 102.885;
7 ; 11 ; 15 ; -0.0317257 ; 0.014249 ; 0.0367749 ; 103.505;
8 ; 11 ; 15 ; -0.0109562 ; 0.0280622 ; -0.0516766 ; 100.642;
9 ; 11 ; 15 ; 0.00911391 ; -0.0328173 ; -0.0736218 ; 102.985;
10 ; 11 ; 15 ; -0.00478537 ; -0.0929798 ; 0.0315973 ; 102.465;
11 ; 11 ; 15 ; 0.0230921 ; -0.0353956 ; 0.0350546 ; 101.9;
12 ; 11 ; 15 ; -0.00380621 ; 0.0323416 ; -0.0111799 ; 100.887;
13 ; 11 ; 15 ; -0.0451299 ; -0.0169608 ; 0.0230891 ; 103.087;
14 ; 11 ; 15 ; -0.0748037 ; 0.000476908 ; 0.00532394 ; 101.015;
15 ; 11 ; 15 ; -0.0370545 ; -0.0415621 ; 0.013746 ; 103.097;
16 ; 11 ; 15 ; 0.0282247 ; -0.0482141 ; -0.0205011 ; 100.035;
17 ; 11 ; 15 ; 0.00232169 ; -0.0800017 ; -0.0476212 ; 103.368;
18 ; 11 ; 15 ; 0.0212758 ; -0.05275 ; 0.059217 ; 101.18;
19 ; 11 ; 15 ; 0.0492353 ; 0.0458177 ; 0.0124155 ; 101.823;
20 ; 11 ; 15 ; -0.0291604 ; 0.0246602 ; -0.0326782 ; 101.625;
21 ; 11 ; 15 ; -0.00691311 ; 0.0131894 ; 0.014721 ; 103.123;
4 ; 12 ; 15 ; 0.0373192 ; 0.00598784 ; -0.0298063 ; 102.52;
5 ; 12 ; 15 ; 0.05308 ; 0.0607942 ; -0.0418294 ; 100.01;
6 ; 12 ; 15 ; -0.00177358 ; 0.0198876 ; -0.0248212 ; 100.853;
7 ; 12 ; 15 ; -0.0315519 ; 0.0428015 ; -0.0128439 ; 101.585;
8 ; 12 ; 15 ; -0.0702534 ; 0.0793887 ; 0.00168861 ; 101.645;
9 ; 12 ; 15 ; -0.0017153 ; 0.0256278 ; 0.015895 ; 100.245;
10 ; 12 ; 15 ; 0.0406229 ; -0.0036002 ; 0.0240158 ; 101.975;
11 ; 12 ; 15 ; 0.0106501 ; 0.000194609 ; 0.136873 ; 100.975;
12 ; 12 ; 15 ; -0.0100775 ; 0.0403294 ; 0.0670095 ; 101.238;
13 ; 12 ; 15 ; -0.0319771 ; -0.0835414 ; 0.0129532 ; 102.63;
14 ; 12 ; 15 ; -0.0370054 ; 0.00924832 ; -0.0348135 ; 100.065;
15 ; 12 ; 15 ; -0.0693757 ; -0.0609813 ; 0.00324156 ; 103.358;
16 ; 12 ; 15 ; -0.0326728 ; -0.076764 ; -0.0452939 ; 102.743;
17 ; 12 ; 15 ; -0.00971592 ; -0.0689941 ; -0.0129236 ; 101.153;
18 ; 12 ; 15 ; 0.0567507 ; -0.0990938 ; 0.00909411 ; 102.045;
19 ; 12 ; 15 ; -0.0216179 ; -0.0357411 ; 0.06382 ; 102.138;
20 ; 12 ; 15 ; 0.0274859 ; -0.0714116 ; 0.0160434 ; 99.5075;
21 ; 12 ; 15 ; -0.00372709 ; 0.0152495 ; -0.0507867 ; 102.025;
4 ; 13 ; 15 ; 0.0188572 ; 0.0205637 ; 0.0359598 ; 103.317;
5 ; 13 ; 15 ; -0.00909692 ; -0.104726 ; -0.0108339 ; 101.393;
6 ; 13 ; 15 ; 0.0226895 ; -0.0160958 ; -0.0286835 ; 102.25;
7 ; 13 ; 15 ; 0.0285151 ; -9.5179e-05 ; 0.0269297 ; 100.73;
8 ; 13 ; 15 ; 0.0408589 ; -0.0150334 ; -0.00244515 ; 101.675;
9 ; 13 ; 15 ; -0.00123699 ; 0.0191984 ; -0.0334618 ; 102.96;
10 ; 13 ; 15 ; -0.0271405 ; -0.0137203 ; 0.0022061 ; 99.7175;
11 ; 13 ; 15 ; -0.032132 ; 0.0471474 ; 0.0555137 ; 102.385;
12 ; 13 ; 15 ; 0.0173822 ; -0.0382023 ; 0.019964 ; 102.635;
13 ; 13 ; 15 ; -0.0204822 ; -0.0292567 ; 0.00998221 ; 97.1975;
14 ; 13 ; 15 ; -0.066156 ; -0.0205786 ; 0.0146447 ; 102.04;
15 ; 13 ; 15 ; -0.00486524 ; -0.0609943 ; 0.057909 ; 103.713;
16 ; 13 ; 15 ; 0.0209871 ; -0.0649312 ; -0.00741981 ; 103.498;
17 ; 13 ; 15 ; -0.0241135 ; -0.000553497 ; 0.00314943 ; 100.667;
18 ; 13 ; 15 ; 0.00766248 ; 0.00325576 ; 0.00531954 ; 102.067;
19 ; 13 ; 15 ; 0.0215446 ; -0.0593676 ; 0.0696473 ; 102.667;
20 ; 13 ; 15 ; 0.0314753 ; -0.0801275 ; 0.0309271 ; 99.3825;
21 ; 13 ; 15 ; -0.00721524 ; 0.0218526 ; 0.0432097 ; 104.655;
4 ; 14 ; 15 ; -0.00302291 ; 0.052819 ; -0.00884398 ; 101.172;
5 ; 14 ; 15 ; -0.0367642 ; -0.0314064 ; 0.0226035 ; 101.043;
6 ; 14 ; 15 ; -0.0342709 ; -0.0728018 ; -0.00977823 ; 102.713;
7 ; 14 ; 15 ; 0.00909383 ; 0.019728 ; -0.00508173 ; 102.865;
8 ; 14 ; 15 ; -0.0440414 ; -0.0121431 ; -0.031179 ; 102.192;
9 ; 14 ; 15 ; -0.0918657 ; 0.025196 ; -0.0383409 ; 102.89;
10 ; 14 ; 15 ; 0.0315525 ; -0.00314853 ; -0.0237602 ; 100.265;
11 ; 14 ; 15 ; -0.034084 ; 0.021152 ; -0.0097784 ; 102.6;
12 ; 14 ; 15 ; 0.0225836 ; -0.0717419 ; -0.0433614 ; 101.655;
13 ; 14 ; 15 ; -0.0112049 ; -0.0166077 ; 0.0297051 ; 101.065;
14 ; 14 ; 15 ; -0.0268262 ; -0.0808186 ; 0.0355228 ; 101.957;
15 ; 14 ; 15 ; 0.0297789 ; -0.0291684 ; -0.0415792 ; 101.37;
16 ; 14 ; 15 ; -0.0195851 ; 0.0260505 ; 0.00205013 ; 101.42;
17 ; 14 ; 15 ; 0.0101385 ; -0.0373573 ; 0.0065416 ; 102.242;
18 ; 14 ; 15 ; -0.0660103 ; 0.0178815 ; 0.0023601 ; 101.557;
19 ; 14 ; 15 ; -0.00623577 ; 0.0869346 ; 0.00208791 ; 103.385;
20 ; 14 ; 15 ; 0.040652 ; -0.0638812 ; -0.00687166 ; 102.112;
21 ; 14 ; 15 ; -0.0352382 ; 0.0663551 ; 0.00654112 ; 100;
4 ; 15 ; 15 ; -0.0444358 ; -0.0110801 ; -0.00917479 ; 101.4;
5 ; 15 ; 15 ; -0.0429006 ; 0.00546115 ; 0.0236161 ; 104.113;
6 ; 15 ; 15 ; 0.00924482 ; -0.012854 ; -0.0101711 ; 101.317;
7 ; 15 ; 15 ; 0.00964924 ; 0.0147264 ; 0.0546543 ; 101.33;
8 ; 15 ; 15 ; 0.00791674 ; 0.0345594 ; -0.0349838 ; 102.367;
9 ; 15 ; 15 ; 0.0424175 ; 0.00915705 ; -0.0437876 ; 103.305;
10 ; 15 ; 15 ; -0.0989719 ; -0.0206365 ; 0.00763782 ; 101.928;
11 ; 15 ; 15 ; 0.0241706 ; 0.00412792 ; -0.0349967 ; 102.09;
12 ; 15 ; 15 ; -0.00887532 ; -0.0184162 ; -0.0206241 ; 102.155;
13 ; 15 ; 15 ; 0.0117227 ; -0.029553 ; 0.0138303 ; 101.422;
14 ; 15 ; 15 ; 0.0256449 ; -0.0160778 ; 0.0604513 ; 102.545;
15 ; 15 ; 15 ; -0.0510097 ; -0.00179525 ; 0.0120503 ; 101.162;
16 ; 15 ; 15 ; 0.0796358 ; -0.0534363 ; 0.00149809 ; 102.768;
17 ; 15 ; 15 ; -0.0531379 ; -0.0132251 ; 0.00470572 ; 101.295;
18 ; 15 ; 15 ; 0.0247564 ; 0.00514646 ; 0.0264058 ; 102.392;
19 ; 15 ; 15 ; -0.0518174 ; 0.0551754 ; 0.0734524 ; 100.708;
20 ; 15 ; 15 ; 0.00646265 ; -0.0315341 ; -0.0312439 ; 101.845;
21 ; 15 ; 15 ; -0.0272846 ; -0.00293196 ; -0.0333181 ; 103.435;
4 ; 16 ; 15 ; -0.012225 ; 0.047249 ; 0.0307507 ; 100.328;
5 ; 16 ; 15 ; -0.0250435 ; 0.0606123 ; 0.0335294 ; 100.54;
6 ; 16 ; 15 ; -0.014898 ; 0.0482596 ; -0.028266 ; 101.815;
7 ; 16 ; 15 ; -0.0487273 ; -0.0254599 ; -0.0160167 ; 101.36;
8 ; 16 ; 15 ; -0.00287218 ; -0.00552355 ; -0.0491201 ; 100.977;
9 ; 16 ; 15 ; 0.0349172 ; 0.00545709 ; 0.0634608 ; 100.468;
10 ; 16 ; 15 ; 0.015408 ; -0.0126007 ; -0.00581798 ; 102.025;
11 ; 16 ; 15 ; 0.0327327 ; 0.0568244 ; 0.00542264 ; 102.08;
12 ; 16 ; 15 ; -0.014318 ; 0.0477114 ; 0.089565 ; 101.493;
13 ; 16 ; 15 ; 0.0514291 ; -2.14754e-05 ; 0.037818 ; 100.428;
14 ; 16 ; 15 ; 0.0250004 ; -0.0711618 ; -0.00952642 ; 100.885;
15 ; 16 ; 15 ; -0.0139097 ; 0.0128114 ; -0.00848057 ; 100.25;
16 ; 16 ; 15 ; -0.0159672 ; -0.0345499 ; 0.0106114 ; 100.042;
17 ; 16 ; 15 ; 0.0377979 ; -0.00984384 ; 0.0109009 ; 103.705;
18 ; 16 ; 15 ; 0.024324 ; -0.0638448 ; 0.0134711 ; 100.208;
19 ; 16 ; 15 ; 0.0377341 ; -0.00637247 ; 0.0438404 ; 100.142;
20 ; 16 ; 15 ; -0.0129322 ; -0.0416036 ; 0.0575455 ; 102.752;
21 ; 16 ; 15 ; -0.0235539 ; -0.00296709 ; -0.0328583 ; 104.757;
4 ; 17 ; 15 ; 0.0166055 ; 0.00769392 ; -0.0571155 ; 103.64;
5 ; 17 ; 15 ; 0.00478475 ; -0.0154035 ; -0.0585555 ; 102.68;
6 ; 17 ; 15 ; -0.0218336 ; -0.0127971 ; 0.0273506 ; 102.133;
7 ; 17 ; 15 ; 0.0456462 ; -0.0209113 ; 0.0169325 ; 104.832;
8 ; 17 ; 15 ; 0.0109439 ; 0.0531328 ; 0.00645021 ; 101.017;
9 ; 17 ; 15 ; -0.0811039 ; -0.00292415 ; 0.016873 ; 102.528;
10 ; 17 ; 15 ; -0.0244139 ; 0.0493158 ; -0.0384688 ; 100.055;
11 ; 17 ; 15 ; 0.00220027 ; 0.00883538 ; -0.0215769 ; 101.53;
12 ; 17 ; 15 ; -0.0163279 ; -0.0413503 ; 0.0988344 ; 101.203;
13 ; 17 ; 15 ; 0.02388 ; -0.0131871 ; -0.020077 ; 103.56;
14 ; 17 ; 15 ; 0.0417294 ; 0.065046 ; 0.00535384 ; 101.627;
15 ; 17 ; 15 ; -0.00392532 ; 0.0255768 ; -0.0296463 ; 101.837;
16 ; 17 ; 15 ; 0.0344009 ; 0.0126329 ; -0.0721321 ; 99.2875;
17 ; 17 ; 15 ; 0.0858202 ; -0.018719 ; 0.0463996 ; 102.195;
18 ; 17 ; 15 ; 0.0170303 ; -0.0591853 ; -0.0052279 ; 102.415;
19 ; 17 ; 15 ; -0.0454435 ; -0.061667 ; 0.0377353 ; 101.2;
20 ; 17 ; 15 ; -0.126281 ; -0.0351581 ; 0.00322681 ; 101.242;
21 ; 17 ; 15 ; -0.0443147 ; -0.0173842 ; 0.0530855 ; 100.738;
4 ; 18 ; 15 ; 0.040121 ; -0.0286408 ; 0.0215565 ; 100.43;
5 ; 18 ; 15 ; 0.0081672 ; 0.0337497 ; -0.0224242 ; 101.91;
6 ; 18 ; 15 ; 0.0173742 ; -0.0820675 ; 0.00644172 ; 101.538;
7 ; 18 ; 15 ; 0.00766193 ; 0.0122752 ; -0.00108093 ; 104.648;
8 ; 18 ; 15 ; -0.038919 ; -0.0226534 ; 0.0322317 ; 101.307;
9 ; 18 ; 15 ; 0.0413777 ; -0.0146041 ; -0.0399778 ; 105.145;
10 ; 18 ; 15 ; -0.0279997 ; -0.0542372 ; -0.0585201 ; 99.8525;
11 ; 18 ; 15 ; -0.0399225 ; 0.0287288 ; -0.0253373 ; 103.153;
12 ; 18 ; 15 ; 0.0315064 ; -0.0379893 ; 0.071088 ; 100.513;
13 ; 18 ; 15 ; -0.0538146 ; 0.00210045 ; 0.102236 ; 102.558;
14 ; 18 ; 15 ; -0.0205259 ; -0.00783292 ; 0.0573328 ; 99.005;
15 ; 18 ; 15 ; 0.0155198 ; 0.0055177 ; -0.0498144 ; 102.085;
16 ; 18 ; 15 ; -0.0158543 ; 0.0395411 ; -0.00747744 ; 101.547;
17 ; 18 ; 15 ; 0.02841 ; 0.0460064 ; 0.00710025 ; 101.153;
18 ; 18 ; 15 ; 0.0224605 ; 0.075079 ; -0.0214721 ; 100.203;
19 ; 18 ; 15 ; 0.0209034 ; -0.0414502 ; 0.0255927 ; 102.745;
20 ; 18 ; 15 ; 0.0106599 ; 0.0656012 ; -0.00566029 ; 101.87;
21 ; 18 ; 15 ; -0.0126692 ; -0.00390066 ; -0.0584931 ; 104.725;
4 ; 19 ; 15 ; 0.0575968 ; 0.0132257 ; -0.01653 ; 100.477;
5 ; 19 ; 15 ; 0.040081 ; -0.0033326 ; 0.0272239 ; 99.735;
6 ; 19 ; 15 ; -0.0553873 ; -0.0214599 ; 0.019541 ; 102.907;
7 ; 19 ; 15 ; -0.0519635 ; 0.0279703 ; 0.0253146 ; 102.955;
8 ; 19 ; 15 ; 0.0143982 ; -0.0181514 ; -0.0163271 ; 100.395;
9 ; 19 ; 15 ; 0.0206496 ; 0.0150017 ; -0.0233039 ; 100.703;
10 ; 19 ; 15 ; -0.0147047 ; -0.0381237 ; -0.0724082 ; 102.68;
11 ; 19 ; 15 ; 0.00105019 ; 0.00605142 ; -0.00527215 ; 102.57;
12 ; 19 ; 15 ; 0.0119372 ; 0.0131125 ; 0.00011213 ; 102.02;
13 ; 19 ; 15 ; -0.0278742 ; 0.0217863 ; 0.0424328 ; 102.315;
14 ; 19 ; 15 ; 0.021227 ; -0.0727375 ; 0.0119466 ; 103.552;
15 ; 19 ; 15 ; 0.0193612 ; -0.0254864 ; 0.0741223 ; 100.412;
16 ; 19 ; 15 ; 0.00848927 ; -0.0197641 ; -0.0539519 ; 105.805;
17 ; 19 ; 15 ; 0.0279928 ; -0.018862 ; 0.0410831 ; 99.2675;
18 ; 19 ; 15 ; 0.00462152 ; -0.0106233 ; 0.0143422 ; 103.02;
19 ; 19 ; 15 ; 0.00367292 ; -0.0290849 ; -0.100088 ; 104.145;
20 ; 19 ; 15 ; -0.0310044 ; 0.026594 ; -0.0124058 ; 101.298;
21 ; 19 ; 15 ; 0.0173834 ; -0.0701543 ; -0.036641 ; 99.45;
4 ; 20 ; 15 ; -0.0247839 ; 0.0291949 ; -0.0397413 ; 100.835;
5 ; 20 ; 15 ; -0.0405043 ; -0.0163279 ; -0.0160365 ; 104.995;
6 ; 20 ; 15 ; 0.108902 ; 0.0507767 ; 0.00467399 ; 102.985;
7 ; 20 ; 15 ; -0.00399514 ; 0.0122088 ; -0.0355363 ; 102.108;
8 ; 20 ; 15 ; -0.0336382 ; 0.00627634 ; 0.0377353 ; 102.663;
9 ; 20 ; 15 ; -0.032066 ; 0.00291679 ; 0.0585599 ; 101.737;
10 ; 20 ; 15 ; -0.0156441 ; -0.043056 ; 0.00579685 ; 101.82;
11 ; 20 ; 15 ; 0.02521 ; -0.0939542 ; -0.0151647 ; 100.453;
12 ; 20 ; 15 ; 0.0297966 ; 0.0486992 ; 0.037582 ; 97.5575;
13 ; 20 ; 15 ; 0.0100182 ; -0.0219284 ; 0.0299852 ; 104.045;
14 ; 20 ; 15 ; -0.0174716 ; 0.0602432 ; 0.0626463 ; 102.345;
15 ; 20 ; 15 ; -0.00660136 ; -0.0559053 ; 0.0225973 ; 101.005;
16 ; 20 ; 15 ; 0.0824758 ; -0.0219989 ; 0.0298073 ; 103.015;
17 ; 20 ; 15 ; 0.0151819 ; -0.0808159 ; -0.0122936 ; 103.08;
18 ; 20 ; 15 ; 0.035896 ; 0.0364957 ; 0.0107412 ; 102.63;
19 ; 20 ; 15 ; 0.00473736 ; -0.106154 ; 0.0144995 ; 100.713;
20 ; 20 ; 15 ; 0.0311767 ; -0.0183392 ; 0.0400037 ; 103.518;
21 ; 20 ; 15 ; 0.0182213 ; -0.0302879 ; 0.0211775 ; 101.61;
4 ; 21 ; 15 ; -0.00500177 ; -0.0689729 ; 0.0232727 ; 101.825;
5 ; 21 ; 15 ; 0.0125107 ; -0.0528575 ; 0.0226045 ; 100.972;
6 ; 21 ; 15 ; 0.0172539 ; -0.0227154 ; 0.0281003 ; 100.63;
7 ; 21 ; 15 ; 0.0361608 ; -0.0371894 ; 0.00599832 ; 101.295;
8 ; 21 ; 15 ; -0.0484495 ; -0.00679115 ; 0.0431565 ; 103.9;
9 ; 21 ; 15 ; 0.0243394 ; -0.0433366 ; 0.0859508 ; 102.597;
10 ; 21 ; 15 ; 0.0829612 ; -0.0020897 ; 0.00657382 ; 101.422;
11 ; 21 ; 15 ; -0.0536688 ; 0.0182691 ; -0.0266889 ; 99.765;
12 ; 21 ; 15 ; -0.0324553 ; -0.0585008 ; -0.0221057 ; 101.19;
13 ; 21 ; 15 ; 0.0232506 ; -0.00351909 ; -0.026675 ; 103.052;
14 ; 21 ; 15 ; -0.0790709 ; 0.0318922 ; 0.0644313 ; 102.793;
15 ; 21 ; 15 ; 0.0670472 ; -0.0258982 ; 0.0210905 ; 101.957;
16 ; 21 ; 15 ; 0.0138545 ; -0.037697 ; -0.0069278 ; 101.74;
17 ; 21 ; 15 ; 0.0586581 ; 0.0255854 ; -0.0144375 ; 101.377;
18 ; 21 ; 15 ; 0.0144673 ; -0.0866095 ; 0.0438822 ; 102.935;
19 ; 21 ; 15 ; 0.0390203 ; -0.0415749 ; -0.00755896 ; 98.91;
20 ; 21 ; 15 ; 0.0188645 ; 0.0395858 ; 0.0681394 ; 102.988;
21 ; 21 ; 15 ; 0.0303735 ; -0.0529376 ; 0.013221 ; 102.543;
4 ; 4 ; 16 ; 0.0364583 ; 0.0348033 ; -0.0097071 ; 102.057;
5 ; 4 ; 16 ; 0.0466186 ; 0.0419674 ; -0.09487 ; 102.39;
6 ; 4 ; 16 ; -0.00938678 ; 0.0382869 ; -0.0092461 ; 101.632;
7 ; 4 ; 16 ; -0.00235778 ; -0.032131 ; -0.0303022 ; 103.065;
8 ; 4 ; 16 ; -0.00732897 ; -0.0292775 ; 0.00279954 ; 103.775;
9 ; 4 ; 16 ; -0.000888049 ; -0.000990216 ; -0.0231087 ; 99.7525;
10 ; 4 ; 16 ; 0.0466385 ; 0.0557498 ; -0.00258584 ; 100.55;
11 ; 4 ; 16 ; 0.0758541 ; -0.0266896 ; 0.0114428 ; 102.715;
12 ; 4 ; 16 ; 0.0904047 ; 0.0381687 ; 0.0182735 ; 101.137;
13 ; 4 ; 16 ; 0.0262991 ; -0.0528691 ; 0.0533579 ; 101.627;
14 ; 4 ; 16 ; 0.0851556 ; 0.046738 ; 0.0430319 ; 102.825;
15 ; 4 ; 16 ; -0.0423534 ; 0.0264282 ; -0.0600925 ; 102.705;
16 ; 4 ; 16 ; -0.0894771 ; -0.0176056 ; -0.0141813 ; 101.987;
17 ; 4 ; 16 ; 0.00706545 ; 0.0600952 ; -0.0432358 ; 102.455;
18 ; 4 ; 16 ; 0.0207292 ; -0.0128454 ; 0.0561653 ; 101.683;
19 ; 4 ; 16 ; 0.0805793 ; -0.0115052 ; 0.0367097 ; 101.87;
20 ; 4 ; 16 ; 0.00846184 ; -0.042626 ; 0.0166138 ; 101.507;
21 ; 4 ; 16 ; -0.000375398 ; -0.0156244 ; -0.0336203 ; 101.052;
4 ; 5 ; 16 ; 0.070394 ; 0.0552519 ; 0.0238639 ; 103.59;
5 ; 5 ; 16 ; 0.0481044 ; -0.00078057 ; -0.00715485 ; 100.425;
6 ; 5 ; 16 ; 0.00766408 ; 0.0217497 ; -0.025128 ; 101.507;
7 ; 5 ; 16 ; -0.0535748 ; -0.0280208 ; 0.0585421 ; 100.02;
8 ; 5 ; 16 ; -0.0851355 ; -0.051931 ; 0.0241509 ; 103.465;
9 ; 5 ; 16 ; -0.0621287 ; -0.0375648 ; -0.0448591 ; 102.537;
10 ; 5 ; 16 ; 0.0185753 ; -0.00458195 ; 0.0368668 ; 101.233;
11 ; 5 ; 16 ; 0.0624278 ; -0.0103712 ; -0.00867458 ; 103.203;
12 ; 5 ; 16 ; -0.0113429 ; 0.0308006 ; -0.0173797 ; 102.463;
13 ; 5 ; 16 ; 0.00205226 ; 0.0569986 ; 0.0697556 ; 103.16;
14 ; 5 ; 16 ; 0.0618942 ; 0.00306483 ; -0.0670657 ; 102.885;
15 ; 5 ; 16 ; -0.00467656 ; 0.00743095 ; -0.0977828 ; 103.7;
16 ; 5 ; 16 ; -0.00715862 ; -0.0439802 ; -0.0289023 ; 100.947;
17 ; 5 ; 16 ; 0.0336739 ; -0.0297721 ; 0.0421252 ; 101.785;
18 ; 5 ; 16 ; 0.00153322 ; 0.054209 ; -0.00376444 ; 101.28;
19 ; 5 ; 16 ; 0.0504692 ; 0.0564961 ; -0.0476124 ; 100.722;
20 ; 5 ; 16 ; -0.0431083 ; -0.0316955 ; 0.0342064 ; 103.382;
21 ; 5 ; 16 ; -0.0112851 ; 0.00793633 ; 0.0163318 ; 103.623;
4 ; 6 ; 16 ; 0.0272984 ; 0.0220905 ; -0.00325392 ; 101.343;
5 ; 6 ; 16 ; 0.00636819 ; 0.0518536 ; 0.0417015 ; 97.995;
6 ; 6 ; 16 ; -0.0467356 ; 0.078771 ; 0.000571308 ; 100.452;
7 ; 6 ; 16 ; 0.0225567 ; -0.0230397 ; -0.0280191 ; 101.677;
8 ; 6 ; 16 ; -0.00349176 ; -0.0856784 ; 0.0580122 ; 99.52;
9 ; 6 ; 16 ; -0.0312571 ; -0.0625941 ; -0.0134951 ; 101.295;
10 ; 6 ; 16 ; -0.0539794 ; -0.0168779 ; -0.0504899 ; 102.152;
11 ; 6 ; 16 ; -0.0454817 ; 0.0524231 ; 0.0221236 ; 103.993;
12 ; 6 ; 16 ; -0.0311494 ; -0.0336394 ; -0.0296513 ; 101.957;
13 ; 6 ; 16 ; 0.0420892 ; -0.0429822 ; 0.000822913 ; 100.828;
14 ; 6 ; 16 ; 0.0866273 ; -0.0222303 ; 0.0349044 ; 100.698;
15 ; 6 ; 16 ; -0.021214 ; 0.0476471 ; 0.028811 ; 103.203;
16 ; 6 ; 16 ; 0.0159896 ; 0.0130136 ; 0.0153791 ; 101.32;
17 ; 6 ; 16 ; 0.0211525 ; 0.0610294 ; 0.00653096 ; 101.61;
18 ; 6 ; 16 ; 0.00694049 ; -0.00417983 ; -0.0248577 ; 101.593;
19 ; 6 ; 16 ; 0.0452242 ; 0.0288711 ; 0.0374084 ; 100.117;
20 ; 6 ; 16 ; 0.0229109 ; 0.0510778 ; -0.077843 ; 101.963;
21 ; 6 ; 16 ; 0.112713 ; -0.0117272 ; -0.0580887 ; 101.845;
4 ; 7 ; 16 ; 0.0397439 ; 0.0555518 ; -0.0116001 ; 98.085;
5 ; 7 ; 16 ; 0.0107367 ; 0.0437179 ; -0.106189 ; 102.983;
6 ; 7 ; 16 ; -0.0430427 ; 0.039165 ; -0.00918548 ; 103.355;
7 ; 7 ; 16 ; -0.0167644 ; -0.0625336 ; 0.0440368 ; 103.785;
8 ; 7 ; 16 ; 0.0812961 ; -0.049721 ; 0.028033 ; 102.21;
9 ; 7 ; 16 ; -0.00732056 ; 0.0285379 ; 0.0253973 ; 102.48;
10 ; 7 ; 16 ; -0.0581856 ; -0.0171236 ; 0.0221176 ; 102.087;
11 ; 7 ; 16 ; -0.0183859 ; 0.0409832 ; 0.0901404 ; 100.515;
12 ; 7 ; 16 ; 0.0276427 ; 0.0564067 ; 0.0158037 ; 102.655;
13 ; 7 ; 16 ; -0.0198308 ; -0.0377653 ; -0.0342301 ; 103.075;
14 ; 7 ; 16 ; -0.0418515 ; 0.0421099 ; -0.0263207 ; 103.07;
15 ; 7 ; 16 ; -0.0554376 ; -0.00653784 ; 0.0033946 ; 98.9125;
16 ; 7 ; 16 ; -0.0180281 ; -0.00814713 ; 0.0751958 ; 105.133;
17 ; 7 ; 16 ; 0.0106232 ; 0.0352387 ; -0.0303804 ; 100.175;
18 ; 7 ; 16 ; 0.081041 ; 0.0205046 ; -0.00505397 ; 102.222;
19 ; 7 ; 16 ; -0.0315981 ; 0.00306887 ; -0.0546483 ; 102.64;
20 ; 7 ; 16 ; -0.0934666 ; 0.0208153 ; -0.0812678 ; 101.083;
21 ; 7 ; 16 ; -0.0254512 ; 0.121671 ; -0.0394087 ; 103.35;
4 ; 8 ; 16 ; -0.0121925 ; -0.0524203 ; -0.00779252 ; 100.272;
5 ; 8 ; 16 ; 0.0123344 ; 0.0376486 ; -0.0521629 ; 101.498;
6 ; 8 ; 16 ; -0.020009 ; -0.00693367 ; -0.0488304 ; 100.075;
7 ; 8 ; 16 ; -0.0643183 ; 0.00946302 ; 2.42216e-05 ; 102.28;
8 ; 8 ; 16 ; 0.0187731 ; -0.00241361 ; 0.00652737 ; 102.818;
9 ; 8 ; 16 ; -0.0571822 ; -0.0876108 ; 0.0343629 ; 101.812;
10 ; 8 ; 16 ; 0.0232212 ; 0.0650352 ; -0.0233663 ; 101.24;
11 ; 8 ; 16 ; 0.000951291 ; -0.0445258 ; 0.0272623 ; 100.02;
12 ; 8 ; 16 ; -0.0220274 ; -0.0436192 ; -0.0423341 ; 102.902;
13 ; 8 ; 16 ; 0.0329229 ; 0.0889219 ; -0.0103669 ; 101.315;
14 ; 8 ; 16 ; 0.0545042 ; -0.0249317 ; 0.0661357 ; 100.195;
15 ; 8 ; 16 ; -0.0361969 ; -0.0341635 ; 0.0382474 ; 101.322;
16 ; 8 ; 16 ; 0.0354841 ; 0.012756 ; -0.017565 ; 100.41;
17 ; 8 ; 16 ; 0.0174775 ; -0.0623687 ; -0.0640167 ; 102.778;
18 ; 8 ; 16 ; 0.00736434 ; 0.000556813 ; 0.115259 ; 103.03;
19 ; 8 ; 16 ; 0.0385865 ; -0.016407 ; 0.0590269 ; 102.672;
20 ; 8 ; 16 ; 0.0234171 ; 0.0399804 ; 0.0148991 ; 98.5125;
21 ; 8 ; 16 ; -0.0587915 ; -0.00201245 ; 0.0294414 ; 102.84;
4 ; 9 ; 16 ; 0.0288173 ; -0.0176709 ; 0.010004 ; 101.63;
5 ; 9 ; 16 ; 0.0494079 ; -0.0451432 ; -0.0423696 ; 100.7;
6 ; 9 ; 16 ; 0.00458419 ; 0.0583496 ; 0.00938155 ; 101.235;
7 ; 9 ; 16 ; -0.0139781 ; 0.0600111 ; 0.0233461 ; 103.343;
8 ; 9 ; 16 ; -0.113267 ; 0.050059 ; -0.0553614 ; 101.17;
9 ; 9 ; 16 ; -0.0575238 ; 0.0133001 ; -0.0101521 ; 101.555;
10 ; 9 ; 16 ; -0.0349094 ; 0.0488032 ; 0.025249 ; 101.472;
11 ; 9 ; 16 ; -0.0531143 ; -0.00589226 ; 0.107096 ; 103.45;
12 ; 9 ; 16 ; -0.0239996 ; 0.0502245 ; 0.00838707 ; 102.817;
13 ; 9 ; 16 ; -0.0575418 ; 0.000877666 ; -0.0220244 ; 102.115;
14 ; 9 ; 16 ; -0.0590072 ; 0.0652669 ; 0.0169159 ; 102.535;
15 ; 9 ; 16 ; -0.0135455 ; 0.0318418 ; 0.0189674 ; 101.73;
16 ; 9 ; 16 ; 0.0132073 ; 0.00387232 ; 0.0157941 ; 101.578;
17 ; 9 ; 16 ; 0.013164 ; -0.044184 ; 0.0240227 ; 100.14;
18 ; 9 ; 16 ; 0.0544562 ; -0.00703893 ; -0.062676 ; 101.61;
19 ; 9 ; 16 ; 0.0658696 ; 0.0204456 ; -0.0198707 ; 102.182;
20 ; 9 ; 16 ; 0.00296716 ; 0.00889835 ; 0.020294 ; 100.435;
21 ; 9 ; 16 ; 0.0291436 ; 0.0555403 ; -0.0475032 ; 100.375;
4 ; 10 ; 16 ; -0.0358971 ; -0.0270507 ; -0.0306953 ; 102.595;
5 ; 10 ; 16 ; -0.0211558 ; -0.0325471 ; -0.0546786 ; 99.785;
6 ; 10 ; 16 ; -0.0729377 ; 0.0869616 ; 0.0172296 ; 102.543;
7 ; 10 ; 16 ; 0.0110336 ; 0.00144424 ; 0.00183429 ; 99.8525;
8 ; 10 ; 16 ; -0.0471101 ; -0.0242716 ; -0.00230888 ; 101.33;
9 ; 10 ; 16 ; 0.0442843 ; 0.0125776 ; -0.0491781 ; 102.188;
10 ; 10 ; 16 ; 0.00113017 ; -0.00679773 ; 0.00936353 ; 100.105;
11 ; 10 ; 16 ; -0.0103315 ; -0.0417477 ; 0.0858207 ; 100.525;
12 ; 10 ; 16 ; 0.00826935 ; -0.0915514 ; -0.0140678 ; 102.045;
13 ; 10 ; 16 ; -0.0295157 ; 0.0864167 ; -0.0143035 ; 102.347;
14 ; 10 ; 16 ; 0.0149991 ; 0.068167 ; -0.0399366 ; 101.11;
15 ; 10 ; 16 ; -0.0383907 ; 0.0589223 ; -0.0661735 ; 102.73;
16 ; 10 ; 16 ; -0.0626157 ; -0.022617 ; -0.0187382 ; 101.63;
17 ; 10 ; 16 ; -2.68536e-05 ; -0.0396857 ; 0.0358337 ; 99.345;
18 ; 10 ; 16 ; 0.0352184 ; 0.031272 ; 0.00999782 ; 102.183;
19 ; 10 ; 16 ; 0.0246045 ; -0.0193635 ; 0.00240842 ; 101.808;
20 ; 10 ; 16 ; 0.0154545 ; -0.0572389 ; -0.0302396 ; 106;
21 ; 10 ; 16 ; 0.0155122 ; 0.0346934 ; 0.0275027 ; 100.495;
4 ; 11 ; 16 ; 0.0799395 ; -0.0362864 ; -0.0435535 ; 101.308;
5 ; 11 ; 16 ; -0.0641739 ; 0.0520469 ; 0.019799 ; 101.375;
6 ; 11 ; 16 ; -0.0519226 ; -0.0391524 ; -0.0156469 ; 101.04;
7 ; 11 ; 16 ; 0.0188605 ; -0.0561476 ; -0.0635481 ; 102.493;
8 ; 11 ; 16 ; -0.0385433 ; -0.0811671 ; 0.0147424 ; 100.975;
9 ; 11 ; 16 ; 0.0327153 ; 0.0209034 ; 0.0531593 ; 101.84;
10 ; 11 ; 16 ; -0.0194718 ; -0.0560636 ; 0.0594055 ; 101.782;
11 ; 11 ; 16 ; 0.0182046 ; -0.0166865 ; -0.0820706 ; 99.0525;
12 ; 11 ; 16 ; -0.0324469 ; -0.0605928 ; 0.0258987 ; 101.748;
13 ; 11 ; 16 ; 0.0140744 ; 0.0266139 ; -0.00304576 ; 103.272;
14 ; 11 ; 16 ; 0.0257722 ; 0.0156449 ; 0.016971 ; 102.198;
15 ; 11 ; 16 ; 0.0569529 ; -0.0398563 ; 0.0241382 ; 102.343;
16 ; 11 ; 16 ; 0.0628338 ; -0.00556808 ; 0.0201906 ; 101.23;
17 ; 11 ; 16 ; 0.0426348 ; 0.00375425 ; 0.028113 ; 100.897;
18 ; 11 ; 16 ; 0.0995575 ; -0.00475149 ; -0.0397527 ; 102.525;
19 ; 11 ; 16 ; 0.0235143 ; 0.0283935 ; -0.0439874 ; 101.805;
20 ; 11 ; 16 ; 0.0285711 ; 0.00849231 ; -0.0149152 ; 102.885;
21 ; 11 ; 16 ; -0.0627989 ; 0.0493571 ; 0.0261242 ; 100.868;
4 ; 12 ; 16 ; 0.0164851 ; 0.00761149 ; -0.126061 ; 99.025;
5 ; 12 ; 16 ; 0.0370125 ; 0.0302302 ; -0.047608 ; 100.97;
6 ; 12 ; 16 ; -0.0574136 ; 0.0262519 ; -0.000862812 ; 103.737;
7 ; 12 ; 16 ; 0.0413111 ; 0.0102054 ; -0.0668428 ; 100.508;
8 ; 12 ; 16 ; 0.00787803 ; -0.0326555 ; -0.0867447 ; 102.285;
9 ; 12 ; 16 ; -0.0478221 ; -0.00989032 ; -0.0436938 ; 99.3175;
10 ; 12 ; 16 ; -0.0496502 ; -0.00813 ; -0.0309282 ; 99.9875;
11 ; 12 ; 16 ; -0.0245809 ; -0.055781 ; 0.0665613 ; 102.158;
12 ; 12 ; 16 ; -0.00102947 ; -0.0140054 ; -0.0113707 ; 98.7525;
13 ; 12 ; 16 ; -0.016162 ; 0.0412829 ; 0.0163221 ; 102.355;
14 ; 12 ; 16 ; -0.0437804 ; 0.0419517 ; 0.0106198 ; 102.44;
15 ; 12 ; 16 ; 0.0250786 ; -0.116786 ; 0.0499949 ; 102.835;
16 ; 12 ; 16 ; -0.0351219 ; -0.00907237 ; -0.0619559 ; 102.54;
17 ; 12 ; 16 ; -0.0101899 ; -0.000686916 ; 0.00351274 ; 104.862;
18 ; 12 ; 16 ; -0.013384 ; -0.0587981 ; 0.0464733 ; 100.485;
19 ; 12 ; 16 ; 0.0361781 ; -0.054719 ; 0.0880254 ; 102.308;
20 ; 12 ; 16 ; -0.0604307 ; 0.0140671 ; -0.0271892 ; 103.727;
21 ; 12 ; 16 ; -0.0448014 ; -0.0107744 ; 0.0029181 ; 103.108;
4 ; 13 ; 16 ; -0.0159357 ; 0.0153958 ; -0.0836187 ; 99.1125;
5 ; 13 ; 16 ; -0.0919633 ; 0.0146764 ; 0.0384465 ; 101.47;
6 ; 13 ; 16 ; 0.0536983 ; -0.0273561 ; 0.0179373 ; 102.852;
7 ; 13 ; 16 ; 0.0339934 ; -0.0578304 ; 0.00919531 ; 103.32;
8 ; 13 ; 16 ; -0.0526897 ; 0.00483241 ; 0.0747714 ; 102.333;
9 ; 13 ; 16 ; 0.0165697 ; 0.0632424 ; 0.0491216 ; 102.555;
10 ; 13 ; 16 ; 0.0224222 ; 0.0883858 ; -0.0316419 ; 100.623;
11 ; 13 ; 16 ; -0.0533014 ; -0.0251786 ; 0.118721 ; 102.97;
12 ; 13 ; 16 ; 0.00240665 ; -0.021288 ; -0.0545228 ; 101.258;
13 ; 13 ; 16 ; -0.0382917 ; -0.0414228 ; -0.0194315 ; 99.5675;
14 ; 13 ; 16 ; -0.00595627 ; -0.00232232 ; 0.0324737 ; 101.437;
15 ; 13 ; 16 ; -0.00735974 ; -0.0195147 ; 0.0636164 ; 103.35;
16 ; 13 ; 16 ; -0.0289118 ; -0.00377635 ; 0.00410558 ; 96.875;
17 ; 13 ; 16 ; -0.0122354 ; 0.0114826 ; 0.0622876 ; 100.36;
18 ; 13 ; 16 ; -0.012484 ; -0.0481414 ; 0.0490801 ; 99.6275;
19 ; 13 ; 16 ; -0.00797924 ; 0.0249256 ; 0.010184 ; 105.093;
20 ; 13 ; 16 ; -0.010862 ; 0.0238339 ; 0.00747665 ; 102.495;
21 ; 13 ; 16 ; 0.0321667 ; 0.00885594 ; 0.0343322 ; 101.06;
4 ; 14 ; 16 ; 0.0284908 ; -0.0479497 ; 0.0355852 ; 102.843;
5 ; 14 ; 16 ; 0.00805053 ; -0.00745442 ; -0.0275446 ; 102.66;
6 ; 14 ; 16 ; -0.0199577 ; 0.0237669 ; -0.0423672 ; 102.542;
7 ; 14 ; 16 ; 0.0309918 ; -0.0146263 ; 0.0122722 ; 102.222;
8 ; 14 ; 16 ; 0.00268345 ; 0.00864592 ; -0.0355325 ; 99.265;
9 ; 14 ; 16 ; 0.0493503 ; 0.0435518 ; 0.0192171 ; 100.938;
10 ; 14 ; 16 ; 0.00869623 ; -0.0521098 ; -0.00254612 ; 102.903;
11 ; 14 ; 16 ; -0.0148028 ; -0.0620445 ; -0.0455712 ; 101.407;
12 ; 14 ; 16 ; 0.011039 ; -0.0152139 ; -0.0252277 ; 103.085;
13 ; 14 ; 16 ; 0.0285976 ; -0.063517 ; -0.0857713 ; 100.505;
14 ; 14 ; 16 ; 0.0533586 ; 0.0173044 ; 0.0259133 ; 100.835;
15 ; 14 ; 16 ; 0.0872333 ; -0.00165618 ; 0.0820055 ; 101.695;
16 ; 14 ; 16 ; 0.0358156 ; -0.000749954 ; -0.0447859 ; 98.185;
17 ; 14 ; 16 ; -0.00374594 ; -0.062231 ; -0.0275184 ; 101.312;
18 ; 14 ; 16 ; -0.050888 ; 0.0257915 ; -0.0639478 ; 102.337;
19 ; 14 ; 16 ; -0.00716918 ; -0.0100417 ; 0.0166846 ; 101.993;
20 ; 14 ; 16 ; 0.0376944 ; 0.00448422 ; 0.0185115 ; 103.7;
21 ; 14 ; 16 ; 0.105942 ; 0.043179 ; -0.0886473 ; 100.925;
4 ; 15 ; 16 ; -0.0446692 ; 0.0433709 ; 0.103078 ; 103.097;
5 ; 15 ; 16 ; -0.0140112 ; -0.00256699 ; 0.0136546 ; 99.8675;
6 ; 15 ; 16 ; -0.017798 ; 0.0194046 ; 0.0192647 ; 102.618;
7 ; 15 ; 16 ; 0.0620191 ; 0.0273927 ; 0.0998333 ; 101.108;
8 ; 15 ; 16 ; 0.0467964 ; 0.0265254 ; -0.0786849 ; 102.028;
9 ; 15 ; 16 ; -0.0409871 ; 0.047933 ; 0.00731678 ; 102.388;
10 ; 15 ; 16 ; -0.0646715 ; -0.0514758 ; -0.0237524 ; 101.985;
11 ; 15 ; 16 ; -0.0512762 ; 0.029928 ; -0.0196807 ; 101.788;
12 ; 15 ; 16 ; -0.0544264 ; -0.0590053 ; 0.0558096 ; 104.355;
13 ; 15 ; 16 ; 0.0285541 ; 0.0250413 ; -0.00989774 ; 102.153;
14 ; 15 ; 16 ; -0.00885444 ; 0.0703713 ; 0.101992 ; 99.9775;
15 ; 15 ; 16 ; 0.0121323 ; 0.0403025 ; -0.079464 ; 101.9;
16 ; 15 ; 16 ; -0.0417187 ; -0.0365471 ; 0.0131143 ; 101.37;
17 ; 15 ; 16 ; 0.0539519 ; -0.0186685 ; -0.0196105 ; 103.825;
18 ; 15 ; 16 ; 0.0238339 ; -0.088409 ; -0.0217506 ; 101.387;
19 ; 15 ; 16 ; -0.0206844 ; -0.0601806 ; 0.0419709 ; 101.302;
20 ; 15 ; 16 ; 0.0637615 ; 0.0525803 ; -0.00999892 ; 101.642;
21 ; 15 ; 16 ; 0.0159172 ; -0.0231783 ; -0.0777056 ; 103.075;
4 ; 16 ; 16 ; 0.0770284 ; -0.0282365 ; -0.00797664 ; 101.923;
5 ; 16 ; 16 ; 0.0446924 ; 0.0331548 ; 0.0537523 ; 101.545;
6 ; 16 ; 16 ; -0.0376462 ; -0.000671171 ; -0.00996704 ; 103.71;
7 ; 16 ; 16 ; -0.0162761 ; -0.00533139 ; 0.0664225 ; 101.575;
8 ; 16 ; 16 ; 0.0399035 ; 0.0277987 ; -0.0154642 ; 103.44;
9 ; 16 ; 16 ; 0.0301603 ; -0.0771985 ; 0.0472195 ; 100.21;
10 ; 16 ; 16 ; 0.0245323 ; -0.0310786 ; 0.033568 ; 100.952;
11 ; 16 ; 16 ; 0.00860999 ; -0.0223023 ; -0.0385862 ; 102.36;
12 ; 16 ; 16 ; 0.0498731 ; -0.0157804 ; 0.0292861 ; 102.92;
13 ; 16 ; 16 ; -0.00828439 ; -0.0525075 ; 0.00883626 ; 102.59;
14 ; 16 ; 16 ; -0.00319975 ; -0.00620287 ; 0.0524118 ; 102.733;
15 ; 16 ; 16 ; 0.0157184 ; -0.00657879 ; 0.0432161 ; 101.588;
16 ; 16 ; 16 ; -0.00101258 ; -0.00993184 ; 0.0381718 ; 102.205;
17 ; 16 ; 16 ; -0.0340054 ; -0.0456907 ; 0.0246728 ; 100.142;
18 ; 16 ; 16 ; -0.019869 ; -0.0346435 ; 0.0508762 ; 102.135;
19 ; 16 ; 16 ; 0.0308865 ; 0.00208404 ; 0.0143394 ; 102.56;
20 ; 16 ; 16 ; 0.0356942 ; 0.0621373 ; 0.0770933 ; 102.19;
21 ; 16 ; 16 ; 0.0265228 ; -0.0278191 ; 0.0165328 ; 102.74;
4 ; 17 ; 16 ; 0.0249658 ; -0.0187958 ; -0.1023 ; 101.005;
5 ; 17 ; 16 ; 0.0115978 ; -0.0312813 ; -0.0411254 ; 102.315;
6 ; 17 ; 16 ; -0.0146935 ; 0.0733854 ; 0.0264411 ; 101.835;
7 ; 17 ; 16 ; -0.00710359 ; 0.0502749 ; -0.00283861 ; 104.115;
8 ; 17 ; 16 ; -0.0223767 ; -0.0226766 ; 0.0733264 ; 99.5375;
9 ; 17 ; 16 ; -0.0105552 ; 0.0324916 ; 0.0499114 ; 103.647;
10 ; 17 ; 16 ; -0.0157763 ; -0.0471046 ; -0.0390517 ; 101.945;
11 ; 17 ; 16 ; 0.0100167 ; -0.00317351 ; 0.0316744 ; 102.565;
12 ; 17 ; 16 ; 0.0273574 ; -0.00845076 ; 0.0717215 ; 102.047;
13 ; 17 ; 16 ; 0.049875 ; -0.0767843 ; 0.030238 ; 102.398;
14 ; 17 ; 16 ; 0.042758 ; -0.0316583 ; -0.0302811 ; 101.058;
15 ; 17 ; 16 ; -0.0249092 ; -0.0162014 ; 0.0252998 ; 97.625;
16 ; 17 ; 16 ; 0.0910914 ; -0.0182016 ; -0.0495362 ; 102.225;
17 ; 17 ; 16 ; -0.0413693 ; -0.0692389 ; -0.00665342 ; 104;
18 ; 17 ; 16 ; -0.0313379 ; 0.0180291 ; 0.00382884 ; 101.708;
19 ; 17 ; 16 ; -0.03048 ; -0.00554918 ; 0.0249913 ; 103.05;
20 ; 17 ; 16 ; 0.0310626 ; -0.0195151 ; 0.0423993 ; 101.105;
21 ; 17 ; 16 ; 0.0297359 ; 0.0329888 ; 0.0856092 ; 101.957;
4 ; 18 ; 16 ; -0.000881525 ; 0.050449 ; 0.00226479 ; 100.585;
5 ; 18 ; 16 ; -0.000929217 ; 0.0750458 ; -0.0410366 ; 104.067;
6 ; 18 ; 16 ; -0.00228126 ; 0.0720748 ; -0.014597 ; 100.443;
7 ; 18 ; 16 ; -0.0226395 ; 0.0345208 ; -0.0226611 ; 101.28;
8 ; 18 ; 16 ; 0.027835 ; 0.0593639 ; 0.0198251 ; 103.725;
9 ; 18 ; 16 ; 0.051734 ; -0.00536521 ; 0.0243247 ; 99.6925;
10 ; 18 ; 16 ; 0.0678109 ; -0.0406828 ; -0.0202055 ; 101.922;
11 ; 18 ; 16 ; 0.00875339 ; -0.00160907 ; -0.00868838 ; 101.995;
12 ; 18 ; 16 ; -0.0577977 ; -6.05744e-05 ; 0.00278535 ; 105.475;
13 ; 18 ; 16 ; -0.0524831 ; 0.0186205 ; 0.0323462 ; 102.218;
14 ; 18 ; 16 ; -0.0261863 ; -0.0545554 ; 0.081025 ; 101.113;
15 ; 18 ; 16 ; 0.0686483 ; 0.0454288 ; 0.0696966 ; 102.572;
16 ; 18 ; 16 ; 0.096198 ; -0.00108301 ; 7.76824e-06 ; 101.825;
17 ; 18 ; 16 ; 0.0361244 ; -0.0397376 ; -0.00401951 ; 101.255;
18 ; 18 ; 16 ; -0.0296923 ; -0.0159764 ; 0.0502152 ; 102.097;
19 ; 18 ; 16 ; 0.0215104 ; 0.0533678 ; -0.019814 ; 103.382;
20 ; 18 ; 16 ; -0.050065 ; 0.00650743 ; 0.00552166 ; 102.68;
21 ; 18 ; 16 ; -0.0129292 ; 0.098387 ; 0.0526278 ; 104;
4 ; 19 ; 16 ; -0.0109174 ; 0.00430948 ; 0.00787403 ; 102.453;
5 ; 19 ; 16 ; -0.0539108 ; 0.00497503 ; -0.0392868 ; 100.715;
6 ; 19 ; 16 ; 0.0148625 ; 0.0342927 ; 0.0196406 ; 101.078;
7 ; 19 ; 16 ; -0.0134797 ; 0.0172121 ; -0.018534 ; 102.19;
8 ; 19 ; 16 ; -0.0224015 ; 0.0053296 ; 0.00598659 ; 102.978;
9 ; 19 ; 16 ; 0.0168019 ; 0.0666971 ; 0.0512985 ; 103.14;
10 ; 19 ; 16 ; 0.0631229 ; -0.0167051 ; -0.0174588 ; 102.315;
11 ; 19 ; 16 ; 0.0829041 ; 0.0283904 ; 0.00661084 ; 100.46;
12 ; 19 ; 16 ; -0.0635721 ; -0.0293524 ; -0.0448107 ; 100.917;
13 ; 19 ; 16 ; -0.0498804 ; -0.0364206 ; -0.113771 ; 101.938;
14 ; 19 ; 16 ; 0.00982798 ; -0.0314123 ; 0.0121885 ; 101.615;
15 ; 19 ; 16 ; 0.0116842 ; -0.0543173 ; -0.0110615 ; 101.305;
16 ; 19 ; 16 ; 0.00530911 ; 0.0591813 ; -0.0116044 ; 101.808;
17 ; 19 ; 16 ; 0.00316539 ; -0.0208778 ; -0.0141582 ; 102.02;
18 ; 19 ; 16 ; -0.0973249 ; 0.0450275 ; -0.0495629 ; 100.335;
19 ; 19 ; 16 ; -0.0272616 ; 0.0736329 ; -0.0511017 ; 100.395;
20 ; 19 ; 16 ; 0.0575253 ; 0.0355673 ; -0.0218767 ; 98.5925;
21 ; 19 ; 16 ; -0.00250558 ; 0.0453578 ; 0.0204542 ; 102.075;
4 ; 20 ; 16 ; -0.0309692 ; 0.00574176 ; -0.0187726 ; 101.475;
5 ; 20 ; 16 ; -0.0277412 ; 0.018546 ; 0.0641996 ; 101.45;
6 ; 20 ; 16 ; -0.020209 ; 0.015328 ; -0.010981 ; 101.06;
7 ; 20 ; 16 ; -0.0216051 ; -0.0668303 ; -0.00241306 ; 103.49;
8 ; 20 ; 16 ; -0.0189978 ; -0.00151282 ; 0.0440466 ; 99.4075;
9 ; 20 ; 16 ; 0.0124732 ; -0.0428168 ; -0.0355768 ; 99.33;
10 ; 20 ; 16 ; -0.0977937 ; -0.0302516 ; -0.0401913 ; 102.31;
11 ; 20 ; 16 ; 0.0662367 ; -0.0402371 ; 0.0320514 ; 103.688;
12 ; 20 ; 16 ; -0.0194273 ; 0.0802367 ; -0.0360381 ; 104.51;
13 ; 20 ; 16 ; 0.0595472 ; 0.0512253 ; 0.0111875 ; 100.653;
14 ; 20 ; 16 ; -0.047602 ; -0.0253526 ; 0.0303714 ; 101.125;
15 ; 20 ; 16 ; -0.00366542 ; -0.0746459 ; 0.0375672 ; 100.465;
16 ; 20 ; 16 ; -0.0732663 ; 0.0109987 ; -0.0162953 ; 102.572;
17 ; 20 ; 16 ; -0.0772506 ; 0.124425 ; 0.0124494 ; 99.83;
18 ; 20 ; 16 ; 0.0728513 ; -0.0250585 ; 0.0184865 ; 102.127;
19 ; 20 ; 16 ; 0.0250817 ; 0.0592765 ; 0.0167493 ; 101.42;
20 ; 20 ; 16 ; -0.11222 ; 0.0304633 ; 0.0603255 ; 99.74;
21 ; 20 ; 16 ; -0.000250392 ; 0.0435203 ; -0.0255006 ; 100.985;
4 ; 21 ; 16 ; 0.0369492 ; 0.0287823 ; -0.0734638 ; 103.69;
5 ; 21 ; 16 ; 0.0192582 ; 0.070505 ; 0.00102177 ; 100.905;
6 ; 21 ; 16 ; -0.0212671 ; 0.0223461 ; 0.0699089 ; 100.737;
7 ; 21 ; 16 ; -0.0131058 ; -0.0161226 ; 0.0179614 ; 101.83;
8 ; 21 ; 16 ; 0.0133639 ; 0.00310054 ; -0.0102324 ; 102.15;
9 ; 21 ; 16 ; 0.0116802 ; -0.029263 ; 0.0368217 ; 102.575;
10 ; 21 ; 16 ; 0.0648967 ; 0.0202236 ; 0.0568291 ; 99.6825;
11 ; 21 ; 16 ; -0.039279 ; 0.0444553 ; 0.0908651 ; 103.61;
12 ; 21 ; 16 ; -0.0129594 ; -0.0649448 ; 0.0332941 ; 100.69;
13 ; 21 ; 16 ; -0.00462264 ; 0.0878716 ; 0.0542206 ; 100.148;
14 ; 21 ; 16 ; -0.0314318 ; -0.015538 ; -0.0414211 ; 100.62;
15 ; 21 ; 16 ; 0.0103568 ; -0.0728634 ; -0.041933 ; 99.8375;
16 ; 21 ; 16 ; -0.00139448 ; 0.0142067 ; 0.0231731 ; 101.447;
17 ; 21 ; 16 ; -0.0053525 ; 0.0109514 ; 0.0133471 ; 100.47;
18 ; 21 ; 16 ; -0.0483479 ; -0.0724775 ; 0.0330091 ; 104.157;
19 ; 21 ; 16 ; -0.0245764 ; -0.000678859 ; -0.0766456 ; 101.25;
20 ; 21 ; 16 ; 0.016434 ; -0.00582986 ; 0.0520777 ; 102.055;
21 ; 21 ; 16 ; 0.0746454 ; -0.0211399 ; -0.0145504 ; 101.36;
4 ; 4 ; 17 ; 0.0688018 ; -0.0342675 ; 0.0375705 ; 101.27;
5 ; 4 ; 17 ; 0.0325527 ; -0.0279088 ; 0.00621491 ; 103.043;
6 ; 4 ; 17 ; -0.0215488 ; 0.0592584 ; 0.0922387 ; 102.508;
7 ; 4 ; 17 ; -0.0486972 ; -0.0112122 ; 0.00274306 ; 100.305;
8 ; 4 ; 17 ; -0.0930102 ; -0.0166969 ; 0.0299854 ; 101.87;
9 ; 4 ; 17 ; -0.0149123 ; -0.015973 ; 0.00223746 ; 99.805;
10 ; 4 ; 17 ; 0.015143 ; 0.0213402 ; 0.00364326 ; 106.47;
11 ; 4 ; 17 ; 0.0961527 ; 0.0243726 ; -0.0250233 ; 102.517;
12 ; 4 ; 17 ; -0.0199223 ; 0.0611149 ; 0.0273512 ; 101.895;
13 ; 4 ; 17 ; -0.0801673 ; 0.0779954 ; 0.0151319 ; 99.1275;
14 ; 4 ; 17 ; -0.0604898 ; -0.0533115 ; -0.00306936 ; 103.108;
15 ; 4 ; 17 ; -0.00680245 ; 0.00322581 ; 0.0016565 ; 101.198;
16 ; 4 ; 17 ; 0.0137042 ; 0.0182691 ; 0.10975 ; 100.847;
17 ; 4 ; 17 ; 0.0541373 ; 0.0462907 ; 0.0100131 ; 99.91;
18 ; 4 ; 17 ; 0.0537537 ; 0.00250677 ; 0.00844203 ; 100.197;
19 ; 4 ; 17 ; 0.0217546 ; 0.0524357 ; 0.0216047 ; 101.645;
20 ; 4 ; 17 ; -0.00636794 ; 0.0582462 ; 0.00434321 ; 102.142;
21 ; 4 ; 17 ; 0.0182033 ; -0.0759502 ; 0.00722394 ; 99.4375;
4 ; 5 ; 17 ; -0.00946945 ; -0.010644 ; -0.035145 ; 100.45;
5 ; 5 ; 17 ; 0.0886864 ; -0.0241556 ; -0.0576536 ; 101.09;
6 ; 5 ; 17 ; -0.00185656 ; 0.0938355 ; -0.00844807 ; 100.705;
7 ; 5 ; 17 ; -0.00671156 ; -0.0162985 ; -0.0419939 ; 102.873;
8 ; 5 ; 17 ; 0.0100454 ; -0.0734837 ; -0.0290758 ; 99.235;
9 ; 5 ; 17 ; 0.0768838 ; 0.00535413 ; 0.0149386 ; 102.24;
10 ; 5 ; 17 ; 0.0428589 ; 0.0428908 ; -0.0325987 ; 101.078;
11 ; 5 ; 17 ; -0.0405242 ; -0.0271317 ; -0.000544813 ; 102.18;
12 ; 5 ; 17 ; -0.0468111 ; 0.0499799 ; 0.0114772 ; 103.22;
13 ; 5 ; 17 ; -0.00467978 ; -0.0231653 ; 0.00503958 ; 100.737;
14 ; 5 ; 17 ; 0.0612624 ; 0.0280113 ; -0.0236825 ; 99.5275;
15 ; 5 ; 17 ; 0.0447809 ; 0.0754276 ; -0.0108078 ; 103.315;
16 ; 5 ; 17 ; 0.0827954 ; 0.0412874 ; -0.0650241 ; 104.405;
17 ; 5 ; 17 ; 0.01181 ; -0.014579 ; 0.0121169 ; 101.795;
18 ; 5 ; 17 ; -0.0155921 ; 0.0278336 ; -0.0375631 ; 102.343;
19 ; 5 ; 17 ; -0.0205933 ; 0.090094 ; -0.0284053 ; 102.855;
20 ; 5 ; 17 ; 0.0412538 ; -0.0306475 ; -0.0321846 ; 100.963;
21 ; 5 ; 17 ; 0.00731714 ; -0.0283227 ; -0.0616184 ; 101.257;
4 ; 6 ; 17 ; 0.0668138 ; -0.0583281 ; -0.0457352 ; 101.75;
5 ; 6 ; 17 ; -0.00860224 ; -0.0305931 ; 0.0136626 ; 101.062;
6 ; 6 ; 17 ; -0.0134619 ; -0.00348329 ; 0.0266684 ; 101.92;
7 ; 6 ; 17 ; -0.0517822 ; 0.00735311 ; -0.02546 ; 101.535;
8 ; 6 ; 17 ; -0.0533438 ; -0.0171927 ; 0.0357411 ; 102.08;
9 ; 6 ; 17 ; -0.0328165 ; -0.058577 ; -0.0627014 ; 99.575;
10 ; 6 ; 17 ; -0.043467 ; -0.0429129 ; -0.0226834 ; 99.1775;
11 ; 6 ; 17 ; 0.00208257 ; -0.0522953 ; -0.00937605 ; 97.8075;
12 ; 6 ; 17 ; 0.0241309 ; -0.0116987 ; -0.0652092 ; 104.138;
13 ; 6 ; 17 ; -0.0969172 ; -0.0577335 ; 0.015137 ; 99.4875;
14 ; 6 ; 17 ; 0.0116234 ; 0.0112646 ; -0.00728635 ; 103.745;
15 ; 6 ; 17 ; -0.0429902 ; -0.0985017 ; 0.0778375 ; 100.045;
16 ; 6 ; 17 ; 0.0181544 ; 0.0162417 ; -0.0154221 ; 100.597;
17 ; 6 ; 17 ; -0.0229536 ; 0.0464751 ; 0.0030082 ; 102.54;
18 ; 6 ; 17 ; -0.102945 ; 0.0926578 ; 0.0398476 ; 101.97;
19 ; 6 ; 17 ; 0.0203707 ; 0.0123136 ; 0.00846992 ; 102.133;
20 ; 6 ; 17 ; 0.0054389 ; -0.0485807 ; 0.0523078 ; 100.75;
21 ; 6 ; 17 ; -0.06316 ; 0.0614298 ; -0.0457431 ; 103.14;
4 ; 7 ; 17 ; -0.0253516 ; -0.0209041 ; 0.0078022 ; 102.075;
5 ; 7 ; 17 ; 0.035554 ; 0.0147204 ; 0.046407 ; 102.915;
6 ; 7 ; 17 ; 0.0501045 ; -0.0316102 ; 0.0147137 ; 101.555;
7 ; 7 ; 17 ; 0.0569183 ; -0.0168636 ; -0.00596317 ; 102.157;
8 ; 7 ; 17 ; -0.0345472 ; 0.015513 ; 0.0874326 ; 102.73;
9 ; 7 ; 17 ; -0.0018534 ; -0.0158752 ; 0.0374693 ; 99.965;
10 ; 7 ; 17 ; -0.0227909 ; 0.0122294 ; -0.0706977 ; 103.782;
11 ; 7 ; 17 ; -0.0157134 ; 0.0152584 ; 0.0280118 ; 101.708;
12 ; 7 ; 17 ; -0.0247968 ; -0.0232027 ; -0.0454869 ; 103.49;
13 ; 7 ; 17 ; -0.063978 ; -0.00778324 ; 0.04402 ; 101.46;
14 ; 7 ; 17 ; -0.0586351 ; 0.0189102 ; -0.0203643 ; 100.98;
15 ; 7 ; 17 ; -0.0306436 ; 0.0053382 ; -0.00489804 ; 102.205;
16 ; 7 ; 17 ; 0.033811 ; -0.0418342 ; 0.00278751 ; 105.065;
17 ; 7 ; 17 ; -0.0688987 ; 0.0439729 ; 0.0120935 ; 103.925;
18 ; 7 ; 17 ; 0.0107807 ; 0.0209333 ; 0.0207622 ; 102.567;
19 ; 7 ; 17 ; -0.0265946 ; -0.0163973 ; 0.0307875 ; 102.532;
20 ; 7 ; 17 ; -0.00591062 ; 0.0124871 ; -0.0383374 ; 102.227;
21 ; 7 ; 17 ; -0.0125589 ; -0.0539322 ; 0.00471303 ; 102.91;
4 ; 8 ; 17 ; 0.0218097 ; -0.00727677 ; 0.0109376 ; 101.537;
5 ; 8 ; 17 ; -0.0713089 ; 0.0168172 ; -0.00615247 ; 100.64;
6 ; 8 ; 17 ; 0.00444326 ; 0.0268594 ; -0.00810866 ; 103.135;
7 ; 8 ; 17 ; -0.00967636 ; -0.0552354 ; -0.0374536 ; 102.912;
8 ; 8 ; 17 ; -0.00698422 ; 0.0546854 ; -0.0458217 ; 100.525;
9 ; 8 ; 17 ; -0.00664166 ; 0.0460234 ; -0.0515506 ; 102.303;
10 ; 8 ; 17 ; 0.0502212 ; 0.106257 ; -0.0190297 ; 103.045;
11 ; 8 ; 17 ; 0.0367252 ; 0.00792988 ; 0.0462659 ; 100.697;
12 ; 8 ; 17 ; 0.0291784 ; 0.0279116 ; -0.134357 ; 98.915;
13 ; 8 ; 17 ; -0.0412901 ; -0.077922 ; 0.00306198 ; 100.507;
14 ; 8 ; 17 ; 0.0287241 ; -0.00744781 ; 0.0287873 ; 102.493;
15 ; 8 ; 17 ; 0.0238933 ; 0.0255242 ; 0.030552 ; 102.547;
16 ; 8 ; 17 ; 0.0140456 ; 0.0456721 ; 0.0325232 ; 100.035;
17 ; 8 ; 17 ; -0.0480017 ; 0.00465237 ; -0.00084241 ; 100.907;
18 ; 8 ; 17 ; -0.0405308 ; 0.00350928 ; 0.0123771 ; 102.333;
19 ; 8 ; 17 ; 0.0337104 ; 0.0407858 ; -0.0282458 ; 104.407;
20 ; 8 ; 17 ; -0.0724208 ; 0.0123791 ; -0.0451269 ; 98.88;
21 ; 8 ; 17 ; -0.0539301 ; 0.0126755 ; 0.0285972 ; 100.97;
4 ; 9 ; 17 ; 0.0404227 ; 0.0379005 ; -0.0130749 ; 103.667;
5 ; 9 ; 17 ; -0.0476806 ; 0.0383315 ; 0.0331931 ; 100.845;
6 ; 9 ; 17 ; -0.0516791 ; 0.0537707 ; 0.0276745 ; 102.907;
7 ; 9 ; 17 ; -0.0138227 ; 0.00745582 ; 0.0124935 ; 99.59;
8 ; 9 ; 17 ; -0.0302452 ; 0.0372983 ; -0.0572833 ; 101.697;
9 ; 9 ; 17 ; -0.017866 ; 0.0317007 ; 0.0182579 ; 101.41;
10 ; 9 ; 17 ; 0.0363351 ; 0.0629689 ; 0.00528179 ; 101.66;
11 ; 9 ; 17 ; -0.00153516 ; 0.0352806 ; 0.0493288 ; 99.835;
12 ; 9 ; 17 ; 0.00551207 ; 0.0308211 ; 0.0121277 ; 103.737;
13 ; 9 ; 17 ; -0.0435936 ; 0.0575474 ; 0.0393446 ; 100.435;
14 ; 9 ; 17 ; 0.0206498 ; -0.0172693 ; -0.0282145 ; 100.438;
15 ; 9 ; 17 ; 0.0555024 ; -0.0595497 ; 0.0384968 ; 102.74;
16 ; 9 ; 17 ; -0.0169558 ; -0.0592028 ; 0.0256261 ; 99.3125;
17 ; 9 ; 17 ; -0.00951359 ; 0.0180194 ; -0.0117598 ; 102.213;
18 ; 9 ; 17 ; 0.0510946 ; 0.035353 ; -0.00632131 ; 102.392;
19 ; 9 ; 17 ; -0.011411 ; -0.00120449 ; 0.0221375 ; 101.388;
20 ; 9 ; 17 ; 0.0732237 ; -0.0253082 ; -0.0376628 ; 99.3675;
21 ; 9 ; 17 ; 0.0583328 ; -0.0538526 ; 0.0676805 ; 100.507;
4 ; 10 ; 17 ; 0.0312778 ; 0.118873 ; 0.0163768 ; 100.248;
5 ; 10 ; 17 ; 0.0287473 ; -0.0255147 ; 0.0141506 ; 99.845;
6 ; 10 ; 17 ; 0.00924483 ; -0.00747859 ; -0.0694663 ; 103.752;
7 ; 10 ; 17 ; 0.0118561 ; 0.0158536 ; 0.0405303 ; 100.727;
8 ; 10 ; 17 ; -0.0361038 ; 0.07694 ; -0.0190657 ; 100.763;
9 ; 10 ; 17 ; 0.0217741 ; 0.023546 ; 0.0869826 ; 102.638;
10 ; 10 ; 17 ; 0.0144134 ; 0.0223112 ; -0.00716917 ; 100.97;
11 ; 10 ; 17 ; 0.0370613 ; -0.0188153 ; -0.0456747 ; 100.448;
12 ; 10 ; 17 ; -0.0140993 ; -0.0254466 ; -0.011968 ; 98.36;
13 ; 10 ; 17 ; -0.0304742 ; -0.00409472 ; -0.0206204 ; 102.785;
14 ; 10 ; 17 ; 0.0449585 ; 0.0253724 ; -0.00810354 ; 100.398;
15 ; 10 ; 17 ; 0.0121034 ; -0.0266157 ; -0.0413487 ; 101.218;
16 ; 10 ; 17 ; -4.52706e-05 ; -0.0355286 ; -0.0124099 ; 101.032;
17 ; 10 ; 17 ; 0.0285287 ; -0.00180631 ; 0.0561379 ; 102.495;
18 ; 10 ; 17 ; 0.0239017 ; -0.026211 ; -0.0362311 ; 103.29;
19 ; 10 ; 17 ; -0.0224306 ; -0.0555021 ; -0.00682716 ; 100.155;
20 ; 10 ; 17 ; 0.0944203 ; 0.00354297 ; 0.073445 ; 102.362;
21 ; 10 ; 17 ; -0.0305546 ; -0.0269179 ; 0.0250885 ; 102.893;
4 ; 11 ; 17 ; -0.0537963 ; 0.0822967 ; -0.0157233 ; 102.645;
5 ; 11 ; 17 ; 0.0421624 ; 0.00694339 ; -0.0183212 ; 103.74;
6 ; 11 ; 17 ; -0.0808791 ; 0.0314394 ; -0.0412512 ; 102.1;
7 ; 11 ; 17 ; -0.0499679 ; -0.0213673 ; 0.102777 ; 101.33;
8 ; 11 ; 17 ; -0.00510016 ; -0.020859 ; 0.0324669 ; 100.895;
9 ; 11 ; 17 ; -0.00935629 ; 0.0304202 ; -0.0746372 ; 102.785;
10 ; 11 ; 17 ; -0.0385326 ; 0.0302002 ; -0.0314821 ; 97.9025;
11 ; 11 ; 17 ; -0.00919764 ; 0.0573513 ; 0.0502985 ; 101.82;
12 ; 11 ; 17 ; 0.031839 ; -0.00626081 ; 0.049184 ; 101.3;
13 ; 11 ; 17 ; 0.0251317 ; -0.0224623 ; 0.00600836 ; 102.777;
14 ; 11 ; 17 ; 0.0182613 ; -0.0423361 ; 0.0845805 ; 102.928;
15 ; 11 ; 17 ; 0.0155246 ; -0.00230365 ; 0.0348392 ; 99.855;
16 ; 11 ; 17 ; 0.0048828 ; -0.0175277 ; -0.0498943 ; 104.32;
17 ; 11 ; 17 ; 0.0167037 ; 0.00749088 ; 0.084718 ; 103.42;
18 ; 11 ; 17 ; -0.0235856 ; -0.00539233 ; -0.0177564 ; 102.172;
19 ; 11 ; 17 ; -0.0230384 ; -0.00341257 ; -0.033745 ; 102.27;
20 ; 11 ; 17 ; -0.0258865 ; 0.0313556 ; -0.0169879 ; 104.035;
21 ; 11 ; 17 ; -0.0709267 ; -0.0823201 ; 0.0488521 ; 100.003;
4 ; 12 ; 17 ; 0.114075 ; 0.00778017 ; -0.0166548 ; 104.452;
5 ; 12 ; 17 ; -0.0418417 ; 0.0834872 ; 0.0107891 ; 103.075;
6 ; 12 ; 17 ; -0.0300121 ; 0.0546707 ; 0.0184435 ; 100.81;
7 ; 12 ; 17 ; 0.0331506 ; -0.0065947 ; -0.0169589 ; 102.792;
8 ; 12 ; 17 ; 0.0161716 ; 0.060734 ; 0.0228298 ; 100.877;
9 ; 12 ; 17 ; 0.092547 ; 0.00996601 ; -0.0245101 ; 101.07;
10 ; 12 ; 17 ; 0.035352 ; 0.0320499 ; 0.00978714 ; 100.91;
11 ; 12 ; 17 ; -0.0243684 ; -0.0143944 ; 0.0111316 ; 101.2;
12 ; 12 ; 17 ; -0.00658249 ; -0.0309401 ; 0.0370956 ; 101.47;
13 ; 12 ; 17 ; 0.00172385 ; 0.0615117 ; -0.0447754 ; 101.295;
14 ; 12 ; 17 ; 0.0706168 ; 0.0297299 ; 0.0735095 ; 100.3;
15 ; 12 ; 17 ; -0.00834218 ; 0.00303727 ; 0.0310503 ; 103.312;
16 ; 12 ; 17 ; 0.0450511 ; 0.0186878 ; -0.0439121 ; 100.323;
17 ; 12 ; 17 ; -0.00149446 ; -0.0115974 ; 0.016233 ; 102.733;
18 ; 12 ; 17 ; 0.0535689 ; -0.0376411 ; -0.0760452 ; 100.14;
19 ; 12 ; 17 ; 0.0271827 ; -0.0409198 ; -0.0216657 ; 102.07;
20 ; 12 ; 17 ; 0.00231506 ; -0.0550443 ; -0.0151445 ; 102.545;
21 ; 12 ; 17 ; -0.0249096 ; -0.104099 ; -0.0217186 ; 101.233;
4 ; 13 ; 17 ; -0.0465601 ; -0.0246108 ; 0.0105328 ; 103.315;
5 ; 13 ; 17 ; -2.43437e-05 ; 0.0342676 ; -0.0344124 ; 100.653;
6 ; 13 ; 17 ; -0.0321223 ; -0.0453187 ; 0.0223751 ; 101.507;
7 ; 13 ; 17 ; -0.00877163 ; -0.0445909 ; 0.0243262 ; 102.36;
8 ; 13 ; 17 ; -0.0100403 ; 0.0199292 ; -0.030779 ; 99.4325;
9 ; 13 ; 17 ; -0.0237007 ; -0.0416411 ; -0.0247499 ; 102.632;
10 ; 13 ; 17 ; 0.0283843 ; 0.0117497 ; 0.00957372 ; 100.948;
11 ; 13 ; 17 ; 0.0284797 ; 0.0159708 ; -0.0230036 ; 101.91;
12 ; 13 ; 17 ; -0.00282151 ; -0.031681 ; -0.00912766 ; 102.062;
13 ; 13 ; 17 ; 0.0120165 ; 0.0692609 ; -0.004934 ; 101.072;
14 ; 13 ; 17 ; -0.039071 ; -0.03115 ; 0.0646588 ; 101.637;
15 ; 13 ; 17 ; 0.0333488 ; -0.0311825 ; -0.0153341 ; 102.88;
16 ; 13 ; 17 ; 0.00848346 ; -0.00741154 ; -0.0227183 ; 101.738;
17 ; 13 ; 17 ; 0.00790306 ; 0.0203051 ; 0.0310438 ; 103.588;
18 ; 13 ; 17 ; 0.0513416 ; -0.00520307 ; -0.0244431 ; 100.317;
19 ; 13 ; 17 ; -0.0615471 ; 0.0547068 ; 0.0110659 ; 102.03;
20 ; 13 ; 17 ; 0.00571374 ; -0.00229573 ; -0.0613894 ; 102.468;
21 ; 13 ; 17 ; 0.00250414 ; -0.0461586 ; 0.0119189 ; 100.585;
4 ; 14 ; 17 ; 0.0278865 ; -0.0153387 ; 0.0299374 ; 102.425;
5 ; 14 ; 17 ; -0.00872181 ; 0.0288847 ; -0.0628576 ; 100.31;
6 ; 14 ; 17 ; -0.0354734 ; 0.00482147 ; -0.0356051 ; 101.86;
7 ; 14 ; 17 ; -0.0253693 ; -0.0389612 ; -0.00377704 ; 99.14;
8 ; 14 ; 17 ; 0.0198397 ; 0.0122541 ; 0.0136344 ; 100.985;
9 ; 14 ; 17 ; -0.0209323 ; 0.00201692 ; -0.0367349 ; 100.855;
10 ; 14 ; 17 ; -0.0123033 ; -0.04155 ; -0.0760249 ; 100.843;
11 ; 14 ; 17 ; 0.00583737 ; 0.0499138 ; -0.0112415 ; 100.662;
12 ; 14 ; 17 ; 0.0226067 ; 0.0045227 ; 0.0521306 ; 100.93;
13 ; 14 ; 17 ; 0.0390287 ; -0.0120327 ; -0.00588813 ; 100.727;
14 ; 14 ; 17 ; 0.0111969 ; -0.0233706 ; -0.00577146 ; 102.365;
15 ; 14 ; 17 ; 0.0666324 ; -0.0656301 ; 0.0510618 ; 101.078;
16 ; 14 ; 17 ; -0.029961 ; 0.0327828 ; 0.00175497 ; 99.7175;
17 ; 14 ; 17 ; 0.0131226 ; 0.00978036 ; -0.0411846 ; 103.12;
18 ; 14 ; 17 ; -0.0110903 ; -0.0485812 ; -0.0175998 ; 102.315;
19 ; 14 ; 17 ; 0.00806247 ; 0.0236759 ; 0.0360854 ; 100.867;
20 ; 14 ; 17 ; 0.0250135 ; -0.030924 ; -0.0370654 ; 98.8525;
21 ; 14 ; 17 ; 0.04007 ; 0.0103422 ; -0.0807053 ; 101.528;
4 ; 15 ; 17 ; 0.0177883 ; -0.0531988 ; -0.0376305 ; 100.597;
5 ; 15 ; 17 ; 0.0465891 ; 0.0149683 ; 0.00835607 ; 101.48;
6 ; 15 ; 17 ; 0.0423337 ; -0.101582 ; 0.0171266 ; 100.973;
7 ; 15 ; 17 ; -0.0314973 ; 0.0110078 ; 0.0342701 ; 101.152;
8 ; 15 ; 17 ; 0.0253415 ; -0.00802966 ; 0.00100854 ; 102.615;
9 ; 15 ; 17 ; 0.0502434 ; -0.0161861 ; -0.0165131 ; 98.85;
10 ; 15 ; 17 ; 0.0136976 ; -0.0974126 ; -0.0109039 ; 104.73;
11 ; 15 ; 17 ; 0.0334935 ; 0.00342654 ; -0.025889 ; 100.46;
12 ; 15 ; 17 ; 0.012715 ; 0.0213784 ; -0.0394939 ; 102.12;
13 ; 15 ; 17 ; 0.00487095 ; 0.0367455 ; 0.0677921 ; 101.493;
14 ; 15 ; 17 ; 0.0456207 ; -0.0310645 ; 0.00241914 ; 101.233;
15 ; 15 ; 17 ; 0.054038 ; -0.0182542 ; -0.0710723 ; 105.185;
16 ; 15 ; 17 ; 0.021189 ; -0.0155267 ; -0.0697314 ; 102.17;
17 ; 15 ; 17 ; 0.0218027 ; -0.068517 ; 0.0272466 ; 100.005;
18 ; 15 ; 17 ; 0.0146457 ; -0.0380091 ; 0.030774 ; 100.458;
19 ; 15 ; 17 ; 0.00873044 ; 0.00335025 ; -0.012976 ; 103.205;
20 ; 15 ; 17 ; 0.0443544 ; -0.0543842 ; 0.012513 ; 102;
21 ; 15 ; 17 ; 0.059501 ; -0.0700912 ; 0.0237039 ; 100.373;
4 ; 16 ; 17 ; 0.0495877 ; 0.0306301 ; 0.00596868 ; 100.888;
5 ; 16 ; 17 ; 0.0449887 ; 0.0582977 ; 0.0230432 ; 99.0125;
6 ; 16 ; 17 ; -0.0800379 ; 0.0148071 ; -0.108861 ; 98.6525;
7 ; 16 ; 17 ; 0.0153128 ; -0.00843023 ; -0.00263312 ; 100.418;
8 ; 16 ; 17 ; 0.0374936 ; -0.0299985 ; 0.00973584 ; 103.118;
9 ; 16 ; 17 ; 0.0207349 ; -0.0136446 ; -0.00402014 ; 101.833;
10 ; 16 ; 17 ; -0.0107916 ; -0.0298188 ; 0.094117 ; 99.53;
11 ; 16 ; 17 ; 0.0528919 ; -0.0222797 ; 0.0499451 ; 102.348;
12 ; 16 ; 17 ; -0.00270451 ; 0.0227344 ; -0.0605604 ; 100.57;
13 ; 16 ; 17 ; 0.00517576 ; -0.075369 ; -0.0199633 ; 101.593;
14 ; 16 ; 17 ; -0.0278535 ; 0.00912659 ; -0.0551795 ; 100.975;
15 ; 16 ; 17 ; -0.0202615 ; -0.0768157 ; -0.032164 ; 101.775;
16 ; 16 ; 17 ; 0.0223832 ; -0.0409189 ; 0.043928 ; 97.7025;
17 ; 16 ; 17 ; 0.0318573 ; -0.00952678 ; -0.0580296 ; 102.82;
18 ; 16 ; 17 ; -0.016722 ; -0.0489565 ; 0.064743 ; 104.208;
19 ; 16 ; 17 ; -0.0405162 ; -0.0526487 ; 0.0278712 ; 102.763;
20 ; 16 ; 17 ; -0.00173189 ; -0.0383256 ; 0.0572178 ; 100.19;
21 ; 16 ; 17 ; 0.0731566 ; -0.0137254 ; 0.0191841 ; 102.273;
4 ; 17 ; 17 ; 0.0243305 ; -0.083892 ; -0.0556333 ; 101.903;
5 ; 17 ; 17 ; 0.0442429 ; -0.0444344 ; -0.0161663 ; 100.45;
6 ; 17 ; 17 ; -0.0587444 ; 0.0345657 ; -0.0230935 ; 101.075;
7 ; 17 ; 17 ; -0.0246119 ; 0.0416136 ; 0.0515127 ; 100.377;
8 ; 17 ; 17 ; 0.0647742 ; -0.00274227 ; -0.044143 ; 102.213;
9 ; 17 ; 17 ; 0.0330718 ; 0.0432048 ; 0.0308551 ; 100.137;
10 ; 17 ; 17 ; 0.0233451 ; -0.0879023 ; 0.0203031 ; 103.54;
11 ; 17 ; 17 ; -0.00622181 ; -0.031155 ; -0.0204276 ; 100.957;
12 ; 17 ; 17 ; 0.0591243 ; 0.00608393 ; -0.0461728 ; 100.297;
13 ; 17 ; 17 ; -0.0221975 ; 0.0115262 ; 0.00297307 ; 104.353;
14 ; 17 ; 17 ; 0.0395785 ; -0.00567921 ; 0.0408552 ; 102.085;
15 ; 17 ; 17 ; 0.00524844 ; 0.0375241 ; 0.0159765 ; 99.71;
16 ; 17 ; 17 ; -0.0287777 ; -0.030587 ; 0.0752752 ; 104.153;
17 ; 17 ; 17 ; 0.0229762 ; -0.0422661 ; -0.0166269 ; 99.63;
18 ; 17 ; 17 ; 0.014198 ; 0.0357627 ; -0.0501594 ; 101.267;
19 ; 17 ; 17 ; -0.0516577 ; -0.0212868 ; 0.00506016 ; 99.5625;
20 ; 17 ; 17 ; -0.0947046 ; -0.0529762 ; 0.0523102 ; 101.675;
21 ; 17 ; 17 ; -0.00641496 ; 0.0472759 ; -0.063611 ; 99.97;
4 ; 18 ; 17 ; 0.00673579 ; 0.0226181 ; -0.0373878 ; 102.278;
5 ; 18 ; 17 ; -0.0401905 ; 0.0326984 ; -0.0345818 ; 104.11;
6 ; 18 ; 17 ; 0.0586224 ; -0.0301274 ; 0.00106825 ; 101.525;
7 ; 18 ; 17 ; 0.00647331 ; -0.00931501 ; -0.0725891 ; 102.007;
8 ; 18 ; 17 ; -0.0477029 ; -0.0225966 ; -0.0247956 ; 102.005;
9 ; 18 ; 17 ; 0.0421815 ; 0.0109595 ; 0.0516414 ; 102.542;
10 ; 18 ; 17 ; 0.0120542 ; -0.093015 ; 0.0171951 ; 103.09;
11 ; 18 ; 17 ; -0.0335223 ; -0.0239149 ; -0.00407487 ; 101.45;
12 ; 18 ; 17 ; -0.0804843 ; -0.0409641 ; -0.058626 ; 102.257;
13 ; 18 ; 17 ; 0.00742456 ; 0.0295586 ; 0.0698974 ; 102.438;
14 ; 18 ; 17 ; 0.0341132 ; 0.0136264 ; -0.0150278 ; 102.755;
15 ; 18 ; 17 ; 0.0461833 ; 0.00583217 ; 0.0892139 ; 101.858;
16 ; 18 ; 17 ; 0.0793705 ; -0.0629006 ; -0.0653773 ; 104.225;
17 ; 18 ; 17 ; 0.0844408 ; 0.0443464 ; -0.0509777 ; 100.995;
18 ; 18 ; 17 ; -0.0080748 ; -0.0124503 ; -0.0372556 ; 101.203;
19 ; 18 ; 17 ; -0.0110704 ; -0.0128829 ; -0.0405794 ; 99.365;
20 ; 18 ; 17 ; -0.0588911 ; -0.00708261 ; 0.0510257 ; 102.305;
21 ; 18 ; 17 ; -0.0500797 ; 0.0391421 ; 0.0449948 ; 101.338;
4 ; 19 ; 17 ; -0.0379449 ; 0.0475218 ; -0.0704937 ; 101.345;
5 ; 19 ; 17 ; -0.0577557 ; -0.00885556 ; 0.0128562 ; 100.5;
6 ; 19 ; 17 ; -0.0289289 ; -0.0412461 ; -0.00958861 ; 101.933;
7 ; 19 ; 17 ; -0.0102413 ; -0.014325 ; 0.0821027 ; 102.495;
8 ; 19 ; 17 ; -0.104025 ; -0.0175034 ; 0.0328494 ; 103.343;
9 ; 19 ; 17 ; 0.00737936 ; -0.0105942 ; 0.0165575 ; 104.233;
10 ; 19 ; 17 ; 0.0487024 ; -0.0153574 ; -0.0297771 ; 99.3225;
11 ; 19 ; 17 ; -0.0148347 ; -0.0345915 ; 0.0762748 ; 100.942;
12 ; 19 ; 17 ; 0.0428706 ; 0.0370026 ; -0.00834764 ; 103.118;
13 ; 19 ; 17 ; -0.0542779 ; -0.0139219 ; -0.0866754 ; 104.177;
14 ; 19 ; 17 ; -0.00414865 ; -0.00266201 ; -0.0391741 ; 103.453;
15 ; 19 ; 17 ; 0.0188535 ; 0.0417335 ; -0.0808236 ; 103.328;
16 ; 19 ; 17 ; 0.0229356 ; -0.07788 ; -0.0132934 ; 101.81;
17 ; 19 ; 17 ; 0.0189574 ; 0.0594011 ; 0.0310232 ; 103.195;
18 ; 19 ; 17 ; -0.0273827 ; -0.0410011 ; -0.0332944 ; 100.393;
19 ; 19 ; 17 ; -0.0626438 ; -0.0307356 ; -0.0257722 ; 104.358;
20 ; 19 ; 17 ; 0.0286801 ; -0.0145206 ; 0.0562798 ; 104.39;
21 ; 19 ; 17 ; -0.00442674 ; -0.0441023 ; 0.0118227 ; 99.5175;
4 ; 20 ; 17 ; 0.0128627 ; 0.0130635 ; 0.00562384 ; 103.327;
5 ; 20 ; 17 ; -0.0736403 ; -0.0183404 ; 0.0913989 ; 101.545;
6 ; 20 ; 17 ; -0.0224772 ; -0.0228676 ; -0.0599526 ; 100.74;
7 ; 20 ; 17 ; 0.0121798 ; -0.0356801 ; -0.0405606 ; 100.722;
8 ; 20 ; 17 ; 0.0234205 ; 0.0113118 ; -0.0317515 ; 100.735;
9 ; 20 ; 17 ; 0.0225803 ; -0.0744122 ; -0.0118872 ; 102.325;
10 ; 20 ; 17 ; 0.0440755 ; -0.0410383 ; 0.0431636 ; 104.045;
11 ; 20 ; 17 ; 0.0533951 ; -0.0598777 ; 0.0352198 ; 101.343;
12 ; 20 ; 17 ; -0.0350382 ; 0.018547 ; 0.00380097 ; 101.737;
13 ; 20 ; 17 ; -0.00494725 ; -0.0722545 ; 0.00402983 ; 98.155;
14 ; 20 ; 17 ; 0.00453924 ; 0.0236911 ; 0.0450215 ; 103.43;
15 ; 20 ; 17 ; -0.0380572 ; 0.064951 ; 0.0644951 ; 101.453;
16 ; 20 ; 17 ; -0.00583695 ; -0.0223795 ; 0.052991 ; 103.415;
17 ; 20 ; 17 ; -0.0371377 ; 0.019628 ; 0.00913587 ; 101.287;
18 ; 20 ; 17 ; -0.0158635 ; -0.00897747 ; -0.0438112 ; 99.1075;
19 ; 20 ; 17 ; -0.00872323 ; -0.0208967 ; -0.0314271 ; 100.947;
20 ; 20 ; 17 ; -0.00382423 ; 0.0344353 ; -0.00687685 ; 103.448;
21 ; 20 ; 17 ; 0.039824 ; -0.0378998 ; 0.00626293 ; 101.837;
4 ; 21 ; 17 ; 0.0528796 ; -0.0510214 ; -0.0172934 ; 100.442;
5 ; 21 ; 17 ; 0.00250315 ; -0.0583431 ; 0.0345484 ; 102.252;
6 ; 21 ; 17 ; -0.0207073 ; -0.032681 ; 0.011876 ; 97.8275;
7 ; 21 ; 17 ; 0.0178054 ; 0.0156449 ; -0.0126855 ; 102.535;
8 ; 21 ; 17 ; 0.0391063 ; 0.0721915 ; -0.00206774 ; 101.013;
9 ; 21 ; 17 ; 0.011118 ; -0.00521762 ; 0.0343137 ; 101.543;
10 ; 21 ; 17 ; 0.0349094 ; 0.0102775 ; 0.141615 ; 102.333;
11 ; 21 ; 17 ; -0.0649837 ; -0.0331934 ; 0.0155862 ; 99.4125;
12 ; 21 ; 17 ; -0.0166441 ; -0.0181568 ; -0.0172831 ; 101.96;
13 ; 21 ; 17 ; -0.0465618 ; -0.0114393 ; 0.00198154 ; 102.553;
14 ; 21 ; 17 ; -0.014892 ; 0.0359586 ; 0.0467701 ; 102.863;
15 ; 21 ; 17 ; 0.051405 ; -0.0305906 ; -0.0278439 ; 105.088;
16 ; 21 ; 17 ; -0.0479221 ; -0.0367712 ; -0.0270936 ; 99.5025;
17 ; 21 ; 17 ; -0.0156409 ; 0.0275721 ; -0.03194 ; 100.948;
18 ; 21 ; 17 ; -0.0226521 ; 0.0158438 ; 0.0806569 ; 102.312;
19 ; 21 ; 17 ; -0.0312229 ; -0.00507964 ; -0.0489417 ; 103.073;
20 ; 21 ; 17 ; 0.0112439 ; -0.00137427 ; -0.0275235 ; 104.218;
21 ; 21 ; 17 ; 0.0265692 ; -0.0122234 ; 0.018259 ; 102.33;
4 ; 4 ; 18 ; -0.0380239 ; -0.0320406 ; 0.00122232 ; 101.397;
5 ; 4 ; 18 ; 0.0738277 ; 0.0633175 ; 0.00970726 ; 103.43;
6 ; 4 ; 18 ; 0.0712784 ; -0.051076 ; 0.0512238 ; 101.6;
7 ; 4 ; 18 ; -0.000495397 ; 0.0119219 ; 0.0883091 ; 101.093;
8 ; 4 ; 18 ; 0.0374172 ; -0.0413162 ; -0.00130622 ; 101.57;
9 ; 4 ; 18 ; 0.012473 ; 0.0344676 ; 0.0143219 ; 102.54;
10 ; 4 ; 18 ; 0.0344175 ; 1.27511e-05 ; -0.0136771 ; 99.445;
11 ; 4 ; 18 ; 0.0902576 ; -0.0822299 ; 0.0267751 ; 103.895;
12 ; 4 ; 18 ; -0.0675218 ; 0.00172189 ; -0.0149129 ; 103.547;
13 ; 4 ; 18 ; -0.0201285 ; -0.0591554 ; 0.0605022 ; 102.282;
14 ; 4 ; 18 ; 0.0289536 ; 0.0026982 ; 0.00570408 ; 101.635;
15 ; 4 ; 18 ; 0.0325247 ; 0.015142 ; 0.0280298 ; 100.045;
16 ; 4 ; 18 ; -0.000571964 ; 0.0417577 ; -0.049264 ; 98.6675;
17 ; 4 ; 18 ; -0.000355455 ; 0.00342115 ; 0.0585165 ; 100.945;
18 ; 4 ; 18 ; 0.0154271 ; -0.0056476 ; -0.0912129 ; 102.48;
19 ; 4 ; 18 ; -0.0724095 ; 0.0590496 ; 0.0542585 ; 103.495;
20 ; 4 ; 18 ; 0.000587334 ; 0.00843791 ; 0.0139645 ; 102.578;
21 ; 4 ; 18 ; 0.0130404 ; 0.0122587 ; 0.00377161 ; 101.245;
4 ; 5 ; 18 ; 0.0120386 ; 0.00949274 ; -0.0119081 ; 102.532;
5 ; 5 ; 18 ; 0.0258139 ; -0.0309924 ; -0.0440467 ; 102.315;
6 ; 5 ; 18 ; 0.0620547 ; -0.0208896 ; -0.00616 ; 103.235;
7 ; 5 ; 18 ; -0.0417775 ; 0.070835 ; -0.0204416 ; 101.343;
8 ; 5 ; 18 ; 0.00532381 ; 0.0409249 ; 0.0474205 ; 101.105;
9 ; 5 ; 18 ; -0.00724548 ; 0.0170019 ; 0.00242175 ; 101.912;
10 ; 5 ; 18 ; 0.0208578 ; 0.0163154 ; 0.0617168 ; 101.55;
11 ; 5 ; 18 ; -0.00680626 ; -0.090301 ; -0.00913456 ; 100.645;
12 ; 5 ; 18 ; 0.0163242 ; -0.0817249 ; 0.0132199 ; 101.372;
13 ; 5 ; 18 ; 0.0313742 ; 0.0221185 ; -0.0195241 ; 103.988;
14 ; 5 ; 18 ; -0.0110612 ; -0.0113091 ; -0.00327753 ; 100.683;
15 ; 5 ; 18 ; 0.0583694 ; 0.00155655 ; -0.002232 ; 101.223;
16 ; 5 ; 18 ; 0.0188188 ; 0.0513498 ; -0.0120853 ; 100.825;
17 ; 5 ; 18 ; -0.024172 ; 0.0700668 ; 0.00370897 ; 101.595;
18 ; 5 ; 18 ; -0.075182 ; -0.0714437 ; 0.0258045 ; 100.435;
19 ; 5 ; 18 ; 0.0438555 ; 0.0591905 ; -0.0267267 ; 102.18;
20 ; 5 ; 18 ; -0.0273994 ; 0.00945635 ; -0.0382441 ; 100.533;
21 ; 5 ; 18 ; -0.0417707 ; 0.00802068 ; -0.0958848 ; 102.317;
4 ; 6 ; 18 ; 0.000324747 ; 0.0105687 ; -0.0678031 ; 100.942;
5 ; 6 ; 18 ; 0.0182545 ; -0.0877108 ; 0.00586109 ; 102.62;
6 ; 6 ; 18 ; 0.0153859 ; -0.009594 ; 0.0602176 ; 102.875;
7 ; 6 ; 18 ; -0.0135713 ; 0.00627533 ; -0.0413505 ; 100.623;
8 ; 6 ; 18 ; 0.0228577 ; -0.0483442 ; 0.0646424 ; 101.1;
9 ; 6 ; 18 ; 0.0508863 ; -0.0228836 ; -0.0680686 ; 104.163;
10 ; 6 ; 18 ; 0.0251361 ; -0.00442145 ; 0.0568924 ; 101.192;
11 ; 6 ; 18 ; 0.0680762 ; -0.0418243 ; 0.00687833 ; 104.047;
12 ; 6 ; 18 ; -0.0128663 ; 0.0442459 ; 0.0404667 ; 100.362;
13 ; 6 ; 18 ; -0.00689083 ; 0.00648599 ; 0.00354469 ; 102.377;
14 ; 6 ; 18 ; -0.0246188 ; -0.0061945 ; -0.048455 ; 98.3025;
15 ; 6 ; 18 ; 0.0335923 ; -0.109837 ; -0.00384662 ; 104.045;
16 ; 6 ; 18 ; -0.00130127 ; -0.0325437 ; -0.0276592 ; 102.938;
17 ; 6 ; 18 ; -0.0432197 ; 0.0369115 ; 0.065328 ; 102.41;
18 ; 6 ; 18 ; 0.0138166 ; 0.00583161 ; 0.0239303 ; 101.92;
19 ; 6 ; 18 ; -0.00266019 ; 0.012008 ; 0.0182024 ; 99.4275;
20 ; 6 ; 18 ; -0.0118999 ; -0.0437999 ; -0.0183924 ; 100.73;
21 ; 6 ; 18 ; -0.0832314 ; 0.0682058 ; 0.0231674 ; 102.93;
4 ; 7 ; 18 ; -0.0390437 ; 0.0249849 ; -0.046443 ; 100.502;
5 ; 7 ; 18 ; -0.108563 ; 0.000990965 ; -0.0060292 ; 97.7575;
6 ; 7 ; 18 ; -0.093589 ; -0.0143973 ; 0.0496527 ; 100.912;
7 ; 7 ; 18 ; 0.0265147 ; -0.0276992 ; 0.0207106 ; 100.435;
8 ; 7 ; 18 ; -0.0821137 ; 0.0690709 ; 0.0463625 ; 99.65;
9 ; 7 ; 18 ; -0.000595583 ; -0.0272216 ; 0.0425447 ; 101.93;
10 ; 7 ; 18 ; 0.00202014 ; 0.0401191 ; -0.0751175 ; 99.3775;
11 ; 7 ; 18 ; 0.0316956 ; -0.0600182 ; -0.0536041 ; 102.965;
12 ; 7 ; 18 ; -0.0484503 ; 0.0275527 ; 0.104862 ; 103.835;
13 ; 7 ; 18 ; 0.000595459 ; -0.0139431 ; 0.0735429 ; 100.775;
14 ; 7 ; 18 ; -0.000372043 ; 0.0295369 ; 0.0247767 ; 101.005;
15 ; 7 ; 18 ; -0.0229903 ; 0.000751947 ; 0.0222815 ; 100.295;
16 ; 7 ; 18 ; 0.00701079 ; 0.0166995 ; -0.033643 ; 101.717;
17 ; 7 ; 18 ; -0.0812295 ; 0.010424 ; 0.00862098 ; 102.41;
18 ; 7 ; 18 ; 0.0382358 ; 0.0318974 ; -0.0553784 ; 100.367;
19 ; 7 ; 18 ; 0.0916189 ; 0.0573152 ; -0.0387506 ; 99.5075;
20 ; 7 ; 18 ; -0.0097359 ; -0.0205555 ; 0.0402137 ; 102.315;
21 ; 7 ; 18 ; 0.0218303 ; 0.0113255 ; -0.03226 ; 101.463;
4 ; 8 ; 18 ; -0.0645304 ; 0.000134945 ; -0.031094 ; 101.812;
5 ; 8 ; 18 ; 0.0246795 ; -0.00170348 ; -0.0242844 ; 102.013;
6 ; 8 ; 18 ; 0.0775625 ; -0.012117 ; -0.0126667 ; 105.522;
7 ; 8 ; 18 ; -6.45997e-05 ; 0.0243746 ; 0.0107015 ; 99.6675;
8 ; 8 ; 18 ; 0.00624658 ; 0.059433 ; 0.016214 ; 97.0475;
9 ; 8 ; 18 ; 0.0181718 ; -0.0482899 ; -0.0310294 ; 101.468;
10 ; 8 ; 18 ; 0.00146226 ; 0.00382577 ; 0.0448926 ; 103.528;
11 ; 8 ; 18 ; 0.0477823 ; -0.0343873 ; 0.0201307 ; 100.25;
12 ; 8 ; 18 ; -0.0104483 ; 0.0132065 ; 0.0492796 ; 100.388;
13 ; 8 ; 18 ; -0.000525745 ; -0.022677 ; 0.00699669 ; 101.692;
14 ; 8 ; 18 ; 0.0293083 ; 0.0382658 ; 0.0143354 ; 102.007;
15 ; 8 ; 18 ; 0.0266845 ; -0.0022485 ; -0.0259068 ; 102.105;
16 ; 8 ; 18 ; 0.0179988 ; 0.0134669 ; 0.0464887 ; 99.435;
17 ; 8 ; 18 ; -0.03065 ; -0.0411806 ; -0.0276454 ; 103.282;
18 ; 8 ; 18 ; 0.0611842 ; -0.0188293 ; -0.0620702 ; 101.653;
19 ; 8 ; 18 ; 0.0177626 ; 0.0360838 ; -0.0291381 ; 99.575;
20 ; 8 ; 18 ; -0.057437 ; -0.025368 ; 0.0116136 ; 100.808;
21 ; 8 ; 18 ; 0.0343114 ; -0.0150504 ; 0.0290218 ; 101.39;
4 ; 9 ; 18 ; -0.0146097 ; -0.00205083 ; -0.0154147 ; 101.107;
5 ; 9 ; 18 ; 0.0873148 ; -0.053888 ; -0.0290614 ; 102.917;
6 ; 9 ; 18 ; 0.049187 ; 0.0617715 ; -0.0569221 ; 103.613;
7 ; 9 ; 18 ; 0.00910603 ; 0.0252038 ; 0.00307856 ; 99.97;
8 ; 9 ; 18 ; 0.0330509 ; -0.126269 ; 0.0316394 ; 102.515;
9 ; 9 ; 18 ; 0.0036809 ; 0.000494469 ; 0.0160265 ; 101.978;
10 ; 9 ; 18 ; -0.000675632 ; -0.0472629 ; 0.0345594 ; 102.495;
11 ; 9 ; 18 ; -0.0123753 ; -0.00448542 ; -0.0575205 ; 103.595;
12 ; 9 ; 18 ; 0.049044 ; -0.0384105 ; -0.0172167 ; 102.433;
13 ; 9 ; 18 ; -0.0699698 ; 0.038346 ; -0.0261066 ; 100.815;
14 ; 9 ; 18 ; -0.05214 ; -0.0379244 ; -0.123005 ; 100.805;
15 ; 9 ; 18 ; -0.026167 ; 0.0351216 ; 0.0119522 ; 104.24;
16 ; 9 ; 18 ; 0.0527662 ; 0.00853422 ; 0.0128599 ; 102.72;
17 ; 9 ; 18 ; 0.029393 ; -0.0214383 ; 0.0144786 ; 100.5;
18 ; 9 ; 18 ; 0.0203319 ; 0.0606082 ; 0.0221219 ; 100.655;
19 ; 9 ; 18 ; -0.0308227 ; -0.0255315 ; -0.0272175 ; 99.685;
20 ; 9 ; 18 ; -0.00343583 ; -0.00714245 ; 0.0241711 ; 104.66;
21 ; 9 ; 18 ; -0.0793716 ; -0.00817996 ; 0.037496 ; 104.255;
4 ; 10 ; 18 ; -0.119685 ; 0.00678285 ; 0.0115776 ; 99.3275;
5 ; 10 ; 18 ; 0.0157707 ; -0.00670813 ; -0.030818 ; 103.245;
6 ; 10 ; 18 ; 0.0584158 ; -0.00287258 ; -0.0459287 ; 102.013;
7 ; 10 ; 18 ; -0.0154831 ; -0.0200539 ; 0.0324229 ; 104.953;
8 ; 10 ; 18 ; 0.109195 ; 0.0648868 ; -0.00392182 ; 101.417;
9 ; 10 ; 18 ; -0.0354795 ; 0.0371544 ; 0.0314244 ; 101.06;
10 ; 10 ; 18 ; -0.06424 ; 0.0320127 ; -0.0428394 ; 102.91;
11 ; 10 ; 18 ; -0.0127866 ; 0.0176605 ; -0.00794508 ; 100.015;
12 ; 10 ; 18 ; -0.0150741 ; 0.0553011 ; -0.0677245 ; 101.645;
13 ; 10 ; 18 ; -0.0420661 ; -0.0438952 ; 0.0243882 ; 103.34;
14 ; 10 ; 18 ; -0.0537438 ; -0.0780847 ; 0.0243128 ; 101.9;
15 ; 10 ; 18 ; -0.0614357 ; 0.00751161 ; 0.0340667 ; 101.895;
16 ; 10 ; 18 ; -0.0812941 ; -0.00278758 ; -0.0256269 ; 102.635;
17 ; 10 ; 18 ; 0.0379082 ; 0.0135112 ; -0.00351061 ; 101.262;
18 ; 10 ; 18 ; 0.015005 ; 0.111638 ; 0.04365 ; 102.328;
19 ; 10 ; 18 ; -0.0449018 ; 0.00763812 ; 0.0358666 ; 103.438;
20 ; 10 ; 18 ; 0.00569798 ; -0.0589179 ; 0.00129152 ; 101.138;
21 ; 10 ; 18 ; 0.0208077 ; -0.0288785 ; 0.0384793 ; 101.635;
4 ; 11 ; 18 ; 0.0553872 ; 0.0133619 ; -0.00737468 ; 101.247;
5 ; 11 ; 18 ; -0.0255777 ; -0.0663392 ; 0.0709491 ; 99.6225;
6 ; 11 ; 18 ; 0.00796092 ; 0.0379162 ; 0.0196584 ; 103.463;
7 ; 11 ; 18 ; -0.041803 ; -0.0298656 ; -0.0294337 ; 102.055;
8 ; 11 ; 18 ; -0.00758316 ; -0.0362499 ; 0.0215238 ; 103.125;
9 ; 11 ; 18 ; 0.063989 ; 0.030717 ; -0.075122 ; 100.835;
10 ; 11 ; 18 ; -0.00894112 ; 0.00579904 ; -0.0300452 ; 103.428;
11 ; 11 ; 18 ; -0.00368137 ; -0.0344788 ; -0.0279226 ; 102.85;
12 ; 11 ; 18 ; -0.0702603 ; 0.00529613 ; 0.0185715 ; 101.222;
13 ; 11 ; 18 ; -0.0437831 ; -0.0374158 ; 0.0682642 ; 101.407;
14 ; 11 ; 18 ; -0.0302053 ; 0.00316358 ; 0.0107133 ; 101.66;
15 ; 11 ; 18 ; 0.00866656 ; -0.0908661 ; -0.0481039 ; 101.813;
16 ; 11 ; 18 ; -0.0246297 ; -0.00394699 ; -0.0597878 ; 101.435;
17 ; 11 ; 18 ; 0.0370737 ; 0.00359705 ; 0.00124767 ; 101.888;
18 ; 11 ; 18 ; -0.0133324 ; -0.0159867 ; 0.0225457 ; 102.57;
19 ; 11 ; 18 ; -0.0593997 ; 0.0585632 ; -0.0259955 ; 102.205;
20 ; 11 ; 18 ; -0.02241 ; -0.0159292 ; 0.0263361 ; 103.203;
21 ; 11 ; 18 ; -0.0950542 ; 0.0631488 ; 0.0695331 ; 100.127;
4 ; 12 ; 18 ; -0.00920702 ; 0.0313026 ; 0.00508819 ; 100.243;
5 ; 12 ; 18 ; 0.00312618 ; -0.030401 ; 0.0580789 ; 99.5925;
6 ; 12 ; 18 ; -0.0759633 ; -0.0242873 ; -0.00284484 ; 102.475;
7 ; 12 ; 18 ; -0.0158721 ; 0.0473355 ; -0.00614376 ; 100.78;
8 ; 12 ; 18 ; -0.015703 ; -0.045065 ; -0.010527 ; 101.42;
9 ; 12 ; 18 ; 0.0308598 ; 0.0228909 ; -0.0610417 ; 101.965;
10 ; 12 ; 18 ; -0.0177407 ; 0.0534678 ; -0.0164912 ; 102.855;
11 ; 12 ; 18 ; -0.00930625 ; 0.0431221 ; -0.0477214 ; 101.775;
12 ; 12 ; 18 ; 0.0647073 ; 0.0164707 ; 0.0186663 ; 100.415;
13 ; 12 ; 18 ; -0.0105971 ; 0.0302372 ; -0.0774295 ; 103.055;
14 ; 12 ; 18 ; -0.0525776 ; 0.0594415 ; -0.0367913 ; 99.8225;
15 ; 12 ; 18 ; -0.022104 ; 0.090088 ; 0.041329 ; 102.185;
16 ; 12 ; 18 ; 0.0362532 ; -0.0148346 ; -0.0440582 ; 100.345;
17 ; 12 ; 18 ; -0.0136544 ; 0.067052 ; -0.00121802 ; 101.515;
18 ; 12 ; 18 ; -0.0960428 ; -0.0447288 ; -0.0749775 ; 101.235;
19 ; 12 ; 18 ; -0.0993956 ; -0.0625474 ; 0.0386582 ; 103.373;
20 ; 12 ; 18 ; -0.000523543 ; 0.071539 ; -0.0263537 ; 101.528;
21 ; 12 ; 18 ; -0.0242925 ; -0.00909112 ; 0.0227989 ; 102.362;
4 ; 13 ; 18 ; 0.017227 ; -0.0244078 ; 0.0377603 ; 101.588;
5 ; 13 ; 18 ; -0.0316725 ; 0.0240504 ; 0.0437045 ; 101.005;
6 ; 13 ; 18 ; -0.0101595 ; -0.0379853 ; 0.025213 ; 102.025;
7 ; 13 ; 18 ; -0.0388797 ; -0.0290294 ; -0.0357231 ; 102.545;
8 ; 13 ; 18 ; 0.0533829 ; -0.0320912 ; 0.0536265 ; 101.633;
9 ; 13 ; 18 ; -0.0413796 ; 0.062813 ; -0.0428695 ; 103.667;
10 ; 13 ; 18 ; -0.0263532 ; 0.00322269 ; -0.0516149 ; 102.575;
11 ; 13 ; 18 ; 0.0120899 ; 0.0118424 ; 0.0162481 ; 101.572;
12 ; 13 ; 18 ; 0.0748012 ; -0.0493149 ; -0.0338806 ; 102.045;
13 ; 13 ; 18 ; 0.0174297 ; -0.00315103 ; 0.00944886 ; 103.125;
14 ; 13 ; 18 ; -0.00810648 ; -0.0325553 ; -0.0245843 ; 102.26;
15 ; 13 ; 18 ; -0.0234259 ; 0.00765906 ; -0.0313634 ; 100.502;
16 ; 13 ; 18 ; 0.00701074 ; 0.0121474 ; 0.0502837 ; 103.743;
17 ; 13 ; 18 ; 0.0573801 ; 0.0225031 ; -0.0860549 ; 97.8875;
18 ; 13 ; 18 ; 0.0190547 ; -0.0580665 ; 0.0243846 ; 102.305;
19 ; 13 ; 18 ; -0.0236968 ; 0.000912629 ; 0.0178548 ; 101.76;
20 ; 13 ; 18 ; 0.00861998 ; 0.0289661 ; 0.0690041 ; 101.36;
21 ; 13 ; 18 ; 0.118892 ; -0.0538417 ; -0.0830073 ; 102.02;
4 ; 14 ; 18 ; 0.0650883 ; -0.0341335 ; 0.00931181 ; 100.317;
5 ; 14 ; 18 ; 0.0592095 ; 0.0146718 ; 0.0201396 ; 104.797;
6 ; 14 ; 18 ; -0.0165423 ; 0.0615021 ; -0.00193962 ; 102.537;
7 ; 14 ; 18 ; -0.0403399 ; 0.0175521 ; -0.0299142 ; 102.11;
8 ; 14 ; 18 ; -0.00143004 ; 0.0136334 ; 0.0769717 ; 99.8375;
9 ; 14 ; 18 ; -0.0241508 ; 0.0577755 ; -0.0172675 ; 101.36;
10 ; 14 ; 18 ; -0.10599 ; -0.0441911 ; 0.031048 ; 102.462;
11 ; 14 ; 18 ; -0.121957 ; 0.0470251 ; 0.00531633 ; 99.6175;
12 ; 14 ; 18 ; 0.0234977 ; -0.00574083 ; -0.0118268 ; 102.83;
13 ; 14 ; 18 ; 0.0287434 ; 0.0145036 ; 0.00483791 ; 101.772;
14 ; 14 ; 18 ; -0.0263889 ; -0.0556094 ; 0.0192451 ; 102.945;
15 ; 14 ; 18 ; 0.0226559 ; -0.00762045 ; 0.00564591 ; 102.347;
16 ; 14 ; 18 ; -0.089706 ; 0.00606552 ; -0.00447968 ; 102.04;
17 ; 14 ; 18 ; -0.113188 ; 0.00256712 ; -0.0330081 ; 101.915;
18 ; 14 ; 18 ; 0.0836432 ; 0.00466905 ; 0.00231685 ; 101.865;
19 ; 14 ; 18 ; -0.0328324 ; 0.00731273 ; 0.0745739 ; 101.212;
20 ; 14 ; 18 ; 0.0189034 ; -0.0645735 ; 0.0122891 ; 103.147;
21 ; 14 ; 18 ; 0.033311 ; 0.00626389 ; 0.0459796 ; 100.462;
4 ; 15 ; 18 ; 0.0120105 ; -0.0358396 ; 0.0554138 ; 101.877;
5 ; 15 ; 18 ; -0.0199553 ; 0.0561958 ; 0.0682696 ; 101.053;
6 ; 15 ; 18 ; -0.00177772 ; -0.0223435 ; 0.0396153 ; 101.653;
7 ; 15 ; 18 ; -0.0295144 ; 0.0259187 ; -0.0582815 ; 100.995;
8 ; 15 ; 18 ; 0.00701873 ; 0.00934809 ; -0.039206 ; 104.575;
9 ; 15 ; 18 ; 0.0213332 ; 0.000224643 ; 0.00242315 ; 103.355;
10 ; 15 ; 18 ; 0.020181 ; 0.0186493 ; 0.0198613 ; 100.32;
11 ; 15 ; 18 ; -0.0188674 ; -0.0308082 ; -0.0309172 ; 101.312;
12 ; 15 ; 18 ; 0.0410437 ; 0.0133921 ; -0.00630696 ; 103.738;
13 ; 15 ; 18 ; 0.0577372 ; 0.00397253 ; 0.0346953 ; 100.985;
14 ; 15 ; 18 ; -0.0107557 ; 0.0184419 ; -0.0477994 ; 97.3475;
15 ; 15 ; 18 ; 0.0261095 ; -0.0291574 ; 0.0832983 ; 103.447;
16 ; 15 ; 18 ; 0.0326442 ; -0.0342875 ; 0.0355799 ; 101.87;
17 ; 15 ; 18 ; -0.06239 ; 0.0620858 ; 0.0166571 ; 100.615;
18 ; 15 ; 18 ; 0.00396151 ; -0.100077 ; 0.0314721 ; 100.233;
19 ; 15 ; 18 ; 0.0394994 ; -0.0662704 ; 0.119537 ; 101.268;
20 ; 15 ; 18 ; -0.0304084 ; -0.0629085 ; 0.0743593 ; 102.215;
21 ; 15 ; 18 ; -0.02481 ; 0.055803 ; -0.00871402 ; 103.28;
4 ; 16 ; 18 ; -0.00530061 ; 0.00385427 ; 0.0571169 ; 101.64;
5 ; 16 ; 18 ; -0.0131915 ; 0.0449092 ; 0.0235813 ; 101.375;
6 ; 16 ; 18 ; 0.0163757 ; 0.0389264 ; -0.0633504 ; 102.03;
7 ; 16 ; 18 ; 0.0224341 ; 0.00760301 ; -0.0379395 ; 103.263;
8 ; 16 ; 18 ; -0.00712746 ; -0.00501431 ; -0.0288185 ; 104.923;
9 ; 16 ; 18 ; 0.0382728 ; -0.00101871 ; 0.0501529 ; 102.745;
10 ; 16 ; 18 ; 0.011141 ; -0.0318098 ; 0.015309 ; 104.602;
11 ; 16 ; 18 ; -0.0321528 ; 0.0193615 ; -0.0368413 ; 102.085;
12 ; 16 ; 18 ; 0.0232886 ; 0.0353853 ; -0.0596629 ; 101.975;
13 ; 16 ; 18 ; 0.0115952 ; 0.00735735 ; -0.0352491 ; 104.36;
14 ; 16 ; 18 ; -0.0054786 ; 0.0412672 ; -0.0142307 ; 98.34;
15 ; 16 ; 18 ; -0.0758462 ; 0.0107458 ; -0.0175816 ; 101.998;
16 ; 16 ; 18 ; 0.0150525 ; 0.00323948 ; -0.0176088 ; 102.752;
17 ; 16 ; 18 ; 0.0192712 ; -0.00705534 ; -0.0308383 ; 103.672;
18 ; 16 ; 18 ; 0.0399004 ; -0.0343865 ; 0.00601042 ; 100.91;
19 ; 16 ; 18 ; 0.0587664 ; -0.0215204 ; 0.0456777 ; 100.475;
20 ; 16 ; 18 ; -0.0157194 ; 0.0792112 ; 0.0531604 ; 103.28;
21 ; 16 ; 18 ; -0.0748467 ; 0.00119724 ; -0.00365318 ; 101.322;
4 ; 17 ; 18 ; -0.0205188 ; 0.0828658 ; 0.000154928 ; 103.68;
5 ; 17 ; 18 ; 0.0472068 ; -0.00891589 ; -0.015566 ; 102.905;
6 ; 17 ; 18 ; 0.0853591 ; 0.0239306 ; 0.0244045 ; 102.135;
7 ; 17 ; 18 ; 0.103769 ; 0.000497761 ; 0.019699 ; 102.645;
8 ; 17 ; 18 ; -0.0420966 ; 0.0453528 ; 0.0885114 ; 99.49;
9 ; 17 ; 18 ; -0.0609615 ; 5.60791e-05 ; 0.0012926 ; 99.52;
10 ; 17 ; 18 ; 0.0107666 ; 0.0072974 ; 0.0412093 ; 100.27;
11 ; 17 ; 18 ; 0.0526385 ; 0.00273568 ; 0.0854306 ; 105.735;
12 ; 17 ; 18 ; 0.0284324 ; 0.0224334 ; 0.0262912 ; 102.84;
13 ; 17 ; 18 ; 0.0307627 ; 0.0327509 ; 0.101579 ; 102.032;
14 ; 17 ; 18 ; 0.0276696 ; -0.0379215 ; 0.0557087 ; 101.285;
15 ; 17 ; 18 ; -0.0300724 ; 0.0729586 ; -0.000693155 ; 101.775;
16 ; 17 ; 18 ; -0.0476118 ; 0.00668754 ; 0.0190688 ; 100.935;
17 ; 17 ; 18 ; 0.0402807 ; 0.0775279 ; -0.0156306 ; 99.74;
18 ; 17 ; 18 ; -0.00346879 ; -0.0574157 ; 0.00829337 ; 101.41;
19 ; 17 ; 18 ; -0.0220432 ; -0.0134886 ; 0.0241614 ; 102.297;
20 ; 17 ; 18 ; 0.0393246 ; 0.000562848 ; 0.0541476 ; 102.593;
21 ; 17 ; 18 ; -0.0253641 ; 0.00606878 ; -0.00302242 ; 98.2825;
4 ; 18 ; 18 ; -0.067213 ; 0.00178171 ; -0.0350123 ; 103.25;
5 ; 18 ; 18 ; -0.0528512 ; -0.0687948 ; 0.0215633 ; 104.588;
6 ; 18 ; 18 ; -0.00853632 ; -0.00203248 ; 0.0882756 ; 103.207;
7 ; 18 ; 18 ; -0.0397648 ; 0.0405312 ; 0.0135796 ; 99.895;
8 ; 18 ; 18 ; -0.0246057 ; 0.042424 ; -0.0408474 ; 101.078;
9 ; 18 ; 18 ; -0.0160319 ; -0.0225614 ; -0.0814539 ; 103.495;
10 ; 18 ; 18 ; 0.0659915 ; -0.0309831 ; 0.0693883 ; 100.595;
11 ; 18 ; 18 ; 0.00586422 ; -0.0876584 ; 0.0119262 ; 102.683;
12 ; 18 ; 18 ; 0.00825752 ; 0.0366777 ; -0.0795796 ; 103.185;
13 ; 18 ; 18 ; 0.000999344 ; 0.0318353 ; -0.00631247 ; 98.9575;
14 ; 18 ; 18 ; -0.00835288 ; -0.0574336 ; -0.0135075 ; 101.853;
15 ; 18 ; 18 ; -0.053979 ; 0.0121947 ; -0.074005 ; 102.273;
16 ; 18 ; 18 ; -0.0150754 ; -0.0489364 ; 0.0411375 ; 101.685;
17 ; 18 ; 18 ; 0.00734417 ; -0.0227703 ; -0.0513979 ; 101.45;
18 ; 18 ; 18 ; -0.0224351 ; -0.0495611 ; -0.0839803 ; 102.89;
19 ; 18 ; 18 ; -0.0346705 ; -0.030558 ; -0.0124863 ; 103.843;
20 ; 18 ; 18 ; -0.010443 ; 0.0603269 ; 0.0298184 ; 101.163;
21 ; 18 ; 18 ; -0.0600687 ; -0.0348356 ; -0.0227986 ; 104.088;
4 ; 19 ; 18 ; 0.0597112 ; 0.0668054 ; -0.0657797 ; 100.833;
5 ; 19 ; 18 ; 0.00584781 ; -0.0335744 ; -0.00817339 ; 102.638;
6 ; 19 ; 18 ; 0.0433246 ; -0.0284739 ; 0.0403903 ; 102.835;
7 ; 19 ; 18 ; -0.0486349 ; 0.0734597 ; 0.0559698 ; 102.572;
8 ; 19 ; 18 ; -0.0445258 ; 0.0589627 ; -0.0347323 ; 100.1;
9 ; 19 ; 18 ; 0.0386952 ; 0.011909 ; -0.0383351 ; 101.69;
10 ; 19 ; 18 ; 0.00794757 ; 0.00691408 ; 0.0572254 ; 103.415;
11 ; 19 ; 18 ; -0.0351555 ; 0.00273052 ; 0.0257023 ; 104.032;
12 ; 19 ; 18 ; -0.0395364 ; 0.0299961 ; 0.00337595 ; 102.845;
13 ; 19 ; 18 ; 0.0669927 ; -0.082486 ; -0.0104307 ; 99.4;
14 ; 19 ; 18 ; -0.00434116 ; 0.00093539 ; 0.00660172 ; 103.007;
15 ; 19 ; 18 ; -0.016087 ; -0.044128 ; -0.0431335 ; 102.627;
16 ; 19 ; 18 ; -0.0386657 ; -0.00349691 ; 0.000217556 ; 101.51;
17 ; 19 ; 18 ; -0.0280924 ; 0.00952836 ; -0.00503733 ; 102.43;
18 ; 19 ; 18 ; 0.0274447 ; -0.0421622 ; -0.0569362 ; 102.073;
19 ; 19 ; 18 ; 0.0111988 ; -0.0162958 ; 0.0106148 ; 100.455;
20 ; 19 ; 18 ; 0.0141257 ; 0.0119101 ; -0.0158717 ; 100.258;
21 ; 19 ; 18 ; 0.0291744 ; -0.0943539 ; 0.00744405 ; 102.748;
4 ; 20 ; 18 ; -0.0277945 ; -0.0227984 ; -0.0123183 ; 99.95;
5 ; 20 ; 18 ; -0.020987 ; -0.0364019 ; 0.0227468 ; 103.17;
6 ; 20 ; 18 ; 0.00766827 ; 0.032696 ; 0.0104277 ; 102.188;
7 ; 20 ; 18 ; -0.002435 ; 0.0415669 ; -0.0806949 ; 98.5475;
8 ; 20 ; 18 ; 0.0549916 ; -0.0569502 ; -0.055744 ; 102.667;
9 ; 20 ; 18 ; 0.0101877 ; 0.0404911 ; -0.0598273 ; 100.388;
10 ; 20 ; 18 ; -0.0336734 ; -0.00277327 ; 0.0427188 ; 98.645;
11 ; 20 ; 18 ; 0.0593115 ; -0.00728772 ; 0.00491386 ; 104.7;
12 ; 20 ; 18 ; 0.0269868 ; -0.00287957 ; -0.00418713 ; 99.4575;
13 ; 20 ; 18 ; -0.0177054 ; 0.0422511 ; 0.00475038 ; 100.683;
14 ; 20 ; 18 ; -0.0157328 ; 0.0192827 ; -0.0452308 ; 104.545;
15 ; 20 ; 18 ; -0.0164673 ; 0.0374704 ; 0.0414565 ; 100.782;
16 ; 20 ; 18 ; 0.0601483 ; 0.0332937 ; -0.0204918 ; 103.27;
17 ; 20 ; 18 ; -0.114348 ; 0.036259 ; -0.0190521 ; 102.125;
18 ; 20 ; 18 ; -0.0264254 ; -0.0335475 ; -0.0644887 ; 102.162;
19 ; 20 ; 18 ; -0.00816653 ; -0.0208803 ; 0.0187246 ; 102.815;
20 ; 20 ; 18 ; -0.00765964 ; 0.0254328 ; 0.0102826 ; 101.173;
21 ; 20 ; 18 ; -0.0248896 ; -0.0232392 ; -0.0325984 ; 100.392;
4 ; 21 ; 18 ; -0.00111881 ; 0.0377933 ; -0.00473105 ; 102.93;
5 ; 21 ; 18 ; 0.0453014 ; -0.0390604 ; 0.0708882 ; 101.602;
6 ; 21 ; 18 ; 0.0534721 ; 0.00302585 ; 0.0241816 ; 101.863;
7 ; 21 ; 18 ; 0.0336617 ; -0.059149 ; 0.0241837 ; 103.335;
8 ; 21 ; 18 ; 0.0352185 ; -0.0572396 ; 0.0297507 ; 101.742;
9 ; 21 ; 18 ; 0.00729258 ; 0.04613 ; 0.0131354 ; 101.588;
10 ; 21 ; 18 ; 0.0279992 ; -0.0126583 ; 0.0296597 ; 101.305;
11 ; 21 ; 18 ; -0.0319393 ; 0.0172358 ; 0.0230608 ; 102.05;
12 ; 21 ; 18 ; -0.0547207 ; 0.05451 ; 0.00508784 ; 98.9125;
13 ; 21 ; 18 ; -0.0158729 ; 0.00372707 ; -0.00141875 ; 104.142;
14 ; 21 ; 18 ; 0.0374002 ; -0.0739222 ; 0.00572424 ; 102.347;
15 ; 21 ; 18 ; -0.0118318 ; -0.0575208 ; -0.0178104 ; 101.37;
16 ; 21 ; 18 ; -0.0564412 ; -0.0361631 ; 0.00162253 ; 101.23;
17 ; 21 ; 18 ; 0.0500928 ; 0.0497874 ; 0.0119731 ; 101.203;
18 ; 21 ; 18 ; -0.0812401 ; 0.0259504 ; 0.0284983 ; 100.498;
19 ; 21 ; 18 ; -0.0241914 ; 0.0358314 ; -0.0951308 ; 102.035;
20 ; 21 ; 18 ; 0.0564793 ; 0.0125141 ; -0.0757466 ; 104.477;
21 ; 21 ; 18 ; -0.023504 ; -0.032167 ; -0.0479765 ; 100.043;
4 ; 4 ; 19 ; -0.028289 ; -0.0255108 ; -0.0572158 ; 99.7575;
5 ; 4 ; 19 ; 0.0437665 ; -0.0981957 ; -0.0858166 ; 103.17;
6 ; 4 ; 19 ; 0.0138627 ; -0.0264454 ; 0.0112049 ; 102.123;
7 ; 4 ; 19 ; 0.00113405 ; -0.0228685 ; 0.0438036 ; 100.915;
8 ; 4 ; 19 ; 0.0553052 ; 0.0046076 ; -0.0329791 ; 104.145;
9 ; 4 ; 19 ; 0.0102993 ; 0.0400947 ; -0.0742589 ; 98.935;
10 ; 4 ; 19 ; 0.00331611 ; 0.0274976 ; 0.0201686 ; 100.713;
11 ; 4 ; 19 ; -0.00655223 ; -0.009432 ; -0.00879045 ; 104.283;
12 ; 4 ; 19 ; 0.0285688 ; 0.131103 ; -0.0292682 ; 103.205;
13 ; 4 ; 19 ; 0.044517 ; -0.00110956 ; -0.0543621 ; 101.495;
14 ; 4 ; 19 ; -0.0414203 ; -0.0251951 ; 0.0130028 ; 99.6625;
15 ; 4 ; 19 ; 0.00246473 ; -0.0490359 ; -0.0420757 ; 101.317;
16 ; 4 ; 19 ; -0.045318 ; 0.00195725 ; -0.0100581 ; 100.585;
17 ; 4 ; 19 ; 0.0440712 ; 0.0608957 ; -0.0305415 ; 102.748;
18 ; 4 ; 19 ; 0.00865242 ; -0.0468232 ; 0.0556305 ; 100.36;
19 ; 4 ; 19 ; 0.0143683 ; -0.0681659 ; 0.0297074 ; 101.112;
20 ; 4 ; 19 ; -0.016345 ; 0.0631107 ; 0.033411 ; 102.14;
21 ; 4 ; 19 ; 0.00556229 ; 0.00216493 ; -0.00339233 ; 104.15;
4 ; 5 ; 19 ; 0.00811815 ; -0.0758162 ; 0.00330951 ; 101.745;
5 ; 5 ; 19 ; 0.044932 ; -0.052744 ; -0.0580434 ; 98.665;
6 ; 5 ; 19 ; -0.0169321 ; -0.0448233 ; 0.00770788 ; 103.732;
7 ; 5 ; 19 ; -0.0577419 ; 0.00844526 ; -0.0504036 ; 102.97;
8 ; 5 ; 19 ; -0.0251056 ; -0.0727005 ; -0.00323805 ; 101.225;
9 ; 5 ; 19 ; -0.00816139 ; 0.0302273 ; 0.0893896 ; 103;
10 ; 5 ; 19 ; -0.00202811 ; 0.0212833 ; 0.00540819 ; 101.055;
11 ; 5 ; 19 ; 0.00627859 ; 0.0155028 ; 0.125158 ; 102.36;
12 ; 5 ; 19 ; -0.0053963 ; 0.0501157 ; 0.0646002 ; 102.938;
13 ; 5 ; 19 ; -0.0187409 ; -0.0137472 ; -0.152049 ; 103.168;
14 ; 5 ; 19 ; -0.0343741 ; 0.0277428 ; -0.0431799 ; 102.1;
15 ; 5 ; 19 ; -0.0325056 ; 0.00588594 ; -0.0711065 ; 102.373;
16 ; 5 ; 19 ; 0.04607 ; -0.0278271 ; 0.0473164 ; 100.355;
17 ; 5 ; 19 ; 0.0459216 ; 0.118784 ; -0.0188093 ; 103.85;
18 ; 5 ; 19 ; -0.0472641 ; -0.0323335 ; 0.0505766 ; 102.32;
19 ; 5 ; 19 ; -0.0260716 ; -0.0138505 ; 0.00448201 ; 100.89;
20 ; 5 ; 19 ; 0.0385905 ; -0.0266714 ; 0.0149201 ; 100.308;
21 ; 5 ; 19 ; -0.0274927 ; 0.0629889 ; -0.0544171 ; 102.933;
4 ; 6 ; 19 ; 0.0581217 ; 0.0245505 ; -0.0343256 ; 101.788;
5 ; 6 ; 19 ; 0.0557654 ; 0.0882664 ; -0.0359373 ; 100.215;
6 ; 6 ; 19 ; 0.00228395 ; -0.0652001 ; 0.0876927 ; 105.395;
7 ; 6 ; 19 ; -0.00798266 ; 0.0223285 ; 0.00465674 ; 101.978;
8 ; 6 ; 19 ; -0.0523731 ; -0.0373007 ; -0.0333424 ; 100.34;
9 ; 6 ; 19 ; 0.00387647 ; 0.0527957 ; -0.023512 ; 100.473;
10 ; 6 ; 19 ; -0.00253773 ; 0.00880333 ; 0.0511754 ; 102.062;
11 ; 6 ; 19 ; -0.0119519 ; 0.0193791 ; -0.000136031 ; 101.355;
12 ; 6 ; 19 ; -0.034078 ; 0.0154859 ; -0.0346635 ; 103.29;
13 ; 6 ; 19 ; 0.00982478 ; -0.0246858 ; -0.00665388 ; 103.522;
14 ; 6 ; 19 ; -0.00533321 ; 0.00674895 ; 0.0464791 ; 103.137;
15 ; 6 ; 19 ; -0.0339943 ; -0.0342149 ; -0.0201482 ; 103.388;
16 ; 6 ; 19 ; 0.0364826 ; 0.0376585 ; -0.0424121 ; 101.13;
17 ; 6 ; 19 ; -0.014609 ; 0.0708157 ; 0.0451635 ; 102.782;
18 ; 6 ; 19 ; -0.0116665 ; -0.0126423 ; 0.00717023 ; 103.608;
19 ; 6 ; 19 ; 0.0330946 ; -0.0175247 ; 0.027365 ; 102.09;
20 ; 6 ; 19 ; 0.0249394 ; 0.00322607 ; 0.0572491 ; 101.26;
21 ; 6 ; 19 ; -0.0623743 ; 0.0781709 ; 0.0325561 ; 101.688;
4 ; 7 ; 19 ; -0.00562707 ; 0.0235951 ; -0.0261558 ; 104.025;
5 ; 7 ; 19 ; 0.150262 ; -0.00666146 ; 0.0058973 ; 104.043;
6 ; 7 ; 19 ; -0.0799772 ; -0.0201252 ; -0.0237996 ; 101.448;
7 ; 7 ; 19 ; -0.0988299 ; 0.0362191 ; 0.0016478 ; 97.84;
8 ; 7 ; 19 ; -0.0124759 ; -0.00794107 ; 0.0635029 ; 103.105;
9 ; 7 ; 19 ; -0.00366422 ; -0.0312742 ; 0.0148476 ; 104.028;
10 ; 7 ; 19 ; -0.0508511 ; 0.0338211 ; 0.0348954 ; 100.355;
11 ; 7 ; 19 ; 0.0618796 ; 0.0445109 ; -0.0351717 ; 100.36;
12 ; 7 ; 19 ; 0.0343163 ; -0.0524821 ; 0.0808998 ; 100.87;
13 ; 7 ; 19 ; -0.00394585 ; 0.0188428 ; -0.0104578 ; 101.375;
14 ; 7 ; 19 ; 0.0683262 ; 0.0237272 ; 0.0352961 ; 101.365;
15 ; 7 ; 19 ; -0.0193451 ; -0.0656935 ; 0.0163707 ; 99.2225;
16 ; 7 ; 19 ; -0.00223948 ; 0.0344564 ; -0.0509369 ; 103.095;
17 ; 7 ; 19 ; 0.00946203 ; 0.0272432 ; 0.023799 ; 101.205;
18 ; 7 ; 19 ; -0.0491429 ; -0.0563775 ; -0.00142825 ; 101.422;
19 ; 7 ; 19 ; 0.0158533 ; 0.00865489 ; -0.0087321 ; 102.172;
20 ; 7 ; 19 ; -0.0309214 ; -0.0590254 ; -0.06756 ; 102.8;
21 ; 7 ; 19 ; 0.0296263 ; 0.00219166 ; -0.0450064 ; 103.585;
4 ; 8 ; 19 ; -0.0275913 ; -0.0158214 ; 0.0724799 ; 101.817;
5 ; 8 ; 19 ; -0.0184747 ; 0.00591706 ; 0.0422282 ; 103.232;
6 ; 8 ; 19 ; -0.0281679 ; -0.0306624 ; -0.00569612 ; 104.935;
7 ; 8 ; 19 ; -0.093608 ; -0.0483732 ; 0.00242859 ; 101.12;
8 ; 8 ; 19 ; 7.6408e-05 ; 0.0375458 ; 0.00246776 ; 102.317;
9 ; 8 ; 19 ; 0.0170063 ; 0.0218428 ; 0.0985074 ; 102.55;
10 ; 8 ; 19 ; 0.00256656 ; 0.0462426 ; 0.00211732 ; 102.512;
11 ; 8 ; 19 ; -0.000896428 ; 0.0097043 ; 0.00146936 ; 101.895;
12 ; 8 ; 19 ; -0.0281059 ; -0.034659 ; 0.0360811 ; 102.897;
13 ; 8 ; 19 ; 0.0202828 ; 0.0260985 ; -0.00622875 ; 103.905;
14 ; 8 ; 19 ; 0.0741181 ; 0.0218902 ; -0.00835157 ; 100.595;
15 ; 8 ; 19 ; 0.0744676 ; -0.00502275 ; 0.0180172 ; 101.797;
16 ; 8 ; 19 ; -0.0490252 ; 0.0157358 ; -0.0304963 ; 101.435;
17 ; 8 ; 19 ; -0.0222124 ; -0.0851241 ; -0.0089054 ; 104.112;
18 ; 8 ; 19 ; 0.0340752 ; 0.0621057 ; -0.0651952 ; 102.835;
19 ; 8 ; 19 ; 0.0187813 ; 0.000230741 ; 0.0206821 ; 103.457;
20 ; 8 ; 19 ; -0.0073972 ; -0.0223917 ; 0.00971454 ; 102.248;
21 ; 8 ; 19 ; 0.0279747 ; 0.00418842 ; 0.015691 ; 101.055;
4 ; 9 ; 19 ; 0.0334166 ; 0.0444702 ; -0.0364515 ; 103.178;
5 ; 9 ; 19 ; 0.0557086 ; 0.0134024 ; -0.0230502 ; 101.58;
6 ; 9 ; 19 ; 0.0544677 ; -0.0124982 ; 0.00859203 ; 100.112;
7 ; 9 ; 19 ; -0.055389 ; -0.0477191 ; -0.0429083 ; 103.065;
8 ; 9 ; 19 ; 0.00755695 ; -0.0088761 ; -0.0148227 ; 98.1125;
9 ; 9 ; 19 ; 0.0510755 ; 0.00945768 ; -0.0196009 ; 100.16;
10 ; 9 ; 19 ; -0.00311565 ; 0.00737016 ; 0.129701 ; 103.425;
11 ; 9 ; 19 ; -0.0139175 ; -0.0114943 ; -0.071415 ; 104.2;
12 ; 9 ; 19 ; 0.0340575 ; -0.015034 ; -0.0398145 ; 102.433;
13 ; 9 ; 19 ; 0.0687855 ; -0.0593347 ; 0.0786736 ; 101.35;
14 ; 9 ; 19 ; -0.0613375 ; -0.0328284 ; -0.0538828 ; 100.11;
15 ; 9 ; 19 ; -0.00529333 ; -0.0299092 ; 0.0741074 ; 101.875;
16 ; 9 ; 19 ; 0.0636741 ; -0.0528492 ; 0.000331705 ; 101.862;
17 ; 9 ; 19 ; 0.0313719 ; 0.0205343 ; -0.0182885 ; 100.51;
18 ; 9 ; 19 ; 0.0345201 ; 0.0434386 ; -0.0435798 ; 101;
19 ; 9 ; 19 ; -0.0675126 ; -0.0586759 ; -0.0402618 ; 101.945;
20 ; 9 ; 19 ; 0.0775028 ; -0.0225208 ; 0.0213378 ; 101.06;
21 ; 9 ; 19 ; 0.032695 ; 0.0730247 ; -0.0115604 ; 100.227;
4 ; 10 ; 19 ; 0.000618889 ; -0.00147943 ; -0.0306788 ; 103.433;
5 ; 10 ; 19 ; 0.0573285 ; -0.0461218 ; -0.00683026 ; 101.525;
6 ; 10 ; 19 ; 0.00609291 ; -0.0351096 ; -0.0222004 ; 101.035;
7 ; 10 ; 19 ; 0.00717722 ; 0.0302204 ; 0.0268877 ; 101.75;
8 ; 10 ; 19 ; 0.0616597 ; -0.0192482 ; -0.0113834 ; 101.435;
9 ; 10 ; 19 ; -0.0130575 ; -0.030374 ; 0.0740745 ; 103.235;
10 ; 10 ; 19 ; 0.012212 ; 0.0334928 ; 0.056547 ; 99.8725;
11 ; 10 ; 19 ; 0.00357418 ; -0.029862 ; 0.0108733 ; 102.17;
12 ; 10 ; 19 ; -0.00677449 ; -0.0282077 ; -0.00762061 ; 101.517;
13 ; 10 ; 19 ; 0.00606079 ; 0.00710545 ; 0.0020422 ; 101.278;
14 ; 10 ; 19 ; -0.0323458 ; 0.0101358 ; -0.0610636 ; 104.665;
15 ; 10 ; 19 ; 0.0599914 ; -0.036866 ; -0.0149672 ; 100.828;
16 ; 10 ; 19 ; 0.0207002 ; -0.00338952 ; -0.0111493 ; 100.838;
17 ; 10 ; 19 ; -0.0593864 ; 0.0903393 ; 0.0807911 ; 100.96;
18 ; 10 ; 19 ; 0.00225587 ; 0.0250063 ; -0.0229378 ; 98.705;
19 ; 10 ; 19 ; 0.0604893 ; 0.0455283 ; 0.0611896 ; 101.662;
20 ; 10 ; 19 ; 0.123434 ; 0.077026 ; 0.0496634 ; 100.44;
21 ; 10 ; 19 ; -0.03514 ; 0.0496409 ; 0.0103087 ; 101.24;
4 ; 11 ; 19 ; -0.0107242 ; -0.020611 ; -0.0732369 ; 99.8825;
5 ; 11 ; 19 ; 0.0356229 ; 0.0313282 ; 0.00209362 ; 104.023;
6 ; 11 ; 19 ; 0.00371365 ; -0.000119246 ; -0.0481889 ; 101.252;
7 ; 11 ; 19 ; 0.0410624 ; 0.0199265 ; -0.0640018 ; 101.282;
8 ; 11 ; 19 ; -0.0590896 ; -0.0429124 ; -0.0338177 ; 101.59;
9 ; 11 ; 19 ; -0.0229441 ; 0.0494004 ; 0.055848 ; 99.83;
10 ; 11 ; 19 ; -0.00615116 ; -0.0216857 ; 0.0858196 ; 105.062;
11 ; 11 ; 19 ; -0.0303111 ; 0.0078592 ; 0.0906995 ; 103.903;
12 ; 11 ; 19 ; 0.00555275 ; -0.0800329 ; 0.00691588 ; 102.812;
13 ; 11 ; 19 ; 0.0515601 ; 0.0171575 ; -0.0519709 ; 100.81;
14 ; 11 ; 19 ; -0.0242421 ; -0.000369151 ; 0.0117906 ; 103.64;
15 ; 11 ; 19 ; -0.0386 ; -0.100373 ; -0.0638818 ; 101.332;
16 ; 11 ; 19 ; 0.0773458 ; -0.012217 ; 0.00458485 ; 102.04;
17 ; 11 ; 19 ; 0.00448816 ; 0.0243858 ; 0.042481 ; 98.895;
18 ; 11 ; 19 ; -0.0416105 ; 0.0223678 ; 0.0297683 ; 104.547;
19 ; 11 ; 19 ; -0.0312889 ; 0.0684508 ; -0.00470288 ; 99.3925;
20 ; 11 ; 19 ; -0.0203308 ; 0.0358154 ; -0.0303045 ; 101.243;
21 ; 11 ; 19 ; 0.0731481 ; 0.0411686 ; 0.00949623 ; 104.188;
4 ; 12 ; 19 ; 0.010113 ; -0.0272058 ; 0.0703188 ; 100.715;
5 ; 12 ; 19 ; -0.0173397 ; -0.0314715 ; 0.0244351 ; 99.4825;
6 ; 12 ; 19 ; 0.0515376 ; -0.0808321 ; 0.0480984 ; 100.205;
7 ; 12 ; 19 ; 0.0299429 ; -0.034457 ; -0.038852 ; 97.7875;
8 ; 12 ; 19 ; -0.00792164 ; 0.0324171 ; -0.0191329 ; 103.183;
9 ; 12 ; 19 ; 0.0368375 ; 0.0582415 ; -0.0318444 ; 100.648;
10 ; 12 ; 19 ; 0.0322354 ; -0.0740023 ; -0.035022 ; 101.39;
11 ; 12 ; 19 ; 0.0430022 ; 0.00034845 ; -0.0135093 ; 102.463;
12 ; 12 ; 19 ; 0.0347505 ; 0.0375664 ; -0.0300519 ; 102.755;
13 ; 12 ; 19 ; -0.0228369 ; -0.0397315 ; 0.0847918 ; 100.168;
14 ; 12 ; 19 ; -0.0300011 ; -0.0594633 ; 0.0211628 ; 101.782;
15 ; 12 ; 19 ; 0.00906145 ; 0.048224 ; -0.0195034 ; 101.92;
16 ; 12 ; 19 ; 0.0231556 ; 0.0149556 ; -0.121279 ; 100.925;
17 ; 12 ; 19 ; -0.000354349 ; 0.023964 ; -0.0808086 ; 101.36;
18 ; 12 ; 19 ; -0.0326807 ; 0.00324237 ; -0.037444 ; 103.557;
19 ; 12 ; 19 ; -0.0631977 ; 0.00267328 ; -0.0274142 ; 100.862;
20 ; 12 ; 19 ; -0.0901375 ; -0.0519557 ; -0.0398718 ; 99.1725;
21 ; 12 ; 19 ; 0.0281346 ; 0.00199148 ; 0.0482002 ; 102.575;
4 ; 13 ; 19 ; -0.0244538 ; -0.0776706 ; 0.0502176 ; 99.3325;
5 ; 13 ; 19 ; -0.0130536 ; 0.0169374 ; 0.0250209 ; 103.145;
6 ; 13 ; 19 ; -0.0618955 ; -0.0178719 ; 0.0943834 ; 102.52;
7 ; 13 ; 19 ; -0.0138666 ; 0.0240792 ; -0.0573005 ; 101.07;
8 ; 13 ; 19 ; -0.0199251 ; 0.0205718 ; 0.00466357 ; 102.705;
9 ; 13 ; 19 ; -0.0491022 ; -0.00577592 ; -0.00425621 ; 102.213;
10 ; 13 ; 19 ; -0.0520366 ; -0.0294619 ; -0.0633904 ; 100.72;
11 ; 13 ; 19 ; 0.0145237 ; 0.000928114 ; 0.00786304 ; 100.945;
12 ; 13 ; 19 ; -0.0609509 ; -0.0166712 ; -0.0574992 ; 100.48;
13 ; 13 ; 19 ; -0.000404323 ; -0.0850098 ; -0.03194 ; 102.343;
14 ; 13 ; 19 ; -0.0212073 ; 0.0295133 ; -0.00349322 ; 102.245;
15 ; 13 ; 19 ; 0.0363785 ; 0.00541108 ; 0.0238604 ; 102.387;
16 ; 13 ; 19 ; -0.0378528 ; -0.085513 ; 0.0457114 ; 101.762;
17 ; 13 ; 19 ; 0.0504738 ; -0.0424572 ; -0.010747 ; 104.3;
18 ; 13 ; 19 ; -0.0517088 ; 0.00433079 ; -0.0325924 ; 103.63;
19 ; 13 ; 19 ; 0.00149615 ; -0.0875832 ; -0.0491976 ; 100.185;
20 ; 13 ; 19 ; -0.0427821 ; -0.044094 ; 0.0118671 ; 103.515;
21 ; 13 ; 19 ; 0.0330636 ; -0.000820978 ; -0.046418 ; 101.79;
4 ; 14 ; 19 ; 0.0130688 ; -0.0598231 ; -0.0073284 ; 101.502;
5 ; 14 ; 19 ; -0.0666111 ; 0.112866 ; -0.0471097 ; 102.23;
6 ; 14 ; 19 ; -0.0308563 ; -0.0609984 ; -0.0326692 ; 102.165;
7 ; 14 ; 19 ; -0.0056775 ; -0.00887638 ; 0.0177504 ; 103.1;
8 ; 14 ; 19 ; -0.00764834 ; 0.0217584 ; -0.0141283 ; 101.705;
9 ; 14 ; 19 ; -0.0421694 ; -0.0721061 ; 0.0491173 ; 102.53;
10 ; 14 ; 19 ; -0.0537348 ; -0.0798582 ; 0.0111352 ; 100.873;
11 ; 14 ; 19 ; 0.0631737 ; 0.0333875 ; -0.0171837 ; 100.64;
12 ; 14 ; 19 ; 0.0619467 ; -0.00755185 ; -0.0107704 ; 100.718;
13 ; 14 ; 19 ; -0.0640106 ; 0.0338818 ; -0.00633744 ; 103.02;
14 ; 14 ; 19 ; 0.013109 ; -0.0277867 ; 0.0101214 ; 103.547;
15 ; 14 ; 19 ; -0.0198452 ; -0.0551487 ; 0.00424063 ; 101.07;
16 ; 14 ; 19 ; -0.0570581 ; -0.0418548 ; -0.0297222 ; 100.252;
17 ; 14 ; 19 ; -0.0701358 ; -0.00680047 ; 0.0209266 ; 101.623;
18 ; 14 ; 19 ; -0.00325498 ; -0.0695424 ; -0.0277127 ; 103.843;
19 ; 14 ; 19 ; -0.0496518 ; -0.0197992 ; 0.0499432 ; 102.383;
20 ; 14 ; 19 ; -0.0167253 ; 0.0172494 ; -0.0538332 ; 102.427;
21 ; 14 ; 19 ; -0.0174283 ; -0.0797917 ; 0.0258626 ; 103.72;
4 ; 15 ; 19 ; -0.00552051 ; -0.0548586 ; 0.0471892 ; 101.987;
5 ; 15 ; 19 ; 0.0568144 ; -0.067743 ; 0.0334489 ; 103.245;
6 ; 15 ; 19 ; 0.0027168 ; -0.0145153 ; 0.0288149 ; 101.227;
7 ; 15 ; 19 ; -0.0259077 ; -0.00150161 ; -0.0248709 ; 101.013;
8 ; 15 ; 19 ; 0.0349456 ; -0.0599058 ; -0.0250259 ; 100.11;
9 ; 15 ; 19 ; 0.0370397 ; -0.0904146 ; -0.00156986 ; 103.085;
10 ; 15 ; 19 ; 0.00944529 ; -0.00930917 ; -0.00836725 ; 101.735;
11 ; 15 ; 19 ; 0.0308697 ; 0.0514605 ; 0.0468642 ; 101.845;
12 ; 15 ; 19 ; -0.000832143 ; -0.0879211 ; 0.0381002 ; 100.728;
13 ; 15 ; 19 ; -0.0196236 ; 0.0180981 ; 0.00549513 ; 100.642;
14 ; 15 ; 19 ; -0.0915191 ; 0.0620751 ; 0.0231562 ; 101.052;
15 ; 15 ; 19 ; -0.0590504 ; 0.00983673 ; 0.0472616 ; 102.435;
16 ; 15 ; 19 ; 0.00782244 ; -0.0533894 ; -0.0394904 ; 102.48;
17 ; 15 ; 19 ; -0.00803948 ; -0.0201664 ; -0.0244393 ; 103.065;
18 ; 15 ; 19 ; -0.0236956 ; 0.0150123 ; 0.0361303 ; 103.647;
19 ; 15 ; 19 ; -0.0525631 ; 0.00613742 ; 0.0624003 ; 104.297;
20 ; 15 ; 19 ; -0.0135388 ; -0.0723384 ; 0.0025602 ; 101.595;
21 ; 15 ; 19 ; 0.0514613 ; 0.00189115 ; -0.0585555 ; 102.887;
4 ; 16 ; 19 ; -0.0132456 ; -0.0093434 ; 0.0764685 ; 101.195;
5 ; 16 ; 19 ; -0.0210791 ; 0.0668966 ; -0.0022562 ; 102.105;
6 ; 16 ; 19 ; -0.0371353 ; -0.026483 ; -0.0327002 ; 100.982;
7 ; 16 ; 19 ; -0.000348927 ; 0.0561413 ; -0.00594733 ; 104.53;
8 ; 16 ; 19 ; 0.0406563 ; -0.0322473 ; -0.00723436 ; 99.985;
9 ; 16 ; 19 ; 0.00320214 ; -0.0264134 ; 0.0327333 ; 101.005;
10 ; 16 ; 19 ; 0.0103569 ; -0.00817974 ; 0.0172033 ; 101.245;
11 ; 16 ; 19 ; 0.0830097 ; -0.00109082 ; -0.0355465 ; 102.69;
12 ; 16 ; 19 ; 0.0180143 ; -0.0638656 ; -0.05523 ; 99.6675;
13 ; 16 ; 19 ; -0.0265012 ; -0.0272088 ; -0.0407679 ; 102.125;
14 ; 16 ; 19 ; -0.0179073 ; -0.0623346 ; -0.00775329 ; 104.35;
15 ; 16 ; 19 ; -0.0278126 ; -0.00658895 ; 0.0550045 ; 102.42;
16 ; 16 ; 19 ; 0.00781069 ; -0.0550607 ; 0.0699636 ; 101.513;
17 ; 16 ; 19 ; 0.0312651 ; -0.0234892 ; 0.00686316 ; 102.2;
18 ; 16 ; 19 ; -0.0151563 ; -0.0241858 ; 0.0122316 ; 102.735;
19 ; 16 ; 19 ; -0.0525535 ; 0.0265543 ; -0.0284678 ; 101.002;
20 ; 16 ; 19 ; 0.0261867 ; 0.0360557 ; 0.0805463 ; 98.8825;
21 ; 16 ; 19 ; 0.00828789 ; -0.0058452 ; 0.0657082 ; 100.995;
4 ; 17 ; 19 ; 0.00833941 ; 0.0150995 ; -0.0377389 ; 106.157;
5 ; 17 ; 19 ; -0.0728957 ; -0.0806564 ; 0.0500536 ; 103.085;
6 ; 17 ; 19 ; -0.0702195 ; 0.0156023 ; 0.000967413 ; 102.515;
7 ; 17 ; 19 ; -0.0686603 ; 0.0174227 ; -0.0069923 ; 100.993;
8 ; 17 ; 19 ; 0.0476958 ; 0.0148158 ; -0.0127523 ; 101.657;
9 ; 17 ; 19 ; 0.0102359 ; -0.0168174 ; -0.0261633 ; 100.962;
10 ; 17 ; 19 ; 0.0650182 ; -0.0774956 ; 0.051251 ; 103.237;
11 ; 17 ; 19 ; 0.0506505 ; -0.0547238 ; -0.0410991 ; 99.6775;
12 ; 17 ; 19 ; 0.00721689 ; 0.0429125 ; 0.00268158 ; 99.625;
13 ; 17 ; 19 ; 0.0109193 ; 0.0214188 ; 0.00115463 ; 101.23;
14 ; 17 ; 19 ; 0.0367547 ; -0.014576 ; 0.0339409 ; 102.895;
15 ; 17 ; 19 ; -0.00316583 ; -0.000126007 ; -0.0277831 ; 102.262;
16 ; 17 ; 19 ; 0.00526156 ; -0.0202318 ; 0.00228735 ; 100.188;
17 ; 17 ; 19 ; -0.0721712 ; 0.0100513 ; 0.006284 ; 102.303;
18 ; 17 ; 19 ; -0.0721685 ; 0.0797888 ; -0.0337921 ; 102.858;
19 ; 17 ; 19 ; -0.104177 ; 0.0106951 ; -0.00618432 ; 101.552;
20 ; 17 ; 19 ; 0.0297205 ; 0.0336587 ; 0.0136963 ; 103.653;
21 ; 17 ; 19 ; 0.0330718 ; -0.00281443 ; -0.0482357 ; 102.48;
4 ; 18 ; 19 ; 0.0196421 ; -0.0113599 ; -0.0143794 ; 98.985;
5 ; 18 ; 19 ; -0.0609261 ; 0.00977654 ; 0.00891721 ; 102.205;
6 ; 18 ; 19 ; -0.110744 ; 0.0375441 ; 0.0543122 ; 99.2575;
7 ; 18 ; 19 ; -0.069015 ; -0.0174771 ; -0.0589658 ; 103.715;
8 ; 18 ; 19 ; 0.0110718 ; -0.00548719 ; -0.0385217 ; 99.14;
9 ; 18 ; 19 ; 0.0146648 ; -0.0269622 ; -0.112776 ; 101.038;
10 ; 18 ; 19 ; 0.0153309 ; -0.0450159 ; -0.0493139 ; 100.947;
11 ; 18 ; 19 ; -0.0286653 ; -0.0308732 ; 0.0812712 ; 101.405;
12 ; 18 ; 19 ; -0.010337 ; 0.019807 ; 0.0669146 ; 102.175;
13 ; 18 ; 19 ; 0.041015 ; -0.00714007 ; -0.000308059 ; 106.527;
14 ; 18 ; 19 ; 0.0389723 ; -0.0162957 ; -0.0238547 ; 101.778;
15 ; 18 ; 19 ; -0.0472074 ; -0.00807698 ; -0.0707522 ; 101.58;
16 ; 18 ; 19 ; 0.0814516 ; 0.0558647 ; 0.00956553 ; 100.71;
17 ; 18 ; 19 ; 0.0591396 ; -0.0185523 ; 0.00368092 ; 103.465;
18 ; 18 ; 19 ; 0.0472075 ; 0.00906787 ; -0.0484842 ; 100.89;
19 ; 18 ; 19 ; -0.0461054 ; 0.0599047 ; -0.0703273 ; 103.2;
20 ; 18 ; 19 ; -0.0161851 ; 0.0648919 ; -0.0356692 ; 104.593;
21 ; 18 ; 19 ; -0.0496868 ; -0.0789836 ; -0.0638816 ; 104.417;
4 ; 19 ; 19 ; 0.0343979 ; 0.0212865 ; -0.0748673 ; 102.287;
5 ; 19 ; 19 ; -0.0164068 ; 0.0305547 ; 0.0421318 ; 98.6625;
6 ; 19 ; 19 ; -0.055727 ; 0.080922 ; 0.0654358 ; 100.835;
7 ; 19 ; 19 ; -0.0295154 ; -0.023941 ; 0.0432224 ; 98.3075;
8 ; 19 ; 19 ; 0.0303961 ; 0.0038644 ; 0.047002 ; 102.828;
9 ; 19 ; 19 ; 0.0328345 ; -0.0433185 ; -0.0342873 ; 102.833;
10 ; 19 ; 19 ; -0.00601498 ; -0.00974033 ; -0.0199154 ; 101.697;
11 ; 19 ; 19 ; 0.0185256 ; -0.0047862 ; -0.143651 ; 100.31;
12 ; 19 ; 19 ; -0.0228165 ; -0.0516541 ; -0.0586129 ; 102.685;
13 ; 19 ; 19 ; -0.0124013 ; -0.0488353 ; 0.024786 ; 103.238;
14 ; 19 ; 19 ; 0.0323606 ; -0.0774566 ; -0.0379488 ; 102.86;
15 ; 19 ; 19 ; -0.0619549 ; -0.00398846 ; 0.0214532 ; 99.3075;
16 ; 19 ; 19 ; 0.0525793 ; 0.0808659 ; 0.0627327 ; 101.135;
17 ; 19 ; 19 ; -0.0159666 ; -0.0534479 ; -0.0199486 ; 104.17;
18 ; 19 ; 19 ; -0.0152987 ; -0.0096351 ; -0.00896254 ; 102.61;
19 ; 19 ; 19 ; 0.0255294 ; 0.026029 ; 0.0278557 ; 103.067;
20 ; 19 ; 19 ; 0.0167562 ; -0.0039138 ; 0.0128471 ; 102.785;
21 ; 19 ; 19 ; -0.00378335 ; -0.0282711 ; 0.0254514 ; 101.585;
4 ; 20 ; 19 ; -0.0607459 ; 0.0176413 ; -0.0587218 ; 101.947;
5 ; 20 ; 19 ; 0.0222227 ; -0.0121055 ; -0.00565536 ; 104.812;
6 ; 20 ; 19 ; 0.0146545 ; 0.0140878 ; -0.0310236 ; 101.925;
7 ; 20 ; 19 ; 0.00455433 ; -0.0302249 ; 0.0476386 ; 102.265;
8 ; 20 ; 19 ; -0.0346915 ; 0.00796723 ; 0.00882727 ; 101.165;
9 ; 20 ; 19 ; -0.0506355 ; 0.0047086 ; 0.0057688 ; 103.227;
10 ; 20 ; 19 ; 0.0207776 ; -0.0461561 ; 0.00825952 ; 101.905;
11 ; 20 ; 19 ; 0.0377653 ; -0.053072 ; -0.0407183 ; 100.593;
12 ; 20 ; 19 ; 0.0297738 ; 0.0428242 ; -0.0593439 ; 103.735;
13 ; 20 ; 19 ; -0.0137914 ; 0.0990175 ; 0.0124867 ; 100.555;
14 ; 20 ; 19 ; 0.013749 ; 0.0141151 ; 0.0170729 ; 101.837;
15 ; 20 ; 19 ; -0.0113974 ; 0.00457751 ; 0.0203201 ; 99.305;
16 ; 20 ; 19 ; 0.0114266 ; -0.0130679 ; 0.014694 ; 100.35;
17 ; 20 ; 19 ; 0.0384631 ; 0.0389292 ; 0.00890481 ; 100.123;
18 ; 20 ; 19 ; -0.0092241 ; -0.0623335 ; -0.0740005 ; 98.4275;
19 ; 20 ; 19 ; 0.0566163 ; -0.0021028 ; -0.0605721 ; 101.942;
20 ; 20 ; 19 ; 0.052006 ; 0.0092195 ; 0.0389161 ; 100.623;
21 ; 20 ; 19 ; 0.10522 ; 0.0504042 ; 0.0182405 ; 102.528;
4 ; 21 ; 19 ; -0.0424238 ; -0.00240393 ; 0.0587514 ; 101.462;
5 ; 21 ; 19 ; 0.0435671 ; -0.0355282 ; -0.0571186 ; 103.282;
6 ; 21 ; 19 ; 0.0373128 ; 0.0280406 ; 0.00531777 ; 100.508;
7 ; 21 ; 19 ; 0.00549673 ; -0.0156813 ; -0.0595689 ; 102.237;
8 ; 21 ; 19 ; -0.022733 ; 0.0222372 ; -0.00910238 ; 99.2425;
9 ; 21 ; 19 ; -0.0842032 ; -0.0498437 ; 0.00254322 ; 102.968;
10 ; 21 ; 19 ; -0.00621425 ; 0.0587813 ; 0.0143695 ; 100.15;
11 ; 21 ; 19 ; 0.0125512 ; -0.0458246 ; 0.0244172 ; 100.805;
12 ; 21 ; 19 ; 0.0181815 ; 0.0319686 ; -0.0649273 ; 101.343;
13 ; 21 ; 19 ; 0.0702366 ; -0.0479265 ; -0.0494604 ; 101.662;
14 ; 21 ; 19 ; 0.018398 ; 0.010528 ; -0.141837 ; 102.955;
15 ; 21 ; 19 ; -0.0387405 ; 0.040838 ; -0.00345081 ; 102.055;
16 ; 21 ; 19 ; -0.0319002 ; 0.0199977 ; 0.0786654 ; 101.782;
17 ; 21 ; 19 ; 0.0174504 ; 0.00850241 ; -0.057282 ; 101.657;
18 ; 21 ; 19 ; -0.0481129 ; 0.00984507 ; 0.0596812 ; 102.375;
19 ; 21 ; 19 ; -0.0666733 ; -0.00574435 ; 0.00942135 ; 100.44;
20 ; 21 ; 19 ; 0.013115 ; -0.0339052 ; -0.0403557 ; 100.965;
21 ; 21 ; 19 ; 0.0153065 ; 0.026153 ; 0.0556998 ; 100.75;
4 ; 4 ; 20 ; 0.0458664 ; -0.0257113 ; -0.000229818 ; 100.635;
5 ; 4 ; 20 ; 0.0300531 ; -0.0821786 ; -0.0122624 ; 101.615;
6 ; 4 ; 20 ; 0.0555475 ; 0.103381 ; -0.0237618 ; 99.5075;
7 ; 4 ; 20 ; 0.00405105 ; 0.0947263 ; 0.00040976 ; 103.425;
8 ; 4 ; 20 ; -0.00929266 ; 0.0160848 ; -0.00772169 ; 103.718;
9 ; 4 ; 20 ; 0.027951 ; -0.0233663 ; -0.0756658 ; 102.213;
10 ; 4 ; 20 ; 0.0635914 ; 0.0129858 ; -0.0338867 ; 101.062;
11 ; 4 ; 20 ; 0.00487915 ; -0.0485924 ; 0.0059947 ; 100.427;
12 ; 4 ; 20 ; 0.0388218 ; -0.0659061 ; 0.0325812 ; 99.445;
13 ; 4 ; 20 ; 0.0499899 ; -0.0302637 ; 0.0563968 ; 103.877;
14 ; 4 ; 20 ; -0.00664624 ; -0.000199072 ; -0.0240971 ; 101.76;
15 ; 4 ; 20 ; 0.143741 ; 0.0234931 ; -0.0605271 ; 103.14;
16 ; 4 ; 20 ; 0.0786793 ; 0.0420252 ; -0.0136731 ; 101.242;
17 ; 4 ; 20 ; -0.0399557 ; 0.00527648 ; -0.00273238 ; 103.47;
18 ; 4 ; 20 ; 0.0112747 ; 0.0786541 ; 0.00744693 ; 98.62;
19 ; 4 ; 20 ; -2.8053e-05 ; -0.0490915 ; 0.0310559 ; 102.093;
20 ; 4 ; 20 ; -0.0421381 ; -0.0397146 ; -0.0165201 ; 102.772;
21 ; 4 ; 20 ; -0.00659789 ; -0.0569573 ; -0.00453523 ; 101.46;
4 ; 5 ; 20 ; -0.0273076 ; 0.0198978 ; 0.017565 ; 102.275;
5 ; 5 ; 20 ; 0.0188799 ; -0.0435843 ; 0.00891835 ; 102.18;
6 ; 5 ; 20 ; 0.0405662 ; -0.0282117 ; 0.0122114 ; 102.46;
7 ; 5 ; 20 ; 0.0532016 ; -0.0956917 ; 0.0410872 ; 101.54;
8 ; 5 ; 20 ; 0.0253792 ; 0.0193368 ; -0.0334162 ; 102.178;
9 ; 5 ; 20 ; -0.0372605 ; 0.0355296 ; -0.0373468 ; 101.525;
10 ; 5 ; 20 ; -0.00909989 ; -0.0495334 ; -0.0298754 ; 101.92;
11 ; 5 ; 20 ; -0.0334994 ; 0.0702985 ; 0.00737716 ; 100.888;
12 ; 5 ; 20 ; -0.0214261 ; 0.0146581 ; -0.0379151 ; 102.675;
13 ; 5 ; 20 ; 0.0345277 ; 0.0491302 ; -0.0350152 ; 102.417;
14 ; 5 ; 20 ; 0.0968412 ; 0.018506 ; 0.0439693 ; 99.5;
15 ; 5 ; 20 ; 0.0358078 ; 0.0213226 ; -0.0816591 ; 100.797;
16 ; 5 ; 20 ; 0.0346689 ; -0.0156061 ; -0.0224548 ; 102.663;
17 ; 5 ; 20 ; -0.0840116 ; -0.0159482 ; -0.0911645 ; 102.52;
18 ; 5 ; 20 ; -0.0269084 ; -0.0193326 ; 0.0816752 ; 98.73;
19 ; 5 ; 20 ; 0.0400441 ; -0.00108251 ; 0.00429583 ; 102.588;
20 ; 5 ; 20 ; 0.0564258 ; -0.0019806 ; -0.0139725 ; 102.127;
21 ; 5 ; 20 ; -0.0480379 ; -0.0767979 ; -0.0241189 ; 101.723;
4 ; 6 ; 20 ; 0.0058859 ; -0.0256497 ; 0.0261703 ; 102.835;
5 ; 6 ; 20 ; 0.0575423 ; -0.0304358 ; 0.0195516 ; 99.8675;
6 ; 6 ; 20 ; -0.00178449 ; 0.0838519 ; 0.0483682 ; 102.155;
7 ; 6 ; 20 ; 0.0399707 ; -0.0937923 ; 0.00243754 ; 101.562;
8 ; 6 ; 20 ; 0.0566011 ; 0.058811 ; -0.0854033 ; 102.688;
9 ; 6 ; 20 ; 0.00621166 ; -0.0106737 ; -0.0194158 ; 102.847;
10 ; 6 ; 20 ; -0.00796924 ; -0.0096333 ; 0.0133028 ; 100.7;
11 ; 6 ; 20 ; -0.0555739 ; 0.0177599 ; -0.0431476 ; 101.22;
12 ; 6 ; 20 ; -0.00934747 ; 0.0392222 ; 0.0345121 ; 101.225;
13 ; 6 ; 20 ; 0.0625144 ; 0.00477395 ; -0.00140527 ; 101.79;
14 ; 6 ; 20 ; 0.0197815 ; 0.000650019 ; 0.00546981 ; 104.398;
15 ; 6 ; 20 ; -0.0155128 ; 0.0164805 ; -0.0856626 ; 102.547;
16 ; 6 ; 20 ; 0.0203846 ; 0.0251055 ; -0.0226594 ; 99.6825;
17 ; 6 ; 20 ; -0.00821455 ; 0.0844144 ; 0.0306565 ; 103.413;
18 ; 6 ; 20 ; 0.0201846 ; -0.000141588 ; -0.0194451 ; 103.94;
19 ; 6 ; 20 ; -0.0420473 ; 0.00120771 ; -0.0209327 ; 102.573;
20 ; 6 ; 20 ; 0.0315078 ; -0.000478734 ; 0.0282373 ; 103.01;
21 ; 6 ; 20 ; -0.0580274 ; 0.0138801 ; -0.00118697 ; 104.347;
4 ; 7 ; 20 ; 0.0448543 ; -0.0210209 ; -0.0179681 ; 101.655;
5 ; 7 ; 20 ; 0.0289582 ; -0.00349431 ; -0.0349829 ; 103.88;
6 ; 7 ; 20 ; -0.0621012 ; 0.025936 ; 0.036204 ; 102.13;
7 ; 7 ; 20 ; -0.0484274 ; -0.0208877 ; 0.00280345 ; 101.09;
8 ; 7 ; 20 ; -0.0796592 ; -0.0123056 ; -0.0294865 ; 99.545;
9 ; 7 ; 20 ; 0.0150323 ; -0.104398 ; 0.0180614 ; 100.172;
10 ; 7 ; 20 ; 0.0491719 ; -0.0254457 ; -0.0124767 ; 104.192;
11 ; 7 ; 20 ; -0.0838263 ; 0.0444975 ; 0.0183767 ; 101.062;
12 ; 7 ; 20 ; -0.00656391 ; 0.0259189 ; -0.00445192 ; 103.287;
13 ; 7 ; 20 ; -0.0269303 ; -0.0699915 ; -0.0688321 ; 100.3;
14 ; 7 ; 20 ; -0.0224217 ; -0.0651135 ; 0.0240122 ; 102.255;
15 ; 7 ; 20 ; 0.0087637 ; 0.0162629 ; -0.073696 ; 102.093;
16 ; 7 ; 20 ; 0.00798518 ; -0.0256221 ; -0.0561781 ; 101.06;
17 ; 7 ; 20 ; 0.0210751 ; -0.0723859 ; -0.0157202 ; 100.802;
18 ; 7 ; 20 ; 0.0796445 ; 0.0236873 ; 0.0375941 ; 101.983;
19 ; 7 ; 20 ; -0.0103171 ; -0.00478797 ; 0.00189961 ; 101.69;
20 ; 7 ; 20 ; -0.0411787 ; -0.0544819 ; -0.0779026 ; 102.31;
21 ; 7 ; 20 ; -0.00866287 ; -0.012198 ; -0.00813066 ; 102.58;
4 ; 8 ; 20 ; 0.045682 ; -0.00104581 ; -0.01629 ; 101.6;
5 ; 8 ; 20 ; 0.00747185 ; -0.0422322 ; -0.0665853 ; 101.338;
6 ; 8 ; 20 ; -0.0530643 ; 0.00207853 ; 0.0358816 ; 101.095;
7 ; 8 ; 20 ; -0.00183741 ; 0.0127368 ; -0.0248727 ; 102.535;
8 ; 8 ; 20 ; 0.0235273 ; -0.0773584 ; -0.0135919 ; 104.242;
9 ; 8 ; 20 ; -0.0228536 ; -0.00923816 ; 0.0562214 ; 101.92;
10 ; 8 ; 20 ; -0.00697678 ; 0.0523263 ; 0.0318099 ; 100.442;
11 ; 8 ; 20 ; -0.0269235 ; 0.0414814 ; -0.00817621 ; 102.032;
12 ; 8 ; 20 ; 0.0826414 ; 0.00236677 ; -0.054547 ; 101.703;
13 ; 8 ; 20 ; 0.0314104 ; -0.0165634 ; 0.0230513 ; 98.7325;
14 ; 8 ; 20 ; 0.067059 ; -0.0396888 ; -0.013068 ; 103.975;
15 ; 8 ; 20 ; 0.00965285 ; -0.00395128 ; -0.0550627 ; 102.512;
16 ; 8 ; 20 ; 0.028345 ; -0.00894373 ; -0.0203346 ; 101.825;
17 ; 8 ; 20 ; 0.0701243 ; -0.0115641 ; -0.0460169 ; 103.787;
18 ; 8 ; 20 ; -0.0305439 ; 0.0701201 ; 0.0539285 ; 101.73;
19 ; 8 ; 20 ; 0.0568478 ; -0.00011471 ; -0.0398302 ; 103.153;
20 ; 8 ; 20 ; 0.0039572 ; -0.040494 ; -0.0258877 ; 101.688;
21 ; 8 ; 20 ; -0.0121928 ; 0.0360565 ; -0.00626381 ; 103.347;
4 ; 9 ; 20 ; 0.00932805 ; 0.035223 ; 0.0627085 ; 101.065;
5 ; 9 ; 20 ; 0.0616691 ; -0.0462972 ; 0.0204088 ; 103.365;
6 ; 9 ; 20 ; -0.0277552 ; 0.00473189 ; 0.00157427 ; 100.653;
7 ; 9 ; 20 ; -0.0304706 ; 0.000993924 ; 0.0451159 ; 101.605;
8 ; 9 ; 20 ; -0.0222013 ; -0.0497945 ; -0.00933776 ; 99.1375;
9 ; 9 ; 20 ; 0.0568153 ; 0.00134765 ; 0.00401023 ; 102.318;
10 ; 9 ; 20 ; 0.0118578 ; 0.0442943 ; 0.0479647 ; 100.552;
11 ; 9 ; 20 ; 0.0140881 ; 0.00763248 ; 0.0343601 ; 98.6975;
12 ; 9 ; 20 ; 0.0317808 ; 0.0624942 ; 0.0226934 ; 100.772;
13 ; 9 ; 20 ; -0.0211955 ; -0.0179101 ; 0.0665318 ; 103.395;
14 ; 9 ; 20 ; 0.00411148 ; -0.0126514 ; 0.02138 ; 102.067;
15 ; 9 ; 20 ; -0.0193198 ; -0.013097 ; -0.00411576 ; 100.205;
16 ; 9 ; 20 ; 0.0433603 ; -0.0085634 ; 0.0217607 ; 102.38;
17 ; 9 ; 20 ; -0.002449 ; 0.00908663 ; -0.0520046 ; 103.72;
18 ; 9 ; 20 ; -0.0255776 ; 0.0111 ; 0.00670785 ; 103.442;
19 ; 9 ; 20 ; -0.0890337 ; -0.0277145 ; 0.0277869 ; 102.168;
20 ; 9 ; 20 ; 0.0256363 ; 0.00454017 ; 0.00114687 ; 103.135;
21 ; 9 ; 20 ; 0.0441571 ; -0.0149775 ; -0.0576504 ; 100.282;
4 ; 10 ; 20 ; 0.0264155 ; -0.01762 ; -7.8153e-05 ; 101.127;
5 ; 10 ; 20 ; -0.0371216 ; -0.00355296 ; -0.00937676 ; 100.873;
6 ; 10 ; 20 ; 0.0291658 ; 0.00928897 ; 0.0822648 ; 103.007;
7 ; 10 ; 20 ; -0.0542701 ; 0.0517114 ; 0.0359175 ; 102.28;
8 ; 10 ; 20 ; 0.0237985 ; -0.0144848 ; 0.00972033 ; 101.252;
9 ; 10 ; 20 ; 0.119918 ; -0.0559656 ; 0.0434244 ; 101.433;
10 ; 10 ; 20 ; 0.0994877 ; 0.00815235 ; 0.00372894 ; 102.88;
11 ; 10 ; 20 ; 0.0255722 ; -0.00417894 ; -0.0161788 ; 99.325;
12 ; 10 ; 20 ; -0.0208569 ; 0.00728446 ; -0.0142298 ; 102.373;
13 ; 10 ; 20 ; -0.00523214 ; -0.00223401 ; 0.0208648 ; 101.64;
14 ; 10 ; 20 ; 0.0112814 ; -0.0204242 ; 0.0743608 ; 100.435;
15 ; 10 ; 20 ; -0.0353435 ; -0.000329364 ; 0.0180989 ; 104.447;
16 ; 10 ; 20 ; -0.0210224 ; -0.0176493 ; -0.0476717 ; 100.203;
17 ; 10 ; 20 ; 0.000934044 ; 0.0774248 ; 0.0687893 ; 100.547;
18 ; 10 ; 20 ; 0.0191585 ; 0.0606576 ; -0.0602436 ; 100.482;
19 ; 10 ; 20 ; 0.0609822 ; -0.0111821 ; 0.0166512 ; 100.97;
20 ; 10 ; 20 ; 0.0041388 ; 0.0816183 ; -0.0205429 ; 106.75;
21 ; 10 ; 20 ; -0.00996156 ; -0.00388875 ; -0.00115744 ; 103.007;
4 ; 11 ; 20 ; 0.0304405 ; -0.0748828 ; 0.0381536 ; 100.35;
5 ; 11 ; 20 ; -0.0263983 ; 0.0216759 ; 0.0076417 ; 103.523;
6 ; 11 ; 20 ; -0.0392603 ; -0.0584355 ; 0.0572237 ; 103.953;
7 ; 11 ; 20 ; -0.0198556 ; -0.0732424 ; -0.0333324 ; 101.595;
8 ; 11 ; 20 ; -0.0508059 ; -0.000270494 ; 0.0270752 ; 102.12;
9 ; 11 ; 20 ; -0.0421583 ; -0.0669731 ; -0.0248226 ; 104.56;
10 ; 11 ; 20 ; -0.0299652 ; 0.0211757 ; 0.043609 ; 99.965;
11 ; 11 ; 20 ; 0.0973049 ; 0.00440184 ; 0.024169 ; 100.162;
12 ; 11 ; 20 ; 0.0205788 ; -0.00399952 ; 0.00806894 ; 102.393;
13 ; 11 ; 20 ; -0.0633854 ; 0.069559 ; -0.0560689 ; 101.04;
14 ; 11 ; 20 ; 0.0108391 ; -0.0198754 ; -0.0335803 ; 103.362;
15 ; 11 ; 20 ; 0.0300519 ; -0.00651564 ; 0.0409304 ; 101.908;
16 ; 11 ; 20 ; 0.0362103 ; -0.00946296 ; -0.00218308 ; 100.335;
17 ; 11 ; 20 ; -0.0595465 ; 0.0297555 ; 0.0201615 ; 102.865;
18 ; 11 ; 20 ; 0.0775868 ; 0.0279914 ; 0.0878233 ; 101.78;
19 ; 11 ; 20 ; -0.0382732 ; 0.0216002 ; -0.0421737 ; 100.793;
20 ; 11 ; 20 ; 0.0568346 ; 0.000908711 ; -0.0687475 ; 100.523;
21 ; 11 ; 20 ; -0.0470604 ; 0.0558893 ; 0.0544762 ; 100.075;
4 ; 12 ; 20 ; -0.00306353 ; 0.0338485 ; 0.039751 ; 101.712;
5 ; 12 ; 20 ; 0.057447 ; 0.0420193 ; -0.00958038 ; 103.905;
6 ; 12 ; 20 ; -0.0283035 ; 0.016836 ; -0.00296709 ; 101.283;
7 ; 12 ; 20 ; -0.0019861 ; 0.00103164 ; -0.0313782 ; 104.29;
8 ; 12 ; 20 ; -0.0174198 ; -0.0203822 ; -0.0588582 ; 99.7525;
9 ; 12 ; 20 ; -0.0206968 ; -0.102612 ; 0.0120248 ; 101.865;
10 ; 12 ; 20 ; -0.0293683 ; -0.0573651 ; 0.0242581 ; 102.238;
11 ; 12 ; 20 ; 0.0240396 ; -0.103162 ; -0.0185818 ; 100.597;
12 ; 12 ; 20 ; 0.00939407 ; 0.00733081 ; 0.00373916 ; 101.405;
13 ; 12 ; 20 ; -0.0430797 ; 0.027976 ; 0.0412264 ; 100.52;
14 ; 12 ; 20 ; -0.00328761 ; -0.0414454 ; 0.00315692 ; 102.26;
15 ; 12 ; 20 ; 0.0526045 ; -0.00295664 ; -0.0243395 ; 101.158;
16 ; 12 ; 20 ; -0.0450016 ; -0.0153373 ; 0.0433575 ; 100.942;
17 ; 12 ; 20 ; -0.0317762 ; -0.0314667 ; 0.0355981 ; 102.408;
18 ; 12 ; 20 ; 0.0176613 ; 0.00932759 ; 0.0562057 ; 99.155;
19 ; 12 ; 20 ; 0.018658 ; -0.0301654 ; -0.0725663 ; 103.272;
20 ; 12 ; 20 ; 0.0227439 ; -0.0155396 ; 0.0594262 ; 102.912;
21 ; 12 ; 20 ; 0.00782443 ; -0.0220602 ; 0.0707012 ; 103.075;
4 ; 13 ; 20 ; -0.0120358 ; 0.01968 ; 0.0511375 ; 102.062;
5 ; 13 ; 20 ; 0.0213024 ; 0.0439271 ; 0.0123806 ; 102.663;
6 ; 13 ; 20 ; -0.0623547 ; 0.00919367 ; -0.000792144 ; 102.782;
7 ; 13 ; 20 ; 0.0872195 ; 0.0506409 ; 0.00476702 ; 101.957;
8 ; 13 ; 20 ; 0.0399675 ; -0.0185373 ; -0.00144892 ; 103.005;
9 ; 13 ; 20 ; -0.00680328 ; -0.0866187 ; -0.0035083 ; 100.883;
10 ; 13 ; 20 ; -0.00839007 ; -0.0336312 ; 0.0513061 ; 101.56;
11 ; 13 ; 20 ; 0.0433954 ; -0.0477073 ; -0.0441362 ; 101.123;
12 ; 13 ; 20 ; -0.0163325 ; -0.0283321 ; -0.0171389 ; 99.6325;
13 ; 13 ; 20 ; -0.00537745 ; 0.0502459 ; -0.035964 ; 100.21;
14 ; 13 ; 20 ; 0.0543251 ; 0.0189976 ; 0.0156351 ; 102.618;
15 ; 13 ; 20 ; 0.08062 ; 0.01883 ; -0.000180772 ; 100.965;
16 ; 13 ; 20 ; 0.0395139 ; 0.00190383 ; 0.0555644 ; 101.805;
17 ; 13 ; 20 ; -0.0173031 ; -0.016903 ; -0.0787281 ; 102.58;
18 ; 13 ; 20 ; -0.0703369 ; -0.05264 ; 0.0147961 ; 100.237;
19 ; 13 ; 20 ; -0.0710571 ; -0.0602776 ; -0.0418461 ; 99.97;
20 ; 13 ; 20 ; -0.0305253 ; -0.0824467 ; 0.0378756 ; 100.83;
21 ; 13 ; 20 ; 0.070061 ; -0.0359118 ; -0.0436451 ; 103.215;
4 ; 14 ; 20 ; 0.014284 ; -0.0574262 ; 0.0230043 ; 99.3775;
5 ; 14 ; 20 ; 0.0232573 ; 0.0245266 ; 0.0242954 ; 103.625;
6 ; 14 ; 20 ; -0.0504542 ; -0.0266106 ; -0.0324636 ; 103.198;
7 ; 14 ; 20 ; -0.024067 ; 0.0213095 ; 0.0421935 ; 102.38;
8 ; 14 ; 20 ; 0.01519 ; -0.0020035 ; -0.00957018 ; 103.852;
9 ; 14 ; 20 ; 0.0741154 ; 0.0181145 ; 0.06144 ; 100.037;
10 ; 14 ; 20 ; 0.0362401 ; -0.0209679 ; -0.0331209 ; 101.543;
11 ; 14 ; 20 ; -0.0468226 ; -0.099698 ; 0.039453 ; 103.368;
12 ; 14 ; 20 ; -0.0800799 ; -0.118664 ; 0.0322644 ; 104.558;
13 ; 14 ; 20 ; -0.0394006 ; -0.0160288 ; -0.0347826 ; 102.792;
14 ; 14 ; 20 ; 0.0227973 ; -0.064495 ; -0.0320212 ; 101.44;
15 ; 14 ; 20 ; 0.0499109 ; 0.0146527 ; -0.0794795 ; 101.93;
16 ; 14 ; 20 ; -0.0142976 ; 0.101239 ; -0.0326274 ; 102.69;
17 ; 14 ; 20 ; 0.0555694 ; 0.00797366 ; 0.0318693 ; 101.015;
18 ; 14 ; 20 ; 0.0326699 ; 0.0613819 ; 0.0101139 ; 100.4;
19 ; 14 ; 20 ; -0.00513537 ; -0.0384409 ; -0.00855935 ; 104.702;
20 ; 14 ; 20 ; 0.0827323 ; -0.0392979 ; 0.02458 ; 102.565;
21 ; 14 ; 20 ; 0.0798976 ; 0.0555386 ; -0.0358305 ; 98.3775;
4 ; 15 ; 20 ; -0.030769 ; -0.0368588 ; 0.0126505 ; 101.263;
5 ; 15 ; 20 ; -0.0117291 ; -0.00270968 ; -0.00592578 ; 103.107;
6 ; 15 ; 20 ; -0.00618778 ; -0.0266718 ; -0.0423298 ; 101.642;
7 ; 15 ; 20 ; -0.0134797 ; 0.00612583 ; 0.0424846 ; 101.412;
8 ; 15 ; 20 ; -0.0249737 ; 0.0249133 ; 0.00706453 ; 102.487;
9 ; 15 ; 20 ; 0.0170393 ; -0.0571894 ; -0.00268409 ; 103.385;
10 ; 15 ; 20 ; -0.013023 ; -0.0078288 ; -0.0249941 ; 101.24;
11 ; 15 ; 20 ; 0.0432475 ; 0.00997313 ; 0.00952286 ; 101.45;
12 ; 15 ; 20 ; 0.00950949 ; -0.0438592 ; 0.0194038 ; 106.05;
13 ; 15 ; 20 ; -0.000478693 ; -0.0299505 ; -0.0438384 ; 101.942;
14 ; 15 ; 20 ; -0.0212113 ; 0.0142846 ; -0.0214589 ; 102.103;
15 ; 15 ; 20 ; 0.0232613 ; -0.0454577 ; -0.0514746 ; 101.552;
16 ; 15 ; 20 ; 0.00940924 ; 0.0128427 ; 0.00157721 ; 100.725;
17 ; 15 ; 20 ; -0.102956 ; -0.0089353 ; -0.00319372 ; 102.293;
18 ; 15 ; 20 ; -0.0479894 ; 0.0475258 ; 0.00706435 ; 102.515;
19 ; 15 ; 20 ; 0.0746531 ; 0.00994938 ; -0.0318273 ; 100.86;
20 ; 15 ; 20 ; 0.0569332 ; -0.00591303 ; -0.119448 ; 101.555;
21 ; 15 ; 20 ; 0.017256 ; 0.0119691 ; -0.0237031 ; 101.007;
4 ; 16 ; 20 ; -0.00437249 ; -0.0346919 ; 0.0195007 ; 100.587;
5 ; 16 ; 20 ; -0.0150351 ; -0.0174728 ; -0.0140587 ; 101.032;
6 ; 16 ; 20 ; 0.0168231 ; -0.0473429 ; -0.00593501 ; 101.16;
7 ; 16 ; 20 ; -0.00371312 ; -0.0501162 ; -0.01829 ; 103.482;
8 ; 16 ; 20 ; 0.0370868 ; 0.0343774 ; 0.104065 ; 103.195;
9 ; 16 ; 20 ; -0.0240956 ; -0.00532063 ; 0.00591167 ; 102.48;
10 ; 16 ; 20 ; 0.0195062 ; 0.0212268 ; -0.0119818 ; 101.55;
11 ; 16 ; 20 ; 0.0046623 ; 0.0536211 ; -0.045047 ; 102.057;
12 ; 16 ; 20 ; 0.0456866 ; -0.020453 ; -0.074492 ; 101.855;
13 ; 16 ; 20 ; -0.0442204 ; -0.0347757 ; 0.0422221 ; 102.63;
14 ; 16 ; 20 ; -0.0468807 ; 0.021132 ; -0.0483218 ; 100.975;
15 ; 16 ; 20 ; 0.0122405 ; 0.034493 ; 0.0430454 ; 102.11;
16 ; 16 ; 20 ; 0.0869518 ; 0.0333997 ; -0.0320871 ; 103.317;
17 ; 16 ; 20 ; 0.0233233 ; -0.0349467 ; 0.0382306 ; 101.385;
18 ; 16 ; 20 ; -0.0111854 ; -0.00956248 ; -0.0202572 ; 102.097;
19 ; 16 ; 20 ; -0.0030518 ; 0.0858586 ; -0.0279772 ; 101.202;
20 ; 16 ; 20 ; 0.0329984 ; 0.0049086 ; 0.0312157 ; 104.11;
21 ; 16 ; 20 ; -0.0943491 ; 0.0381386 ; 0.0299038 ; 100.045;
4 ; 17 ; 20 ; 0.0532085 ; 0.0447284 ; 0.00142156 ; 99.5025;
5 ; 17 ; 20 ; -0.017074 ; -0.0461197 ; 0.0533106 ; 100.21;
6 ; 17 ; 20 ; 0.0111103 ; -0.017744 ; -0.00827439 ; 100.305;
7 ; 17 ; 20 ; -0.0651386 ; -0.039489 ; -0.0412029 ; 102.718;
8 ; 17 ; 20 ; -0.0534552 ; 0.00627559 ; 0.0984856 ; 103.81;
9 ; 17 ; 20 ; 0.00187906 ; 0.0246271 ; 0.0167836 ; 102.57;
10 ; 17 ; 20 ; -0.0705977 ; -0.0123892 ; 0.0436935 ; 101.16;
11 ; 17 ; 20 ; -0.0520241 ; 0.00193179 ; 0.0580588 ; 104.98;
12 ; 17 ; 20 ; 0.00807546 ; -0.0263629 ; -0.0047899 ; 100.045;
13 ; 17 ; 20 ; 0.0163296 ; 0.0179727 ; 0.000787837 ; 102.53;
14 ; 17 ; 20 ; 0.00131847 ; 0.0584008 ; 0.0161759 ; 102.653;
15 ; 17 ; 20 ; -0.0332172 ; 0.0267135 ; -0.00479885 ; 98.025;
16 ; 17 ; 20 ; 0.0631668 ; 0.0535337 ; -0.0230732 ; 102.28;
17 ; 17 ; 20 ; 0.0440992 ; -0.0151507 ; -0.0272319 ; 99.3925;
18 ; 17 ; 20 ; -0.0166859 ; -0.0540757 ; -0.0259147 ; 102.697;
19 ; 17 ; 20 ; -0.0326899 ; 0.0431056 ; -0.0445144 ; 102.28;
20 ; 17 ; 20 ; 0.0123871 ; -0.0336272 ; 0.0281403 ; 101.465;
21 ; 17 ; 20 ; 0.0134505 ; -0.0758401 ; 0.0386881 ; 101.165;
4 ; 18 ; 20 ; 0.0390103 ; -0.0294432 ; 0.0157825 ; 102.7;
5 ; 18 ; 20 ; -0.0659223 ; -0.0148508 ; 0.0581291 ; 101.323;
6 ; 18 ; 20 ; -0.0227471 ; -0.038312 ; -0.0603246 ; 100.957;
7 ; 18 ; 20 ; -0.0660213 ; -0.0101569 ; -0.0336874 ; 101.143;
8 ; 18 ; 20 ; 0.00595219 ; -0.0466976 ; -0.000939115 ; 102.1;
9 ; 18 ; 20 ; 0.0485629 ; 0.012322 ; -0.0263542 ; 104.628;
10 ; 18 ; 20 ; 0.00711986 ; -0.0281244 ; -0.100727 ; 99.1875;
11 ; 18 ; 20 ; 0.01191 ; 0.130564 ; 0.0262239 ; 102.838;
12 ; 18 ; 20 ; 0.0829496 ; 0.0190728 ; -0.010365 ; 101.743;
13 ; 18 ; 20 ; -0.0381975 ; -0.0627834 ; -0.0171002 ; 100.935;
14 ; 18 ; 20 ; 0.0300979 ; -0.0127874 ; 0.0128037 ; 101.887;
15 ; 18 ; 20 ; -0.0222313 ; 0.0310281 ; 0.00647408 ; 100.632;
16 ; 18 ; 20 ; -0.0498551 ; 0.0803972 ; 0.0523489 ; 100.127;
17 ; 18 ; 20 ; 0.0137707 ; -0.0324149 ; -0.0580637 ; 103.612;
18 ; 18 ; 20 ; 0.0353498 ; 0.00170862 ; -0.0350449 ; 101.668;
19 ; 18 ; 20 ; 0.0453118 ; 0.0425614 ; -0.0312382 ; 104.335;
20 ; 18 ; 20 ; 0.0576409 ; 0.00296458 ; -0.0736481 ; 101.317;
21 ; 18 ; 20 ; 0.0309521 ; 0.0385655 ; 0.0745456 ; 102.42;
4 ; 19 ; 20 ; -0.0199749 ; -0.00131468 ; 0.0572752 ; 103.547;
5 ; 19 ; 20 ; 0.0199896 ; 0.00478616 ; 0.00453136 ; 99.8;
6 ; 19 ; 20 ; -0.0475518 ; 0.0053213 ; -0.00916689 ; 99.8475;
7 ; 19 ; 20 ; 0.0348912 ; 0.0184956 ; 0.0379241 ; 103.935;
8 ; 19 ; 20 ; -0.00762175 ; -0.00389012 ; 0.0502037 ; 103.23;
9 ; 19 ; 20 ; -0.00303124 ; -0.030833 ; 0.000633639 ; 100.977;
10 ; 19 ; 20 ; 0.0379387 ; -0.0403323 ; 0.0444772 ; 102.172;
11 ; 19 ; 20 ; 0.071702 ; -0.0298852 ; -0.000234612 ; 102.215;
12 ; 19 ; 20 ; -0.0198199 ; -0.0563381 ; 0.027945 ; 102.71;
13 ; 19 ; 20 ; -0.0249779 ; -0.0608931 ; -0.0101842 ; 99.255;
14 ; 19 ; 20 ; 0.00577655 ; -0.0304762 ; 0.0355029 ; 102.52;
15 ; 19 ; 20 ; 0.0256647 ; 0.0126354 ; -0.00217542 ; 101.48;
16 ; 19 ; 20 ; 7.50111e-05 ; 0.0104808 ; -0.0494971 ; 101.975;
17 ; 19 ; 20 ; -0.047951 ; 0.00569431 ; -0.021864 ; 99.97;
18 ; 19 ; 20 ; 0.0236144 ; 0.0602775 ; -0.0687467 ; 103.325;
19 ; 19 ; 20 ; 0.0217941 ; -0.00243029 ; -0.0266239 ; 100.875;
20 ; 19 ; 20 ; -0.0114493 ; 0.00627743 ; 0.0428663 ; 103.287;
21 ; 19 ; 20 ; -0.0181976 ; 0.0702443 ; 0.00269856 ; 100.44;
4 ; 20 ; 20 ; -0.00525459 ; 0.0653298 ; 0.00991817 ; 100.388;
5 ; 20 ; 20 ; -0.0176673 ; 0.00443678 ; -0.0105799 ; 104.755;
6 ; 20 ; 20 ; -0.0313231 ; -0.00993725 ; -0.00983638 ; 101.425;
7 ; 20 ; 20 ; -0.0430666 ; 0.00472306 ; -0.00745383 ; 102.347;
8 ; 20 ; 20 ; 0.0303771 ; -0.0748541 ; 0.0695045 ; 103.427;
9 ; 20 ; 20 ; -0.0171247 ; 0.0603205 ; 0.0353473 ; 101.04;
10 ; 20 ; 20 ; -0.052642 ; 0.0623147 ; -0.016477 ; 102.517;
11 ; 20 ; 20 ; 0.0122319 ; 0.0467252 ; -0.0433041 ; 102.78;
12 ; 20 ; 20 ; -0.0206322 ; -0.0338032 ; -0.00201499 ; 101.307;
13 ; 20 ; 20 ; -0.0136439 ; 0.0195642 ; 0.0297973 ; 102.648;
14 ; 20 ; 20 ; 0.0266659 ; -0.0283822 ; 0.0425081 ; 101.977;
15 ; 20 ; 20 ; 0.0496547 ; 0.0513793 ; 0.0103158 ; 103.06;
16 ; 20 ; 20 ; -0.020561 ; -0.027972 ; -0.0189061 ; 101.983;
17 ; 20 ; 20 ; -0.0705809 ; 0.0589205 ; -0.00479302 ; 101.362;
18 ; 20 ; 20 ; 0.00375642 ; 0.0826281 ; 0.0807943 ; 100.712;
19 ; 20 ; 20 ; 0.00560399 ; -0.0109624 ; 0.04912 ; 100.645;
20 ; 20 ; 20 ; -0.0235454 ; -0.0298296 ; 0.0640753 ; 103.657;
21 ; 20 ; 20 ; -0.0259231 ; 0.0294477 ; 0.0421804 ; 102.685;
4 ; 21 ; 20 ; -0.0572895 ; 0.0390421 ; 0.0301243 ; 101.093;
5 ; 21 ; 20 ; 0.067127 ; 0.0308165 ; -0.0668659 ; 101.462;
6 ; 21 ; 20 ; -0.007254 ; 0.0157187 ; -0.0801129 ; 103.885;
7 ; 21 ; 20 ; 0.030839 ; -0.0749536 ; 0.00950163 ; 104.7;
8 ; 21 ; 20 ; -0.00875762 ; -0.0417069 ; 0.00557892 ; 101.025;
9 ; 21 ; 20 ; -0.0413724 ; 0.073825 ; -0.0791407 ; 102.612;
10 ; 21 ; 20 ; -0.0521179 ; 0.0197782 ; 0.0110699 ; 103.372;
11 ; 21 ; 20 ; -0.029308 ; -0.0221472 ; -0.0757999 ; 101.542;
12 ; 21 ; 20 ; -0.00724758 ; 0.0524038 ; 0.0663029 ; 103.272;
13 ; 21 ; 20 ; 0.0536344 ; 0.0554024 ; 0.00786997 ; 100.215;
14 ; 21 ; 20 ; -0.0354021 ; -0.061363 ; -0.0882563 ; 99.39;
15 ; 21 ; 20 ; 0.052787 ; 0.024949 ; 0.041211 ; 102.762;
16 ; 21 ; 20 ; 0.00996422 ; -0.00256383 ; 0.0540134 ; 100.925;
17 ; 21 ; 20 ; -0.0107731 ; 0.049041 ; -0.0117916 ; 101.293;
18 ; 21 ; 20 ; -0.0290369 ; -0.0233863 ; -0.117287 ; 98.25;
19 ; 21 ; 20 ; -0.0951708 ; 0.0333622 ; 0.0437909 ; 100.6;
20 ; 21 ; 20 ; -0.00275668 ; -0.00718159 ; 0.00809828 ; 103.295;
21 ; 21 ; 20 ; 0.0605534 ; -0.0184969 ; 0.0393029 ; 102.14;
4 ; 4 ; 21 ; -0.0252046 ; -0.0442851 ; 0.0500727 ; 102.588;
5 ; 4 ; 21 ; 0.0842406 ; -0.0319314 ; -0.0279001 ; 100.807;
6 ; 4 ; 21 ; 0.0524548 ; -0.075286 ; 0.00695174 ; 99.5075;
7 ; 4 ; 21 ; 0.0415761 ; -0.00807547 ; 0.0303734 ; 102.785;
8 ; 4 ; 21 ; 0.03847 ; 0.0276191 ; -0.000505295 ; 103.415;
9 ; 4 ; 21 ; -0.00782018 ; 0.0127432 ; 0.0554914 ; 101.788;
10 ; 4 ; 21 ; 0.0209945 ; 0.0149329 ; -0.0331064 ; 99.505;
11 ; 4 ; 21 ; 0.0131965 ; 0.023565 ; 0.0663618 ; 101.938;
12 ; 4 ; 21 ; 0.0233131 ; -0.0935977 ; -0.00197948 ; 101.763;
13 ; 4 ; 21 ; 0.0294169 ; -0.0103236 ; 0.0463232 ; 99.56;
14 ; 4 ; 21 ; -0.0434552 ; 0.0207793 ; -0.0550976 ; 102.905;
15 ; 4 ; 21 ; 0.0562383 ; 0.0419825 ; -0.0286116 ; 101.983;
16 ; 4 ; 21 ; 0.00263096 ; -0.0483065 ; -0.0212103 ; 101.983;
17 ; 4 ; 21 ; 0.0534662 ; -0.0238736 ; -0.0648703 ; 102.757;
18 ; 4 ; 21 ; 0.0106747 ; 0.0252337 ; -0.0579157 ; 102.308;
19 ; 4 ; 21 ; 0.0472169 ; 0.0903939 ; -0.073285 ; 99.9775;
20 ; 4 ; 21 ; 0.024507 ; 0.0272032 ; -0.0422812 ; 99.405;
21 ; 4 ; 21 ; 0.0168259 ; 0.00956147 ; 0.0216737 ; 103.797;
4 ; 5 ; 21 ; -0.0091884 ; -0.00664658 ; 0.0535223 ; 100.048;
5 ; 5 ; 21 ; -0.0486491 ; -0.0708546 ; -0.0309816 ; 102.492;
6 ; 5 ; 21 ; -0.0335954 ; -0.0501712 ; 0.0284129 ; 101.185;
7 ; 5 ; 21 ; -0.0244556 ; -0.0560675 ; 0.00295021 ; 101.975;
8 ; 5 ; 21 ; 0.00171291 ; -0.0192284 ; -0.0150315 ; 98.785;
9 ; 5 ; 21 ; 0.0188277 ; 0.0562604 ; -0.00285833 ; 102.163;
10 ; 5 ; 21 ; -0.00282625 ; 0.000526108 ; -0.00852936 ; 100.953;
11 ; 5 ; 21 ; 0.0617454 ; 0.0191349 ; 0.00467305 ; 100.58;
12 ; 5 ; 21 ; -0.0276359 ; -0.032382 ; 0.0168465 ; 102.985;
13 ; 5 ; 21 ; 0.0189488 ; 0.0139547 ; 0.0859833 ; 102.633;
14 ; 5 ; 21 ; -0.000187431 ; 0.0397911 ; 0.00204802 ; 103.263;
15 ; 5 ; 21 ; 0.054136 ; 0.0541424 ; -0.013225 ; 102.237;
16 ; 5 ; 21 ; -0.0120743 ; -0.0387856 ; -0.0266335 ; 102.127;
17 ; 5 ; 21 ; 0.0272042 ; -0.0457718 ; -0.00662382 ; 102.86;
18 ; 5 ; 21 ; 0.0488854 ; -0.0347627 ; 0.0169906 ; 101.875;
19 ; 5 ; 21 ; -0.00542248 ; -0.000743479 ; -0.0264714 ; 103.797;
20 ; 5 ; 21 ; -0.0195845 ; 0.0282398 ; -0.0893892 ; 103.938;
21 ; 5 ; 21 ; -0.0858004 ; 0.052302 ; 0.000562073 ; 99.725;
4 ; 6 ; 21 ; -0.0573225 ; 0.0162239 ; 0.0313519 ; 101.267;
5 ; 6 ; 21 ; -0.0169384 ; 0.0278818 ; 0.042754 ; 102.855;
6 ; 6 ; 21 ; -0.0530519 ; 0.0312045 ; -0.0222644 ; 103.585;
7 ; 6 ; 21 ; 0.0576999 ; -0.0467892 ; -0.0101358 ; 104.233;
8 ; 6 ; 21 ; 0.0299703 ; 0.0393104 ; 0.000496494 ; 104.06;
9 ; 6 ; 21 ; -0.00339961 ; 0.0294046 ; -0.00762293 ; 100.755;
10 ; 6 ; 21 ; -0.0438072 ; 0.000809913 ; 0.0718212 ; 102.775;
11 ; 6 ; 21 ; -0.0332594 ; 0.00561122 ; 0.025754 ; 103.028;
12 ; 6 ; 21 ; -0.000617083 ; -0.0650094 ; -0.0342123 ; 103.288;
13 ; 6 ; 21 ; 0.0121168 ; -0.000114405 ; 0.0480253 ; 101.543;
14 ; 6 ; 21 ; 0.0371218 ; 0.0529578 ; -0.0430437 ; 100.793;
15 ; 6 ; 21 ; 0.0227771 ; -0.07941 ; 0.020084 ; 102.162;
16 ; 6 ; 21 ; 0.0381888 ; -0.00962786 ; -0.0277453 ; 100.155;
17 ; 6 ; 21 ; 0.0818861 ; 0.0012697 ; 0.0572773 ; 101.575;
18 ; 6 ; 21 ; 0.0398168 ; -0.0544938 ; 0.0293118 ; 103.59;
19 ; 6 ; 21 ; 0.0215579 ; 0.10685 ; 0.0336561 ; 99.435;
20 ; 6 ; 21 ; -0.0134198 ; 0.035796 ; 0.0225723 ; 102.963;
21 ; 6 ; 21 ; 0.0965057 ; -0.0154622 ; -0.0395267 ; 97.88;
4 ; 7 ; 21 ; -0.0336958 ; -0.00163851 ; -0.00498475 ; 100.237;
5 ; 7 ; 21 ; -0.0330034 ; 0.0104731 ; -0.0341214 ; 99.1725;
6 ; 7 ; 21 ; -0.063163 ; 0.0664889 ; -0.0116901 ; 101.6;
7 ; 7 ; 21 ; -0.0169926 ; -0.00693529 ; 0.0615729 ; 100.295;
8 ; 7 ; 21 ; -0.0847538 ; 0.0140727 ; 0.0557964 ; 101.953;
9 ; 7 ; 21 ; -0.0532176 ; -0.0862205 ; -0.00260793 ; 101.055;
10 ; 7 ; 21 ; 0.0729021 ; 0.0559911 ; 0.0633153 ; 103.405;
11 ; 7 ; 21 ; 0.0233587 ; 0.0270723 ; 0.0291634 ; 102.547;
12 ; 7 ; 21 ; 0.0220443 ; -0.0372134 ; 0.0212528 ; 101.817;
13 ; 7 ; 21 ; 0.0277897 ; -0.110062 ; -0.030253 ; 99.7825;
14 ; 7 ; 21 ; -0.006864 ; 0.0870605 ; 0.0740294 ; 99.8375;
15 ; 7 ; 21 ; -0.0230305 ; -0.0174719 ; 0.0195739 ; 102.14;
16 ; 7 ; 21 ; -0.0394666 ; 0.0534605 ; -0.0649657 ; 101.715;
17 ; 7 ; 21 ; -0.0419605 ; 0.0344814 ; 0.0235338 ; 101.94;
18 ; 7 ; 21 ; -0.0216485 ; -0.00344019 ; -0.0163659 ; 104.093;
19 ; 7 ; 21 ; -0.000913285 ; 0.0619065 ; -0.101613 ; 102.435;
20 ; 7 ; 21 ; 0.0315299 ; 0.0175452 ; -0.0185718 ; 100.482;
21 ; 7 ; 21 ; -0.0194802 ; 0.0129009 ; 0.0519386 ; 102.39;
4 ; 8 ; 21 ; -0.0339192 ; 0.0230647 ; -0.0174587 ; 99.4725;
5 ; 8 ; 21 ; 0.00751127 ; -0.105514 ; -0.0348097 ; 104.928;
6 ; 8 ; 21 ; -0.0356661 ; 0.0238081 ; 0.0811927 ; 99.525;
7 ; 8 ; 21 ; 0.0604605 ; 0.028429 ; -0.0411359 ; 102.823;
8 ; 8 ; 21 ; 0.0254952 ; -0.0455699 ; -0.00465104 ; 103.582;
9 ; 8 ; 21 ; 0.0131806 ; -0.087049 ; 0.0383901 ; 103.615;
10 ; 8 ; 21 ; 0.0254913 ; 0.0242859 ; 0.0715194 ; 101.457;
11 ; 8 ; 21 ; 0.0399346 ; -0.00648346 ; 0.00639264 ; 100.815;
12 ; 8 ; 21 ; -0.0117551 ; -0.0346196 ; 0.0124736 ; 99.7575;
13 ; 8 ; 21 ; 0.0163592 ; 0.0161179 ; -0.0391424 ; 101.272;
14 ; 8 ; 21 ; 0.0264022 ; 0.0597506 ; 0.012556 ; 103.438;
15 ; 8 ; 21 ; -0.0360503 ; 0.04655 ; -0.00997228 ; 103.59;
16 ; 8 ; 21 ; 0.0428967 ; -0.00576587 ; 0.0478461 ; 102.615;
17 ; 8 ; 21 ; -0.0176283 ; 0.0615257 ; 0.0728156 ; 101.8;
18 ; 8 ; 21 ; 0.0385063 ; -0.016038 ; 0.0536126 ; 101.177;
19 ; 8 ; 21 ; 0.0305468 ; 0.112995 ; 0.0207333 ; 104.438;
20 ; 8 ; 21 ; -0.00508681 ; 0.0327927 ; 0.0126229 ; 103.08;
21 ; 8 ; 21 ; -0.00391476 ; 0.0272221 ; 0.00172276 ; 102.72;
4 ; 9 ; 21 ; 0.0215181 ; -0.0184944 ; 0.0902408 ; 100.293;
5 ; 9 ; 21 ; 0.01564 ; 0.000156736 ; -0.026272 ; 100.032;
6 ; 9 ; 21 ; 0.0311607 ; -0.0263699 ; 0.0141903 ; 100.457;
7 ; 9 ; 21 ; 0.00862817 ; -0.0681262 ; -0.0101617 ; 103.48;
8 ; 9 ; 21 ; 0.00858298 ; -0.0222259 ; -0.0176407 ; 103.237;
9 ; 9 ; 21 ; 0.00241919 ; -0.0253612 ; -0.0349903 ; 101.752;
10 ; 9 ; 21 ; -0.00763935 ; 0.0557026 ; -0.0299649 ; 100.01;
11 ; 9 ; 21 ; -0.0256623 ; -0.0289367 ; 0.0499292 ; 102.07;
12 ; 9 ; 21 ; 0.00203201 ; -0.0046297 ; -6.21946e-05 ; 101.117;
13 ; 9 ; 21 ; 0.0419226 ; 0.0370681 ; 0.036345 ; 102.19;
14 ; 9 ; 21 ; -0.0481324 ; 0.0519811 ; 0.0377466 ; 101.815;
15 ; 9 ; 21 ; 0.00607487 ; -0.0169028 ; 0.0263205 ; 100.86;
16 ; 9 ; 21 ; 0.0663985 ; 0.0396641 ; -0.0097431 ; 103.047;
17 ; 9 ; 21 ; 0.0141537 ; -0.0370396 ; 0.0320175 ; 99.2325;
18 ; 9 ; 21 ; 0.0474783 ; 0.0079345 ; 0.00046401 ; 101.43;
19 ; 9 ; 21 ; 0.0050151 ; 0.0346727 ; 0.0081945 ; 101.785;
20 ; 9 ; 21 ; -0.00300284 ; -0.0564535 ; -0.0649312 ; 101.525;
21 ; 9 ; 21 ; -0.0332826 ; -0.0172945 ; -0.0492843 ; 103.42;
4 ; 10 ; 21 ; 0.0191392 ; -0.0422215 ; -0.0617874 ; 103.537;
5 ; 10 ; 21 ; 0.0217208 ; -0.00519718 ; -0.0267804 ; 102.74;
6 ; 10 ; 21 ; -0.0335346 ; -0.0359705 ; -0.000742558 ; 101.75;
7 ; 10 ; 21 ; -0.00118777 ; -0.03749 ; 0.025174 ; 100.062;
8 ; 10 ; 21 ; 0.0245561 ; -0.0297159 ; 0.0154218 ; 100.835;
9 ; 10 ; 21 ; 0.0270271 ; 0.145935 ; -0.101945 ; 102.523;
10 ; 10 ; 21 ; 0.026665 ; 0.00725205 ; -0.0197119 ; 102.047;
11 ; 10 ; 21 ; 0.0147783 ; 0.110172 ; -0.0236006 ; 102.26;
12 ; 10 ; 21 ; -0.00309407 ; 0.0476873 ; -0.0175055 ; 102.688;
13 ; 10 ; 21 ; 0.00163495 ; -0.0428614 ; 0.00443799 ; 100.612;
14 ; 10 ; 21 ; -0.00818806 ; 0.00425015 ; 0.0330486 ; 103.565;
15 ; 10 ; 21 ; -0.0117929 ; 0.0325041 ; -0.056327 ; 101.178;
16 ; 10 ; 21 ; -0.0492965 ; 0.00388374 ; -0.0806707 ; 100.123;
17 ; 10 ; 21 ; -0.0988639 ; -0.0624208 ; -0.0516506 ; 100.927;
18 ; 10 ; 21 ; -0.00383762 ; 0.0388153 ; -0.0240544 ; 104.442;
19 ; 10 ; 21 ; 0.0353224 ; 0.0212416 ; -0.0808289 ; 102.457;
20 ; 10 ; 21 ; 0.0253423 ; 0.00311699 ; -0.00481642 ; 101.335;
21 ; 10 ; 21 ; 0.000769674 ; 0.024607 ; -0.0105835 ; 104.047;
4 ; 11 ; 21 ; -0.0173831 ; -0.0636268 ; -0.0220745 ; 101.32;
5 ; 11 ; 21 ; 0.017557 ; 0.0212558 ; -0.0517454 ; 99.9975;
6 ; 11 ; 21 ; 0.0378252 ; -0.00417478 ; -0.0159194 ; 101.8;
7 ; 11 ; 21 ; 0.0176496 ; -0.0517876 ; 0.0300307 ; 101.545;
8 ; 11 ; 21 ; 0.0233138 ; 0.00833572 ; 0.0339115 ; 102.322;
9 ; 11 ; 21 ; 0.0571075 ; 0.0135175 ; 0.0186251 ; 98.6425;
10 ; 11 ; 21 ; 0.0185423 ; 0.00866252 ; -0.0824329 ; 100.175;
11 ; 11 ; 21 ; -0.0425614 ; 0.0720327 ; -0.00208136 ; 102.06;
12 ; 11 ; 21 ; 0.0128888 ; -0.0195901 ; 0.0108955 ; 103.242;
13 ; 11 ; 21 ; -0.0499841 ; 0.0144431 ; 0.0126702 ; 101.493;
14 ; 11 ; 21 ; -0.0118008 ; -0.0053939 ; 0.0167081 ; 100.03;
15 ; 11 ; 21 ; -0.0267221 ; 0.0386404 ; -0.00878846 ; 103.952;
16 ; 11 ; 21 ; 0.0257171 ; 0.00115923 ; -0.0439115 ; 99.9375;
17 ; 11 ; 21 ; 0.010534 ; 0.0250376 ; -0.0377213 ; 100.335;
18 ; 11 ; 21 ; -0.0500685 ; -0.00703781 ; -0.0192 ; 102.273;
19 ; 11 ; 21 ; -0.0270427 ; 0.0225123 ; 0.038544 ; 101.76;
20 ; 11 ; 21 ; -0.0187606 ; 0.0435568 ; -0.0331325 ; 101.85;
21 ; 11 ; 21 ; 0.0114318 ; -0.0142733 ; -0.0477439 ; 102.57;
4 ; 12 ; 21 ; -0.0207653 ; 0.0256532 ; 0.0116982 ; 100.097;
5 ; 12 ; 21 ; 0.0683605 ; 0.0475537 ; -0.00669131 ; 102.127;
6 ; 12 ; 21 ; 0.0126506 ; 0.0692034 ; 0.116831 ; 103.165;
7 ; 12 ; 21 ; 0.055419 ; 0.0321152 ; 0.00100698 ; 103.793;
8 ; 12 ; 21 ; -0.0535696 ; 0.0215107 ; 0.0379262 ; 100.898;
9 ; 12 ; 21 ; -0.0369234 ; 0.0217741 ; 0.0568327 ; 102.112;
10 ; 12 ; 21 ; -0.00782706 ; -0.0685889 ; 0.0047653 ; 102.41;
11 ; 12 ; 21 ; -0.0292742 ; -0.00481047 ; 0.0235671 ; 102.82;
12 ; 12 ; 21 ; -0.0157941 ; 0.0293951 ; -0.0626922 ; 100.802;
13 ; 12 ; 21 ; -0.00437617 ; 0.0322325 ; -0.0534938 ; 101.678;
14 ; 12 ; 21 ; 0.0557334 ; -0.0515538 ; -0.0224577 ; 101.417;
15 ; 12 ; 21 ; -0.0247969 ; 0.032465 ; 0.0124184 ; 99.5725;
16 ; 12 ; 21 ; 0.0469617 ; 0.00692371 ; 0.0911754 ; 105.655;
17 ; 12 ; 21 ; -0.041216 ; -0.026912 ; 0.0624921 ; 101.593;
18 ; 12 ; 21 ; 0.00869978 ; -0.0135754 ; 0.0271294 ; 101.295;
19 ; 12 ; 21 ; 0.0582399 ; 0.0631041 ; 0.00201584 ; 100.365;
20 ; 12 ; 21 ; -0.063127 ; 0.0156341 ; 0.0429797 ; 100.907;
21 ; 12 ; 21 ; -0.0870286 ; -0.0495175 ; -0.00240698 ; 101.83;
4 ; 13 ; 21 ; -0.000284745 ; 0.0267197 ; -0.0607298 ; 101.55;
5 ; 13 ; 21 ; 0.0669255 ; -0.00805745 ; -0.0463379 ; 99.7175;
6 ; 13 ; 21 ; 0.0157584 ; -0.0796867 ; -0.0615492 ; 100.52;
7 ; 13 ; 21 ; 0.0143578 ; -0.0485782 ; -0.0166322 ; 103.703;
8 ; 13 ; 21 ; -0.0155654 ; 0.0286142 ; 0.00583909 ; 100.795;
9 ; 13 ; 21 ; 0.0102375 ; -0.00471892 ; -0.0420155 ; 100.055;
10 ; 13 ; 21 ; 0.00762881 ; 0.0148654 ; 0.011505 ; 100.987;
11 ; 13 ; 21 ; 0.0329564 ; -0.0142143 ; 0.00766025 ; 103.442;
12 ; 13 ; 21 ; 0.0095127 ; -0.00924835 ; 0.0203257 ; 101.248;
13 ; 13 ; 21 ; -0.0399202 ; -0.0994095 ; -0.086557 ; 103.785;
14 ; 13 ; 21 ; 0.0293114 ; 0.00643707 ; 0.0429254 ; 101.072;
15 ; 13 ; 21 ; -0.0205651 ; -0.0229114 ; 0.0084306 ; 102.705;
16 ; 13 ; 21 ; 0.0301428 ; -0.00892648 ; 0.0171171 ; 102.055;
17 ; 13 ; 21 ; -0.0815149 ; 0.0105355 ; 0.0232331 ; 101.422;
18 ; 13 ; 21 ; 0.0294822 ; -0.0421418 ; 0.0469584 ; 102.222;
19 ; 13 ; 21 ; -6.44602e-05 ; 0.0565652 ; -0.0731551 ; 101.695;
20 ; 13 ; 21 ; 0.014255 ; -0.0264461 ; 0.0236323 ; 100.483;
21 ; 13 ; 21 ; -0.0262322 ; 0.0445601 ; -0.0293105 ; 103.04;
4 ; 14 ; 21 ; -0.0710364 ; 0.0151879 ; -0.0443816 ; 100.97;
5 ; 14 ; 21 ; 0.00363861 ; 0.0259328 ; -0.0430106 ; 103.698;
6 ; 14 ; 21 ; 0.0445792 ; 0.0139429 ; 0.0234299 ; 102.41;
7 ; 14 ; 21 ; 0.0174702 ; -0.0358969 ; -0.00852495 ; 102.928;
8 ; 14 ; 21 ; -0.0880774 ; -0.00956448 ; -0.00960259 ; 100.377;
9 ; 14 ; 21 ; -0.026182 ; 0.0135137 ; -0.0727835 ; 101.952;
10 ; 14 ; 21 ; -0.0254445 ; 0.0468954 ; 0.0426789 ; 101.812;
11 ; 14 ; 21 ; 0.037016 ; 0.00827418 ; 0.0720635 ; 99.27;
12 ; 14 ; 21 ; -0.0207551 ; -0.0288409 ; -0.0588917 ; 101.5;
13 ; 14 ; 21 ; -0.0240474 ; -0.0535992 ; -0.0102897 ; 105.025;
14 ; 14 ; 21 ; 0.0163914 ; -0.0572421 ; 0.0587334 ; 99.615;
15 ; 14 ; 21 ; 0.0661346 ; -0.0432423 ; 0.0084783 ; 102.442;
16 ; 14 ; 21 ; -0.0483714 ; 0.0220903 ; -0.0233604 ; 102.398;
17 ; 14 ; 21 ; -0.0373981 ; -0.0443024 ; 0.0452777 ; 103.645;
18 ; 14 ; 21 ; -0.000222197 ; 0.0129133 ; 0.0288288 ; 100.925;
19 ; 14 ; 21 ; -0.035083 ; 0.0338582 ; 0.0367457 ; 103.095;
20 ; 14 ; 21 ; -0.0537297 ; 0.024089 ; -0.00677774 ; 100.332;
21 ; 14 ; 21 ; -0.00697209 ; -0.0203498 ; -0.0246819 ; 103.265;
4 ; 15 ; 21 ; 0.0181332 ; 0.000411118 ; 0.0546446 ; 102.2;
5 ; 15 ; 21 ; -0.0441722 ; 0.0431008 ; -0.0264998 ; 100.623;
6 ; 15 ; 21 ; -0.0245407 ; 0.0726708 ; -0.0481869 ; 102.093;
7 ; 15 ; 21 ; 0.0311812 ; -0.00717013 ; -0.00643794 ; 101.3;
8 ; 15 ; 21 ; -0.0524194 ; -0.00315724 ; 0.000762141 ; 101.725;
9 ; 15 ; 21 ; -0.0484057 ; 0.0047264 ; -0.0212668 ; 103.847;
10 ; 15 ; 21 ; 0.0274288 ; -0.0324188 ; -0.0617579 ; 98.5075;
11 ; 15 ; 21 ; 0.0335692 ; 0.0377483 ; 0.00866138 ; 100.063;
12 ; 15 ; 21 ; 0.00165784 ; -0.0116858 ; 0.0350376 ; 100.697;
13 ; 15 ; 21 ; -0.0440219 ; -0.0849967 ; -0.0813351 ; 102.005;
14 ; 15 ; 21 ; 0.00148821 ; -0.0396076 ; 0.0330453 ; 101.455;
15 ; 15 ; 21 ; -0.0262494 ; -0.0259209 ; -0.0387741 ; 103.575;
16 ; 15 ; 21 ; 0.0119306 ; -0.0792376 ; -0.0219688 ; 103.69;
17 ; 15 ; 21 ; -0.0307386 ; -0.0820985 ; 0.00689168 ; 98.0225;
18 ; 15 ; 21 ; -0.118868 ; -0.0656844 ; 0.0371691 ; 100.41;
19 ; 15 ; 21 ; -0.0091006 ; -0.00445998 ; 0.0699604 ; 99.245;
20 ; 15 ; 21 ; 0.0492434 ; -0.0254084 ; -0.013972 ; 102.348;
21 ; 15 ; 21 ; 0.0626276 ; -0.0201719 ; 0.0018694 ; 101.453;
4 ; 16 ; 21 ; -0.0210905 ; 0.00765612 ; 0.0034756 ; 101.222;
5 ; 16 ; 21 ; -0.000115935 ; 0.0259122 ; -0.0148366 ; 101.733;
6 ; 16 ; 21 ; 0.0233462 ; 0.0307435 ; 0.0555905 ; 100.162;
7 ; 16 ; 21 ; 0.0159294 ; -0.0405485 ; 0.00282007 ; 101.097;
8 ; 16 ; 21 ; -0.0201078 ; 0.0150924 ; -0.0118833 ; 104.773;
9 ; 16 ; 21 ; -0.036141 ; -0.0349626 ; -0.0242911 ; 98.5875;
10 ; 16 ; 21 ; -0.0252657 ; -0.064691 ; 0.0832975 ; 101.915;
11 ; 16 ; 21 ; 0.0141405 ; 0.017639 ; 0.0557241 ; 100.243;
12 ; 16 ; 21 ; 0.0255678 ; -0.0765943 ; 0.0197929 ; 101.315;
13 ; 16 ; 21 ; 0.00060063 ; 0.0328986 ; -0.00393751 ; 101.373;
14 ; 16 ; 21 ; 0.00746514 ; -0.072677 ; -0.0124959 ; 101.015;
15 ; 16 ; 21 ; -0.0135598 ; -0.0304038 ; -0.0234438 ; 100.905;
16 ; 16 ; 21 ; 0.0624413 ; -0.0173596 ; -0.0528691 ; 99.2275;
17 ; 16 ; 21 ; -0.00767034 ; 0.045173 ; 0.0649522 ; 100.888;
18 ; 16 ; 21 ; -0.0686757 ; -0.0811033 ; -0.0162649 ; 100.882;
19 ; 16 ; 21 ; -0.0114229 ; -0.0189277 ; -0.0591602 ; 104.293;
20 ; 16 ; 21 ; -0.0312654 ; -0.102157 ; 0.0152178 ; 99.9725;
21 ; 16 ; 21 ; -0.015173 ; 0.0355664 ; 0.0114943 ; 99.865;
4 ; 17 ; 21 ; -0.0055649 ; -0.0364587 ; -0.0106268 ; 103.665;
5 ; 17 ; 21 ; 0.0606239 ; -0.060473 ; 0.0503823 ; 101.692;
6 ; 17 ; 21 ; -0.00120471 ; -0.0272768 ; 0.0915011 ; 103.098;
7 ; 17 ; 21 ; -0.00762218 ; -0.0459685 ; 0.0734415 ; 101.812;
8 ; 17 ; 21 ; 0.0241532 ; 0.0244871 ; 0.0206302 ; 100.42;
9 ; 17 ; 21 ; -0.00626378 ; 0.00710909 ; 0.106114 ; 101.468;
10 ; 17 ; 21 ; -0.0174747 ; -0.0309752 ; 0.0370306 ; 103.745;
11 ; 17 ; 21 ; 0.112525 ; 0.022258 ; -0.0371323 ; 101.183;
12 ; 17 ; 21 ; 0.0350859 ; 0.0295207 ; -0.0287925 ; 102.348;
13 ; 17 ; 21 ; -0.0422956 ; 0.0222574 ; -0.000464133 ; 99.48;
14 ; 17 ; 21 ; 0.0280954 ; -0.0290404 ; -0.0783985 ; 102.543;
15 ; 17 ; 21 ; 0.0265722 ; -0.0424581 ; -0.00346688 ; 102.02;
16 ; 17 ; 21 ; 0.0342909 ; -0.0181241 ; 0.0229854 ; 101.975;
17 ; 17 ; 21 ; 0.0652684 ; 0.020883 ; -0.0634325 ; 100.548;
18 ; 17 ; 21 ; 0.0426672 ; 0.0533186 ; 0.0242872 ; 103.412;
19 ; 17 ; 21 ; 0.0025677 ; -0.0129829 ; -0.0517363 ; 103.393;
20 ; 17 ; 21 ; -0.0735475 ; -0.0864984 ; -0.0298436 ; 101.96;
21 ; 17 ; 21 ; 0.00732762 ; -0.00856745 ; -0.011333 ; 99.4775;
4 ; 18 ; 21 ; 0.0530369 ; -0.0214268 ; -0.0220053 ; 99.3;
5 ; 18 ; 21 ; 0.0229678 ; 0.0201828 ; 0.0930251 ; 102.113;
6 ; 18 ; 21 ; 0.0557692 ; -0.00515469 ; 0.0281894 ; 102.698;
7 ; 18 ; 21 ; 0.010933 ; 0.0250808 ; -0.0749637 ; 101.537;
8 ; 18 ; 21 ; 0.0304846 ; -0.0325361 ; 0.0772215 ; 100.76;
9 ; 18 ; 21 ; 0.0140664 ; -0.00306704 ; -0.00240673 ; 102.17;
10 ; 18 ; 21 ; 0.0731159 ; 0.0464143 ; -0.0532158 ; 101.555;
11 ; 18 ; 21 ; 0.0767661 ; 0.0534295 ; -0.0239755 ; 99.3975;
12 ; 18 ; 21 ; 0.00825522 ; 0.0415914 ; -0.0276514 ; 102.445;
13 ; 18 ; 21 ; -0.0309469 ; -0.0254636 ; -0.0627211 ; 99.88;
14 ; 18 ; 21 ; -0.0237997 ; 0.00680645 ; 0.0269787 ; 102.675;
15 ; 18 ; 21 ; 0.00252386 ; -0.028437 ; 0.036171 ; 99.5025;
16 ; 18 ; 21 ; -0.0421092 ; 0.0046221 ; -0.0258508 ; 101.463;
17 ; 18 ; 21 ; 0.066134 ; 0.0213251 ; 0.00492881 ; 101.533;
18 ; 18 ; 21 ; 0.0631446 ; -0.0251944 ; -0.0287786 ; 101.103;
19 ; 18 ; 21 ; -0.0531825 ; 0.0307695 ; -0.02572 ; 101.14;
20 ; 18 ; 21 ; 0.0219142 ; -0.0369195 ; 0.0547639 ; 101.377;
21 ; 18 ; 21 ; 0.0339735 ; -0.0419934 ; 0.0173879 ; 101.732;
4 ; 19 ; 21 ; 0.038286 ; 0.0580288 ; -0.0404889 ; 100.648;
5 ; 19 ; 21 ; -0.00888632 ; 0.0252004 ; 0.0571319 ; 102.082;
6 ; 19 ; 21 ; 0.0156423 ; 0.0556121 ; 0.0174604 ; 99.295;
7 ; 19 ; 21 ; -0.00500503 ; 0.0671736 ; -0.079453 ; 98.5525;
8 ; 19 ; 21 ; 0.026566 ; -0.00202855 ; -0.015097 ; 103.515;
9 ; 19 ; 21 ; -0.0241911 ; -0.0261158 ; 0.0308264 ; 101.1;
10 ; 19 ; 21 ; 0.0393396 ; 0.0353144 ; 0.0046124 ; 99.8675;
11 ; 19 ; 21 ; 0.0183341 ; -0.028201 ; 0.0171494 ; 103.223;
12 ; 19 ; 21 ; 0.0577348 ; -0.0522608 ; 0.0281997 ; 102.682;
13 ; 19 ; 21 ; 0.0768553 ; 0.0670513 ; 0.0364704 ; 104.152;
14 ; 19 ; 21 ; 0.0590565 ; -0.0293718 ; 0.0336646 ; 102.112;
15 ; 19 ; 21 ; 0.024548 ; 0.0019409 ; -0.00724117 ; 100.703;
16 ; 19 ; 21 ; 0.00250586 ; -0.0168765 ; -0.0857153 ; 102.192;
17 ; 19 ; 21 ; -0.0702176 ; -0.0206957 ; 0.00336646 ; 100.625;
18 ; 19 ; 21 ; -0.0610195 ; 0.00687459 ; -0.0178524 ; 103.305;
19 ; 19 ; 21 ; 0.0431552 ; 0.0208485 ; -0.0364467 ; 100.373;
20 ; 19 ; 21 ; -0.00591723 ; 0.0265541 ; -0.033991 ; 101.998;
21 ; 19 ; 21 ; 0.104978 ; 0.0260914 ; -0.0633976 ; 100.375;
4 ; 20 ; 21 ; 0.000783116 ; -0.045757 ; -0.110661 ; 100.835;
5 ; 20 ; 21 ; -0.0182421 ; -0.0285354 ; 0.0514315 ; 102.697;
6 ; 20 ; 21 ; -0.0104045 ; -0.0207081 ; -0.000939169 ; 103.8;
7 ; 20 ; 21 ; 0.0891869 ; 0.0520873 ; 0.0206306 ; 101.242;
8 ; 20 ; 21 ; 0.0622887 ; 0.0226792 ; 0.0103275 ; 102.102;
9 ; 20 ; 21 ; 0.0157926 ; 0.102855 ; 0.00864776 ; 101.05;
10 ; 20 ; 21 ; 0.00260279 ; 0.0259041 ; 0.0221565 ; 102.678;
11 ; 20 ; 21 ; 0.0502345 ; -0.0942745 ; 0.0294245 ; 101.555;
12 ; 20 ; 21 ; -0.00199462 ; 0.0255983 ; 0.0342494 ; 100.955;
13 ; 20 ; 21 ; 0.0894428 ; 0.0184098 ; 0.0780596 ; 103.703;
14 ; 20 ; 21 ; 0.0472762 ; 0.0038609 ; -0.0170345 ; 100.493;
15 ; 20 ; 21 ; -0.0059142 ; -0.0408462 ; -0.000420203 ; 102.212;
16 ; 20 ; 21 ; -0.0289925 ; 0.0342918 ; 0.0161224 ; 100.905;
17 ; 20 ; 21 ; -0.10242 ; -0.0530554 ; -0.0764535 ; 101.787;
18 ; 20 ; 21 ; -0.0556412 ; 3.57505e-06 ; 0.0191055 ; 103.28;
19 ; 20 ; 21 ; -0.00951373 ; -0.0135079 ; 0.0197617 ; 102.295;
20 ; 20 ; 21 ; -0.0507773 ; 0.00673835 ; 0.022308 ; 100.593;
21 ; 20 ; 21 ; 0.0358113 ; 0.0178782 ; 0.0405703 ; 103.88;
4 ; 21 ; 21 ; -0.047731 ; -0.0441832 ; -0.0368412 ; 102.43;
5 ; 21 ; 21 ; -0.0577111 ; 0.0457977 ; -0.0334897 ; 102.642;
6 ; 21 ; 21 ; -0.0570588 ; 0.0267415 ; 0.00181476 ; 103.085;
7 ; 21 ; 21 ; 0.0101847 ; 0.0337411 ; 0.03945 ; 102.37;
8 ; 21 ; 21 ; 0.0547256 ; -0.0166792 ; -0.0407701 ; 104.172;
9 ; 21 ; 21 ; 0.0477689 ; 0.0367462 ; -0.065118 ; 103.793;
10 ; 21 ; 21 ; -0.00426637 ; -0.0365191 ; -0.00282609 ; 103.758;
11 ; 21 ; 21 ; 0.0187386 ; -0.0288153 ; -0.00788487 ; 101.748;
12 ; 21 ; 21 ; 0.0391098 ; -0.00486383 ; -0.0346487 ; 102.748;
13 ; 21 ; 21 ; 0.0518735 ; 0.00871199 ; 0.0124696 ; 98.88;
14 ; 21 ; 21 ; -0.00226362 ; 0.04649 ; 0.0649167 ; 103.26;
15 ; 21 ; 21 ; 0.000609517 ; -0.0348652 ; 0.00467054 ; 101.685;
16 ; 21 ; 21 ; 0.0798076 ; -0.0207952 ; 0.00254638 ; 101.155;
17 ; 21 ; 21 ; 0.0669047 ; 0.0389324 ; -0.0917718 ; 103.055;
18 ; 21 ; 21 ; -0.00718702 ; -0.00301245 ; -0.0472865 ; 101.287;
19 ; 21 ; 21 ; -0.043818 ; -0.0105631 ; 0.0290846 ; 101.305;
20 ; 21 ; 21 ; -0.0634061 ; 0.00299276 ; -0.0515074 ; 101.95;
21 ; 21 ; 21 ; 0.0118413 ; 0.0646646 ; 0.0278728 ; 101.56;
