4 ; 4 ; 4 ; 0.37899 ; 0.0362153 ; -0.00932008 ; 102.525;
5 ; 4 ; 4 ; 0.406082 ; 0.0163282 ; -0.0372642 ; 102.618;
6 ; 4 ; 4 ; 0.426585 ; -0.0478007 ; 0.0159816 ; 101.948;
7 ; 4 ; 4 ; 0.355765 ; 0.0602347 ; -0.0382834 ; 102.56;
8 ; 4 ; 4 ; 0.439688 ; -0.0495918 ; -0.0303021 ; 100.262;
9 ; 4 ; 4 ; 0.421405 ; 0.0119606 ; -0.0261082 ; 101.793;
10 ; 4 ; 4 ; 0.454033 ; 0.0160159 ; 0.00883756 ; 103.485;
11 ; 4 ; 4 ; 0.327118 ; 0.0231766 ; 0.0402401 ; 101.648;
12 ; 4 ; 4 ; 0.308402 ; -0.00189884 ; 0.0329897 ; 100.23;
13 ; 4 ; 4 ; 0.437503 ; -0.0392358 ; -0.0821444 ; 102.012;
14 ; 4 ; 4 ; 0.350981 ; -0.0340855 ; 0.00787911 ; 101.875;
15 ; 4 ; 4 ; 0.318153 ; -0.0231911 ; 0.00919411 ; 102.58;
16 ; 4 ; 4 ; 0.345513 ; 0.0428529 ; -0.0262991 ; 100.328;
17 ; 4 ; 4 ; 0.326579 ; 0.0162188 ; 0.0257361 ; 102.493;
18 ; 4 ; 4 ; 0.368615 ; -0.0309771 ; -0.0342383 ; 98.4175;
19 ; 4 ; 4 ; 0.335994 ; 0.029073 ; -0.00105033 ; 103.208;
20 ; 4 ; 4 ; 0.368357 ; -0.077508 ; 0.0113587 ; 101.15;
21 ; 4 ; 4 ; 0.421527 ; -0.0220833 ; 0.0178854 ; 100.615;
4 ; 5 ; 4 ; 0.307824 ; -0.0420247 ; 0.0584264 ; 102.095;
5 ; 5 ; 4 ; 0.367723 ; -0.0141283 ; -0.0255934 ; 102.007;
6 ; 5 ; 4 ; 0.353905 ; 0.0473712 ; -0.050257 ; 103.675;
7 ; 5 ; 4 ; 0.457772 ; -0.02501 ; -0.023212 ; 103.913;
8 ; 5 ; 4 ; 0.370084 ; -0.0412728 ; -0.0189832 ; 103.983;
9 ; 5 ; 4 ; 0.443449 ; 0.0209143 ; -0.0994073 ; 100.798;
10 ; 5 ; 4 ; 0.359389 ; 0.0889456 ; -0.0132122 ; 100.858;
11 ; 5 ; 4 ; 0.2883 ; 0.0395536 ; 0.013786 ; 100.602;
12 ; 5 ; 4 ; 0.327778 ; -0.0300574 ; -0.0257622 ; 100.215;
13 ; 5 ; 4 ; 0.341833 ; 0.0249219 ; -0.0163461 ; 99.3175;
14 ; 5 ; 4 ; 0.310244 ; -0.0320706 ; 0.0354962 ; 102.513;
15 ; 5 ; 4 ; 0.346967 ; 0.0145237 ; 0.0527974 ; 101.52;
16 ; 5 ; 4 ; 0.327198 ; -0.0623415 ; -0.0478351 ; 102.118;
17 ; 5 ; 4 ; 0.345371 ; -0.0269046 ; 0.0168147 ; 104.838;
18 ; 5 ; 4 ; 0.454859 ; -0.0189121 ; -0.0396087 ; 101.3;
19 ; 5 ; 4 ; 0.408113 ; -0.0211625 ; 0.0505544 ; 101.097;
20 ; 5 ; 4 ; 0.345196 ; -0.0294931 ; -0.0220141 ; 103.445;
21 ; 5 ; 4 ; 0.326257 ; 0.0140566 ; 0.0247266 ; 101.588;
4 ; 6 ; 4 ; 0.323487 ; -0.0147757 ; 0.0899209 ; 101.725;
5 ; 6 ; 4 ; 0.327655 ; -0.0215498 ; 0.000580873 ; 103.04;
6 ; 6 ; 4 ; 0.346136 ; -0.021444 ; 0.034269 ; 100.512;
7 ; 6 ; 4 ; 0.362415 ; -0.0179267 ; -0.0890678 ; 99.8775;
8 ; 6 ; 4 ; 0.417361 ; 0.00493978 ; 0.0694386 ; 100.29;
9 ; 6 ; 4 ; 0.394322 ; 0.0145326 ; -0.0456044 ; 101.44;
10 ; 6 ; 4 ; 0.346665 ; 0.0221734 ; 0.00889924 ; 103.13;
11 ; 6 ; 4 ; 0.275676 ; 0.0141374 ; -0.0802028 ; 100.262;
12 ; 6 ; 4 ; 0.36378 ; -0.0158279 ; 0.0217588 ; 101.565;
13 ; 6 ; 4 ; 0.301353 ; -0.00574593 ; 0.0943561 ; 104.287;
14 ; 6 ; 4 ; 0.262143 ; -0.0475219 ; 0.00748425 ; 101.43;
15 ; 6 ; 4 ; 0.388405 ; -0.0139157 ; -0.0155826 ; 102.21;
16 ; 6 ; 4 ; 0.338032 ; -0.0293098 ; -0.0521128 ; 101.575;
17 ; 6 ; 4 ; 0.384874 ; 0.00366157 ; 0.0426082 ; 102.338;
18 ; 6 ; 4 ; 0.330776 ; 0.0240078 ; -0.0658877 ; 102.81;
19 ; 6 ; 4 ; 0.3588 ; -0.00791188 ; 0.0320815 ; 102.875;
20 ; 6 ; 4 ; 0.393709 ; 0.0493395 ; 0.00183865 ; 100.795;
21 ; 6 ; 4 ; 0.321859 ; -0.00897201 ; 0.0472647 ; 100.742;
4 ; 7 ; 4 ; 0.322711 ; -0.0903237 ; 0.0161561 ; 103.597;
5 ; 7 ; 4 ; 0.427202 ; -0.100161 ; -0.000976444 ; 102.053;
6 ; 7 ; 4 ; 0.401783 ; -0.0805867 ; -0.0281716 ; 103.055;
7 ; 7 ; 4 ; 0.355198 ; 0.014066 ; 0.000410882 ; 101.013;
8 ; 7 ; 4 ; 0.34742 ; 0.00437371 ; 0.0104486 ; 102.565;
9 ; 7 ; 4 ; 0.364452 ; 0.00346179 ; -0.00786845 ; 103.38;
10 ; 7 ; 4 ; 0.337916 ; -0.0764665 ; -0.0102537 ; 97.905;
11 ; 7 ; 4 ; 0.390495 ; -0.00526206 ; -0.0261082 ; 102.183;
12 ; 7 ; 4 ; 0.368799 ; -0.037082 ; -0.0135005 ; 103.11;
13 ; 7 ; 4 ; 0.298529 ; -0.0547552 ; 0.115997 ; 101.45;
14 ; 7 ; 4 ; 0.376526 ; 0.0161591 ; -0.0165997 ; 101.998;
15 ; 7 ; 4 ; 0.402971 ; -0.00957574 ; 0.00197361 ; 101.315;
16 ; 7 ; 4 ; 0.337578 ; -0.0921902 ; 0.0444184 ; 103.04;
17 ; 7 ; 4 ; 0.376337 ; 0.0486266 ; -0.0287193 ; 102.172;
18 ; 7 ; 4 ; 0.427707 ; -0.0129374 ; 0.0168521 ; 102.623;
19 ; 7 ; 4 ; 0.435253 ; -0.0308919 ; 0.0521585 ; 101.895;
20 ; 7 ; 4 ; 0.359482 ; 0.0574124 ; 0.0762313 ; 100.282;
21 ; 7 ; 4 ; 0.350898 ; -0.0189034 ; 0.0151923 ; 102.21;
4 ; 8 ; 4 ; 0.325523 ; 0.0144672 ; 0.0239833 ; 103.28;
5 ; 8 ; 4 ; 0.42756 ; -0.0323894 ; -0.00141999 ; 102.26;
6 ; 8 ; 4 ; 0.378725 ; -0.055475 ; 0.00158924 ; 101.903;
7 ; 8 ; 4 ; 0.352437 ; -0.00613978 ; 0.0305986 ; 100.505;
8 ; 8 ; 4 ; 0.308129 ; -0.00698306 ; 0.0261734 ; 102.72;
9 ; 8 ; 4 ; 0.377996 ; -0.0174936 ; 0.0349192 ; 101.188;
10 ; 8 ; 4 ; 0.352357 ; -0.0221382 ; 0.00860257 ; 102.528;
11 ; 8 ; 4 ; 0.316631 ; 0.0278165 ; 0.00172265 ; 102.595;
12 ; 8 ; 4 ; 0.380315 ; 0.0173045 ; 0.00710566 ; 98.9975;
13 ; 8 ; 4 ; 0.413735 ; 0.0525728 ; -0.0936789 ; 100.18;
14 ; 8 ; 4 ; 0.308757 ; -0.0329611 ; 0.0410879 ; 101.06;
15 ; 8 ; 4 ; 0.397408 ; -0.00259984 ; -0.0139669 ; 103.925;
16 ; 8 ; 4 ; 0.373496 ; -0.0195513 ; 0.0332087 ; 103.185;
17 ; 8 ; 4 ; 0.284597 ; 0.016535 ; -0.0381012 ; 100.27;
18 ; 8 ; 4 ; 0.412162 ; 0.00922512 ; 0.0646418 ; 101.36;
19 ; 8 ; 4 ; 0.315292 ; -0.0404823 ; 0.024209 ; 99.8575;
20 ; 8 ; 4 ; 0.27445 ; 0.0352134 ; -0.0630829 ; 102.25;
21 ; 8 ; 4 ; 0.359935 ; -0.0323143 ; 0.0115046 ; 101.493;
4 ; 9 ; 4 ; 0.359572 ; 0.0384717 ; -0.0277703 ; 102.883;
5 ; 9 ; 4 ; 0.339292 ; -0.0095697 ; 0.0150992 ; 101.165;
6 ; 9 ; 4 ; 0.359437 ; -0.0189828 ; 0.00306031 ; 100.915;
7 ; 9 ; 4 ; 0.418306 ; -0.0446274 ; -0.0250771 ; 103.017;
8 ; 9 ; 4 ; 0.352914 ; 0.00927788 ; 0.0120254 ; 101.695;
9 ; 9 ; 4 ; 0.31172 ; 0.0560546 ; -0.0144441 ; 101.422;
10 ; 9 ; 4 ; 0.354925 ; 0.0409669 ; 0.0341102 ; 102.692;
11 ; 9 ; 4 ; 0.364025 ; -0.00727992 ; -0.0334233 ; 99.4775;
12 ; 9 ; 4 ; 0.358759 ; 0.0180814 ; 0.0515434 ; 102.422;
13 ; 9 ; 4 ; 0.447355 ; -0.00469961 ; -0.0144159 ; 101.495;
14 ; 9 ; 4 ; 0.365264 ; -0.0065982 ; 0.0226777 ; 101.525;
15 ; 9 ; 4 ; 0.36631 ; -0.0145851 ; -0.0183885 ; 101.645;
16 ; 9 ; 4 ; 0.337086 ; -0.0647615 ; -0.0697913 ; 104.882;
17 ; 9 ; 4 ; 0.364808 ; 0.0281083 ; -0.0388294 ; 100.84;
18 ; 9 ; 4 ; 0.422215 ; -0.0269469 ; -0.0796392 ; 101.328;
19 ; 9 ; 4 ; 0.392914 ; -0.0533657 ; -0.0725151 ; 104.093;
20 ; 9 ; 4 ; 0.308911 ; 0.0624966 ; 0.0298828 ; 99.2425;
21 ; 9 ; 4 ; 0.383332 ; 0.0129171 ; -0.0290542 ; 105.395;
4 ; 10 ; 4 ; 0.399523 ; 0.0222697 ; 0.0599605 ; 100.78;
5 ; 10 ; 4 ; 0.357776 ; 0.0158528 ; -0.0408853 ; 102.16;
6 ; 10 ; 4 ; 0.374694 ; -0.0291129 ; -0.0472499 ; 101.545;
7 ; 10 ; 4 ; 0.283728 ; -0.0417864 ; -0.0229046 ; 100.667;
8 ; 10 ; 4 ; 0.364458 ; 0.0191494 ; -0.0745163 ; 103.055;
9 ; 10 ; 4 ; 0.391217 ; 0.0369662 ; -0.0576106 ; 100.905;
10 ; 10 ; 4 ; 0.303162 ; 0.0143167 ; -0.0286602 ; 101.082;
11 ; 10 ; 4 ; 0.395126 ; -0.00279198 ; -0.0818736 ; 102.805;
12 ; 10 ; 4 ; 0.378264 ; -0.000569728 ; -0.024005 ; 99.065;
13 ; 10 ; 4 ; 0.375794 ; -0.0331331 ; -0.0365608 ; 102.82;
14 ; 10 ; 4 ; 0.326286 ; -0.0315342 ; -0.0874584 ; 101.39;
15 ; 10 ; 4 ; 0.34637 ; 0.0245858 ; -0.00469315 ; 99.3575;
16 ; 10 ; 4 ; 0.334816 ; -0.00632396 ; 0.0108354 ; 104.21;
17 ; 10 ; 4 ; 0.383734 ; -0.0528931 ; -0.0610472 ; 103.25;
18 ; 10 ; 4 ; 0.321203 ; -0.0345285 ; -0.0343162 ; 103.155;
19 ; 10 ; 4 ; 0.318619 ; 0.006193 ; 0.0436223 ; 103.072;
20 ; 10 ; 4 ; 0.386653 ; -0.0183066 ; 0.0505764 ; 101.24;
21 ; 10 ; 4 ; 0.332455 ; -0.0145763 ; -0.0151953 ; 102.158;
4 ; 11 ; 4 ; 0.336393 ; -0.0159579 ; 0.0408943 ; 102.443;
5 ; 11 ; 4 ; 0.392611 ; 0.0185793 ; 0.0919876 ; 101.098;
6 ; 11 ; 4 ; 0.34416 ; 0.0552552 ; -0.0251037 ; 101.3;
7 ; 11 ; 4 ; 0.321319 ; -0.0369912 ; -0.015469 ; 105.12;
8 ; 11 ; 4 ; 0.339246 ; 0.00898043 ; 0.0161147 ; 102.625;
9 ; 11 ; 4 ; 0.355819 ; -0.0578518 ; -0.0197963 ; 102.172;
10 ; 11 ; 4 ; 0.390502 ; -0.0151692 ; -0.0198846 ; 100.59;
11 ; 11 ; 4 ; 0.359928 ; -0.00698333 ; 0.0387766 ; 102.597;
12 ; 11 ; 4 ; 0.412264 ; -0.0135447 ; 0.0140456 ; 102.588;
13 ; 11 ; 4 ; 0.323031 ; 0.0185563 ; 0.0292612 ; 102.87;
14 ; 11 ; 4 ; 0.338234 ; -0.0343094 ; 0.00637174 ; 99.915;
15 ; 11 ; 4 ; 0.306263 ; 0.0136638 ; -0.00797389 ; 104.44;
16 ; 11 ; 4 ; 0.395161 ; -0.0478446 ; 0.0397193 ; 101.865;
17 ; 11 ; 4 ; 0.342354 ; 0.00622708 ; 0.00669269 ; 102.76;
18 ; 11 ; 4 ; 0.411475 ; -0.040749 ; 0.0641439 ; 100.64;
19 ; 11 ; 4 ; 0.427374 ; 0.0301864 ; 0.0321729 ; 102.353;
20 ; 11 ; 4 ; 0.434063 ; 0.00428585 ; -0.0417028 ; 103.062;
21 ; 11 ; 4 ; 0.355634 ; -0.0452046 ; -0.0526346 ; 102.677;
4 ; 12 ; 4 ; 0.342282 ; 0.0051921 ; -0.026295 ; 104.578;
5 ; 12 ; 4 ; 0.372971 ; 0.00425776 ; -0.0485525 ; 101.633;
6 ; 12 ; 4 ; 0.339366 ; 0.0196727 ; -0.0152521 ; 101.07;
7 ; 12 ; 4 ; 0.296246 ; -0.00432809 ; 0.0253591 ; 102.118;
8 ; 12 ; 4 ; 0.362727 ; -0.0237667 ; 0.0152388 ; 101.083;
9 ; 12 ; 4 ; 0.346168 ; 0.0412598 ; -0.0236591 ; 100.46;
10 ; 12 ; 4 ; 0.379771 ; -0.0187773 ; -0.0469309 ; 102.417;
11 ; 12 ; 4 ; 0.386253 ; 0.0138617 ; -0.0848077 ; 100.118;
12 ; 12 ; 4 ; 0.357638 ; 0.0164391 ; 0.0347385 ; 104.498;
13 ; 12 ; 4 ; 0.367171 ; 0.00508396 ; 0.00216134 ; 101.733;
14 ; 12 ; 4 ; 0.380279 ; -0.0116993 ; -0.0431851 ; 101.595;
15 ; 12 ; 4 ; 0.292876 ; 0.0547792 ; -0.0744631 ; 100.772;
16 ; 12 ; 4 ; 0.238951 ; 0.00638715 ; -0.012787 ; 101.237;
17 ; 12 ; 4 ; 0.357364 ; 0.0826935 ; -0.0268206 ; 102.218;
18 ; 12 ; 4 ; 0.354634 ; -0.0216787 ; 0.0416123 ; 102.55;
19 ; 12 ; 4 ; 0.419169 ; -0.00239666 ; -0.0418261 ; 99.9975;
20 ; 12 ; 4 ; 0.207634 ; 0.0268205 ; -0.0372828 ; 101.875;
21 ; 12 ; 4 ; 0.368718 ; -0.0300962 ; 0.0372095 ; 102.685;
4 ; 13 ; 4 ; 0.336291 ; -0.0632142 ; 0.050768 ; 103.778;
5 ; 13 ; 4 ; 0.352792 ; -0.0677646 ; 0.0318118 ; 100.105;
6 ; 13 ; 4 ; 0.398226 ; -0.00993066 ; 0.0129435 ; 101.395;
7 ; 13 ; 4 ; 0.36061 ; 0.0240571 ; -0.0141586 ; 102.26;
8 ; 13 ; 4 ; 0.373714 ; -0.0214943 ; -0.0263658 ; 100.31;
9 ; 13 ; 4 ; 0.379048 ; -0.00311407 ; -0.0327063 ; 103.857;
10 ; 13 ; 4 ; 0.404733 ; -0.067534 ; 0.0699115 ; 103.76;
11 ; 13 ; 4 ; 0.363729 ; -0.0583271 ; 0.0318572 ; 103;
12 ; 13 ; 4 ; 0.400656 ; 0.0544717 ; -0.0457111 ; 103.383;
13 ; 13 ; 4 ; 0.376088 ; -0.0170606 ; 0.0230549 ; 103.435;
14 ; 13 ; 4 ; 0.369308 ; -0.0133552 ; 0.0088393 ; 100.995;
15 ; 13 ; 4 ; 0.393077 ; 0.00988928 ; -0.0201088 ; 99.6525;
16 ; 13 ; 4 ; 0.387205 ; 0.0192883 ; -0.00662152 ; 101.087;
17 ; 13 ; 4 ; 0.386714 ; 0.0127095 ; 0.0527796 ; 103.593;
18 ; 13 ; 4 ; 0.356235 ; 0.00700337 ; -0.0148893 ; 103.055;
19 ; 13 ; 4 ; 0.342267 ; 0.000337126 ; -0.00966012 ; 103.733;
20 ; 13 ; 4 ; 0.399522 ; 0.0192454 ; 0.00407817 ; 102.062;
21 ; 13 ; 4 ; 0.338369 ; -0.0478182 ; -0.0726788 ; 102.805;
4 ; 14 ; 4 ; 0.354317 ; 0.00126224 ; 0.000522603 ; 102.593;
5 ; 14 ; 4 ; 0.305686 ; -0.0182658 ; 0.042145 ; 104.76;
6 ; 14 ; 4 ; 0.376337 ; 0.0137402 ; -0.0514394 ; 101.595;
7 ; 14 ; 4 ; 0.3128 ; -0.00311084 ; 0.0746901 ; 99.1775;
8 ; 14 ; 4 ; 0.364101 ; -0.113925 ; 0.0362249 ; 101.172;
9 ; 14 ; 4 ; 0.353452 ; -0.100107 ; 0.0168806 ; 103.35;
10 ; 14 ; 4 ; 0.306198 ; -0.070088 ; -0.0283433 ; 101.055;
11 ; 14 ; 4 ; 0.345738 ; -0.0243364 ; -0.051775 ; 101.49;
12 ; 14 ; 4 ; 0.38805 ; -0.0483082 ; -0.00407262 ; 101.547;
13 ; 14 ; 4 ; 0.381847 ; 0.024305 ; -0.0244403 ; 101.34;
14 ; 14 ; 4 ; 0.309094 ; 0.0250395 ; -0.0204259 ; 101.28;
15 ; 14 ; 4 ; 0.39339 ; -0.0123003 ; -0.00739552 ; 100.71;
16 ; 14 ; 4 ; 0.372556 ; -0.0211396 ; 0.0353851 ; 102.623;
17 ; 14 ; 4 ; 0.356446 ; 0.0277604 ; 0.0194585 ; 101.917;
18 ; 14 ; 4 ; 0.282788 ; -0.0386177 ; -0.0317186 ; 101.79;
19 ; 14 ; 4 ; 0.258442 ; 0.0237728 ; -0.0292981 ; 102.517;
20 ; 14 ; 4 ; 0.345257 ; 0.00324353 ; -0.0439079 ; 104.017;
21 ; 14 ; 4 ; 0.342405 ; -0.0935799 ; 0.00341124 ; 101.817;
4 ; 15 ; 4 ; 0.357023 ; -0.0159535 ; -0.0688619 ; 100.89;
5 ; 15 ; 4 ; 0.352337 ; -0.0267455 ; -0.0531998 ; 102.712;
6 ; 15 ; 4 ; 0.314352 ; -0.0483666 ; 0.0411249 ; 105.193;
7 ; 15 ; 4 ; 0.314763 ; 0.0512921 ; 0.0566549 ; 101.093;
8 ; 15 ; 4 ; 0.32485 ; -0.00703249 ; 0.00762979 ; 102.513;
9 ; 15 ; 4 ; 0.334853 ; -0.0315623 ; 0.0181196 ; 103.008;
10 ; 15 ; 4 ; 0.410042 ; -0.0758384 ; -0.0665166 ; 99.7575;
11 ; 15 ; 4 ; 0.417007 ; -0.0540869 ; -0.0237695 ; 102.273;
12 ; 15 ; 4 ; 0.380915 ; 0.0861585 ; 0.0398378 ; 102.822;
13 ; 15 ; 4 ; 0.283317 ; -0.0186738 ; -0.0761235 ; 100.382;
14 ; 15 ; 4 ; 0.364429 ; 0.0191802 ; -0.0386352 ; 103.723;
15 ; 15 ; 4 ; 0.288712 ; 0.0204283 ; 0.0331302 ; 103.19;
16 ; 15 ; 4 ; 0.316482 ; -0.00248481 ; 0.0373574 ; 100.042;
17 ; 15 ; 4 ; 0.35827 ; -0.0447449 ; -0.00756888 ; 101.013;
18 ; 15 ; 4 ; 0.342318 ; 0.0473013 ; -0.00442596 ; 101.083;
19 ; 15 ; 4 ; 0.370795 ; 0.0873743 ; 0.0475555 ; 102.293;
20 ; 15 ; 4 ; 0.412264 ; -0.0509039 ; -0.0840618 ; 102.677;
21 ; 15 ; 4 ; 0.354003 ; -0.0671579 ; 0.0109069 ; 100.49;
4 ; 16 ; 4 ; 0.38356 ; -0.0178265 ; 0.0238061 ; 101.725;
5 ; 16 ; 4 ; 0.385229 ; -0.0342039 ; 0.0615619 ; 103.625;
6 ; 16 ; 4 ; 0.362543 ; 0.090448 ; -0.018886 ; 101.075;
7 ; 16 ; 4 ; 0.342026 ; 0.0879637 ; -0.047016 ; 102.123;
8 ; 16 ; 4 ; 0.315115 ; -0.0232569 ; 0.034065 ; 103.738;
9 ; 16 ; 4 ; 0.399446 ; -0.0959648 ; 0.0613421 ; 101.72;
10 ; 16 ; 4 ; 0.326303 ; -0.0247529 ; 0.0339356 ; 99.9175;
11 ; 16 ; 4 ; 0.410862 ; -0.0725954 ; -0.0300515 ; 102.612;
12 ; 16 ; 4 ; 0.364606 ; 0.0238446 ; -0.0164814 ; 102.625;
13 ; 16 ; 4 ; 0.312209 ; -0.0669239 ; 0.0623217 ; 103.257;
14 ; 16 ; 4 ; 0.346654 ; -0.0876251 ; 0.0418235 ; 101.79;
15 ; 16 ; 4 ; 0.396718 ; 0.0110213 ; 0.010931 ; 102.085;
16 ; 16 ; 4 ; 0.339211 ; 0.0246796 ; -0.0308877 ; 100.368;
17 ; 16 ; 4 ; 0.36037 ; 0.0409724 ; 0.0726053 ; 103.963;
18 ; 16 ; 4 ; 0.292079 ; 0.0971659 ; 0.0525961 ; 101.567;
19 ; 16 ; 4 ; 0.331288 ; 0.0471573 ; 0.142914 ; 101.862;
20 ; 16 ; 4 ; 0.375322 ; 0.031681 ; 0.0572269 ; 101.828;
21 ; 16 ; 4 ; 0.436689 ; -0.035475 ; 0.029633 ; 102.803;
4 ; 17 ; 4 ; 0.383072 ; -0.0567325 ; -0.0564992 ; 101.578;
5 ; 17 ; 4 ; 0.377907 ; 0.00996928 ; -0.0440537 ; 102.385;
6 ; 17 ; 4 ; 0.289645 ; 0.035374 ; 0.0102464 ; 101.982;
7 ; 17 ; 4 ; 0.345187 ; 0.0327568 ; -0.0602534 ; 102.39;
8 ; 17 ; 4 ; 0.356625 ; 0.0187966 ; 0.038232 ; 100.45;
9 ; 17 ; 4 ; 0.398375 ; 0.0313326 ; 0.0153839 ; 101.442;
10 ; 17 ; 4 ; 0.390348 ; 0.0728726 ; -0.00151264 ; 102.97;
11 ; 17 ; 4 ; 0.408791 ; -0.0108755 ; 0.00706961 ; 100.165;
12 ; 17 ; 4 ; 0.292432 ; -0.098704 ; 0.0233522 ; 100.985;
13 ; 17 ; 4 ; 0.405828 ; -0.0150165 ; -0.0393725 ; 102.312;
14 ; 17 ; 4 ; 0.436173 ; -0.00947143 ; 0.103114 ; 102.505;
15 ; 17 ; 4 ; 0.39025 ; 0.0316292 ; -0.0275431 ; 101.845;
16 ; 17 ; 4 ; 0.313734 ; 0.0437359 ; 0.0097159 ; 103.915;
17 ; 17 ; 4 ; 0.400684 ; -0.0350962 ; -0.0090678 ; 101.518;
18 ; 17 ; 4 ; 0.348519 ; 0.0536596 ; 0.0209197 ; 102.032;
19 ; 17 ; 4 ; 0.336872 ; -0.00478581 ; 0.0811958 ; 104.807;
20 ; 17 ; 4 ; 0.432047 ; 0.0190193 ; -0.0144841 ; 102.922;
21 ; 17 ; 4 ; 0.409547 ; 0.0348678 ; 0.0940261 ; 101.29;
4 ; 18 ; 4 ; 0.294656 ; -0.0337332 ; -0.0613052 ; 102.095;
5 ; 18 ; 4 ; 0.314453 ; 0.00525003 ; -0.00808875 ; 103.985;
6 ; 18 ; 4 ; 0.290199 ; 0.0993317 ; 0.0464414 ; 102.23;
7 ; 18 ; 4 ; 0.418682 ; -0.00335627 ; 0.00897686 ; 101.513;
8 ; 18 ; 4 ; 0.372019 ; -0.00339622 ; -0.00183481 ; 101.903;
9 ; 18 ; 4 ; 0.306488 ; 0.0217261 ; -0.0268145 ; 101.403;
10 ; 18 ; 4 ; 0.362905 ; -0.0294326 ; 0.0425946 ; 100.642;
11 ; 18 ; 4 ; 0.340682 ; 0.0143811 ; -0.0327734 ; 102.038;
12 ; 18 ; 4 ; 0.401569 ; -0.0243138 ; -0.0249529 ; 101.612;
13 ; 18 ; 4 ; 0.299099 ; 0.0151036 ; 0.035222 ; 101.38;
14 ; 18 ; 4 ; 0.367127 ; 0.00278931 ; 0.0143472 ; 101.282;
15 ; 18 ; 4 ; 0.331829 ; 0.0400336 ; 0.00708266 ; 104.373;
16 ; 18 ; 4 ; 0.358565 ; 0.013836 ; -0.0287012 ; 101.462;
17 ; 18 ; 4 ; 0.433502 ; -0.0482339 ; 0.0122139 ; 101.88;
18 ; 18 ; 4 ; 0.282828 ; 0.0497926 ; -0.000418874 ; 101.118;
19 ; 18 ; 4 ; 0.358077 ; 0.0444922 ; -0.0420388 ; 102.9;
20 ; 18 ; 4 ; 0.429535 ; 0.0311389 ; 0.068602 ; 101.528;
21 ; 18 ; 4 ; 0.380658 ; 0.0162838 ; 0.119173 ; 101.498;
4 ; 19 ; 4 ; 0.312126 ; 0.0218186 ; 0.0461279 ; 99.8725;
5 ; 19 ; 4 ; 0.326948 ; -0.000467392 ; 0.0800036 ; 101.828;
6 ; 19 ; 4 ; 0.409376 ; 0.0248679 ; -0.00794478 ; 98.3825;
7 ; 19 ; 4 ; 0.341222 ; -0.00233602 ; 0.00940831 ; 103.562;
8 ; 19 ; 4 ; 0.407068 ; -0.0326987 ; -0.0610621 ; 103.825;
9 ; 19 ; 4 ; 0.326869 ; 0.0322655 ; 0.0257965 ; 100.962;
10 ; 19 ; 4 ; 0.353346 ; 0.0333107 ; 0.0180518 ; 102.575;
11 ; 19 ; 4 ; 0.334556 ; -0.0485333 ; 0.0778411 ; 99.775;
12 ; 19 ; 4 ; 0.418747 ; -0.045911 ; -0.0537584 ; 101.627;
13 ; 19 ; 4 ; 0.357668 ; -0.0126383 ; -0.0268398 ; 102.985;
14 ; 19 ; 4 ; 0.383282 ; 0.0404268 ; 0.0182229 ; 100.225;
15 ; 19 ; 4 ; 0.395907 ; -0.0798299 ; 0.00633972 ; 102.233;
16 ; 19 ; 4 ; 0.415379 ; 0.0283925 ; -0.0337312 ; 101.478;
17 ; 19 ; 4 ; 0.343453 ; -0.0416148 ; -0.0058983 ; 103.73;
18 ; 19 ; 4 ; 0.340146 ; 0.0262181 ; 0.0101915 ; 102.155;
19 ; 19 ; 4 ; 0.315047 ; 0.0375381 ; -0.0464248 ; 103.892;
20 ; 19 ; 4 ; 0.332714 ; -0.0152959 ; -0.026829 ; 101.48;
21 ; 19 ; 4 ; 0.343234 ; 0.0222109 ; 0.00973609 ; 98.54;
4 ; 20 ; 4 ; 0.346849 ; 0.0606191 ; 0.0486327 ; 102.547;
5 ; 20 ; 4 ; 0.333565 ; -0.0116743 ; 0.0413331 ; 99.415;
6 ; 20 ; 4 ; 0.38601 ; 0.0380482 ; -0.0421433 ; 102.258;
7 ; 20 ; 4 ; 0.311147 ; 0.0223718 ; -0.0077454 ; 103.87;
8 ; 20 ; 4 ; 0.318833 ; 0.0112216 ; 0.0572244 ; 102.695;
9 ; 20 ; 4 ; 0.390234 ; 0.120018 ; -0.0290079 ; 100.195;
10 ; 20 ; 4 ; 0.369199 ; 0.0134807 ; 0.020709 ; 103.54;
11 ; 20 ; 4 ; 0.425631 ; 0.0174336 ; -0.0209551 ; 101.005;
12 ; 20 ; 4 ; 0.35937 ; -0.05781 ; 0.021354 ; 102.135;
13 ; 20 ; 4 ; 0.373762 ; 0.00702232 ; -0.0145565 ; 98.2;
14 ; 20 ; 4 ; 0.432792 ; 0.077324 ; -0.0229459 ; 100.963;
15 ; 20 ; 4 ; 0.325704 ; -0.0779722 ; -0.0242297 ; 103.28;
16 ; 20 ; 4 ; 0.337554 ; -0.0260253 ; -0.0336795 ; 102.185;
17 ; 20 ; 4 ; 0.300641 ; -0.0153342 ; -0.0528256 ; 101.938;
18 ; 20 ; 4 ; 0.361076 ; -0.0387531 ; 0.0193874 ; 99.6625;
19 ; 20 ; 4 ; 0.292706 ; -0.067811 ; -0.0343002 ; 102.735;
20 ; 20 ; 4 ; 0.401455 ; -0.0124808 ; -0.0473805 ; 102.607;
21 ; 20 ; 4 ; 0.338592 ; -0.00395407 ; -0.0512829 ; 100.267;
4 ; 21 ; 4 ; 0.448955 ; 0.0927741 ; -0.0339503 ; 102.453;
5 ; 21 ; 4 ; 0.353698 ; -0.0695019 ; -0.00622229 ; 102.69;
6 ; 21 ; 4 ; 0.375345 ; 0.0350809 ; 0.0361956 ; 102.812;
7 ; 21 ; 4 ; 0.389586 ; -0.00609247 ; -0.0294592 ; 101.32;
8 ; 21 ; 4 ; 0.304131 ; -0.00324633 ; -0.0233563 ; 102.1;
9 ; 21 ; 4 ; 0.404894 ; 0.0193773 ; 0.0934506 ; 102.32;
10 ; 21 ; 4 ; 0.332389 ; -0.00702884 ; -0.0422143 ; 101.18;
11 ; 21 ; 4 ; 0.300968 ; 0.049218 ; 0.0195044 ; 101.89;
12 ; 21 ; 4 ; 0.448618 ; -0.0146626 ; 0.000345441 ; 100.883;
13 ; 21 ; 4 ; 0.390293 ; -0.0224862 ; 0.0891955 ; 100.912;
14 ; 21 ; 4 ; 0.3425 ; 0.036195 ; -0.0150277 ; 104.5;
15 ; 21 ; 4 ; 0.359673 ; 0.0339817 ; -0.0758162 ; 101.733;
16 ; 21 ; 4 ; 0.344271 ; 0.0428474 ; 0.00709607 ; 100.513;
17 ; 21 ; 4 ; 0.330926 ; 0.0596046 ; 0.0471912 ; 101.485;
18 ; 21 ; 4 ; 0.321391 ; 0.0255539 ; 0.116387 ; 100.648;
19 ; 21 ; 4 ; 0.366904 ; 0.0157411 ; 0.0594065 ; 100.77;
20 ; 21 ; 4 ; 0.366491 ; -0.0179326 ; 0.0247627 ; 104.31;
21 ; 21 ; 4 ; 0.416022 ; 0.025403 ; -0.0631241 ; 101.69;
4 ; 4 ; 5 ; 0.200833 ; -0.0613717 ; 0.0426889 ; 101.368;
5 ; 4 ; 5 ; 0.239123 ; -0.0359561 ; -0.0779711 ; 105.528;
6 ; 4 ; 5 ; 0.297433 ; -0.0115601 ; -0.0196823 ; 99.0325;
7 ; 4 ; 5 ; 0.213786 ; 0.10584 ; 0.0196645 ; 101.778;
8 ; 4 ; 5 ; 0.205349 ; 0.00991567 ; 0.0205382 ; 101.438;
9 ; 4 ; 5 ; 0.213301 ; -0.01447 ; -0.0280645 ; 101.388;
10 ; 4 ; 5 ; 0.256228 ; 0.0141426 ; 0.0295984 ; 103.01;
11 ; 4 ; 5 ; 0.167373 ; -0.00580241 ; 0.0394532 ; 100.988;
12 ; 4 ; 5 ; 0.241205 ; -0.102708 ; -0.0370627 ; 103.748;
13 ; 4 ; 5 ; 0.233172 ; -0.00725546 ; 0.0337365 ; 102.078;
14 ; 4 ; 5 ; 0.200539 ; 0.037404 ; 0.0299443 ; 102.422;
15 ; 4 ; 5 ; 0.175213 ; -0.0709992 ; -0.0571373 ; 101.625;
16 ; 4 ; 5 ; 0.230507 ; -0.0168425 ; 0.0534618 ; 102.552;
17 ; 4 ; 5 ; 0.194108 ; 0.00747144 ; -0.0274571 ; 101.27;
18 ; 4 ; 5 ; 0.20106 ; 0.0450479 ; -0.0327789 ; 102.227;
19 ; 4 ; 5 ; 0.197738 ; -0.0597628 ; 0.0298254 ; 102.67;
20 ; 4 ; 5 ; 0.3109 ; -0.0842429 ; 0.0191983 ; 99.335;
21 ; 4 ; 5 ; 0.227042 ; -0.0174744 ; 0.0624049 ; 106.037;
4 ; 5 ; 5 ; 0.268254 ; -0.0271938 ; 0.0607387 ; 101.817;
5 ; 5 ; 5 ; 0.271401 ; 0.0184544 ; 0.0607594 ; 102.72;
6 ; 5 ; 5 ; 0.293964 ; -0.0108638 ; 0.0121754 ; 102.078;
7 ; 5 ; 5 ; 0.185407 ; 0.0535523 ; -0.0108729 ; 102.04;
8 ; 5 ; 5 ; 0.282275 ; 0.0723464 ; -0.0229954 ; 99.7975;
9 ; 5 ; 5 ; 0.2182 ; 0.0342587 ; -0.0289668 ; 100.765;
10 ; 5 ; 5 ; 0.228581 ; 0.0133235 ; 0.0496595 ; 103.672;
11 ; 5 ; 5 ; 0.201434 ; -0.0713034 ; -0.0242756 ; 102.39;
12 ; 5 ; 5 ; 0.210563 ; -0.0690004 ; 0.0248436 ; 99.6775;
13 ; 5 ; 5 ; 0.23718 ; 0.0435431 ; 0.0590261 ; 100.407;
14 ; 5 ; 5 ; 0.257863 ; 0.0286329 ; 0.011582 ; 101.53;
15 ; 5 ; 5 ; 0.218021 ; -0.0309047 ; -0.00517256 ; 101.453;
16 ; 5 ; 5 ; 0.17035 ; 0.0708437 ; -0.0802066 ; 101.867;
17 ; 5 ; 5 ; 0.13691 ; 0.0673537 ; -0.0371129 ; 99.1525;
18 ; 5 ; 5 ; 0.206932 ; -0.0740401 ; -0.0125306 ; 102.86;
19 ; 5 ; 5 ; 0.284397 ; -0.00123994 ; -0.0173307 ; 100.175;
20 ; 5 ; 5 ; 0.252151 ; -0.0513984 ; 0.0413968 ; 101.51;
21 ; 5 ; 5 ; 0.183326 ; -0.0334381 ; -0.0435938 ; 102.603;
4 ; 6 ; 5 ; 0.213141 ; -0.0298819 ; 0.0485005 ; 102.72;
5 ; 6 ; 5 ; 0.213043 ; 0.0163544 ; 0.04694 ; 99.88;
6 ; 6 ; 5 ; 0.175488 ; -0.128596 ; 0.00252505 ; 101.928;
7 ; 6 ; 5 ; 0.23102 ; -0.0210812 ; -0.0233234 ; 103.065;
8 ; 6 ; 5 ; 0.319681 ; 0.0442135 ; -0.00243279 ; 101.675;
9 ; 6 ; 5 ; 0.192779 ; -0.039562 ; -0.0122319 ; 103.495;
10 ; 6 ; 5 ; 0.171671 ; 0.0704755 ; -0.0156891 ; 101.297;
11 ; 6 ; 5 ; 0.0951873 ; -0.0281517 ; -0.0748826 ; 100.84;
12 ; 6 ; 5 ; 0.14868 ; 0.0390671 ; -0.0596006 ; 100.993;
13 ; 6 ; 5 ; 0.244843 ; -0.0582411 ; 0.113558 ; 101.562;
14 ; 6 ; 5 ; 0.238487 ; -0.0396686 ; 0.0832776 ; 102.017;
15 ; 6 ; 5 ; 0.234798 ; 0.0151609 ; 0.029355 ; 99.5375;
16 ; 6 ; 5 ; 0.219704 ; 0.019252 ; 0.036614 ; 99.355;
17 ; 6 ; 5 ; 0.236096 ; 0.0365168 ; -0.0433624 ; 99.3175;
18 ; 6 ; 5 ; 0.217986 ; -0.101004 ; -0.00161296 ; 102.573;
19 ; 6 ; 5 ; 0.30103 ; 0.104551 ; 0.00359819 ; 102.785;
20 ; 6 ; 5 ; 0.27072 ; 0.030966 ; 0.0148695 ; 100.825;
21 ; 6 ; 5 ; 0.278569 ; 0.0387734 ; 0.0237167 ; 103.415;
4 ; 7 ; 5 ; 0.179044 ; 0.0274267 ; -0.00810759 ; 101.447;
5 ; 7 ; 5 ; 0.212902 ; 0.0132831 ; 0.057359 ; 101.583;
6 ; 7 ; 5 ; 0.216115 ; 0.00603421 ; 0.0312446 ; 99.5825;
7 ; 7 ; 5 ; 0.269682 ; -0.00527435 ; 0.00982131 ; 100.05;
8 ; 7 ; 5 ; 0.15294 ; -0.0222214 ; 0.00325964 ; 102.108;
9 ; 7 ; 5 ; 0.212912 ; 0.0285547 ; 0.00650922 ; 101.108;
10 ; 7 ; 5 ; 0.171944 ; 0.0319518 ; -0.0260001 ; 100.75;
11 ; 7 ; 5 ; 0.122621 ; 0.0781778 ; -0.0215633 ; 99.705;
12 ; 7 ; 5 ; 0.190846 ; -0.00651484 ; -0.0588242 ; 96.6775;
13 ; 7 ; 5 ; 0.180705 ; 0.0126759 ; 0.0776329 ; 103.947;
14 ; 7 ; 5 ; 0.23739 ; -0.0433486 ; -0.0994101 ; 100.56;
15 ; 7 ; 5 ; 0.220945 ; -0.0318884 ; -0.0523725 ; 100.267;
16 ; 7 ; 5 ; 0.252387 ; 0.0343994 ; 0.0397835 ; 100.597;
17 ; 7 ; 5 ; 0.236733 ; -0.0396865 ; 0.0252459 ; 102.895;
18 ; 7 ; 5 ; 0.201721 ; -0.0295009 ; -0.0496943 ; 102.555;
19 ; 7 ; 5 ; 0.154741 ; 0.00204294 ; -0.0184929 ; 101.107;
20 ; 7 ; 5 ; 0.248932 ; 0.0075275 ; 0.0174038 ; 99.45;
21 ; 7 ; 5 ; 0.246352 ; -0.0809858 ; -0.0494177 ; 99.365;
4 ; 8 ; 5 ; 0.216917 ; -0.0395073 ; -0.0266128 ; 100.487;
5 ; 8 ; 5 ; 0.193896 ; -0.0254292 ; 0.00310555 ; 100.695;
6 ; 8 ; 5 ; 0.236837 ; -0.0320938 ; -0.0187944 ; 98.375;
7 ; 8 ; 5 ; 0.205005 ; 0.0208516 ; -0.0180592 ; 101.97;
8 ; 8 ; 5 ; 0.257065 ; -0.018036 ; -0.0246664 ; 100.102;
9 ; 8 ; 5 ; 0.248731 ; -0.0398619 ; -0.0454461 ; 103.215;
10 ; 8 ; 5 ; 0.225279 ; 0.0374862 ; -0.0765065 ; 103.78;
11 ; 8 ; 5 ; 0.249449 ; 0.031681 ; 0.0430612 ; 104.13;
12 ; 8 ; 5 ; 0.157249 ; -0.00983773 ; 0.0197288 ; 97.9325;
13 ; 8 ; 5 ; 0.177007 ; -0.0288642 ; -0.0491379 ; 100.47;
14 ; 8 ; 5 ; 0.167585 ; 0.0293691 ; 0.038707 ; 103.435;
15 ; 8 ; 5 ; 0.190238 ; -0.0657813 ; -0.0264194 ; 103.45;
16 ; 8 ; 5 ; 0.216618 ; -0.0129721 ; -0.04724 ; 103.192;
17 ; 8 ; 5 ; 0.137038 ; 0.00518344 ; -0.0170801 ; 104.487;
18 ; 8 ; 5 ; 0.204198 ; 0.0539492 ; -0.022179 ; 102.925;
19 ; 8 ; 5 ; 0.177369 ; 0.0571142 ; -0.00271572 ; 99.5225;
20 ; 8 ; 5 ; 0.228203 ; -0.00226454 ; 0.0121612 ; 100.845;
21 ; 8 ; 5 ; 0.253868 ; -0.0272129 ; -0.00079803 ; 102.282;
4 ; 9 ; 5 ; 0.226674 ; -0.0474279 ; -0.0721166 ; 102.707;
5 ; 9 ; 5 ; 0.29952 ; 0.0310408 ; -0.0611453 ; 103.037;
6 ; 9 ; 5 ; 0.177949 ; 0.0215759 ; 0.0388256 ; 101.88;
7 ; 9 ; 5 ; 0.245953 ; 0.0260891 ; -0.00617617 ; 103.945;
8 ; 9 ; 5 ; 0.22159 ; 0.0112072 ; 0.0299748 ; 101.675;
9 ; 9 ; 5 ; 0.197662 ; -0.028029 ; 0.0479142 ; 102.265;
10 ; 9 ; 5 ; 0.287126 ; 0.00674951 ; -0.00733574 ; 102.752;
11 ; 9 ; 5 ; 0.222705 ; 0.0550769 ; 0.0135301 ; 102.965;
12 ; 9 ; 5 ; 0.260351 ; 0.0426446 ; -0.00464489 ; 100.748;
13 ; 9 ; 5 ; 0.246646 ; -0.0280361 ; -0.0188356 ; 101.583;
14 ; 9 ; 5 ; 0.231118 ; 0.0287175 ; 0.0185868 ; 101.217;
15 ; 9 ; 5 ; 0.219712 ; -0.0157297 ; -0.00731149 ; 100.657;
16 ; 9 ; 5 ; 0.14124 ; 0.0272631 ; -0.0406597 ; 104.005;
17 ; 9 ; 5 ; 0.143354 ; 0.0661849 ; 0.0292354 ; 99.5075;
18 ; 9 ; 5 ; 0.209524 ; 0.0211288 ; -0.0610199 ; 99.915;
19 ; 9 ; 5 ; 0.242395 ; 0.0814966 ; -0.0144136 ; 103.062;
20 ; 9 ; 5 ; 0.278188 ; -0.0624639 ; -0.0185065 ; 99.9975;
21 ; 9 ; 5 ; 0.186623 ; 0.0256887 ; -0.00398247 ; 102.53;
4 ; 10 ; 5 ; 0.253026 ; 0.0260218 ; 0.0193177 ; 101.575;
5 ; 10 ; 5 ; 0.267407 ; 0.0738422 ; -0.0134265 ; 100.68;
6 ; 10 ; 5 ; 0.261541 ; -0.0558771 ; -0.0093091 ; 103.58;
7 ; 10 ; 5 ; 0.251746 ; 0.112387 ; -0.00466556 ; 100.925;
8 ; 10 ; 5 ; 0.266159 ; 0.0130431 ; 0.0429599 ; 101.885;
9 ; 10 ; 5 ; 0.231538 ; -0.0294285 ; 0.0539608 ; 100.998;
10 ; 10 ; 5 ; 0.216303 ; 0.0165728 ; 0.0241864 ; 103.41;
11 ; 10 ; 5 ; 0.255136 ; 0.0383055 ; 0.0322948 ; 101.127;
12 ; 10 ; 5 ; 0.199791 ; -0.00734874 ; -0.0196973 ; 103.032;
13 ; 10 ; 5 ; 0.254854 ; 0.0370052 ; -0.0228393 ; 100.57;
14 ; 10 ; 5 ; 0.218102 ; 0.0763567 ; -0.0279637 ; 102.733;
15 ; 10 ; 5 ; 0.194107 ; 0.0843384 ; 0.0770494 ; 100.95;
16 ; 10 ; 5 ; 0.182244 ; -0.0490037 ; 0.0209183 ; 101.815;
17 ; 10 ; 5 ; 0.242956 ; 0.0318885 ; 0.0389559 ; 101.902;
18 ; 10 ; 5 ; 0.239813 ; 0.015485 ; -0.019216 ; 99.755;
19 ; 10 ; 5 ; 0.275803 ; 0.0648555 ; 0.0315672 ; 100.195;
20 ; 10 ; 5 ; 0.243087 ; -0.0388181 ; 0.0204758 ; 100.54;
21 ; 10 ; 5 ; 0.254095 ; 0.0129276 ; 0.0211404 ; 102.225;
4 ; 11 ; 5 ; 0.184013 ; -0.00774951 ; 0.0621851 ; 102.825;
5 ; 11 ; 5 ; 0.232132 ; 0.0143735 ; 0.00808143 ; 100.27;
6 ; 11 ; 5 ; 0.233866 ; -0.04312 ; 0.0330361 ; 102.93;
7 ; 11 ; 5 ; 0.281063 ; 0.0358717 ; -0.0458358 ; 99.7325;
8 ; 11 ; 5 ; 0.26789 ; -0.0380909 ; -0.0300077 ; 98.8925;
9 ; 11 ; 5 ; 0.251784 ; -0.00108828 ; -0.0365685 ; 102.27;
10 ; 11 ; 5 ; 0.255824 ; -0.00557555 ; 0.0306342 ; 102.968;
11 ; 11 ; 5 ; 0.188649 ; 0.0398464 ; -0.0262879 ; 102.498;
12 ; 11 ; 5 ; 0.324149 ; 0.0506273 ; -0.0161452 ; 101.585;
13 ; 11 ; 5 ; 0.171475 ; 0.0198891 ; 0.0137126 ; 102.193;
14 ; 11 ; 5 ; 0.183933 ; 0.0598985 ; -0.0755189 ; 102.502;
15 ; 11 ; 5 ; 0.235463 ; -0.00788516 ; -0.0489599 ; 102.553;
16 ; 11 ; 5 ; 0.208523 ; 0.040317 ; 0.0448525 ; 102.405;
17 ; 11 ; 5 ; 0.22482 ; -0.00542956 ; -0.0181594 ; 100.895;
18 ; 11 ; 5 ; 0.209713 ; 0.0249355 ; 0.0382629 ; 101.508;
19 ; 11 ; 5 ; 0.207632 ; 0.0636336 ; -0.10148 ; 100.99;
20 ; 11 ; 5 ; 0.261747 ; 0.0130615 ; -0.0734428 ; 99.3775;
21 ; 11 ; 5 ; 0.236789 ; 0.0733958 ; 0.0460921 ; 99.7675;
4 ; 12 ; 5 ; 0.301785 ; 0.00345689 ; -0.0143037 ; 100.763;
5 ; 12 ; 5 ; 0.272207 ; -0.0639737 ; -0.0262676 ; 100.502;
6 ; 12 ; 5 ; 0.263606 ; -0.0245806 ; -0.0544914 ; 101.683;
7 ; 12 ; 5 ; 0.256463 ; 0.0064443 ; 0.0144989 ; 102.08;
8 ; 12 ; 5 ; 0.210706 ; -0.0194078 ; 0.0732345 ; 102.3;
9 ; 12 ; 5 ; 0.191959 ; -0.0191913 ; -0.0937493 ; 102.718;
10 ; 12 ; 5 ; 0.212115 ; -0.0539505 ; -0.0171449 ; 98.9075;
11 ; 12 ; 5 ; 0.22924 ; -0.0647206 ; -0.00642554 ; 102.157;
12 ; 12 ; 5 ; 0.17846 ; 0.00582674 ; 0.0630723 ; 101.043;
13 ; 12 ; 5 ; 0.259289 ; 0.0433795 ; -0.0366948 ; 103.525;
14 ; 12 ; 5 ; 0.160533 ; -0.058996 ; 0.0478678 ; 101.788;
15 ; 12 ; 5 ; 0.237328 ; 0.0403577 ; 0.0181896 ; 103.263;
16 ; 12 ; 5 ; 0.270429 ; 0.0597051 ; 0.0182245 ; 100.332;
17 ; 12 ; 5 ; 0.233675 ; 0.000581336 ; 0.0312037 ; 104.075;
18 ; 12 ; 5 ; 0.199059 ; 0.0710611 ; -0.0162961 ; 101.005;
19 ; 12 ; 5 ; 0.238485 ; -0.0540427 ; 0.054456 ; 98.985;
20 ; 12 ; 5 ; 0.22499 ; 0.022164 ; 0.0502564 ; 100.075;
21 ; 12 ; 5 ; 0.236992 ; 0.0246241 ; 0.0863163 ; 100.795;
4 ; 13 ; 5 ; 0.234917 ; 0.00907766 ; 0.022771 ; 100.812;
5 ; 13 ; 5 ; 0.203055 ; 0.0700697 ; -0.115757 ; 99.8625;
6 ; 13 ; 5 ; 0.207165 ; -0.0169 ; -0.0384716 ; 101.875;
7 ; 13 ; 5 ; 0.147522 ; -0.0466274 ; -0.00777255 ; 101.74;
8 ; 13 ; 5 ; 0.198581 ; 0.0404219 ; 0.0853582 ; 103.688;
9 ; 13 ; 5 ; 0.260171 ; -0.000539402 ; 0.036069 ; 101.442;
10 ; 13 ; 5 ; 0.268645 ; -0.0157011 ; 0.0110956 ; 100.767;
11 ; 13 ; 5 ; 0.211521 ; -0.0160057 ; 0.013804 ; 101.15;
12 ; 13 ; 5 ; 0.15575 ; -0.00167495 ; -0.0495794 ; 101.85;
13 ; 13 ; 5 ; 0.232102 ; 0.024479 ; 0.0485593 ; 98.7275;
14 ; 13 ; 5 ; 0.185993 ; -0.0688297 ; -0.00833412 ; 100.44;
15 ; 13 ; 5 ; 0.262534 ; 0.00830621 ; 0.0550627 ; 100.148;
16 ; 13 ; 5 ; 0.20313 ; 0.0296502 ; -0.0764128 ; 101.543;
17 ; 13 ; 5 ; 0.200732 ; 0.0128309 ; 0.029075 ; 100.172;
18 ; 13 ; 5 ; 0.190516 ; -0.0424674 ; 0.0250644 ; 99.2475;
19 ; 13 ; 5 ; 0.260739 ; 0.0279335 ; 0.0219644 ; 101.547;
20 ; 13 ; 5 ; 0.164838 ; 0.0476541 ; 0.0182427 ; 104.177;
21 ; 13 ; 5 ; 0.180809 ; 0.0160169 ; -0.0174379 ; 101.71;
4 ; 14 ; 5 ; 0.276505 ; 0.0349317 ; -0.00156159 ; 101.615;
5 ; 14 ; 5 ; 0.1749 ; 0.0252379 ; -0.0401255 ; 102.103;
6 ; 14 ; 5 ; 0.236476 ; 0.0119442 ; 0.0405935 ; 101.505;
7 ; 14 ; 5 ; 0.188034 ; 0.0247152 ; -0.0189269 ; 101.943;
8 ; 14 ; 5 ; 0.234062 ; 0.0544938 ; -0.056749 ; 101.745;
9 ; 14 ; 5 ; 0.278626 ; 0.0594059 ; -0.00337289 ; 99.7275;
10 ; 14 ; 5 ; 0.157207 ; 0.0509032 ; -0.00983612 ; 101.495;
11 ; 14 ; 5 ; 0.196895 ; 0.00144948 ; 0.0574212 ; 100.67;
12 ; 14 ; 5 ; 0.263919 ; 0.0448906 ; -0.0696885 ; 102.015;
13 ; 14 ; 5 ; 0.30237 ; 0.0712329 ; -0.0471245 ; 101.965;
14 ; 14 ; 5 ; 0.218937 ; 0.036246 ; 0.00830198 ; 99.3425;
15 ; 14 ; 5 ; 0.165836 ; -0.0604246 ; 0.0160732 ; 102.26;
16 ; 14 ; 5 ; 0.177221 ; -0.0303819 ; 0.0196455 ; 102.54;
17 ; 14 ; 5 ; 0.199015 ; 0.0122219 ; 0.017562 ; 101.698;
18 ; 14 ; 5 ; 0.23032 ; -0.028271 ; 0.0152297 ; 103.155;
19 ; 14 ; 5 ; 0.260563 ; 0.0188792 ; 0.00308133 ; 99.7325;
20 ; 14 ; 5 ; 0.20224 ; -0.0263026 ; -0.0497401 ; 101.787;
21 ; 14 ; 5 ; 0.232407 ; -0.0489554 ; -0.0923032 ; 100.448;
4 ; 15 ; 5 ; 0.260181 ; -0.0256311 ; -0.0253209 ; 101.93;
5 ; 15 ; 5 ; 0.241746 ; -0.0497713 ; -0.0966064 ; 99.65;
6 ; 15 ; 5 ; 0.223484 ; -0.0253273 ; 0.0395155 ; 104.047;
7 ; 15 ; 5 ; 0.188752 ; -0.0271954 ; 0.029958 ; 101.918;
8 ; 15 ; 5 ; 0.223067 ; -0.0156449 ; 0.00166057 ; 100.915;
9 ; 15 ; 5 ; 0.222303 ; -0.00525307 ; -0.0195067 ; 100.528;
10 ; 15 ; 5 ; 0.241487 ; 0.026894 ; -0.0303452 ; 102.512;
11 ; 15 ; 5 ; 0.254861 ; 0.000308473 ; -0.00928015 ; 104.317;
12 ; 15 ; 5 ; 0.193004 ; -0.0135634 ; 0.0422792 ; 101.305;
13 ; 15 ; 5 ; 0.207302 ; 0.0263766 ; -0.0449026 ; 102.505;
14 ; 15 ; 5 ; 0.236479 ; 0.0386703 ; -0.00383978 ; 102.177;
15 ; 15 ; 5 ; 0.203375 ; -0.0570689 ; 0.0408896 ; 102.75;
16 ; 15 ; 5 ; 0.205597 ; 0.028369 ; -0.0271336 ; 102.115;
17 ; 15 ; 5 ; 0.146273 ; -0.00120254 ; -0.108159 ; 101.797;
18 ; 15 ; 5 ; 0.203844 ; 0.0432753 ; 0.093476 ; 102.14;
19 ; 15 ; 5 ; 0.210329 ; 0.0573343 ; 0.0379745 ; 102.593;
20 ; 15 ; 5 ; 0.205195 ; 0.0483695 ; -0.0912796 ; 100.105;
21 ; 15 ; 5 ; 0.215353 ; -0.0448729 ; 0.0656378 ; 102.008;
4 ; 16 ; 5 ; 0.257492 ; -0.0257073 ; 0.0818398 ; 101.073;
5 ; 16 ; 5 ; 0.233044 ; 0.0418456 ; -0.0502671 ; 98.8075;
6 ; 16 ; 5 ; 0.275965 ; 0.0164962 ; 0.0645434 ; 102.733;
7 ; 16 ; 5 ; 0.240206 ; -0.0284915 ; -0.00677592 ; 100.757;
8 ; 16 ; 5 ; 0.254844 ; -0.0883537 ; 0.00985408 ; 102.925;
9 ; 16 ; 5 ; 0.211104 ; 0.0252775 ; 0.00807436 ; 103.21;
10 ; 16 ; 5 ; 0.166616 ; 0.0617362 ; -9.63509e-05 ; 100.7;
11 ; 16 ; 5 ; 0.194156 ; -0.0133515 ; -0.01639 ; 100.062;
12 ; 16 ; 5 ; 0.218591 ; -0.0458058 ; -0.0465379 ; 100.978;
13 ; 16 ; 5 ; 0.208082 ; -0.057892 ; 0.00998406 ; 100.803;
14 ; 16 ; 5 ; 0.225318 ; 0.0174168 ; -0.0627805 ; 100.25;
15 ; 16 ; 5 ; 0.266165 ; -0.00881606 ; -0.0531942 ; 100.438;
16 ; 16 ; 5 ; 0.236784 ; 0.0294426 ; -0.0273578 ; 100.218;
17 ; 16 ; 5 ; 0.204923 ; -0.0514156 ; 0.0139736 ; 101.388;
18 ; 16 ; 5 ; 0.20812 ; -0.0358478 ; -0.0534898 ; 102.595;
19 ; 16 ; 5 ; 0.199219 ; 0.00500869 ; 0.0105824 ; 103.252;
20 ; 16 ; 5 ; 0.165133 ; 0.0283045 ; 0.0559201 ; 103.895;
21 ; 16 ; 5 ; 0.238821 ; 0.0271695 ; -0.0190824 ; 100.36;
4 ; 17 ; 5 ; 0.264137 ; 0.0152696 ; 0.020248 ; 102.727;
5 ; 17 ; 5 ; 0.189199 ; 0.0117859 ; -0.0391231 ; 101.8;
6 ; 17 ; 5 ; 0.164512 ; 0.0436472 ; 0.010127 ; 103.172;
7 ; 17 ; 5 ; 0.192716 ; 0.0295025 ; -0.02448 ; 102.265;
8 ; 17 ; 5 ; 0.220933 ; -0.0668193 ; -0.0305106 ; 101.995;
9 ; 17 ; 5 ; 0.160953 ; 0.00106727 ; -0.02807 ; 102.267;
10 ; 17 ; 5 ; 0.242991 ; 0.0534441 ; 0.0380458 ; 99.6;
11 ; 17 ; 5 ; 0.220794 ; 0.0207028 ; -0.0169471 ; 102.175;
12 ; 17 ; 5 ; 0.196768 ; -0.0696498 ; 0.00931155 ; 102.29;
13 ; 17 ; 5 ; 0.191352 ; -0.0855147 ; -0.0697206 ; 102.775;
14 ; 17 ; 5 ; 0.323982 ; 0.0355831 ; 0.0505455 ; 103.29;
15 ; 17 ; 5 ; 0.244291 ; -0.0444778 ; 0.0389645 ; 100.145;
16 ; 17 ; 5 ; 0.149536 ; -0.0426972 ; 0.0223492 ; 102.343;
17 ; 17 ; 5 ; 0.196849 ; -0.0553038 ; 0.0355654 ; 104.062;
18 ; 17 ; 5 ; 0.213247 ; -0.00843657 ; 0.0176203 ; 103.208;
19 ; 17 ; 5 ; 0.222282 ; -0.00868195 ; 0.0260899 ; 102.488;
20 ; 17 ; 5 ; 0.167055 ; -0.0194998 ; 0.0159595 ; 99.935;
21 ; 17 ; 5 ; 0.151208 ; 0.0325956 ; 0.0350484 ; 101.11;
4 ; 18 ; 5 ; 0.24676 ; -0.0610805 ; -0.0478768 ; 103.797;
5 ; 18 ; 5 ; 0.274947 ; 0.0355333 ; 0.0236449 ; 103.54;
6 ; 18 ; 5 ; 0.229636 ; 0.0275475 ; -0.024746 ; 100.992;
7 ; 18 ; 5 ; 0.195749 ; -0.0274999 ; 0.0390937 ; 102.285;
8 ; 18 ; 5 ; 0.231304 ; -0.0127955 ; -0.0311383 ; 101.07;
9 ; 18 ; 5 ; 0.219543 ; -0.072787 ; 0.0416035 ; 102.562;
10 ; 18 ; 5 ; 0.27768 ; -0.029242 ; -0.042088 ; 101.325;
11 ; 18 ; 5 ; 0.29443 ; 0.0142429 ; -0.0645024 ; 101.345;
12 ; 18 ; 5 ; 0.186168 ; 0.0326583 ; -0.00902124 ; 102.853;
13 ; 18 ; 5 ; 0.283109 ; -0.0411078 ; 0.0243089 ; 102.013;
14 ; 18 ; 5 ; 0.183113 ; 0.0244879 ; -0.0328981 ; 101.078;
15 ; 18 ; 5 ; 0.248017 ; 0.0273535 ; -0.0159368 ; 100.392;
16 ; 18 ; 5 ; 0.160579 ; -0.0437613 ; 0.0523754 ; 103.677;
17 ; 18 ; 5 ; 0.16338 ; 0.0270956 ; -0.00127006 ; 102.77;
18 ; 18 ; 5 ; 0.259885 ; -0.0339547 ; 0.0130083 ; 99.19;
19 ; 18 ; 5 ; 0.253118 ; -0.0212769 ; -0.0642956 ; 102.305;
20 ; 18 ; 5 ; 0.262707 ; 0.0945356 ; 0.0849452 ; 100.965;
21 ; 18 ; 5 ; 0.204716 ; 0.0221971 ; 0.0815448 ; 101.76;
4 ; 19 ; 5 ; 0.14056 ; 0.0249352 ; 0.00146677 ; 101.08;
5 ; 19 ; 5 ; 0.192523 ; 0.0214529 ; -0.0311226 ; 100.02;
6 ; 19 ; 5 ; 0.213349 ; -0.0515677 ; -0.00194197 ; 101.365;
7 ; 19 ; 5 ; 0.206321 ; 0.0373774 ; 0.00710233 ; 103.042;
8 ; 19 ; 5 ; 0.188484 ; 0.0316859 ; -0.0448498 ; 102.03;
9 ; 19 ; 5 ; 0.205133 ; -0.0397098 ; -0.00914063 ; 101.075;
10 ; 19 ; 5 ; 0.179354 ; 0.0632306 ; 0.00516034 ; 102.03;
11 ; 19 ; 5 ; 0.258112 ; 0.012538 ; -0.100237 ; 103.8;
12 ; 19 ; 5 ; 0.307211 ; 0.0647613 ; 0.0866927 ; 100.425;
13 ; 19 ; 5 ; 0.189059 ; -0.00585075 ; -0.0352477 ; 101.247;
14 ; 19 ; 5 ; 0.234105 ; 0.0409769 ; 0.0605531 ; 99.8325;
15 ; 19 ; 5 ; 0.24152 ; -0.0152222 ; -0.000199016 ; 100.002;
16 ; 19 ; 5 ; 0.175229 ; -0.11101 ; 0.0167923 ; 102.85;
17 ; 19 ; 5 ; 0.247835 ; 0.0391509 ; -0.0516472 ; 101.07;
18 ; 19 ; 5 ; 0.195647 ; 0.0283597 ; 0.0106243 ; 102.912;
19 ; 19 ; 5 ; 0.279759 ; 0.0279631 ; -0.0560097 ; 101.76;
20 ; 19 ; 5 ; 0.273694 ; -0.0804861 ; -0.0602132 ; 104.278;
21 ; 19 ; 5 ; 0.301294 ; -0.0465973 ; -0.0200359 ; 102.41;
4 ; 20 ; 5 ; 0.346051 ; 0.0327206 ; 0.0220924 ; 101.777;
5 ; 20 ; 5 ; 0.198529 ; 0.0721048 ; -0.0191968 ; 101.958;
6 ; 20 ; 5 ; 0.258725 ; 0.0430127 ; -0.0217747 ; 104.257;
7 ; 20 ; 5 ; 0.218882 ; 0.0378784 ; -0.0209132 ; 100.663;
8 ; 20 ; 5 ; 0.240831 ; 0.0707362 ; 0.0550788 ; 103.192;
9 ; 20 ; 5 ; 0.259503 ; -0.0681621 ; 0.033655 ; 101.952;
10 ; 20 ; 5 ; 0.244327 ; -0.0650651 ; -0.0585848 ; 102.072;
11 ; 20 ; 5 ; 0.278771 ; -0.0398177 ; 0.00911184 ; 102.007;
12 ; 20 ; 5 ; 0.317119 ; 0.0386514 ; 0.0157646 ; 100.93;
13 ; 20 ; 5 ; 0.166377 ; -0.0364904 ; 0.00967603 ; 103.222;
14 ; 20 ; 5 ; 0.212789 ; 0.0114747 ; 0.0786807 ; 102.067;
15 ; 20 ; 5 ; 0.298059 ; -0.0282081 ; 0.00407527 ; 100.485;
16 ; 20 ; 5 ; 0.230268 ; -0.0710262 ; -0.0822756 ; 101.368;
17 ; 20 ; 5 ; 0.256057 ; 0.0352057 ; -0.00134567 ; 98.6825;
18 ; 20 ; 5 ; 0.234358 ; 0.0540488 ; -0.00853753 ; 103.5;
19 ; 20 ; 5 ; 0.199697 ; 0.00599488 ; 0.0248407 ; 100.835;
20 ; 20 ; 5 ; 0.253855 ; -0.0516064 ; 0.0062893 ; 101.942;
21 ; 20 ; 5 ; 0.200229 ; 0.0168313 ; -0.0122186 ; 102.812;
4 ; 21 ; 5 ; 0.276502 ; 0.0570025 ; 0.00799805 ; 100.52;
5 ; 21 ; 5 ; 0.221966 ; -0.0336113 ; -0.0407492 ; 100.61;
6 ; 21 ; 5 ; 0.184496 ; 0.0742562 ; 0.000195396 ; 102.705;
7 ; 21 ; 5 ; 0.211282 ; 0.0238955 ; -0.080689 ; 100.172;
8 ; 21 ; 5 ; 0.267665 ; -0.0423721 ; 0.0320226 ; 101.335;
9 ; 21 ; 5 ; 0.172633 ; -0.000166395 ; 0.0217266 ; 105.823;
10 ; 21 ; 5 ; 0.203572 ; -0.0842574 ; 0.0345257 ; 103.243;
11 ; 21 ; 5 ; 0.216851 ; -0.0308713 ; -0.0527412 ; 103.738;
12 ; 21 ; 5 ; 0.186377 ; -0.0435716 ; -0.0234485 ; 101.14;
13 ; 21 ; 5 ; 0.164867 ; 0.0194724 ; 0.0265912 ; 103.358;
14 ; 21 ; 5 ; 0.256006 ; -0.0152919 ; -0.00124507 ; 100.758;
15 ; 21 ; 5 ; 0.25439 ; -0.0697392 ; 0.00991381 ; 102.605;
16 ; 21 ; 5 ; 0.225416 ; -0.0129835 ; 0.0392588 ; 99.57;
17 ; 21 ; 5 ; 0.154954 ; 0.0199611 ; -0.0309754 ; 101.302;
18 ; 21 ; 5 ; 0.171227 ; -0.0114981 ; -0.0427559 ; 102.403;
19 ; 21 ; 5 ; 0.249909 ; 0.0416993 ; 0.00732739 ; 103.285;
20 ; 21 ; 5 ; 0.244231 ; 0.0389015 ; 0.0235954 ; 104.408;
21 ; 21 ; 5 ; 0.246411 ; 0.0584009 ; 0.00265989 ; 99.8375;
4 ; 4 ; 6 ; 0.140729 ; 0.00470917 ; 0.0143729 ; 99.1625;
5 ; 4 ; 6 ; 0.146703 ; 0.039034 ; -0.00770003 ; 100.208;
6 ; 4 ; 6 ; 0.149407 ; 0.0622806 ; -0.0311025 ; 101.93;
7 ; 4 ; 6 ; 0.142101 ; -0.000230222 ; 0.00603388 ; 102.18;
8 ; 4 ; 6 ; 0.0776751 ; -0.0427328 ; -0.061653 ; 102.145;
9 ; 4 ; 6 ; 0.139895 ; 0.0341093 ; 0.0770789 ; 101.13;
10 ; 4 ; 6 ; 0.173657 ; 0.0415154 ; 0.0242615 ; 100.34;
11 ; 4 ; 6 ; 0.121198 ; 0.0721759 ; -0.00333257 ; 101.625;
12 ; 4 ; 6 ; 0.0694609 ; 0.0230866 ; -0.0141918 ; 103.152;
13 ; 4 ; 6 ; 0.14894 ; -0.00338459 ; 0.0237375 ; 101.695;
14 ; 4 ; 6 ; 0.113355 ; 0.00538871 ; 0.0377696 ; 103.535;
15 ; 4 ; 6 ; 0.130234 ; 0.0726269 ; 0.0269117 ; 102.702;
16 ; 4 ; 6 ; 0.218744 ; -0.0536567 ; 0.00469614 ; 102.593;
17 ; 4 ; 6 ; 0.149427 ; 0.00759092 ; -0.0785246 ; 99.695;
18 ; 4 ; 6 ; 0.124718 ; -0.00722175 ; -0.00383112 ; 99.425;
19 ; 4 ; 6 ; 0.134873 ; 0.0487249 ; -0.0156894 ; 99.5925;
20 ; 4 ; 6 ; 0.17946 ; -0.0229452 ; -0.077397 ; 102.27;
21 ; 4 ; 6 ; 0.206151 ; 0.039287 ; -0.00237332 ; 103.347;
4 ; 5 ; 6 ; 0.132121 ; 0.00940658 ; 0.0780249 ; 100.292;
5 ; 5 ; 6 ; 0.134706 ; -0.0120448 ; -0.0324065 ; 102.6;
6 ; 5 ; 6 ; 0.130313 ; -0.0548757 ; -0.0159457 ; 100.972;
7 ; 5 ; 6 ; 0.195722 ; 0.066485 ; 0.00412732 ; 102.928;
8 ; 5 ; 6 ; 0.0738289 ; 0.083837 ; -0.0112235 ; 101.825;
9 ; 5 ; 6 ; 0.101153 ; 0.00137297 ; 0.00505517 ; 101.01;
10 ; 5 ; 6 ; 0.162932 ; -0.114131 ; -0.0551716 ; 101.797;
11 ; 5 ; 6 ; 0.0962395 ; -0.00110523 ; -0.0147011 ; 102.167;
12 ; 5 ; 6 ; 0.186423 ; -0.000395474 ; -0.0184256 ; 100.478;
13 ; 5 ; 6 ; 0.152158 ; 0.080445 ; 0.0518824 ; 104.758;
14 ; 5 ; 6 ; 0.107967 ; 0.00235575 ; 0.0879269 ; 103.488;
15 ; 5 ; 6 ; 0.103905 ; 0.0666121 ; -0.00349333 ; 99.6775;
16 ; 5 ; 6 ; 0.0956981 ; -0.0536439 ; -0.0489915 ; 102.735;
17 ; 5 ; 6 ; 0.103543 ; -0.0478725 ; -0.0790375 ; 101.863;
18 ; 5 ; 6 ; 0.181629 ; 0.0141604 ; -0.00876323 ; 103.317;
19 ; 5 ; 6 ; 0.16574 ; 0.0294458 ; 0.0164119 ; 101.597;
20 ; 5 ; 6 ; 0.138993 ; 0.0324168 ; 0.00642651 ; 99.2875;
21 ; 5 ; 6 ; 0.139635 ; 0.0566377 ; 0.0267799 ; 100.368;
4 ; 6 ; 6 ; 0.134244 ; -0.0375159 ; 0.0374566 ; 102.645;
5 ; 6 ; 6 ; 0.0672957 ; 0.0483329 ; -0.0423653 ; 103.745;
6 ; 6 ; 6 ; 0.171391 ; 0.0636948 ; -0.035361 ; 103.73;
7 ; 6 ; 6 ; 0.0653294 ; -0.0244158 ; -0.0282091 ; 102.078;
8 ; 6 ; 6 ; 0.222017 ; 0.0158421 ; 0.0277859 ; 102.77;
9 ; 6 ; 6 ; 0.222843 ; 0.0342103 ; -0.0625215 ; 100.98;
10 ; 6 ; 6 ; 0.15625 ; -0.0686661 ; -0.009604 ; 102.48;
11 ; 6 ; 6 ; 0.122168 ; 0.0309124 ; -0.0143077 ; 101.922;
12 ; 6 ; 6 ; 0.0782 ; -0.0219835 ; -0.0371614 ; 103.42;
13 ; 6 ; 6 ; 0.20811 ; 0.048526 ; 0.0643661 ; 101.355;
14 ; 6 ; 6 ; 0.0777514 ; -0.0420638 ; 0.0102584 ; 99.3475;
15 ; 6 ; 6 ; 0.125005 ; 0.027355 ; -0.00245428 ; 103.097;
16 ; 6 ; 6 ; 0.0577352 ; 0.0153078 ; -0.0575223 ; 101.58;
17 ; 6 ; 6 ; 0.144898 ; -0.0272699 ; -0.0177507 ; 103.267;
18 ; 6 ; 6 ; 0.0941036 ; -0.000521179 ; 0.0109069 ; 101.302;
19 ; 6 ; 6 ; 0.128015 ; 0.0169398 ; 0.0314997 ; 101.02;
20 ; 6 ; 6 ; 0.16197 ; -0.0413755 ; 0.00194419 ; 100.532;
21 ; 6 ; 6 ; 0.147656 ; -0.00651772 ; -0.0225511 ; 102.195;
4 ; 7 ; 6 ; 0.0980319 ; 0.0301379 ; 0.0391932 ; 104.773;
5 ; 7 ; 6 ; 0.0985717 ; 0.0402167 ; 0.0623971 ; 103.947;
6 ; 7 ; 6 ; 0.134391 ; 0.0208395 ; -0.0240525 ; 98.9225;
7 ; 7 ; 6 ; 0.0930576 ; -0.0620599 ; -0.0162876 ; 99.865;
8 ; 7 ; 6 ; 0.172413 ; -0.0318338 ; -0.0409129 ; 98.7125;
9 ; 7 ; 6 ; 0.161777 ; 0.0103343 ; -0.0102526 ; 101.615;
10 ; 7 ; 6 ; 0.065927 ; -0.0283173 ; -0.0459597 ; 102.235;
11 ; 7 ; 6 ; 0.0850973 ; -0.0215894 ; -0.109775 ; 100.852;
12 ; 7 ; 6 ; 0.131635 ; -0.0189907 ; 0.0280174 ; 102.697;
13 ; 7 ; 6 ; 0.182692 ; 0.0333881 ; 0.0124834 ; 102.075;
14 ; 7 ; 6 ; 0.107781 ; -0.00807632 ; -0.00089941 ; 100.49;
15 ; 7 ; 6 ; 0.0977501 ; 0.0573769 ; 0.0591595 ; 100.543;
16 ; 7 ; 6 ; 0.0844074 ; -0.00893051 ; -0.00253002 ; 105.455;
17 ; 7 ; 6 ; 0.0866388 ; 0.0937085 ; 0.0141329 ; 102.735;
18 ; 7 ; 6 ; 0.114287 ; -0.0395226 ; 0.0552635 ; 103.725;
19 ; 7 ; 6 ; 0.134492 ; -0.0944167 ; -0.0482293 ; 104.338;
20 ; 7 ; 6 ; 0.193576 ; -0.0266268 ; 0.00417031 ; 102.693;
21 ; 7 ; 6 ; 0.0935214 ; 0.0139191 ; -0.0133439 ; 100.545;
4 ; 8 ; 6 ; 0.156039 ; -0.00458914 ; -0.0019164 ; 102.275;
5 ; 8 ; 6 ; 0.0878057 ; 0.00669885 ; 0.0544987 ; 99.9875;
6 ; 8 ; 6 ; 0.073119 ; 0.0343358 ; -0.0324512 ; 100.387;
7 ; 8 ; 6 ; 0.0907037 ; 0.044637 ; -0.116278 ; 102.847;
8 ; 8 ; 6 ; 0.129352 ; -0.0435914 ; -0.0613916 ; 102.558;
9 ; 8 ; 6 ; 0.127235 ; -0.065252 ; 0.0224008 ; 99.1875;
10 ; 8 ; 6 ; 0.161129 ; -0.0463766 ; -0.11605 ; 103.07;
11 ; 8 ; 6 ; 0.0918494 ; -0.0351844 ; -0.0660438 ; 102.29;
12 ; 8 ; 6 ; 0.0745427 ; 0.0194257 ; -0.0482285 ; 102.778;
13 ; 8 ; 6 ; 0.153385 ; 0.0873379 ; -0.0614811 ; 99.4975;
14 ; 8 ; 6 ; 0.119776 ; 0.00638576 ; -0.0236424 ; 100.808;
15 ; 8 ; 6 ; 0.120083 ; -0.00509183 ; -0.00642305 ; 100.44;
16 ; 8 ; 6 ; 0.134691 ; 0.0171695 ; 0.022433 ; 102.303;
17 ; 8 ; 6 ; 0.0872532 ; 0.0973587 ; -0.0610928 ; 98.6025;
18 ; 8 ; 6 ; 0.127676 ; 0.00983396 ; -0.0627234 ; 98.55;
19 ; 8 ; 6 ; 0.0930469 ; 0.0242913 ; 0.00541797 ; 102.185;
20 ; 8 ; 6 ; 0.136115 ; 0.0507301 ; -0.0829396 ; 101.16;
21 ; 8 ; 6 ; 0.100665 ; -0.0369139 ; 0.0156474 ; 101.733;
4 ; 9 ; 6 ; 0.122335 ; -0.0664325 ; -0.0399077 ; 104.065;
5 ; 9 ; 6 ; 0.0984539 ; -0.00722109 ; -0.0168526 ; 101.648;
6 ; 9 ; 6 ; 0.0626197 ; 0.0115632 ; -0.0126868 ; 101.105;
7 ; 9 ; 6 ; 0.0927163 ; 0.0178707 ; -0.0756076 ; 102.812;
8 ; 9 ; 6 ; 0.160879 ; 0.0575487 ; 0.0321665 ; 103.053;
9 ; 9 ; 6 ; 0.139445 ; -0.0595664 ; 0.0042249 ; 100.748;
10 ; 9 ; 6 ; 0.088206 ; -0.0433627 ; -0.00440043 ; 101.725;
11 ; 9 ; 6 ; 0.164347 ; 0.00250079 ; -0.0254779 ; 102.965;
12 ; 9 ; 6 ; 0.169144 ; 0.0542031 ; 0.0890532 ; 101.93;
13 ; 9 ; 6 ; 0.204716 ; 0.0447623 ; 0.0437199 ; 100.958;
14 ; 9 ; 6 ; 0.166719 ; 0.0539655 ; 0.0122482 ; 102.492;
15 ; 9 ; 6 ; 0.117076 ; 0.0508504 ; -0.0259539 ; 99.215;
16 ; 9 ; 6 ; 0.0871076 ; -0.0857071 ; -0.034667 ; 102.308;
17 ; 9 ; 6 ; 0.136471 ; -0.00924685 ; 0.0088023 ; 102.525;
18 ; 9 ; 6 ; 0.19765 ; -0.037835 ; -0.124128 ; 101.21;
19 ; 9 ; 6 ; 0.124105 ; 0.0480718 ; -0.0661882 ; 103.757;
20 ; 9 ; 6 ; 0.165736 ; -0.0320813 ; 0.0474446 ; 103.065;
21 ; 9 ; 6 ; 0.108615 ; -0.0050355 ; -0.0386372 ; 100.125;
4 ; 10 ; 6 ; 0.159362 ; 0.0106438 ; 0.0171102 ; 100.373;
5 ; 10 ; 6 ; 0.162704 ; 0.0519438 ; -0.0388868 ; 101.085;
6 ; 10 ; 6 ; 0.101833 ; -0.0168319 ; 0.0424968 ; 102.418;
7 ; 10 ; 6 ; 0.0955408 ; 0.0715463 ; -0.0546159 ; 103.015;
8 ; 10 ; 6 ; 0.181144 ; 0.00269481 ; -0.0181153 ; 101.81;
9 ; 10 ; 6 ; 0.119696 ; -0.00491105 ; 0.026315 ; 102.718;
10 ; 10 ; 6 ; 0.120848 ; -0.0082884 ; -0.0686261 ; 102.145;
11 ; 10 ; 6 ; 0.157302 ; 0.0250476 ; -0.0871835 ; 100.678;
12 ; 10 ; 6 ; 0.112562 ; 0.0103369 ; -0.030595 ; 101.515;
13 ; 10 ; 6 ; 0.0386797 ; -0.0230894 ; -0.0362807 ; 100.132;
14 ; 10 ; 6 ; 0.090734 ; 0.0104023 ; 0.0170219 ; 100.725;
15 ; 10 ; 6 ; 0.206646 ; 0.0412335 ; 0.0243378 ; 100.403;
16 ; 10 ; 6 ; 0.155194 ; -0.0157208 ; -0.0397374 ; 102.715;
17 ; 10 ; 6 ; 0.113721 ; -0.0372613 ; -0.0199122 ; 102.025;
18 ; 10 ; 6 ; 0.209722 ; 0.0294987 ; 0.0102061 ; 103.033;
19 ; 10 ; 6 ; 0.142338 ; 0.0629462 ; -0.00573745 ; 103.287;
20 ; 10 ; 6 ; 0.118146 ; 0.0747867 ; -0.0674344 ; 101.8;
21 ; 10 ; 6 ; 0.147464 ; -0.0172043 ; -0.0409235 ; 102.86;
4 ; 11 ; 6 ; 0.0886876 ; 0.0128033 ; -0.0238946 ; 100.45;
5 ; 11 ; 6 ; 0.197918 ; 0.0435928 ; 0.108325 ; 101.558;
6 ; 11 ; 6 ; 0.1223 ; -0.048552 ; -0.0209156 ; 101.267;
7 ; 11 ; 6 ; 0.172655 ; 0.0129593 ; -0.0511855 ; 101.535;
8 ; 11 ; 6 ; 0.15047 ; -0.0510632 ; 0.0387839 ; 100.62;
9 ; 11 ; 6 ; 0.150874 ; -0.0209462 ; -0.0739924 ; 102.078;
10 ; 11 ; 6 ; 0.123819 ; 0.0700672 ; 0.11394 ; 103.523;
11 ; 11 ; 6 ; 0.143837 ; -0.0426906 ; -0.0502774 ; 100.61;
12 ; 11 ; 6 ; 0.152459 ; 0.0226022 ; 0.00702666 ; 101.69;
13 ; 11 ; 6 ; 0.129639 ; -0.00318015 ; -0.0994632 ; 99.7625;
14 ; 11 ; 6 ; 0.115981 ; 0.0140469 ; 0.00465891 ; 105.185;
15 ; 11 ; 6 ; 0.115824 ; -0.0617922 ; -0.0165309 ; 102.383;
16 ; 11 ; 6 ; 0.161757 ; -0.0338274 ; -0.00706148 ; 101.795;
17 ; 11 ; 6 ; 0.153129 ; 0.00856102 ; 0.00247334 ; 102.98;
18 ; 11 ; 6 ; 0.123891 ; -0.014111 ; -0.0360267 ; 100.225;
19 ; 11 ; 6 ; 0.0609283 ; 0.0476928 ; -0.0719301 ; 103.407;
20 ; 11 ; 6 ; 0.121047 ; -0.0486152 ; -0.0362235 ; 102.42;
21 ; 11 ; 6 ; 0.113604 ; 0.0634547 ; -0.00482727 ; 101.692;
4 ; 12 ; 6 ; 0.118648 ; 0.0224379 ; 0.0876854 ; 103.052;
5 ; 12 ; 6 ; 0.145207 ; 0.0166806 ; -0.000926846 ; 102.2;
6 ; 12 ; 6 ; 0.156152 ; -0.0324455 ; -0.0152322 ; 101.873;
7 ; 12 ; 6 ; 0.0959941 ; -0.00768075 ; 0.00368289 ; 98.485;
8 ; 12 ; 6 ; 0.127308 ; -0.000106268 ; 0.0388027 ; 103.065;
9 ; 12 ; 6 ; 0.113792 ; 0.0673458 ; -0.0380414 ; 102.468;
10 ; 12 ; 6 ; 0.11958 ; 0.00771838 ; 0.0298642 ; 102.682;
11 ; 12 ; 6 ; 0.199921 ; 0.0280654 ; 0.0364089 ; 101.55;
12 ; 12 ; 6 ; 0.1891 ; -0.0368248 ; 0.0735094 ; 101.385;
13 ; 12 ; 6 ; 0.150492 ; 0.0271202 ; -0.00811931 ; 103.618;
14 ; 12 ; 6 ; 0.089549 ; -0.0261282 ; 0.0748704 ; 101.71;
15 ; 12 ; 6 ; 0.188025 ; 0.0494198 ; -0.0109433 ; 102.758;
16 ; 12 ; 6 ; 0.105115 ; -0.0389566 ; 0.0369181 ; 101.977;
17 ; 12 ; 6 ; 0.15127 ; -0.0181448 ; 0.0403304 ; 103.648;
18 ; 12 ; 6 ; 0.0741714 ; 0.0155615 ; 0.0265143 ; 102.127;
19 ; 12 ; 6 ; 0.079709 ; -0.0643895 ; -0.113342 ; 103.167;
20 ; 12 ; 6 ; 0.177208 ; 0.00182008 ; -0.0237677 ; 104.77;
21 ; 12 ; 6 ; 0.200188 ; 0.0367617 ; 0.00484477 ; 100.095;
4 ; 13 ; 6 ; 0.195688 ; -0.0365774 ; 0.000643294 ; 103.38;
5 ; 13 ; 6 ; 0.152114 ; -0.0114677 ; 0.00287752 ; 98.8075;
6 ; 13 ; 6 ; 0.0964344 ; -0.0194788 ; 0.0333348 ; 102.25;
7 ; 13 ; 6 ; 0.210577 ; 0.00903624 ; 0.0345712 ; 99.4325;
8 ; 13 ; 6 ; 0.120003 ; 0.0193491 ; 0.0962344 ; 102.978;
9 ; 13 ; 6 ; 0.144642 ; 0.124084 ; -0.0489333 ; 101.143;
10 ; 13 ; 6 ; 0.152502 ; -0.00187561 ; 0.0134351 ; 100.59;
11 ; 13 ; 6 ; 0.239524 ; 0.000773785 ; 0.1032 ; 103.612;
12 ; 13 ; 6 ; 0.211046 ; 0.032244 ; 0.0151624 ; 101.93;
13 ; 13 ; 6 ; 0.162428 ; 0.0173689 ; 0.0679298 ; 102.707;
14 ; 13 ; 6 ; 0.128787 ; 0.0161494 ; 0.0165385 ; 102.97;
15 ; 13 ; 6 ; 0.148087 ; -0.0126235 ; 0.0988052 ; 100.297;
16 ; 13 ; 6 ; 0.103854 ; -0.039852 ; 0.035124 ; 102.2;
17 ; 13 ; 6 ; 0.115843 ; 0.0480649 ; 0.00357014 ; 101.89;
18 ; 13 ; 6 ; 0.139559 ; 0.0186699 ; 0.024922 ; 99.4675;
19 ; 13 ; 6 ; 0.033885 ; 0.0449912 ; 0.0678943 ; 102.552;
20 ; 13 ; 6 ; 0.140875 ; 0.0105259 ; 0.0578739 ; 102.778;
21 ; 13 ; 6 ; 0.0914799 ; 0.00614547 ; 0.0235542 ; 101.505;
4 ; 14 ; 6 ; 0.168411 ; 0.0198239 ; -0.0560756 ; 100.455;
5 ; 14 ; 6 ; 0.13959 ; -0.016823 ; 0.00884898 ; 101.605;
6 ; 14 ; 6 ; 0.21863 ; -0.0117981 ; 0.012944 ; 101.575;
7 ; 14 ; 6 ; 0.179047 ; -0.00715326 ; 0.018128 ; 100.975;
8 ; 14 ; 6 ; 0.109936 ; -0.0367851 ; 0.0746808 ; 103.335;
9 ; 14 ; 6 ; 0.0556515 ; -0.00960108 ; -0.00327533 ; 101.588;
10 ; 14 ; 6 ; 0.172092 ; 0.0378744 ; 0.00103218 ; 100.343;
11 ; 14 ; 6 ; 0.113007 ; 0.0174348 ; -0.058641 ; 100.938;
12 ; 14 ; 6 ; 0.109601 ; -0.00386733 ; -0.000960271 ; 99.6725;
13 ; 14 ; 6 ; 0.134479 ; 0.00309965 ; -0.0769036 ; 101.648;
14 ; 14 ; 6 ; 0.107479 ; -0.0120238 ; -0.0165969 ; 103.093;
15 ; 14 ; 6 ; 0.0620013 ; 0.0194542 ; -0.0210104 ; 101.505;
16 ; 14 ; 6 ; 0.161902 ; -0.0394737 ; -0.0652157 ; 101.472;
17 ; 14 ; 6 ; 0.0741202 ; 0.0284714 ; 0.0150189 ; 102.953;
18 ; 14 ; 6 ; 0.137377 ; -0.0264084 ; -0.0287655 ; 101.392;
19 ; 14 ; 6 ; 0.133215 ; 0.055326 ; 0.016903 ; 103.243;
20 ; 14 ; 6 ; 0.0924037 ; 0.00419063 ; -0.0648948 ; 101.053;
21 ; 14 ; 6 ; 0.139339 ; 0.00555042 ; -0.14576 ; 100.692;
4 ; 15 ; 6 ; 0.118587 ; -0.00856554 ; -0.0601668 ; 102.067;
5 ; 15 ; 6 ; 0.0781712 ; 0.0607269 ; 0.0191295 ; 101.343;
6 ; 15 ; 6 ; 0.104062 ; 0.00369544 ; 0.0112724 ; 102.947;
7 ; 15 ; 6 ; 0.137165 ; 0.0406642 ; -0.0057156 ; 102.47;
8 ; 15 ; 6 ; 0.0623842 ; 0.0759209 ; -0.00292208 ; 103.897;
9 ; 15 ; 6 ; 0.0889289 ; 0.0418048 ; 0.0403857 ; 101.175;
10 ; 15 ; 6 ; 0.167287 ; -0.00170801 ; 0.026739 ; 100.83;
11 ; 15 ; 6 ; 0.19339 ; 0.00211988 ; 0.0065182 ; 103.093;
12 ; 15 ; 6 ; 0.150973 ; 0.00216872 ; -0.038474 ; 101.618;
13 ; 15 ; 6 ; 0.126473 ; -0.036181 ; -0.0126813 ; 100.073;
14 ; 15 ; 6 ; 0.15986 ; 0.0093975 ; -0.0181107 ; 103.03;
15 ; 15 ; 6 ; 0.138371 ; 0.0232649 ; 0.00157046 ; 102.958;
16 ; 15 ; 6 ; 0.138533 ; 0.0179314 ; 0.0291479 ; 100.308;
17 ; 15 ; 6 ; 0.139739 ; -0.027934 ; -0.0163657 ; 100.153;
18 ; 15 ; 6 ; 0.168716 ; -0.0160344 ; -0.0048675 ; 103.165;
19 ; 15 ; 6 ; 0.146205 ; -0.0416727 ; -0.000776254 ; 99.27;
20 ; 15 ; 6 ; 0.132369 ; 0.033891 ; 0.0233958 ; 102.575;
21 ; 15 ; 6 ; 0.117332 ; -0.00309083 ; 0.0749155 ; 101.668;
4 ; 16 ; 6 ; 0.122976 ; -0.00759723 ; -3.70868e-05 ; 102.847;
5 ; 16 ; 6 ; 0.162962 ; 0.0255633 ; -0.0292796 ; 103.468;
6 ; 16 ; 6 ; 0.141919 ; -0.00655571 ; -0.020052 ; 100.45;
7 ; 16 ; 6 ; 0.149925 ; -0.026726 ; 0.00839267 ; 101.653;
8 ; 16 ; 6 ; 0.145524 ; 0.0250245 ; 0.0477029 ; 102.743;
9 ; 16 ; 6 ; 0.117626 ; 0.042904 ; -0.00251621 ; 102.833;
10 ; 16 ; 6 ; 0.20999 ; -0.041936 ; -0.0741892 ; 100.375;
11 ; 16 ; 6 ; 0.166262 ; -0.0620012 ; 0.0215592 ; 100.825;
12 ; 16 ; 6 ; 0.191842 ; 0.00915384 ; -0.0454653 ; 102.18;
13 ; 16 ; 6 ; 0.201293 ; 0.00495172 ; -0.0106655 ; 100.835;
14 ; 16 ; 6 ; 0.13404 ; -0.0243667 ; 0.0739456 ; 102.147;
15 ; 16 ; 6 ; 0.162275 ; -0.046591 ; 0.0389387 ; 103.558;
16 ; 16 ; 6 ; 0.121399 ; -0.0120187 ; 0.0548535 ; 101.968;
17 ; 16 ; 6 ; 0.192606 ; 0.063172 ; -0.104162 ; 100.897;
18 ; 16 ; 6 ; 0.162986 ; -0.00871936 ; -0.0437149 ; 98.625;
19 ; 16 ; 6 ; 0.152196 ; -0.00770171 ; 0.0289697 ; 103.745;
20 ; 16 ; 6 ; 0.140408 ; 0.0144932 ; 0.0225078 ; 102.613;
21 ; 16 ; 6 ; 0.156406 ; -0.00912372 ; -0.0854155 ; 99.7525;
4 ; 17 ; 6 ; 0.12771 ; 0.0395746 ; -0.098628 ; 99.545;
5 ; 17 ; 6 ; 0.155206 ; 0.0439313 ; 0.0204246 ; 100.815;
6 ; 17 ; 6 ; 0.142472 ; 0.0456911 ; -0.0201506 ; 99.165;
7 ; 17 ; 6 ; 0.184562 ; 0.043196 ; -0.003255 ; 99.7875;
8 ; 17 ; 6 ; 0.163994 ; -0.0246807 ; 0.0153785 ; 100.167;
9 ; 17 ; 6 ; 0.162334 ; 0.00858208 ; 0.0635532 ; 102.74;
10 ; 17 ; 6 ; 0.113201 ; -0.0668888 ; 0.0720169 ; 101.785;
11 ; 17 ; 6 ; 0.132885 ; 0.0268301 ; -0.0742212 ; 104.847;
12 ; 17 ; 6 ; 0.162949 ; 0.0174772 ; 0.0282719 ; 100.547;
13 ; 17 ; 6 ; 0.151761 ; -0.0189959 ; 0.0181431 ; 104.62;
14 ; 17 ; 6 ; 0.181577 ; -0.092057 ; 0.0636986 ; 100.938;
15 ; 17 ; 6 ; 0.149629 ; -0.0285992 ; -0.00926274 ; 101.36;
16 ; 17 ; 6 ; 0.124514 ; 0.0129561 ; 0.0183865 ; 101.757;
17 ; 17 ; 6 ; 0.156787 ; 0.0581871 ; -0.0599033 ; 103.278;
18 ; 17 ; 6 ; 0.123337 ; 0.0306085 ; -0.0698818 ; 100.085;
19 ; 17 ; 6 ; 0.119325 ; 0.0666214 ; 0.066726 ; 101.22;
20 ; 17 ; 6 ; 0.122409 ; 0.0844301 ; 0.010855 ; 101.12;
21 ; 17 ; 6 ; 0.115771 ; 0.00229932 ; 0.00725334 ; 102.507;
4 ; 18 ; 6 ; 0.116246 ; -0.00544095 ; 0.00341908 ; 101.873;
5 ; 18 ; 6 ; 0.145822 ; 0.0189864 ; -0.00606216 ; 99.5175;
6 ; 18 ; 6 ; 0.126839 ; 0.0202847 ; 0.0732132 ; 102.347;
7 ; 18 ; 6 ; 0.0975053 ; -0.0702671 ; 0.143902 ; 100.127;
8 ; 18 ; 6 ; 0.126757 ; 0.023829 ; 0.0179616 ; 102.998;
9 ; 18 ; 6 ; 0.139181 ; 0.0411192 ; -0.0239992 ; 101.123;
10 ; 18 ; 6 ; 0.0992525 ; 0.0164695 ; -0.0233016 ; 103.387;
11 ; 18 ; 6 ; 0.227185 ; -0.0241158 ; -0.047655 ; 104.117;
12 ; 18 ; 6 ; 0.189768 ; 0.0197851 ; -0.0156412 ; 101.137;
13 ; 18 ; 6 ; 0.111351 ; -0.0622818 ; 0.0399066 ; 100.15;
14 ; 18 ; 6 ; 0.160644 ; -0.0799211 ; -0.0339532 ; 101.987;
15 ; 18 ; 6 ; 0.202451 ; 0.013568 ; -0.0412337 ; 103.412;
16 ; 18 ; 6 ; 0.119423 ; 0.0551737 ; 0.111068 ; 102.742;
17 ; 18 ; 6 ; 0.049688 ; 0.120146 ; -0.0188197 ; 99.925;
18 ; 18 ; 6 ; 0.146936 ; 0.0625009 ; -0.016487 ; 101.725;
19 ; 18 ; 6 ; 0.123659 ; -0.00975403 ; 0.0316426 ; 101.248;
20 ; 18 ; 6 ; 0.13247 ; 0.0724926 ; -0.0438215 ; 101.963;
21 ; 18 ; 6 ; 0.195001 ; 0.0832168 ; 0.079901 ; 102.983;
4 ; 19 ; 6 ; 0.102302 ; -0.00770849 ; 0.0543833 ; 101.573;
5 ; 19 ; 6 ; 0.144475 ; -0.0243494 ; 0.00427862 ; 105.392;
6 ; 19 ; 6 ; 0.17132 ; 0.00670168 ; -0.0460964 ; 103.445;
7 ; 19 ; 6 ; 0.100989 ; 0.0815448 ; -0.0285131 ; 102.165;
8 ; 19 ; 6 ; 0.146682 ; -0.019753 ; 0.0317086 ; 100.465;
9 ; 19 ; 6 ; 0.200885 ; 0.0841066 ; 0.0161726 ; 99.9175;
10 ; 19 ; 6 ; 0.184559 ; -0.0501582 ; 0.00791832 ; 100.358;
11 ; 19 ; 6 ; 0.159407 ; 0.0395495 ; 0.0744676 ; 100.435;
12 ; 19 ; 6 ; 0.117658 ; -0.0097715 ; 0.0523802 ; 100.037;
13 ; 19 ; 6 ; 0.124461 ; -0.11658 ; -0.0580184 ; 101.65;
14 ; 19 ; 6 ; 0.174432 ; -0.111351 ; -0.0441882 ; 100.767;
15 ; 19 ; 6 ; 0.176713 ; -0.0190009 ; -0.0652071 ; 103.84;
16 ; 19 ; 6 ; 0.0850727 ; -0.0863419 ; 0.0395747 ; 101.898;
17 ; 19 ; 6 ; 0.130577 ; 0.0934115 ; -0.0352613 ; 103.028;
18 ; 19 ; 6 ; 0.13655 ; -0.0496557 ; 0.0253298 ; 100.405;
19 ; 19 ; 6 ; 0.180926 ; 0.0287419 ; -0.0138741 ; 98.7975;
20 ; 19 ; 6 ; 0.101231 ; 0.0364238 ; -0.0292172 ; 100.83;
21 ; 19 ; 6 ; 0.152533 ; -0.010591 ; -0.0246151 ; 101.91;
4 ; 20 ; 6 ; 0.136218 ; 0.0694215 ; 0.00814088 ; 100.75;
5 ; 20 ; 6 ; 0.0980731 ; -0.0744098 ; 0.0419235 ; 101.875;
6 ; 20 ; 6 ; 0.161522 ; -0.00100805 ; -0.0137161 ; 100.685;
7 ; 20 ; 6 ; 0.110475 ; 0.0239467 ; -0.015696 ; 102.727;
8 ; 20 ; 6 ; 0.157004 ; -0.00606594 ; 0.0154712 ; 101.795;
9 ; 20 ; 6 ; 0.0666612 ; 0.0935788 ; -0.0338715 ; 102.19;
10 ; 20 ; 6 ; 0.142275 ; 0.000349773 ; -0.0129255 ; 100.325;
11 ; 20 ; 6 ; 0.104717 ; -0.0505131 ; 0.0176083 ; 102.473;
12 ; 20 ; 6 ; 0.122237 ; 0.0240293 ; 0.0728344 ; 102.748;
13 ; 20 ; 6 ; 0.127156 ; -0.0427594 ; 0.00390324 ; 104.428;
14 ; 20 ; 6 ; 0.189671 ; 0.0424943 ; -0.0426277 ; 99.9675;
15 ; 20 ; 6 ; 0.125575 ; -0.0172258 ; -0.0126668 ; 99.4825;
16 ; 20 ; 6 ; 0.140383 ; 0.0752533 ; -0.0253944 ; 101.312;
17 ; 20 ; 6 ; 0.139107 ; -0.0389929 ; -0.0149851 ; 104.013;
18 ; 20 ; 6 ; 0.205277 ; -0.0870362 ; -0.026462 ; 102.263;
19 ; 20 ; 6 ; 0.176326 ; 0.0310961 ; -0.0115403 ; 98.385;
20 ; 20 ; 6 ; 0.129798 ; -0.0120095 ; -0.0198755 ; 103.057;
21 ; 20 ; 6 ; 0.0910441 ; -0.0345666 ; -0.0377318 ; 102.02;
4 ; 21 ; 6 ; 0.234347 ; -0.0700544 ; 0.0251372 ; 100.93;
5 ; 21 ; 6 ; 0.171627 ; 0.0459436 ; -0.0150754 ; 100.65;
6 ; 21 ; 6 ; 0.197765 ; -0.0579785 ; -0.00116938 ; 100.312;
7 ; 21 ; 6 ; 0.160729 ; -0.0614694 ; 0.0519692 ; 102.258;
8 ; 21 ; 6 ; 0.141952 ; -0.0166798 ; -0.0176516 ; 103.99;
9 ; 21 ; 6 ; 0.111848 ; -0.0061298 ; 0.0357358 ; 99.9025;
10 ; 21 ; 6 ; 0.106333 ; -0.00131647 ; 0.0628196 ; 104.665;
11 ; 21 ; 6 ; 0.203336 ; 0.0442357 ; 0.046596 ; 101.465;
12 ; 21 ; 6 ; 0.112853 ; 0.0986368 ; -0.022379 ; 102.35;
13 ; 21 ; 6 ; 0.111824 ; 0.0602977 ; -0.0769829 ; 101.67;
14 ; 21 ; 6 ; 0.129452 ; -0.105887 ; 0.00609459 ; 102.172;
15 ; 21 ; 6 ; 0.178419 ; -0.0379542 ; 0.0334581 ; 101.737;
16 ; 21 ; 6 ; 0.165456 ; 0.00448138 ; -0.0136622 ; 99.855;
17 ; 21 ; 6 ; 0.153426 ; -0.105896 ; -0.0429016 ; 101.34;
18 ; 21 ; 6 ; 0.12018 ; 0.0328169 ; -0.0128136 ; 104.085;
19 ; 21 ; 6 ; 0.154466 ; -0.0204955 ; 0.0105236 ; 103.298;
20 ; 21 ; 6 ; 0.132038 ; 0.011203 ; -0.0465712 ; 102.203;
21 ; 21 ; 6 ; 0.0966122 ; -0.0587879 ; 0.0222272 ; 102.407;
4 ; 4 ; 7 ; 0.101488 ; -0.0450163 ; 0.00483048 ; 101.172;
5 ; 4 ; 7 ; 0.0521972 ; -0.00920996 ; 0.0638828 ; 102.315;
6 ; 4 ; 7 ; 0.0764927 ; 0.0403681 ; -0.0672188 ; 101.785;
7 ; 4 ; 7 ; 0.0988678 ; -0.0476669 ; 0.0401207 ; 98.7175;
8 ; 4 ; 7 ; 0.130978 ; 0.0325051 ; -0.0127758 ; 101.785;
9 ; 4 ; 7 ; 0.0467167 ; -0.0365532 ; -0.0037274 ; 100.55;
10 ; 4 ; 7 ; -0.00367553 ; 0.0418948 ; -0.000260755 ; 102.45;
11 ; 4 ; 7 ; 0.0830641 ; 0.00196981 ; 0.0568263 ; 102.325;
12 ; 4 ; 7 ; 0.104112 ; -0.0476004 ; -0.0498454 ; 102.57;
13 ; 4 ; 7 ; 0.0915943 ; -0.0498419 ; 0.0150358 ; 103.938;
14 ; 4 ; 7 ; 0.0808323 ; 0.037843 ; 0.0035283 ; 100.877;
15 ; 4 ; 7 ; 0.122686 ; -0.0184243 ; -0.0539354 ; 102.405;
16 ; 4 ; 7 ; 0.10388 ; -0.0439326 ; -0.0200821 ; 101.2;
17 ; 4 ; 7 ; 0.0786425 ; -0.105803 ; 0.00341812 ; 101.242;
18 ; 4 ; 7 ; 0.075222 ; 0.00291615 ; -0.00449731 ; 104.537;
19 ; 4 ; 7 ; 0.0804283 ; -0.0259983 ; 0.0121504 ; 101.655;
20 ; 4 ; 7 ; 0.0972437 ; -0.031848 ; -0.0276761 ; 100.155;
21 ; 4 ; 7 ; 0.079826 ; 0.0294138 ; 0.0404555 ; 101.39;
4 ; 5 ; 7 ; 0.080804 ; 0.0180621 ; 0.0381829 ; 101.743;
5 ; 5 ; 7 ; 0.0988751 ; 0.0213181 ; 0.0159424 ; 103.093;
6 ; 5 ; 7 ; 0.0931912 ; -0.00169767 ; 0.00251143 ; 103.017;
7 ; 5 ; 7 ; 0.109767 ; 0.0312172 ; -0.0924371 ; 100.32;
8 ; 5 ; 7 ; 0.068911 ; -0.0219567 ; 0.0234363 ; 99.64;
9 ; 5 ; 7 ; 0.0434718 ; -0.0244832 ; 0.00622316 ; 101.32;
10 ; 5 ; 7 ; 0.0853523 ; -0.0618206 ; -0.0204932 ; 99.12;
11 ; 5 ; 7 ; 0.10524 ; 0.056107 ; -0.0208626 ; 101.137;
12 ; 5 ; 7 ; 0.0714165 ; -0.0472999 ; -0.00485099 ; 102.135;
13 ; 5 ; 7 ; 0.102685 ; 0.0183133 ; 0.00339878 ; 99.4575;
14 ; 5 ; 7 ; 0.125498 ; 0.0846067 ; -0.0597657 ; 101.49;
15 ; 5 ; 7 ; 0.0836971 ; -0.0227623 ; -0.0197967 ; 105.002;
16 ; 5 ; 7 ; 0.108717 ; -0.0263374 ; -0.0453808 ; 101.793;
17 ; 5 ; 7 ; 0.0323821 ; -0.0625191 ; -0.00348573 ; 100.697;
18 ; 5 ; 7 ; 0.0665247 ; 0.00687396 ; -0.0703831 ; 99.2075;
19 ; 5 ; 7 ; 0.0405662 ; -0.0586821 ; 0.0281998 ; 99.9175;
20 ; 5 ; 7 ; 0.165941 ; 0.0715265 ; 0.0622836 ; 99.7425;
21 ; 5 ; 7 ; 0.0865098 ; -0.0102159 ; 0.0380419 ; 105.04;
4 ; 6 ; 7 ; 0.0318727 ; -0.019416 ; 0.0164415 ; 99.9725;
5 ; 6 ; 7 ; 0.082291 ; 0.0633254 ; -0.0510682 ; 101.748;
6 ; 6 ; 7 ; 0.0447646 ; -0.0648775 ; -0.10363 ; 99.7725;
7 ; 6 ; 7 ; 0.155721 ; -0.0267958 ; -0.072765 ; 100.795;
8 ; 6 ; 7 ; 0.114894 ; -0.0323285 ; 0.0429345 ; 102.098;
9 ; 6 ; 7 ; 0.0912916 ; -0.0800838 ; -0.0283915 ; 101.075;
10 ; 6 ; 7 ; 0.0543024 ; -0.00482849 ; 0.0477504 ; 99.8825;
11 ; 6 ; 7 ; 0.0720317 ; 0.0363047 ; -0.0103766 ; 103.262;
12 ; 6 ; 7 ; 0.0809144 ; 0.036957 ; -0.0360425 ; 100.002;
13 ; 6 ; 7 ; 0.116938 ; 0.0370765 ; -0.00928017 ; 102.362;
14 ; 6 ; 7 ; 0.101252 ; -0.0107551 ; -0.0175943 ; 100.06;
15 ; 6 ; 7 ; 0.107736 ; -0.0303407 ; -0.0325704 ; 100.07;
16 ; 6 ; 7 ; 0.0633885 ; 0.0327234 ; -0.0162066 ; 102.153;
17 ; 6 ; 7 ; 0.150195 ; 0.0155869 ; -0.0145462 ; 100.703;
18 ; 6 ; 7 ; 0.140795 ; 0.0952407 ; 0.00859249 ; 103.347;
19 ; 6 ; 7 ; 0.0623605 ; -0.0236328 ; -0.0055859 ; 104.895;
20 ; 6 ; 7 ; 0.0188391 ; -0.040027 ; 0.00171825 ; 101.135;
21 ; 6 ; 7 ; 0.0611057 ; 0.0398508 ; 0.00766377 ; 102.855;
4 ; 7 ; 7 ; 0.140258 ; 0.042991 ; 0.027248 ; 100.625;
5 ; 7 ; 7 ; 0.0914951 ; -0.000157687 ; 0.0315345 ; 103.305;
6 ; 7 ; 7 ; 0.0443176 ; -0.0373921 ; 0.011764 ; 101.332;
7 ; 7 ; 7 ; 0.0906444 ; 0.0549057 ; 0.0436603 ; 103.62;
8 ; 7 ; 7 ; 0.0804255 ; 0.0349987 ; 0.0135757 ; 102.14;
9 ; 7 ; 7 ; 0.0275294 ; -0.0265866 ; 0.0287004 ; 102.593;
10 ; 7 ; 7 ; 0.0688177 ; -0.0392431 ; -0.0535689 ; 102.16;
11 ; 7 ; 7 ; 0.0876836 ; 0.0410432 ; -0.040976 ; 99.52;
12 ; 7 ; 7 ; 0.139212 ; -0.00659603 ; -0.0519632 ; 101.767;
13 ; 7 ; 7 ; 0.0931441 ; -0.0193414 ; -0.0433644 ; 98.9675;
14 ; 7 ; 7 ; 0.0948565 ; 0.0826355 ; -0.0217733 ; 103.42;
15 ; 7 ; 7 ; 0.052908 ; 0.0311737 ; 0.0126727 ; 104.362;
16 ; 7 ; 7 ; 0.104647 ; -0.00195862 ; -0.0275586 ; 102.322;
17 ; 7 ; 7 ; 0.105934 ; -0.0417741 ; 0.0596807 ; 100.415;
18 ; 7 ; 7 ; 0.124648 ; 0.0651465 ; -0.0346318 ; 99.7575;
19 ; 7 ; 7 ; 0.101923 ; -0.0577086 ; -0.042034 ; 100.793;
20 ; 7 ; 7 ; 0.0509207 ; -0.00626892 ; 0.0308129 ; 101.843;
21 ; 7 ; 7 ; -0.00156544 ; 0.00607859 ; -0.0242168 ; 100.895;
4 ; 8 ; 7 ; 0.0173282 ; 0.00101514 ; 0.0595609 ; 102.64;
5 ; 8 ; 7 ; 0.0718608 ; -0.0532199 ; -0.00039469 ; 99.94;
6 ; 8 ; 7 ; 0.0497987 ; 0.0147687 ; 0.0258748 ; 102.605;
7 ; 8 ; 7 ; 0.0898306 ; 0.017573 ; 0.0146378 ; 103.052;
8 ; 8 ; 7 ; 0.0565394 ; -0.0440691 ; 0.0153805 ; 101.782;
9 ; 8 ; 7 ; 0.0521617 ; 0.0164424 ; -0.0278234 ; 102.3;
10 ; 8 ; 7 ; 0.0530993 ; -0.0693326 ; -0.0702479 ; 104.838;
11 ; 8 ; 7 ; 0.091903 ; -0.0189304 ; 0.00793421 ; 102.2;
12 ; 8 ; 7 ; 0.0351148 ; -0.072999 ; 0.000523403 ; 101.695;
13 ; 8 ; 7 ; 0.0797784 ; 0.0312646 ; -0.0601644 ; 103.53;
14 ; 8 ; 7 ; 0.0813969 ; -0.0107465 ; 0.0109969 ; 103.252;
15 ; 8 ; 7 ; 0.0230644 ; -0.00565298 ; -0.0224351 ; 99.955;
16 ; 8 ; 7 ; 0.0555793 ; -0.0497712 ; 0.0488161 ; 100.613;
17 ; 8 ; 7 ; 0.0873881 ; -0.00165578 ; -0.0175303 ; 103.667;
18 ; 8 ; 7 ; 0.103258 ; 0.0351338 ; 0.0307561 ; 101.475;
19 ; 8 ; 7 ; 0.079782 ; 0.0158353 ; 0.0148181 ; 101.102;
20 ; 8 ; 7 ; 0.0706983 ; -0.00595864 ; -0.0828626 ; 101.44;
21 ; 8 ; 7 ; 0.160454 ; 0.0546531 ; -0.0485148 ; 103.01;
4 ; 9 ; 7 ; 0.00374441 ; 0.00121883 ; 0.0491474 ; 101.847;
5 ; 9 ; 7 ; 0.0742117 ; 0.0333229 ; -0.0116803 ; 103.618;
6 ; 9 ; 7 ; 0.038391 ; -0.0370941 ; -0.0170341 ; 101.218;
7 ; 9 ; 7 ; -0.0237699 ; 0.0292018 ; -0.0575591 ; 101.837;
8 ; 9 ; 7 ; 0.0767464 ; -0.0503276 ; 0.00214038 ; 101.472;
9 ; 9 ; 7 ; 0.11316 ; 0.0428449 ; -0.0453344 ; 102.945;
10 ; 9 ; 7 ; 0.091026 ; -0.0699151 ; -0.0119379 ; 104.795;
11 ; 9 ; 7 ; 0.126024 ; 0.0264524 ; 0.0385718 ; 100.37;
12 ; 9 ; 7 ; 0.0424623 ; 0.00429199 ; -0.0184961 ; 103.055;
13 ; 9 ; 7 ; 0.0938378 ; -0.0681957 ; 0.0762365 ; 101.053;
14 ; 9 ; 7 ; 0.139993 ; 0.0404745 ; 0.0399673 ; 101.638;
15 ; 9 ; 7 ; 0.144736 ; -0.0389396 ; -0.0223714 ; 101.48;
16 ; 9 ; 7 ; 0.17013 ; 0.00781011 ; -0.0446305 ; 100.768;
17 ; 9 ; 7 ; 0.15043 ; 0.0672467 ; 0.0014279 ; 103.13;
18 ; 9 ; 7 ; 0.0878254 ; -0.0571048 ; 0.025899 ; 102.665;
19 ; 9 ; 7 ; 0.0355896 ; -0.0200906 ; 0.0338231 ; 100.45;
20 ; 9 ; 7 ; 0.102498 ; 0.0209304 ; -0.013062 ; 102.192;
21 ; 9 ; 7 ; 0.150377 ; 0.0487132 ; -0.0535758 ; 99.6425;
4 ; 10 ; 7 ; 0.0857495 ; -0.00656819 ; 0.00566104 ; 102.14;
5 ; 10 ; 7 ; 0.0502776 ; 0.0313063 ; -0.0343602 ; 101.295;
6 ; 10 ; 7 ; 0.0525483 ; -0.0489088 ; 0.0760769 ; 101.215;
7 ; 10 ; 7 ; 0.158107 ; -0.0436293 ; 0.0534035 ; 103.92;
8 ; 10 ; 7 ; 0.058075 ; -0.0629353 ; 0.0278641 ; 102.425;
9 ; 10 ; 7 ; 0.0478101 ; -0.00168955 ; -0.00752808 ; 103.315;
10 ; 10 ; 7 ; 0.126825 ; 0.0500418 ; -0.056728 ; 103.135;
11 ; 10 ; 7 ; 0.0414575 ; 0.0649064 ; -0.00947872 ; 102.33;
12 ; 10 ; 7 ; 0.109515 ; 0.0380108 ; -0.00306458 ; 103.835;
13 ; 10 ; 7 ; 0.0502559 ; -0.00992265 ; -0.0429534 ; 103.093;
14 ; 10 ; 7 ; 0.0276564 ; 0.062292 ; -0.0381832 ; 102.102;
15 ; 10 ; 7 ; 0.122875 ; 0.0481463 ; -0.0468052 ; 102.285;
16 ; 10 ; 7 ; 0.0847523 ; -0.0129271 ; -0.0101032 ; 101.113;
17 ; 10 ; 7 ; 0.0867201 ; -0.0518913 ; -0.0184059 ; 101.35;
18 ; 10 ; 7 ; 0.0744099 ; -0.00711821 ; -0.0582657 ; 104.12;
19 ; 10 ; 7 ; 0.124806 ; -0.0166452 ; -0.0368736 ; 101.05;
20 ; 10 ; 7 ; 0.148652 ; -0.00952636 ; 0.00803638 ; 100.812;
21 ; 10 ; 7 ; 0.138905 ; -0.0984524 ; -0.0517933 ; 104.213;
4 ; 11 ; 7 ; -0.0498203 ; -0.034766 ; 0.0113466 ; 101.162;
5 ; 11 ; 7 ; 0.0965936 ; 0.0176446 ; -0.0366914 ; 100.845;
6 ; 11 ; 7 ; 0.0883598 ; 0.0609927 ; 0.0175581 ; 102.262;
7 ; 11 ; 7 ; 0.0708347 ; -0.0547905 ; 0.0848201 ; 103.01;
8 ; 11 ; 7 ; 0.175654 ; -0.0294929 ; 0.0113463 ; 101.805;
9 ; 11 ; 7 ; 0.0807511 ; -0.00934385 ; 0.00382143 ; 103.222;
10 ; 11 ; 7 ; 0.116748 ; -0.0454947 ; 0.0500992 ; 102.4;
11 ; 11 ; 7 ; 0.0869426 ; -0.0323706 ; -0.0226316 ; 101.025;
12 ; 11 ; 7 ; 0.0290007 ; 0.0243993 ; -0.0335247 ; 102.195;
13 ; 11 ; 7 ; -0.00498498 ; -0.0318158 ; 0.00828823 ; 102.115;
14 ; 11 ; 7 ; 0.0806707 ; -0.0292228 ; -0.00703537 ; 102.768;
15 ; 11 ; 7 ; 0.0668138 ; 0.0177771 ; 0.00706895 ; 104.123;
16 ; 11 ; 7 ; 0.0294418 ; 0.0101273 ; 0.020707 ; 99.44;
17 ; 11 ; 7 ; 0.0581984 ; -0.0439619 ; -0.0216231 ; 102.695;
18 ; 11 ; 7 ; 0.0960263 ; 0.0245109 ; -0.0174202 ; 100.115;
19 ; 11 ; 7 ; 0.0451318 ; -0.00481699 ; 0.00691841 ; 100.503;
20 ; 11 ; 7 ; 0.109995 ; -0.0801862 ; 0.0273096 ; 103.485;
21 ; 11 ; 7 ; 0.113994 ; -0.0210555 ; -0.0584532 ; 100.75;
4 ; 12 ; 7 ; 0.0312911 ; 0.0185551 ; -0.019608 ; 99.645;
5 ; 12 ; 7 ; 0.0456956 ; 0.125218 ; -0.0117018 ; 102.7;
6 ; 12 ; 7 ; 0.0243729 ; 0.0536954 ; 0.00803838 ; 101.45;
7 ; 12 ; 7 ; 0.055334 ; 0.00847052 ; 0.0274618 ; 99.45;
8 ; 12 ; 7 ; 0.0153138 ; -0.0533164 ; 0.0276145 ; 101.382;
9 ; 12 ; 7 ; 0.0902924 ; -0.0558984 ; 0.0257251 ; 101.048;
10 ; 12 ; 7 ; 0.068574 ; -0.0574824 ; -0.012076 ; 100.855;
11 ; 12 ; 7 ; 0.0746506 ; -0.0513004 ; -0.0568957 ; 103.537;
12 ; 12 ; 7 ; 0.0365018 ; -0.0977067 ; 0.0174411 ; 101.088;
13 ; 12 ; 7 ; 0.0491735 ; -0.0413328 ; -0.00335444 ; 104.34;
14 ; 12 ; 7 ; 0.0338315 ; -0.0168727 ; 0.0584554 ; 102.738;
15 ; 12 ; 7 ; 0.0782917 ; -0.0225425 ; 0.0829464 ; 102.183;
16 ; 12 ; 7 ; 0.075965 ; -0.0229363 ; 0.0497413 ; 100.115;
17 ; 12 ; 7 ; 0.072029 ; -0.00704914 ; -0.0118864 ; 101.928;
18 ; 12 ; 7 ; 0.0443808 ; 0.0241119 ; -0.0513087 ; 102.032;
19 ; 12 ; 7 ; 0.0621735 ; 0.0667344 ; -0.015723 ; 103.34;
20 ; 12 ; 7 ; 0.0187337 ; 0.036654 ; 0.00892699 ; 102.04;
21 ; 12 ; 7 ; 0.0868084 ; 0.0150275 ; -0.0139634 ; 99.9075;
4 ; 13 ; 7 ; 0.0971856 ; 0.0791613 ; -0.0481398 ; 103.19;
5 ; 13 ; 7 ; 0.0451805 ; 0.0275658 ; -0.046496 ; 101.983;
6 ; 13 ; 7 ; 0.0833701 ; 0.00121219 ; -0.0233022 ; 102.502;
7 ; 13 ; 7 ; 0.128851 ; 0.0148056 ; 0.0382935 ; 103.618;
8 ; 13 ; 7 ; 0.0381721 ; 0.0283613 ; 0.0112586 ; 102.105;
9 ; 13 ; 7 ; 0.094887 ; 0.053729 ; -0.00433984 ; 102.758;
10 ; 13 ; 7 ; 0.0420255 ; -0.0253434 ; -0.0587646 ; 99.54;
11 ; 13 ; 7 ; 0.104706 ; -0.0799254 ; -0.0868448 ; 101.79;
12 ; 13 ; 7 ; 0.0549101 ; -0.0310815 ; 0.0125968 ; 102.63;
13 ; 13 ; 7 ; 0.076951 ; -0.0127835 ; 0.00786307 ; 101.422;
14 ; 13 ; 7 ; 0.0185389 ; -0.00676069 ; -0.0230369 ; 99.8825;
15 ; 13 ; 7 ; 0.0647782 ; -0.0340233 ; 0.0178789 ; 102.465;
16 ; 13 ; 7 ; 0.103954 ; -0.0266499 ; -0.0114782 ; 103.475;
17 ; 13 ; 7 ; 0.0818273 ; 0.00978865 ; 0.0122033 ; 102.86;
18 ; 13 ; 7 ; 0.145389 ; 0.00439529 ; -0.0257812 ; 101.257;
19 ; 13 ; 7 ; 0.0940772 ; 0.0597373 ; -0.0109918 ; 101.21;
20 ; 13 ; 7 ; 0.095929 ; 0.0293924 ; 0.00928451 ; 101.037;
21 ; 13 ; 7 ; 0.0608603 ; -0.032668 ; 0.0290768 ; 102.76;
4 ; 14 ; 7 ; 0.016156 ; -0.0514482 ; 0.0414222 ; 102.125;
5 ; 14 ; 7 ; 0.00387379 ; 0.0612139 ; -0.0703192 ; 101.715;
6 ; 14 ; 7 ; 0.0883827 ; -0.0202784 ; 0.0221601 ; 100.79;
7 ; 14 ; 7 ; 0.0567172 ; 0.0215179 ; -0.0137027 ; 101.615;
8 ; 14 ; 7 ; 0.0351083 ; -0.00583047 ; 0.0495991 ; 103.873;
9 ; 14 ; 7 ; 0.082503 ; -0.020476 ; -0.0417753 ; 102.493;
10 ; 14 ; 7 ; 0.0739532 ; 0.0302248 ; -0.0962385 ; 101.43;
11 ; 14 ; 7 ; 0.0299427 ; -0.0543503 ; 0.0804766 ; 102.942;
12 ; 14 ; 7 ; 0.073848 ; 0.0459868 ; -0.0451886 ; 102.695;
13 ; 14 ; 7 ; 0.123533 ; -0.0618416 ; -0.00384939 ; 102.118;
14 ; 14 ; 7 ; 0.0462811 ; 0.0392844 ; -0.0044386 ; 101.635;
15 ; 14 ; 7 ; 0.0439539 ; 0.00533824 ; -0.104699 ; 100.005;
16 ; 14 ; 7 ; 0.0592175 ; 0.0880103 ; 0.0483835 ; 102.04;
17 ; 14 ; 7 ; 0.0160501 ; 0.00901829 ; 0.0608609 ; 101.625;
18 ; 14 ; 7 ; 0.115266 ; 0.00854099 ; -0.0122801 ; 102.545;
19 ; 14 ; 7 ; -0.0212412 ; -0.0252153 ; -0.0442707 ; 106.282;
20 ; 14 ; 7 ; 0.0911809 ; 0.0179694 ; -0.00614498 ; 100.602;
21 ; 14 ; 7 ; 0.0495404 ; -0.0460426 ; -0.0730708 ; 100.233;
4 ; 15 ; 7 ; 0.0181275 ; 0.0246186 ; 0.00456203 ; 101.52;
5 ; 15 ; 7 ; 0.0189229 ; -0.0258387 ; -0.0303978 ; 100.675;
6 ; 15 ; 7 ; 0.12878 ; -0.0343844 ; -0.0334904 ; 99.7925;
7 ; 15 ; 7 ; 0.106825 ; 0.016003 ; 0.0123928 ; 102.82;
8 ; 15 ; 7 ; 0.0309598 ; 0.0247668 ; -0.00792603 ; 99.42;
9 ; 15 ; 7 ; 0.0835229 ; -0.0347594 ; 0.0187764 ; 101.705;
10 ; 15 ; 7 ; 0.067504 ; 0.037336 ; -0.00657149 ; 101.78;
11 ; 15 ; 7 ; 0.117519 ; 0.00268762 ; -0.00987286 ; 99.535;
12 ; 15 ; 7 ; 0.0938006 ; -0.0243781 ; -0.0268067 ; 99.48;
13 ; 15 ; 7 ; 0.0937498 ; -0.0657651 ; 0.000752773 ; 102.47;
14 ; 15 ; 7 ; 0.0542309 ; 0.000914605 ; 0.0238345 ; 99.9425;
15 ; 15 ; 7 ; -0.00209625 ; -0.0618178 ; 0.0260045 ; 102.43;
16 ; 15 ; 7 ; 0.043389 ; -0.0404554 ; -0.0597356 ; 102.032;
17 ; 15 ; 7 ; 0.0322497 ; -0.0492544 ; 0.00762313 ; 100.007;
18 ; 15 ; 7 ; 0.0485901 ; 0.0429662 ; -0.00544402 ; 102.285;
19 ; 15 ; 7 ; 0.126014 ; 0.0383315 ; 0.0239336 ; 101.235;
20 ; 15 ; 7 ; -0.000115434 ; -0.00111104 ; -0.00839422 ; 100.255;
21 ; 15 ; 7 ; 0.0826702 ; -0.0002817 ; -0.0171281 ; 102.625;
4 ; 16 ; 7 ; 0.0718072 ; 0.0431881 ; 0.00473442 ; 101.297;
5 ; 16 ; 7 ; 0.0994187 ; -0.0306112 ; 0.063096 ; 104.882;
6 ; 16 ; 7 ; 0.108036 ; -0.0347084 ; 0.0463731 ; 100.07;
7 ; 16 ; 7 ; 0.106333 ; 0.114254 ; 0.0197 ; 100.56;
8 ; 16 ; 7 ; 0.107017 ; -0.00395637 ; -0.0284471 ; 101.803;
9 ; 16 ; 7 ; 0.100635 ; -0.0521741 ; -0.0394225 ; 101.207;
10 ; 16 ; 7 ; 0.09366 ; 0.0394799 ; -0.0400614 ; 101.01;
11 ; 16 ; 7 ; 0.116487 ; 0.030455 ; 0.0768197 ; 100.742;
12 ; 16 ; 7 ; 0.156584 ; 0.0871343 ; 0.0186132 ; 101.147;
13 ; 16 ; 7 ; 0.0485635 ; -0.0572591 ; 0.00354417 ; 100.68;
14 ; 16 ; 7 ; 0.0934872 ; -0.00535056 ; 0.042729 ; 99.85;
15 ; 16 ; 7 ; 0.0243258 ; -0.0710788 ; 0.0223231 ; 101.865;
16 ; 16 ; 7 ; 0.0393588 ; -0.127438 ; -0.0183953 ; 101.075;
17 ; 16 ; 7 ; 0.0929386 ; -0.0674831 ; -0.0655395 ; 101.448;
18 ; 16 ; 7 ; 0.0285943 ; -0.014786 ; -0.0620045 ; 104.165;
19 ; 16 ; 7 ; -0.0279889 ; -0.00987297 ; -0.0398236 ; 100.705;
20 ; 16 ; 7 ; 0.0618949 ; -0.0148467 ; -0.027339 ; 100.91;
21 ; 16 ; 7 ; 0.0780117 ; -0.0127843 ; -0.0257468 ; 102.023;
4 ; 17 ; 7 ; 0.0117777 ; 0.0270011 ; -0.0534413 ; 102.515;
5 ; 17 ; 7 ; 0.0457267 ; -0.0407227 ; 0.0258109 ; 99.8425;
6 ; 17 ; 7 ; 0.0738631 ; -0.0700602 ; 0.00455519 ; 104.462;
7 ; 17 ; 7 ; 0.0760931 ; 0.01777 ; -0.0632573 ; 103.752;
8 ; 17 ; 7 ; 0.0227392 ; 0.0107321 ; -0.00341643 ; 102.24;
9 ; 17 ; 7 ; 0.0750643 ; -0.0242947 ; -0.0287095 ; 99.815;
10 ; 17 ; 7 ; 0.100067 ; 0.0869245 ; -0.0280428 ; 102.013;
11 ; 17 ; 7 ; 0.0908086 ; 0.0196668 ; -0.0313044 ; 101.788;
12 ; 17 ; 7 ; -0.00341447 ; 0.104935 ; -0.0581178 ; 105.99;
13 ; 17 ; 7 ; 0.0901473 ; 0.0551515 ; 0.0271489 ; 100.207;
14 ; 17 ; 7 ; 0.00357444 ; 0.0696022 ; -0.00429207 ; 101.532;
15 ; 17 ; 7 ; 0.0807873 ; -0.00363867 ; -0.033838 ; 102.88;
16 ; 17 ; 7 ; 0.0944479 ; -0.118045 ; 0.00964513 ; 103.005;
17 ; 17 ; 7 ; 0.0726557 ; 0.0125916 ; -0.0655881 ; 101.257;
18 ; 17 ; 7 ; 0.0669954 ; -0.0482554 ; -0.059718 ; 102.737;
19 ; 17 ; 7 ; 0.0304003 ; -0.0343106 ; 0.0249221 ; 99.555;
20 ; 17 ; 7 ; 0.0379397 ; 0.0106491 ; -0.0740167 ; 101.758;
21 ; 17 ; 7 ; 0.110725 ; 0.00651828 ; 0.049599 ; 101.315;
4 ; 18 ; 7 ; 0.101864 ; 0.0671021 ; -0.0155423 ; 101.455;
5 ; 18 ; 7 ; 0.0525282 ; 0.10082 ; 0.0211033 ; 101.662;
6 ; 18 ; 7 ; 0.0318842 ; 0.0388023 ; 0.0382575 ; 99.4375;
7 ; 18 ; 7 ; 0.139377 ; -0.0402572 ; 0.0899758 ; 102.688;
8 ; 18 ; 7 ; 0.148745 ; -0.0320963 ; 0.012571 ; 101.22;
9 ; 18 ; 7 ; 0.0436738 ; 0.0504759 ; 0.00692726 ; 101.218;
10 ; 18 ; 7 ; 0.0654203 ; 0.0464357 ; 0.0698239 ; 102.67;
11 ; 18 ; 7 ; 0.129419 ; -0.0146545 ; -0.0152204 ; 102.015;
12 ; 18 ; 7 ; 0.0456911 ; 0.025864 ; -0.0341191 ; 102.71;
13 ; 18 ; 7 ; 0.064964 ; 0.0338124 ; 0.0492861 ; 104.065;
14 ; 18 ; 7 ; 0.0484968 ; 0.00851427 ; 0.0175709 ; 102.627;
15 ; 18 ; 7 ; 0.0551375 ; -0.088272 ; -0.0604005 ; 103.17;
16 ; 18 ; 7 ; 0.0386043 ; -0.00391246 ; 0.0127009 ; 101.772;
17 ; 18 ; 7 ; 0.0956533 ; -0.028639 ; 0.0236338 ; 101.145;
18 ; 18 ; 7 ; 0.103879 ; -0.122206 ; -0.0097613 ; 101.085;
19 ; 18 ; 7 ; 0.0786683 ; 0.008947 ; 0.0255808 ; 100.477;
20 ; 18 ; 7 ; 0.115998 ; -0.0197129 ; 0.0393491 ; 101.535;
21 ; 18 ; 7 ; 0.0960993 ; 0.0600309 ; 0.0396762 ; 100.523;
4 ; 19 ; 7 ; 0.0175862 ; -0.00765887 ; -0.0348892 ; 100.968;
5 ; 19 ; 7 ; 0.0562326 ; 0.0650156 ; -0.0208759 ; 99.8275;
6 ; 19 ; 7 ; 0.0415054 ; 0.0685071 ; -0.00315083 ; 101.9;
7 ; 19 ; 7 ; 0.121788 ; -0.00646991 ; -0.0149723 ; 100.495;
8 ; 19 ; 7 ; 0.0617505 ; 0.00779514 ; -0.00623176 ; 101.412;
9 ; 19 ; 7 ; 0.0211732 ; 0.00381803 ; 0.0422459 ; 100.438;
10 ; 19 ; 7 ; 0.0689583 ; -0.0212538 ; 0.0687749 ; 103.033;
11 ; 19 ; 7 ; 0.0556415 ; 0.0341747 ; 0.0500424 ; 101.472;
12 ; 19 ; 7 ; 0.120288 ; 0.00767399 ; 0.0434968 ; 102.612;
13 ; 19 ; 7 ; 0.0571266 ; 0.00286861 ; -0.00496834 ; 102.097;
14 ; 19 ; 7 ; 0.109447 ; -0.0163941 ; 0.0402893 ; 104.062;
15 ; 19 ; 7 ; 0.0322642 ; -0.0608858 ; 0.00175306 ; 104.695;
16 ; 19 ; 7 ; 0.115481 ; -0.0537098 ; 0.0138962 ; 100.808;
17 ; 19 ; 7 ; 0.097576 ; -0.0383242 ; -0.0478 ; 101.468;
18 ; 19 ; 7 ; 0.058821 ; -0.0988675 ; -0.0356478 ; 101.295;
19 ; 19 ; 7 ; 0.0629129 ; -0.00303423 ; -0.0407985 ; 103.558;
20 ; 19 ; 7 ; 0.061333 ; -0.0201488 ; -0.0115841 ; 103.922;
21 ; 19 ; 7 ; 0.118026 ; -0.021452 ; -0.0243451 ; 100.797;
4 ; 20 ; 7 ; 0.111645 ; -0.0080986 ; 0.0403167 ; 102.39;
5 ; 20 ; 7 ; -0.0409661 ; 0.055311 ; 0.0619167 ; 102.002;
6 ; 20 ; 7 ; 0.109588 ; -0.00720278 ; -0.0125896 ; 102.828;
7 ; 20 ; 7 ; 0.0790112 ; 0.0503234 ; 0.0236738 ; 102.722;
8 ; 20 ; 7 ; -0.0612154 ; -0.0129763 ; 0.0673789 ; 103.077;
9 ; 20 ; 7 ; 0.0363214 ; 0.00290118 ; -0.0195364 ; 101.985;
10 ; 20 ; 7 ; 0.0547656 ; -0.0344565 ; 0.0286711 ; 103.81;
11 ; 20 ; 7 ; 0.0541794 ; -0.0987847 ; 0.00300446 ; 99.6125;
12 ; 20 ; 7 ; 0.0485372 ; 0.00956727 ; 0.0293989 ; 100.22;
13 ; 20 ; 7 ; 0.179715 ; 0.0098307 ; -0.00185199 ; 100.907;
14 ; 20 ; 7 ; 0.0263777 ; 0.0562576 ; 0.00322398 ; 99.67;
15 ; 20 ; 7 ; 0.0717289 ; 0.0225361 ; -0.0439825 ; 99.12;
16 ; 20 ; 7 ; 0.0331148 ; -0.0140256 ; 0.074625 ; 103.285;
17 ; 20 ; 7 ; -0.00105893 ; -0.0286347 ; -0.0398414 ; 99.68;
18 ; 20 ; 7 ; 0.0349358 ; -0.025569 ; 0.0135427 ; 99.225;
19 ; 20 ; 7 ; 0.0902472 ; -0.0119422 ; 0.00958529 ; 102.22;
20 ; 20 ; 7 ; 0.0379263 ; -0.0386434 ; -0.0262206 ; 101.727;
21 ; 20 ; 7 ; 0.113217 ; -0.0063617 ; -0.00112409 ; 100.185;
4 ; 21 ; 7 ; 0.0918749 ; -0.0212196 ; 0.00255903 ; 100.907;
5 ; 21 ; 7 ; 0.077201 ; 0.00821556 ; 0.0251676 ; 99.0375;
6 ; 21 ; 7 ; 0.10012 ; 0.0287232 ; 0.00219444 ; 100.4;
7 ; 21 ; 7 ; 0.0695338 ; 0.00522592 ; -0.015431 ; 101.773;
8 ; 21 ; 7 ; 0.117392 ; 0.0169421 ; -0.021109 ; 102.632;
9 ; 21 ; 7 ; 0.0914563 ; -0.0474328 ; 0.0257056 ; 99.4275;
10 ; 21 ; 7 ; 0.153293 ; -0.00711003 ; -0.00153682 ; 103.377;
11 ; 21 ; 7 ; 0.0698251 ; 0.0148095 ; 0.00182136 ; 101.622;
12 ; 21 ; 7 ; 0.0368111 ; 0.00159615 ; 0.0585582 ; 102.135;
13 ; 21 ; 7 ; 0.0139837 ; 0.0677966 ; -0.0489105 ; 98.6075;
14 ; 21 ; 7 ; 0.0279103 ; -0.0290474 ; 0.0182678 ; 105.278;
15 ; 21 ; 7 ; 0.108046 ; 0.00198365 ; -0.0491963 ; 102.933;
16 ; 21 ; 7 ; 0.117345 ; -0.0447996 ; 0.0412144 ; 102.875;
17 ; 21 ; 7 ; 0.0367442 ; 0.0389672 ; -0.0543314 ; 104.29;
18 ; 21 ; 7 ; 0.0252093 ; -0.00994364 ; -0.0394138 ; 101.02;
19 ; 21 ; 7 ; 0.0115824 ; 0.0728743 ; -0.0285956 ; 101.213;
20 ; 21 ; 7 ; 0.0795307 ; -0.026326 ; 0.00524834 ; 103.72;
21 ; 21 ; 7 ; -0.000116474 ; -0.0115727 ; -0.0608457 ; 99.7775;
4 ; 4 ; 8 ; 0.119379 ; -0.00480346 ; -0.0368462 ; 102.05;
5 ; 4 ; 8 ; 0.044682 ; -0.0437609 ; 0.0153013 ; 102.492;
6 ; 4 ; 8 ; 0.0425362 ; 0.0193556 ; -0.00474311 ; 100.268;
7 ; 4 ; 8 ; 0.114256 ; 0.0115469 ; 0.0295692 ; 104.737;
8 ; 4 ; 8 ; 0.0599026 ; -0.0916421 ; 0.0584479 ; 102.192;
9 ; 4 ; 8 ; 0.0194759 ; 0.0532539 ; 0.0362575 ; 102.262;
10 ; 4 ; 8 ; -0.00141458 ; -0.0336711 ; 0.017054 ; 100.083;
11 ; 4 ; 8 ; -0.0110263 ; 0.0160528 ; 0.0457464 ; 101.095;
12 ; 4 ; 8 ; 0.0268147 ; -0.0578674 ; 0.0502879 ; 104.115;
13 ; 4 ; 8 ; -0.00887618 ; 0.0489824 ; 0.00609534 ; 102.088;
14 ; 4 ; 8 ; 0.0384159 ; 0.00132998 ; -0.0221647 ; 103.043;
15 ; 4 ; 8 ; 0.0489582 ; 0.0572794 ; 0.0530497 ; 103.225;
16 ; 4 ; 8 ; 0.0473957 ; 0.0379597 ; -0.00793776 ; 104.215;
17 ; 4 ; 8 ; 0.0198617 ; -0.0234876 ; 0.00742075 ; 100.668;
18 ; 4 ; 8 ; 0.0079002 ; 0.018239 ; 0.000215043 ; 102.217;
19 ; 4 ; 8 ; -0.00654921 ; 0.0976405 ; 0.0429063 ; 100.263;
20 ; 4 ; 8 ; -0.0126952 ; -0.00722527 ; -0.018332 ; 103.44;
21 ; 4 ; 8 ; 0.0717386 ; 0.0517868 ; 0.0144362 ; 99.7;
4 ; 5 ; 8 ; -0.0134118 ; -0.00464686 ; 0.0267139 ; 100.887;
5 ; 5 ; 8 ; 0.0712211 ; 0.0262227 ; -0.00628309 ; 102;
6 ; 5 ; 8 ; 0.0509857 ; -0.0273009 ; -0.0128832 ; 103.227;
7 ; 5 ; 8 ; 0.126321 ; 0.0435941 ; -0.0241232 ; 104.24;
8 ; 5 ; 8 ; 0.109355 ; -0.0395591 ; 0.0259382 ; 101.55;
9 ; 5 ; 8 ; 0.0393045 ; 0.00892709 ; 0.0929646 ; 102.835;
10 ; 5 ; 8 ; 0.0908409 ; 0.0183087 ; 0.0134545 ; 103.032;
11 ; 5 ; 8 ; -0.0262081 ; -0.0432598 ; 0.0080411 ; 100.655;
12 ; 5 ; 8 ; 0.0178351 ; 0.0278071 ; 0.0359935 ; 99.345;
13 ; 5 ; 8 ; 0.038635 ; 0.0295325 ; -0.0846456 ; 101.92;
14 ; 5 ; 8 ; -0.0118171 ; 0.0273986 ; -0.00542536 ; 100.425;
15 ; 5 ; 8 ; 0.0220872 ; -0.0126154 ; 0.0189062 ; 102.703;
16 ; 5 ; 8 ; 0.0925649 ; -0.0463379 ; 0.005471 ; 103.035;
17 ; 5 ; 8 ; 0.0381617 ; -0.02312 ; 0.0172053 ; 101.463;
18 ; 5 ; 8 ; 0.0637591 ; -0.0592086 ; -0.0382122 ; 98.9425;
19 ; 5 ; 8 ; -0.0277556 ; -0.030473 ; 0.00916152 ; 102.94;
20 ; 5 ; 8 ; 0.0087007 ; -0.0159819 ; -0.0120324 ; 101.403;
21 ; 5 ; 8 ; 0.0336086 ; -0.0233946 ; -0.0189104 ; 99.2725;
4 ; 6 ; 8 ; 0.102135 ; -0.0350693 ; 0.0270421 ; 100.64;
5 ; 6 ; 8 ; 0.0132479 ; -0.0168035 ; 0.0161514 ; 100.95;
6 ; 6 ; 8 ; 0.127916 ; -0.0397716 ; -0.0398869 ; 102.79;
7 ; 6 ; 8 ; 0.0574765 ; -0.00321925 ; -0.0200544 ; 101.777;
8 ; 6 ; 8 ; 0.0812921 ; -0.0231013 ; 0.0377843 ; 105.195;
9 ; 6 ; 8 ; -0.0306312 ; 0.00563217 ; -0.0339968 ; 101.897;
10 ; 6 ; 8 ; 0.0626675 ; 0.062887 ; 0.0103171 ; 103.293;
11 ; 6 ; 8 ; 0.0676224 ; 0.0178321 ; -0.0633695 ; 102.915;
12 ; 6 ; 8 ; 0.0609392 ; 0.0237041 ; 0.00321925 ; 101.415;
13 ; 6 ; 8 ; 0.0488975 ; 0.00890457 ; 0.0175798 ; 99.285;
14 ; 6 ; 8 ; 0.0381086 ; 0.0258872 ; -0.0121523 ; 104.532;
15 ; 6 ; 8 ; -0.0062602 ; -0.0385966 ; -0.0548361 ; 102.045;
16 ; 6 ; 8 ; 0.0675376 ; -0.0789147 ; -0.0465031 ; 101.86;
17 ; 6 ; 8 ; 0.0866959 ; 0.0134538 ; 0.0270527 ; 103.713;
18 ; 6 ; 8 ; 0.018135 ; 0.01527 ; -0.0256393 ; 99.0325;
19 ; 6 ; 8 ; 0.0463521 ; 0.0131912 ; 0.050019 ; 101.243;
20 ; 6 ; 8 ; 0.0326069 ; 0.0649054 ; -0.0790727 ; 101.91;
21 ; 6 ; 8 ; 0.0285651 ; -0.0607089 ; 0.00874553 ; 101.582;
4 ; 7 ; 8 ; -0.0352043 ; 0.0248689 ; 0.00938607 ; 101.015;
5 ; 7 ; 8 ; 0.0582668 ; 0.0276995 ; 0.00940142 ; 100.368;
6 ; 7 ; 8 ; 0.0609703 ; -0.0435968 ; 0.000910615 ; 101.593;
7 ; 7 ; 8 ; 0.0413493 ; 0.0649975 ; 0.114847 ; 101.285;
8 ; 7 ; 8 ; 0.0241681 ; 0.0575388 ; 0.00121871 ; 101.713;
9 ; 7 ; 8 ; 0.0472882 ; -0.0690742 ; 0.0111665 ; 101.975;
10 ; 7 ; 8 ; 0.0734651 ; 0.0382233 ; -0.0468363 ; 101.395;
11 ; 7 ; 8 ; 0.0198447 ; 0.0113303 ; -0.0657663 ; 101.688;
12 ; 7 ; 8 ; 0.0548783 ; -0.0239296 ; -0.00148724 ; 101.425;
13 ; 7 ; 8 ; 0.0689915 ; 0.0360103 ; -0.106846 ; 99.635;
14 ; 7 ; 8 ; 0.03855 ; -0.0246515 ; 0.0741903 ; 102.555;
15 ; 7 ; 8 ; 0.0639321 ; -0.0290758 ; 0.0213508 ; 100.67;
16 ; 7 ; 8 ; 0.0254521 ; -0.0299829 ; -0.0402297 ; 101.532;
17 ; 7 ; 8 ; 0.0361041 ; 0.0291882 ; 0.0683827 ; 104.96;
18 ; 7 ; 8 ; 0.0590625 ; -0.0916174 ; 0.00548984 ; 101.935;
19 ; 7 ; 8 ; -0.000558428 ; 0.0150845 ; -0.00714905 ; 100.15;
20 ; 7 ; 8 ; 0.0395156 ; -0.00689846 ; -0.0115346 ; 99.695;
21 ; 7 ; 8 ; 0.0470934 ; -0.0108735 ; 0.0426167 ; 101.135;
4 ; 8 ; 8 ; 0.0337173 ; 0.0805239 ; 0.155866 ; 101.325;
5 ; 8 ; 8 ; 0.0734005 ; 0.0277898 ; 0.0844739 ; 100.347;
6 ; 8 ; 8 ; 0.0438527 ; 0.0303079 ; 0.021276 ; 101.14;
7 ; 8 ; 8 ; 0.00442883 ; -0.0120632 ; 0.0405387 ; 101.727;
8 ; 8 ; 8 ; 0.0866953 ; -0.0514024 ; 0.040051 ; 101.903;
9 ; 8 ; 8 ; -0.0093232 ; -0.0256159 ; 0.0544549 ; 100.2;
10 ; 8 ; 8 ; 0.0554624 ; 0.00865333 ; 0.0109333 ; 100.213;
11 ; 8 ; 8 ; 0.0920433 ; 0.0241582 ; 0.00909466 ; 100.815;
12 ; 8 ; 8 ; 0.0565547 ; -0.0547963 ; -0.0204999 ; 102.205;
13 ; 8 ; 8 ; 0.0394515 ; 0.0209121 ; 0.00482571 ; 105.148;
14 ; 8 ; 8 ; 0.0635 ; 0.0206285 ; 0.0256347 ; 102.638;
15 ; 8 ; 8 ; 0.00522754 ; -0.0585551 ; -0.0126559 ; 100.927;
16 ; 8 ; 8 ; 0.0580327 ; 0.0530338 ; 0.0298736 ; 101.737;
17 ; 8 ; 8 ; 0.0366102 ; 0.0323856 ; -0.0339181 ; 100.082;
18 ; 8 ; 8 ; 0.0884113 ; 0.0187733 ; -0.00214079 ; 102.287;
19 ; 8 ; 8 ; 0.0313011 ; -0.014978 ; 0.0140394 ; 103.267;
20 ; 8 ; 8 ; 0.0471151 ; -0.0827313 ; -0.084215 ; 101.597;
21 ; 8 ; 8 ; 0.0687509 ; -0.0212292 ; 0.0481896 ; 100.35;
4 ; 9 ; 8 ; 0.0662953 ; -0.0529599 ; 0.0150197 ; 101.733;
5 ; 9 ; 8 ; 0.0033588 ; -0.00885406 ; 0.00586841 ; 103.188;
6 ; 9 ; 8 ; -0.0144848 ; 0.0282011 ; 0.00708733 ; 102.377;
7 ; 9 ; 8 ; 0.0284353 ; -0.00779826 ; 0.0979409 ; 100.51;
8 ; 9 ; 8 ; 0.0487232 ; -0.0291077 ; 0.0266813 ; 103.5;
9 ; 9 ; 8 ; 0.00478189 ; 0.00157874 ; -0.0283187 ; 98.8025;
10 ; 9 ; 8 ; 0.00675574 ; -0.0300166 ; 0.0252572 ; 103.31;
11 ; 9 ; 8 ; 0.0233052 ; 0.0106287 ; -0.0132954 ; 101.355;
12 ; 9 ; 8 ; 0.0547621 ; -0.0085387 ; 0.00423081 ; 100.392;
13 ; 9 ; 8 ; -0.0139272 ; -0.0422653 ; -0.0202501 ; 102.745;
14 ; 9 ; 8 ; 0.0565675 ; -0.0155261 ; -0.00928415 ; 100.803;
15 ; 9 ; 8 ; 0.0359743 ; -0.0701932 ; -0.0205166 ; 103.413;
16 ; 9 ; 8 ; 0.0273732 ; 0.0268796 ; -0.0218386 ; 99.1;
17 ; 9 ; 8 ; 0.0512112 ; -0.0946676 ; 0.0303747 ; 105.99;
18 ; 9 ; 8 ; 0.12329 ; -0.0724444 ; 0.00240213 ; 103.18;
19 ; 9 ; 8 ; 0.0763859 ; -0.0402296 ; -0.047377 ; 102.385;
20 ; 9 ; 8 ; 0.022814 ; -0.0240475 ; 0.00877427 ; 102.193;
21 ; 9 ; 8 ; 0.0175717 ; -0.038466 ; 0.0159649 ; 104.325;
4 ; 10 ; 8 ; -0.0189161 ; 0.0246435 ; 0.0166529 ; 101.998;
5 ; 10 ; 8 ; 0.0626059 ; -0.00616213 ; -0.00879021 ; 103.665;
6 ; 10 ; 8 ; 0.0677771 ; 0.0712227 ; 0.0412889 ; 102.142;
7 ; 10 ; 8 ; 0.00343325 ; -0.0610638 ; 0.0558526 ; 101.088;
8 ; 10 ; 8 ; 0.0102217 ; -0.0141783 ; 0.047401 ; 100.92;
9 ; 10 ; 8 ; 0.0691482 ; 4.60415e-05 ; -0.0438154 ; 102.44;
10 ; 10 ; 8 ; 0.0838603 ; -0.0135784 ; -0.0179291 ; 98.0925;
11 ; 10 ; 8 ; 0.0546122 ; 0.0475373 ; -0.0272948 ; 102.672;
12 ; 10 ; 8 ; 0.0552955 ; -0.0542988 ; 0.0295152 ; 101.748;
13 ; 10 ; 8 ; 0.000397255 ; -0.0766697 ; -0.02289 ; 104.263;
14 ; 10 ; 8 ; 0.05871 ; 0.0687189 ; -0.0386193 ; 101.537;
15 ; 10 ; 8 ; 0.0392789 ; -0.000429246 ; -0.0581168 ; 103.553;
16 ; 10 ; 8 ; -0.00966754 ; -0.00802261 ; -0.00655712 ; 103.045;
17 ; 10 ; 8 ; 0.0272473 ; 0.0373968 ; -0.0414003 ; 102.16;
18 ; 10 ; 8 ; 0.0671534 ; -0.000996279 ; 0.059348 ; 101.705;
19 ; 10 ; 8 ; 0.00175159 ; 0.0142074 ; 0.0348063 ; 103.705;
20 ; 10 ; 8 ; 0.0537343 ; 0.026147 ; 0.0818977 ; 101.738;
21 ; 10 ; 8 ; 0.0825355 ; -0.0398705 ; 0.0125067 ; 101.04;
4 ; 11 ; 8 ; 0.00912901 ; -0.0315962 ; 0.0137464 ; 101.312;
5 ; 11 ; 8 ; 0.0907213 ; -0.0692184 ; -0.0355344 ; 99.5175;
6 ; 11 ; 8 ; -0.0204893 ; 0.0352738 ; -0.0362692 ; 101.787;
7 ; 11 ; 8 ; 0.0685886 ; 0.0425891 ; 0.0770432 ; 101.468;
8 ; 11 ; 8 ; 0.0230332 ; 0.0116913 ; 0.0273822 ; 102.267;
9 ; 11 ; 8 ; -0.0323115 ; -0.0255967 ; 0.0652075 ; 102.183;
10 ; 11 ; 8 ; -0.000448242 ; -0.00476137 ; -0.0480935 ; 99.88;
11 ; 11 ; 8 ; 0.0583235 ; -0.00895343 ; -0.00416572 ; 101.95;
12 ; 11 ; 8 ; 0.00610191 ; 0.062397 ; -0.0231612 ; 102.273;
13 ; 11 ; 8 ; 0.0230922 ; 0.0664215 ; -0.00311163 ; 102.248;
14 ; 11 ; 8 ; -0.0348342 ; -0.00546357 ; -0.038314 ; 103.755;
15 ; 11 ; 8 ; -0.0165351 ; -0.0514903 ; -0.000446399 ; 104.162;
16 ; 11 ; 8 ; 0.0104237 ; -0.0457505 ; -0.0144633 ; 102.665;
17 ; 11 ; 8 ; 0.0485937 ; -0.00670392 ; -0.0013614 ; 99.4275;
18 ; 11 ; 8 ; 0.0693176 ; 0.06121 ; -0.0501429 ; 100.435;
19 ; 11 ; 8 ; 0.104981 ; -0.0596026 ; 0.0415185 ; 99.6775;
20 ; 11 ; 8 ; 0.00511824 ; -0.0182764 ; 0.00910219 ; 103.775;
21 ; 11 ; 8 ; 0.0596039 ; -0.0466452 ; 0.043903 ; 103.883;
4 ; 12 ; 8 ; -0.0218497 ; -0.0310906 ; 0.0259277 ; 103.385;
5 ; 12 ; 8 ; -0.0365716 ; -0.0262728 ; -0.0304502 ; 100.96;
6 ; 12 ; 8 ; 0.0856096 ; 0.0309768 ; 0.0562392 ; 101.328;
7 ; 12 ; 8 ; 0.0737197 ; 0.00534693 ; 0.0740877 ; 99.43;
8 ; 12 ; 8 ; 0.0774905 ; 0.0666327 ; -0.0299627 ; 101.583;
9 ; 12 ; 8 ; 0.0371991 ; -0.00259284 ; -0.0230347 ; 100.73;
10 ; 12 ; 8 ; 0.0696101 ; 0.00955352 ; 0.00710444 ; 103.308;
11 ; 12 ; 8 ; 0.00236672 ; -0.00247095 ; -0.0342428 ; 100.745;
12 ; 12 ; 8 ; 0.0829484 ; -0.0325097 ; 0.0397172 ; 102.62;
13 ; 12 ; 8 ; 0.080489 ; -0.00735708 ; 0.0665347 ; 98.81;
14 ; 12 ; 8 ; 0.0680147 ; 0.0215249 ; -0.045607 ; 102.285;
15 ; 12 ; 8 ; 0.0504948 ; 0.0729252 ; -0.0599935 ; 99.545;
16 ; 12 ; 8 ; 0.0673901 ; 0.0182418 ; -0.0334994 ; 102.983;
17 ; 12 ; 8 ; 0.119393 ; 0.0343365 ; -0.0174786 ; 100.877;
18 ; 12 ; 8 ; 0.016803 ; 0.0094958 ; -0.00377019 ; 101.68;
19 ; 12 ; 8 ; 0.116636 ; -0.0382196 ; -0.0652377 ; 101.015;
20 ; 12 ; 8 ; 0.084712 ; 0.038897 ; -0.0147216 ; 100.48;
21 ; 12 ; 8 ; 0.0866839 ; 0.072546 ; -0.0143301 ; 100.643;
4 ; 13 ; 8 ; 0.0486255 ; 0.00576067 ; -0.00703342 ; 99.65;
5 ; 13 ; 8 ; 0.0492347 ; -0.00148697 ; -0.0416916 ; 103.067;
6 ; 13 ; 8 ; 0.0453368 ; 0.0104778 ; -0.00178034 ; 99.1475;
7 ; 13 ; 8 ; 0.0279033 ; 0.0352241 ; 0.0106846 ; 103.78;
8 ; 13 ; 8 ; 0.0682928 ; -0.01358 ; 0.025103 ; 101.812;
9 ; 13 ; 8 ; 0.071059 ; 0.0526386 ; -0.00453319 ; 103.158;
10 ; 13 ; 8 ; 0.0331811 ; -0.00920059 ; -0.0399371 ; 102.325;
11 ; 13 ; 8 ; -0.0191658 ; -0.0757941 ; -0.0630664 ; 104.33;
12 ; 13 ; 8 ; 0.0691417 ; -0.0398913 ; 0.0166371 ; 102.308;
13 ; 13 ; 8 ; -0.00989459 ; -0.0156699 ; 0.027625 ; 101.755;
14 ; 13 ; 8 ; 0.0258474 ; -0.0740694 ; 0.00705102 ; 103.147;
15 ; 13 ; 8 ; 0.0479577 ; -0.0315574 ; -0.038388 ; 100.62;
16 ; 13 ; 8 ; 0.00569934 ; -0.0867737 ; 0.059189 ; 101.685;
17 ; 13 ; 8 ; 0.0323477 ; -0.00748019 ; -0.0802007 ; 101.582;
18 ; 13 ; 8 ; 0.00631809 ; -0.0088389 ; 0.0137395 ; 101.81;
19 ; 13 ; 8 ; 0.0367996 ; 0.0211907 ; -0.0376992 ; 103.187;
20 ; 13 ; 8 ; 0.0372045 ; 0.0546181 ; -0.0091747 ; 102.11;
21 ; 13 ; 8 ; 0.0282973 ; -0.0275317 ; -0.0144072 ; 100.275;
4 ; 14 ; 8 ; 0.0609299 ; -0.0481179 ; -0.00826625 ; 100.347;
5 ; 14 ; 8 ; 0.0425949 ; 0.0328114 ; -0.0062109 ; 101.793;
6 ; 14 ; 8 ; 0.0559332 ; -0.0241101 ; 0.0307842 ; 102.15;
7 ; 14 ; 8 ; 0.146953 ; -0.0424954 ; 0.0244173 ; 101.61;
8 ; 14 ; 8 ; 0.132923 ; 0.0318037 ; -0.0107429 ; 100.232;
9 ; 14 ; 8 ; 0.0548343 ; 0.0414073 ; 0.0541061 ; 99.4625;
10 ; 14 ; 8 ; 0.0930831 ; 0.0611959 ; -0.0174649 ; 101.165;
11 ; 14 ; 8 ; 0.065474 ; -0.023142 ; 0.00610444 ; 104.407;
12 ; 14 ; 8 ; 0.0163406 ; 0.0095171 ; 0.0196473 ; 103.987;
13 ; 14 ; 8 ; 0.007194 ; -0.0271674 ; 0.00437493 ; 100.347;
14 ; 14 ; 8 ; 0.0659047 ; -0.00945791 ; -0.0405317 ; 100.328;
15 ; 14 ; 8 ; 0.0297079 ; 0.00517533 ; -0.058898 ; 101.505;
16 ; 14 ; 8 ; 0.0539121 ; -0.0423791 ; 0.0299887 ; 101.74;
17 ; 14 ; 8 ; -0.0172244 ; 0.0352341 ; -0.0361992 ; 100.085;
18 ; 14 ; 8 ; 0.00246889 ; -0.0188017 ; 0.00845998 ; 102.767;
19 ; 14 ; 8 ; 0.0187004 ; 0.0340877 ; 0.070551 ; 100.828;
20 ; 14 ; 8 ; 0.0325168 ; 0.0727471 ; -0.0641223 ; 100.978;
21 ; 14 ; 8 ; -0.00403778 ; -0.0004543 ; -0.0369124 ; 100.095;
4 ; 15 ; 8 ; 0.0121648 ; 0.0926239 ; 0.0241079 ; 100.487;
5 ; 15 ; 8 ; 0.0516536 ; 0.0126223 ; -0.0422557 ; 100.383;
6 ; 15 ; 8 ; 0.0449858 ; 0.0994766 ; -0.0232816 ; 102.115;
7 ; 15 ; 8 ; 0.0161739 ; -0.0693703 ; -0.0113547 ; 100.49;
8 ; 15 ; 8 ; -0.00114144 ; -0.0934122 ; 0.0395272 ; 105.018;
9 ; 15 ; 8 ; -0.0260275 ; 0.0129341 ; -0.0139126 ; 101.93;
10 ; 15 ; 8 ; 0.167003 ; -0.0113022 ; 0.00349827 ; 103.455;
11 ; 15 ; 8 ; 0.128149 ; -0.0232457 ; -0.0545874 ; 103.44;
12 ; 15 ; 8 ; 0.0774042 ; -0.0300034 ; -0.0729767 ; 103.455;
13 ; 15 ; 8 ; 0.123663 ; 0.0018784 ; -0.00931732 ; 101.797;
14 ; 15 ; 8 ; 0.0988039 ; 0.0629726 ; 0.0458445 ; 100.895;
15 ; 15 ; 8 ; 0.113966 ; 0.0298574 ; -0.0215106 ; 100.88;
16 ; 15 ; 8 ; 0.078004 ; -0.00697621 ; 0.0192128 ; 101.262;
17 ; 15 ; 8 ; 0.0376579 ; 0.0153473 ; -0.014436 ; 99.745;
18 ; 15 ; 8 ; 0.0873193 ; 0.045677 ; -0.00411103 ; 101.648;
19 ; 15 ; 8 ; 0.059309 ; -0.012114 ; -0.0202759 ; 101.3;
20 ; 15 ; 8 ; 0.0914802 ; -0.0103636 ; -0.030097 ; 100.627;
21 ; 15 ; 8 ; 0.0108759 ; 0.00930854 ; -0.0449038 ; 98.88;
4 ; 16 ; 8 ; 0.00799012 ; 0.0999974 ; -0.0162976 ; 100.882;
5 ; 16 ; 8 ; 0.0480567 ; -0.0428472 ; -0.0271507 ; 100.247;
6 ; 16 ; 8 ; 0.121072 ; 0.013029 ; -0.0471496 ; 103.442;
7 ; 16 ; 8 ; 0.0453785 ; -0.0476144 ; 0.011802 ; 101.867;
8 ; 16 ; 8 ; 0.00896285 ; -0.00810206 ; 0.0284001 ; 103.98;
9 ; 16 ; 8 ; 0.0189766 ; -0.00532824 ; -0.0911271 ; 102.51;
10 ; 16 ; 8 ; 0.0440586 ; -0.0262371 ; -0.0470211 ; 102.523;
11 ; 16 ; 8 ; 0.0166431 ; 0.0306419 ; 0.0317224 ; 102.965;
12 ; 16 ; 8 ; 0.0685872 ; 0.0348967 ; 0.00368245 ; 101.38;
13 ; 16 ; 8 ; 0.0615708 ; 0.0105988 ; 0.00319923 ; 103.212;
14 ; 16 ; 8 ; 0.0291048 ; 0.00797172 ; 0.006758 ; 100.685;
15 ; 16 ; 8 ; 0.0436053 ; -0.0342834 ; -0.0712259 ; 104.255;
16 ; 16 ; 8 ; 0.0664219 ; -0.00715275 ; -0.0346342 ; 101.745;
17 ; 16 ; 8 ; 0.0680889 ; -0.0282341 ; -0.0274154 ; 98.8875;
18 ; 16 ; 8 ; 0.0226374 ; -0.00526282 ; 0.0173178 ; 99.58;
19 ; 16 ; 8 ; 0.0987512 ; -0.0157557 ; 0.0112808 ; 103.47;
20 ; 16 ; 8 ; 0.0555221 ; -0.0550394 ; -0.011349 ; 101.843;
21 ; 16 ; 8 ; 0.0654137 ; -0.0815596 ; 0.0250255 ; 103.245;
4 ; 17 ; 8 ; 0.0587181 ; -0.0354971 ; -0.0529619 ; 103.083;
5 ; 17 ; 8 ; 0.0710421 ; -0.0502018 ; 0.0271504 ; 101.608;
6 ; 17 ; 8 ; 0.121633 ; -0.0597119 ; 0.0568724 ; 101.208;
7 ; 17 ; 8 ; 0.061254 ; 0.0694005 ; -0.00378246 ; 102.873;
8 ; 17 ; 8 ; 0.135166 ; -0.00101214 ; -0.0277475 ; 103.537;
9 ; 17 ; 8 ; 0.0395332 ; -0.0847499 ; 0.101772 ; 102.325;
10 ; 17 ; 8 ; -0.0665797 ; 0.0573994 ; -0.0316332 ; 101.812;
11 ; 17 ; 8 ; 0.0774249 ; 0.0111405 ; 0.066623 ; 102.87;
12 ; 17 ; 8 ; 0.0427233 ; 0.000403177 ; -0.0309762 ; 101.763;
13 ; 17 ; 8 ; 0.00803418 ; 0.0307027 ; -0.0275838 ; 102.71;
14 ; 17 ; 8 ; 0.0964426 ; -0.0213389 ; -0.0334257 ; 102.795;
15 ; 17 ; 8 ; 0.123361 ; -0.0300937 ; 0.02144 ; 103.793;
16 ; 17 ; 8 ; 0.0551718 ; -0.01582 ; -0.0207474 ; 103.775;
17 ; 17 ; 8 ; 0.119492 ; -0.0456287 ; -0.0165665 ; 102.552;
18 ; 17 ; 8 ; 0.0295026 ; -0.0531381 ; -0.0224278 ; 102.598;
19 ; 17 ; 8 ; 0.0753889 ; -0.0336831 ; 0.0673071 ; 101.922;
20 ; 17 ; 8 ; 0.0621459 ; -0.031912 ; 0.0396812 ; 101.41;
21 ; 17 ; 8 ; 0.03088 ; 0.00854506 ; 0.0119831 ; 99.9525;
4 ; 18 ; 8 ; 0.044237 ; 0.024071 ; -0.0545392 ; 102.668;
5 ; 18 ; 8 ; 0.0232011 ; 0.0832523 ; 0.0243175 ; 103.655;
6 ; 18 ; 8 ; 0.0563789 ; -0.0771105 ; 0.0118398 ; 100.71;
7 ; 18 ; 8 ; 0.0864613 ; -0.00413908 ; -0.00240599 ; 101.713;
8 ; 18 ; 8 ; 0.0235719 ; 0.00176779 ; -0.0581333 ; 102.445;
9 ; 18 ; 8 ; -0.0362383 ; -0.0628991 ; -0.0559231 ; 101.545;
10 ; 18 ; 8 ; -0.000749681 ; -0.0045902 ; -0.00745134 ; 102.383;
11 ; 18 ; 8 ; 0.0199553 ; 0.0231475 ; -0.00773238 ; 101.72;
12 ; 18 ; 8 ; -0.00644108 ; 0.000106799 ; -0.0374086 ; 99.0125;
13 ; 18 ; 8 ; 0.0428401 ; -0.013009 ; 0.0483142 ; 104.067;
14 ; 18 ; 8 ; 0.134367 ; -0.0158332 ; -0.00442873 ; 103.268;
15 ; 18 ; 8 ; 0.193897 ; 0.0668138 ; 0.0186835 ; 102.25;
16 ; 18 ; 8 ; 0.0575401 ; 0.0275609 ; 0.0249028 ; 101.435;
17 ; 18 ; 8 ; 0.141209 ; 0.0296414 ; 0.0569228 ; 100.6;
18 ; 18 ; 8 ; 0.138852 ; -0.0366303 ; 0.0300382 ; 100.142;
19 ; 18 ; 8 ; 0.0103577 ; -0.0469556 ; -0.0455957 ; 99.4425;
20 ; 18 ; 8 ; -0.0129916 ; -0.0126502 ; -0.0170564 ; 101.865;
21 ; 18 ; 8 ; 0.0576204 ; -0.000891547 ; -0.0086765 ; 101.49;
4 ; 19 ; 8 ; 0.0012277 ; -0.0209992 ; -0.00853231 ; 102.903;
5 ; 19 ; 8 ; 0.162495 ; 0.0684315 ; 0.0126511 ; 101.01;
6 ; 19 ; 8 ; 0.0481313 ; -0.0857566 ; -0.0425437 ; 103.925;
7 ; 19 ; 8 ; 0.00314045 ; 0.0359008 ; -0.0596997 ; 102.58;
8 ; 19 ; 8 ; 0.0585546 ; 0.0285059 ; 0.0363431 ; 99.4125;
9 ; 19 ; 8 ; 0.134293 ; -0.102307 ; -0.0244801 ; 104.02;
10 ; 19 ; 8 ; -0.008722 ; 0.0584486 ; -0.00107511 ; 101.102;
11 ; 19 ; 8 ; 0.0660524 ; 0.0037041 ; -0.0374638 ; 103.725;
12 ; 19 ; 8 ; 0.0834645 ; 0.00561668 ; 0.0474301 ; 99.7625;
13 ; 19 ; 8 ; 0.027241 ; -0.0113889 ; 0.0356994 ; 100.625;
14 ; 19 ; 8 ; 0.0787944 ; 0.0429391 ; -0.0105257 ; 100.335;
15 ; 19 ; 8 ; 0.026489 ; 0.077687 ; 0.0173412 ; 103.267;
16 ; 19 ; 8 ; 0.0939993 ; 0.0582032 ; 0.0542533 ; 101.718;
17 ; 19 ; 8 ; 0.0946279 ; -0.0125454 ; 0.0326294 ; 101.018;
18 ; 19 ; 8 ; 0.107651 ; 0.00810657 ; 0.053781 ; 99.56;
19 ; 19 ; 8 ; -0.002418 ; -0.0357103 ; 0.00701643 ; 101.905;
20 ; 19 ; 8 ; 0.037637 ; 0.00498737 ; 0.00120393 ; 102.953;
21 ; 19 ; 8 ; 0.0986399 ; -0.030503 ; 0.0238393 ; 102.318;
4 ; 20 ; 8 ; 0.0120501 ; -0.0411945 ; 0.0265794 ; 103.738;
5 ; 20 ; 8 ; -0.00216125 ; -0.0297129 ; -0.0307484 ; 100.623;
6 ; 20 ; 8 ; 0.0556397 ; 0.0097562 ; -0.0535374 ; 102.097;
7 ; 20 ; 8 ; 0.0679962 ; -0.0224752 ; 0.0764766 ; 104.418;
8 ; 20 ; 8 ; 0.0564948 ; -0.00864545 ; 0.0816378 ; 103.225;
9 ; 20 ; 8 ; 0.0634278 ; -0.0347759 ; -0.0558606 ; 99.67;
10 ; 20 ; 8 ; 0.020179 ; 0.0777945 ; -0.0584931 ; 104.995;
11 ; 20 ; 8 ; 0.0920242 ; -0.0108222 ; 0.0450771 ; 99.26;
12 ; 20 ; 8 ; 0.0161686 ; -0.0211736 ; 0.162786 ; 101.282;
13 ; 20 ; 8 ; 0.104172 ; 0.0527027 ; -0.0557088 ; 102.332;
14 ; 20 ; 8 ; 0.085645 ; 8.18805e-05 ; -0.0346569 ; 99.6275;
15 ; 20 ; 8 ; 0.0749385 ; 0.0211986 ; 0.0583756 ; 99.99;
16 ; 20 ; 8 ; -0.0073941 ; -0.0199739 ; 0.0332622 ; 99.3525;
17 ; 20 ; 8 ; 0.0623269 ; -0.0563946 ; -0.0667799 ; 101.94;
18 ; 20 ; 8 ; 0.00559729 ; -0.0783808 ; -0.0401308 ; 102.287;
19 ; 20 ; 8 ; 0.0527434 ; 0.0191665 ; -0.0330019 ; 103.51;
20 ; 20 ; 8 ; 0.0316214 ; 0.0693581 ; -0.0511939 ; 102.34;
21 ; 20 ; 8 ; 0.0442019 ; 0.0271313 ; -0.07068 ; 102.67;
4 ; 21 ; 8 ; -0.00754532 ; -0.0199318 ; -0.0569588 ; 101.785;
5 ; 21 ; 8 ; 0.0969747 ; 0.00559182 ; 0.0555234 ; 100.255;
6 ; 21 ; 8 ; 0.0110546 ; 0.00486537 ; -0.0165514 ; 99.53;
7 ; 21 ; 8 ; 0.0178317 ; 0.0455046 ; 0.0429032 ; 102.368;
8 ; 21 ; 8 ; 0.0467949 ; -0.0223826 ; -0.0414804 ; 100.38;
9 ; 21 ; 8 ; 0.0614138 ; 0.0210881 ; -0.0291611 ; 99.665;
10 ; 21 ; 8 ; 0.00763962 ; 0.0635605 ; 0.00602101 ; 100.87;
11 ; 21 ; 8 ; 0.0336123 ; -0.0279309 ; 0.0502757 ; 102.203;
12 ; 21 ; 8 ; -0.00388257 ; 0.00874954 ; -0.050247 ; 100.827;
13 ; 21 ; 8 ; 0.0106598 ; 0.00387941 ; 0.0573632 ; 104.037;
14 ; 21 ; 8 ; 0.0742351 ; 0.00419824 ; -0.0613797 ; 101.328;
15 ; 21 ; 8 ; 0.01261 ; -0.0362119 ; -0.0095155 ; 100.925;
16 ; 21 ; 8 ; 0.121952 ; 0.0491584 ; -0.0380443 ; 100.77;
17 ; 21 ; 8 ; 0.0744351 ; 0.00125065 ; -0.00696198 ; 102.287;
18 ; 21 ; 8 ; 0.0210239 ; 0.030248 ; -0.0275243 ; 102.115;
19 ; 21 ; 8 ; 0.0407566 ; -0.0702215 ; -0.0630104 ; 102.295;
20 ; 21 ; 8 ; 0.11061 ; 0.0488944 ; -0.00308922 ; 99.27;
21 ; 21 ; 8 ; 0.0969092 ; 0.0259193 ; 0.035189 ; 101.183;
4 ; 4 ; 9 ; -0.0120703 ; 0.0429414 ; -0.000539415 ; 101.588;
5 ; 4 ; 9 ; -0.0248216 ; -0.00278559 ; -0.0168893 ; 102.845;
6 ; 4 ; 9 ; 0.0453728 ; -0.0390972 ; -0.0641573 ; 100.945;
7 ; 4 ; 9 ; 0.0749564 ; -0.00938088 ; -0.0807876 ; 101.445;
8 ; 4 ; 9 ; 0.0597722 ; 0.0284505 ; 0.0374841 ; 103.127;
9 ; 4 ; 9 ; 0.00977017 ; -0.00848756 ; -0.00678793 ; 103.438;
10 ; 4 ; 9 ; 0.0245333 ; -0.0657992 ; 0.0391635 ; 100.302;
11 ; 4 ; 9 ; 0.0316005 ; -0.0179974 ; 0.0369135 ; 101.308;
12 ; 4 ; 9 ; 0.119178 ; 0.0414167 ; 0.0678945 ; 100.752;
13 ; 4 ; 9 ; 0.0615263 ; 0.0726497 ; 0.0162974 ; 101.905;
14 ; 4 ; 9 ; 0.0247802 ; 0.0256992 ; -0.0176475 ; 103.11;
15 ; 4 ; 9 ; 0.0249121 ; 0.023983 ; -0.03603 ; 100.99;
16 ; 4 ; 9 ; 0.0966631 ; -0.035242 ; -0.0605142 ; 99.9875;
17 ; 4 ; 9 ; -0.0262915 ; 0.0323174 ; 0.0806009 ; 101.808;
18 ; 4 ; 9 ; -0.0427839 ; 0.00519288 ; -0.000620044 ; 100.755;
19 ; 4 ; 9 ; 0.0450694 ; 0.00770499 ; 0.0169536 ; 101.562;
20 ; 4 ; 9 ; -0.0689038 ; -0.0472337 ; 0.0190828 ; 100.673;
21 ; 4 ; 9 ; -0.0473656 ; -0.0427801 ; -0.0134085 ; 104.87;
4 ; 5 ; 9 ; -0.0264102 ; 0.0103572 ; -0.0520131 ; 101.117;
5 ; 5 ; 9 ; 0.0395421 ; -0.0807506 ; 0.0126075 ; 99.3825;
6 ; 5 ; 9 ; 0.00582264 ; -0.0590846 ; -0.0248296 ; 100.02;
7 ; 5 ; 9 ; 0.00465203 ; 0.0210745 ; -0.0433907 ; 102.912;
8 ; 5 ; 9 ; 0.05085 ; -0.0139275 ; 0.0297829 ; 101.505;
9 ; 5 ; 9 ; -0.0298431 ; -0.00344578 ; -0.0305124 ; 100.94;
10 ; 5 ; 9 ; -0.00166581 ; 0.0323817 ; -0.113421 ; 104.27;
11 ; 5 ; 9 ; 0.106587 ; -0.00637615 ; -0.0242182 ; 99.4525;
12 ; 5 ; 9 ; 0.00273482 ; -0.0867177 ; 0.00691574 ; 100.152;
13 ; 5 ; 9 ; 0.102136 ; 0.0545136 ; 0.0262591 ; 101.677;
14 ; 5 ; 9 ; 0.0566265 ; -0.020395 ; -0.0500289 ; 101.625;
15 ; 5 ; 9 ; 0.0336171 ; -0.0275594 ; -0.012111 ; 102.252;
16 ; 5 ; 9 ; 0.0169101 ; 0.0132437 ; 0.00091567 ; 103.07;
17 ; 5 ; 9 ; -0.0110726 ; 0.0336119 ; -0.067237 ; 102.33;
18 ; 5 ; 9 ; 0.0321491 ; 0.00716083 ; 0.0140027 ; 99.885;
19 ; 5 ; 9 ; 0.0275884 ; 0.0616174 ; -0.0673798 ; 102.287;
20 ; 5 ; 9 ; -0.0401685 ; 0.0284532 ; 0.0680197 ; 102.877;
21 ; 5 ; 9 ; -0.0223975 ; -0.0265763 ; 0.00260374 ; 102.725;
4 ; 6 ; 9 ; 0.0637347 ; 0.00289572 ; 0.0300359 ; 100.363;
5 ; 6 ; 9 ; 0.0576117 ; -0.137724 ; -0.0561895 ; 102.47;
6 ; 6 ; 9 ; 0.0400323 ; 0.00168755 ; -0.0176008 ; 100.072;
7 ; 6 ; 9 ; 0.0949602 ; 0.0580088 ; 0.00761053 ; 102.963;
8 ; 6 ; 9 ; 0.0150258 ; -0.0198561 ; 0.079353 ; 100.55;
9 ; 6 ; 9 ; 0.0402719 ; 0.075413 ; -0.0137744 ; 102.778;
10 ; 6 ; 9 ; 0.0147323 ; -0.045424 ; -0.0209632 ; 100.958;
11 ; 6 ; 9 ; 0.0302425 ; 0.0402938 ; 0.0244488 ; 101.523;
12 ; 6 ; 9 ; 0.00968619 ; 0.0140617 ; -0.0358367 ; 103.64;
13 ; 6 ; 9 ; 0.0299683 ; -0.0544511 ; 0.0505326 ; 102.833;
14 ; 6 ; 9 ; 0.0307826 ; -0.0282911 ; 0.0313958 ; 101.23;
15 ; 6 ; 9 ; 0.0681983 ; -0.0179819 ; 0.0249033 ; 102.41;
16 ; 6 ; 9 ; 0.061122 ; 0.0251672 ; -0.00838901 ; 102.345;
17 ; 6 ; 9 ; -0.0543612 ; -0.0445077 ; 0.0113027 ; 101.13;
18 ; 6 ; 9 ; -0.0247428 ; 0.00108824 ; 0.0375491 ; 101.68;
19 ; 6 ; 9 ; -0.0438901 ; 0.0608573 ; -0.0505075 ; 102.312;
20 ; 6 ; 9 ; -0.0455874 ; 0.0270206 ; 0.0385196 ; 102.095;
21 ; 6 ; 9 ; 0.0104063 ; 0.0634932 ; 0.0520582 ; 103.028;
4 ; 7 ; 9 ; 0.0761925 ; -0.0198153 ; 0.0394054 ; 101.25;
5 ; 7 ; 9 ; 0.0307807 ; -0.0105288 ; 0.0176447 ; 102.38;
6 ; 7 ; 9 ; 0.0211785 ; -0.0164394 ; -0.05114 ; 102.195;
7 ; 7 ; 9 ; 0.0123877 ; 0.0232541 ; -0.121477 ; 102.133;
8 ; 7 ; 9 ; 0.0919566 ; 0.00566831 ; -0.0509825 ; 101.82;
9 ; 7 ; 9 ; 0.0745812 ; -0.0190943 ; 0.00375977 ; 104.125;
10 ; 7 ; 9 ; -0.0232888 ; 0.0463869 ; 0.0326245 ; 103.117;
11 ; 7 ; 9 ; 0.0552298 ; 0.0753975 ; -0.0319946 ; 101.05;
12 ; 7 ; 9 ; 0.0114568 ; -0.0736457 ; -0.0429454 ; 102.738;
13 ; 7 ; 9 ; 0.00553545 ; -0.0428634 ; 0.0226897 ; 99.14;
14 ; 7 ; 9 ; 0.00143136 ; -0.0612099 ; -0.0113594 ; 104.085;
15 ; 7 ; 9 ; 0.0290425 ; -0.0488621 ; -0.00923287 ; 101.28;
16 ; 7 ; 9 ; 0.114603 ; 0.0173687 ; -0.0209825 ; 99.795;
17 ; 7 ; 9 ; 0.0716022 ; -0.0384491 ; -0.0691977 ; 101.79;
18 ; 7 ; 9 ; 0.0376442 ; -0.0295455 ; 0.029396 ; 101.86;
19 ; 7 ; 9 ; 0.0400605 ; -0.0105959 ; -0.0630994 ; 102.615;
20 ; 7 ; 9 ; -0.0214295 ; -0.0166461 ; -0.0131418 ; 102.2;
21 ; 7 ; 9 ; 0.0385409 ; 0.0376255 ; -0.00794001 ; 101.58;
4 ; 8 ; 9 ; -0.0412401 ; -0.0498112 ; 0.0432859 ; 103.805;
5 ; 8 ; 9 ; 0.0706718 ; 0.0297332 ; 0.0502679 ; 99.6275;
6 ; 8 ; 9 ; 0.00900451 ; -0.0819554 ; 0.00418788 ; 104.515;
7 ; 8 ; 9 ; -0.0540387 ; 0.0298046 ; -0.0493341 ; 103.087;
8 ; 8 ; 9 ; 0.0193214 ; 0.040566 ; 0.0547198 ; 99.89;
9 ; 8 ; 9 ; 0.013515 ; -0.0231434 ; 0.0624904 ; 99.9325;
10 ; 8 ; 9 ; 0.0186799 ; 0.00136574 ; 0.0194316 ; 102.165;
11 ; 8 ; 9 ; 0.0825172 ; 0.0728521 ; -0.00750111 ; 100.865;
12 ; 8 ; 9 ; 0.024459 ; -0.0311861 ; -0.010586 ; 100.532;
13 ; 8 ; 9 ; 0.0164445 ; -0.00806188 ; 0.0137055 ; 101.96;
14 ; 8 ; 9 ; 0.00998717 ; -0.0974814 ; -0.0390015 ; 100.638;
15 ; 8 ; 9 ; -0.0154755 ; -0.0659993 ; -0.0850362 ; 103.25;
16 ; 8 ; 9 ; 0.025365 ; 0.0127986 ; -0.0218574 ; 102.362;
17 ; 8 ; 9 ; 0.0141951 ; 0.0291242 ; 0.0208695 ; 99.34;
18 ; 8 ; 9 ; 0.0300519 ; 0.0143168 ; 0.0704793 ; 101.01;
19 ; 8 ; 9 ; 0.0559018 ; 0.0191182 ; 0.00209025 ; 100.757;
20 ; 8 ; 9 ; 0.0632778 ; 0.0108718 ; -0.0343642 ; 100.043;
21 ; 8 ; 9 ; 0.0143616 ; 0.00589556 ; -0.0959569 ; 100.318;
4 ; 9 ; 9 ; -0.0656057 ; -0.049252 ; -0.0549651 ; 100.425;
5 ; 9 ; 9 ; 0.071604 ; 0.0223854 ; -0.0160492 ; 100.872;
6 ; 9 ; 9 ; 0.0450031 ; -0.0147931 ; -0.0279501 ; 100.868;
7 ; 9 ; 9 ; 0.0859532 ; 0.0522773 ; 0.0633858 ; 103.578;
8 ; 9 ; 9 ; 0.0489991 ; -0.00207537 ; 0.0394017 ; 100.68;
9 ; 9 ; 9 ; 0.0597749 ; -0.0163398 ; -0.0496943 ; 99.92;
10 ; 9 ; 9 ; -0.0644104 ; 0.00872758 ; -0.00736673 ; 105;
11 ; 9 ; 9 ; 0.0513787 ; 0.0706934 ; -0.0522482 ; 101.03;
12 ; 9 ; 9 ; 0.0408582 ; -0.0388904 ; 0.0591966 ; 100.255;
13 ; 9 ; 9 ; -0.00595487 ; -0.0337723 ; -0.0398531 ; 101.86;
14 ; 9 ; 9 ; -0.0642975 ; 0.0308739 ; 0.0434814 ; 100.53;
15 ; 9 ; 9 ; 0.0761338 ; -0.0310092 ; -0.0802922 ; 102.19;
16 ; 9 ; 9 ; 0.0418633 ; 0.0362389 ; -0.0581011 ; 103.61;
17 ; 9 ; 9 ; -0.00560505 ; -0.0275837 ; -0.0687319 ; 104.45;
18 ; 9 ; 9 ; -0.033278 ; -0.0783266 ; -0.0696688 ; 102.3;
19 ; 9 ; 9 ; 0.0795983 ; 0.0469205 ; 0.0216379 ; 103;
20 ; 9 ; 9 ; 0.0959199 ; -0.0311569 ; -0.0315824 ; 98.1525;
21 ; 9 ; 9 ; 0.0431178 ; -0.0109123 ; -0.0506926 ; 102.185;
4 ; 10 ; 9 ; 0.0103129 ; -0.07825 ; -0.0409695 ; 102.692;
5 ; 10 ; 9 ; -0.00437388 ; -0.0463521 ; -0.0493503 ; 101.282;
6 ; 10 ; 9 ; -0.0337631 ; 0.0425112 ; 0.0123507 ; 103.303;
7 ; 10 ; 9 ; 0.0621518 ; 0.0149538 ; -0.00688048 ; 102.963;
8 ; 10 ; 9 ; 0.0903977 ; 0.00139455 ; -0.0635171 ; 102.605;
9 ; 10 ; 9 ; 0.00527172 ; 0.0168903 ; 0.00695979 ; 102.58;
10 ; 10 ; 9 ; 0.00963097 ; -0.0296862 ; 0.0260895 ; 101.705;
11 ; 10 ; 9 ; 0.00370565 ; -0.0155305 ; 0.0161314 ; 101.83;
12 ; 10 ; 9 ; 0.0134141 ; -0.105409 ; 0.0244301 ; 102.317;
13 ; 10 ; 9 ; 0.0202511 ; 0.0863223 ; -0.0250872 ; 103.998;
14 ; 10 ; 9 ; 0.106001 ; 0.0523134 ; 0.000974236 ; 101.92;
15 ; 10 ; 9 ; -0.00590015 ; -0.0838338 ; -0.0843658 ; 102.195;
16 ; 10 ; 9 ; -0.0460859 ; -0.034084 ; -0.0126752 ; 103.05;
17 ; 10 ; 9 ; -0.0503015 ; -0.0217972 ; -0.010746 ; 100.643;
18 ; 10 ; 9 ; 0.04702 ; -0.0976487 ; 0.014326 ; 99.01;
19 ; 10 ; 9 ; 0.00319168 ; 0.0408641 ; -0.0396746 ; 103.167;
20 ; 10 ; 9 ; 0.0258782 ; -0.00709348 ; -0.0140467 ; 103.215;
21 ; 10 ; 9 ; 0.0211624 ; -0.0360669 ; 0.00707113 ; 102.955;
4 ; 11 ; 9 ; 0.0284332 ; -0.00810902 ; -0.0483446 ; 102.452;
5 ; 11 ; 9 ; 0.0110089 ; -0.0193365 ; 0.00233194 ; 103.5;
6 ; 11 ; 9 ; 0.0645028 ; 8.67829e-05 ; 0.0222448 ; 102.24;
7 ; 11 ; 9 ; 0.0743553 ; 0.0563224 ; 0.0630276 ; 101.93;
8 ; 11 ; 9 ; -0.0357453 ; 0.0119172 ; 0.00862129 ; 101.733;
9 ; 11 ; 9 ; 0.0283933 ; -0.018958 ; -0.0202832 ; 103.695;
10 ; 11 ; 9 ; -0.0529803 ; 0.0329451 ; -0.0220513 ; 103.005;
11 ; 11 ; 9 ; -0.00135567 ; -0.0675012 ; -0.0095059 ; 104.22;
12 ; 11 ; 9 ; -0.0221929 ; -0.136615 ; -0.00949798 ; 101.993;
13 ; 11 ; 9 ; 0.0683277 ; -0.00341929 ; -0.0753088 ; 101.32;
14 ; 11 ; 9 ; 0.0207629 ; -0.0671533 ; -0.0361665 ; 101.578;
15 ; 11 ; 9 ; 0.0442453 ; -0.0290795 ; -0.0110228 ; 100.767;
16 ; 11 ; 9 ; -0.00232433 ; 0.00959438 ; -0.0418336 ; 101.285;
17 ; 11 ; 9 ; -0.00453493 ; 0.0346773 ; 0.0370396 ; 102.415;
18 ; 11 ; 9 ; -0.00244597 ; -0.0147514 ; 0.00584492 ; 104.51;
19 ; 11 ; 9 ; 0.0597243 ; 0.0760122 ; -0.0483106 ; 104.035;
20 ; 11 ; 9 ; 0.0353199 ; 0.0348319 ; -0.0194352 ; 101.328;
21 ; 11 ; 9 ; 0.0377927 ; -0.0297555 ; 0.0177907 ; 101.977;
4 ; 12 ; 9 ; 0.0275947 ; -0.0143774 ; 0.0253876 ; 102.983;
5 ; 12 ; 9 ; -0.0997176 ; 0.0150358 ; -0.00608309 ; 100.208;
6 ; 12 ; 9 ; -0.0592095 ; -0.00584305 ; -0.0776626 ; 101.555;
7 ; 12 ; 9 ; 0.0530162 ; 0.0613966 ; -0.0541985 ; 101.668;
8 ; 12 ; 9 ; 0.059993 ; 0.0171344 ; 0.0179615 ; 99.745;
9 ; 12 ; 9 ; 0.0942306 ; -0.0346557 ; -0.0375422 ; 102.698;
10 ; 12 ; 9 ; 0.0224216 ; -0.0237596 ; 0.0349297 ; 101.435;
11 ; 12 ; 9 ; -0.00277482 ; -0.0095489 ; 0.0377828 ; 103.793;
12 ; 12 ; 9 ; 0.0135563 ; -0.0119858 ; 0.00408315 ; 103.613;
13 ; 12 ; 9 ; -0.00325035 ; -0.0272883 ; -0.00220918 ; 103.353;
14 ; 12 ; 9 ; 0.0404284 ; 0.0143854 ; 0.0704814 ; 101.14;
15 ; 12 ; 9 ; -0.0179269 ; -0.0512654 ; 0.0574538 ; 102.67;
16 ; 12 ; 9 ; 0.0441325 ; 0.0404852 ; 0.006209 ; 104.623;
17 ; 12 ; 9 ; 0.0479366 ; -0.0340068 ; -0.0430898 ; 100.99;
18 ; 12 ; 9 ; 0.0292499 ; -0.0814095 ; 0.00539333 ; 103.605;
19 ; 12 ; 9 ; 0.0252479 ; 0.0152359 ; -0.00604847 ; 100.65;
20 ; 12 ; 9 ; 0.0826227 ; -0.0149287 ; -0.00129732 ; 102.137;
21 ; 12 ; 9 ; 0.0229784 ; -0.0493943 ; -0.0101665 ; 102.545;
4 ; 13 ; 9 ; -0.00411951 ; -0.01936 ; 0.0119582 ; 101.742;
5 ; 13 ; 9 ; 0.0407535 ; 0.0115188 ; -0.0417007 ; 101.982;
6 ; 13 ; 9 ; 0.0406571 ; -0.0218681 ; -0.0202314 ; 102.61;
7 ; 13 ; 9 ; 0.016277 ; -0.0428637 ; 0.0203049 ; 101.748;
8 ; 13 ; 9 ; 0.0248423 ; -0.0088877 ; -0.0124472 ; 103.177;
9 ; 13 ; 9 ; 0.0101015 ; 0.0812324 ; -0.036618 ; 102.255;
10 ; 13 ; 9 ; -0.00414946 ; -0.106009 ; -0.0128855 ; 100.708;
11 ; 13 ; 9 ; 0.0778929 ; 0.00293915 ; 0.00356943 ; 99.85;
12 ; 13 ; 9 ; -0.0369118 ; 0.0486406 ; 0.0352504 ; 101.81;
13 ; 13 ; 9 ; 0.0148708 ; -0.00813685 ; -0.0110644 ; 103.847;
14 ; 13 ; 9 ; -0.0447083 ; 0.07838 ; 0.0213181 ; 102.6;
15 ; 13 ; 9 ; -0.0776583 ; -0.0162854 ; -0.0291178 ; 101.282;
16 ; 13 ; 9 ; 0.021854 ; -0.00576383 ; 0.00265674 ; 101.022;
17 ; 13 ; 9 ; -0.0370237 ; -0.101002 ; -0.00691426 ; 101.14;
18 ; 13 ; 9 ; -0.0504079 ; -0.060242 ; -0.0174825 ; 104.823;
19 ; 13 ; 9 ; 0.0135893 ; -0.0286047 ; -0.00887083 ; 100.717;
20 ; 13 ; 9 ; 0.029642 ; -0.0345855 ; -0.00742464 ; 102.165;
21 ; 13 ; 9 ; 0.0623921 ; -0.04713 ; 0.0137709 ; 100.092;
4 ; 14 ; 9 ; 0.0267114 ; 0.0577002 ; 0.00559351 ; 102.695;
5 ; 14 ; 9 ; 0.120173 ; -0.0249065 ; -0.0254841 ; 102.403;
6 ; 14 ; 9 ; 0.0537826 ; 0.028814 ; -0.0449187 ; 100.818;
7 ; 14 ; 9 ; 0.0194667 ; -0.0525088 ; -0.074247 ; 99.3225;
8 ; 14 ; 9 ; -0.0566466 ; -0.0567939 ; 0.00377664 ; 102.31;
9 ; 14 ; 9 ; -0.0053257 ; 0.0318799 ; 0.0484577 ; 100.968;
10 ; 14 ; 9 ; 0.0474337 ; -0.0190145 ; 0.0602411 ; 100.342;
11 ; 14 ; 9 ; 0.0233289 ; -0.0423764 ; 0.0225416 ; 103.062;
12 ; 14 ; 9 ; 0.0747584 ; -0.0195579 ; -0.0617225 ; 103.665;
13 ; 14 ; 9 ; -0.0144878 ; -0.0232212 ; 0.0158974 ; 103.362;
14 ; 14 ; 9 ; -0.0567401 ; -0.0552835 ; 0.0399679 ; 101.888;
15 ; 14 ; 9 ; 6.50508e-05 ; -0.0419005 ; 0.0326628 ; 101.035;
16 ; 14 ; 9 ; -0.00630087 ; 0.0658595 ; 0.00572461 ; 99.795;
17 ; 14 ; 9 ; -0.00438367 ; -0.00273105 ; -0.0241835 ; 100.37;
18 ; 14 ; 9 ; -0.0245405 ; 0.0115283 ; 0.0113485 ; 101.362;
19 ; 14 ; 9 ; 0.0107591 ; 0.0301513 ; 0.0533291 ; 101.603;
20 ; 14 ; 9 ; 0.000806012 ; 0.028712 ; 0.0425581 ; 103.53;
21 ; 14 ; 9 ; 0.0541855 ; 0.0265096 ; 0.00324122 ; 102.83;
4 ; 15 ; 9 ; 0.0713974 ; 0.051936 ; -0.0386693 ; 101.99;
5 ; 15 ; 9 ; -0.0703497 ; -0.000730784 ; -0.00255758 ; 100.627;
6 ; 15 ; 9 ; -0.0603362 ; 0.0182626 ; -0.0314667 ; 101.442;
7 ; 15 ; 9 ; 0.0396241 ; 0.0305543 ; 0.0581141 ; 101.595;
8 ; 15 ; 9 ; -0.0148285 ; -0.0299174 ; -0.0112676 ; 101.032;
9 ; 15 ; 9 ; 0.0410269 ; 0.0290723 ; -0.000614962 ; 102.61;
10 ; 15 ; 9 ; -0.0411575 ; -0.0388917 ; -0.0238593 ; 101.675;
11 ; 15 ; 9 ; 0.00576378 ; -0.0269018 ; -0.0660883 ; 101.472;
12 ; 15 ; 9 ; 0.0477754 ; 0.0110683 ; -0.000610261 ; 101.06;
13 ; 15 ; 9 ; 0.0712874 ; -0.0090293 ; -0.0507525 ; 100.235;
14 ; 15 ; 9 ; 0.0576151 ; -0.0619716 ; -0.037318 ; 103.453;
15 ; 15 ; 9 ; 0.0330636 ; -0.0573728 ; -0.00675535 ; 102.545;
16 ; 15 ; 9 ; -0.0160891 ; -0.0517008 ; -0.0263358 ; 99.8625;
17 ; 15 ; 9 ; -0.00404512 ; 0.020099 ; 0.0270902 ; 103.39;
18 ; 15 ; 9 ; -0.00286647 ; 0.0969726 ; 0.0447788 ; 101.987;
19 ; 15 ; 9 ; -0.0294459 ; -0.0459036 ; -0.0534779 ; 101.765;
20 ; 15 ; 9 ; -0.00867751 ; 0.042353 ; 0.0743919 ; 103.545;
21 ; 15 ; 9 ; 0.0790688 ; -0.0281846 ; -0.00413673 ; 100.85;
4 ; 16 ; 9 ; 0.0513922 ; 0.0163565 ; -0.0384118 ; 102.2;
5 ; 16 ; 9 ; -0.00271792 ; -0.0678413 ; -0.0345783 ; 103.205;
6 ; 16 ; 9 ; -0.0157165 ; 0.0172098 ; -0.0195465 ; 99.655;
7 ; 16 ; 9 ; -0.00187787 ; 0.0256045 ; 0.0791059 ; 103.225;
8 ; 16 ; 9 ; 0.107056 ; 0.0448934 ; 0.0239704 ; 101.9;
9 ; 16 ; 9 ; 0.0789567 ; 0.0516647 ; -0.0374503 ; 102.292;
10 ; 16 ; 9 ; 0.0123894 ; -0.0142648 ; -0.0424273 ; 101.002;
11 ; 16 ; 9 ; -0.0118603 ; -0.0863088 ; -0.0676406 ; 100.6;
12 ; 16 ; 9 ; 0.0155475 ; 0.0132597 ; -0.026357 ; 102.335;
13 ; 16 ; 9 ; 0.0624612 ; 0.0765503 ; 0.0161806 ; 103.125;
14 ; 16 ; 9 ; 0.00300578 ; 0.0664497 ; -0.026756 ; 103.382;
15 ; 16 ; 9 ; -0.0153041 ; -0.0426414 ; 0.00102856 ; 101.692;
16 ; 16 ; 9 ; 0.0169344 ; -0.0158462 ; -0.0196009 ; 102.165;
17 ; 16 ; 9 ; -0.0399719 ; 0.0127804 ; -0.0102959 ; 101.832;
18 ; 16 ; 9 ; 0.00571131 ; 0.0599977 ; -0.0429108 ; 103.22;
19 ; 16 ; 9 ; -0.00661293 ; -0.0524629 ; -0.00172282 ; 99.0025;
20 ; 16 ; 9 ; -0.0029314 ; 0.000134888 ; 0.0266865 ; 100.032;
21 ; 16 ; 9 ; 0.0307739 ; 0.0180626 ; -0.00145512 ; 100.677;
4 ; 17 ; 9 ; 0.0111942 ; -0.0479399 ; 0.0594383 ; 102.543;
5 ; 17 ; 9 ; 0.0412125 ; -0.0352496 ; 0.0400949 ; 98.905;
6 ; 17 ; 9 ; 0.0236165 ; -0.0298504 ; -0.0573587 ; 100.925;
7 ; 17 ; 9 ; 0.0170242 ; 0.0422596 ; 0.0373588 ; 101.76;
8 ; 17 ; 9 ; 0.0372182 ; 0.0282948 ; -0.00638085 ; 102.135;
9 ; 17 ; 9 ; -0.000351486 ; -0.0165301 ; 0.025277 ; 99.255;
10 ; 17 ; 9 ; -0.0769371 ; -0.0157449 ; 0.0200726 ; 100.35;
11 ; 17 ; 9 ; 0.00465654 ; -0.000710211 ; -0.0178295 ; 101.082;
12 ; 17 ; 9 ; 0.0376486 ; 0.0761667 ; -0.0101108 ; 101.905;
13 ; 17 ; 9 ; -0.00791818 ; -0.0673513 ; -0.0394932 ; 103.132;
14 ; 17 ; 9 ; 0.0480979 ; 0.00255249 ; -0.0622378 ; 101.94;
15 ; 17 ; 9 ; 0.00274723 ; -0.0238291 ; 0.0127626 ; 100.8;
16 ; 17 ; 9 ; 0.0645956 ; 0.00204501 ; 0.0335426 ; 100.833;
17 ; 17 ; 9 ; 0.0259628 ; -0.00673478 ; 0.00429606 ; 101.903;
18 ; 17 ; 9 ; 0.0641634 ; -0.0229616 ; 0.0443303 ; 100.958;
19 ; 17 ; 9 ; 0.0249431 ; -0.00018878 ; 0.053311 ; 104.48;
20 ; 17 ; 9 ; -0.0133647 ; -0.0547655 ; -0.000492652 ; 103.303;
21 ; 17 ; 9 ; 0.0061357 ; 0.0499222 ; -0.00382411 ; 100.688;
4 ; 18 ; 9 ; -0.0470955 ; 0.0962503 ; -0.017787 ; 101.072;
5 ; 18 ; 9 ; 0.000709567 ; 0.0495507 ; 0.00684544 ; 100.285;
6 ; 18 ; 9 ; 0.048486 ; -0.010165 ; 0.0493223 ; 102.05;
7 ; 18 ; 9 ; 0.111415 ; 0.0348393 ; -0.012004 ; 102.375;
8 ; 18 ; 9 ; -0.00216251 ; 0.0914255 ; -0.0178811 ; 99.96;
9 ; 18 ; 9 ; 0.00346625 ; 0.0612474 ; -0.0012972 ; 103.587;
10 ; 18 ; 9 ; -0.0885357 ; 0.0125579 ; -0.0226875 ; 102.008;
11 ; 18 ; 9 ; -0.0199075 ; -0.00167205 ; -0.0327682 ; 99.97;
12 ; 18 ; 9 ; 0.0124036 ; -0.0365455 ; 0.060554 ; 102.088;
13 ; 18 ; 9 ; 0.080658 ; 0.014769 ; -0.0503572 ; 100.22;
14 ; 18 ; 9 ; 0.0708256 ; -0.0136902 ; -0.00221609 ; 102.482;
15 ; 18 ; 9 ; 0.0149581 ; 0.0462908 ; 0.00329248 ; 101.188;
16 ; 18 ; 9 ; 0.0540664 ; 0.000820585 ; -0.000308024 ; 99.735;
17 ; 18 ; 9 ; 0.0496289 ; -0.00281208 ; 0.0296259 ; 101.812;
18 ; 18 ; 9 ; -0.0120041 ; 0.0245246 ; -0.03759 ; 99.85;
19 ; 18 ; 9 ; -0.047329 ; 0.0131931 ; -0.0397175 ; 102.785;
20 ; 18 ; 9 ; 0.0043877 ; 0.0257657 ; -0.09251 ; 103.022;
21 ; 18 ; 9 ; 0.0252337 ; -0.0439582 ; -0.0173438 ; 99.72;
4 ; 19 ; 9 ; -0.0313281 ; 0.0366589 ; 0.0491679 ; 102.362;
5 ; 19 ; 9 ; 0.0369866 ; 0.0204024 ; 0.045869 ; 104.1;
6 ; 19 ; 9 ; 0.120364 ; 0.0105338 ; -0.0100928 ; 99.3075;
7 ; 19 ; 9 ; 0.0700757 ; 0.0400247 ; 0.038829 ; 103.55;
8 ; 19 ; 9 ; 0.0204509 ; 0.0503738 ; -0.0686588 ; 102.665;
9 ; 19 ; 9 ; 0.0349517 ; 0.0187526 ; 0.028647 ; 102.213;
10 ; 19 ; 9 ; 0.0612084 ; -0.000799956 ; 0.080034 ; 103.085;
11 ; 19 ; 9 ; 0.0336854 ; 0.0186831 ; 0.0624963 ; 102.987;
12 ; 19 ; 9 ; -0.0328463 ; -0.0594447 ; 0.0543316 ; 104.575;
13 ; 19 ; 9 ; 0.0169956 ; -0.0100419 ; 0.0159178 ; 102.575;
14 ; 19 ; 9 ; -0.0189784 ; 0.0276396 ; -0.0151272 ; 100.36;
15 ; 19 ; 9 ; 0.0115509 ; -0.026007 ; 0.0125757 ; 101.945;
16 ; 19 ; 9 ; 0.0102081 ; -0.0439994 ; 0.0484015 ; 103.657;
17 ; 19 ; 9 ; 0.0436605 ; -0.0169607 ; -0.0393461 ; 99.815;
18 ; 19 ; 9 ; 0.0474477 ; -0.0105443 ; -0.075712 ; 100.725;
19 ; 19 ; 9 ; 0.0263773 ; -0.0124112 ; -0.0543311 ; 100.575;
20 ; 19 ; 9 ; 0.0359669 ; 0.0231584 ; -0.0543353 ; 100.71;
21 ; 19 ; 9 ; 0.0667982 ; 0.0548906 ; 0.0667509 ; 104.322;
4 ; 20 ; 9 ; -0.00770681 ; -0.0179572 ; 0.000981258 ; 98.3875;
5 ; 20 ; 9 ; 0.0254106 ; 0.0438454 ; -0.0507802 ; 99.8875;
6 ; 20 ; 9 ; 0.0304773 ; 0.0346051 ; 0.0199994 ; 102.812;
7 ; 20 ; 9 ; 0.0508688 ; 0.0543358 ; 0.056015 ; 101.015;
8 ; 20 ; 9 ; 0.0714359 ; 0.0355841 ; -0.00432551 ; 99.6475;
9 ; 20 ; 9 ; -0.00734373 ; -0.00739079 ; -0.00910759 ; 101.853;
10 ; 20 ; 9 ; 0.00462382 ; 0.0104021 ; -0.0505685 ; 100.94;
11 ; 20 ; 9 ; 0.0488074 ; -0.0493341 ; 0.0162103 ; 101.105;
12 ; 20 ; 9 ; -0.014462 ; 0.0422568 ; -0.0105078 ; 102.002;
13 ; 20 ; 9 ; 0.0377118 ; -0.0257992 ; 0.0136032 ; 105.642;
14 ; 20 ; 9 ; -0.0028497 ; 0.0303089 ; 0.018232 ; 102.27;
15 ; 20 ; 9 ; -0.0251491 ; -0.0427206 ; 0.0293413 ; 103.863;
16 ; 20 ; 9 ; -0.0221487 ; 0.0447391 ; -0.00916274 ; 101.07;
17 ; 20 ; 9 ; -0.0134273 ; -0.0601293 ; 0.00697487 ; 101.188;
18 ; 20 ; 9 ; 0.0225977 ; 0.0308757 ; -0.013817 ; 101.09;
19 ; 20 ; 9 ; 0.0144644 ; 0.0341348 ; -0.0355851 ; 102.735;
20 ; 20 ; 9 ; 0.0243972 ; 0.00546938 ; -0.0108595 ; 101.153;
21 ; 20 ; 9 ; -0.00522895 ; 0.0387061 ; 0.00313587 ; 101.558;
4 ; 21 ; 9 ; 0.0659059 ; -0.0681087 ; 0.0141171 ; 102.078;
5 ; 21 ; 9 ; 0.0624093 ; -0.0217734 ; 0.0305464 ; 102.537;
6 ; 21 ; 9 ; 0.0745418 ; -0.0436393 ; 0.00634865 ; 103.035;
7 ; 21 ; 9 ; 0.0212114 ; -0.00296082 ; 0.00613436 ; 104.08;
8 ; 21 ; 9 ; 0.0404755 ; 0.0492957 ; 0.0431853 ; 99.56;
9 ; 21 ; 9 ; 0.098274 ; -0.096154 ; -0.0310762 ; 103.567;
10 ; 21 ; 9 ; 0.0555094 ; -0.0112755 ; 0.0510926 ; 103.267;
11 ; 21 ; 9 ; -0.0202213 ; -0.0119263 ; 0.00542357 ; 101.722;
12 ; 21 ; 9 ; 0.0331442 ; 0.060823 ; -0.044868 ; 101.547;
13 ; 21 ; 9 ; 0.0710936 ; -0.067449 ; -0.0109086 ; 99.0075;
14 ; 21 ; 9 ; 0.0630545 ; 0.0237348 ; -0.0213538 ; 102.69;
15 ; 21 ; 9 ; 0.0974012 ; -0.00273079 ; -0.0221936 ; 102.745;
16 ; 21 ; 9 ; -0.00714333 ; 0.00925189 ; -0.0202164 ; 102.495;
17 ; 21 ; 9 ; 0.0401407 ; 0.000931489 ; -0.0289715 ; 99.4325;
18 ; 21 ; 9 ; 0.0544162 ; -0.0611647 ; 0.0130011 ; 102.68;
19 ; 21 ; 9 ; 0.0479023 ; -0.0261665 ; -0.108292 ; 100.385;
20 ; 21 ; 9 ; 0.049755 ; 0.0654964 ; -0.0253911 ; 102.04;
21 ; 21 ; 9 ; -0.0124395 ; 0.00228779 ; 0.092678 ; 101.085;
4 ; 4 ; 10 ; 0.0222628 ; 0.0662823 ; -0.00234849 ; 101.353;
5 ; 4 ; 10 ; 0.035309 ; -0.00119917 ; 0.0237156 ; 102.547;
6 ; 4 ; 10 ; -0.0126574 ; 0.0263327 ; -0.0865337 ; 103.308;
7 ; 4 ; 10 ; 0.0590062 ; 0.0495149 ; -0.0736616 ; 102.278;
8 ; 4 ; 10 ; 0.0106741 ; -0.0373052 ; 0.00591601 ; 103.68;
9 ; 4 ; 10 ; 0.0316557 ; 0.0368686 ; -0.0820504 ; 102.79;
10 ; 4 ; 10 ; 0.019419 ; -0.0366918 ; 0.0566625 ; 102.425;
11 ; 4 ; 10 ; 0.0269969 ; -0.0176162 ; 0.0304816 ; 102.228;
12 ; 4 ; 10 ; 0.0557015 ; 0.0260984 ; 0.0285122 ; 101.92;
13 ; 4 ; 10 ; -0.00912437 ; -0.0334285 ; 0.0583976 ; 99.3825;
14 ; 4 ; 10 ; -0.0120456 ; 0.0229166 ; 0.0582572 ; 99.9225;
15 ; 4 ; 10 ; -0.0451136 ; 0.0704197 ; -0.0814966 ; 99.5675;
16 ; 4 ; 10 ; 0.0889043 ; 0.0664042 ; 0.00286257 ; 104.245;
17 ; 4 ; 10 ; -0.0234448 ; 0.0587508 ; 0.0860666 ; 100.75;
18 ; 4 ; 10 ; 0.00298085 ; 0.0234683 ; -0.0519539 ; 104.54;
19 ; 4 ; 10 ; -0.0328559 ; 0.0338659 ; 0.0405081 ; 101.172;
20 ; 4 ; 10 ; 0.0521025 ; 0.0127451 ; 0.0322462 ; 99.55;
21 ; 4 ; 10 ; 0.00666157 ; -0.0848378 ; -0.0711979 ; 105.12;
4 ; 5 ; 10 ; -0.0245426 ; 0.011337 ; -0.0959004 ; 104.265;
5 ; 5 ; 10 ; 0.00996031 ; -0.0131286 ; -0.0285083 ; 99.555;
6 ; 5 ; 10 ; 0.00683977 ; 0.0882958 ; -0.0386423 ; 102.545;
7 ; 5 ; 10 ; 0.00571235 ; 0.0796993 ; 0.00697062 ; 101.125;
8 ; 5 ; 10 ; 0.00840789 ; 0.0477443 ; -0.0134987 ; 103.517;
9 ; 5 ; 10 ; -0.0337081 ; -0.00626601 ; 0.0215347 ; 101.62;
10 ; 5 ; 10 ; 0.0513198 ; 0.0268229 ; -0.0612207 ; 99.7525;
11 ; 5 ; 10 ; 0.0792237 ; 0.00530995 ; 0.0305039 ; 101.353;
12 ; 5 ; 10 ; 0.0306494 ; 0.024575 ; 0.0543943 ; 102.97;
13 ; 5 ; 10 ; 0.0411158 ; 0.00965612 ; 0.0461379 ; 101.093;
14 ; 5 ; 10 ; -0.0515574 ; -0.0633697 ; 0.0674091 ; 102.597;
15 ; 5 ; 10 ; -0.10108 ; 0.0300186 ; -0.000766367 ; 101.53;
16 ; 5 ; 10 ; 0.000145268 ; -0.0248861 ; -0.0285996 ; 100.665;
17 ; 5 ; 10 ; -0.00324142 ; -0.0279725 ; 0.0603506 ; 101.312;
18 ; 5 ; 10 ; -0.0553708 ; -0.0298732 ; -0.00188445 ; 100.09;
19 ; 5 ; 10 ; -0.0302033 ; -0.0512387 ; -0.0727684 ; 103.565;
20 ; 5 ; 10 ; -0.0241787 ; -0.00715009 ; 0.0187642 ; 101.255;
21 ; 5 ; 10 ; -0.0160401 ; 0.0252493 ; -0.0288481 ; 103.838;
4 ; 6 ; 10 ; 0.0444808 ; 0.0334266 ; 0.0016997 ; 100.058;
5 ; 6 ; 10 ; -0.0795735 ; 0.0321115 ; -0.0169109 ; 103.023;
6 ; 6 ; 10 ; 0.0338202 ; 0.00220088 ; 0.0343278 ; 103.33;
7 ; 6 ; 10 ; 0.0318146 ; 0.0731299 ; -0.00366198 ; 102.593;
8 ; 6 ; 10 ; -0.00791819 ; 0.0241432 ; 0.0454539 ; 100.925;
9 ; 6 ; 10 ; 0.0490193 ; -0.0465366 ; 0.0368062 ; 103.82;
10 ; 6 ; 10 ; -0.0121596 ; -0.0499645 ; -0.0887611 ; 103.485;
11 ; 6 ; 10 ; 0.0397783 ; 0.0401919 ; 0.0387084 ; 102.498;
12 ; 6 ; 10 ; 0.00256236 ; -0.0180327 ; 0.0267288 ; 102.28;
13 ; 6 ; 10 ; 0.0149047 ; 0.0127971 ; 0.00198514 ; 101.58;
14 ; 6 ; 10 ; -0.0839034 ; -0.0102989 ; -0.0276874 ; 101.737;
15 ; 6 ; 10 ; -0.0635324 ; 0.0141008 ; 0.00769204 ; 102.623;
16 ; 6 ; 10 ; 0.073145 ; -0.0290706 ; 0.045133 ; 103.698;
17 ; 6 ; 10 ; 0.0359584 ; 0.00295524 ; 0.0498326 ; 100.087;
18 ; 6 ; 10 ; -0.0377088 ; 0.0552688 ; -0.00634229 ; 101.403;
19 ; 6 ; 10 ; 0.000447991 ; 0.0195971 ; -0.0612369 ; 98;
20 ; 6 ; 10 ; 0.00428368 ; 0.016659 ; -0.0304467 ; 99.3475;
21 ; 6 ; 10 ; 0.0367808 ; -0.0736778 ; -0.032444 ; 99.93;
4 ; 7 ; 10 ; 0.0386403 ; -0.054575 ; 0.011616 ; 101.702;
5 ; 7 ; 10 ; 0.0265104 ; 0.0108828 ; 0.0567374 ; 101.555;
6 ; 7 ; 10 ; 0.0193644 ; 0.0172263 ; -0.0257421 ; 100.588;
7 ; 7 ; 10 ; 0.00326963 ; -0.0240479 ; -0.0714886 ; 102.398;
8 ; 7 ; 10 ; -0.0608678 ; 0.0162512 ; 0.0647182 ; 102.557;
9 ; 7 ; 10 ; -0.0174272 ; 0.0272686 ; 0.0436532 ; 101.997;
10 ; 7 ; 10 ; -0.0474846 ; 0.000814951 ; 0.000231152 ; 101.72;
11 ; 7 ; 10 ; 0.0628798 ; -0.094178 ; 0.0290115 ; 103.317;
12 ; 7 ; 10 ; -0.0244537 ; 0.0763502 ; -0.00947387 ; 101.403;
13 ; 7 ; 10 ; -0.0732185 ; 0.0241012 ; -0.0158158 ; 101.72;
14 ; 7 ; 10 ; 0.0345335 ; -0.0200709 ; -0.0405576 ; 102.058;
15 ; 7 ; 10 ; 0.0446932 ; 0.00225696 ; 0.0188879 ; 101.778;
16 ; 7 ; 10 ; -0.0272353 ; -0.0202669 ; -0.0150598 ; 103.31;
17 ; 7 ; 10 ; 0.00937674 ; 0.0294452 ; -0.0436778 ; 102.96;
18 ; 7 ; 10 ; 0.00677811 ; 0.0158721 ; -0.0967101 ; 102.892;
19 ; 7 ; 10 ; 0.0971006 ; 0.0330072 ; 0.0275027 ; 101.39;
20 ; 7 ; 10 ; 0.021987 ; 0.00120091 ; 0.0416122 ; 102.865;
21 ; 7 ; 10 ; -0.042761 ; -0.117574 ; -0.0234301 ; 103.53;
4 ; 8 ; 10 ; 0.0365071 ; -0.0268263 ; -0.0795953 ; 103.19;
5 ; 8 ; 10 ; -0.0182279 ; -0.0533935 ; -0.0246573 ; 100.572;
6 ; 8 ; 10 ; 0.0696217 ; 0.0272683 ; 0.0189025 ; 100.31;
7 ; 8 ; 10 ; 0.0499907 ; 0.0140455 ; 0.0107896 ; 98.9;
8 ; 8 ; 10 ; 0.0501295 ; -0.0317248 ; -0.0363295 ; 101.23;
9 ; 8 ; 10 ; 0.0211326 ; 0.00913178 ; 0.052105 ; 102.713;
10 ; 8 ; 10 ; 0.0385149 ; 0.0290751 ; 0.0282829 ; 101.632;
11 ; 8 ; 10 ; 0.0516014 ; 0.0427787 ; 0.0275236 ; 101.045;
12 ; 8 ; 10 ; 0.0228096 ; 0.0805038 ; -0.0133383 ; 98.8875;
13 ; 8 ; 10 ; 0.0313737 ; -0.0084771 ; 0.0752126 ; 102.475;
14 ; 8 ; 10 ; -0.00391351 ; -0.0363587 ; -0.040677 ; 103.875;
15 ; 8 ; 10 ; -0.0360833 ; 0.0490983 ; -0.026753 ; 101.28;
16 ; 8 ; 10 ; -0.0150497 ; 0.0094158 ; -0.0311252 ; 103.073;
17 ; 8 ; 10 ; -0.00763228 ; 0.0187222 ; -0.00710334 ; 101.478;
18 ; 8 ; 10 ; -0.0692238 ; -0.0289663 ; 0.00845264 ; 100.762;
19 ; 8 ; 10 ; 0.0199581 ; 0.0155296 ; -0.0717314 ; 103.965;
20 ; 8 ; 10 ; -0.0262414 ; -0.0535872 ; -0.0256883 ; 105.395;
21 ; 8 ; 10 ; 0.0072275 ; -0.00747576 ; 0.00873623 ; 100.163;
4 ; 9 ; 10 ; -0.000664714 ; 0.0129803 ; 0.00732783 ; 100.377;
5 ; 9 ; 10 ; 0.0653137 ; -0.0590578 ; -0.012112 ; 99.635;
6 ; 9 ; 10 ; 0.0719521 ; 0.0244324 ; -0.0178704 ; 100.43;
7 ; 9 ; 10 ; 0.0883366 ; -0.0524814 ; 0.0050346 ; 98.745;
8 ; 9 ; 10 ; 0.0458669 ; 0.0161692 ; -0.0664514 ; 103.465;
9 ; 9 ; 10 ; 0.0280029 ; 0.00933533 ; 0.0158217 ; 102.45;
10 ; 9 ; 10 ; 0.0427093 ; 0.0012598 ; 0.0820823 ; 101.112;
11 ; 9 ; 10 ; 0.0418725 ; 0.0455676 ; -0.02649 ; 104.552;
12 ; 9 ; 10 ; -0.0305539 ; 0.0401264 ; 0.0662879 ; 101.138;
13 ; 9 ; 10 ; 0.0380801 ; -0.0099636 ; -0.00417874 ; 102.485;
14 ; 9 ; 10 ; 0.0427681 ; 0.0321161 ; -0.0342454 ; 100.993;
15 ; 9 ; 10 ; 0.0466062 ; 0.020723 ; -0.0191445 ; 103.157;
16 ; 9 ; 10 ; -0.00729813 ; 0.0370757 ; 0.026037 ; 102.085;
17 ; 9 ; 10 ; 0.0145482 ; -0.0345586 ; 0.00393444 ; 102.54;
18 ; 9 ; 10 ; 0.0201113 ; -0.00334061 ; -0.0340106 ; 101.88;
19 ; 9 ; 10 ; -0.0123274 ; -0.00738506 ; -0.0231111 ; 103.078;
20 ; 9 ; 10 ; 0.064698 ; -0.0276798 ; -0.074001 ; 103.35;
21 ; 9 ; 10 ; 0.0235915 ; 0.011389 ; -0.000873475 ; 103.442;
4 ; 10 ; 10 ; 0.0230097 ; 0.0189175 ; -0.100803 ; 100.835;
5 ; 10 ; 10 ; 0.0974937 ; -0.0252399 ; -0.000955131 ; 100.793;
6 ; 10 ; 10 ; 0.0257144 ; -0.0314622 ; 0.0341552 ; 100.55;
7 ; 10 ; 10 ; -0.00749871 ; -0.0678458 ; 0.0013089 ; 99.515;
8 ; 10 ; 10 ; -0.00599712 ; 0.0412144 ; -0.025442 ; 101.19;
9 ; 10 ; 10 ; 0.0208319 ; 0.00540576 ; -0.0738527 ; 101.515;
10 ; 10 ; 10 ; -0.0290725 ; 0.0208391 ; 0.0470568 ; 102.803;
11 ; 10 ; 10 ; -0.0260834 ; -0.0124958 ; -0.00729349 ; 100.832;
12 ; 10 ; 10 ; 0.0634732 ; -0.0900009 ; -0.036659 ; 101.812;
13 ; 10 ; 10 ; 0.00546274 ; -0.0485346 ; -0.0464833 ; 98.9275;
14 ; 10 ; 10 ; 0.0653288 ; 0.0213011 ; 0.0319526 ; 100.195;
15 ; 10 ; 10 ; -0.0112178 ; -0.0216332 ; -0.0912318 ; 102.523;
16 ; 10 ; 10 ; 0.123974 ; -0.00411294 ; -0.00632438 ; 101.605;
17 ; 10 ; 10 ; 0.00982947 ; 0.0350759 ; -0.00297863 ; 103.773;
18 ; 10 ; 10 ; 0.0287949 ; 0.0129627 ; -0.0727847 ; 100.833;
19 ; 10 ; 10 ; 0.0406621 ; -0.0520946 ; 0.0764546 ; 101.567;
20 ; 10 ; 10 ; 0.0457926 ; -0.0540768 ; 0.0185953 ; 101.44;
21 ; 10 ; 10 ; 0.00331818 ; -0.00726955 ; 0.00056305 ; 99.73;
4 ; 11 ; 10 ; -0.0111055 ; 0.0675965 ; 0.0296758 ; 104.545;
5 ; 11 ; 10 ; 0.050242 ; -0.0533722 ; -0.00651919 ; 100.95;
6 ; 11 ; 10 ; 0.00491481 ; -0.0625119 ; -0.0293444 ; 101.305;
7 ; 11 ; 10 ; 0.00680037 ; 0.0192162 ; -0.0221782 ; 102.428;
8 ; 11 ; 10 ; 0.000404437 ; 0.0385291 ; 0.0049849 ; 99.1725;
9 ; 11 ; 10 ; -0.0678743 ; 0.0199201 ; -0.0139027 ; 98.905;
10 ; 11 ; 10 ; 0.00404889 ; -0.0227746 ; 0.0134063 ; 102.17;
11 ; 11 ; 10 ; 0.0350086 ; 0.0505161 ; -0.102831 ; 103.138;
12 ; 11 ; 10 ; -0.027263 ; -0.0473009 ; -0.0602157 ; 100.535;
13 ; 11 ; 10 ; -0.0582285 ; -0.0256449 ; -0.0108801 ; 100.085;
14 ; 11 ; 10 ; -0.0413623 ; 0.0569014 ; 0.0137516 ; 104.92;
15 ; 11 ; 10 ; 0.0171743 ; 0.0287698 ; 0.0721875 ; 101.935;
16 ; 11 ; 10 ; 0.0183582 ; 0.105219 ; -0.00933729 ; 101.835;
17 ; 11 ; 10 ; -0.0083109 ; 0.0471385 ; -0.0201262 ; 99.66;
18 ; 11 ; 10 ; 0.0170051 ; 0.0245755 ; -0.0247079 ; 100.468;
19 ; 11 ; 10 ; 0.0410001 ; -0.0369787 ; 0.0436348 ; 101.63;
20 ; 11 ; 10 ; -0.000522476 ; -0.0108631 ; 0.0309466 ; 101.012;
21 ; 11 ; 10 ; 0.0163317 ; -0.142032 ; -0.0151412 ; 100.575;
4 ; 12 ; 10 ; 0.0214406 ; 0.0561804 ; 0.0613155 ; 100.578;
5 ; 12 ; 10 ; -0.0209942 ; -0.0656558 ; -0.0105692 ; 103.84;
6 ; 12 ; 10 ; -0.044666 ; 0.00133816 ; -0.0405267 ; 101.27;
7 ; 12 ; 10 ; -0.0197988 ; 0.108801 ; 0.0124191 ; 102.14;
8 ; 12 ; 10 ; 0.010568 ; 0.0198835 ; -0.0105501 ; 102.845;
9 ; 12 ; 10 ; 0.0783284 ; -0.0526537 ; -0.0046419 ; 101.785;
10 ; 12 ; 10 ; -0.0421862 ; -0.00867822 ; 0.0494354 ; 101.89;
11 ; 12 ; 10 ; -0.130342 ; 0.0767733 ; 0.0727506 ; 102.6;
12 ; 12 ; 10 ; 0.0515303 ; -0.0173349 ; 0.0295627 ; 103.095;
13 ; 12 ; 10 ; 0.0450976 ; -0.0778596 ; -0.0198423 ; 105.435;
14 ; 12 ; 10 ; 0.0016829 ; 0.000129752 ; 0.0450613 ; 103.293;
15 ; 12 ; 10 ; -0.0394209 ; 0.0590347 ; 0.0534205 ; 101.603;
16 ; 12 ; 10 ; 0.0158401 ; 0.0738971 ; 0.0270876 ; 102.2;
17 ; 12 ; 10 ; 0.0404171 ; 0.0694108 ; 0.0505507 ; 100.505;
18 ; 12 ; 10 ; 0.0706095 ; -0.0565603 ; -0.0603675 ; 100.002;
19 ; 12 ; 10 ; 0.0207159 ; 0.0216928 ; 0.0316478 ; 103.67;
20 ; 12 ; 10 ; 0.0725725 ; 0.0229519 ; 0.00499897 ; 99.8375;
21 ; 12 ; 10 ; 0.0480185 ; -0.042674 ; 0.0435724 ; 101.532;
4 ; 13 ; 10 ; 0.00832163 ; -0.024617 ; -0.0244124 ; 102.657;
5 ; 13 ; 10 ; 0.0176486 ; 0.0126748 ; 0.0554114 ; 103.472;
6 ; 13 ; 10 ; -0.0729614 ; -0.0172835 ; -0.0670383 ; 102.873;
7 ; 13 ; 10 ; -0.034074 ; -0.01976 ; 0.017373 ; 101.76;
8 ; 13 ; 10 ; -0.00667798 ; -0.0361762 ; 0.0159072 ; 101.942;
9 ; 13 ; 10 ; -0.0792981 ; -0.00386637 ; -0.0149013 ; 101.707;
10 ; 13 ; 10 ; -0.046214 ; -0.0145986 ; 0.00238466 ; 100.517;
11 ; 13 ; 10 ; 0.013479 ; -0.0707875 ; 0.0182971 ; 102.57;
12 ; 13 ; 10 ; 0.0202315 ; 0.0610598 ; 0.0341276 ; 101.903;
13 ; 13 ; 10 ; 0.0400155 ; 0.0109382 ; -0.000349464 ; 101.36;
14 ; 13 ; 10 ; 0.0142428 ; 0.0189194 ; 0.0288467 ; 102.56;
15 ; 13 ; 10 ; -0.000750532 ; 0.0470614 ; -0.00494083 ; 100.545;
16 ; 13 ; 10 ; 0.031157 ; -0.000817684 ; -0.0135983 ; 102.618;
17 ; 13 ; 10 ; 0.0130677 ; 0.0568637 ; -0.0248161 ; 104.455;
18 ; 13 ; 10 ; -0.00753391 ; -0.0818033 ; 0.0385792 ; 102.873;
19 ; 13 ; 10 ; -0.00492178 ; 0.0477198 ; 0.0216076 ; 103.425;
20 ; 13 ; 10 ; -0.10691 ; 0.0129837 ; -0.0154436 ; 100.407;
21 ; 13 ; 10 ; -0.0652918 ; 0.0416072 ; -0.0162783 ; 100.748;
4 ; 14 ; 10 ; 0.0336653 ; -0.00457147 ; -0.0692936 ; 100.292;
5 ; 14 ; 10 ; 0.0603831 ; -0.0360605 ; -0.0125104 ; 101.71;
6 ; 14 ; 10 ; -0.0303779 ; 0.03323 ; 0.0773791 ; 101.682;
7 ; 14 ; 10 ; 0.00712325 ; -0.0094512 ; -0.037419 ; 103.205;
8 ; 14 ; 10 ; 0.00258529 ; -0.0132032 ; 0.0216188 ; 102.808;
9 ; 14 ; 10 ; -0.0273684 ; 0.0339939 ; -0.00760368 ; 101.715;
10 ; 14 ; 10 ; -0.02321 ; -0.0549862 ; 0.082978 ; 100.845;
11 ; 14 ; 10 ; 0.0146261 ; -0.0268823 ; -0.0270036 ; 102.477;
12 ; 14 ; 10 ; -0.0561432 ; 0.0338569 ; -0.0813643 ; 102.815;
13 ; 14 ; 10 ; 0.00902825 ; -0.01035 ; 0.0800509 ; 101.868;
14 ; 14 ; 10 ; 0.02312 ; 0.0227415 ; -0.00869472 ; 102.513;
15 ; 14 ; 10 ; -0.0164268 ; 0.0401512 ; -0.0456455 ; 102.312;
16 ; 14 ; 10 ; -0.0257793 ; 0.00568907 ; -0.0351609 ; 100.345;
17 ; 14 ; 10 ; -0.00307157 ; 0.0417456 ; -0.0565053 ; 102.085;
18 ; 14 ; 10 ; -0.0177152 ; -0.0162961 ; -0.0227139 ; 100.63;
19 ; 14 ; 10 ; -0.00617981 ; 0.00808584 ; -0.0092796 ; 101.6;
20 ; 14 ; 10 ; -0.0256568 ; 0.0562267 ; -0.0260509 ; 102.108;
21 ; 14 ; 10 ; 0.0619313 ; 0.0501719 ; 0.0511051 ; 101.175;
4 ; 15 ; 10 ; -0.0472646 ; 0.0703954 ; 0.0309604 ; 102.032;
5 ; 15 ; 10 ; 0.0439108 ; -0.102531 ; 0.0665299 ; 99.3225;
6 ; 15 ; 10 ; -0.0415004 ; 0.0148703 ; 0.00285747 ; 104.318;
7 ; 15 ; 10 ; 0.0340264 ; -0.0386519 ; 0.0284152 ; 102.562;
8 ; 15 ; 10 ; -0.0170557 ; -0.0319855 ; -0.0369337 ; 100.015;
9 ; 15 ; 10 ; 0.00945419 ; -0.036592 ; -0.00724987 ; 105.072;
10 ; 15 ; 10 ; 2.88462e-05 ; -0.038464 ; 0.0766507 ; 101.99;
11 ; 15 ; 10 ; -0.0192381 ; 0.00456374 ; -0.0115423 ; 101.152;
12 ; 15 ; 10 ; 0.00372985 ; 0.0295436 ; -0.059256 ; 101.203;
13 ; 15 ; 10 ; 0.0323615 ; 0.0540759 ; 0.00102003 ; 103.438;
14 ; 15 ; 10 ; 0.0497134 ; 0.077704 ; -0.014252 ; 101.64;
15 ; 15 ; 10 ; 0.0458059 ; -0.00258972 ; 0.052366 ; 102.672;
16 ; 15 ; 10 ; -0.0066044 ; -0.0175035 ; 0.0172668 ; 103.12;
17 ; 15 ; 10 ; 0.0388749 ; -0.0115951 ; -0.0514944 ; 102.005;
18 ; 15 ; 10 ; -0.0113865 ; -0.00554415 ; 0.0144718 ; 100.46;
19 ; 15 ; 10 ; 0.0292368 ; -0.00931211 ; -0.0811587 ; 103.575;
20 ; 15 ; 10 ; 0.0198573 ; 0.0339962 ; 0.0453388 ; 101.188;
21 ; 15 ; 10 ; 0.0392972 ; 0.0315524 ; -0.0220852 ; 104.252;
4 ; 16 ; 10 ; 0.0111842 ; -0.0147904 ; 0.0778732 ; 99.14;
5 ; 16 ; 10 ; -0.0537205 ; -0.0358971 ; -0.0211444 ; 99.6325;
6 ; 16 ; 10 ; 0.0346065 ; -0.0309915 ; 0.0176119 ; 102.48;
7 ; 16 ; 10 ; -0.0357201 ; -0.0472599 ; 0.116866 ; 101.537;
8 ; 16 ; 10 ; -0.0322846 ; 0.0529994 ; 0.021987 ; 99.8225;
9 ; 16 ; 10 ; -0.0126942 ; 0.0265636 ; -0.0549567 ; 100.488;
10 ; 16 ; 10 ; -0.00312428 ; 0.00355384 ; 0.00911608 ; 101.188;
11 ; 16 ; 10 ; 0.0734233 ; -0.0468072 ; 0.0367357 ; 101.92;
12 ; 16 ; 10 ; 0.0699159 ; 0.0339886 ; -0.0637739 ; 101.405;
13 ; 16 ; 10 ; 0.0343513 ; -0.0228619 ; 0.0147079 ; 101.05;
14 ; 16 ; 10 ; -0.0185368 ; 0.0558991 ; 0.057374 ; 101.095;
15 ; 16 ; 10 ; -0.0234779 ; 0.0251329 ; 0.105064 ; 103.31;
16 ; 16 ; 10 ; 0.0319052 ; -0.0265798 ; 0.000177774 ; 102.793;
17 ; 16 ; 10 ; -0.0272682 ; -0.0292433 ; 0.0686915 ; 102.772;
18 ; 16 ; 10 ; -0.0201937 ; 0.0113048 ; 0.0528603 ; 102.705;
19 ; 16 ; 10 ; -0.0242528 ; -0.00449526 ; -0.0374401 ; 101.21;
20 ; 16 ; 10 ; 0.0121861 ; -0.00956215 ; -0.0530764 ; 104.172;
21 ; 16 ; 10 ; 0.0509914 ; 0.053398 ; 0.0466482 ; 99.69;
4 ; 17 ; 10 ; -0.00382569 ; -0.079307 ; 0.0220946 ; 102.17;
5 ; 17 ; 10 ; 0.0136483 ; 0.0335597 ; 0.0304312 ; 100.162;
6 ; 17 ; 10 ; -0.0562299 ; 0.0320678 ; -0.0127499 ; 101.067;
7 ; 17 ; 10 ; -0.0382039 ; 0.0100799 ; 0.0930232 ; 103.71;
8 ; 17 ; 10 ; -0.0969972 ; 0.00022109 ; 0.00646667 ; 101.615;
9 ; 17 ; 10 ; -0.0322632 ; -0.0381272 ; -0.0587946 ; 101.18;
10 ; 17 ; 10 ; 0.0536927 ; 0.0821679 ; -0.0110682 ; 100.635;
11 ; 17 ; 10 ; 0.0513469 ; 0.0028844 ; 0.0420854 ; 102.24;
12 ; 17 ; 10 ; -0.032385 ; 0.0372552 ; -0.0335206 ; 106.465;
13 ; 17 ; 10 ; 0.0308934 ; 0.00572892 ; -0.0680086 ; 101.053;
14 ; 17 ; 10 ; 0.0313248 ; -0.0116507 ; 0.0330919 ; 100.992;
15 ; 17 ; 10 ; 0.0467369 ; -0.0537327 ; 0.0197399 ; 100.508;
16 ; 17 ; 10 ; 0.0485825 ; -0.0624298 ; 0.0326164 ; 102.055;
17 ; 17 ; 10 ; -0.0470025 ; 0.0704438 ; -0.0086383 ; 101.885;
18 ; 17 ; 10 ; -0.0460446 ; 0.0434742 ; -0.0878683 ; 101.297;
19 ; 17 ; 10 ; 0.0913478 ; -0.0135773 ; -0.0368897 ; 100.445;
20 ; 17 ; 10 ; 0.0247365 ; 0.01573 ; -0.0847018 ; 102.858;
21 ; 17 ; 10 ; 0.00478986 ; 0.0528061 ; 0.0632371 ; 101.245;
4 ; 18 ; 10 ; -0.0251905 ; -0.0861897 ; -0.00917939 ; 101.425;
5 ; 18 ; 10 ; 0.0430836 ; 0.0671439 ; -0.0111555 ; 104.93;
6 ; 18 ; 10 ; 0.0063905 ; -0.0139252 ; 0.0224134 ; 102.583;
7 ; 18 ; 10 ; 0.0055262 ; -0.0253949 ; 0.0132883 ; 101.2;
8 ; 18 ; 10 ; -0.0221184 ; 0.000481423 ; -0.0293429 ; 100.733;
9 ; 18 ; 10 ; 0.026822 ; -0.0163553 ; -0.058748 ; 102.545;
10 ; 18 ; 10 ; 0.037847 ; -0.0455304 ; -0.0310645 ; 101.58;
11 ; 18 ; 10 ; -0.0027736 ; -0.0184476 ; -0.0690914 ; 102.282;
12 ; 18 ; 10 ; 0.0283558 ; -0.0340775 ; 0.058261 ; 101.1;
13 ; 18 ; 10 ; 0.0301174 ; 0.0388394 ; -0.0130803 ; 102.243;
14 ; 18 ; 10 ; 0.003279 ; 0.013097 ; -0.0114607 ; 102.933;
15 ; 18 ; 10 ; 0.0362589 ; -0.0890495 ; 0.00141193 ; 103.755;
16 ; 18 ; 10 ; -0.0523665 ; -0.0715901 ; 0.0336177 ; 101.66;
17 ; 18 ; 10 ; 0.00491212 ; 0.0310718 ; 0.0187661 ; 102.59;
18 ; 18 ; 10 ; 0.0225881 ; -0.0189755 ; -0.0605347 ; 101.21;
19 ; 18 ; 10 ; 0.0564683 ; 0.0226507 ; -0.0965568 ; 102.63;
20 ; 18 ; 10 ; 0.0254193 ; -0.127996 ; -0.0238719 ; 103.065;
21 ; 18 ; 10 ; -0.00893132 ; -0.017492 ; -0.0130458 ; 101.947;
4 ; 19 ; 10 ; 0.0422083 ; -0.0190523 ; -0.00839251 ; 102.182;
5 ; 19 ; 10 ; -0.0377859 ; -0.0557757 ; -0.0129099 ; 100.95;
6 ; 19 ; 10 ; -0.0208423 ; 0.0143162 ; 0.00446869 ; 103.582;
7 ; 19 ; 10 ; 0.0311493 ; -0.0384322 ; -0.00568814 ; 98.7525;
8 ; 19 ; 10 ; -0.0219614 ; 0.00689144 ; 0.00196931 ; 101.955;
9 ; 19 ; 10 ; 0.0520667 ; -0.0586754 ; 0.0378099 ; 104.553;
10 ; 19 ; 10 ; 0.0479485 ; 0.0132911 ; 0.0304626 ; 101.59;
11 ; 19 ; 10 ; -0.0333217 ; 0.0333011 ; 0.068657 ; 101.96;
12 ; 19 ; 10 ; 0.00842015 ; -0.0242478 ; -0.0732183 ; 102.945;
13 ; 19 ; 10 ; 0.00780407 ; 0.0175311 ; -0.0528563 ; 103.245;
14 ; 19 ; 10 ; 0.0319152 ; 0.0242238 ; 0.0319604 ; 102.155;
15 ; 19 ; 10 ; 0.00339259 ; 0.0361543 ; -0.0813248 ; 100.96;
16 ; 19 ; 10 ; 0.031105 ; 0.010189 ; -0.00706362 ; 101.013;
17 ; 19 ; 10 ; -0.00379607 ; 0.00462571 ; -0.0230037 ; 101.933;
18 ; 19 ; 10 ; 0.0523729 ; 0.0886368 ; -0.0283029 ; 104.71;
19 ; 19 ; 10 ; -0.00272092 ; -0.00951672 ; -0.0311243 ; 100.177;
20 ; 19 ; 10 ; -0.00654721 ; -0.0493901 ; -0.00823196 ; 101.39;
21 ; 19 ; 10 ; 0.0430565 ; -0.0288687 ; -0.0574106 ; 100.87;
4 ; 20 ; 10 ; 0.00623741 ; -0.00107028 ; -0.0156577 ; 100.86;
5 ; 20 ; 10 ; 0.00944814 ; -0.091878 ; 0.0354707 ; 103.965;
6 ; 20 ; 10 ; 0.0336069 ; 0.00727508 ; 0.0476157 ; 100.915;
7 ; 20 ; 10 ; 0.010328 ; -0.068211 ; -0.061676 ; 102.713;
8 ; 20 ; 10 ; 0.0198478 ; -0.0382278 ; -0.0122362 ; 104.8;
9 ; 20 ; 10 ; 0.0543651 ; -3.62296e-05 ; 0.00393682 ; 101.33;
10 ; 20 ; 10 ; 0.0152325 ; 0.0448292 ; -0.0388761 ; 104.2;
11 ; 20 ; 10 ; 0.030861 ; -0.0456089 ; 0.0546721 ; 104.102;
12 ; 20 ; 10 ; -0.0576556 ; -0.0286997 ; -0.00296286 ; 98.62;
13 ; 20 ; 10 ; 0.0459982 ; 0.0271399 ; 0.0277658 ; 101.843;
14 ; 20 ; 10 ; -0.017612 ; 0.0166004 ; -0.0370708 ; 103.185;
15 ; 20 ; 10 ; -0.000675442 ; -0.0543463 ; -0.0907526 ; 101.065;
16 ; 20 ; 10 ; 0.0331865 ; 0.0694511 ; -0.00944732 ; 100.735;
17 ; 20 ; 10 ; -0.0348403 ; 0.0157699 ; 0.0247186 ; 103.8;
18 ; 20 ; 10 ; -0.025163 ; -0.00158821 ; -0.00353222 ; 102.643;
19 ; 20 ; 10 ; 0.0295633 ; -0.0560575 ; -0.0103598 ; 102.645;
20 ; 20 ; 10 ; -0.00199858 ; 0.0158657 ; -0.0220465 ; 101.632;
21 ; 20 ; 10 ; 0.0285848 ; 0.000400534 ; -0.042197 ; 102.847;
4 ; 21 ; 10 ; 0.0535179 ; -0.0233852 ; 0.0608909 ; 99.46;
5 ; 21 ; 10 ; -0.0419284 ; -0.030859 ; 0.016666 ; 101.582;
6 ; 21 ; 10 ; 0.0987062 ; 0.000258362 ; 0.0103605 ; 100.523;
7 ; 21 ; 10 ; 0.0110791 ; -0.0470314 ; 0.0324611 ; 101.412;
8 ; 21 ; 10 ; -0.00863388 ; 0.0104262 ; 0.0615168 ; 101.547;
9 ; 21 ; 10 ; -0.0129633 ; 0.0119612 ; -0.0770631 ; 101.105;
10 ; 21 ; 10 ; 0.035653 ; -0.0372574 ; 0.0351211 ; 98.1825;
11 ; 21 ; 10 ; 0.00254526 ; 0.0198106 ; -0.0208616 ; 105.26;
12 ; 21 ; 10 ; -0.0201346 ; 0.0279822 ; -0.0648782 ; 100.287;
13 ; 21 ; 10 ; -0.00577889 ; -0.00246277 ; -0.0225314 ; 100.35;
14 ; 21 ; 10 ; -0.00564787 ; -0.00634686 ; 0.00466855 ; 101.472;
15 ; 21 ; 10 ; 0.0227032 ; -0.0492847 ; 0.00132623 ; 101.845;
16 ; 21 ; 10 ; -0.051057 ; 0.0634416 ; -0.00919177 ; 101.002;
17 ; 21 ; 10 ; 0.046523 ; -0.00566329 ; -0.0348872 ; 101.55;
18 ; 21 ; 10 ; 0.0495117 ; 0.0229623 ; 0.0328287 ; 102.023;
19 ; 21 ; 10 ; 0.0236116 ; -0.0129879 ; 0.0356968 ; 102.435;
20 ; 21 ; 10 ; 0.0590651 ; -0.0049361 ; 0.019999 ; 102.222;
21 ; 21 ; 10 ; -0.000959525 ; -0.0324566 ; 0.00608446 ; 98.975;
4 ; 4 ; 11 ; -0.0226094 ; -0.033934 ; 0.0328239 ; 99.9775;
5 ; 4 ; 11 ; -0.0493065 ; -0.0134465 ; 0.0608008 ; 98.45;
6 ; 4 ; 11 ; -0.0298321 ; 0.0156762 ; -0.0486148 ; 102.977;
7 ; 4 ; 11 ; -0.0253344 ; -0.0206571 ; -0.0391368 ; 99.745;
8 ; 4 ; 11 ; -0.0169048 ; 0.0247578 ; -0.00505845 ; 97.0525;
9 ; 4 ; 11 ; -0.0627715 ; 0.0290857 ; -0.0661513 ; 104.692;
10 ; 4 ; 11 ; -0.00587607 ; 0.0190493 ; 0.070383 ; 104.48;
11 ; 4 ; 11 ; -0.02433 ; 0.0778712 ; -0.0684691 ; 102.195;
12 ; 4 ; 11 ; 0.00180823 ; -0.028317 ; 0.0503994 ; 100.797;
13 ; 4 ; 11 ; 0.0175113 ; 0.0117223 ; 0.0260504 ; 102.5;
14 ; 4 ; 11 ; -0.0171346 ; -0.0497966 ; 0.00895426 ; 103.805;
15 ; 4 ; 11 ; 0.0173751 ; 0.0249085 ; -0.0319427 ; 101.205;
16 ; 4 ; 11 ; -0.0283226 ; -0.0159228 ; -0.0319264 ; 103.285;
17 ; 4 ; 11 ; -0.0170002 ; -0.0339644 ; 0.0649952 ; 101.987;
18 ; 4 ; 11 ; 0.0134634 ; -0.0360058 ; -0.0374435 ; 102.713;
19 ; 4 ; 11 ; 0.00566007 ; 0.0135925 ; 0.0344194 ; 103.14;
20 ; 4 ; 11 ; 0.0631237 ; 0.0553403 ; -0.0149627 ; 99.355;
21 ; 4 ; 11 ; -0.012334 ; -0.00684702 ; -0.0139905 ; 101.037;
4 ; 5 ; 11 ; -0.0208391 ; -0.0929365 ; 0.059413 ; 103.542;
5 ; 5 ; 11 ; -0.073043 ; 0.0242685 ; -0.0355878 ; 103.422;
6 ; 5 ; 11 ; 0.00823085 ; -0.00416998 ; -0.0117658 ; 102.348;
7 ; 5 ; 11 ; -0.00771857 ; 0.0137459 ; 0.0479083 ; 100.82;
8 ; 5 ; 11 ; -0.011225 ; -0.0291215 ; -0.0464936 ; 101.578;
9 ; 5 ; 11 ; -0.0546419 ; -0.0191992 ; 0.0460021 ; 101.545;
10 ; 5 ; 11 ; 0.00923478 ; -0.000177187 ; 0.0544851 ; 101.645;
11 ; 5 ; 11 ; -0.0421142 ; -0.0362755 ; -0.00791502 ; 100.188;
12 ; 5 ; 11 ; -0.0757986 ; 0.0193309 ; 0.0518928 ; 104.588;
13 ; 5 ; 11 ; -0.0375303 ; -0.0238222 ; 0.0278547 ; 101.798;
14 ; 5 ; 11 ; 0.0112623 ; 0.0167848 ; 0.0711301 ; 101.575;
15 ; 5 ; 11 ; -0.0507192 ; -0.0141458 ; -0.0829507 ; 101.078;
16 ; 5 ; 11 ; 0.0315537 ; -0.0161558 ; -0.00188555 ; 99.845;
17 ; 5 ; 11 ; -0.0431228 ; -0.0776007 ; 0.037388 ; 100.547;
18 ; 5 ; 11 ; 0.00565374 ; -0.0136178 ; 0.108878 ; 101.005;
19 ; 5 ; 11 ; 0.00903466 ; 0.0037139 ; -0.0242762 ; 101.53;
20 ; 5 ; 11 ; -0.0339384 ; 0.031545 ; 0.00222561 ; 105.097;
21 ; 5 ; 11 ; -0.0363996 ; 0.0172937 ; -0.0218577 ; 102.728;
4 ; 6 ; 11 ; -0.021231 ; -0.0352772 ; -0.0348914 ; 101.673;
5 ; 6 ; 11 ; 0.00803137 ; -0.0379382 ; -0.0388032 ; 99.1275;
6 ; 6 ; 11 ; 0.0376232 ; 0.0195424 ; 0.00653159 ; 101.232;
7 ; 6 ; 11 ; 0.0390802 ; 0.0570856 ; -0.0295574 ; 99.0725;
8 ; 6 ; 11 ; 0.0633464 ; 0.00643338 ; 0.0414609 ; 101.005;
9 ; 6 ; 11 ; -0.0733526 ; -0.0676536 ; 0.0388206 ; 100.097;
10 ; 6 ; 11 ; -0.0119212 ; -0.00442552 ; 0.0197434 ; 101.2;
11 ; 6 ; 11 ; -0.00685479 ; 0.0425331 ; 0.0267111 ; 104.365;
12 ; 6 ; 11 ; -0.0214969 ; -0.0386938 ; -0.0106505 ; 102.1;
13 ; 6 ; 11 ; 0.0041115 ; 0.0254782 ; -0.00989643 ; 103.22;
14 ; 6 ; 11 ; 0.0494981 ; -0.0365597 ; -0.0292541 ; 102.093;
15 ; 6 ; 11 ; -0.0814442 ; -0.0240615 ; 0.00997472 ; 103.285;
16 ; 6 ; 11 ; 0.025771 ; -0.0087404 ; 0.0144012 ; 101.002;
17 ; 6 ; 11 ; 0.0125931 ; 0.00609046 ; -0.0173867 ; 103.53;
18 ; 6 ; 11 ; -0.0407461 ; -0.0617594 ; -0.0517384 ; 102.572;
19 ; 6 ; 11 ; -0.0100023 ; 0.00829504 ; -0.0022553 ; 103.915;
20 ; 6 ; 11 ; -0.0224899 ; 0.0302976 ; 3.28647e-05 ; 102.155;
21 ; 6 ; 11 ; -0.0158411 ; 0.0229613 ; 0.0884158 ; 101.395;
4 ; 7 ; 11 ; -0.0214303 ; -0.0471202 ; 0.0130612 ; 103.66;
5 ; 7 ; 11 ; 0.0258191 ; -0.0285064 ; 0.0332201 ; 99.4375;
6 ; 7 ; 11 ; 0.000345719 ; 0.0722312 ; 0.0135864 ; 103.233;
7 ; 7 ; 11 ; 0.0347414 ; 0.0328288 ; -0.0236399 ; 102.39;
8 ; 7 ; 11 ; 0.0688741 ; 0.00309205 ; -0.00527197 ; 101.74;
9 ; 7 ; 11 ; -0.0100526 ; -0.0382382 ; 0.0375507 ; 102.955;
10 ; 7 ; 11 ; 0.039844 ; -0.0191777 ; 0.0133064 ; 98.41;
11 ; 7 ; 11 ; -0.0192951 ; -0.0171889 ; -0.0255209 ; 102.078;
12 ; 7 ; 11 ; 0.019271 ; -0.0661734 ; -0.0530815 ; 101.235;
13 ; 7 ; 11 ; 0.0707713 ; -0.0405759 ; 0.0126492 ; 102.025;
14 ; 7 ; 11 ; 0.0165208 ; -0.067925 ; 0.00398904 ; 102.045;
15 ; 7 ; 11 ; 0.0358673 ; -0.0449566 ; 0.0554409 ; 102.033;
16 ; 7 ; 11 ; 0.0251414 ; -0.0286035 ; -0.0339415 ; 102.662;
17 ; 7 ; 11 ; -0.0391264 ; 0.0182635 ; -0.0358006 ; 100.698;
18 ; 7 ; 11 ; -0.0525803 ; -0.011709 ; 0.0130817 ; 101.457;
19 ; 7 ; 11 ; 0.0120254 ; -0.0221751 ; -0.0396914 ; 101.79;
20 ; 7 ; 11 ; -0.00436617 ; 0.0328085 ; 0.0386821 ; 100.715;
21 ; 7 ; 11 ; -0.0633235 ; 0.0529958 ; 0.0335805 ; 101.482;
4 ; 8 ; 11 ; -0.0136328 ; 0.0383818 ; 0.00252862 ; 102.46;
5 ; 8 ; 11 ; -0.0112357 ; 0.027963 ; -0.028243 ; 101.678;
6 ; 8 ; 11 ; 0.011069 ; 0.013844 ; -0.0140387 ; 101.282;
7 ; 8 ; 11 ; 0.0208685 ; 0.0666508 ; 0.0039492 ; 102.433;
8 ; 8 ; 11 ; 0.052065 ; -0.0398532 ; 0.0178566 ; 100.5;
9 ; 8 ; 11 ; 0.0289471 ; 0.0107757 ; -0.0454845 ; 101.312;
10 ; 8 ; 11 ; 0.0671631 ; -0.0690929 ; -0.0290727 ; 100.785;
11 ; 8 ; 11 ; 0.0729063 ; -0.0432711 ; -0.00216899 ; 103.688;
12 ; 8 ; 11 ; 0.0320263 ; 0.00845213 ; 0.118401 ; 102.537;
13 ; 8 ; 11 ; -0.0228144 ; 0.0350236 ; 0.0427006 ; 102.737;
14 ; 8 ; 11 ; 0.0244452 ; -0.0149681 ; -0.0835204 ; 102.183;
15 ; 8 ; 11 ; 0.0254282 ; 0.0039201 ; 0.027832 ; 102.448;
16 ; 8 ; 11 ; -0.00956725 ; 0.0137096 ; -0.0371678 ; 102.39;
17 ; 8 ; 11 ; -0.0332383 ; -0.00953928 ; 0.0398664 ; 103.645;
18 ; 8 ; 11 ; -0.00123961 ; 0.0173092 ; 0.00598915 ; 103.623;
19 ; 8 ; 11 ; 0.0381775 ; -0.0197708 ; -0.0399929 ; 101.165;
20 ; 8 ; 11 ; -0.0217682 ; 0.0111626 ; -0.000390688 ; 102.243;
21 ; 8 ; 11 ; 0.000239104 ; -0.0515143 ; 0.0235437 ; 100.382;
4 ; 9 ; 11 ; -0.022142 ; 0.0647975 ; 0.0165415 ; 100.79;
5 ; 9 ; 11 ; -0.00624463 ; 0.00458171 ; 0.0490329 ; 104.012;
6 ; 9 ; 11 ; 0.008702 ; 0.0140526 ; -0.0386418 ; 102.067;
7 ; 9 ; 11 ; 0.0447636 ; -0.000433774 ; -0.0130794 ; 98.965;
8 ; 9 ; 11 ; 0.0362898 ; -0.0510804 ; -0.120234 ; 100.525;
9 ; 9 ; 11 ; -0.00141725 ; 0.0344785 ; -0.0221286 ; 101.755;
10 ; 9 ; 11 ; -0.0337033 ; 0.0426515 ; -0.0015721 ; 99.71;
11 ; 9 ; 11 ; -0.0250384 ; -0.0249717 ; 0.00196666 ; 100.53;
12 ; 9 ; 11 ; 0.0427176 ; -0.016325 ; 0.0643758 ; 102.505;
13 ; 9 ; 11 ; -0.0291568 ; 0.00614202 ; 0.0378648 ; 100.182;
14 ; 9 ; 11 ; 0.0157998 ; -0.0449103 ; -0.0520402 ; 103.812;
15 ; 9 ; 11 ; 0.0145638 ; -0.00360892 ; -0.0301379 ; 100.695;
16 ; 9 ; 11 ; 0.0144495 ; 0.0254463 ; -0.0588259 ; 105.237;
17 ; 9 ; 11 ; 0.0019143 ; -0.0113763 ; 0.0518268 ; 100.533;
18 ; 9 ; 11 ; 0.0400677 ; -0.0391386 ; -0.020596 ; 99.6025;
19 ; 9 ; 11 ; 0.00796641 ; 0.000650441 ; 0.0117944 ; 102.685;
20 ; 9 ; 11 ; -0.0285292 ; -0.00793997 ; 0.028696 ; 102.453;
21 ; 9 ; 11 ; 0.017629 ; -0.0099822 ; -0.0216165 ; 101.4;
4 ; 10 ; 11 ; 0.00108707 ; 0.0116154 ; 0.0503419 ; 103.392;
5 ; 10 ; 11 ; 0.0145291 ; -0.0147292 ; 0.0378138 ; 102.27;
6 ; 10 ; 11 ; -0.0820554 ; 0.00671765 ; 0.0236033 ; 103.795;
7 ; 10 ; 11 ; -0.088936 ; 0.04079 ; -0.0336845 ; 104.905;
8 ; 10 ; 11 ; 0.0523751 ; -0.0416197 ; -0.0240424 ; 104.213;
9 ; 10 ; 11 ; -0.0300379 ; 0.0862284 ; 0.0254351 ; 101.585;
10 ; 10 ; 11 ; -0.0367716 ; 0.034025 ; -0.011145 ; 102.203;
11 ; 10 ; 11 ; -0.0270404 ; 0.0128213 ; -0.00197188 ; 101.66;
12 ; 10 ; 11 ; 0.00243268 ; 0.0708552 ; -0.00966988 ; 99.3;
13 ; 10 ; 11 ; -0.0428184 ; -0.026329 ; 0.0257522 ; 100.535;
14 ; 10 ; 11 ; 0.0612059 ; 0.054063 ; -0.0172755 ; 103.422;
15 ; 10 ; 11 ; 0.041354 ; -0.0117794 ; 0.0314821 ; 100.665;
16 ; 10 ; 11 ; 0.0186772 ; -0.0655937 ; 0.00701949 ; 102.085;
17 ; 10 ; 11 ; -0.00521353 ; -0.0291818 ; 0.0124469 ; 100.7;
18 ; 10 ; 11 ; 0.010645 ; 0.0169788 ; -0.0239388 ; 101.332;
19 ; 10 ; 11 ; -0.0126223 ; 0.0621526 ; -0.033339 ; 103.052;
20 ; 10 ; 11 ; -0.0146513 ; -0.0419068 ; -0.075073 ; 100.972;
21 ; 10 ; 11 ; -0.018184 ; -0.0579359 ; 0.0209442 ; 101.24;
4 ; 11 ; 11 ; -0.0538766 ; -0.00356938 ; 0.0555915 ; 101.712;
5 ; 11 ; 11 ; -0.0160564 ; -0.0468915 ; 0.106763 ; 102.043;
6 ; 11 ; 11 ; -0.0183593 ; -0.0360335 ; 0.0333079 ; 100.392;
7 ; 11 ; 11 ; 0.00287929 ; 0.0616423 ; -0.0222259 ; 100.795;
8 ; 11 ; 11 ; -0.0345036 ; 0.0345428 ; 0.0431611 ; 101.627;
9 ; 11 ; 11 ; 0.0377645 ; -0.000304906 ; -0.0379037 ; 101.812;
10 ; 11 ; 11 ; 0.0948984 ; 0.0586943 ; 0.000491674 ; 102.618;
11 ; 11 ; 11 ; -2.33874e-05 ; 0.020964 ; 0.0424692 ; 100.435;
12 ; 11 ; 11 ; -0.0131034 ; -0.00178912 ; -0.0274152 ; 103.205;
13 ; 11 ; 11 ; -0.0353678 ; 0.00294014 ; 0.027372 ; 103.37;
14 ; 11 ; 11 ; 0.0570121 ; 0.0414278 ; -0.00822445 ; 101.355;
15 ; 11 ; 11 ; -0.0386979 ; -0.048378 ; -0.0553808 ; 102.485;
16 ; 11 ; 11 ; 0.0301424 ; 0.0292353 ; 0.032751 ; 102.78;
17 ; 11 ; 11 ; 0.0288545 ; -0.0304871 ; -0.012374 ; 101.787;
18 ; 11 ; 11 ; -0.00978704 ; -0.0431399 ; -0.0266705 ; 100.86;
19 ; 11 ; 11 ; -0.00958919 ; -0.0582839 ; -0.0701984 ; 103.118;
20 ; 11 ; 11 ; -0.00980387 ; -0.0226219 ; 0.100286 ; 101.928;
21 ; 11 ; 11 ; -0.0027086 ; 0.0573705 ; 0.0115018 ; 101.255;
4 ; 12 ; 11 ; 0.0039051 ; -0.0454772 ; 0.00927006 ; 99.95;
5 ; 12 ; 11 ; -0.0771128 ; -0.0132212 ; 0.0201528 ; 100.075;
6 ; 12 ; 11 ; 0.0791632 ; -0.0542429 ; -0.018154 ; 98.7875;
7 ; 12 ; 11 ; 0.00926449 ; 0.0250963 ; 0.0201463 ; 98.9975;
8 ; 12 ; 11 ; 0.0421494 ; 0.102971 ; 0.0255797 ; 100.928;
9 ; 12 ; 11 ; -0.0149799 ; 0.0841598 ; -0.00847677 ; 103.052;
10 ; 12 ; 11 ; 0.0296477 ; -0.131084 ; -0.0209988 ; 100.155;
11 ; 12 ; 11 ; 0.0477636 ; -0.0330551 ; -0.0362894 ; 101.75;
12 ; 12 ; 11 ; -0.00456684 ; 0.0237808 ; -0.0175863 ; 101.133;
13 ; 12 ; 11 ; -0.0584153 ; -0.055898 ; 0.0502194 ; 99.925;
14 ; 12 ; 11 ; 0.0166426 ; -0.0340751 ; -0.0458723 ; 104.048;
15 ; 12 ; 11 ; -0.0293036 ; 0.0249297 ; 0.00327107 ; 102.632;
16 ; 12 ; 11 ; 0.0581677 ; -0.0144795 ; 0.0661884 ; 101.985;
17 ; 12 ; 11 ; 0.063933 ; 0.0182149 ; -0.0589761 ; 100.35;
18 ; 12 ; 11 ; 0.0743787 ; -0.0290046 ; 0.0201539 ; 102.68;
19 ; 12 ; 11 ; -0.0818353 ; -0.0163326 ; 0.0978427 ; 101.532;
20 ; 12 ; 11 ; -0.0132127 ; 0.0183398 ; 0.000384368 ; 102.737;
21 ; 12 ; 11 ; -0.0372203 ; -0.0344527 ; 0.0206971 ; 104.173;
4 ; 13 ; 11 ; -0.0294922 ; 0.0267939 ; -0.069732 ; 101.86;
5 ; 13 ; 11 ; -0.048097 ; 0.00804739 ; -0.0217838 ; 101.368;
6 ; 13 ; 11 ; 0.0247872 ; -0.0160483 ; -0.0841927 ; 100.755;
7 ; 13 ; 11 ; -0.0576282 ; 0.00982279 ; -0.0453466 ; 101.412;
8 ; 13 ; 11 ; 0.0203943 ; -0.0214437 ; 0.00911184 ; 102.265;
9 ; 13 ; 11 ; 0.0269365 ; 0.0250832 ; -0.00849861 ; 99.04;
10 ; 13 ; 11 ; 0.0162414 ; 0.0302828 ; 0.0464323 ; 104.377;
11 ; 13 ; 11 ; 0.0216742 ; 0.0163324 ; -0.0375929 ; 100.505;
12 ; 13 ; 11 ; 0.0192804 ; 0.0522267 ; 0.0171374 ; 100.8;
13 ; 13 ; 11 ; 0.0245525 ; 0.0552188 ; -0.0015925 ; 104.48;
14 ; 13 ; 11 ; -0.0235707 ; 0.0332839 ; 0.0962025 ; 100.602;
15 ; 13 ; 11 ; 0.0431995 ; 0.000232083 ; -0.038611 ; 100.237;
16 ; 13 ; 11 ; -0.0141573 ; -0.00155756 ; -0.0405691 ; 101.752;
17 ; 13 ; 11 ; 0.0411273 ; -0.0198856 ; -0.0526118 ; 101.645;
18 ; 13 ; 11 ; 0.0726499 ; -0.0116352 ; -0.00483834 ; 100.985;
19 ; 13 ; 11 ; 0.0433039 ; 0.0105353 ; -0.0890826 ; 101.375;
20 ; 13 ; 11 ; -0.0384775 ; -0.0450873 ; -0.01608 ; 103.39;
21 ; 13 ; 11 ; 0.0380633 ; -0.000263386 ; 0.0134052 ; 100.785;
4 ; 14 ; 11 ; 0.00957542 ; -0.0132077 ; -0.0254477 ; 103.665;
5 ; 14 ; 11 ; 0.0714742 ; 0.0309862 ; -0.0561612 ; 102.233;
6 ; 14 ; 11 ; 0.130348 ; -0.0158927 ; 0.0758536 ; 102.28;
7 ; 14 ; 11 ; 0.0108137 ; -0.000337049 ; 0.014053 ; 102.287;
8 ; 14 ; 11 ; 0.0701866 ; 0.0051028 ; 0.0198455 ; 102.627;
9 ; 14 ; 11 ; 0.0729748 ; 0.0396421 ; 0.0150471 ; 102.398;
10 ; 14 ; 11 ; -0.0395304 ; 0.0273878 ; -0.0197807 ; 103.632;
11 ; 14 ; 11 ; 0.0966472 ; -0.0926808 ; -0.0850741 ; 103.653;
12 ; 14 ; 11 ; 0.0417789 ; 0.048859 ; 0.0307216 ; 102.86;
13 ; 14 ; 11 ; -0.018276 ; 0.0241993 ; 0.0849407 ; 101.542;
14 ; 14 ; 11 ; 0.0272698 ; 0.00956936 ; -0.0413803 ; 101.217;
15 ; 14 ; 11 ; 0.00173386 ; -0.0164696 ; 0.0377857 ; 101.283;
16 ; 14 ; 11 ; 0.00742637 ; -0.0224282 ; -0.0464819 ; 103.403;
17 ; 14 ; 11 ; -0.0118539 ; -0.0287502 ; -0.0147372 ; 99.2225;
18 ; 14 ; 11 ; -0.0220816 ; -0.00514305 ; -0.113095 ; 102.562;
19 ; 14 ; 11 ; 0.00106246 ; 0.0444517 ; 0.0197156 ; 102.812;
20 ; 14 ; 11 ; -0.028059 ; 0.0567328 ; -0.0753565 ; 103.545;
21 ; 14 ; 11 ; -0.0192817 ; -0.00542718 ; -0.0621343 ; 100.665;
4 ; 15 ; 11 ; 0.0648582 ; 0.014604 ; 0.0446167 ; 102.667;
5 ; 15 ; 11 ; -0.0404607 ; 0.00327626 ; 0.0926827 ; 104.865;
6 ; 15 ; 11 ; 0.00619154 ; 0.0297054 ; 0.00240434 ; 99.3625;
7 ; 15 ; 11 ; 0.0284729 ; 0.024647 ; -0.0523067 ; 102.7;
8 ; 15 ; 11 ; -0.055545 ; -0.0100148 ; 0.0100372 ; 101.995;
9 ; 15 ; 11 ; -0.0422128 ; 0.0422319 ; -0.00396542 ; 101.308;
10 ; 15 ; 11 ; -0.0757945 ; 0.0520414 ; 0.00726777 ; 102.235;
11 ; 15 ; 11 ; 0.0112593 ; -0.0388789 ; 0.0558851 ; 98.715;
12 ; 15 ; 11 ; 0.0147677 ; -0.0703833 ; -0.0226508 ; 101.645;
13 ; 15 ; 11 ; -0.0679842 ; 0.0509159 ; 0.0379251 ; 102.793;
14 ; 15 ; 11 ; -0.0210672 ; -0.00231137 ; 0.0235553 ; 100.71;
15 ; 15 ; 11 ; 0.033979 ; -0.0097177 ; 0.059015 ; 101.815;
16 ; 15 ; 11 ; 0.0570397 ; -0.0633881 ; 0.0337748 ; 102.463;
17 ; 15 ; 11 ; 0.0375016 ; -0.0009461 ; -0.0250524 ; 100.933;
18 ; 15 ; 11 ; 0.0650064 ; 0.00978488 ; 0.00413428 ; 99.59;
19 ; 15 ; 11 ; 0.00805888 ; 0.00802828 ; -0.108313 ; 105.08;
20 ; 15 ; 11 ; 0.01133 ; 0.050609 ; 0.0803969 ; 102.032;
21 ; 15 ; 11 ; -0.00684938 ; -0.0170244 ; -0.00612918 ; 102.108;
4 ; 16 ; 11 ; 0.0429542 ; -0.007151 ; -0.0292711 ; 99.6525;
5 ; 16 ; 11 ; 0.0481757 ; -0.0795504 ; -0.0424283 ; 104.005;
6 ; 16 ; 11 ; 0.0477524 ; -0.0772799 ; 0.0362942 ; 100.428;
7 ; 16 ; 11 ; 0.0123998 ; -0.029457 ; -0.00814187 ; 101.765;
8 ; 16 ; 11 ; -0.0281322 ; 0.0137896 ; -0.00988691 ; 103.305;
9 ; 16 ; 11 ; 0.00829242 ; -0.0492064 ; 0.0144619 ; 100.382;
10 ; 16 ; 11 ; -0.0923001 ; -0.0417283 ; 0.00878012 ; 100.243;
11 ; 16 ; 11 ; 0.0365415 ; 0.00558353 ; 0.0494163 ; 101.065;
12 ; 16 ; 11 ; 0.0229956 ; -0.0273886 ; 0.0608754 ; 100.915;
13 ; 16 ; 11 ; -0.0061604 ; 0.0147425 ; -0.0140014 ; 103.815;
14 ; 16 ; 11 ; -0.0244478 ; 0.0239176 ; 0.0132548 ; 104.427;
15 ; 16 ; 11 ; 0.0348135 ; 0.00976766 ; 0.00749463 ; 101.942;
16 ; 16 ; 11 ; 0.00636569 ; -0.0672226 ; 0.0264451 ; 102.1;
17 ; 16 ; 11 ; 0.0156185 ; 0.0736031 ; -0.0155381 ; 101.383;
18 ; 16 ; 11 ; 0.00276811 ; 0.101253 ; 0.0100304 ; 102.618;
19 ; 16 ; 11 ; 0.000488703 ; -0.00661339 ; -0.0631022 ; 101.8;
20 ; 16 ; 11 ; 0.0518171 ; 0.0214317 ; -0.037049 ; 99.9975;
21 ; 16 ; 11 ; 0.0290746 ; 0.0613071 ; 0.0323009 ; 101.37;
4 ; 17 ; 11 ; -0.00219668 ; 0.0277846 ; 0.0139005 ; 102.04;
5 ; 17 ; 11 ; -0.0635169 ; -0.087378 ; 0.00063479 ; 100.623;
6 ; 17 ; 11 ; 0.00674559 ; -0.0276254 ; -0.0157291 ; 101.175;
7 ; 17 ; 11 ; -0.025799 ; 0.0349274 ; -0.0377141 ; 96.445;
8 ; 17 ; 11 ; -0.0151039 ; -0.0325619 ; -0.0301919 ; 102.35;
9 ; 17 ; 11 ; 0.0119414 ; -0.0513206 ; -0.0364766 ; 103.26;
10 ; 17 ; 11 ; 0.00291312 ; -0.0487882 ; -0.0134084 ; 103.035;
11 ; 17 ; 11 ; 0.0183881 ; 0.0174805 ; 0.0339433 ; 101.195;
12 ; 17 ; 11 ; 0.051342 ; 0.00597174 ; 0.0232995 ; 101.12;
13 ; 17 ; 11 ; -0.0699692 ; 0.0119323 ; 0.0634024 ; 101.403;
14 ; 17 ; 11 ; 0.0142839 ; -0.0305266 ; -0.0187792 ; 102.168;
15 ; 17 ; 11 ; -0.0321527 ; -0.0147689 ; 0.018872 ; 103.682;
16 ; 17 ; 11 ; 0.00973036 ; -0.00044813 ; 0.0108304 ; 100.36;
17 ; 17 ; 11 ; 0.0346327 ; -0.00221 ; 0.00353715 ; 103.117;
18 ; 17 ; 11 ; 0.00694054 ; -0.0292773 ; -0.0553114 ; 103.555;
19 ; 17 ; 11 ; 0.0760062 ; -0.0173017 ; -0.0327651 ; 102.83;
20 ; 17 ; 11 ; -0.0125338 ; 0.0288498 ; -0.0434045 ; 100.9;
21 ; 17 ; 11 ; 0.00575994 ; 0.0607755 ; 0.0390907 ; 102.35;
4 ; 18 ; 11 ; 0.0582148 ; 0.049152 ; -0.055527 ; 102.302;
5 ; 18 ; 11 ; -0.0736698 ; -0.0405981 ; -0.0201187 ; 102.43;
6 ; 18 ; 11 ; 0.0385196 ; 0.0269254 ; 0.0106861 ; 102.505;
7 ; 18 ; 11 ; 0.0161315 ; 0.0732837 ; -0.0196476 ; 100.733;
8 ; 18 ; 11 ; 0.055514 ; -0.0210809 ; 0.0157413 ; 99.695;
9 ; 18 ; 11 ; 0.0463861 ; -0.0298074 ; 0.0300496 ; 101.803;
10 ; 18 ; 11 ; -0.0329805 ; -0.0375134 ; -0.0366721 ; 103.73;
11 ; 18 ; 11 ; -0.0617781 ; 0.0240031 ; -0.0479751 ; 103.105;
12 ; 18 ; 11 ; 0.0504256 ; 0.0477788 ; 0.00575707 ; 100.347;
13 ; 18 ; 11 ; -0.0149844 ; 0.10173 ; 0.00845804 ; 99.6525;
14 ; 18 ; 11 ; -0.0629779 ; -0.0308929 ; -0.0143887 ; 102.29;
15 ; 18 ; 11 ; 0.0784423 ; -0.0395793 ; 0.0101254 ; 102.11;
16 ; 18 ; 11 ; 0.137858 ; 0.0438582 ; 0.00279593 ; 103.675;
17 ; 18 ; 11 ; 0.000816375 ; 0.116596 ; -0.0315146 ; 101.305;
18 ; 18 ; 11 ; 0.00201961 ; 0.0522151 ; -0.026267 ; 101.295;
19 ; 18 ; 11 ; 0.020279 ; 0.0308515 ; 0.0251343 ; 101.755;
20 ; 18 ; 11 ; 0.00593389 ; 0.053792 ; -0.0557924 ; 104.513;
21 ; 18 ; 11 ; 0.00557725 ; 0.00402838 ; -0.00196177 ; 103.093;
4 ; 19 ; 11 ; -0.0224457 ; -0.013918 ; -0.0151513 ; 101.995;
5 ; 19 ; 11 ; 0.00331255 ; 0.0268392 ; -0.026264 ; 102.198;
6 ; 19 ; 11 ; -0.030432 ; 0.0125113 ; -0.0481671 ; 104.023;
7 ; 19 ; 11 ; -0.0245092 ; 0.0154706 ; 0.042011 ; 98.5925;
8 ; 19 ; 11 ; 0.029801 ; -0.0561006 ; 0.0353363 ; 103.115;
9 ; 19 ; 11 ; 0.0515844 ; -0.0702673 ; 0.0184925 ; 99.1975;
10 ; 19 ; 11 ; -0.0234781 ; -0.0369704 ; 0.0090489 ; 102.225;
11 ; 19 ; 11 ; -0.0365309 ; 0.0277763 ; -0.0259606 ; 100.263;
12 ; 19 ; 11 ; -0.0177885 ; -0.00368023 ; 0.0306623 ; 101.315;
13 ; 19 ; 11 ; 0.0220804 ; -0.00267369 ; -0.0405344 ; 105.015;
14 ; 19 ; 11 ; 0.022977 ; -0.0249678 ; -0.0232567 ; 103.618;
15 ; 19 ; 11 ; 0.00552487 ; -0.00695165 ; -0.00424752 ; 100.608;
16 ; 19 ; 11 ; 0.0669178 ; -0.0249575 ; 0.0428357 ; 102.35;
17 ; 19 ; 11 ; -0.00187412 ; 0.00905814 ; 0.0327957 ; 101.573;
18 ; 19 ; 11 ; 0.0777454 ; -0.0299301 ; -0.0456938 ; 99.395;
19 ; 19 ; 11 ; 0.0338855 ; -0.0265588 ; -0.0157417 ; 101.493;
20 ; 19 ; 11 ; 0.0414914 ; 0.0582023 ; 0.0312829 ; 102.31;
21 ; 19 ; 11 ; 0.0768077 ; 0.0678344 ; -0.0804817 ; 100.768;
4 ; 20 ; 11 ; 0.0466856 ; 0.0542481 ; -0.0394188 ; 102.513;
5 ; 20 ; 11 ; -0.0524352 ; -0.0104961 ; -0.00991599 ; 101.295;
6 ; 20 ; 11 ; 0.0524401 ; -0.0558572 ; -0.0292083 ; 102.627;
7 ; 20 ; 11 ; -0.0175662 ; -0.016184 ; -0.039501 ; 103.435;
8 ; 20 ; 11 ; -0.0385584 ; 0.0571015 ; 0.0121149 ; 99.3225;
9 ; 20 ; 11 ; -0.014851 ; 0.025191 ; -0.0209277 ; 102.343;
10 ; 20 ; 11 ; -0.0516741 ; -0.00913974 ; -0.0443363 ; 100.498;
11 ; 20 ; 11 ; -0.0667093 ; 0.032731 ; -0.0572846 ; 103.605;
12 ; 20 ; 11 ; -0.0263676 ; -0.00487659 ; -0.0488418 ; 99.0075;
13 ; 20 ; 11 ; 0.0657398 ; -0.019709 ; -0.0261645 ; 100.817;
14 ; 20 ; 11 ; 0.014403 ; -0.0576853 ; 0.0214701 ; 100.733;
15 ; 20 ; 11 ; 0.0453429 ; -0.0410125 ; -0.00582082 ; 103.862;
16 ; 20 ; 11 ; 0.0804563 ; 0.0149541 ; 0.0231996 ; 100.267;
17 ; 20 ; 11 ; 0.0275252 ; 0.0545629 ; 0.00750912 ; 100.578;
18 ; 20 ; 11 ; 0.126045 ; 0.0174915 ; -0.0115531 ; 99.7725;
19 ; 20 ; 11 ; 0.118933 ; 0.0344616 ; 0.0500213 ; 100.448;
20 ; 20 ; 11 ; 0.0948411 ; -0.028187 ; -0.0058667 ; 100.208;
21 ; 20 ; 11 ; -0.0191317 ; 0.0670291 ; 0.0311041 ; 101.84;
4 ; 21 ; 11 ; -0.0208332 ; -0.0583599 ; 0.0117311 ; 101.762;
5 ; 21 ; 11 ; -0.00381132 ; -0.00358325 ; 0.00909726 ; 101.263;
6 ; 21 ; 11 ; 0.0822837 ; -0.0121182 ; -0.00763877 ; 103.82;
7 ; 21 ; 11 ; -0.0161657 ; 0.00378643 ; 0.0963884 ; 100.23;
8 ; 21 ; 11 ; 0.0192342 ; -0.0417742 ; -0.0591199 ; 102.377;
9 ; 21 ; 11 ; -0.0631863 ; -0.038934 ; -0.0821977 ; 101.55;
10 ; 21 ; 11 ; 0.044648 ; 0.0267857 ; 0.0214244 ; 100.925;
11 ; 21 ; 11 ; 0.00271976 ; 0.0614059 ; -0.019869 ; 100.855;
12 ; 21 ; 11 ; 0.0800888 ; 0.0431288 ; -0.00646776 ; 102.567;
13 ; 21 ; 11 ; 0.00971718 ; 0.0304881 ; 0.0391491 ; 103.012;
14 ; 21 ; 11 ; 0.0707885 ; -0.0744626 ; 0.0299137 ; 102.692;
15 ; 21 ; 11 ; 0.00848417 ; -0.0245977 ; 0.101923 ; 102.178;
16 ; 21 ; 11 ; 0.0736009 ; 0.0287569 ; -0.0357897 ; 99.79;
17 ; 21 ; 11 ; 0.0154745 ; 0.00393453 ; -0.00151297 ; 102.035;
18 ; 21 ; 11 ; -0.0386556 ; 0.0486864 ; 0.00980382 ; 103.417;
19 ; 21 ; 11 ; 0.0378731 ; 0.0431572 ; 0.0271784 ; 101.267;
20 ; 21 ; 11 ; 0.00974796 ; 0.099697 ; 0.047227 ; 101.362;
21 ; 21 ; 11 ; -0.0254996 ; 0.0105234 ; 0.0813932 ; 101.703;
4 ; 4 ; 12 ; 0.0543304 ; -0.0170272 ; -0.00729402 ; 101.998;
5 ; 4 ; 12 ; 0.0265998 ; 0.0568335 ; -0.0083329 ; 103.78;
6 ; 4 ; 12 ; -0.0159722 ; 0.00157958 ; 0.0315745 ; 102.227;
7 ; 4 ; 12 ; -0.0510621 ; -0.0178892 ; -0.0414403 ; 102.072;
8 ; 4 ; 12 ; -0.000614435 ; 0.0331234 ; -0.00708071 ; 101.4;
9 ; 4 ; 12 ; 0.00333356 ; 0.0168715 ; -0.0562772 ; 102.707;
10 ; 4 ; 12 ; -0.026622 ; 0.0320015 ; 0.0414706 ; 101.082;
11 ; 4 ; 12 ; -0.0158048 ; 0.0556215 ; -0.0286874 ; 103.293;
12 ; 4 ; 12 ; 0.0315056 ; 0.0166697 ; 0.0116864 ; 105.37;
13 ; 4 ; 12 ; -0.0930441 ; -0.0330889 ; -0.0517671 ; 98.35;
14 ; 4 ; 12 ; -0.0499161 ; -0.0310365 ; -0.0213036 ; 100.885;
15 ; 4 ; 12 ; -0.0376783 ; -0.0221421 ; 0.00965376 ; 103.26;
16 ; 4 ; 12 ; 0.00479988 ; 0.0182538 ; -0.0552545 ; 103.383;
17 ; 4 ; 12 ; 0.0213231 ; -0.030314 ; 0.0692734 ; 99.07;
18 ; 4 ; 12 ; 0.0413699 ; -0.0143173 ; 0.0349868 ; 101.165;
19 ; 4 ; 12 ; -0.000927863 ; -0.0100735 ; -0.0205415 ; 102.508;
20 ; 4 ; 12 ; 0.0260589 ; 0.0397759 ; 0.080614 ; 99.6475;
21 ; 4 ; 12 ; -0.0010154 ; -0.00660707 ; -0.0640978 ; 100.74;
4 ; 5 ; 12 ; 0.0649705 ; -0.0600382 ; -0.0399565 ; 99.61;
5 ; 5 ; 12 ; 0.0297252 ; 0.0282264 ; -0.0408842 ; 102.213;
6 ; 5 ; 12 ; 0.0267543 ; -0.015766 ; 0.0357605 ; 103.697;
7 ; 5 ; 12 ; 0.0190847 ; -0.0901379 ; -0.0194076 ; 102.96;
8 ; 5 ; 12 ; -0.00302239 ; 0.0630261 ; 0.010667 ; 101.975;
9 ; 5 ; 12 ; -0.00609122 ; -0.0196723 ; -0.0105722 ; 101.097;
10 ; 5 ; 12 ; 0.000978807 ; 0.00986496 ; 0.00839836 ; 102.738;
11 ; 5 ; 12 ; -0.00510286 ; -0.0371554 ; -0.0210557 ; 102.62;
12 ; 5 ; 12 ; -0.0369594 ; 0.0307678 ; 0.018429 ; 102.653;
13 ; 5 ; 12 ; 0.0473763 ; -0.0142089 ; 0.00994807 ; 103.422;
14 ; 5 ; 12 ; -0.0336299 ; 0.0570525 ; -0.0111875 ; 99.215;
15 ; 5 ; 12 ; -0.0385763 ; 0.0258969 ; -0.0386163 ; 102.79;
16 ; 5 ; 12 ; 0.0674381 ; 0.0757574 ; 0.0412457 ; 102.565;
17 ; 5 ; 12 ; -0.0376401 ; -0.0620543 ; 0.0368847 ; 102.913;
18 ; 5 ; 12 ; -0.005706 ; 0.0214787 ; -0.00721172 ; 101.545;
19 ; 5 ; 12 ; -0.0334664 ; -0.0512513 ; 0.0363584 ; 100.09;
20 ; 5 ; 12 ; 0.0535229 ; -0.0116115 ; 0.000696804 ; 102.928;
21 ; 5 ; 12 ; -0.00509009 ; 0.0727127 ; -0.0216686 ; 102.663;
4 ; 6 ; 12 ; 0.00995704 ; 0.0327674 ; -0.0628858 ; 101.237;
5 ; 6 ; 12 ; -0.0195638 ; 0.0569653 ; -0.0187874 ; 98.8925;
6 ; 6 ; 12 ; -0.0648023 ; 0.0200505 ; 0.000705539 ; 102.053;
7 ; 6 ; 12 ; 0.046683 ; -0.00742624 ; 0.00725233 ; 102.565;
8 ; 6 ; 12 ; 0.0304949 ; 0.0819876 ; -0.0685404 ; 102.877;
9 ; 6 ; 12 ; -0.0262202 ; -0.0477098 ; 0.00972447 ; 101.178;
10 ; 6 ; 12 ; -0.0104822 ; 0.0411015 ; 0.0379865 ; 101.852;
11 ; 6 ; 12 ; -0.057663 ; 7.06141e-05 ; -0.0476617 ; 99.3675;
12 ; 6 ; 12 ; -0.0657579 ; -0.0242907 ; -0.0444149 ; 101.817;
13 ; 6 ; 12 ; -0.0317151 ; -0.0184299 ; 0.0959366 ; 102.053;
14 ; 6 ; 12 ; 0.023006 ; 0.00110278 ; -0.0249683 ; 101.46;
15 ; 6 ; 12 ; -0.0130601 ; -0.0232719 ; 0.0124533 ; 103.295;
16 ; 6 ; 12 ; 0.0280828 ; 0.0406965 ; -0.0639024 ; 99.16;
17 ; 6 ; 12 ; -0.0596811 ; 0.0719846 ; 0.00915942 ; 101.495;
18 ; 6 ; 12 ; 0.0315167 ; -0.0374843 ; 0.0320637 ; 99.99;
19 ; 6 ; 12 ; -0.0290028 ; 0.0416371 ; -0.0812105 ; 101.528;
20 ; 6 ; 12 ; -0.0442795 ; 0.0088972 ; -0.0314705 ; 101.088;
21 ; 6 ; 12 ; -0.0125219 ; -0.00957328 ; -0.0405787 ; 101.862;
4 ; 7 ; 12 ; 0.0151515 ; -0.0427093 ; -0.0619468 ; 99.4375;
5 ; 7 ; 12 ; -0.0382322 ; -0.0135714 ; 0.0598262 ; 101.93;
6 ; 7 ; 12 ; -0.029441 ; -0.00510446 ; 0.0634392 ; 100.835;
7 ; 7 ; 12 ; 0.0151358 ; -0.048602 ; -0.0450304 ; 101.25;
8 ; 7 ; 12 ; 0.04489 ; 0.0258292 ; -0.0262511 ; 100.403;
9 ; 7 ; 12 ; -0.0451111 ; -0.0303305 ; -0.0365054 ; 98.8925;
10 ; 7 ; 12 ; 0.0684979 ; -0.0678091 ; 0.0285405 ; 100.78;
11 ; 7 ; 12 ; 0.0338288 ; 0.054281 ; 0.0358818 ; 100.505;
12 ; 7 ; 12 ; 0.0621418 ; -0.0140949 ; 0.00678459 ; 100.86;
13 ; 7 ; 12 ; 0.0331002 ; -0.0599802 ; 0.0405332 ; 101.308;
14 ; 7 ; 12 ; -0.0555559 ; 0.03359 ; 0.0579657 ; 103.203;
15 ; 7 ; 12 ; -0.0376235 ; 0.129842 ; -0.0195889 ; 101.53;
16 ; 7 ; 12 ; 0.0725295 ; -0.100059 ; 0.0242198 ; 101.772;
17 ; 7 ; 12 ; -0.00868717 ; 0.0294905 ; 0.0262586 ; 101.285;
18 ; 7 ; 12 ; -0.0198405 ; -0.0432845 ; -0.0261008 ; 102.955;
19 ; 7 ; 12 ; 0.00383878 ; 0.00228608 ; 0.00452731 ; 100.493;
20 ; 7 ; 12 ; -0.0149056 ; -0.0205497 ; 0.0616404 ; 102.268;
21 ; 7 ; 12 ; -0.00695505 ; 0.00170236 ; -0.0249148 ; 100.24;
4 ; 8 ; 12 ; 0.0382498 ; -0.0700372 ; -0.0381749 ; 101.43;
5 ; 8 ; 12 ; -0.049411 ; 0.0534117 ; 0.0278668 ; 102.047;
6 ; 8 ; 12 ; 0.0190998 ; -0.0167336 ; 0.00304246 ; 99.5075;
7 ; 8 ; 12 ; -0.0833784 ; -0.0114707 ; 0.0564955 ; 101.948;
8 ; 8 ; 12 ; -0.0223787 ; 0.0220946 ; -0.0900369 ; 102.877;
9 ; 8 ; 12 ; -0.0229983 ; 0.0056502 ; -0.00382651 ; 100.208;
10 ; 8 ; 12 ; -0.0511034 ; 0.0867349 ; -0.0755887 ; 102.002;
11 ; 8 ; 12 ; 0.00034674 ; 0.0232579 ; 0.00238909 ; 103.138;
12 ; 8 ; 12 ; 0.0160075 ; 0.0337733 ; 0.00780733 ; 101.215;
13 ; 8 ; 12 ; 0.0946797 ; -0.0844927 ; 0.0618169 ; 104.32;
14 ; 8 ; 12 ; -0.0137287 ; 0.0351582 ; -0.0198149 ; 99.48;
15 ; 8 ; 12 ; 0.0105409 ; 0.132177 ; 0.00731252 ; 102.112;
16 ; 8 ; 12 ; 0.0991005 ; 0.0153388 ; -0.033741 ; 102.222;
17 ; 8 ; 12 ; 0.0852884 ; 0.0105008 ; 0.0657021 ; 99.0175;
18 ; 8 ; 12 ; 0.0270567 ; 0.0200847 ; -0.153892 ; 102.117;
19 ; 8 ; 12 ; -0.0259641 ; -0.0532233 ; -0.0657807 ; 102.115;
20 ; 8 ; 12 ; 0.0510716 ; 0.0940104 ; -0.0569396 ; 100.343;
21 ; 8 ; 12 ; 0.0551523 ; 0.0723236 ; -0.0164669 ; 103.595;
4 ; 9 ; 12 ; -0.0187243 ; 0.0043881 ; 0.0730846 ; 102.56;
5 ; 9 ; 12 ; -0.078359 ; -0.0426087 ; -0.032768 ; 98.4725;
6 ; 9 ; 12 ; 0.0208823 ; -0.0280825 ; 0.00488084 ; 102.297;
7 ; 9 ; 12 ; -0.00238997 ; -0.0038768 ; 0.0308226 ; 100.283;
8 ; 9 ; 12 ; 0.051348 ; -0.0115752 ; -0.0659188 ; 100.302;
9 ; 9 ; 12 ; 0.0259635 ; -0.0519423 ; 0.00841038 ; 102.433;
10 ; 9 ; 12 ; -0.00823345 ; 0.0729167 ; 0.0135574 ; 102.1;
11 ; 9 ; 12 ; 0.0536256 ; 0.0273445 ; -0.00562121 ; 100.265;
12 ; 9 ; 12 ; -0.00196949 ; -0.042611 ; -0.0337798 ; 102.62;
13 ; 9 ; 12 ; 0.0272894 ; 0.0287493 ; -0.00244433 ; 100.138;
14 ; 9 ; 12 ; -0.012635 ; 0.0037874 ; 0.0431369 ; 102.6;
15 ; 9 ; 12 ; -0.0721318 ; 0.0283846 ; -0.099195 ; 99.835;
16 ; 9 ; 12 ; -0.0164171 ; -0.00482274 ; -0.0825562 ; 99.8525;
17 ; 9 ; 12 ; 0.00750654 ; -0.0409551 ; 0.0205571 ; 99.0625;
18 ; 9 ; 12 ; -0.0418081 ; 0.0224393 ; -0.0542725 ; 103.315;
19 ; 9 ; 12 ; 0.0119293 ; -0.0494926 ; 0.0251904 ; 101.358;
20 ; 9 ; 12 ; -0.00534544 ; 0.0581845 ; 0.0331077 ; 102.322;
21 ; 9 ; 12 ; -0.0125575 ; -0.00967071 ; 0.0257432 ; 101.767;
4 ; 10 ; 12 ; -0.0512876 ; -0.0413194 ; -0.0357663 ; 102.758;
5 ; 10 ; 12 ; -0.0267957 ; 0.0230803 ; -0.014824 ; 102.037;
6 ; 10 ; 12 ; 0.0160914 ; -0.0522041 ; -0.0148026 ; 99.7125;
7 ; 10 ; 12 ; 0.031069 ; -0.0595678 ; -0.0141392 ; 98.805;
8 ; 10 ; 12 ; -0.033698 ; 0.0283437 ; 0.0610759 ; 102.162;
9 ; 10 ; 12 ; -0.0133405 ; 0.0412312 ; 0.0561127 ; 104.085;
10 ; 10 ; 12 ; 0.0687826 ; 0.0945327 ; 0.0463604 ; 100.403;
11 ; 10 ; 12 ; 0.0313107 ; -0.0440122 ; 0.00234211 ; 100.255;
12 ; 10 ; 12 ; 0.0321462 ; -0.116899 ; -0.0477342 ; 102.227;
13 ; 10 ; 12 ; -0.0497197 ; -0.0288682 ; 0.0441467 ; 99.345;
14 ; 10 ; 12 ; -0.0641973 ; 0.0255546 ; -0.0916985 ; 102.083;
15 ; 10 ; 12 ; -0.0691427 ; -0.0547607 ; 0.0161794 ; 102.785;
16 ; 10 ; 12 ; -0.0348677 ; -0.0446305 ; -0.0266254 ; 98.37;
17 ; 10 ; 12 ; 0.0112274 ; 0.0926821 ; 0.0234077 ; 100.72;
18 ; 10 ; 12 ; 0.0164654 ; 0.0204966 ; -0.0979131 ; 104.535;
19 ; 10 ; 12 ; 0.0623231 ; 0.0647006 ; -0.0739707 ; 99.905;
20 ; 10 ; 12 ; 0.0536434 ; -0.0273786 ; -0.100861 ; 100.927;
21 ; 10 ; 12 ; -0.10059 ; 0.0162205 ; 0.0102224 ; 99.91;
4 ; 11 ; 12 ; -0.00382587 ; 0.0130358 ; 0.0209457 ; 101.843;
5 ; 11 ; 12 ; 0.0279135 ; 0.016259 ; -0.0540157 ; 103.583;
6 ; 11 ; 12 ; 0.0385927 ; 0.0234346 ; 0.0055082 ; 100.663;
7 ; 11 ; 12 ; 0.0240436 ; -0.0124969 ; -0.0430097 ; 103.07;
8 ; 11 ; 12 ; -0.0170536 ; -0.00375004 ; 0.0134986 ; 100.342;
9 ; 11 ; 12 ; -0.0172209 ; 0.0693517 ; -0.000211736 ; 102.867;
10 ; 11 ; 12 ; -0.0487492 ; -0.0464695 ; -0.0516672 ; 101.277;
11 ; 11 ; 12 ; 0.0167482 ; 0.012196 ; 0.0230372 ; 99.3525;
12 ; 11 ; 12 ; 0.0322414 ; -0.00984089 ; -0.0459542 ; 101.233;
13 ; 11 ; 12 ; -0.0228104 ; -0.0498532 ; -0.039844 ; 103.008;
14 ; 11 ; 12 ; 0.0271092 ; 0.0105346 ; -0.00731906 ; 99.0625;
15 ; 11 ; 12 ; 0.0358167 ; -0.0298165 ; -0.00361266 ; 101.82;
16 ; 11 ; 12 ; 0.0171265 ; 0.0303208 ; -0.0173541 ; 103.5;
17 ; 11 ; 12 ; 1.06279e-05 ; -0.024482 ; -0.0183026 ; 104.21;
18 ; 11 ; 12 ; -0.0111039 ; 0.0256177 ; 0.0199919 ; 100.45;
19 ; 11 ; 12 ; 0.00129556 ; 0.0128109 ; -0.0399565 ; 97.285;
20 ; 11 ; 12 ; 0.0083826 ; -0.0746141 ; 0.0154289 ; 102.047;
21 ; 11 ; 12 ; 0.0157363 ; 0.0287447 ; 0.020103 ; 102.972;
4 ; 12 ; 12 ; -0.00760477 ; 0.00223985 ; -0.0429096 ; 101.093;
5 ; 12 ; 12 ; 0.0623933 ; 0.0387757 ; 0.00285335 ; 101.935;
6 ; 12 ; 12 ; 0.0212211 ; 0.0382745 ; -0.0135006 ; 104.355;
7 ; 12 ; 12 ; 0.0479167 ; 0.00979584 ; 0.0493093 ; 103.585;
8 ; 12 ; 12 ; 0.0195626 ; 0.00819927 ; 0.0457199 ; 103.267;
9 ; 12 ; 12 ; -0.00562624 ; 0.00410695 ; 0.0146567 ; 99.64;
10 ; 12 ; 12 ; 0.0356536 ; -0.0453122 ; 0.0298633 ; 103.155;
11 ; 12 ; 12 ; 0.00255927 ; 0.0355452 ; -0.00366931 ; 100.403;
12 ; 12 ; 12 ; -0.0126771 ; -0.0123023 ; 0.0373437 ; 101.02;
13 ; 12 ; 12 ; -0.0494339 ; -0.0305939 ; -0.01685 ; 103.222;
14 ; 12 ; 12 ; -0.0515864 ; 0.0452704 ; -0.0282558 ; 100.945;
15 ; 12 ; 12 ; -0.0522361 ; -0.00163297 ; -0.0648566 ; 101.705;
16 ; 12 ; 12 ; -0.0319248 ; 0.0162807 ; 0.0159712 ; 101.282;
17 ; 12 ; 12 ; 0.0298242 ; 0.0579374 ; 0.0649673 ; 102.712;
18 ; 12 ; 12 ; 0.0276267 ; 0.0669133 ; 0.0163934 ; 100.728;
19 ; 12 ; 12 ; 0.012428 ; 0.0585753 ; 0.0175682 ; 102.95;
20 ; 12 ; 12 ; -0.0235925 ; 0.0284598 ; -0.0233531 ; 101.612;
21 ; 12 ; 12 ; 0.0143712 ; -0.00109828 ; 0.0356585 ; 102.38;
4 ; 13 ; 12 ; -0.00738871 ; -0.00778219 ; 0.0185914 ; 101.465;
5 ; 13 ; 12 ; -0.00201909 ; -0.00998828 ; 0.0015555 ; 102.057;
6 ; 13 ; 12 ; -0.0196332 ; 0.0439593 ; -0.0225365 ; 101.297;
7 ; 13 ; 12 ; -0.0205675 ; -0.0205553 ; 0.00839276 ; 101.782;
8 ; 13 ; 12 ; 0.0686824 ; 0.00346819 ; 0.0369777 ; 100.088;
9 ; 13 ; 12 ; -0.0261741 ; -0.0958003 ; 0.00605929 ; 103.778;
10 ; 13 ; 12 ; 0.0748532 ; 0.0231677 ; 0.0197856 ; 102.653;
11 ; 13 ; 12 ; 0.00886541 ; 0.00322265 ; 0.0470804 ; 101.933;
12 ; 13 ; 12 ; 0.0288038 ; -0.0143688 ; 0.0535297 ; 101.078;
13 ; 13 ; 12 ; -0.068872 ; 0.0684179 ; 0.0299511 ; 101.002;
14 ; 13 ; 12 ; 0.0165206 ; -0.0327513 ; 0.0575813 ; 103.415;
15 ; 13 ; 12 ; 0.0170511 ; -0.0375335 ; 0.0348179 ; 103.302;
16 ; 13 ; 12 ; -0.064583 ; 0.0206958 ; 0.0601835 ; 100.888;
17 ; 13 ; 12 ; 0.0017444 ; -0.0715732 ; 0.032901 ; 103.905;
18 ; 13 ; 12 ; -0.0523285 ; -0.0357215 ; 0.028431 ; 101.925;
19 ; 13 ; 12 ; 0.0305553 ; 0.0594949 ; 0.0192574 ; 100.748;
20 ; 13 ; 12 ; -0.0824501 ; -0.00628954 ; 0.0018053 ; 99.9875;
21 ; 13 ; 12 ; 0.0142722 ; -0.0551869 ; 0.0680595 ; 101.243;
4 ; 14 ; 12 ; 0.067871 ; -0.0661554 ; 0.0269692 ; 102.667;
5 ; 14 ; 12 ; -0.0368789 ; -0.0522566 ; 0.0178302 ; 98.7125;
6 ; 14 ; 12 ; -0.11695 ; -0.0100893 ; 0.0272551 ; 102.398;
7 ; 14 ; 12 ; -0.022379 ; 0.050556 ; -0.0338977 ; 101.84;
8 ; 14 ; 12 ; -0.0197729 ; 0.0104336 ; 0.0139063 ; 101.892;
9 ; 14 ; 12 ; -0.0469469 ; -0.0567882 ; 0.0480623 ; 101.943;
10 ; 14 ; 12 ; -0.0134597 ; 0.0133545 ; -0.00433097 ; 100.157;
11 ; 14 ; 12 ; -0.0452545 ; -0.0744022 ; -0.0188069 ; 101.942;
12 ; 14 ; 12 ; 0.0616201 ; -0.0455659 ; -0.00990865 ; 102.097;
13 ; 14 ; 12 ; -0.0167889 ; -0.0159955 ; 0.0621987 ; 102.035;
14 ; 14 ; 12 ; 0.0552863 ; -0.0423939 ; -0.00465074 ; 100.395;
15 ; 14 ; 12 ; -0.0954597 ; -0.00762887 ; -0.0558681 ; 102.175;
16 ; 14 ; 12 ; -0.0108013 ; -0.0123275 ; 0.0514721 ; 101.91;
17 ; 14 ; 12 ; 0.116614 ; -0.0226964 ; 0.0217417 ; 102.71;
18 ; 14 ; 12 ; 0.0313529 ; 0.034081 ; -0.0315052 ; 102.028;
19 ; 14 ; 12 ; 0.0427597 ; 0.0116709 ; 0.0240035 ; 101.462;
20 ; 14 ; 12 ; 0.103936 ; 0.0121279 ; 0.00184107 ; 100.647;
21 ; 14 ; 12 ; 0.00184814 ; -0.0175648 ; -0.0388845 ; 102.925;
4 ; 15 ; 12 ; 0.0106814 ; 0.0164607 ; -0.010452 ; 98.8925;
5 ; 15 ; 12 ; -0.0136176 ; 0.0247999 ; 0.00827517 ; 102.32;
6 ; 15 ; 12 ; -0.00274995 ; 0.0619944 ; 0.0317607 ; 102.38;
7 ; 15 ; 12 ; -0.113265 ; 0.0228766 ; -0.0145555 ; 102.843;
8 ; 15 ; 12 ; -0.0464905 ; 0.0135398 ; 0.0690966 ; 101.377;
9 ; 15 ; 12 ; 0.0056367 ; 0.0181357 ; 0.00377463 ; 100.932;
10 ; 15 ; 12 ; -0.0205672 ; -0.019223 ; 0.00182596 ; 100.098;
11 ; 15 ; 12 ; -0.0573508 ; -0.0259422 ; -0.0228797 ; 103.588;
12 ; 15 ; 12 ; 0.0237781 ; 0.0479106 ; -0.0109277 ; 104.005;
13 ; 15 ; 12 ; -0.00636822 ; 0.0146641 ; 0.0239385 ; 98.9575;
14 ; 15 ; 12 ; 0.0667383 ; -0.0270728 ; 0.0549367 ; 102.325;
15 ; 15 ; 12 ; -0.0413747 ; -0.0568763 ; -0.0554761 ; 101.2;
16 ; 15 ; 12 ; 0.0114232 ; 0.0148278 ; 0.00913085 ; 103.712;
17 ; 15 ; 12 ; 0.0643631 ; -0.0565214 ; -0.0410483 ; 100.927;
18 ; 15 ; 12 ; 0.0344844 ; -0.0320238 ; -0.00964657 ; 99.9675;
19 ; 15 ; 12 ; -0.0345409 ; -0.0193028 ; 0.00977691 ; 100.638;
20 ; 15 ; 12 ; -0.0293526 ; -0.0433243 ; -0.0509962 ; 101.825;
21 ; 15 ; 12 ; -0.0346573 ; 0.0193936 ; 0.0354165 ; 101.392;
4 ; 16 ; 12 ; 0.00199448 ; 0.0496518 ; 0.0337401 ; 102.245;
5 ; 16 ; 12 ; 0.0309539 ; 0.00748202 ; -0.000203869 ; 100.817;
6 ; 16 ; 12 ; -0.0871952 ; 0.0577771 ; -0.111317 ; 101.115;
7 ; 16 ; 12 ; -0.0289898 ; 0.0130567 ; 0.0261533 ; 101.88;
8 ; 16 ; 12 ; -0.0241953 ; 0.0219907 ; 0.050339 ; 100.038;
9 ; 16 ; 12 ; -0.000165424 ; 0.072451 ; 0.00131126 ; 99.2675;
10 ; 16 ; 12 ; 0.0169708 ; 0.0219564 ; 0.00167922 ; 102.985;
11 ; 16 ; 12 ; -0.0717323 ; -0.035829 ; 0.0344375 ; 101.478;
12 ; 16 ; 12 ; 0.0274432 ; 0.0363601 ; -0.0204299 ; 102.695;
13 ; 16 ; 12 ; -0.00800595 ; -0.015268 ; 0.0524337 ; 102.025;
14 ; 16 ; 12 ; 0.00795929 ; -0.117226 ; -0.0269367 ; 100.683;
15 ; 16 ; 12 ; 0.102758 ; 0.0269556 ; 0.00365217 ; 100.17;
16 ; 16 ; 12 ; 0.040391 ; 0.0242548 ; -0.0508483 ; 101.568;
17 ; 16 ; 12 ; 0.000243982 ; 0.0131679 ; -0.0064807 ; 100.383;
18 ; 16 ; 12 ; 0.0245931 ; -0.0156209 ; 0.0602985 ; 102.478;
19 ; 16 ; 12 ; 0.0368668 ; 0.00741905 ; -0.0398188 ; 101.07;
20 ; 16 ; 12 ; -0.0114401 ; 0.0380087 ; 0.0676849 ; 101.502;
21 ; 16 ; 12 ; -0.0366694 ; -0.0309448 ; -0.0348194 ; 102.403;
4 ; 17 ; 12 ; -0.0420152 ; -0.0176796 ; 0.0382694 ; 101.325;
5 ; 17 ; 12 ; -0.0334126 ; -0.0068371 ; -0.0703057 ; 102.42;
6 ; 17 ; 12 ; 0.0147368 ; -0.0498926 ; 0.0326289 ; 102.195;
7 ; 17 ; 12 ; 0.0190761 ; -0.019108 ; 0.00950293 ; 102.793;
8 ; 17 ; 12 ; 0.0177173 ; -0.0169098 ; -0.0215025 ; 102.363;
9 ; 17 ; 12 ; -0.0195342 ; 0.0861732 ; 0.036925 ; 99.36;
10 ; 17 ; 12 ; -0.0724346 ; 0.0417157 ; -0.0325265 ; 101.725;
11 ; 17 ; 12 ; -0.00780793 ; 0.0780994 ; -0.044635 ; 101.502;
12 ; 17 ; 12 ; 0.0763942 ; 0.0102544 ; 0.0357618 ; 101.393;
13 ; 17 ; 12 ; 0.0594112 ; -0.0360989 ; -0.0552497 ; 102.083;
14 ; 17 ; 12 ; 0.0356628 ; -0.027604 ; 0.0351883 ; 102.145;
15 ; 17 ; 12 ; -0.0375861 ; -0.0304178 ; 0.000921101 ; 101.305;
16 ; 17 ; 12 ; -0.00199597 ; -0.0963233 ; -0.00708377 ; 101.532;
17 ; 17 ; 12 ; -0.00691879 ; 0.0686688 ; 0.031615 ; 103.36;
18 ; 17 ; 12 ; 0.0730669 ; 0.00700458 ; 0.0222803 ; 101.35;
19 ; 17 ; 12 ; -0.0307578 ; -0.0404559 ; -0.0389636 ; 101.002;
20 ; 17 ; 12 ; -0.0688724 ; 0.0398494 ; 0.0849944 ; 101.8;
21 ; 17 ; 12 ; -0.0551346 ; -0.0387763 ; 0.0989064 ; 101.867;
4 ; 18 ; 12 ; -0.023533 ; 0.052303 ; 0.0433162 ; 102.38;
5 ; 18 ; 12 ; -0.0421796 ; -0.0414047 ; 0.0343898 ; 101.898;
6 ; 18 ; 12 ; 0.0941357 ; 0.00539102 ; 0.0437733 ; 101.968;
7 ; 18 ; 12 ; 0.0449206 ; 0.0763277 ; 0.0473349 ; 103.473;
8 ; 18 ; 12 ; 0.0605249 ; 0.0824133 ; 0.0115251 ; 103.532;
9 ; 18 ; 12 ; 0.017589 ; -0.0240828 ; 0.0579399 ; 101.857;
10 ; 18 ; 12 ; 0.0521769 ; 0.00949017 ; -0.00689146 ; 103.04;
11 ; 18 ; 12 ; 0.0093877 ; 0.027488 ; 0.0202649 ; 100.502;
12 ; 18 ; 12 ; 0.0140143 ; 0.0426998 ; 0.0228623 ; 99.115;
13 ; 18 ; 12 ; -0.0184344 ; -0.00336977 ; 0.0327514 ; 101.505;
14 ; 18 ; 12 ; -0.0623167 ; -0.00360348 ; 0.0406415 ; 101.32;
15 ; 18 ; 12 ; 0.0290623 ; -0.00324316 ; -0.0295514 ; 100.95;
16 ; 18 ; 12 ; 0.0619072 ; -0.0233006 ; 0.0056897 ; 102.528;
17 ; 18 ; 12 ; 0.0301938 ; 0.0449123 ; 0.0964101 ; 101.058;
18 ; 18 ; 12 ; -0.00438349 ; -0.0333873 ; -0.0143099 ; 102.025;
19 ; 18 ; 12 ; -0.0212248 ; 0.0230142 ; -0.0157993 ; 98.955;
20 ; 18 ; 12 ; 0.0444303 ; 0.00880679 ; -0.0347933 ; 100.705;
21 ; 18 ; 12 ; 0.0480454 ; -0.012733 ; -0.0409883 ; 102.618;
4 ; 19 ; 12 ; 0.00666797 ; 0.0156183 ; 0.0518704 ; 99.155;
5 ; 19 ; 12 ; -0.0706496 ; -0.0452579 ; -0.0319737 ; 101.92;
6 ; 19 ; 12 ; -0.0573436 ; 0.00286059 ; -0.0229839 ; 105.63;
7 ; 19 ; 12 ; 0.021216 ; 0.0270242 ; 0.0346478 ; 98.625;
8 ; 19 ; 12 ; 0.0428043 ; 0.0249221 ; -0.0596514 ; 102.118;
9 ; 19 ; 12 ; 0.0128906 ; 0.00987345 ; -0.0395553 ; 104.12;
10 ; 19 ; 12 ; -0.0279135 ; 0.0714897 ; 0.0247588 ; 102.315;
11 ; 19 ; 12 ; 0.00144143 ; -0.0036203 ; -0.0220162 ; 103.767;
12 ; 19 ; 12 ; -0.034008 ; -0.0552418 ; 0.0913994 ; 100.713;
13 ; 19 ; 12 ; -0.0570645 ; 0.0195452 ; -0.0539965 ; 103.218;
14 ; 19 ; 12 ; 0.0583491 ; 0.031763 ; -0.108126 ; 102.007;
15 ; 19 ; 12 ; 0.0795099 ; 0.00337767 ; -0.0547649 ; 103.067;
16 ; 19 ; 12 ; 0.0150322 ; -0.00610398 ; -0.0474615 ; 102.273;
17 ; 19 ; 12 ; 0.0368109 ; 0.0236327 ; 0.0259998 ; 102.362;
18 ; 19 ; 12 ; -0.0328579 ; 0.00677171 ; -0.019432 ; 102.5;
19 ; 19 ; 12 ; -0.048803 ; -0.0307369 ; -0.00226814 ; 102.767;
20 ; 19 ; 12 ; -0.0138541 ; 0.0043524 ; 0.00110055 ; 103.54;
21 ; 19 ; 12 ; -0.038027 ; 0.00280469 ; -0.0252889 ; 101.303;
4 ; 20 ; 12 ; 0.0644335 ; -0.0197105 ; -0.0058016 ; 103.933;
5 ; 20 ; 12 ; 0.0259228 ; 0.0319278 ; 0.0164999 ; 100.968;
6 ; 20 ; 12 ; 0.0131119 ; -0.041379 ; 0.00420861 ; 101.398;
7 ; 20 ; 12 ; -0.0155491 ; 0.0239288 ; 0.024529 ; 99.975;
8 ; 20 ; 12 ; 0.000439698 ; -0.034076 ; -0.0167756 ; 102.222;
9 ; 20 ; 12 ; 0.0381579 ; -0.0440337 ; -0.00930547 ; 102.78;
10 ; 20 ; 12 ; 0.124587 ; 0.00146441 ; 0.0372696 ; 100.153;
11 ; 20 ; 12 ; 0.0172595 ; 0.00275482 ; -0.0620118 ; 100.475;
12 ; 20 ; 12 ; 0.0700237 ; 0.0128503 ; 0.00835347 ; 102.873;
13 ; 20 ; 12 ; 0.0356708 ; 0.0122614 ; -0.0177148 ; 99.42;
14 ; 20 ; 12 ; 0.0889426 ; -0.0265351 ; 0.016376 ; 102.57;
15 ; 20 ; 12 ; 0.0238001 ; -0.055256 ; 0.052861 ; 101.94;
16 ; 20 ; 12 ; -0.0458737 ; 0.0406367 ; 0.0251998 ; 101.985;
17 ; 20 ; 12 ; -0.0291753 ; -0.0715327 ; -0.0115369 ; 101.977;
18 ; 20 ; 12 ; 0.0408917 ; 0.0410986 ; -0.0560773 ; 104.045;
19 ; 20 ; 12 ; -0.0105742 ; -0.0330217 ; -0.0254333 ; 101.845;
20 ; 20 ; 12 ; 0.0141743 ; 0.00633827 ; 0.0508121 ; 100.662;
21 ; 20 ; 12 ; -0.0304554 ; -0.0687254 ; 0.00226136 ; 101.648;
4 ; 21 ; 12 ; 0.0438419 ; 0.010749 ; -0.00689334 ; 103.043;
5 ; 21 ; 12 ; 0.00327751 ; -0.0864432 ; -0.0192123 ; 104.203;
6 ; 21 ; 12 ; 0.00786881 ; 0.0297887 ; -0.00408277 ; 101.87;
7 ; 21 ; 12 ; -0.0352571 ; -0.016539 ; -0.0469302 ; 99.98;
8 ; 21 ; 12 ; 0.0426032 ; -0.0349892 ; -0.00991597 ; 104.86;
9 ; 21 ; 12 ; 0.0415942 ; -0.0163762 ; -0.0637761 ; 99.655;
10 ; 21 ; 12 ; 0.0443057 ; -0.00382306 ; 0.000937107 ; 101.773;
11 ; 21 ; 12 ; -0.0458449 ; 0.0910245 ; 0.0254037 ; 103.25;
12 ; 21 ; 12 ; -0.0580489 ; -0.0436657 ; 0.0179961 ; 102.435;
13 ; 21 ; 12 ; -0.0177826 ; 0.0323687 ; 0.01331 ; 103.363;
14 ; 21 ; 12 ; -0.0139482 ; -0.0121994 ; -0.0323339 ; 103.065;
15 ; 21 ; 12 ; -0.0659645 ; -0.0279817 ; -0.0292893 ; 100.375;
16 ; 21 ; 12 ; -0.0589272 ; 0.00542806 ; 0.0134739 ; 99.3725;
17 ; 21 ; 12 ; -0.0376822 ; -0.0115229 ; -0.0819174 ; 102.18;
18 ; 21 ; 12 ; 0.0483085 ; -0.0127858 ; 0.0210059 ; 101.833;
19 ; 21 ; 12 ; 0.0425935 ; -0.0237447 ; 0.0467141 ; 101.585;
20 ; 21 ; 12 ; 0.0493818 ; 0.0461872 ; 0.0253492 ; 102.538;
21 ; 21 ; 12 ; -0.00543065 ; -0.0266698 ; 0.0289833 ; 100.195;
4 ; 4 ; 13 ; -0.0233714 ; -0.0761052 ; -0.00485031 ; 102.26;
5 ; 4 ; 13 ; 0.0271216 ; -0.0725454 ; -0.0241897 ; 101.59;
6 ; 4 ; 13 ; 0.0449411 ; -0.0655128 ; 0.0306996 ; 101.388;
7 ; 4 ; 13 ; 0.0100722 ; -0.0298433 ; -0.0164985 ; 102.683;
8 ; 4 ; 13 ; 0.00414775 ; -0.050062 ; -0.0300825 ; 104.328;
9 ; 4 ; 13 ; -0.00717345 ; 0.0520245 ; -0.0427326 ; 103.38;
10 ; 4 ; 13 ; -0.0570547 ; -0.0329397 ; 0.0191618 ; 100.208;
11 ; 4 ; 13 ; 0.0778688 ; -0.017573 ; -0.00230069 ; 100.823;
12 ; 4 ; 13 ; 0.00866682 ; -0.00853151 ; 0.0237311 ; 102.77;
13 ; 4 ; 13 ; -0.0815997 ; -0.0462536 ; -0.00804858 ; 101.9;
14 ; 4 ; 13 ; -0.0757101 ; 0.0138536 ; -0.0589401 ; 102.582;
15 ; 4 ; 13 ; 0.0506456 ; -0.0549867 ; 0.0155231 ; 100.623;
16 ; 4 ; 13 ; 0.0434421 ; -0.004397 ; 0.0392733 ; 102.665;
17 ; 4 ; 13 ; 0.0192121 ; 0.0232893 ; 0.00652405 ; 103.055;
18 ; 4 ; 13 ; 0.0136311 ; -0.00975099 ; -0.0298425 ; 103.47;
19 ; 4 ; 13 ; 0.0317223 ; -0.0693691 ; 0.0322179 ; 101.4;
20 ; 4 ; 13 ; 0.0413684 ; 0.00870999 ; 0.0390012 ; 103.77;
21 ; 4 ; 13 ; 0.0150869 ; 0.0266562 ; 0.0797366 ; 102.302;
4 ; 5 ; 13 ; 0.0275786 ; 0.00365219 ; -0.0305981 ; 102.502;
5 ; 5 ; 13 ; 0.0470658 ; -0.0741976 ; 0.00699015 ; 102.078;
6 ; 5 ; 13 ; 0.0392941 ; -0.0346888 ; -0.0325762 ; 99.355;
7 ; 5 ; 13 ; 0.0179742 ; -0.0827287 ; 0.0420329 ; 101.778;
8 ; 5 ; 13 ; 0.0184891 ; 0.0135694 ; -0.0166501 ; 102.145;
9 ; 5 ; 13 ; -0.0133325 ; 0.0194589 ; 0.0213749 ; 100.883;
10 ; 5 ; 13 ; 0.0204617 ; -0.00638033 ; -0.0455302 ; 103.382;
11 ; 5 ; 13 ; 0.0866462 ; 0.00568049 ; -0.0318678 ; 101.132;
12 ; 5 ; 13 ; -0.0423952 ; -0.0793688 ; -0.0039376 ; 101.748;
13 ; 5 ; 13 ; -0.0192031 ; -0.0517571 ; -0.00925281 ; 102.498;
14 ; 5 ; 13 ; 0.0393144 ; -0.0310278 ; 0.0791377 ; 102.11;
15 ; 5 ; 13 ; -0.0511462 ; 0.00308934 ; 0.0514837 ; 100.895;
16 ; 5 ; 13 ; -0.00328831 ; 0.04383 ; 0.0411612 ; 100.41;
17 ; 5 ; 13 ; -0.0551639 ; -0.0820926 ; -0.016612 ; 103.27;
18 ; 5 ; 13 ; 0.00326497 ; 0.0526573 ; -0.0409272 ; 100.7;
19 ; 5 ; 13 ; 0.0190813 ; -0.0799812 ; 0.0022036 ; 100.328;
20 ; 5 ; 13 ; -0.0276434 ; 0.0443176 ; -0.0308716 ; 99.1875;
21 ; 5 ; 13 ; 0.00974461 ; 0.0696288 ; -0.0517484 ; 102.075;
4 ; 6 ; 13 ; 0.0192739 ; 0.0200567 ; -0.0540923 ; 102.345;
5 ; 6 ; 13 ; -0.0198391 ; -0.0516835 ; -0.0329522 ; 101.905;
6 ; 6 ; 13 ; 0.0340221 ; -0.0835743 ; -0.0550921 ; 102.065;
7 ; 6 ; 13 ; 0.0248334 ; 0.00174937 ; -0.0201668 ; 104.077;
8 ; 6 ; 13 ; 0.0294688 ; 0.0588919 ; -0.00987971 ; 102.297;
9 ; 6 ; 13 ; -0.0392845 ; -0.0388105 ; -0.109545 ; 99.6325;
10 ; 6 ; 13 ; -0.0385105 ; -0.0180892 ; -0.0595441 ; 100.465;
11 ; 6 ; 13 ; -0.0188829 ; -0.0308706 ; 0.00785447 ; 103.708;
12 ; 6 ; 13 ; -0.0773922 ; -0.0396636 ; -0.015245 ; 100.588;
13 ; 6 ; 13 ; -0.0132121 ; -0.0181752 ; -0.0218685 ; 102.302;
14 ; 6 ; 13 ; -0.0255578 ; 0.00520147 ; -0.00188642 ; 101.582;
15 ; 6 ; 13 ; 0.0208786 ; -0.00545896 ; 0.00732439 ; 100.985;
16 ; 6 ; 13 ; -0.0174767 ; 0.0592725 ; -0.00769258 ; 103.83;
17 ; 6 ; 13 ; 0.0579988 ; -0.0336757 ; 0.0254958 ; 99.585;
18 ; 6 ; 13 ; 0.0321817 ; 0.0501025 ; -0.0985071 ; 103.185;
19 ; 6 ; 13 ; 0.0305395 ; 0.00720704 ; -0.0238122 ; 104.452;
20 ; 6 ; 13 ; 0.00644554 ; -0.0109205 ; -0.0609266 ; 98.1725;
21 ; 6 ; 13 ; 0.00849061 ; -0.027756 ; -0.0672645 ; 101.385;
4 ; 7 ; 13 ; 0.00448012 ; -0.0682793 ; -0.0376704 ; 98.0025;
5 ; 7 ; 13 ; -0.00367305 ; -0.00681321 ; 0.00548763 ; 99.8725;
6 ; 7 ; 13 ; -0.0296208 ; -0.00503347 ; 0.0633022 ; 102.315;
7 ; 7 ; 13 ; 0.0341241 ; -0.0592401 ; 0.0165765 ; 100.802;
8 ; 7 ; 13 ; 0.0320281 ; -0.0255334 ; -0.0547006 ; 103.463;
9 ; 7 ; 13 ; -0.0266018 ; 0.0288574 ; -0.00892454 ; 105.168;
10 ; 7 ; 13 ; 0.00729031 ; 0.0243187 ; -0.00274865 ; 102;
11 ; 7 ; 13 ; -0.0309352 ; 0.00744986 ; -0.0243176 ; 102.202;
12 ; 7 ; 13 ; -0.037414 ; -0.0216331 ; 0.0439184 ; 101.367;
13 ; 7 ; 13 ; 0.0547645 ; -0.00116281 ; -0.0579016 ; 102.095;
14 ; 7 ; 13 ; 0.011995 ; 0.0206735 ; 0.00747903 ; 100.838;
15 ; 7 ; 13 ; -0.0153686 ; 0.0703544 ; -0.00961801 ; 100.082;
16 ; 7 ; 13 ; -0.0114601 ; 0.047322 ; 0.0246151 ; 100.237;
17 ; 7 ; 13 ; -0.0205151 ; -0.00245017 ; -0.00722574 ; 103.61;
18 ; 7 ; 13 ; -0.0165448 ; 0.052444 ; -0.0223662 ; 102.272;
19 ; 7 ; 13 ; 0.00235619 ; 0.00777802 ; 0.0143498 ; 99.135;
20 ; 7 ; 13 ; -0.00852625 ; 0.0358923 ; -0.00713739 ; 102.182;
21 ; 7 ; 13 ; -0.0520906 ; 0.0566568 ; -0.0113449 ; 100.665;
4 ; 8 ; 13 ; -0.0423818 ; -0.00568957 ; 0.00137912 ; 100.892;
5 ; 8 ; 13 ; 0.0295753 ; -0.00665039 ; 0.0728293 ; 103.918;
6 ; 8 ; 13 ; -0.0135583 ; -0.0183419 ; 0.0144297 ; 100.862;
7 ; 8 ; 13 ; 0.0165628 ; 0.0106782 ; 0.0704227 ; 103.785;
8 ; 8 ; 13 ; 0.0753344 ; -0.0251522 ; 0.0298578 ; 100.667;
9 ; 8 ; 13 ; 0.0596355 ; 0.0370126 ; 0.00599187 ; 100.195;
10 ; 8 ; 13 ; 0.0359834 ; 0.0338808 ; -0.0206272 ; 101.22;
11 ; 8 ; 13 ; -0.0204566 ; 0.0297647 ; 0.0112475 ; 103.265;
12 ; 8 ; 13 ; -0.00666798 ; 0.0371158 ; -0.0503139 ; 99.9325;
13 ; 8 ; 13 ; 0.00612369 ; 0.047482 ; 0.0554062 ; 102.062;
14 ; 8 ; 13 ; -0.0321738 ; -0.0628606 ; -0.0381433 ; 102.08;
15 ; 8 ; 13 ; 0.0319133 ; -0.0634058 ; -0.000709768 ; 102.652;
16 ; 8 ; 13 ; -0.0362346 ; -0.0581167 ; 0.0412763 ; 99.92;
17 ; 8 ; 13 ; -0.00619903 ; -0.0313443 ; -0.057957 ; 100.883;
18 ; 8 ; 13 ; -0.00506774 ; 0.0201683 ; 0.0170112 ; 103.275;
19 ; 8 ; 13 ; -0.00364967 ; -0.0489671 ; -0.0886509 ; 102.968;
20 ; 8 ; 13 ; -0.0452347 ; 0.0342331 ; 0.0123692 ; 102.42;
21 ; 8 ; 13 ; -0.0495602 ; 0.0662823 ; 0.0669132 ; 99.4775;
4 ; 9 ; 13 ; -0.0418219 ; 0.0121653 ; -0.000951527 ; 101.983;
5 ; 9 ; 13 ; -0.0724769 ; 0.00725948 ; 0.0365368 ; 101.968;
6 ; 9 ; 13 ; -0.059321 ; 0.00107158 ; 0.0615921 ; 101.707;
7 ; 9 ; 13 ; -0.0101144 ; 0.0491725 ; 0.0376883 ; 102.74;
8 ; 9 ; 13 ; -0.00857287 ; 0.0746618 ; -0.0123605 ; 101.92;
9 ; 9 ; 13 ; -0.0335368 ; -0.00436853 ; -0.0205883 ; 101.672;
10 ; 9 ; 13 ; -0.0571282 ; 0.0760172 ; 0.0455487 ; 103.767;
11 ; 9 ; 13 ; 0.0228974 ; 0.0181889 ; -0.026407 ; 102.595;
12 ; 9 ; 13 ; 0.0856261 ; 0.00736702 ; -0.0550609 ; 102.293;
13 ; 9 ; 13 ; 0.00386463 ; -0.0313031 ; -0.0102468 ; 102.993;
14 ; 9 ; 13 ; 0.0261445 ; 0.0287939 ; 0.0531499 ; 100.303;
15 ; 9 ; 13 ; -0.061262 ; -0.0407232 ; 0.0398711 ; 102.733;
16 ; 9 ; 13 ; 0.0433409 ; -0.0504965 ; 0.0305991 ; 101.017;
17 ; 9 ; 13 ; -0.00580954 ; 0.0341961 ; -0.0318972 ; 103.308;
18 ; 9 ; 13 ; 0.0436984 ; 0.0243687 ; 0.0315573 ; 100.308;
19 ; 9 ; 13 ; 0.0764061 ; 0.0581556 ; -0.0117086 ; 101.272;
20 ; 9 ; 13 ; 0.0199588 ; -0.072573 ; -0.00528253 ; 101.773;
21 ; 9 ; 13 ; -0.0169035 ; 0.030433 ; 0.0205286 ; 100.617;
4 ; 10 ; 13 ; 0.00628085 ; 0.0057643 ; -0.00703312 ; 102.46;
5 ; 10 ; 13 ; -0.0124707 ; -0.0685863 ; -0.062034 ; 102.428;
6 ; 10 ; 13 ; 0.00319298 ; 0.0307945 ; 0.0304557 ; 103.938;
7 ; 10 ; 13 ; -0.0185528 ; 0.0312988 ; -0.0277336 ; 100.39;
8 ; 10 ; 13 ; 0.000692139 ; 0.0119439 ; 0.0169558 ; 103.227;
9 ; 10 ; 13 ; 0.0270121 ; -0.0747 ; 0.0622975 ; 99.3225;
10 ; 10 ; 13 ; 0.00286798 ; 0.0293839 ; -0.00895368 ; 101.288;
11 ; 10 ; 13 ; -0.0010284 ; 0.0611237 ; -0.0319466 ; 101.678;
12 ; 10 ; 13 ; 0.0415162 ; 0.0531525 ; -0.0474571 ; 102.21;
13 ; 10 ; 13 ; 0.0216642 ; -0.0815858 ; 0.00905039 ; 98.995;
14 ; 10 ; 13 ; -0.0181988 ; 0.0163898 ; 0.0293765 ; 99.2975;
15 ; 10 ; 13 ; -0.0376837 ; -0.0515377 ; -0.0368109 ; 103.572;
16 ; 10 ; 13 ; -0.00768544 ; -0.0569868 ; -0.0338486 ; 102.968;
17 ; 10 ; 13 ; 0.0322338 ; -0.0584817 ; 0.0162939 ; 102.29;
18 ; 10 ; 13 ; 0.0671686 ; -0.00487609 ; -0.030464 ; 101.403;
19 ; 10 ; 13 ; -0.0251919 ; 0.0157469 ; -0.00288473 ; 102.222;
20 ; 10 ; 13 ; 0.032571 ; 0.00113185 ; -0.00901992 ; 100.748;
21 ; 10 ; 13 ; 0.0149246 ; -0.0485268 ; -0.0170658 ; 101.78;
4 ; 11 ; 13 ; -0.0368794 ; 0.0556183 ; 0.0387211 ; 100.04;
5 ; 11 ; 13 ; -0.0080234 ; -0.00474738 ; 0.0134974 ; 100.168;
6 ; 11 ; 13 ; -0.00513156 ; 0.0435599 ; -0.000450093 ; 101.238;
7 ; 11 ; 13 ; 0.0479164 ; -0.00505853 ; -0.0541932 ; 102.405;
8 ; 11 ; 13 ; -0.0205419 ; -0.00341794 ; 0.119281 ; 101.698;
9 ; 11 ; 13 ; -0.0398888 ; -0.0161602 ; -0.00266503 ; 102.015;
10 ; 11 ; 13 ; 0.00937569 ; -0.0106111 ; 0.00315568 ; 102.278;
11 ; 11 ; 13 ; 0.0223312 ; -0.0399508 ; 0.0194364 ; 103.615;
12 ; 11 ; 13 ; -0.0340929 ; 0.00688092 ; -0.0354411 ; 101.49;
13 ; 11 ; 13 ; -0.032427 ; -0.0557343 ; -0.0887755 ; 103.1;
14 ; 11 ; 13 ; -0.0337204 ; 0.0295182 ; 0.0488071 ; 100.938;
15 ; 11 ; 13 ; -0.0230875 ; 0.0301952 ; 0.0249189 ; 101.535;
16 ; 11 ; 13 ; 0.0167256 ; -0.0407681 ; 0.0571819 ; 101.765;
17 ; 11 ; 13 ; 0.0301828 ; 0.000820051 ; -0.0143847 ; 102.872;
18 ; 11 ; 13 ; 0.0110019 ; 0.0411096 ; -0.0412455 ; 101.263;
19 ; 11 ; 13 ; -0.045968 ; 0.00214982 ; -0.0101949 ; 100.985;
20 ; 11 ; 13 ; -0.0963323 ; -0.0947685 ; -0.0384507 ; 103.698;
21 ; 11 ; 13 ; -0.0579441 ; -0.0109318 ; 0.109617 ; 102.86;
4 ; 12 ; 13 ; 0.0263801 ; 0.0672131 ; -0.0535238 ; 101.097;
5 ; 12 ; 13 ; -0.00409385 ; -0.0268182 ; -0.0385397 ; 100.863;
6 ; 12 ; 13 ; -0.00989887 ; -0.0347034 ; 0.0550377 ; 100.162;
7 ; 12 ; 13 ; 0.0283017 ; -0.027603 ; 0.0656523 ; 101.692;
8 ; 12 ; 13 ; 0.010819 ; -0.0104129 ; 0.00902549 ; 102.918;
9 ; 12 ; 13 ; -0.0872821 ; 0.0233316 ; 0.0529471 ; 102.882;
10 ; 12 ; 13 ; 0.0413254 ; 0.0325639 ; -0.0300285 ; 104.22;
11 ; 12 ; 13 ; -0.0599471 ; 0.0694998 ; -0.0182149 ; 100.52;
12 ; 12 ; 13 ; -0.0343647 ; 0.0207228 ; 0.0066603 ; 100.953;
13 ; 12 ; 13 ; 0.0627931 ; 0.0341655 ; 0.0294496 ; 102.555;
14 ; 12 ; 13 ; 0.050141 ; 0.000584313 ; -0.0245277 ; 101.838;
15 ; 12 ; 13 ; 0.000274946 ; -0.0226048 ; -0.0146181 ; 99.7725;
16 ; 12 ; 13 ; -0.0586644 ; 0.0186677 ; 0.0670967 ; 101.877;
17 ; 12 ; 13 ; 0.022099 ; 0.00559624 ; -0.0171175 ; 102.07;
18 ; 12 ; 13 ; -0.0354663 ; 0.0575722 ; 0.043022 ; 98.7225;
19 ; 12 ; 13 ; -0.022406 ; 0.0368216 ; 0.0205884 ; 99.9375;
20 ; 12 ; 13 ; -0.0583278 ; -0.0320878 ; 0.0292012 ; 102.535;
21 ; 12 ; 13 ; 0.0176068 ; -0.00608009 ; 0.0703234 ; 99.3325;
4 ; 13 ; 13 ; 0.0105882 ; -0.0280075 ; -0.0138871 ; 100.953;
5 ; 13 ; 13 ; 0.0505193 ; -0.0468442 ; 0.0326903 ; 100.888;
6 ; 13 ; 13 ; -0.00949841 ; -0.00377607 ; 0.0821368 ; 105.282;
7 ; 13 ; 13 ; 0.0257136 ; 0.0667233 ; -0.0383343 ; 102.025;
8 ; 13 ; 13 ; 0.0785218 ; 0.0197465 ; -0.0376252 ; 101.093;
9 ; 13 ; 13 ; -0.0207206 ; 0.0492652 ; -0.0594762 ; 100.7;
10 ; 13 ; 13 ; -0.0584676 ; -0.0165014 ; 0.0439993 ; 103.075;
11 ; 13 ; 13 ; 0.0106009 ; -0.058915 ; -0.0383774 ; 101.853;
12 ; 13 ; 13 ; 0.00549474 ; 0.0112135 ; -0.00818569 ; 101.855;
13 ; 13 ; 13 ; 0.00861731 ; 0.0178884 ; -0.0573848 ; 102.588;
14 ; 13 ; 13 ; 0.0159508 ; 0.0284175 ; -0.0420466 ; 101.91;
15 ; 13 ; 13 ; -0.0765036 ; -0.0534198 ; 0.0410143 ; 99.97;
16 ; 13 ; 13 ; -0.0532632 ; -0.0021097 ; 0.0522891 ; 103.208;
17 ; 13 ; 13 ; -0.0202021 ; 0.0181469 ; 0.0816276 ; 102.74;
18 ; 13 ; 13 ; 0.0245915 ; -0.0292343 ; 0.0401076 ; 103.325;
19 ; 13 ; 13 ; 0.0148025 ; 0.0577224 ; -0.0127496 ; 103.527;
20 ; 13 ; 13 ; -0.0612403 ; -0.00985172 ; -0.0103528 ; 99.7875;
21 ; 13 ; 13 ; -0.0295735 ; 0.0568141 ; 0.0175298 ; 102.29;
4 ; 14 ; 13 ; -0.0557138 ; -0.0677326 ; 0.0398193 ; 101.53;
5 ; 14 ; 13 ; -0.00281445 ; -0.0136926 ; 0.00849973 ; 101.995;
6 ; 14 ; 13 ; -0.00305903 ; -0.00932779 ; -0.0659181 ; 100.847;
7 ; 14 ; 13 ; -0.00565033 ; 0.00399861 ; 0.0760147 ; 100.005;
8 ; 14 ; 13 ; 0.0101602 ; -0.00736411 ; 0.0234888 ; 100.22;
9 ; 14 ; 13 ; -0.02958 ; -0.00314633 ; -0.0303742 ; 105.017;
10 ; 14 ; 13 ; -0.0554691 ; -0.0320215 ; -0.0504799 ; 101.18;
11 ; 14 ; 13 ; 0.0200573 ; 0.00190733 ; -0.0104553 ; 101.183;
12 ; 14 ; 13 ; -0.0902586 ; -0.0130533 ; -0.0191024 ; 101.213;
13 ; 14 ; 13 ; -0.0149758 ; 0.0371753 ; 0.000718221 ; 103.395;
14 ; 14 ; 13 ; 0.000624247 ; -0.0396655 ; -0.00741002 ; 102.942;
15 ; 14 ; 13 ; 0.0631368 ; -0.0370691 ; 0.0109718 ; 103.267;
16 ; 14 ; 13 ; -0.0625207 ; 0.0190417 ; 0.0232289 ; 102.88;
17 ; 14 ; 13 ; -0.0418491 ; -0.00942083 ; -0.0144816 ; 99.5875;
18 ; 14 ; 13 ; 0.0889081 ; 0.0387309 ; -0.0140559 ; 101.262;
19 ; 14 ; 13 ; 0.0783221 ; 0.0757097 ; -0.0274673 ; 101.877;
20 ; 14 ; 13 ; 0.0859095 ; -0.0289871 ; 0.00295628 ; 103.655;
21 ; 14 ; 13 ; 0.00442902 ; -0.0502741 ; 0.0124039 ; 100.613;
4 ; 15 ; 13 ; -0.0669579 ; -0.00600367 ; -0.0141192 ; 100.438;
5 ; 15 ; 13 ; 0.053176 ; -0.00672557 ; -0.00274407 ; 102.76;
6 ; 15 ; 13 ; -0.010952 ; -0.0227666 ; 0.00502652 ; 99.915;
7 ; 15 ; 13 ; 0.00061634 ; 0.0493222 ; -0.0402014 ; 101.155;
8 ; 15 ; 13 ; -0.0106266 ; -0.00122328 ; -0.0679218 ; 100.37;
9 ; 15 ; 13 ; 0.00576873 ; -0.0244257 ; -0.0513565 ; 100.762;
10 ; 15 ; 13 ; 0.0421017 ; 4.55508e-05 ; 0.0351418 ; 103.91;
11 ; 15 ; 13 ; 0.0442621 ; 0.0259553 ; -0.0540163 ; 103.05;
12 ; 15 ; 13 ; -0.0105751 ; 0.0136543 ; -0.0558247 ; 104.365;
13 ; 15 ; 13 ; 0.0027766 ; 0.078343 ; -0.0539796 ; 101.96;
14 ; 15 ; 13 ; -0.0169124 ; 0.0352102 ; 0.0413188 ; 101.043;
15 ; 15 ; 13 ; -0.0118282 ; 0.00499668 ; -0.0412705 ; 102.06;
16 ; 15 ; 13 ; 0.0197488 ; 0.0356844 ; 0.0206374 ; 101.15;
17 ; 15 ; 13 ; -0.00629262 ; -0.0182077 ; -0.0294889 ; 101.073;
18 ; 15 ; 13 ; -0.0172621 ; 0.0474425 ; 0.0150395 ; 101.625;
19 ; 15 ; 13 ; 0.0450596 ; -0.0269895 ; -0.00258605 ; 100.532;
20 ; 15 ; 13 ; 0.0243475 ; -0.0111683 ; 0.0396337 ; 100.222;
21 ; 15 ; 13 ; 0.0984581 ; 0.0667442 ; 0.0444483 ; 104.332;
4 ; 16 ; 13 ; 0.0430621 ; -0.0169209 ; 0.0353735 ; 101.935;
5 ; 16 ; 13 ; 0.0430296 ; 0.0571051 ; 0.0272816 ; 99.6475;
6 ; 16 ; 13 ; 0.0526993 ; -0.0673909 ; 0.0438701 ; 103.73;
7 ; 16 ; 13 ; 0.0101639 ; 0.000486351 ; 0.0528379 ; 102.693;
8 ; 16 ; 13 ; 0.0309112 ; 0.0438685 ; 0.0175589 ; 102.46;
9 ; 16 ; 13 ; 0.0294278 ; 0.0573178 ; 0.0567831 ; 103.125;
10 ; 16 ; 13 ; 0.0772017 ; 0.0371093 ; 0.0317444 ; 101.66;
11 ; 16 ; 13 ; -0.00400314 ; 0.0269119 ; 0.00912366 ; 101.55;
12 ; 16 ; 13 ; -0.103467 ; -0.0338516 ; 0.0356628 ; 102.428;
13 ; 16 ; 13 ; 0.0277021 ; -0.0014474 ; 0.0412355 ; 102.53;
14 ; 16 ; 13 ; -0.0264091 ; -0.011746 ; 0.0082098 ; 100.362;
15 ; 16 ; 13 ; 0.0267279 ; -0.0239993 ; 0.0748941 ; 102.675;
16 ; 16 ; 13 ; 0.038049 ; 0.0646117 ; -0.0279108 ; 101.668;
17 ; 16 ; 13 ; -0.0416318 ; 0.0381073 ; 0.0430452 ; 104.167;
18 ; 16 ; 13 ; 0.028007 ; 0.00315926 ; 0.0124018 ; 102.17;
19 ; 16 ; 13 ; 0.0417908 ; -0.0470731 ; 0.00463905 ; 99.6875;
20 ; 16 ; 13 ; 0.082287 ; 0.00577063 ; 0.0602936 ; 101.013;
21 ; 16 ; 13 ; 0.0889337 ; -0.0472747 ; -0.0688867 ; 103.825;
4 ; 17 ; 13 ; -0.0368495 ; 0.0349693 ; 0.0342691 ; 102.117;
5 ; 17 ; 13 ; 0.0113215 ; 0.043685 ; 0.00839994 ; 103.393;
6 ; 17 ; 13 ; -0.0127207 ; -0.0705339 ; 0.0244312 ; 100.715;
7 ; 17 ; 13 ; -0.035057 ; 0.045711 ; 0.0439457 ; 101.207;
8 ; 17 ; 13 ; -0.0399039 ; -0.0478216 ; 0.0285455 ; 102.73;
9 ; 17 ; 13 ; 0.0850731 ; 0.0084071 ; 0.0503135 ; 102.96;
10 ; 17 ; 13 ; 0.0798378 ; 0.00731802 ; 0.0130301 ; 100.22;
11 ; 17 ; 13 ; 0.0221882 ; 0.0418951 ; -0.0283286 ; 103.745;
12 ; 17 ; 13 ; 0.0358598 ; 0.0018079 ; 0.0245018 ; 100.597;
13 ; 17 ; 13 ; 0.0285941 ; -0.00704144 ; -0.04544 ; 102.58;
14 ; 17 ; 13 ; -0.0280479 ; -0.0076598 ; -0.0733637 ; 97.87;
15 ; 17 ; 13 ; -0.00921074 ; 0.0127508 ; -0.0234856 ; 103.475;
16 ; 17 ; 13 ; 0.0137794 ; 0.116926 ; -0.0662883 ; 101.078;
17 ; 17 ; 13 ; 0.0303502 ; -0.021839 ; -0.0412089 ; 99.215;
18 ; 17 ; 13 ; 0.0699127 ; -0.0604286 ; 0.0406787 ; 102.328;
19 ; 17 ; 13 ; 0.0667608 ; 0.00163797 ; -0.0259968 ; 102.535;
20 ; 17 ; 13 ; 0.1021 ; -0.00399974 ; 0.000655073 ; 101.843;
21 ; 17 ; 13 ; 0.00367908 ; 0.117405 ; -0.0573268 ; 100.455;
4 ; 18 ; 13 ; -0.0676602 ; -0.0294182 ; 0.0410538 ; 101.63;
5 ; 18 ; 13 ; 0.0167676 ; -0.0107897 ; 0.028863 ; 103.752;
6 ; 18 ; 13 ; -0.0468517 ; -0.00138073 ; 0.0161083 ; 101.698;
7 ; 18 ; 13 ; 0.00747294 ; 0.0462261 ; 0.016693 ; 105.235;
8 ; 18 ; 13 ; 0.0388936 ; -0.0577066 ; -0.00335714 ; 102.595;
9 ; 18 ; 13 ; -0.032749 ; 0.0985663 ; 0.0143476 ; 100.165;
10 ; 18 ; 13 ; 0.0318275 ; 0.019284 ; 0.00183265 ; 100.99;
11 ; 18 ; 13 ; 0.0530159 ; 0.00296835 ; 0.0455383 ; 101.365;
12 ; 18 ; 13 ; 0.0576018 ; 0.0757794 ; 0.0507838 ; 101.565;
13 ; 18 ; 13 ; 0.0339915 ; 0.00985121 ; 0.0803592 ; 102.725;
14 ; 18 ; 13 ; 0.0445634 ; -0.0528727 ; 0.0408598 ; 103.278;
15 ; 18 ; 13 ; 0.0207506 ; 0.00818864 ; -0.0471939 ; 102.675;
16 ; 18 ; 13 ; 0.0380941 ; -0.0126268 ; 0.0329257 ; 101.41;
17 ; 18 ; 13 ; -0.0551105 ; 0.00896092 ; -0.0276871 ; 105.075;
18 ; 18 ; 13 ; 0.0517241 ; -0.000252446 ; 0.000662428 ; 99.0475;
19 ; 18 ; 13 ; 0.00733552 ; 0.0581279 ; 0.00187008 ; 101.262;
20 ; 18 ; 13 ; 0.082905 ; 0.0202384 ; 0.00445882 ; 101.623;
21 ; 18 ; 13 ; 0.00131935 ; 0.0629569 ; 0.0108887 ; 102.935;
4 ; 19 ; 13 ; 0.0190732 ; -0.00132206 ; 0.0146865 ; 100.19;
5 ; 19 ; 13 ; 0.0172901 ; 8.47252e-05 ; 0.0432841 ; 103.235;
6 ; 19 ; 13 ; -0.0547347 ; -0.035212 ; -0.0737525 ; 102.265;
7 ; 19 ; 13 ; -0.0220663 ; -0.0191479 ; 0.0522803 ; 99.9725;
8 ; 19 ; 13 ; 0.00156796 ; -0.0187094 ; -0.00858381 ; 101.498;
9 ; 19 ; 13 ; -0.0285542 ; -0.0233787 ; 0.0153768 ; 101.795;
10 ; 19 ; 13 ; -0.00240086 ; -0.00158079 ; 0.0901001 ; 103.39;
11 ; 19 ; 13 ; -0.0418321 ; -0.0172112 ; -0.02958 ; 103.545;
12 ; 19 ; 13 ; -0.0658311 ; -0.0611326 ; -0.0105563 ; 103.007;
13 ; 19 ; 13 ; 0.0188831 ; -0.0280282 ; 0.0137002 ; 100.855;
14 ; 19 ; 13 ; 0.0850845 ; -0.0886337 ; 0.0351915 ; 105.105;
15 ; 19 ; 13 ; 0.0528905 ; -0.0436193 ; 0.0222662 ; 100.907;
16 ; 19 ; 13 ; -0.0430773 ; 0.0387493 ; 0.0143043 ; 101.097;
17 ; 19 ; 13 ; -0.0216625 ; 0.0469317 ; 0.0811265 ; 101.66;
18 ; 19 ; 13 ; -0.0322773 ; 0.0370771 ; 0.0055857 ; 100.218;
19 ; 19 ; 13 ; -0.0375542 ; 0.0225386 ; -0.00383217 ; 100.795;
20 ; 19 ; 13 ; -0.0345633 ; 0.0228766 ; 0.0816028 ; 100.802;
21 ; 19 ; 13 ; 0.0150526 ; 0.0317399 ; 0.00172923 ; 102.027;
4 ; 20 ; 13 ; -0.00842904 ; 0.034885 ; -0.0210343 ; 101.963;
5 ; 20 ; 13 ; -0.0362983 ; 0.0130377 ; -0.007649 ; 102.562;
6 ; 20 ; 13 ; 0.0202274 ; 0.00504531 ; -0.0237191 ; 101.373;
7 ; 20 ; 13 ; 0.0260082 ; 0.00461069 ; -0.0204766 ; 102.18;
8 ; 20 ; 13 ; -0.0030174 ; -0.0346204 ; 0.0326726 ; 102.992;
9 ; 20 ; 13 ; -0.00406375 ; -0.0241353 ; 0.0111868 ; 101.03;
10 ; 20 ; 13 ; 0.0261632 ; -0.0218739 ; 0.0400206 ; 103.727;
11 ; 20 ; 13 ; -0.0663042 ; 0.0737355 ; 0.00118755 ; 100.762;
12 ; 20 ; 13 ; -0.045877 ; 0.0622555 ; 0.0515062 ; 101.215;
13 ; 20 ; 13 ; 0.0356042 ; 0.00733491 ; 0.0613216 ; 100.188;
14 ; 20 ; 13 ; -0.0252541 ; 0.010289 ; 0.0917988 ; 103.205;
15 ; 20 ; 13 ; 0.0302688 ; 0.00049983 ; -0.048811 ; 99.6175;
16 ; 20 ; 13 ; 0.0418963 ; 0.0282518 ; -0.0225201 ; 102.037;
17 ; 20 ; 13 ; -0.0203064 ; -0.00022285 ; -0.00641296 ; 103.635;
18 ; 20 ; 13 ; 0.0175816 ; 0.0389283 ; 0.0246141 ; 102.155;
19 ; 20 ; 13 ; 0.0149768 ; 0.0229033 ; 0.0701475 ; 99.8375;
20 ; 20 ; 13 ; -0.0924417 ; 0.00310549 ; -0.0444356 ; 102.675;
21 ; 20 ; 13 ; -0.035659 ; -0.0323276 ; -0.0325935 ; 103.23;
4 ; 21 ; 13 ; -0.0425291 ; 0.0405019 ; 0.030796 ; 102.305;
5 ; 21 ; 13 ; -0.00450376 ; 0.00578434 ; -0.0198291 ; 100.915;
6 ; 21 ; 13 ; -0.029759 ; 0.0369455 ; 0.0382624 ; 102.765;
7 ; 21 ; 13 ; -0.0384832 ; -0.028598 ; 0.0343011 ; 100.928;
8 ; 21 ; 13 ; -0.0133724 ; -0.0371678 ; 0.0646164 ; 100.127;
9 ; 21 ; 13 ; 0.0151073 ; 0.00281613 ; 0.0849236 ; 102.025;
10 ; 21 ; 13 ; -0.013582 ; 0.0307294 ; -0.0142734 ; 106.235;
11 ; 21 ; 13 ; -0.00705329 ; 0.016659 ; -0.0325122 ; 104.042;
12 ; 21 ; 13 ; 0.0399317 ; 0.0705108 ; 0.0109407 ; 102.082;
13 ; 21 ; 13 ; -0.000614668 ; 0.00184253 ; 0.0757589 ; 102.502;
14 ; 21 ; 13 ; -0.0914494 ; -0.0137098 ; 0.031566 ; 101.578;
15 ; 21 ; 13 ; -0.026587 ; 0.0151062 ; 0.00155732 ; 101.685;
16 ; 21 ; 13 ; -0.00693085 ; 0.0514553 ; -0.0375815 ; 100.058;
17 ; 21 ; 13 ; 0.0229738 ; -0.0294672 ; -0.0947455 ; 101.345;
18 ; 21 ; 13 ; 0.0562942 ; -0.0755616 ; 0.00386514 ; 102.992;
19 ; 21 ; 13 ; 0.0577299 ; -0.015481 ; 0.0338608 ; 103.133;
20 ; 21 ; 13 ; 0.021188 ; -0.0141826 ; -0.0132062 ; 103.295;
21 ; 21 ; 13 ; -0.00733724 ; -0.0563797 ; 0.0445709 ; 100.205;
4 ; 4 ; 14 ; 0.0658046 ; -0.0211855 ; -0.0481722 ; 102.448;
5 ; 4 ; 14 ; 0.0867059 ; -0.0200327 ; 0.0727003 ; 100.9;
6 ; 4 ; 14 ; 0.103365 ; -0.025474 ; 0.00135471 ; 101.76;
7 ; 4 ; 14 ; 0.0968628 ; -0.0330622 ; -0.0310482 ; 101.43;
8 ; 4 ; 14 ; 0.0971223 ; -0.0913795 ; -0.0178675 ; 100.005;
9 ; 4 ; 14 ; -0.0613738 ; 0.0458165 ; -0.0333016 ; 100.933;
10 ; 4 ; 14 ; 0.0290399 ; 0.0349919 ; 0.0666985 ; 99.4275;
11 ; 4 ; 14 ; 0.0311814 ; 0.0497863 ; -0.0188063 ; 100.65;
12 ; 4 ; 14 ; 0.00108911 ; 0.0344615 ; 0.0210522 ; 102.35;
13 ; 4 ; 14 ; -0.038412 ; -0.0136433 ; -0.0230238 ; 102.63;
14 ; 4 ; 14 ; -0.0152477 ; -0.00810557 ; 0.0420284 ; 103.7;
15 ; 4 ; 14 ; -0.0209399 ; -0.0205243 ; -0.0075348 ; 100.442;
16 ; 4 ; 14 ; -0.0761576 ; -0.0113343 ; 0.0470016 ; 101.73;
17 ; 4 ; 14 ; -0.0308486 ; 0.0518595 ; 0.0858045 ; 101.418;
18 ; 4 ; 14 ; 0.00979259 ; 0.0125515 ; 0.0293047 ; 99.9275;
19 ; 4 ; 14 ; -0.0916542 ; -0.0220284 ; -0.0167424 ; 104.385;
20 ; 4 ; 14 ; 0.0312153 ; -0.0169974 ; 0.00971324 ; 97.5275;
21 ; 4 ; 14 ; 0.0171159 ; 0.0379053 ; -0.0207087 ; 101.145;
4 ; 5 ; 14 ; 0.106175 ; -0.00427957 ; -0.00301662 ; 101.705;
5 ; 5 ; 14 ; 0.00600092 ; 0.0490948 ; 0.00623877 ; 101.59;
6 ; 5 ; 14 ; -0.0067547 ; -0.00261205 ; 0.0350715 ; 101.255;
7 ; 5 ; 14 ; -0.0378755 ; -0.0036971 ; 0.0283784 ; 100.87;
8 ; 5 ; 14 ; -0.0182551 ; -0.0127719 ; 0.0219843 ; 100.948;
9 ; 5 ; 14 ; -0.0328568 ; 0.0194556 ; -0.0260704 ; 102.668;
10 ; 5 ; 14 ; 0.0223258 ; 0.0242736 ; -0.0252341 ; 102.82;
11 ; 5 ; 14 ; -0.0121918 ; 0.0151033 ; 0.0135528 ; 102.542;
12 ; 5 ; 14 ; -0.0233371 ; 0.0244323 ; 0.0413817 ; 103.088;
13 ; 5 ; 14 ; -0.0281363 ; 0.0449266 ; -0.0228682 ; 100.79;
14 ; 5 ; 14 ; 0.0304778 ; -0.0321498 ; 0.0194191 ; 103.055;
15 ; 5 ; 14 ; -0.0475824 ; -0.0353485 ; -0.0523484 ; 101.157;
16 ; 5 ; 14 ; 0.00413366 ; -0.0230216 ; 0.00543393 ; 99.3675;
17 ; 5 ; 14 ; -0.00559234 ; -0.0355494 ; -0.0896611 ; 101.865;
18 ; 5 ; 14 ; 0.0546128 ; -0.000969708 ; -0.0311065 ; 103.225;
19 ; 5 ; 14 ; -0.0367558 ; 0.0101883 ; 0.00560794 ; 99.4175;
20 ; 5 ; 14 ; 0.066859 ; 0.0371167 ; -0.0541691 ; 102.38;
21 ; 5 ; 14 ; 0.059857 ; 0.0150357 ; 0.000463685 ; 100.358;
4 ; 6 ; 14 ; 0.0254488 ; 0.0048328 ; -0.0176585 ; 100.695;
5 ; 6 ; 14 ; -0.00559549 ; 0.02348 ; -0.000436177 ; 102.248;
6 ; 6 ; 14 ; 0.0115996 ; -0.00538982 ; -0.0637136 ; 102.69;
7 ; 6 ; 14 ; -0.0243411 ; -0.0394418 ; -0.0341316 ; 101.545;
8 ; 6 ; 14 ; -0.0517268 ; -0.03986 ; 0.0216276 ; 104.553;
9 ; 6 ; 14 ; 0.012818 ; -0.0205973 ; -0.032471 ; 102.612;
10 ; 6 ; 14 ; 0.0500067 ; -0.0635795 ; -0.00849414 ; 100.532;
11 ; 6 ; 14 ; -0.117602 ; -0.0257774 ; -0.0173825 ; 98.375;
12 ; 6 ; 14 ; -0.00582446 ; -0.0212308 ; 0.0309063 ; 103.285;
13 ; 6 ; 14 ; -0.0340791 ; 0.0207567 ; 0.0136484 ; 101.535;
14 ; 6 ; 14 ; 0.0198618 ; 0.0120326 ; -0.0445788 ; 103.292;
15 ; 6 ; 14 ; -0.0536249 ; 0.0432819 ; -0.0183008 ; 102.98;
16 ; 6 ; 14 ; -0.00575604 ; -0.0203292 ; 0.00461104 ; 101.022;
17 ; 6 ; 14 ; 0.00119044 ; -0.0317862 ; 0.062773 ; 100.805;
18 ; 6 ; 14 ; 0.0599626 ; -0.0425796 ; -0.00144688 ; 100.08;
19 ; 6 ; 14 ; -0.00171086 ; -0.0450388 ; -0.0151693 ; 101.483;
20 ; 6 ; 14 ; 0.00547051 ; -0.0166616 ; -0.0337271 ; 103.233;
21 ; 6 ; 14 ; 0.0532615 ; -0.00148896 ; 0.0741959 ; 101.767;
4 ; 7 ; 14 ; -0.0273661 ; 0.0229674 ; -0.0424582 ; 103.198;
5 ; 7 ; 14 ; -0.0291067 ; -0.10124 ; -0.070602 ; 102.335;
6 ; 7 ; 14 ; -0.0163755 ; -0.0312149 ; -0.00549176 ; 101.627;
7 ; 7 ; 14 ; -0.00512019 ; -0.019305 ; 0.126007 ; 101.097;
8 ; 7 ; 14 ; -0.0490006 ; 0.0166842 ; -0.0120197 ; 103.903;
9 ; 7 ; 14 ; 0.0263663 ; 0.00647294 ; -0.051414 ; 102.635;
10 ; 7 ; 14 ; -0.00921138 ; 0.00337932 ; -0.0108072 ; 102.665;
11 ; 7 ; 14 ; -0.0219254 ; 0.00016954 ; -0.0980046 ; 102.237;
12 ; 7 ; 14 ; -0.0961435 ; 0.0490591 ; 0.022937 ; 102.88;
13 ; 7 ; 14 ; -0.0567664 ; 0.00285412 ; 0.0209019 ; 101.503;
14 ; 7 ; 14 ; 0.0224005 ; 0.0424358 ; -0.0551586 ; 100.787;
15 ; 7 ; 14 ; 0.0293143 ; 0.0214347 ; -0.0629807 ; 99.645;
16 ; 7 ; 14 ; -0.0338223 ; -0.0247961 ; 0.0412218 ; 99.15;
17 ; 7 ; 14 ; 0.0120739 ; 0.0410315 ; 0.00861932 ; 101.02;
18 ; 7 ; 14 ; 0.0129887 ; 0.0626384 ; -0.0336787 ; 99.76;
19 ; 7 ; 14 ; 0.033012 ; 0.00458791 ; 0.000164694 ; 103.06;
20 ; 7 ; 14 ; 0.0738448 ; -0.090529 ; 0.00378905 ; 99.23;
21 ; 7 ; 14 ; -0.05092 ; 0.00893476 ; 0.000256114 ; 103.23;
4 ; 8 ; 14 ; 0.00118674 ; -0.0432301 ; 0.0153143 ; 102.13;
5 ; 8 ; 14 ; -0.0054342 ; 0.0156686 ; 0.0124971 ; 103.51;
6 ; 8 ; 14 ; -0.0117551 ; 0.0246876 ; -0.00457 ; 102.222;
7 ; 8 ; 14 ; 0.0391805 ; -0.0232389 ; 0.0199323 ; 104.185;
8 ; 8 ; 14 ; 0.0378134 ; -0.0379353 ; 0.00698581 ; 101.737;
9 ; 8 ; 14 ; -0.0887034 ; 0.017051 ; 0.00798149 ; 101.785;
10 ; 8 ; 14 ; -2.22532e-05 ; 0.0126709 ; 0.0140285 ; 101.355;
11 ; 8 ; 14 ; -0.0632694 ; 0.0136189 ; 0.0343712 ; 103.332;
12 ; 8 ; 14 ; 0.0258775 ; -0.0171481 ; 0.0355869 ; 103.252;
13 ; 8 ; 14 ; 0.0244446 ; -0.0170673 ; 0.0435822 ; 105.038;
14 ; 8 ; 14 ; -0.0485269 ; -0.0323416 ; 0.0570966 ; 101.693;
15 ; 8 ; 14 ; 0.00026723 ; 0.0438532 ; -0.083289 ; 103.58;
16 ; 8 ; 14 ; 0.0143532 ; -0.0242986 ; 0.0267149 ; 100.507;
17 ; 8 ; 14 ; -0.0817836 ; 0.072747 ; -0.0483985 ; 102.257;
18 ; 8 ; 14 ; 0.00988014 ; 0.0384682 ; 0.0247726 ; 102.562;
19 ; 8 ; 14 ; -0.0319116 ; -0.0329429 ; -0.000743075 ; 102.085;
20 ; 8 ; 14 ; -0.0512557 ; 0.00543527 ; 0.00714958 ; 101.008;
21 ; 8 ; 14 ; -0.00933625 ; -0.0113158 ; 0.0753581 ; 103.858;
4 ; 9 ; 14 ; 0.00136861 ; -0.0645227 ; -0.0650073 ; 101.252;
5 ; 9 ; 14 ; -0.0747963 ; -0.0445863 ; 0.031681 ; 101.895;
6 ; 9 ; 14 ; 0.0224035 ; 0.0298167 ; -0.00355167 ; 102.94;
7 ; 9 ; 14 ; -0.0836201 ; 0.108161 ; 0.0211 ; 100.675;
8 ; 9 ; 14 ; -0.0738424 ; 0.0729579 ; -0.00114982 ; 101.433;
9 ; 9 ; 14 ; 0.023603 ; 0.0377382 ; 0.0129853 ; 103.26;
10 ; 9 ; 14 ; 0.0142951 ; -0.0701654 ; 0.0457297 ; 100.285;
11 ; 9 ; 14 ; -0.0544611 ; 0.00402997 ; -0.0523123 ; 101.928;
12 ; 9 ; 14 ; -0.05291 ; -0.042039 ; -0.00585511 ; 102.453;
13 ; 9 ; 14 ; -0.0189956 ; -0.0897823 ; -0.0261037 ; 102.6;
14 ; 9 ; 14 ; -0.0123219 ; -0.00998381 ; -0.0589205 ; 101.13;
15 ; 9 ; 14 ; -0.0445418 ; -0.0262201 ; 0.0428703 ; 102.825;
16 ; 9 ; 14 ; -0.0371824 ; -0.0827749 ; 0.0327683 ; 104.302;
17 ; 9 ; 14 ; -0.0395677 ; -0.0768657 ; -0.0335462 ; 103.06;
18 ; 9 ; 14 ; -0.0304781 ; -0.0129813 ; -0.0380983 ; 102.72;
19 ; 9 ; 14 ; -0.00770585 ; 0.0424445 ; 0.0199027 ; 100.32;
20 ; 9 ; 14 ; 0.0036983 ; -0.0519704 ; -0.0380886 ; 100.34;
21 ; 9 ; 14 ; 0.0391936 ; -0.0698627 ; 0.0606809 ; 101.06;
4 ; 10 ; 14 ; -0.0397149 ; -0.0553049 ; 0.0125403 ; 102.345;
5 ; 10 ; 14 ; -0.0813851 ; -0.072488 ; 0.020136 ; 98.225;
6 ; 10 ; 14 ; 0.0370863 ; -0.0370596 ; -0.0231685 ; 100.983;
7 ; 10 ; 14 ; -0.0288846 ; -0.0236501 ; 0.0303347 ; 101.33;
8 ; 10 ; 14 ; 0.0503197 ; -0.0375536 ; -0.0117362 ; 102.575;
9 ; 10 ; 14 ; -0.0606976 ; -0.0200133 ; -0.0238243 ; 101.025;
10 ; 10 ; 14 ; -0.00543693 ; 0.0250208 ; 0.0262653 ; 102.36;
11 ; 10 ; 14 ; 0.00998558 ; -0.0650454 ; -0.083095 ; 100.907;
12 ; 10 ; 14 ; -0.0324605 ; -0.0547511 ; -0.0264999 ; 102.425;
13 ; 10 ; 14 ; 0.0819069 ; 0.00503492 ; 0.041971 ; 102.95;
14 ; 10 ; 14 ; 0.0137595 ; -0.0837347 ; 0.0166791 ; 103.01;
15 ; 10 ; 14 ; 0.0450735 ; 0.00135198 ; 0.0136514 ; 100.968;
16 ; 10 ; 14 ; 0.00765051 ; 0.0104095 ; 0.0568943 ; 100.77;
17 ; 10 ; 14 ; 0.032092 ; -0.0163907 ; 0.0158575 ; 102.455;
18 ; 10 ; 14 ; 0.0424143 ; 0.00339316 ; 0.0615986 ; 102.325;
19 ; 10 ; 14 ; -0.0286931 ; 0.050063 ; -0.0133112 ; 99.1225;
20 ; 10 ; 14 ; 0.0340969 ; -0.0191532 ; -0.0355821 ; 102.165;
21 ; 10 ; 14 ; 0.124971 ; 0.00794604 ; -0.0714457 ; 101.323;
4 ; 11 ; 14 ; -0.0208855 ; 0.0450328 ; -0.00156707 ; 101.725;
5 ; 11 ; 14 ; -0.107522 ; -0.00103899 ; 0.0413092 ; 100.442;
6 ; 11 ; 14 ; -0.0353611 ; -0.0228605 ; -0.038984 ; 102.838;
7 ; 11 ; 14 ; -0.0022579 ; 0.00607825 ; -0.00792069 ; 103.067;
8 ; 11 ; 14 ; -0.0189707 ; 0.0207818 ; 0.055787 ; 100.607;
9 ; 11 ; 14 ; -0.0591503 ; 0.0190323 ; 0.0320912 ; 103.332;
10 ; 11 ; 14 ; -0.0943585 ; -0.0325557 ; 0.0709145 ; 102.513;
11 ; 11 ; 14 ; 0.0334735 ; 0.0361616 ; -0.0498912 ; 101.552;
12 ; 11 ; 14 ; -0.0746693 ; -0.0510951 ; -0.094944 ; 102.085;
13 ; 11 ; 14 ; -0.0122334 ; -0.0214386 ; -0.123145 ; 99.94;
14 ; 11 ; 14 ; 0.0644584 ; 0.00249789 ; -0.0366073 ; 99.89;
15 ; 11 ; 14 ; 0.0406091 ; -0.0431181 ; 0.064188 ; 102.858;
16 ; 11 ; 14 ; 0.0102563 ; -0.00877599 ; -0.0300818 ; 103.292;
17 ; 11 ; 14 ; -0.0171574 ; -0.00708217 ; 0.0459161 ; 101.43;
18 ; 11 ; 14 ; 0.0233312 ; -0.0428735 ; 0.00717867 ; 102.303;
19 ; 11 ; 14 ; 0.0576737 ; 0.0209671 ; 0.0268007 ; 102.938;
20 ; 11 ; 14 ; -0.037332 ; -0.0350839 ; -0.00489481 ; 104.023;
21 ; 11 ; 14 ; -0.0047909 ; -0.0758695 ; 0.00104078 ; 100.647;
4 ; 12 ; 14 ; 0.074844 ; -0.00575572 ; -0.00519914 ; 102.607;
5 ; 12 ; 14 ; 0.020057 ; 0.018584 ; -0.00173787 ; 101.26;
6 ; 12 ; 14 ; 0.0265745 ; 0.0074289 ; -0.0158405 ; 100.502;
7 ; 12 ; 14 ; 0.0329985 ; -0.122523 ; -0.0298412 ; 103.985;
8 ; 12 ; 14 ; 0.00138265 ; -0.0737558 ; -0.0327493 ; 101.797;
9 ; 12 ; 14 ; 0.00105145 ; 0.0544928 ; -0.00707458 ; 102.88;
10 ; 12 ; 14 ; 0.0574127 ; -0.0826284 ; -0.0719986 ; 101.91;
11 ; 12 ; 14 ; -0.049933 ; -0.0749859 ; 0.0390598 ; 101.503;
12 ; 12 ; 14 ; -0.0268306 ; 0.0619445 ; 0.0215384 ; 101.987;
13 ; 12 ; 14 ; 0.073788 ; -0.014811 ; -0.0295618 ; 100.89;
14 ; 12 ; 14 ; 0.0187502 ; 0.0455846 ; 0.0510745 ; 101.265;
15 ; 12 ; 14 ; -0.00302921 ; -0.0575353 ; -0.00908036 ; 104.412;
16 ; 12 ; 14 ; -0.051972 ; 0.0482454 ; -0.0678757 ; 101.64;
17 ; 12 ; 14 ; -0.010906 ; 0.0646002 ; 0.00402213 ; 101.897;
18 ; 12 ; 14 ; 0.0480047 ; -0.0347336 ; 0.00879183 ; 102.252;
19 ; 12 ; 14 ; 0.020399 ; -0.0496792 ; 0.00241014 ; 99.6075;
20 ; 12 ; 14 ; 0.0157506 ; 0.0718045 ; 0.00326466 ; 102.695;
21 ; 12 ; 14 ; 0.0521736 ; -0.0457456 ; -0.01661 ; 103.013;
4 ; 13 ; 14 ; 0.00780338 ; 0.00890654 ; -0.0539514 ; 103.548;
5 ; 13 ; 14 ; 8.70558e-05 ; 0.0167046 ; -0.0835564 ; 103.442;
6 ; 13 ; 14 ; -0.0337815 ; -0.056402 ; 0.0159869 ; 100.425;
7 ; 13 ; 14 ; 0.0466208 ; -0.0122463 ; -0.0249869 ; 101.172;
8 ; 13 ; 14 ; 0.00347865 ; -0.0513445 ; -0.0251946 ; 102.643;
9 ; 13 ; 14 ; -0.0245256 ; -0.0221053 ; -0.0933769 ; 99.6075;
10 ; 13 ; 14 ; 0.000966055 ; -0.00458536 ; -0.0715221 ; 101.81;
11 ; 13 ; 14 ; 0.0653933 ; 0.0301326 ; -0.0182805 ; 102.653;
12 ; 13 ; 14 ; 0.031856 ; 0.0807594 ; -0.0412352 ; 102.333;
13 ; 13 ; 14 ; 0.0105256 ; -0.00919202 ; 0.0142967 ; 103.985;
14 ; 13 ; 14 ; 0.0793061 ; 0.0510308 ; -0.013932 ; 102.032;
15 ; 13 ; 14 ; -0.0402601 ; 0.101565 ; 0.0134239 ; 101.927;
16 ; 13 ; 14 ; -0.0761851 ; 0.0290367 ; 0.00934653 ; 100.273;
17 ; 13 ; 14 ; 0.0842593 ; -0.004106 ; -0.0302377 ; 102.022;
18 ; 13 ; 14 ; 0.00698079 ; 0.000504992 ; 0.0399252 ; 103.287;
19 ; 13 ; 14 ; -0.0335051 ; 0.0205931 ; 0.0186699 ; 99.285;
20 ; 13 ; 14 ; 0.0189119 ; 0.0514203 ; -0.00301877 ; 101.278;
21 ; 13 ; 14 ; 0.0919022 ; 0.0973692 ; -0.0566905 ; 101.53;
4 ; 14 ; 14 ; 0.00323381 ; -0.00828669 ; -0.0525725 ; 100.992;
5 ; 14 ; 14 ; 0.0083278 ; -0.00549719 ; -0.0766421 ; 101.985;
6 ; 14 ; 14 ; 0.0380498 ; 0.00922289 ; -0.0127116 ; 100.982;
7 ; 14 ; 14 ; -0.0151373 ; -0.00752182 ; -0.0105604 ; 100.515;
8 ; 14 ; 14 ; -0.065702 ; 0.036015 ; 0.0318627 ; 103.26;
9 ; 14 ; 14 ; 0.0502702 ; 0.0165969 ; -0.0150009 ; 101.07;
10 ; 14 ; 14 ; -0.089432 ; 0.0193399 ; 0.0334849 ; 103.395;
11 ; 14 ; 14 ; -0.0116071 ; -0.0228276 ; 0.0178366 ; 101.553;
12 ; 14 ; 14 ; 0.0559458 ; 0.0542436 ; -0.0237171 ; 102.485;
13 ; 14 ; 14 ; 0.0258877 ; 0.0425428 ; -0.00308694 ; 103.963;
14 ; 14 ; 14 ; 0.00198491 ; 0.105307 ; 0.0621576 ; 100.75;
15 ; 14 ; 14 ; 0.0465099 ; -0.00652132 ; -0.0305362 ; 101.965;
16 ; 14 ; 14 ; 0.0746097 ; 0.074905 ; -0.0229916 ; 102.433;
17 ; 14 ; 14 ; 0.0987735 ; 0.0683128 ; -0.0390001 ; 100.062;
18 ; 14 ; 14 ; 0.0547302 ; 0.0371906 ; -0.0274238 ; 102.523;
19 ; 14 ; 14 ; 0.0195824 ; -0.00489237 ; 0.00836355 ; 102.543;
20 ; 14 ; 14 ; -0.0226726 ; 0.022684 ; 0.0622006 ; 101.67;
21 ; 14 ; 14 ; 0.044625 ; 0.0437666 ; -0.0228766 ; 102.305;
4 ; 15 ; 14 ; -0.0252237 ; -0.0594328 ; -0.000719576 ; 102.627;
5 ; 15 ; 14 ; 0.0200199 ; -0.0701863 ; -0.0775406 ; 102.82;
6 ; 15 ; 14 ; -0.012069 ; 0.114195 ; -0.0501588 ; 103.115;
7 ; 15 ; 14 ; -0.0387223 ; 0.0383583 ; 0.00166323 ; 101.597;
8 ; 15 ; 14 ; -0.00237147 ; -0.10114 ; 0.0243353 ; 101.94;
9 ; 15 ; 14 ; -0.0548897 ; 0.00890964 ; -0.0259131 ; 101.395;
10 ; 15 ; 14 ; 0.0250805 ; -0.00795549 ; -0.00826698 ; 101.998;
11 ; 15 ; 14 ; 0.0405692 ; -0.0190094 ; -0.0561966 ; 100.513;
12 ; 15 ; 14 ; 0.0608861 ; -0.00714163 ; 0.00445184 ; 100.963;
13 ; 15 ; 14 ; 3.39571e-05 ; 0.0266316 ; -0.0701284 ; 101.325;
14 ; 15 ; 14 ; 0.0152061 ; -0.0341716 ; 0.048472 ; 101.647;
15 ; 15 ; 14 ; 0.0247374 ; 0.0177783 ; -0.00223823 ; 103.077;
16 ; 15 ; 14 ; 0.00761664 ; 0.0215707 ; 0.0219168 ; 102.677;
17 ; 15 ; 14 ; 0.00711008 ; -0.0237466 ; -0.0176417 ; 102.01;
18 ; 15 ; 14 ; 0.0105492 ; 0.0194387 ; -0.0518588 ; 102.912;
19 ; 15 ; 14 ; 0.0272007 ; -0.0309312 ; 0.0174038 ; 101.31;
20 ; 15 ; 14 ; 0.0398303 ; -0.0417893 ; -0.0377904 ; 102.593;
21 ; 15 ; 14 ; 0.0234727 ; -0.059485 ; 0.0047689 ; 101.805;
4 ; 16 ; 14 ; -0.0381706 ; 0.0287439 ; 0.00554219 ; 101.132;
5 ; 16 ; 14 ; 0.00305662 ; -0.0129477 ; 0.13696 ; 99.85;
6 ; 16 ; 14 ; -0.0652785 ; 0.0325678 ; -0.0432937 ; 101.572;
7 ; 16 ; 14 ; 0.0739254 ; -0.0423887 ; -0.00536954 ; 100.455;
8 ; 16 ; 14 ; 0.0783595 ; 0.0161508 ; 0.0330735 ; 100.68;
9 ; 16 ; 14 ; -0.0136199 ; -0.0360034 ; 0.0185406 ; 101.955;
10 ; 16 ; 14 ; 0.0238648 ; -0.00463021 ; -0.0147202 ; 99.85;
11 ; 16 ; 14 ; -0.00911459 ; 0.0409052 ; -0.0254443 ; 101.582;
12 ; 16 ; 14 ; 0.00260318 ; 0.0101815 ; -0.00871219 ; 101.155;
13 ; 16 ; 14 ; -0.00254523 ; 0.03751 ; -0.0127296 ; 100.288;
14 ; 16 ; 14 ; -0.00689113 ; -0.0178036 ; 0.00707591 ; 98.785;
15 ; 16 ; 14 ; 0.0385542 ; -0.132893 ; 0.0903272 ; 101.162;
16 ; 16 ; 14 ; -0.050075 ; -0.0222084 ; -0.0276733 ; 102.922;
17 ; 16 ; 14 ; -0.0615239 ; -0.0179185 ; -0.0337797 ; 102.328;
18 ; 16 ; 14 ; -0.0505288 ; 0.00635632 ; -0.0635447 ; 102.185;
19 ; 16 ; 14 ; -0.0162221 ; 0.0264978 ; 0.0132577 ; 103.918;
20 ; 16 ; 14 ; 0.0436746 ; -0.0169167 ; 0.00219752 ; 101.205;
21 ; 16 ; 14 ; 0.00785811 ; 0.0243007 ; -0.0652037 ; 100.9;
4 ; 17 ; 14 ; -0.0464574 ; -0.0631554 ; 0.0698588 ; 101.903;
5 ; 17 ; 14 ; -0.0111968 ; -0.0305196 ; -0.0458097 ; 103.56;
6 ; 17 ; 14 ; -0.0329873 ; 0.0167089 ; -0.0696491 ; 99.0975;
7 ; 17 ; 14 ; 0.0518683 ; -0.0225243 ; -0.000912113 ; 104.49;
8 ; 17 ; 14 ; 0.0673438 ; -0.00555274 ; 0.0213812 ; 101.13;
9 ; 17 ; 14 ; 0.0507334 ; -0.0225618 ; -0.012594 ; 101.565;
10 ; 17 ; 14 ; -0.00916868 ; 0.023393 ; 0.0310436 ; 102.287;
11 ; 17 ; 14 ; 0.0191771 ; 0.0338479 ; -0.0284158 ; 99.8575;
12 ; 17 ; 14 ; 0.0640349 ; 0.0317996 ; -0.0204408 ; 102.943;
13 ; 17 ; 14 ; 0.0462402 ; -0.0241434 ; -0.0782021 ; 100.755;
14 ; 17 ; 14 ; 0.0429885 ; -0.0680029 ; 0.0251635 ; 101.412;
15 ; 17 ; 14 ; -0.029687 ; -0.0215133 ; 0.0142702 ; 102.773;
16 ; 17 ; 14 ; -0.0847702 ; -0.0377804 ; 0.0188568 ; 98.81;
17 ; 17 ; 14 ; 0.0193805 ; -0.00629916 ; -0.0249855 ; 99.1425;
18 ; 17 ; 14 ; 0.0128139 ; 0.032709 ; -0.00960302 ; 100.977;
19 ; 17 ; 14 ; -0.028442 ; 0.0424355 ; -0.0136659 ; 101.895;
20 ; 17 ; 14 ; -0.0398403 ; -0.00539606 ; -0.038647 ; 103.985;
21 ; 17 ; 14 ; 0.0608151 ; 0.00759826 ; 0.018968 ; 100.575;
4 ; 18 ; 14 ; 0.0365873 ; -0.0380502 ; -0.0110431 ; 101.892;
5 ; 18 ; 14 ; -0.0078462 ; 0.0659376 ; 0.0874461 ; 99.655;
6 ; 18 ; 14 ; -0.0173823 ; 0.0316063 ; -0.0667243 ; 102.478;
7 ; 18 ; 14 ; -0.0121889 ; -0.0251994 ; -0.0224362 ; 99.9025;
8 ; 18 ; 14 ; 0.0687092 ; -0.0159677 ; 0.032762 ; 102.293;
9 ; 18 ; 14 ; -0.0483271 ; 0.0197896 ; -0.00391623 ; 103.103;
10 ; 18 ; 14 ; -0.00114328 ; -0.0422013 ; 0.0631272 ; 101.017;
11 ; 18 ; 14 ; 0.0128016 ; -0.0255003 ; -0.0584287 ; 101.132;
12 ; 18 ; 14 ; 0.00479918 ; -0.0236483 ; 0.0128283 ; 100.765;
13 ; 18 ; 14 ; -0.0598082 ; 0.0289341 ; -0.0576468 ; 102.792;
14 ; 18 ; 14 ; 0.00898367 ; -0.0235354 ; 0.0176252 ; 100.835;
15 ; 18 ; 14 ; -0.0152221 ; -0.0166878 ; -0.0442548 ; 99.505;
16 ; 18 ; 14 ; -0.0053577 ; 0.0588473 ; 0.0268725 ; 101.45;
17 ; 18 ; 14 ; -0.0597022 ; -0.00547135 ; -0.00883316 ; 102.805;
18 ; 18 ; 14 ; 0.00281338 ; -0.0257687 ; -0.040524 ; 102.385;
19 ; 18 ; 14 ; 0.0335429 ; -0.0226747 ; -0.0447355 ; 100.303;
20 ; 18 ; 14 ; -0.00571506 ; -0.0014763 ; -0.0420906 ; 100.095;
21 ; 18 ; 14 ; -0.0109042 ; 0.0288469 ; 0.0103406 ; 103.345;
4 ; 19 ; 14 ; -0.0611737 ; 0.00710322 ; -0.0038718 ; 100.203;
5 ; 19 ; 14 ; 0.0399498 ; 0.00731741 ; -0.0304166 ; 102.307;
6 ; 19 ; 14 ; -0.050972 ; 0.022999 ; -0.0706711 ; 100.78;
7 ; 19 ; 14 ; 0.0194017 ; 0.0232023 ; -0.101721 ; 103.337;
8 ; 19 ; 14 ; 0.0568321 ; -0.0180659 ; -0.0260752 ; 101.28;
9 ; 19 ; 14 ; 0.0503971 ; 0.0101719 ; 0.0340951 ; 102.03;
10 ; 19 ; 14 ; 0.00806423 ; 0.0192018 ; -0.013914 ; 102.405;
11 ; 19 ; 14 ; -0.00387617 ; 0.0474871 ; 0.0182389 ; 102.312;
12 ; 19 ; 14 ; 0.0533008 ; -0.0649427 ; 0.0416074 ; 102.007;
13 ; 19 ; 14 ; -0.018735 ; -0.0158536 ; -0.0263708 ; 100.465;
14 ; 19 ; 14 ; -0.0261141 ; -0.0316602 ; -0.0141805 ; 99.135;
15 ; 19 ; 14 ; -0.0365714 ; -0.0520349 ; -0.00337476 ; 101.95;
16 ; 19 ; 14 ; -0.00851331 ; -0.0553408 ; 0.035472 ; 103.423;
17 ; 19 ; 14 ; 0.0215969 ; 0.0377865 ; -0.0365372 ; 102.85;
18 ; 19 ; 14 ; 0.0222603 ; -0.0519874 ; -0.066359 ; 101.18;
19 ; 19 ; 14 ; 0.00433219 ; 0.0276697 ; 0.0192491 ; 103.547;
20 ; 19 ; 14 ; 0.0487511 ; -0.0347442 ; -0.00570398 ; 103.543;
21 ; 19 ; 14 ; 0.0825572 ; -0.0108367 ; -0.0110514 ; 101.21;
4 ; 20 ; 14 ; -0.0184239 ; 0.0129618 ; -0.0442872 ; 101.37;
5 ; 20 ; 14 ; -0.0332056 ; -0.0074539 ; -0.00973369 ; 101.833;
6 ; 20 ; 14 ; 0.017683 ; 0.0133006 ; 0.00353276 ; 101.905;
7 ; 20 ; 14 ; -0.00296325 ; 0.0224416 ; -0.0266278 ; 102.955;
8 ; 20 ; 14 ; 0.0209017 ; -0.0296795 ; 0.00544815 ; 101.45;
9 ; 20 ; 14 ; -0.0263093 ; -0.0328036 ; 0.0468373 ; 101.623;
10 ; 20 ; 14 ; -0.00553582 ; 0.0383786 ; 0.0487065 ; 103.275;
11 ; 20 ; 14 ; 0.0706259 ; -0.0284672 ; 0.0782278 ; 100.942;
12 ; 20 ; 14 ; -0.0361125 ; -0.0157527 ; -0.0215996 ; 102.073;
13 ; 20 ; 14 ; -0.0157236 ; -0.0156054 ; 0.0529902 ; 100.598;
14 ; 20 ; 14 ; 0.0530566 ; 0.0409432 ; -0.00153876 ; 103.2;
15 ; 20 ; 14 ; 0.0531379 ; -0.0468917 ; 0.00869192 ; 102.06;
16 ; 20 ; 14 ; 0.0687112 ; -0.0781352 ; 0.00407455 ; 100.415;
17 ; 20 ; 14 ; -0.0250359 ; 0.0738654 ; -0.00325203 ; 101.26;
18 ; 20 ; 14 ; 0.0301945 ; -0.00703298 ; 0.00410907 ; 103.625;
19 ; 20 ; 14 ; 0.0794751 ; 0.0187258 ; 0.0135013 ; 101.3;
20 ; 20 ; 14 ; -0.0200824 ; 0.00996093 ; 0.0390698 ; 103.57;
21 ; 20 ; 14 ; -0.030632 ; -0.0661752 ; 0.00213083 ; 99.865;
4 ; 21 ; 14 ; 0.0793292 ; -0.0204954 ; 1.01722e-05 ; 101.105;
5 ; 21 ; 14 ; 0.0229599 ; -0.0607776 ; -0.0261848 ; 101.605;
6 ; 21 ; 14 ; 0.0160577 ; -0.0478735 ; 0.0103665 ; 98.63;
7 ; 21 ; 14 ; 0.00602049 ; -0.0450497 ; 0.0480443 ; 103.373;
8 ; 21 ; 14 ; 0.00794056 ; -0.0772492 ; -0.00415641 ; 103.625;
9 ; 21 ; 14 ; -0.0144035 ; -0.0222574 ; 0.0609133 ; 100.955;
10 ; 21 ; 14 ; 0.0266814 ; 0.0347744 ; -0.00664903 ; 100.983;
11 ; 21 ; 14 ; -0.0183527 ; 0.0532292 ; 0.0221015 ; 100.708;
12 ; 21 ; 14 ; -0.0220076 ; -0.0179754 ; 0.00926941 ; 102.803;
13 ; 21 ; 14 ; -0.0543736 ; 0.0759778 ; 0.0838183 ; 100.793;
14 ; 21 ; 14 ; -0.0478827 ; 0.0586187 ; -0.00639665 ; 99.7125;
15 ; 21 ; 14 ; 0.0133032 ; 0.0331807 ; 0.0441735 ; 104.237;
16 ; 21 ; 14 ; -0.0436117 ; -0.0306498 ; -5.32992e-05 ; 100.23;
17 ; 21 ; 14 ; -0.0337863 ; 0.0107307 ; -0.0550091 ; 103.725;
18 ; 21 ; 14 ; -0.0338412 ; -0.00407077 ; -0.00975458 ; 100.005;
19 ; 21 ; 14 ; -0.0121442 ; 0.0267887 ; 0.00977872 ; 102.393;
20 ; 21 ; 14 ; -0.0126745 ; -0.024379 ; 0.0297094 ; 101.895;
21 ; 21 ; 14 ; 0.0133792 ; -0.00949335 ; 0.0249863 ; 102.245;
4 ; 4 ; 15 ; 0.0563636 ; -0.0196096 ; -0.052332 ; 102.812;
5 ; 4 ; 15 ; -0.0145236 ; 0.0397874 ; 0.0128141 ; 102.255;
6 ; 4 ; 15 ; 0.00652497 ; 0.0176119 ; 0.0233601 ; 102.505;
7 ; 4 ; 15 ; 0.0101546 ; 0.00111194 ; -0.00377783 ; 102.062;
8 ; 4 ; 15 ; 0.0928289 ; -0.0101984 ; 0.0863814 ; 100.25;
9 ; 4 ; 15 ; -0.00997865 ; 0.00849109 ; -0.00671425 ; 102.442;
10 ; 4 ; 15 ; 0.0722946 ; 0.078945 ; -0.0267628 ; 103.03;
11 ; 4 ; 15 ; -0.0232609 ; 0.0142411 ; 0.00897997 ; 100.657;
12 ; 4 ; 15 ; -0.00422718 ; 0.0382235 ; -0.0304316 ; 102.485;
13 ; 4 ; 15 ; -0.00186702 ; -0.0253027 ; -0.0274407 ; 99.435;
14 ; 4 ; 15 ; 0.0569309 ; 0.010034 ; -0.073777 ; 102.275;
15 ; 4 ; 15 ; -0.091705 ; 0.0340415 ; 0.0157277 ; 101.835;
16 ; 4 ; 15 ; -0.0722573 ; -0.0387168 ; 0.0125964 ; 101.263;
17 ; 4 ; 15 ; -0.08664 ; 0.00752692 ; -0.000444991 ; 99.2425;
18 ; 4 ; 15 ; 0.0418622 ; -0.0797899 ; -0.0816452 ; 102.337;
19 ; 4 ; 15 ; 0.0228014 ; -0.0231007 ; 0.056282 ; 102.448;
20 ; 4 ; 15 ; -0.00753257 ; 0.0227388 ; -0.0406288 ; 101.775;
21 ; 4 ; 15 ; 0.0596538 ; -0.027793 ; -0.00261149 ; 102.32;
4 ; 5 ; 15 ; -0.0330619 ; 0.00149305 ; -0.0167972 ; 101.832;
5 ; 5 ; 15 ; -0.0448404 ; 0.0547416 ; 0.00697155 ; 102.102;
6 ; 5 ; 15 ; 0.0117873 ; 0.0481324 ; -0.0242571 ; 98.165;
7 ; 5 ; 15 ; 0.0307712 ; -0.0396365 ; 0.0569423 ; 102.27;
8 ; 5 ; 15 ; 0.0396369 ; 0.005549 ; -0.0216865 ; 103.017;
9 ; 5 ; 15 ; 0.0212406 ; 0.0232101 ; -0.0239145 ; 102.295;
10 ; 5 ; 15 ; -0.00659225 ; -0.0107282 ; 0.0386149 ; 102.23;
11 ; 5 ; 15 ; 0.0294835 ; 0.0200345 ; -0.0325536 ; 102.998;
12 ; 5 ; 15 ; 0.029266 ; 0.0652888 ; -0.00951013 ; 100.297;
13 ; 5 ; 15 ; 0.0426004 ; -0.0707053 ; -0.0491056 ; 102.597;
14 ; 5 ; 15 ; 0.00199117 ; 0.0462989 ; 0.0214741 ; 100.707;
15 ; 5 ; 15 ; 0.0551307 ; 0.0328998 ; 0.0485757 ; 99.805;
16 ; 5 ; 15 ; -0.0452839 ; 0.0409333 ; -0.0231181 ; 101.703;
17 ; 5 ; 15 ; -0.0396026 ; 0.0112434 ; -0.0347299 ; 103.202;
18 ; 5 ; 15 ; -0.0611486 ; -0.0339297 ; -0.116217 ; 100.347;
19 ; 5 ; 15 ; 0.0168594 ; 0.0455884 ; -0.053348 ; 100.568;
20 ; 5 ; 15 ; 0.0345758 ; 0.0497059 ; -0.01599 ; 103.02;
21 ; 5 ; 15 ; -0.0235968 ; -0.00278189 ; 0.03117 ; 99.805;
4 ; 6 ; 15 ; 0.0377322 ; -0.0332333 ; 0.0115017 ; 101.232;
5 ; 6 ; 15 ; -0.014496 ; -0.00934483 ; 0.0472357 ; 103.107;
6 ; 6 ; 15 ; -0.0746701 ; 0.0568665 ; 0.0332427 ; 102.143;
7 ; 6 ; 15 ; -0.143129 ; -0.0521943 ; -0.0170037 ; 101.898;
8 ; 6 ; 15 ; 0.00213309 ; -0.12637 ; 0.0477853 ; 100.188;
9 ; 6 ; 15 ; 0.0538309 ; 0.0116846 ; -0.00409627 ; 102.66;
10 ; 6 ; 15 ; 0.00736944 ; 0.00652178 ; 0.010268 ; 98.82;
11 ; 6 ; 15 ; 0.0652563 ; -0.0382344 ; 0.0200978 ; 101.912;
12 ; 6 ; 15 ; -0.0136849 ; 0.0479416 ; 0.0337937 ; 102.102;
13 ; 6 ; 15 ; 0.00117666 ; -0.0295075 ; -0.0402181 ; 102.897;
14 ; 6 ; 15 ; 0.0601052 ; 0.0750585 ; -0.0210243 ; 100.065;
15 ; 6 ; 15 ; 0.0253063 ; -0.0100055 ; 0.0846978 ; 101.608;
16 ; 6 ; 15 ; -0.0567911 ; 0.0854076 ; 0.0549605 ; 100.312;
17 ; 6 ; 15 ; 0.00662799 ; -0.0255863 ; -0.0124343 ; 103.06;
18 ; 6 ; 15 ; -0.0101506 ; -0.0245312 ; -0.0137314 ; 102.198;
19 ; 6 ; 15 ; 0.00685579 ; 0.0109182 ; -0.00307137 ; 104.18;
20 ; 6 ; 15 ; -0.0274228 ; 0.00735007 ; -0.0202656 ; 100.02;
21 ; 6 ; 15 ; 0.0947407 ; 0.00282568 ; 0.0118745 ; 102.785;
4 ; 7 ; 15 ; -0.0437869 ; 0.0440643 ; -0.0563582 ; 102.543;
5 ; 7 ; 15 ; -0.0261089 ; 0.0684207 ; -0.0973175 ; 101.85;
6 ; 7 ; 15 ; 0.00140772 ; -0.0299096 ; 0.0738648 ; 100.66;
7 ; 7 ; 15 ; 0.0800035 ; 0.00172187 ; -0.0241035 ; 101.718;
8 ; 7 ; 15 ; 0.0639066 ; -0.0628327 ; -0.00631212 ; 102.847;
9 ; 7 ; 15 ; -0.0563886 ; -0.0132901 ; -0.0588945 ; 102.395;
10 ; 7 ; 15 ; 0.0158836 ; 0.0185968 ; -0.00556178 ; 101.99;
11 ; 7 ; 15 ; -0.0747914 ; -0.0309409 ; -0.0168226 ; 100.55;
12 ; 7 ; 15 ; 0.0400709 ; 0.0667673 ; 0.0595376 ; 103.92;
13 ; 7 ; 15 ; -0.00410944 ; 0.0675002 ; -0.0591017 ; 100.44;
14 ; 7 ; 15 ; 0.0186508 ; -0.00254884 ; 0.00294491 ; 99.215;
15 ; 7 ; 15 ; -0.0501557 ; -0.0237578 ; 0.0034465 ; 104.168;
16 ; 7 ; 15 ; -0.0194886 ; -0.024829 ; -0.0435167 ; 103.088;
17 ; 7 ; 15 ; -0.0355477 ; 0.0659843 ; -0.0223764 ; 103.39;
18 ; 7 ; 15 ; 0.0641037 ; -0.0529623 ; -0.0201922 ; 102.397;
19 ; 7 ; 15 ; -0.0555073 ; -0.00152004 ; 0.0597652 ; 101.925;
20 ; 7 ; 15 ; 0.0167496 ; -0.0286045 ; -0.0335993 ; 100.54;
21 ; 7 ; 15 ; -0.0397781 ; -0.0239536 ; -0.0263342 ; 102.665;
4 ; 8 ; 15 ; 0.0254123 ; 0.123661 ; 0.00991594 ; 101.395;
5 ; 8 ; 15 ; 0.0145763 ; 0.00434793 ; 0.0166953 ; 101.202;
6 ; 8 ; 15 ; -0.00799636 ; -0.0144253 ; -0.0342012 ; 101.345;
7 ; 8 ; 15 ; 0.0253508 ; -0.0181496 ; -0.0541216 ; 101.075;
8 ; 8 ; 15 ; 0.0389495 ; -0.0725497 ; -0.0188091 ; 102.68;
9 ; 8 ; 15 ; -0.0190631 ; 0.0274737 ; 0.0262195 ; 100.928;
10 ; 8 ; 15 ; -0.0314119 ; -0.114199 ; -0.00245899 ; 102.882;
11 ; 8 ; 15 ; -0.0399179 ; -0.0341527 ; 0.0513292 ; 101.765;
12 ; 8 ; 15 ; 0.0396764 ; -0.042769 ; -0.00436015 ; 103.165;
13 ; 8 ; 15 ; 0.0430292 ; -0.0134312 ; -0.0242952 ; 102.268;
14 ; 8 ; 15 ; 0.0230257 ; 0.00340687 ; -0.0463837 ; 101.24;
15 ; 8 ; 15 ; 0.0158369 ; -0.000163211 ; -0.0198413 ; 100.352;
16 ; 8 ; 15 ; -0.00745624 ; -0.0391228 ; -0.0018828 ; 102.615;
17 ; 8 ; 15 ; 0.00884542 ; 0.0925192 ; 0.0184469 ; 100.6;
18 ; 8 ; 15 ; 0.0470557 ; -0.0106948 ; -0.0502677 ; 104.165;
19 ; 8 ; 15 ; 0.0108969 ; -0.0236182 ; 0.0212101 ; 101.958;
20 ; 8 ; 15 ; 0.0282956 ; -0.00473473 ; -0.0189966 ; 102.693;
21 ; 8 ; 15 ; 0.0368352 ; -0.0755632 ; 0.0227108 ; 99.765;
4 ; 9 ; 15 ; -0.0551722 ; -0.0242028 ; 0.0214695 ; 100.64;
5 ; 9 ; 15 ; -0.00606661 ; -0.00937891 ; -0.0178131 ; 103.375;
6 ; 9 ; 15 ; -0.0124762 ; -0.0355578 ; 0.00918097 ; 102;
7 ; 9 ; 15 ; -0.0259534 ; -0.0364181 ; -0.0230716 ; 100.688;
8 ; 9 ; 15 ; -0.0330208 ; 0.014928 ; -0.0789576 ; 104.035;
9 ; 9 ; 15 ; 0.020441 ; 0.0440634 ; -0.00796958 ; 100.293;
10 ; 9 ; 15 ; 0.0536599 ; -0.00762396 ; 0.0557776 ; 99.8275;
11 ; 9 ; 15 ; 0.0547018 ; -0.00759817 ; 0.00397066 ; 103.725;
12 ; 9 ; 15 ; 0.0391126 ; -0.0751674 ; 0.0663076 ; 102.662;
13 ; 9 ; 15 ; 0.0301108 ; 0.00140683 ; -0.0386844 ; 105.7;
14 ; 9 ; 15 ; 0.0643652 ; -0.0134879 ; -0.0258174 ; 103.138;
15 ; 9 ; 15 ; 0.0500722 ; -0.0429695 ; 0.0301821 ; 99.0225;
16 ; 9 ; 15 ; 2.11796e-05 ; -0.0545256 ; 0.0551681 ; 103.08;
17 ; 9 ; 15 ; -0.0579141 ; -0.0296525 ; 0.0182633 ; 101.035;
18 ; 9 ; 15 ; -0.0100728 ; 0.00517795 ; 0.0184802 ; 102.615;
19 ; 9 ; 15 ; -0.0030043 ; -0.00534649 ; -0.00211515 ; 102.323;
20 ; 9 ; 15 ; -0.0217491 ; 0.010944 ; -0.0389322 ; 99.8175;
21 ; 9 ; 15 ; 0.0619934 ; -0.0280697 ; 0.112301 ; 102.147;
4 ; 10 ; 15 ; 0.00920996 ; -0.0431413 ; 0.0215294 ; 101.412;
5 ; 10 ; 15 ; 0.00206904 ; 0.00119982 ; 0.0559983 ; 101.743;
6 ; 10 ; 15 ; -0.0499038 ; 0.0324753 ; 0.0215314 ; 101.037;
7 ; 10 ; 15 ; -0.019108 ; -0.0547023 ; -0.0432806 ; 105.005;
8 ; 10 ; 15 ; -0.0384563 ; -0.0817656 ; -0.0105048 ; 100.99;
9 ; 10 ; 15 ; -0.0454928 ; 0.0105519 ; 0.0153096 ; 100.48;
10 ; 10 ; 15 ; -0.00164975 ; -0.00934167 ; -0.0124537 ; 102.297;
11 ; 10 ; 15 ; -0.0552796 ; -0.00462491 ; 0.0519476 ; 101.84;
12 ; 10 ; 15 ; -0.0222067 ; -0.0702354 ; -0.0398359 ; 102.945;
13 ; 10 ; 15 ; 0.0381449 ; 0.0326194 ; -0.0241935 ; 100.817;
14 ; 10 ; 15 ; 0.0228289 ; 0.055738 ; -0.0259485 ; 102.93;
15 ; 10 ; 15 ; -0.0385124 ; -0.0141478 ; -0.0367026 ; 103.547;
16 ; 10 ; 15 ; -0.00424839 ; -0.0908931 ; -0.0508035 ; 100.672;
17 ; 10 ; 15 ; 0.026699 ; -0.0491476 ; -0.0411063 ; 102.032;
18 ; 10 ; 15 ; 0.053298 ; 0.0428329 ; 0.0546646 ; 102.918;
19 ; 10 ; 15 ; 0.0690666 ; 0.038638 ; 0.00912 ; 103.215;
20 ; 10 ; 15 ; 0.0353922 ; 0.0732457 ; -0.0598941 ; 100.718;
21 ; 10 ; 15 ; -0.0403966 ; -0.0706296 ; 0.00579509 ; 101.47;
4 ; 11 ; 15 ; -0.00972746 ; -0.041005 ; 0.0207479 ; 101.765;
5 ; 11 ; 15 ; -0.0218575 ; 0.0103882 ; 0.0944415 ; 102.952;
6 ; 11 ; 15 ; -0.060476 ; 0.0110881 ; -0.00607432 ; 101.448;
7 ; 11 ; 15 ; -0.0381271 ; 0.0256615 ; -0.0202607 ; 102.907;
8 ; 11 ; 15 ; -0.0447108 ; -0.0210591 ; 0.0160194 ; 101.885;
9 ; 11 ; 15 ; -0.0200118 ; -0.0421847 ; -0.0400823 ; 98.975;
10 ; 11 ; 15 ; 0.0145905 ; -0.00294116 ; 0.0577035 ; 102.25;
11 ; 11 ; 15 ; -0.0306421 ; -0.0324004 ; 0.0100307 ; 103.168;
12 ; 11 ; 15 ; 0.0248492 ; -0.0100874 ; 0.0169799 ; 102.417;
13 ; 11 ; 15 ; -0.0202558 ; -0.0101392 ; 0.014848 ; 103.195;
14 ; 11 ; 15 ; 0.0584835 ; -0.0818316 ; -0.0282205 ; 103.1;
15 ; 11 ; 15 ; -0.0774202 ; 0.038404 ; -0.0509067 ; 100.117;
16 ; 11 ; 15 ; -0.0312656 ; 0.00777114 ; -0.0297433 ; 103.332;
17 ; 11 ; 15 ; -0.0352568 ; 0.0163694 ; 0.00590548 ; 101.838;
18 ; 11 ; 15 ; 0.0640956 ; -0.00493358 ; 0.0262601 ; 102.407;
19 ; 11 ; 15 ; 0.0489673 ; -0.0105931 ; 0.0505626 ; 102.943;
20 ; 11 ; 15 ; 0.013942 ; 0.0243371 ; -0.0262255 ; 102.012;
21 ; 11 ; 15 ; -0.00144578 ; 0.014089 ; -0.0113237 ; 101.02;
4 ; 12 ; 15 ; 0.0372604 ; -0.0885031 ; -0.051882 ; 105.5;
5 ; 12 ; 15 ; -0.0224582 ; 0.0297642 ; 0.0442411 ; 100.78;
6 ; 12 ; 15 ; -0.0632169 ; 0.0252408 ; -0.113242 ; 101.593;
7 ; 12 ; 15 ; -0.0430546 ; -0.0211664 ; -0.0147421 ; 102.175;
8 ; 12 ; 15 ; -0.073822 ; 0.0387383 ; 0.00197535 ; 103.27;
9 ; 12 ; 15 ; -0.00963374 ; 0.00790753 ; 0.0511179 ; 103.528;
10 ; 12 ; 15 ; -0.0409797 ; 0.00510445 ; -0.00813031 ; 102.51;
11 ; 12 ; 15 ; -0.0412003 ; 0.0129436 ; -0.0429458 ; 101.097;
12 ; 12 ; 15 ; 0.0366857 ; 0.00539308 ; 0.0374182 ; 100.015;
13 ; 12 ; 15 ; 0.0509472 ; 0.0857067 ; -0.0645349 ; 102.447;
14 ; 12 ; 15 ; -0.0594314 ; -0.0304677 ; -0.00734671 ; 103.605;
15 ; 12 ; 15 ; -0.0758191 ; 0.047042 ; -0.000127719 ; 101.565;
16 ; 12 ; 15 ; -0.0948318 ; 0.0426565 ; -0.0195555 ; 104.275;
17 ; 12 ; 15 ; 0.00301701 ; 0.0197515 ; -0.021661 ; 101.98;
18 ; 12 ; 15 ; 0.00144786 ; 0.00569133 ; 0.00529248 ; 99.86;
19 ; 12 ; 15 ; -0.0285764 ; -0.013876 ; 0.00111479 ; 100.81;
20 ; 12 ; 15 ; -0.0912008 ; 0.0561723 ; -0.0229221 ; 101.022;
21 ; 12 ; 15 ; -0.00693868 ; -0.0296515 ; -0.0196321 ; 101.127;
4 ; 13 ; 15 ; 0.00716967 ; 0.0499795 ; -0.0200907 ; 102.135;
5 ; 13 ; 15 ; -0.0462916 ; 0.0112854 ; 0.0373257 ; 101.393;
6 ; 13 ; 15 ; -0.0422846 ; 0.0128785 ; -0.0529343 ; 101.47;
7 ; 13 ; 15 ; 0.0148565 ; -0.0011506 ; 0.0634167 ; 99.585;
8 ; 13 ; 15 ; -0.0951664 ; 0.00378911 ; -0.0432135 ; 101.885;
9 ; 13 ; 15 ; 0.00578054 ; 0.0455038 ; -0.00280352 ; 104.977;
10 ; 13 ; 15 ; 0.0055493 ; -0.0674997 ; -0.0685591 ; 100.597;
11 ; 13 ; 15 ; -0.00604239 ; 0.00233512 ; -0.00463807 ; 100.933;
12 ; 13 ; 15 ; -0.0663339 ; 0.027643 ; -0.0123938 ; 101.51;
13 ; 13 ; 15 ; -0.0172262 ; -0.00220606 ; -0.00756492 ; 101.218;
14 ; 13 ; 15 ; -0.0561099 ; 0.0214866 ; 0.0032667 ; 100.752;
15 ; 13 ; 15 ; -0.0692986 ; 0.00597131 ; -0.0308496 ; 101.795;
16 ; 13 ; 15 ; 0.00888578 ; -0.01647 ; -0.00667359 ; 101.867;
17 ; 13 ; 15 ; -0.1243 ; -0.0136907 ; -0.0412713 ; 101.578;
18 ; 13 ; 15 ; 0.0499543 ; 0.047149 ; 0.00908602 ; 99.2475;
19 ; 13 ; 15 ; -0.0299014 ; -0.0208212 ; -0.000460465 ; 101.892;
20 ; 13 ; 15 ; -0.0768865 ; -0.00421386 ; 0.0181012 ; 100.77;
21 ; 13 ; 15 ; 0.0131048 ; -0.0798314 ; -0.0573623 ; 105.107;
4 ; 14 ; 15 ; -0.0268705 ; -0.0439803 ; 0.0158905 ; 102.718;
5 ; 14 ; 15 ; -0.0286944 ; -0.0960312 ; -0.027025 ; 100.385;
6 ; 14 ; 15 ; 0.00331478 ; -0.00834076 ; -0.0300836 ; 101.5;
7 ; 14 ; 15 ; -0.0506112 ; -0.100477 ; 0.0163045 ; 103.103;
8 ; 14 ; 15 ; 0.0415612 ; 0.0231495 ; -0.0218144 ; 101.405;
9 ; 14 ; 15 ; 0.0634466 ; 0.0529035 ; 0.0310753 ; 103.882;
10 ; 14 ; 15 ; 0.0794244 ; 0.0319548 ; 0.00389402 ; 100.453;
11 ; 14 ; 15 ; -0.0281674 ; 0.0212885 ; 0.0629163 ; 103.48;
12 ; 14 ; 15 ; -0.00632959 ; 0.0366926 ; -0.0256915 ; 99.6625;
13 ; 14 ; 15 ; 0.0449982 ; -0.0554545 ; 0.0445503 ; 100.537;
14 ; 14 ; 15 ; -0.0456042 ; -0.0219265 ; 0.00459654 ; 102.835;
15 ; 14 ; 15 ; 0.0428095 ; -0.0319728 ; 0.0113487 ; 101.108;
16 ; 14 ; 15 ; -0.0578624 ; 0.0233136 ; 0.0765303 ; 99.985;
17 ; 14 ; 15 ; 0.00478863 ; 0.00140751 ; 0.0963893 ; 102.945;
18 ; 14 ; 15 ; 0.0487566 ; 0.024761 ; -0.0211699 ; 101.16;
19 ; 14 ; 15 ; 0.020378 ; 0.00302398 ; 0.0733182 ; 101.645;
20 ; 14 ; 15 ; -0.0331132 ; 0.00726688 ; -0.0289887 ; 102.602;
21 ; 14 ; 15 ; 0.0159194 ; -0.155186 ; -0.0190792 ; 100.65;
4 ; 15 ; 15 ; 0.0177503 ; -0.0586225 ; -0.01998 ; 101.672;
5 ; 15 ; 15 ; -0.0243502 ; 0.0221695 ; 0.0266842 ; 103.105;
6 ; 15 ; 15 ; -0.0443669 ; 0.0155745 ; -0.00491224 ; 104.128;
7 ; 15 ; 15 ; -0.0335572 ; -0.0241159 ; -0.0381696 ; 100.835;
8 ; 15 ; 15 ; 0.0268787 ; -0.0222781 ; -0.107323 ; 99.325;
9 ; 15 ; 15 ; -0.00518045 ; 0.0864741 ; -0.0433052 ; 99.87;
10 ; 15 ; 15 ; 0.0388925 ; 0.0486809 ; -0.00362798 ; 100.413;
11 ; 15 ; 15 ; 0.0231205 ; -0.0177605 ; 0.0678621 ; 100.062;
12 ; 15 ; 15 ; 0.0294182 ; 0.00478494 ; -0.00420226 ; 101.362;
13 ; 15 ; 15 ; 0.0140581 ; -0.0551105 ; -0.00540528 ; 99.635;
14 ; 15 ; 15 ; 0.0370667 ; 0.00854743 ; 0.0105893 ; 101.375;
15 ; 15 ; 15 ; 0.0928579 ; -0.00114502 ; 0.022719 ; 99.1275;
16 ; 15 ; 15 ; -0.0544265 ; -0.0578727 ; 0.0196097 ; 103.315;
17 ; 15 ; 15 ; 0.0158914 ; -0.0077688 ; 0.0354683 ; 101.793;
18 ; 15 ; 15 ; -0.054064 ; -0.0471634 ; 0.0507184 ; 102.103;
19 ; 15 ; 15 ; -0.0761141 ; 0.0247801 ; 0.01085 ; 101.683;
20 ; 15 ; 15 ; -0.0335788 ; 0.0394856 ; 0.0299943 ; 101.572;
21 ; 15 ; 15 ; -0.064864 ; 0.00324588 ; -0.0406538 ; 104.043;
4 ; 16 ; 15 ; -0.00735044 ; 0.0375001 ; -0.0466809 ; 100.513;
5 ; 16 ; 15 ; -0.00171982 ; 0.0337014 ; -0.0729828 ; 102.918;
6 ; 16 ; 15 ; 0.0452171 ; 0.0786344 ; 0.0957921 ; 103.207;
7 ; 16 ; 15 ; 0.0315893 ; 0.0726129 ; 0.00507591 ; 99.6775;
8 ; 16 ; 15 ; -0.0350331 ; 0.0374583 ; -0.0271876 ; 99.7725;
9 ; 16 ; 15 ; -0.0170851 ; -0.0336542 ; 0.0356466 ; 99.7075;
10 ; 16 ; 15 ; 0.00267698 ; 0.021723 ; -0.0518682 ; 104.405;
11 ; 16 ; 15 ; -0.00860009 ; -0.00656896 ; 0.0219539 ; 103.512;
12 ; 16 ; 15 ; -0.020488 ; 0.0685285 ; 0.0097111 ; 102.94;
13 ; 16 ; 15 ; 0.0518195 ; -0.0273185 ; 0.00181627 ; 100.043;
14 ; 16 ; 15 ; -0.00651308 ; 0.0399525 ; 0.0429883 ; 101.337;
15 ; 16 ; 15 ; 0.114556 ; 0.0267646 ; 0.0321424 ; 101.343;
16 ; 16 ; 15 ; 0.0737443 ; -0.00668072 ; -0.00169234 ; 100.067;
17 ; 16 ; 15 ; 0.0534995 ; -0.00508183 ; 0.0140844 ; 104.07;
18 ; 16 ; 15 ; 0.0710724 ; 0.024578 ; 0.0259282 ; 100.755;
19 ; 16 ; 15 ; -0.0392982 ; 0.00140773 ; -0.0103802 ; 101.865;
20 ; 16 ; 15 ; 0.0229984 ; 0.00111196 ; -0.0546971 ; 101.545;
21 ; 16 ; 15 ; 0.0567345 ; -0.0545115 ; 0.00250972 ; 100.21;
4 ; 17 ; 15 ; -0.0745631 ; -0.00134197 ; -0.0476679 ; 102.03;
5 ; 17 ; 15 ; -0.0190668 ; 0.0490439 ; -0.0257571 ; 100.347;
6 ; 17 ; 15 ; 0.0141879 ; -0.03453 ; 0.0117611 ; 102.438;
7 ; 17 ; 15 ; 0.0384532 ; -0.055474 ; -0.0450512 ; 104.243;
8 ; 17 ; 15 ; 0.00359358 ; -0.0320869 ; 0.0532434 ; 102.318;
9 ; 17 ; 15 ; -0.0653122 ; -0.104814 ; 0.0379432 ; 103.623;
10 ; 17 ; 15 ; -0.00651674 ; -0.00112487 ; 0.0198422 ; 99.655;
11 ; 17 ; 15 ; -0.0213772 ; -0.0119163 ; 0.0380458 ; 104.765;
12 ; 17 ; 15 ; 0.00405186 ; 0.0217449 ; -0.00655028 ; 100.54;
13 ; 17 ; 15 ; -0.0207713 ; 0.000225651 ; -0.0420689 ; 102.475;
14 ; 17 ; 15 ; 0.0524584 ; -0.0233908 ; 0.0339401 ; 103.752;
15 ; 17 ; 15 ; 0.026779 ; 0.0546012 ; 0.0161487 ; 101.9;
16 ; 17 ; 15 ; -0.0176455 ; -0.0730005 ; -0.0259701 ; 102.455;
17 ; 17 ; 15 ; -0.0347119 ; -0.101453 ; 0.0327696 ; 104.837;
18 ; 17 ; 15 ; 0.0506107 ; 0.000794012 ; 0.0566883 ; 101.562;
19 ; 17 ; 15 ; 0.0120921 ; -0.00428857 ; 0.00355942 ; 102.485;
20 ; 17 ; 15 ; -0.0129675 ; 0.015851 ; 0.00863102 ; 99.7225;
21 ; 17 ; 15 ; 0.000642976 ; 0.0390553 ; -0.00872266 ; 99.4675;
4 ; 18 ; 15 ; -0.0154098 ; 0.0130539 ; 0.0217605 ; 102.165;
5 ; 18 ; 15 ; 0.0584429 ; 0.032304 ; 0.0623959 ; 102.585;
6 ; 18 ; 15 ; 0.0405034 ; -0.0833229 ; -0.0013193 ; 103.722;
7 ; 18 ; 15 ; 0.028978 ; -0.0510502 ; -0.0344635 ; 100.502;
8 ; 18 ; 15 ; 0.0128428 ; -0.0127746 ; 0.005956 ; 101.683;
9 ; 18 ; 15 ; -0.0219637 ; -0.040241 ; -0.0284124 ; 104.68;
10 ; 18 ; 15 ; 0.00594473 ; -0.018649 ; 0.055352 ; 99.34;
11 ; 18 ; 15 ; -0.0161279 ; 4.32358e-05 ; 0.00575224 ; 102.502;
12 ; 18 ; 15 ; 0.0145835 ; 0.0492614 ; -0.00880892 ; 100.978;
13 ; 18 ; 15 ; -0.114152 ; 0.0547981 ; -0.0453446 ; 103.727;
14 ; 18 ; 15 ; -0.0303535 ; 0.0138401 ; 0.0666242 ; 97.8875;
15 ; 18 ; 15 ; 0.0171658 ; 0.0258058 ; -0.0281276 ; 102.085;
16 ; 18 ; 15 ; 0.0721853 ; 0.0199375 ; -0.00165218 ; 103.843;
17 ; 18 ; 15 ; -0.0141752 ; -0.0535024 ; -0.00471772 ; 102.058;
18 ; 18 ; 15 ; 0.0106285 ; 0.0471498 ; 0.000980053 ; 100.515;
19 ; 18 ; 15 ; -0.00363785 ; 0.0406315 ; 0.05087 ; 100.298;
20 ; 18 ; 15 ; 0.0661009 ; -0.00491687 ; -0.00800226 ; 102.49;
21 ; 18 ; 15 ; 0.0315788 ; -0.00365399 ; 0.0219871 ; 100.397;
4 ; 19 ; 15 ; -0.00159329 ; -0.0131769 ; 0.0132042 ; 102.355;
5 ; 19 ; 15 ; 0.0490426 ; -0.0207795 ; 0.0418394 ; 100.847;
6 ; 19 ; 15 ; 0.0397494 ; -0.0151512 ; -0.0593811 ; 102.015;
7 ; 19 ; 15 ; -0.00601556 ; 0.0282494 ; -0.0783552 ; 102.347;
8 ; 19 ; 15 ; 0.0270349 ; 0.0595067 ; 0.0118849 ; 101.445;
9 ; 19 ; 15 ; -0.065255 ; -0.0281179 ; 0.0403738 ; 104.465;
10 ; 19 ; 15 ; 0.0166468 ; 0.0105362 ; -0.0696221 ; 99.3825;
11 ; 19 ; 15 ; -0.00381669 ; 0.0510482 ; -0.0051198 ; 100.875;
12 ; 19 ; 15 ; 0.0850572 ; -0.017272 ; -0.0226329 ; 99.795;
13 ; 19 ; 15 ; 0.0344563 ; 0.0425805 ; -0.0234241 ; 101.65;
14 ; 19 ; 15 ; 0.0212803 ; -0.0324158 ; -0.0433746 ; 102.868;
15 ; 19 ; 15 ; -0.00306984 ; -0.00964852 ; -0.0339472 ; 100.227;
16 ; 19 ; 15 ; 0.0045339 ; 0.00664723 ; 0.0158303 ; 103.24;
17 ; 19 ; 15 ; -0.00658559 ; -0.0921029 ; 0.027681 ; 104.32;
18 ; 19 ; 15 ; 0.0143178 ; 0.0562609 ; 0.0136466 ; 100.715;
19 ; 19 ; 15 ; -0.0375537 ; -0.0211831 ; -0.0351372 ; 100.493;
20 ; 19 ; 15 ; -0.0412084 ; -0.0291423 ; 0.0438503 ; 101.08;
21 ; 19 ; 15 ; 0.0158272 ; 0.0662987 ; -0.0651662 ; 103.935;
4 ; 20 ; 15 ; 0.0100498 ; -0.0143176 ; -0.0384932 ; 100.44;
5 ; 20 ; 15 ; 0.0567769 ; 0.0705685 ; -0.00615204 ; 101.188;
6 ; 20 ; 15 ; 0.081217 ; -0.0040438 ; -0.0949605 ; 101.008;
7 ; 20 ; 15 ; -0.00014104 ; 0.0151336 ; 0.00171758 ; 100.89;
8 ; 20 ; 15 ; 0.0430395 ; -0.0210373 ; -0.012203 ; 99.65;
9 ; 20 ; 15 ; -0.0137279 ; 0.0277619 ; 0.0285858 ; 102.833;
10 ; 20 ; 15 ; -0.0140858 ; -0.0969096 ; 0.0379604 ; 100.237;
11 ; 20 ; 15 ; 0.0341486 ; 0.058991 ; 0.00752566 ; 105.045;
12 ; 20 ; 15 ; -0.0315389 ; 0.00796251 ; -0.0818565 ; 101.977;
13 ; 20 ; 15 ; 0.0527539 ; 0.10889 ; 0.0789544 ; 103.997;
14 ; 20 ; 15 ; 0.00780568 ; 0.00823792 ; 0.0256576 ; 102.193;
15 ; 20 ; 15 ; 0.0317102 ; -0.0137263 ; -0.0326508 ; 102.745;
16 ; 20 ; 15 ; -0.0636816 ; 0.0118524 ; 0.0742192 ; 103.115;
17 ; 20 ; 15 ; 0.0011334 ; 0.0585758 ; -0.0164467 ; 104.785;
18 ; 20 ; 15 ; -0.0147662 ; 0.0340415 ; 0.0314631 ; 104.375;
19 ; 20 ; 15 ; -0.0292772 ; -0.0108222 ; 0.0248051 ; 103.142;
20 ; 20 ; 15 ; -0.0345276 ; -0.0230743 ; 0.0105794 ; 102.663;
21 ; 20 ; 15 ; 0.04802 ; 0.0418794 ; 0.0139936 ; 99.6225;
4 ; 21 ; 15 ; -0.0202785 ; 0.0636113 ; -0.0402217 ; 100.375;
5 ; 21 ; 15 ; -0.119264 ; -0.00264108 ; 0.00414874 ; 101.455;
6 ; 21 ; 15 ; 0.0532937 ; -0.0492691 ; 0.151879 ; 99.7175;
7 ; 21 ; 15 ; -0.0152696 ; -0.00687838 ; 0.0973992 ; 102.472;
8 ; 21 ; 15 ; -0.0538405 ; -0.00339298 ; 0.0232904 ; 99.8875;
9 ; 21 ; 15 ; -0.0556256 ; 0.00437793 ; -0.01649 ; 101.39;
10 ; 21 ; 15 ; 0.0695971 ; 0.00550434 ; -0.0513859 ; 101.978;
11 ; 21 ; 15 ; -0.0248726 ; 0.0545141 ; -0.0489533 ; 101.46;
12 ; 21 ; 15 ; -0.0355611 ; 0.00198059 ; 0.00190458 ; 101.475;
13 ; 21 ; 15 ; -0.0500619 ; 0.00818241 ; 0.0499244 ; 102.75;
14 ; 21 ; 15 ; 0.0393458 ; 0.0412606 ; -0.0311862 ; 102.222;
15 ; 21 ; 15 ; 0.0386041 ; 0.00827523 ; 0.0832866 ; 101.795;
16 ; 21 ; 15 ; 2.2531e-05 ; 0.00417737 ; -0.0351207 ; 101.112;
17 ; 21 ; 15 ; 0.0540386 ; 0.0696198 ; 0.00206617 ; 105.32;
18 ; 21 ; 15 ; 0.0379847 ; 0.0742513 ; -0.00106949 ; 102.222;
19 ; 21 ; 15 ; 0.0332049 ; -0.071878 ; -0.0187467 ; 101.047;
20 ; 21 ; 15 ; -0.0155382 ; 0.0622974 ; 0.00335915 ; 104.47;
21 ; 21 ; 15 ; -0.0447888 ; 0.0279902 ; -0.0417607 ; 103.24;
4 ; 4 ; 16 ; -0.0704593 ; -0.0583913 ; 0.039258 ; 100.045;
5 ; 4 ; 16 ; -0.0534217 ; -0.0227889 ; -0.0411076 ; 100.517;
6 ; 4 ; 16 ; -0.0248052 ; 0.0168528 ; 0.0462597 ; 100.445;
7 ; 4 ; 16 ; -0.0566652 ; 0.0164257 ; 0.024628 ; 100.743;
8 ; 4 ; 16 ; -0.017728 ; -0.100291 ; -0.0161257 ; 101.515;
9 ; 4 ; 16 ; -0.0296865 ; -0.00420661 ; -0.0602367 ; 104.005;
10 ; 4 ; 16 ; 0.0704286 ; 0.0308242 ; -0.059817 ; 101.683;
11 ; 4 ; 16 ; -0.0303589 ; 0.029511 ; -0.0337493 ; 103.073;
12 ; 4 ; 16 ; -0.000468135 ; 0.102811 ; 0.000701424 ; 103.242;
13 ; 4 ; 16 ; 0.0250042 ; -0.0439525 ; 0.04655 ; 102.65;
14 ; 4 ; 16 ; 0.0674172 ; -0.0278149 ; -0.0937865 ; 102.035;
15 ; 4 ; 16 ; 0.0297549 ; 0.0341134 ; 0.0453468 ; 99.3625;
16 ; 4 ; 16 ; 0.0642086 ; -0.0401485 ; -0.0148476 ; 100.403;
17 ; 4 ; 16 ; -0.0691508 ; 0.0245643 ; 0.0765547 ; 104.6;
18 ; 4 ; 16 ; 0.0243421 ; -0.0208983 ; -0.0547112 ; 101.667;
19 ; 4 ; 16 ; 0.0235107 ; -0.0540772 ; -0.00218234 ; 101.308;
20 ; 4 ; 16 ; -0.0634753 ; -0.00490548 ; 0.0271672 ; 101.118;
21 ; 4 ; 16 ; -0.00540869 ; 0.0171795 ; -0.00794353 ; 101.312;
4 ; 5 ; 16 ; -0.00429532 ; -0.0791231 ; -0.0171107 ; 102.74;
5 ; 5 ; 16 ; 0.0382244 ; -0.0224849 ; -0.0749358 ; 100.143;
6 ; 5 ; 16 ; 0.0156283 ; -0.0648426 ; -0.065261 ; 102.14;
7 ; 5 ; 16 ; -0.0525597 ; 0.00784109 ; 0.0110516 ; 101.562;
8 ; 5 ; 16 ; 0.0414231 ; 0.051342 ; -0.00888336 ; 104.883;
9 ; 5 ; 16 ; -0.0222461 ; 0.0515841 ; -0.0346541 ; 99.74;
10 ; 5 ; 16 ; -0.0165478 ; 0.0244512 ; 0.0271642 ; 105.295;
11 ; 5 ; 16 ; 0.0384102 ; -0.0461068 ; 0.0229181 ; 104.34;
12 ; 5 ; 16 ; 0.0515032 ; -0.0036944 ; -0.0142872 ; 101.883;
13 ; 5 ; 16 ; -0.0310432 ; 0.0269575 ; 0.0675756 ; 104.393;
14 ; 5 ; 16 ; -0.0271713 ; 0.0220364 ; -0.0858531 ; 100.47;
15 ; 5 ; 16 ; 0.00326606 ; -0.0627512 ; -0.0146235 ; 102.782;
16 ; 5 ; 16 ; -0.0110953 ; -0.0675645 ; 0.0526875 ; 102.027;
17 ; 5 ; 16 ; -0.0273839 ; 0.0132032 ; -0.019886 ; 102.64;
18 ; 5 ; 16 ; 0.00400881 ; 0.0135223 ; -0.00939722 ; 101.473;
19 ; 5 ; 16 ; -0.0041571 ; 0.0229217 ; -0.0677929 ; 103.248;
20 ; 5 ; 16 ; 0.0390461 ; 0.034701 ; 0.0558487 ; 100.65;
21 ; 5 ; 16 ; 0.0147358 ; 0.0194073 ; -0.0164961 ; 104.405;
4 ; 6 ; 16 ; 0.070572 ; -0.0170447 ; -0.0164884 ; 101.605;
5 ; 6 ; 16 ; 0.0797601 ; 0.0022094 ; 0.00167786 ; 103.623;
6 ; 6 ; 16 ; 0.0173339 ; 0.00649946 ; 0.00132404 ; 98.0075;
7 ; 6 ; 16 ; -0.0434013 ; -0.0205571 ; 0.00149464 ; 102.78;
8 ; 6 ; 16 ; -0.052187 ; -0.0223041 ; 0.0121691 ; 102.177;
9 ; 6 ; 16 ; -0.0192299 ; 0.0626773 ; -0.0124706 ; 101.9;
10 ; 6 ; 16 ; -0.0829498 ; -0.0543352 ; -0.0627481 ; 102.06;
11 ; 6 ; 16 ; -0.0404706 ; -0.0669628 ; -0.00159588 ; 103.475;
12 ; 6 ; 16 ; -0.00250163 ; 0.0872232 ; -0.0526073 ; 102.412;
13 ; 6 ; 16 ; -0.0254417 ; -0.0323818 ; 0.0264153 ; 102.662;
14 ; 6 ; 16 ; 0.0130964 ; 0.0667721 ; -0.00231243 ; 101.94;
15 ; 6 ; 16 ; -0.00642395 ; -0.00133403 ; 0.00641061 ; 98.9825;
16 ; 6 ; 16 ; 0.0116612 ; 0.0556008 ; -0.0111023 ; 104.322;
17 ; 6 ; 16 ; 0.0172701 ; 0.0202004 ; -0.0484492 ; 102.1;
18 ; 6 ; 16 ; -0.0283784 ; 0.0166937 ; 0.00130729 ; 100.15;
19 ; 6 ; 16 ; 0.0447217 ; -0.010523 ; -0.016454 ; 100.13;
20 ; 6 ; 16 ; -0.0248884 ; 0.0723446 ; 0.0155717 ; 101.593;
21 ; 6 ; 16 ; -0.0320461 ; -0.02747 ; 0.0290628 ; 100.4;
4 ; 7 ; 16 ; 0.0342357 ; -0.0294231 ; -0.0313381 ; 101.545;
5 ; 7 ; 16 ; 0.103968 ; 0.0162589 ; -0.0389838 ; 102.035;
6 ; 7 ; 16 ; -0.007648 ; 0.0728503 ; -0.0638781 ; 99.695;
7 ; 7 ; 16 ; -0.00460114 ; -0.0406446 ; -0.0246743 ; 102.647;
8 ; 7 ; 16 ; -0.00281369 ; -0.0358284 ; -0.0829148 ; 102.198;
9 ; 7 ; 16 ; 0.0506048 ; 0.000155015 ; 0.0444624 ; 101.547;
10 ; 7 ; 16 ; -0.0403556 ; -0.0194924 ; 0.0194717 ; 100.688;
11 ; 7 ; 16 ; 0.122173 ; 0.00995732 ; -0.0429898 ; 102.98;
12 ; 7 ; 16 ; -0.0137896 ; 0.0511105 ; 0.0672308 ; 102.26;
13 ; 7 ; 16 ; 0.0780758 ; -0.0159108 ; -0.0138075 ; 101.91;
14 ; 7 ; 16 ; -0.034072 ; 0.0159562 ; 0.0544725 ; 102.213;
15 ; 7 ; 16 ; 0.0291175 ; -0.0885971 ; 0.0403446 ; 103.727;
16 ; 7 ; 16 ; 0.0471286 ; 0.0184319 ; -0.00537967 ; 102.073;
17 ; 7 ; 16 ; 0.0319929 ; 0.0321148 ; -0.0483876 ; 103.285;
18 ; 7 ; 16 ; -0.01004 ; 0.0235478 ; 0.0543516 ; 100.44;
19 ; 7 ; 16 ; 0.0154351 ; 0.0101537 ; 0.0671765 ; 101.735;
20 ; 7 ; 16 ; 0.0787617 ; 0.0951769 ; -0.060492 ; 100.805;
21 ; 7 ; 16 ; 0.00456678 ; -0.0280871 ; -0.0533128 ; 104.055;
4 ; 8 ; 16 ; 0.0391613 ; -0.0474076 ; 0.0313154 ; 102.9;
5 ; 8 ; 16 ; -0.022217 ; 0.0580395 ; -0.0168947 ; 101.543;
6 ; 8 ; 16 ; 0.0434348 ; 0.025716 ; -0.049697 ; 101.417;
7 ; 8 ; 16 ; -0.0263572 ; -0.0399082 ; -0.0109967 ; 98.9525;
8 ; 8 ; 16 ; 0.0122575 ; -0.0124941 ; 0.0156588 ; 100.62;
9 ; 8 ; 16 ; 0.031809 ; 0.0566838 ; 0.00597536 ; 102.333;
10 ; 8 ; 16 ; -0.0428132 ; 0.00562678 ; 0.0934289 ; 103.675;
11 ; 8 ; 16 ; 0.0691251 ; -0.0303666 ; 0.0384458 ; 100.385;
12 ; 8 ; 16 ; 0.066349 ; -0.0130796 ; -0.0653328 ; 101.567;
13 ; 8 ; 16 ; 0.0519062 ; -0.0179339 ; -0.0410962 ; 103.21;
14 ; 8 ; 16 ; 0.00439882 ; -0.0955817 ; 0.0261145 ; 103.05;
15 ; 8 ; 16 ; 0.0129118 ; -0.0158303 ; 0.0336612 ; 101.787;
16 ; 8 ; 16 ; -0.00250481 ; -0.0112736 ; -0.0345263 ; 103.253;
17 ; 8 ; 16 ; -0.0303695 ; -0.044222 ; -0.0149407 ; 101.988;
18 ; 8 ; 16 ; 0.0562492 ; 0.0531419 ; -0.0720129 ; 102.825;
19 ; 8 ; 16 ; 0.0547129 ; -0.0248526 ; 0.0429994 ; 99.82;
20 ; 8 ; 16 ; 0.10055 ; 0.0235106 ; 0.0345378 ; 103.34;
21 ; 8 ; 16 ; 0.0945134 ; 0.068402 ; 0.0239987 ; 101.55;
4 ; 9 ; 16 ; 0.0274221 ; -0.00615954 ; -0.0055299 ; 101.438;
5 ; 9 ; 16 ; -0.0660568 ; 0.0563522 ; 0.0595721 ; 102.547;
6 ; 9 ; 16 ; -0.00618868 ; -0.0229467 ; 0.0466306 ; 101.255;
7 ; 9 ; 16 ; 0.0183673 ; 0.0385255 ; -0.0163372 ; 101.445;
8 ; 9 ; 16 ; 0.0251445 ; 0.0518342 ; 0.00111362 ; 99.925;
9 ; 9 ; 16 ; -0.0302353 ; 0.0595136 ; -0.00191714 ; 103.52;
10 ; 9 ; 16 ; -0.0288657 ; 0.00666276 ; -0.0244266 ; 103.74;
11 ; 9 ; 16 ; 0.00564307 ; -0.0171048 ; 0.0252756 ; 101.535;
12 ; 9 ; 16 ; 0.0198007 ; 0.0016914 ; -0.0229053 ; 101.97;
13 ; 9 ; 16 ; -0.00678983 ; 0.0228179 ; -0.000929625 ; 100.98;
14 ; 9 ; 16 ; 0.0192739 ; -0.0790613 ; -0.0838618 ; 102.29;
15 ; 9 ; 16 ; 0.0260979 ; -0.086375 ; 0.0351915 ; 102.922;
16 ; 9 ; 16 ; 0.000811745 ; -0.0201997 ; 0.0435992 ; 99.845;
17 ; 9 ; 16 ; -0.0319986 ; 0.0100591 ; -0.0430804 ; 100.93;
18 ; 9 ; 16 ; -0.0262842 ; 0.0277289 ; -0.018856 ; 102.677;
19 ; 9 ; 16 ; -0.0352381 ; 0.0482749 ; 0.0492741 ; 103.977;
20 ; 9 ; 16 ; 0.0248205 ; 0.00776109 ; 0.0531568 ; 104.31;
21 ; 9 ; 16 ; 0.01495 ; 0.0287943 ; 0.11367 ; 99.0175;
4 ; 10 ; 16 ; 0.0808847 ; -0.0107969 ; -0.056732 ; 100.942;
5 ; 10 ; 16 ; -0.0462933 ; -0.023169 ; 0.0119031 ; 99.47;
6 ; 10 ; 16 ; -0.0375167 ; 0.0221507 ; -0.0100652 ; 100.13;
7 ; 10 ; 16 ; -0.0478694 ; -0.0491301 ; -0.00348096 ; 101.657;
8 ; 10 ; 16 ; 0.000459837 ; -0.0397063 ; 0.0231019 ; 102.543;
9 ; 10 ; 16 ; 0.0370958 ; -0.00448042 ; -0.0505702 ; 100.46;
10 ; 10 ; 16 ; -0.0183984 ; 0.0531891 ; 0.00297289 ; 102.792;
11 ; 10 ; 16 ; 0.00259891 ; 0.0413052 ; 0.0579983 ; 101.51;
12 ; 10 ; 16 ; 0.0271694 ; 0.032388 ; 0.0701541 ; 103.468;
13 ; 10 ; 16 ; 0.07862 ; -0.0044677 ; -0.00968828 ; 104.625;
14 ; 10 ; 16 ; 0.0288777 ; 0.0156144 ; -0.0262381 ; 103.505;
15 ; 10 ; 16 ; 0.0370388 ; 0.00939782 ; 0.00991885 ; 100.315;
16 ; 10 ; 16 ; 0.0856422 ; -0.0198259 ; -0.0683871 ; 103.11;
17 ; 10 ; 16 ; 0.00404347 ; -0.0297101 ; 0.0313667 ; 102.967;
18 ; 10 ; 16 ; 0.00380881 ; -0.00572061 ; -0.0357401 ; 102.39;
19 ; 10 ; 16 ; -0.0611492 ; 0.0380587 ; 0.0156483 ; 104.355;
20 ; 10 ; 16 ; -0.0266301 ; 0.00240001 ; -0.0482137 ; 101.795;
21 ; 10 ; 16 ; 0.0736691 ; 0.0672215 ; 0.0762363 ; 102.837;
4 ; 11 ; 16 ; 0.00275917 ; -0.02759 ; 0.0366302 ; 101.93;
5 ; 11 ; 16 ; -0.0924332 ; 0.0435705 ; 0.0368797 ; 101.067;
6 ; 11 ; 16 ; 0.0230243 ; -0.0279949 ; -0.0272249 ; 102.573;
7 ; 11 ; 16 ; -0.0593704 ; 0.0548323 ; -0.0109032 ; 100.718;
8 ; 11 ; 16 ; -0.00800168 ; 0.0140138 ; -0.00542206 ; 101.558;
9 ; 11 ; 16 ; 0.000462382 ; -0.0392271 ; -0.0134545 ; 101.257;
10 ; 11 ; 16 ; -0.0360303 ; 0.045083 ; -0.00380424 ; 103.525;
11 ; 11 ; 16 ; 0.0032523 ; 0.0235019 ; 0.0154722 ; 102.688;
12 ; 11 ; 16 ; -0.00516745 ; -0.0403985 ; -0.0205052 ; 102.127;
13 ; 11 ; 16 ; 0.0292018 ; -0.00954697 ; -0.067642 ; 101.237;
14 ; 11 ; 16 ; 0.0725954 ; -0.0555051 ; 0.0379212 ; 99.8675;
15 ; 11 ; 16 ; -0.0222811 ; -0.0846164 ; 0.0573569 ; 100.768;
16 ; 11 ; 16 ; -0.0373519 ; -0.0435135 ; -0.0436462 ; 101.528;
17 ; 11 ; 16 ; -0.0553567 ; -0.0391896 ; 0.00413719 ; 101.26;
18 ; 11 ; 16 ; 0.00455111 ; -0.0365381 ; 0.00802133 ; 100.6;
19 ; 11 ; 16 ; 0.0591785 ; 0.0180721 ; 0.0240069 ; 101.89;
20 ; 11 ; 16 ; -0.0170478 ; 0.0213069 ; 0.0453051 ; 103.825;
21 ; 11 ; 16 ; 0.0085387 ; 0.0241793 ; 0.0441003 ; 101.218;
4 ; 12 ; 16 ; -0.0417374 ; 0.00667036 ; -0.0235131 ; 100.252;
5 ; 12 ; 16 ; 0.0153728 ; 0.0737843 ; -0.0183149 ; 101.062;
6 ; 12 ; 16 ; -0.00695956 ; 0.0114545 ; -0.0300519 ; 100.5;
7 ; 12 ; 16 ; -0.0201558 ; -0.0331945 ; -0.0247059 ; 102.31;
8 ; 12 ; 16 ; -0.0708443 ; -0.0519048 ; -0.0230844 ; 103.772;
9 ; 12 ; 16 ; 0.0456511 ; 0.00262062 ; 0.0112863 ; 101.65;
10 ; 12 ; 16 ; 0.0314959 ; -0.00295792 ; 0.037221 ; 100.442;
11 ; 12 ; 16 ; -0.00481641 ; -0.0153599 ; -0.0099888 ; 102.928;
12 ; 12 ; 16 ; -0.0648774 ; 0.0255326 ; 0.0135378 ; 100.817;
13 ; 12 ; 16 ; -0.0153661 ; 0.0770155 ; -0.0830868 ; 102.343;
14 ; 12 ; 16 ; 0.0740407 ; 0.0115908 ; 0.00299661 ; 101.232;
15 ; 12 ; 16 ; 0.022736 ; -0.0607509 ; 0.00761911 ; 102.418;
16 ; 12 ; 16 ; 0.00725256 ; -0.0203595 ; 0.0283048 ; 100.243;
17 ; 12 ; 16 ; -0.0148511 ; 0.0321684 ; 0.00633464 ; 102.412;
18 ; 12 ; 16 ; 0.0352504 ; 0.0638823 ; 0.0139898 ; 101.233;
19 ; 12 ; 16 ; -0.00444315 ; 0.0106629 ; 0.00165643 ; 104.507;
20 ; 12 ; 16 ; -0.0632295 ; -0.0472482 ; -0.0235707 ; 99.7175;
21 ; 12 ; 16 ; 0.039024 ; 0.0367795 ; 0.0118449 ; 101.085;
4 ; 13 ; 16 ; -0.0532019 ; 0.0533842 ; 0.0876298 ; 101.917;
5 ; 13 ; 16 ; -0.0242301 ; 0.0154702 ; -0.00601556 ; 101.763;
6 ; 13 ; 16 ; 0.0641656 ; -0.0346608 ; 0.0351212 ; 104.4;
7 ; 13 ; 16 ; -0.0420887 ; -0.0518908 ; 0.039967 ; 99.01;
8 ; 13 ; 16 ; -0.0500567 ; -0.0441427 ; 0.00893627 ; 100.085;
9 ; 13 ; 16 ; 0.00485658 ; 0.094029 ; 0.00223071 ; 99.865;
10 ; 13 ; 16 ; 0.0633799 ; -0.0280964 ; 0.0493829 ; 101;
11 ; 13 ; 16 ; -0.0125217 ; -0.0622556 ; 0.0549362 ; 104.543;
12 ; 13 ; 16 ; -0.0399512 ; 0.0300959 ; 0.0995505 ; 102.542;
13 ; 13 ; 16 ; 0.0295767 ; -0.0839551 ; -0.0588133 ; 101.097;
14 ; 13 ; 16 ; 0.0068278 ; -0.00837756 ; -0.00825879 ; 104.863;
15 ; 13 ; 16 ; 0.0108814 ; -0.0268314 ; 0.0259452 ; 102.422;
16 ; 13 ; 16 ; -0.0534389 ; 0.0016967 ; 0.0515101 ; 103.5;
17 ; 13 ; 16 ; -0.0724492 ; -0.0221616 ; 0.018194 ; 100.603;
18 ; 13 ; 16 ; 0.00393284 ; -0.0118539 ; -0.0357026 ; 99.7375;
19 ; 13 ; 16 ; -0.00545541 ; 0.0415806 ; -0.00872778 ; 101.273;
20 ; 13 ; 16 ; -0.040955 ; 0.0196576 ; 0.0931767 ; 101.18;
21 ; 13 ; 16 ; -0.0278683 ; -0.00601814 ; -0.0466627 ; 97.4925;
4 ; 14 ; 16 ; 0.00431573 ; 0.0419948 ; -0.0279807 ; 100.05;
5 ; 14 ; 16 ; 0.0799305 ; -0.0079935 ; 0.0691747 ; 102.75;
6 ; 14 ; 16 ; 0.0135442 ; 0.0177903 ; 0.0248735 ; 101.333;
7 ; 14 ; 16 ; -0.0819217 ; -0.0569979 ; 0.0472891 ; 101.488;
8 ; 14 ; 16 ; -0.0427928 ; -0.000638996 ; 0.00255301 ; 99.7625;
9 ; 14 ; 16 ; 0.0209516 ; -0.0797167 ; 0.0358227 ; 101.528;
10 ; 14 ; 16 ; -0.0142555 ; -0.041832 ; 0.0497679 ; 98.9775;
11 ; 14 ; 16 ; -0.0345183 ; -0.0135909 ; 0.0305068 ; 100.197;
12 ; 14 ; 16 ; -0.0982449 ; -0.0330755 ; -0.0607206 ; 102.97;
13 ; 14 ; 16 ; 0.00325957 ; 0.0469475 ; -0.111859 ; 100.34;
14 ; 14 ; 16 ; 0.067693 ; -0.0551547 ; 0.0442975 ; 102.42;
15 ; 14 ; 16 ; -0.00949917 ; -0.0557317 ; 0.0470375 ; 102.715;
16 ; 14 ; 16 ; -0.0681565 ; -0.0188534 ; 0.0520842 ; 100.633;
17 ; 14 ; 16 ; 0.00810569 ; 0.0816651 ; -0.00907388 ; 103.188;
18 ; 14 ; 16 ; -0.0199646 ; -0.0704917 ; 0.00665642 ; 100.515;
19 ; 14 ; 16 ; 0.0353277 ; -0.0166306 ; 0.094254 ; 99.5375;
20 ; 14 ; 16 ; -0.0799305 ; 0.0749385 ; 0.0818436 ; 103.683;
21 ; 14 ; 16 ; -0.0227592 ; -0.0226699 ; 0.0679164 ; 101.412;
4 ; 15 ; 16 ; 0.0436906 ; -0.0360674 ; 0.0245154 ; 102.295;
5 ; 15 ; 16 ; 0.0582002 ; 0.00711755 ; 0.00349228 ; 101.065;
6 ; 15 ; 16 ; -0.00626551 ; -0.0267778 ; 0.0193938 ; 101.168;
7 ; 15 ; 16 ; -0.0340272 ; -0.0138301 ; -0.036188 ; 101.625;
8 ; 15 ; 16 ; -0.0652662 ; 0.0444442 ; -0.0653767 ; 105.282;
9 ; 15 ; 16 ; 0.059805 ; -0.0806033 ; -0.0412303 ; 102.205;
10 ; 15 ; 16 ; 0.0412115 ; -0.0185093 ; -0.0445618 ; 101.795;
11 ; 15 ; 16 ; -0.0360147 ; -0.0203982 ; 0.0540489 ; 102.32;
12 ; 15 ; 16 ; 0.0424157 ; -0.0141349 ; -0.00486162 ; 103.44;
13 ; 15 ; 16 ; -0.120008 ; -0.0102815 ; 0.0111747 ; 100.765;
14 ; 15 ; 16 ; -0.0014695 ; -0.0321515 ; -0.0544752 ; 102.998;
15 ; 15 ; 16 ; -0.012906 ; -0.0594542 ; 0.0480327 ; 99.5775;
16 ; 15 ; 16 ; -0.04056 ; -0.027231 ; -0.0228949 ; 99.7475;
17 ; 15 ; 16 ; 0.079149 ; 0.0043261 ; -0.0436537 ; 102.12;
18 ; 15 ; 16 ; -0.0162222 ; -0.0670771 ; 0.0225812 ; 101.145;
19 ; 15 ; 16 ; -0.00387036 ; -0.00419344 ; 0.0909974 ; 100.1;
20 ; 15 ; 16 ; -0.020457 ; -0.00371763 ; 0.033488 ; 99.055;
21 ; 15 ; 16 ; -0.00655617 ; -0.0231571 ; 0.0458502 ; 102.907;
4 ; 16 ; 16 ; -0.050954 ; -0.014017 ; -0.103224 ; 102.59;
5 ; 16 ; 16 ; 0.0344984 ; 0.0123125 ; -0.0159881 ; 102.062;
6 ; 16 ; 16 ; -0.00496582 ; 0.029397 ; -0.00189985 ; 103.58;
7 ; 16 ; 16 ; 0.0214725 ; 0.0359122 ; -0.0856913 ; 101.623;
8 ; 16 ; 16 ; -0.0849974 ; 0.100053 ; 0.0251566 ; 100.088;
9 ; 16 ; 16 ; -0.0225803 ; 0.000754937 ; -0.00988112 ; 102.043;
10 ; 16 ; 16 ; 0.0772322 ; 0.0235939 ; -0.0101088 ; 99.7525;
11 ; 16 ; 16 ; 0.0154267 ; 0.0508829 ; -0.0219797 ; 100.47;
12 ; 16 ; 16 ; 0.0127302 ; -0.0389649 ; -0.0665285 ; 100.92;
13 ; 16 ; 16 ; -0.0132016 ; 0.0249697 ; -0.0488146 ; 103.115;
14 ; 16 ; 16 ; 0.0341056 ; 0.0366679 ; -0.0454536 ; 104.185;
15 ; 16 ; 16 ; 0.0563021 ; -0.0664717 ; -0.0986682 ; 102.27;
16 ; 16 ; 16 ; 0.049704 ; -0.0895615 ; 0.0450263 ; 103.262;
17 ; 16 ; 16 ; 0.0309712 ; 0.0246871 ; -0.0242341 ; 99.4275;
18 ; 16 ; 16 ; -0.00854551 ; -0.10439 ; 0.0623348 ; 101.388;
19 ; 16 ; 16 ; -0.118892 ; -0.0105711 ; 0.00123132 ; 101.487;
20 ; 16 ; 16 ; -0.0381447 ; 0.040275 ; -0.0256582 ; 100.74;
21 ; 16 ; 16 ; -0.0360359 ; -0.0268224 ; -0.0549026 ; 104.075;
4 ; 17 ; 16 ; 0.0351949 ; -0.0474434 ; -0.0184224 ; 103.448;
5 ; 17 ; 16 ; -0.0094841 ; 0.0292897 ; 0.00616283 ; 101.41;
6 ; 17 ; 16 ; -0.0362827 ; 0.0815388 ; -0.00128589 ; 99.315;
7 ; 17 ; 16 ; 0.0314026 ; 0.0198898 ; -0.0460735 ; 99.4975;
8 ; 17 ; 16 ; -0.00548572 ; 0.0401299 ; 0.0453726 ; 100.52;
9 ; 17 ; 16 ; -0.0462072 ; -0.01946 ; -0.0253214 ; 101.992;
10 ; 17 ; 16 ; -0.0214079 ; -0.0333921 ; -0.0861085 ; 101.343;
11 ; 17 ; 16 ; 0.0275558 ; -0.0435044 ; -0.0116254 ; 101.59;
12 ; 17 ; 16 ; -0.0216907 ; -0.0268034 ; -0.00774973 ; 102.14;
13 ; 17 ; 16 ; -0.00267026 ; -0.123275 ; -0.0322094 ; 101.407;
14 ; 17 ; 16 ; -0.00597558 ; 0.0181154 ; 0.0270355 ; 101.15;
15 ; 17 ; 16 ; 0.0215939 ; 0.0295967 ; 0.00462148 ; 102.257;
16 ; 17 ; 16 ; 0.0487128 ; -0.0183138 ; 0.0471933 ; 100.963;
17 ; 17 ; 16 ; -0.0648643 ; 0.016426 ; -0.0195914 ; 101.97;
18 ; 17 ; 16 ; 0.00540603 ; 0.0252612 ; 0.065503 ; 99.06;
19 ; 17 ; 16 ; -0.0116752 ; 0.00496532 ; -0.0048052 ; 100.23;
20 ; 17 ; 16 ; -0.00534148 ; 0.0527072 ; 0.0285045 ; 101.92;
21 ; 17 ; 16 ; -0.0483435 ; -0.0341863 ; 0.00532495 ; 100.763;
4 ; 18 ; 16 ; 0.0410911 ; -0.0975792 ; 0.0249004 ; 103.565;
5 ; 18 ; 16 ; 0.0415207 ; -0.0250203 ; -0.0887367 ; 100;
6 ; 18 ; 16 ; -0.0337822 ; 0.00546463 ; 0.000746478 ; 103.093;
7 ; 18 ; 16 ; -0.0464587 ; 0.0251701 ; 0.000958999 ; 103.07;
8 ; 18 ; 16 ; 0.00674953 ; 0.0225172 ; 0.0552607 ; 103.808;
9 ; 18 ; 16 ; -0.0048956 ; 0.0372329 ; -0.017792 ; 102.185;
10 ; 18 ; 16 ; 0.0312134 ; 0.061499 ; -0.0926124 ; 101.55;
11 ; 18 ; 16 ; -0.0340134 ; -0.0291729 ; -0.023531 ; 100.577;
12 ; 18 ; 16 ; 0.00997407 ; 0.0187864 ; 0.031405 ; 102.405;
13 ; 18 ; 16 ; 0.0336228 ; -0.0222161 ; 0.0305253 ; 98.87;
14 ; 18 ; 16 ; -0.00895258 ; 0.0264742 ; 0.0513026 ; 101.618;
15 ; 18 ; 16 ; 0.0577799 ; -0.0131051 ; 0.0218971 ; 102.3;
16 ; 18 ; 16 ; 0.0407483 ; 0.00962742 ; 0.0229324 ; 99.33;
17 ; 18 ; 16 ; 0.00942557 ; 0.0393228 ; -0.0123084 ; 101.238;
18 ; 18 ; 16 ; 0.0323831 ; 0.0860507 ; 0.022808 ; 100.827;
19 ; 18 ; 16 ; 0.0041385 ; -0.0421334 ; 0.00327566 ; 98.87;
20 ; 18 ; 16 ; -0.049815 ; -0.0309679 ; 0.0247766 ; 104.69;
21 ; 18 ; 16 ; 0.00729296 ; 0.0109997 ; 0.0513145 ; 102.675;
4 ; 19 ; 16 ; 0.00167097 ; 0.0317698 ; 0.049744 ; 102.08;
5 ; 19 ; 16 ; 0.0373874 ; 0.0273996 ; -0.00826531 ; 98.2425;
6 ; 19 ; 16 ; -0.0172077 ; 0.0112302 ; -0.0205958 ; 102.425;
7 ; 19 ; 16 ; -0.0414042 ; -0.0279149 ; 0.0462069 ; 100.998;
8 ; 19 ; 16 ; -0.0614704 ; -0.00296939 ; 0.0320536 ; 101.715;
9 ; 19 ; 16 ; -0.00760056 ; 0.077992 ; -0.00641416 ; 99.6625;
10 ; 19 ; 16 ; 0.00934031 ; 0.0328178 ; -0.0539596 ; 97.3575;
11 ; 19 ; 16 ; 0.0284997 ; -0.0473955 ; 0.044685 ; 100.722;
12 ; 19 ; 16 ; -0.011238 ; -0.024542 ; 0.0157675 ; 101.433;
13 ; 19 ; 16 ; 0.0720359 ; -0.00996034 ; -0.0232347 ; 100.69;
14 ; 19 ; 16 ; 0.0124656 ; 0.0250372 ; -0.00739937 ; 102.915;
15 ; 19 ; 16 ; 0.0070315 ; -0.0517846 ; -0.0178196 ; 103.617;
16 ; 19 ; 16 ; 0.0215147 ; -0.00896736 ; -0.0384192 ; 101.257;
17 ; 19 ; 16 ; 0.00239493 ; 0.0444447 ; -0.0388765 ; 103.148;
18 ; 19 ; 16 ; 0.049128 ; 0.05325 ; -0.0500278 ; 101.77;
19 ; 19 ; 16 ; -0.0059149 ; 0.0237308 ; -0.0116642 ; 100.665;
20 ; 19 ; 16 ; -0.0287557 ; -0.00537913 ; 0.0230223 ; 100.312;
21 ; 19 ; 16 ; 0.0257899 ; 0.123801 ; -0.0686479 ; 101.35;
4 ; 20 ; 16 ; 0.0337693 ; 0.0398491 ; 0.0289232 ; 103.61;
5 ; 20 ; 16 ; 0.00849274 ; 0.0200358 ; 0.0476894 ; 102.168;
6 ; 20 ; 16 ; 0.0399284 ; -0.0674874 ; -0.0136019 ; 102.138;
7 ; 20 ; 16 ; 0.0167167 ; -0.0152151 ; 0.063772 ; 102.933;
8 ; 20 ; 16 ; -0.00977231 ; 0.0152972 ; 0.00504646 ; 100.988;
9 ; 20 ; 16 ; 0.0226369 ; 0.0317992 ; 0.0396481 ; 101.555;
10 ; 20 ; 16 ; 0.0417378 ; -0.0332028 ; -0.108525 ; 101.763;
11 ; 20 ; 16 ; -0.000615827 ; -0.0283678 ; -0.0459664 ; 99.5525;
12 ; 20 ; 16 ; 0.0167736 ; 0.0154121 ; 0.00270319 ; 99.9325;
13 ; 20 ; 16 ; -0.0271979 ; 0.0619118 ; 0.0211348 ; 103.695;
14 ; 20 ; 16 ; 0.0240458 ; -0.0746888 ; -0.0277725 ; 102.075;
15 ; 20 ; 16 ; 0.004245 ; -0.0403307 ; -0.0106384 ; 101.152;
16 ; 20 ; 16 ; 0.0433105 ; 0.00647641 ; 0.0533868 ; 102.68;
17 ; 20 ; 16 ; 0.0182101 ; 0.10623 ; 0.0169899 ; 101.877;
18 ; 20 ; 16 ; -0.00596615 ; -0.00381382 ; 0.00586001 ; 104.358;
19 ; 20 ; 16 ; -0.0491042 ; 0.00861398 ; 0.00343158 ; 101.642;
20 ; 20 ; 16 ; -0.00777219 ; 0.0614441 ; 0.00414908 ; 101.39;
21 ; 20 ; 16 ; -0.0484177 ; 0.0304612 ; 0.0853736 ; 100.89;
4 ; 21 ; 16 ; -0.0173735 ; -0.0423142 ; -0.0415241 ; 102.353;
5 ; 21 ; 16 ; 0.0883472 ; 0.0863598 ; -0.00601294 ; 101.032;
6 ; 21 ; 16 ; 0.0335634 ; 0.0250139 ; 0.108153 ; 100.097;
7 ; 21 ; 16 ; -0.0766511 ; 0.0178807 ; 0.0936573 ; 99.3575;
8 ; 21 ; 16 ; -0.069251 ; 0.0114906 ; 0.0297634 ; 103.6;
9 ; 21 ; 16 ; -0.050015 ; 0.0706219 ; 0.0628753 ; 102.933;
10 ; 21 ; 16 ; -0.0101487 ; -0.0180558 ; 0.0100721 ; 104.367;
11 ; 21 ; 16 ; -0.0790136 ; 0.0737059 ; -0.0333421 ; 101.833;
12 ; 21 ; 16 ; -0.0360753 ; 0.0431363 ; 0.0844488 ; 102;
13 ; 21 ; 16 ; 0.0319722 ; 0.0458698 ; 0.0249948 ; 102.265;
14 ; 21 ; 16 ; 0.0509482 ; 0.0417542 ; -0.0120748 ; 101.09;
15 ; 21 ; 16 ; -0.00667715 ; 0.0209942 ; 0.0350048 ; 104.59;
16 ; 21 ; 16 ; 0.0362141 ; 0.0075313 ; 0.0222625 ; 99.66;
17 ; 21 ; 16 ; -0.013229 ; 0.117619 ; 0.0429869 ; 101.243;
18 ; 21 ; 16 ; 0.0167418 ; 0.0365737 ; 0.00199558 ; 101.353;
19 ; 21 ; 16 ; -0.0650148 ; -0.0128692 ; -0.0326514 ; 98.345;
20 ; 21 ; 16 ; -0.0211913 ; 0.0722617 ; -0.00828515 ; 100.103;
21 ; 21 ; 16 ; 0.0318969 ; 0.0268386 ; -0.0543104 ; 101.332;
4 ; 4 ; 17 ; -0.00757089 ; 0.0351863 ; -0.0487056 ; 100.637;
5 ; 4 ; 17 ; -0.0873491 ; 0.0151532 ; 0.0111958 ; 103.998;
6 ; 4 ; 17 ; -0.0740996 ; 0.00606841 ; 0.0860962 ; 101.977;
7 ; 4 ; 17 ; -0.00228078 ; 0.000710396 ; -0.0599292 ; 100.96;
8 ; 4 ; 17 ; -0.0163543 ; 0.0337908 ; -0.0329436 ; 103.19;
9 ; 4 ; 17 ; 0.0564543 ; 0.00510772 ; -0.0424288 ; 100.87;
10 ; 4 ; 17 ; 0.0297984 ; -0.0371817 ; 0.077808 ; 100.532;
11 ; 4 ; 17 ; 0.027337 ; -0.0232975 ; -0.00484012 ; 101.535;
12 ; 4 ; 17 ; 0.0466933 ; 0.0163394 ; -0.0200672 ; 100.745;
13 ; 4 ; 17 ; 0.0632349 ; 0.0522808 ; 0.00244698 ; 100.288;
14 ; 4 ; 17 ; 0.0294194 ; -0.0317226 ; -0.00701273 ; 104.808;
15 ; 4 ; 17 ; -0.0239116 ; -0.0206037 ; -0.00488002 ; 100.565;
16 ; 4 ; 17 ; -0.0303327 ; 0.0909616 ; -0.0261579 ; 102.368;
17 ; 4 ; 17 ; 0.0208915 ; 0.022262 ; -0.0355566 ; 102.677;
18 ; 4 ; 17 ; -0.00308828 ; -0.0915356 ; -0.0382332 ; 103.212;
19 ; 4 ; 17 ; -0.00897126 ; 0.0208384 ; 0.0573054 ; 102.398;
20 ; 4 ; 17 ; -0.0221144 ; -0.0221225 ; 0.0474226 ; 103.17;
21 ; 4 ; 17 ; -0.0217833 ; 0.0606281 ; -0.0787788 ; 101.68;
4 ; 5 ; 17 ; -0.0281134 ; -0.0349709 ; -0.00111366 ; 102.422;
5 ; 5 ; 17 ; 0.0480555 ; -0.0417556 ; -0.0128061 ; 104.5;
6 ; 5 ; 17 ; 0.0322587 ; 0.0247155 ; -0.0668598 ; 102.87;
7 ; 5 ; 17 ; 0.0347727 ; 0.0510883 ; 0.00600717 ; 103.2;
8 ; 5 ; 17 ; -0.0155847 ; -0.0380902 ; -0.0289828 ; 100.407;
9 ; 5 ; 17 ; 0.0393126 ; -0.0269034 ; -0.00297205 ; 99.2775;
10 ; 5 ; 17 ; -0.0179167 ; -0.0511923 ; 0.0577714 ; 101.37;
11 ; 5 ; 17 ; 0.0155122 ; -0.00370427 ; -0.00847553 ; 100.312;
12 ; 5 ; 17 ; -0.00537879 ; 0.0826892 ; -0.0222725 ; 100.627;
13 ; 5 ; 17 ; 0.0289318 ; 0.047701 ; 0.00875295 ; 104.125;
14 ; 5 ; 17 ; 0.0400909 ; -0.0123529 ; 0.0765642 ; 103.575;
15 ; 5 ; 17 ; 0.00670442 ; -0.0233704 ; 0.0604806 ; 101.94;
16 ; 5 ; 17 ; 0.0156731 ; 0.110629 ; 0.0318827 ; 103.53;
17 ; 5 ; 17 ; 0.0235387 ; 0.020703 ; 0.0164261 ; 102.323;
18 ; 5 ; 17 ; -0.0296859 ; -0.0591657 ; 0.029901 ; 103.895;
19 ; 5 ; 17 ; -0.0182872 ; 0.0660473 ; -0.0313863 ; 101.442;
20 ; 5 ; 17 ; 0.0197702 ; -0.0359962 ; 0.0617179 ; 100.085;
21 ; 5 ; 17 ; 0.0347574 ; 0.0382997 ; -0.0133516 ; 100.56;
4 ; 6 ; 17 ; 0.0167836 ; -0.032601 ; 0.014258 ; 101.918;
5 ; 6 ; 17 ; -0.0298812 ; 0.0177054 ; 0.049712 ; 102.635;
6 ; 6 ; 17 ; -0.0219429 ; -0.0115555 ; -0.00352396 ; 102.895;
7 ; 6 ; 17 ; -0.0356046 ; 0.0244149 ; 0.0120606 ; 99.49;
8 ; 6 ; 17 ; -0.0107894 ; 0.0444042 ; -0.0331809 ; 103.025;
9 ; 6 ; 17 ; 0.0341238 ; -0.000953245 ; -0.00970282 ; 102.195;
10 ; 6 ; 17 ; -0.0352202 ; 0.00656417 ; -0.0133868 ; 104.862;
11 ; 6 ; 17 ; -0.0578217 ; -0.0795482 ; 0.0223451 ; 100.57;
12 ; 6 ; 17 ; 0.00215548 ; 0.0112134 ; 0.00749587 ; 101.803;
13 ; 6 ; 17 ; -0.0634323 ; -0.0166726 ; 0.0500819 ; 101.99;
14 ; 6 ; 17 ; 0.0492889 ; 0.0372379 ; -0.0214236 ; 101.513;
15 ; 6 ; 17 ; 0.0687468 ; 0.0489246 ; 0.0306184 ; 100.37;
16 ; 6 ; 17 ; 0.0371446 ; -0.0203725 ; -0.0955115 ; 102.028;
17 ; 6 ; 17 ; -0.0150226 ; -0.0607276 ; -0.0752701 ; 103.095;
18 ; 6 ; 17 ; -0.0142916 ; -0.0411303 ; 0.0482856 ; 100.615;
19 ; 6 ; 17 ; 0.0562826 ; -0.0312955 ; -0.0336914 ; 101.82;
20 ; 6 ; 17 ; -0.053978 ; 0.00717085 ; -0.0331061 ; 101.27;
21 ; 6 ; 17 ; 0.00530073 ; 0.0404352 ; 0.0306442 ; 104.733;
4 ; 7 ; 17 ; -0.0101328 ; -0.0660989 ; -0.0472928 ; 101.153;
5 ; 7 ; 17 ; 0.0305663 ; -0.0138902 ; 0.00309257 ; 101.8;
6 ; 7 ; 17 ; -0.131642 ; 0.0634767 ; -0.0168692 ; 101.51;
7 ; 7 ; 17 ; -0.0722505 ; 0.0171617 ; 0.0568054 ; 100.94;
8 ; 7 ; 17 ; -0.0194969 ; -0.0292964 ; 0.0262348 ; 101.74;
9 ; 7 ; 17 ; 0.0113235 ; 0.0817242 ; 0.0667002 ; 100.748;
10 ; 7 ; 17 ; -0.0191099 ; -0.0028424 ; 0.0109368 ; 101.15;
11 ; 7 ; 17 ; -0.0178636 ; -0.0121213 ; -0.0499119 ; 102.855;
12 ; 7 ; 17 ; -0.0568627 ; -0.0353486 ; -0.0243116 ; 102.983;
13 ; 7 ; 17 ; -0.00813597 ; 0.0902455 ; 0.0324731 ; 102.905;
14 ; 7 ; 17 ; -0.0110594 ; -0.033069 ; -0.0429373 ; 99.1075;
15 ; 7 ; 17 ; -0.0308026 ; -0.027529 ; 0.021484 ; 100.1;
16 ; 7 ; 17 ; -0.0910811 ; 0.0188511 ; 0.0120145 ; 102.13;
17 ; 7 ; 17 ; 0.00102084 ; -0.0228356 ; -0.0110852 ; 102.59;
18 ; 7 ; 17 ; -0.0625769 ; 0.00019456 ; 0.0309753 ; 102.29;
19 ; 7 ; 17 ; -0.0311164 ; 0.114973 ; -0.0324438 ; 99.925;
20 ; 7 ; 17 ; -0.0663493 ; 0.0924555 ; -0.0297957 ; 101.54;
21 ; 7 ; 17 ; -0.015842 ; 0.00315146 ; 0.0082298 ; 99.7475;
4 ; 8 ; 17 ; -0.0160037 ; 0.0105309 ; 0.0300527 ; 101.507;
5 ; 8 ; 17 ; -0.0438111 ; 0.0627081 ; 0.0147253 ; 100.507;
6 ; 8 ; 17 ; -0.0587428 ; 0.0182049 ; -0.0339592 ; 98.5975;
7 ; 8 ; 17 ; -0.0151415 ; -0.0627071 ; 0.050815 ; 103.168;
8 ; 8 ; 17 ; 0.0272798 ; -0.0883095 ; -0.012005 ; 101.848;
9 ; 8 ; 17 ; 0.0159047 ; -0.0129012 ; 0.0194515 ; 103.185;
10 ; 8 ; 17 ; -0.0182534 ; -0.0310253 ; -0.0299471 ; 101.017;
11 ; 8 ; 17 ; -0.024246 ; 0.10816 ; -0.0580848 ; 99.68;
12 ; 8 ; 17 ; 0.0392655 ; -0.0308402 ; 0.0094051 ; 103.537;
13 ; 8 ; 17 ; 0.0255248 ; -0.0427529 ; 0.000859029 ; 100.697;
14 ; 8 ; 17 ; -0.0156677 ; -0.0176003 ; -0.0854394 ; 100.602;
15 ; 8 ; 17 ; -0.0660145 ; 0.0250343 ; 0.019644 ; 99.66;
16 ; 8 ; 17 ; -0.0124177 ; 0.0443096 ; -0.0065256 ; 103.502;
17 ; 8 ; 17 ; 0.0151927 ; 0.0696123 ; -0.0544 ; 101.4;
18 ; 8 ; 17 ; -0.0697728 ; 0.0589329 ; 0.00368131 ; 100.36;
19 ; 8 ; 17 ; -0.0567454 ; 0.0581413 ; 0.0328706 ; 101.757;
20 ; 8 ; 17 ; -0.0497551 ; 0.0044382 ; 0.0475453 ; 101.935;
21 ; 8 ; 17 ; 0.0380391 ; -0.0138024 ; 0.0359129 ; 100.763;
4 ; 9 ; 17 ; 0.0239091 ; -0.0118133 ; -0.0381133 ; 100.525;
5 ; 9 ; 17 ; 0.0133335 ; 0.0317086 ; -0.0277109 ; 102.355;
6 ; 9 ; 17 ; 0.00855297 ; 0.0190932 ; -0.00915626 ; 102.62;
7 ; 9 ; 17 ; -0.00241505 ; -0.0184073 ; -0.0400653 ; 101.252;
8 ; 9 ; 17 ; -0.015331 ; -0.0692734 ; -0.0157659 ; 102.03;
9 ; 9 ; 17 ; 0.0612297 ; 0.0466227 ; -0.0116914 ; 101.037;
10 ; 9 ; 17 ; 0.00907353 ; -0.0407905 ; -0.0276985 ; 100.97;
11 ; 9 ; 17 ; -0.0456201 ; -0.0895288 ; 0.00220998 ; 103.843;
12 ; 9 ; 17 ; -0.0361009 ; 0.0964092 ; -0.0354451 ; 99.18;
13 ; 9 ; 17 ; -0.0365818 ; -0.0713407 ; 0.152047 ; 98.9825;
14 ; 9 ; 17 ; -0.0736755 ; -0.0130207 ; 0.00163802 ; 102.793;
15 ; 9 ; 17 ; -0.056782 ; -0.00652779 ; 0.0434043 ; 100.895;
16 ; 9 ; 17 ; 0.0279538 ; 0.0670905 ; -0.0384718 ; 103.96;
17 ; 9 ; 17 ; 0.00591926 ; 0.0358736 ; 0.0400694 ; 102.57;
18 ; 9 ; 17 ; -0.058076 ; 0.0631876 ; 0.0166864 ; 102.422;
19 ; 9 ; 17 ; -0.0521671 ; 0.0610146 ; 0.0410386 ; 100.482;
20 ; 9 ; 17 ; -0.0177815 ; 0.00388136 ; -0.0360492 ; 102.61;
21 ; 9 ; 17 ; 0.0426709 ; 0.0167025 ; -0.0217681 ; 102.275;
4 ; 10 ; 17 ; -0.0399556 ; -0.040486 ; 0.00696252 ; 104.087;
5 ; 10 ; 17 ; 0.00722737 ; -0.0103953 ; -0.027357 ; 104.442;
6 ; 10 ; 17 ; -0.0647651 ; 0.0373264 ; 0.0221036 ; 103.237;
7 ; 10 ; 17 ; -0.0418736 ; 0.0213945 ; -0.0309896 ; 101.653;
8 ; 10 ; 17 ; -0.0589419 ; -0.0563718 ; 0.00250008 ; 102.965;
9 ; 10 ; 17 ; 0.015132 ; 0.0318929 ; 0.0439882 ; 102.02;
10 ; 10 ; 17 ; 0.0832946 ; 0.0234029 ; -0.00954674 ; 101.252;
11 ; 10 ; 17 ; 0.0480794 ; 0.00865786 ; 0.0240607 ; 101.528;
12 ; 10 ; 17 ; -0.00726173 ; 0.0511557 ; -0.0301111 ; 98.9725;
13 ; 10 ; 17 ; -0.0142625 ; -0.0514484 ; -0.0876078 ; 102.432;
14 ; 10 ; 17 ; 0.00025654 ; -0.00266793 ; -0.0955786 ; 102.955;
15 ; 10 ; 17 ; -0.00774063 ; -0.0378692 ; -0.0116107 ; 100.77;
16 ; 10 ; 17 ; 0.043371 ; -0.0160957 ; 0.0510192 ; 99.5675;
17 ; 10 ; 17 ; 0.0242235 ; 0.0334942 ; 0.0430672 ; 101.645;
18 ; 10 ; 17 ; -0.0207281 ; 0.00642583 ; -0.0706728 ; 102.668;
19 ; 10 ; 17 ; -0.0216863 ; -0.0286115 ; 0.000639868 ; 100.455;
20 ; 10 ; 17 ; 0.00394852 ; 0.000390428 ; -0.0230883 ; 103.367;
21 ; 10 ; 17 ; -0.0301632 ; -0.0432973 ; -0.0257076 ; 101.832;
4 ; 11 ; 17 ; 0.0532055 ; 0.0538834 ; -0.0205994 ; 104.032;
5 ; 11 ; 17 ; 0.0374803 ; -0.0302632 ; -0.00763927 ; 101.938;
6 ; 11 ; 17 ; 0.0420182 ; -0.026842 ; 0.00715943 ; 100.465;
7 ; 11 ; 17 ; -0.0773752 ; 0.011108 ; 0.0530048 ; 101.407;
8 ; 11 ; 17 ; -0.00551752 ; 0.00542178 ; -0.0137621 ; 100.693;
9 ; 11 ; 17 ; 0.00572863 ; 0.00145622 ; 0.000834759 ; 102.34;
10 ; 11 ; 17 ; 0.00442164 ; -0.0457823 ; -0.00242529 ; 100.165;
11 ; 11 ; 17 ; -0.0174188 ; 0.0706422 ; 0.0548473 ; 101.775;
12 ; 11 ; 17 ; -0.0109158 ; 0.0128847 ; 0.0157393 ; 103.522;
13 ; 11 ; 17 ; 0.032352 ; -0.0838112 ; -0.0144554 ; 102.493;
14 ; 11 ; 17 ; 0.0321922 ; 0.0156024 ; -0.0100212 ; 101.89;
15 ; 11 ; 17 ; -0.0181741 ; 0.0313961 ; -0.0179235 ; 99.93;
16 ; 11 ; 17 ; -0.00370313 ; 0.0835882 ; -0.0228501 ; 101.888;
17 ; 11 ; 17 ; -0.057869 ; 0.0556967 ; 0.0467971 ; 104.04;
18 ; 11 ; 17 ; 0.0743135 ; 0.0292924 ; 0.0371328 ; 102.403;
19 ; 11 ; 17 ; -0.0553425 ; 0.0115094 ; -0.0750853 ; 102.765;
20 ; 11 ; 17 ; -0.0467642 ; -0.00131417 ; -0.0559246 ; 103.585;
21 ; 11 ; 17 ; 0.0125672 ; -0.00503571 ; -0.000586216 ; 101.478;
4 ; 12 ; 17 ; 0.0793329 ; 0.00122741 ; 0.00504465 ; 101.695;
5 ; 12 ; 17 ; 0.094229 ; -0.00101577 ; 0.0342428 ; 100.493;
6 ; 12 ; 17 ; 0.0295807 ; 0.0345908 ; 0.0796881 ; 102.572;
7 ; 12 ; 17 ; 0.0141885 ; -0.0666621 ; -0.0911724 ; 99.9075;
8 ; 12 ; 17 ; -0.0168434 ; -0.00942357 ; -0.0559671 ; 100.947;
9 ; 12 ; 17 ; 0.0417374 ; -0.00983069 ; 0.0694474 ; 98.5525;
10 ; 12 ; 17 ; 0.00967858 ; -0.0367488 ; 0.0584041 ; 100.42;
11 ; 12 ; 17 ; -0.0763218 ; 0.0525199 ; 0.031605 ; 101.517;
12 ; 12 ; 17 ; 0.0107458 ; -0.00801839 ; 0.0661251 ; 101.985;
13 ; 12 ; 17 ; -0.0373725 ; 0.0304313 ; -0.0208691 ; 101.868;
14 ; 12 ; 17 ; -0.0300944 ; -0.013256 ; -0.100484 ; 102.847;
15 ; 12 ; 17 ; 0.000194349 ; 0.016776 ; -0.028756 ; 102.14;
16 ; 12 ; 17 ; 0.00117496 ; 0.00379109 ; 0.0246474 ; 100.92;
17 ; 12 ; 17 ; 0.0242035 ; 0.0241001 ; 0.0376954 ; 98.5325;
18 ; 12 ; 17 ; -0.00432896 ; 0.0826316 ; 0.010929 ; 102.56;
19 ; 12 ; 17 ; -0.105631 ; 0.00680062 ; 0.00726688 ; 102.55;
20 ; 12 ; 17 ; -0.0666079 ; -0.00594507 ; 0.0236495 ; 100.697;
21 ; 12 ; 17 ; -0.0281823 ; 0.07857 ; -0.0294152 ; 101.717;
4 ; 13 ; 17 ; 0.0333244 ; 0.0716441 ; 0.0215487 ; 103.33;
5 ; 13 ; 17 ; -0.0168586 ; 0.0431292 ; 0.00381722 ; 103.555;
6 ; 13 ; 17 ; -0.053717 ; 0.00685181 ; -0.00471052 ; 103.39;
7 ; 13 ; 17 ; -0.00234933 ; 0.000507524 ; 0.0215562 ; 101.735;
8 ; 13 ; 17 ; -0.0140256 ; 0.0503534 ; 0.000137949 ; 101.003;
9 ; 13 ; 17 ; -0.0584204 ; 0.0296568 ; -0.0011274 ; 102.802;
10 ; 13 ; 17 ; -0.0322509 ; 0.00907605 ; 0.0229028 ; 101.767;
11 ; 13 ; 17 ; -0.0293415 ; 0.0408375 ; 0.073166 ; 100.877;
12 ; 13 ; 17 ; -0.0321413 ; 0.00412404 ; 0.0570941 ; 102.355;
13 ; 13 ; 17 ; 0.0132269 ; 0.0663119 ; 0.00814816 ; 102.168;
14 ; 13 ; 17 ; 0.00619112 ; -0.0439207 ; -0.0136974 ; 100.278;
15 ; 13 ; 17 ; 0.00440445 ; 0.0637112 ; -0.0521593 ; 101.123;
16 ; 13 ; 17 ; 0.020961 ; -0.00646251 ; 0.0639587 ; 104.292;
17 ; 13 ; 17 ; 0.0533049 ; 0.000221966 ; -0.00558983 ; 102.192;
18 ; 13 ; 17 ; -0.0084386 ; 0.0662736 ; -0.00879217 ; 101.742;
19 ; 13 ; 17 ; 0.00291743 ; -0.0204048 ; -0.0561408 ; 102.785;
20 ; 13 ; 17 ; 0.0300098 ; -0.0182017 ; 0.0750931 ; 102.827;
21 ; 13 ; 17 ; 0.0261295 ; -0.0909299 ; 0.032514 ; 104.627;
4 ; 14 ; 17 ; 0.0342167 ; 0.0323581 ; -0.0848679 ; 102.068;
5 ; 14 ; 17 ; -0.0609168 ; 0.0901733 ; -0.0227272 ; 100.83;
6 ; 14 ; 17 ; 0.0814687 ; 0.00369702 ; -0.0209897 ; 101.11;
7 ; 14 ; 17 ; 0.00350196 ; -0.0165808 ; 0.0197301 ; 103.2;
8 ; 14 ; 17 ; -0.00168167 ; 0.0681827 ; -0.0138322 ; 101.917;
9 ; 14 ; 17 ; -0.0432412 ; -0.0325477 ; 0.0391816 ; 102.183;
10 ; 14 ; 17 ; -0.0791933 ; -0.0212502 ; 0.0541449 ; 102.308;
11 ; 14 ; 17 ; 0.0922335 ; -0.0325094 ; -0.00818795 ; 102.49;
12 ; 14 ; 17 ; 0.0399972 ; -0.0254252 ; -0.0448425 ; 102.347;
13 ; 14 ; 17 ; -0.0421666 ; -0.0140324 ; -0.0400048 ; 100.417;
14 ; 14 ; 17 ; 0.0503373 ; -0.0335005 ; -0.022573 ; 103.842;
15 ; 14 ; 17 ; 0.00781306 ; -0.020772 ; -0.0267159 ; 101.95;
16 ; 14 ; 17 ; 0.0452794 ; -0.0449256 ; 0.012876 ; 101.905;
17 ; 14 ; 17 ; -0.021508 ; -0.0160608 ; 0.0120428 ; 100.422;
18 ; 14 ; 17 ; 0.00143089 ; -0.111449 ; 0.00138906 ; 99.82;
19 ; 14 ; 17 ; 0.00755597 ; -0.112094 ; 0.0632465 ; 102.075;
20 ; 14 ; 17 ; -0.0364369 ; -0.0286744 ; 0.057044 ; 101.19;
21 ; 14 ; 17 ; -0.00395411 ; -0.0352842 ; 0.0608256 ; 102.96;
4 ; 15 ; 17 ; 0.0365916 ; -0.0545285 ; -0.0440811 ; 102.502;
5 ; 15 ; 17 ; -0.0212776 ; -0.00999012 ; 0.0106707 ; 101.995;
6 ; 15 ; 17 ; -0.0855777 ; -0.0598159 ; 0.00346051 ; 101.395;
7 ; 15 ; 17 ; -0.0565 ; 0.0327161 ; 0.00518536 ; 102.133;
8 ; 15 ; 17 ; -0.0493292 ; -0.0386402 ; -0.00377538 ; 101.395;
9 ; 15 ; 17 ; -0.0396056 ; -0.0623155 ; 0.0527337 ; 100.392;
10 ; 15 ; 17 ; 0.0591223 ; -0.0777253 ; -0.0044794 ; 101.685;
11 ; 15 ; 17 ; 0.0649203 ; -0.0271423 ; -0.0668136 ; 101.472;
12 ; 15 ; 17 ; 0.0165396 ; 0.0382125 ; -0.0295405 ; 101.078;
13 ; 15 ; 17 ; -0.0592235 ; 0.0264084 ; -0.00374378 ; 101.067;
14 ; 15 ; 17 ; -0.0214578 ; -0.0125279 ; 0.0175421 ; 99.5475;
15 ; 15 ; 17 ; 0.0319945 ; -0.0317559 ; -0.0715866 ; 102.843;
16 ; 15 ; 17 ; -0.0286298 ; -0.095705 ; -0.0251929 ; 101.51;
17 ; 15 ; 17 ; -0.035186 ; 0.0204667 ; 0.0148853 ; 102.657;
18 ; 15 ; 17 ; -0.104011 ; 0.00763038 ; 0.0112435 ; 101.695;
19 ; 15 ; 17 ; -0.0322455 ; 0.0235606 ; 0.00713922 ; 101.688;
20 ; 15 ; 17 ; 0.00231747 ; 0.0409304 ; 0.00671105 ; 103.568;
21 ; 15 ; 17 ; 0.0312887 ; 0.139785 ; 0.0115798 ; 101.605;
4 ; 16 ; 17 ; -0.0423982 ; 0.0293109 ; -0.0509891 ; 101.168;
5 ; 16 ; 17 ; -0.0325492 ; 0.0115006 ; 0.0219713 ; 102.797;
6 ; 16 ; 17 ; -0.0865342 ; -0.0704564 ; 0.0597285 ; 102.913;
7 ; 16 ; 17 ; -0.0308868 ; 0.0105875 ; 0.0189059 ; 103.243;
8 ; 16 ; 17 ; 0.00816549 ; -0.0310088 ; -0.0342973 ; 103.272;
9 ; 16 ; 17 ; 0.0445266 ; -0.00974413 ; 0.00470705 ; 100.785;
10 ; 16 ; 17 ; -0.0245264 ; -0.0457401 ; 0.0491786 ; 101.013;
11 ; 16 ; 17 ; 0.00761193 ; -0.00753648 ; -0.00758739 ; 102.907;
12 ; 16 ; 17 ; 0.0576249 ; 0.0119891 ; -0.0420824 ; 103.493;
13 ; 16 ; 17 ; 0.0544343 ; -0.0170341 ; -0.045519 ; 100.172;
14 ; 16 ; 17 ; -0.0730454 ; -0.0697551 ; 0.0335186 ; 102.433;
15 ; 16 ; 17 ; 0.0269379 ; -0.00944563 ; 0.0145642 ; 102.33;
16 ; 16 ; 17 ; -0.00431896 ; 0.0254404 ; 0.0255968 ; 105.27;
17 ; 16 ; 17 ; 0.0310341 ; -0.0644816 ; -0.017782 ; 104.123;
18 ; 16 ; 17 ; 0.0120534 ; 0.0366694 ; 0.0559933 ; 102.94;
19 ; 16 ; 17 ; 0.0385786 ; 0.048363 ; -0.0384478 ; 101.13;
20 ; 16 ; 17 ; -0.0315317 ; 0.0443545 ; -0.0139442 ; 100.415;
21 ; 16 ; 17 ; -0.0445282 ; 0.0363984 ; 0.0251281 ; 105.263;
4 ; 17 ; 17 ; 0.040082 ; -0.0602944 ; 0.0043004 ; 100.587;
5 ; 17 ; 17 ; 0.0458026 ; -0.0145745 ; 0.0599276 ; 102.702;
6 ; 17 ; 17 ; -0.0464135 ; 0.0207388 ; 0.0489823 ; 102.278;
7 ; 17 ; 17 ; 0.0575648 ; -0.029943 ; -0.0157294 ; 99.47;
8 ; 17 ; 17 ; -0.0118391 ; -0.0180753 ; 0.0789805 ; 105.817;
9 ; 17 ; 17 ; -0.00429758 ; -0.0149082 ; 0.0778683 ; 101.862;
10 ; 17 ; 17 ; -0.0534371 ; -0.00172405 ; -0.00213593 ; 105.145;
11 ; 17 ; 17 ; -0.0169481 ; -0.0270363 ; 0.0806803 ; 102.428;
12 ; 17 ; 17 ; -0.00164998 ; 0.041141 ; -0.0381023 ; 102.82;
13 ; 17 ; 17 ; -0.014888 ; -0.0305737 ; -0.0183561 ; 100.92;
14 ; 17 ; 17 ; 0.0214924 ; -0.0413181 ; 0.0316783 ; 100.06;
15 ; 17 ; 17 ; 0.00763925 ; -0.0136258 ; 0.00208972 ; 99.6275;
16 ; 17 ; 17 ; -0.0361565 ; -0.00849281 ; 0.049085 ; 102.205;
17 ; 17 ; 17 ; -0.00856415 ; -0.0464241 ; -0.00185761 ; 102.925;
18 ; 17 ; 17 ; 0.0399664 ; 0.0793005 ; 0.04445 ; 99.37;
19 ; 17 ; 17 ; 0.043146 ; -0.0907469 ; -0.0371382 ; 102.377;
20 ; 17 ; 17 ; 0.0212549 ; -0.0276023 ; 0.00648221 ; 100.385;
21 ; 17 ; 17 ; -0.0119492 ; -0.0491407 ; 0.0128509 ; 100.875;
4 ; 18 ; 17 ; -0.0530079 ; 0.0100565 ; 0.00443046 ; 100.64;
5 ; 18 ; 17 ; -0.0179495 ; 0.100908 ; 0.0592427 ; 101.985;
6 ; 18 ; 17 ; 0.0764749 ; 0.0432955 ; 0.0103902 ; 103.11;
7 ; 18 ; 17 ; -0.0673686 ; -0.050304 ; 0.0901139 ; 101.52;
8 ; 18 ; 17 ; -0.0105321 ; 0.000678181 ; 0.0503888 ; 101.8;
9 ; 18 ; 17 ; 0.00678476 ; -0.029309 ; 0.0218594 ; 102.877;
10 ; 18 ; 17 ; 0.0500149 ; 0.0247825 ; -0.0137473 ; 101.027;
11 ; 18 ; 17 ; 0.000931478 ; 0.0133181 ; 0.0406075 ; 101.805;
12 ; 18 ; 17 ; -0.0556243 ; 0.000438738 ; -0.00141211 ; 102.032;
13 ; 18 ; 17 ; 0.00677241 ; -0.0662013 ; 0.0610338 ; 102.97;
14 ; 18 ; 17 ; 0.0399913 ; -0.0372999 ; -0.0798062 ; 101.888;
15 ; 18 ; 17 ; 0.0699484 ; 0.0182462 ; -2.55101e-05 ; 100.972;
16 ; 18 ; 17 ; 0.0285273 ; 0.00143381 ; -0.00169236 ; 103.963;
17 ; 18 ; 17 ; 0.120832 ; 0.0255711 ; 0.0575334 ; 100.19;
18 ; 18 ; 17 ; -0.0196813 ; 0.0578526 ; -0.00827906 ; 102.295;
19 ; 18 ; 17 ; 0.025373 ; 0.0028902 ; 0.00951274 ; 101.645;
20 ; 18 ; 17 ; 0.0685817 ; -0.00985981 ; -0.0227996 ; 102.177;
21 ; 18 ; 17 ; -0.0757191 ; -0.0221129 ; 0.0193267 ; 100.14;
4 ; 19 ; 17 ; -0.0412146 ; 0.0781963 ; 0.0325749 ; 101.37;
5 ; 19 ; 17 ; 0.0117684 ; -0.00768504 ; 0.0279873 ; 102.14;
6 ; 19 ; 17 ; -0.00942156 ; -0.0744613 ; 0.00834283 ; 101.16;
7 ; 19 ; 17 ; -0.0147507 ; -0.0375014 ; 0.0904495 ; 101.848;
8 ; 19 ; 17 ; -0.0621878 ; -0.0560497 ; 0.000285105 ; 99.765;
9 ; 19 ; 17 ; 0.0257455 ; 0.0517045 ; 0.114487 ; 101.105;
10 ; 19 ; 17 ; -0.0440123 ; -0.0238469 ; 0.0860999 ; 102.515;
11 ; 19 ; 17 ; 0.00353241 ; -0.0289298 ; 0.00773516 ; 100.107;
12 ; 19 ; 17 ; 0.0190756 ; 0.0131987 ; 0.0522502 ; 102.5;
13 ; 19 ; 17 ; -0.00707975 ; 0.0100522 ; -0.0412785 ; 104.49;
14 ; 19 ; 17 ; -0.0407544 ; 0.0692719 ; 0.127678 ; 100.168;
15 ; 19 ; 17 ; -0.0253861 ; 0.0181242 ; 0.00343183 ; 102.282;
16 ; 19 ; 17 ; 0.00791373 ; 0.0100388 ; -0.043912 ; 103.315;
17 ; 19 ; 17 ; 0.119854 ; 0.00925846 ; 0.0046418 ; 102.41;
18 ; 19 ; 17 ; -0.00643045 ; -0.0210197 ; -0.0365905 ; 102.57;
19 ; 19 ; 17 ; 0.0280468 ; -0.0402461 ; 0.00318367 ; 103.105;
20 ; 19 ; 17 ; 0.0191572 ; 0.0159505 ; -0.0130679 ; 101.92;
21 ; 19 ; 17 ; 0.0560291 ; 0.0309107 ; -0.033107 ; 98.92;
4 ; 20 ; 17 ; 0.0156043 ; -0.0215713 ; 0.0486388 ; 101.54;
5 ; 20 ; 17 ; 0.0457509 ; 0.03376 ; 0.0323779 ; 101.637;
6 ; 20 ; 17 ; -0.0448858 ; -0.0196352 ; -0.00357271 ; 99.655;
7 ; 20 ; 17 ; -0.0599858 ; -0.0373382 ; -0.0305372 ; 104.16;
8 ; 20 ; 17 ; 0.0253086 ; 0.115017 ; -0.023526 ; 103.112;
9 ; 20 ; 17 ; 0.0551077 ; 0.0436353 ; 0.033951 ; 102.525;
10 ; 20 ; 17 ; -0.032873 ; -0.0237918 ; 0.0482636 ; 104.645;
11 ; 20 ; 17 ; -0.0234235 ; 0.0214237 ; 0.0216131 ; 100.745;
12 ; 20 ; 17 ; 0.0307814 ; -0.0371696 ; 0.000859082 ; 103.99;
13 ; 20 ; 17 ; 0.0104516 ; -0.0502258 ; 0.0273769 ; 101.928;
14 ; 20 ; 17 ; -0.00240286 ; -0.00479799 ; -0.0362704 ; 101.735;
15 ; 20 ; 17 ; -0.00206183 ; 0.00538034 ; 0.0406901 ; 100.798;
16 ; 20 ; 17 ; 0.0366063 ; -0.0332414 ; 0.0217406 ; 101.292;
17 ; 20 ; 17 ; -9.90297e-05 ; 0.0392706 ; -0.00512207 ; 103.365;
18 ; 20 ; 17 ; 0.0378407 ; -0.0310405 ; 0.0627504 ; 101.685;
19 ; 20 ; 17 ; 0.0565783 ; -0.0208636 ; 0.00261102 ; 102.445;
20 ; 20 ; 17 ; 0.0217618 ; -0.0124156 ; -0.0142088 ; 100.863;
21 ; 20 ; 17 ; -0.00345342 ; 0.0127456 ; 0.0990377 ; 103.532;
4 ; 21 ; 17 ; 0.0472774 ; 0.0856167 ; -0.0353848 ; 101.737;
5 ; 21 ; 17 ; 0.0391333 ; 0.0326834 ; 0.07524 ; 101.398;
6 ; 21 ; 17 ; -0.026467 ; 0.0340687 ; -0.00204453 ; 101.303;
7 ; 21 ; 17 ; 0.0139566 ; 0.0211631 ; -0.0174635 ; 99.395;
8 ; 21 ; 17 ; -0.00749204 ; -0.0160006 ; 0.0489801 ; 102.01;
9 ; 21 ; 17 ; -0.0453977 ; -0.0418599 ; -0.0106424 ; 102.492;
10 ; 21 ; 17 ; 0.0248917 ; 0.0379328 ; 0.060791 ; 97.6;
11 ; 21 ; 17 ; -0.0610036 ; -0.0119131 ; -0.00438808 ; 101.415;
12 ; 21 ; 17 ; 0.0172076 ; 0.0723184 ; 0.0711385 ; 101.445;
13 ; 21 ; 17 ; -0.0398136 ; -0.0493756 ; -0.0283307 ; 104.39;
14 ; 21 ; 17 ; 0.0558548 ; 0.0231746 ; -0.0381883 ; 101.838;
15 ; 21 ; 17 ; 0.061614 ; -0.0579627 ; 0.0110196 ; 104.21;
16 ; 21 ; 17 ; -0.0348964 ; 0.0419884 ; -0.0758222 ; 101.2;
17 ; 21 ; 17 ; 0.0408341 ; 0.0161911 ; -0.00912176 ; 101.185;
18 ; 21 ; 17 ; -0.00646918 ; -0.0351663 ; 0.00671572 ; 100.335;
19 ; 21 ; 17 ; -0.0783477 ; 0.017778 ; -0.0564792 ; 100.757;
20 ; 21 ; 17 ; -0.0227958 ; -0.000682093 ; 0.00373523 ; 101.832;
21 ; 21 ; 17 ; -0.0402002 ; 0.0112169 ; 0.0194732 ; 102.383;
4 ; 4 ; 18 ; 0.00892997 ; -0.0665287 ; -0.101927 ; 102.145;
5 ; 4 ; 18 ; 0.0348978 ; -0.0750679 ; -0.0390517 ; 103.103;
6 ; 4 ; 18 ; -0.0336435 ; -0.00271159 ; 0.013627 ; 102.34;
7 ; 4 ; 18 ; 0.0477474 ; 0.0194238 ; -0.0256391 ; 104.105;
8 ; 4 ; 18 ; 0.0783487 ; 0.0354712 ; -0.0448022 ; 102.358;
9 ; 4 ; 18 ; -0.05629 ; 0.111815 ; -0.0356152 ; 101.472;
10 ; 4 ; 18 ; -0.012892 ; -0.0102103 ; -0.00433903 ; 103.46;
11 ; 4 ; 18 ; 0.0525548 ; -0.00528224 ; 0.0283915 ; 100.05;
12 ; 4 ; 18 ; 0.104835 ; 0.0647611 ; 0.0868597 ; 103.642;
13 ; 4 ; 18 ; 0.0497188 ; -0.060371 ; -0.0218253 ; 101.95;
14 ; 4 ; 18 ; -0.0181805 ; -0.0113322 ; 0.00777635 ; 101.71;
15 ; 4 ; 18 ; -0.014724 ; 0.00691503 ; -0.0362879 ; 101.89;
16 ; 4 ; 18 ; -0.017659 ; 0.0809487 ; 0.0211108 ; 104.51;
17 ; 4 ; 18 ; 0.0183182 ; -0.0336661 ; 0.0164061 ; 100.623;
18 ; 4 ; 18 ; 0.00472949 ; -0.0367393 ; -0.0608652 ; 100.88;
19 ; 4 ; 18 ; -0.0720264 ; 0.0256012 ; 0.0263419 ; 102.97;
20 ; 4 ; 18 ; -0.0642983 ; 0.0490628 ; 0.0411574 ; 103.685;
21 ; 4 ; 18 ; 0.00149216 ; -0.0229288 ; -0.0255625 ; 101.75;
4 ; 5 ; 18 ; 0.0378462 ; -0.059914 ; -0.0240477 ; 103.013;
5 ; 5 ; 18 ; 0.0351874 ; 0.0515218 ; -0.000120611 ; 102.49;
6 ; 5 ; 18 ; 0.0373443 ; -0.0543749 ; 0.0415809 ; 101.545;
7 ; 5 ; 18 ; 0.010003 ; -0.0569752 ; 0.0266221 ; 102.575;
8 ; 5 ; 18 ; -0.0367873 ; -0.00489833 ; -0.0115303 ; 101.675;
9 ; 5 ; 18 ; -0.0754114 ; 0.0273135 ; 0.0275454 ; 100.085;
10 ; 5 ; 18 ; -0.00997344 ; 0.0220349 ; 0.0353197 ; 100.258;
11 ; 5 ; 18 ; 0.0187267 ; -0.0326796 ; 0.00859386 ; 102.162;
12 ; 5 ; 18 ; 0.0222425 ; 0.0690703 ; 0.0588382 ; 99.195;
13 ; 5 ; 18 ; -0.0137719 ; -0.00454745 ; 0.000671115 ; 103.675;
14 ; 5 ; 18 ; 0.00950089 ; -0.00801444 ; 0.0328065 ; 102.148;
15 ; 5 ; 18 ; -0.048169 ; 0.0370481 ; -0.0273475 ; 104.168;
16 ; 5 ; 18 ; 0.0170772 ; 0.0242953 ; 0.145444 ; 100.477;
17 ; 5 ; 18 ; 0.00390881 ; 0.0267148 ; 0.030332 ; 101.562;
18 ; 5 ; 18 ; -0.0245761 ; -0.0173857 ; 0.0177493 ; 103.245;
19 ; 5 ; 18 ; -0.0230911 ; 0.0329415 ; -0.00396436 ; 101.97;
20 ; 5 ; 18 ; 0.048492 ; 0.0207802 ; -0.0240823 ; 100.772;
21 ; 5 ; 18 ; 0.00372564 ; 0.0207239 ; 0.00967431 ; 102.623;
4 ; 6 ; 18 ; 0.00987254 ; -0.00688649 ; -0.0131168 ; 102.02;
5 ; 6 ; 18 ; 0.0213141 ; -0.0423513 ; -0.00504274 ; 101.167;
6 ; 6 ; 18 ; 0.0287134 ; -0.0219339 ; 0.0582289 ; 103.105;
7 ; 6 ; 18 ; -0.0265291 ; -0.00761483 ; 0.0578849 ; 102.495;
8 ; 6 ; 18 ; 0.0191795 ; 0.0675648 ; 0.0759718 ; 101.597;
9 ; 6 ; 18 ; -0.0359037 ; -0.0212848 ; -0.0476854 ; 101.627;
10 ; 6 ; 18 ; -0.00739444 ; -0.00854641 ; -0.03368 ; 100.89;
11 ; 6 ; 18 ; -0.0154082 ; 0.0167648 ; 0.0359056 ; 100.127;
12 ; 6 ; 18 ; -0.0515155 ; 0.00779583 ; 0.0855673 ; 101.42;
13 ; 6 ; 18 ; 0.0101606 ; 0.019873 ; -0.00657246 ; 101.29;
14 ; 6 ; 18 ; 0.0577036 ; -0.0282415 ; 0.0440498 ; 99.7775;
15 ; 6 ; 18 ; 0.00279686 ; 0.0173215 ; 0.00938493 ; 102.845;
16 ; 6 ; 18 ; 0.0867473 ; 0.0382619 ; 0.0459628 ; 102.835;
17 ; 6 ; 18 ; 0.103338 ; 0.0234931 ; 0.0889592 ; 99.0825;
18 ; 6 ; 18 ; -0.0295952 ; -0.00133588 ; 0.0798702 ; 103.78;
19 ; 6 ; 18 ; -0.0277247 ; -0.0771159 ; 0.0342602 ; 101.82;
20 ; 6 ; 18 ; -0.00267082 ; -0.0508818 ; -0.0328213 ; 101.763;
21 ; 6 ; 18 ; 0.0308468 ; 0.0714325 ; -0.00939747 ; 100.438;
4 ; 7 ; 18 ; 0.0538118 ; 0.00761805 ; 0.0419803 ; 102.525;
5 ; 7 ; 18 ; -0.00875698 ; 0.022502 ; 0.0354075 ; 104.642;
6 ; 7 ; 18 ; 0.00212434 ; 0.0654393 ; -0.0042714 ; 102.475;
7 ; 7 ; 18 ; -0.00326493 ; 0.0205591 ; -0.0404931 ; 102.36;
8 ; 7 ; 18 ; 0.0256264 ; 0.0220684 ; -0.0536852 ; 101.463;
9 ; 7 ; 18 ; 0.0430526 ; 0.00874408 ; 0.0517275 ; 101.953;
10 ; 7 ; 18 ; 0.0211742 ; -0.0101381 ; -0.00316846 ; 100.132;
11 ; 7 ; 18 ; -0.036078 ; -0.00251615 ; -0.017223 ; 100.34;
12 ; 7 ; 18 ; -0.0578898 ; 0.025612 ; 0.0168667 ; 101.738;
13 ; 7 ; 18 ; -0.0161817 ; 0.0324861 ; 0.0872739 ; 103.705;
14 ; 7 ; 18 ; 0.051206 ; -0.0378614 ; 0.102122 ; 102.142;
15 ; 7 ; 18 ; -0.0302631 ; 0.0887132 ; 0.0803149 ; 101.253;
16 ; 7 ; 18 ; -0.0236332 ; 0.0988981 ; -0.0824475 ; 104.312;
17 ; 7 ; 18 ; -0.00733338 ; -0.000905085 ; -0.00818444 ; 103.023;
18 ; 7 ; 18 ; -0.0442158 ; -0.0278159 ; 0.0067633 ; 102.388;
19 ; 7 ; 18 ; -0.00691871 ; -0.0387731 ; -0.0159737 ; 102.243;
20 ; 7 ; 18 ; -0.00659421 ; -0.0761368 ; -0.0388177 ; 102.6;
21 ; 7 ; 18 ; -0.0508299 ; 0.00420618 ; -0.00958478 ; 103.103;
4 ; 8 ; 18 ; 0.0287669 ; 0.05075 ; -0.034148 ; 101.96;
5 ; 8 ; 18 ; -0.0195726 ; -0.0306196 ; -0.0264513 ; 103.403;
6 ; 8 ; 18 ; -0.0201711 ; 0.032838 ; 0.0413358 ; 101.347;
7 ; 8 ; 18 ; -0.0372455 ; -0.0462241 ; -0.0215724 ; 102.157;
8 ; 8 ; 18 ; -0.0488656 ; -0.0343693 ; 0.0727129 ; 101.14;
9 ; 8 ; 18 ; -0.0116928 ; -0.0195037 ; 0.0111226 ; 99.525;
10 ; 8 ; 18 ; 0.045532 ; -0.00484364 ; -0.00582188 ; 102.168;
11 ; 8 ; 18 ; -0.00589911 ; 0.0380913 ; 0.0245561 ; 102.838;
12 ; 8 ; 18 ; -0.0065236 ; -0.0449757 ; 0.00351874 ; 100.362;
13 ; 8 ; 18 ; -0.042701 ; 0.0247791 ; -0.103143 ; 101.523;
14 ; 8 ; 18 ; 0.0311294 ; -0.0218632 ; 0.0251806 ; 101.627;
15 ; 8 ; 18 ; -0.0939022 ; -0.0275269 ; 0.0519578 ; 102.715;
16 ; 8 ; 18 ; -0.0577614 ; -0.0152183 ; 0.00312592 ; 101.45;
17 ; 8 ; 18 ; 0.000996617 ; -0.0987595 ; 0.0365757 ; 100.615;
18 ; 8 ; 18 ; 0.0386548 ; 0.0332905 ; -0.0348929 ; 102.32;
19 ; 8 ; 18 ; -0.0110389 ; -0.00407595 ; 0.0484445 ; 103.3;
20 ; 8 ; 18 ; 0.0692793 ; 0.0571974 ; -0.0706064 ; 102.73;
21 ; 8 ; 18 ; 0.0240085 ; -0.0523475 ; 0.0433269 ; 103.143;
4 ; 9 ; 18 ; -0.0403965 ; 0.037678 ; 0.0681245 ; 100.665;
5 ; 9 ; 18 ; 0.0775587 ; 0.026099 ; 0.00755222 ; 99.055;
6 ; 9 ; 18 ; 0.0361958 ; 0.00476571 ; -0.0445429 ; 101.975;
7 ; 9 ; 18 ; 0.0294795 ; -0.0321244 ; -0.0654505 ; 102.903;
8 ; 9 ; 18 ; 0.0212016 ; 0.0153194 ; -0.0461733 ; 102.48;
9 ; 9 ; 18 ; -0.0513374 ; -0.0012754 ; -0.0549584 ; 99.6825;
10 ; 9 ; 18 ; -0.0209221 ; -0.0454651 ; -0.0426632 ; 103.868;
11 ; 9 ; 18 ; 0.0123652 ; -0.028396 ; 0.0335776 ; 103.155;
12 ; 9 ; 18 ; 0.0530665 ; -0.0510421 ; 0.0265089 ; 100.943;
13 ; 9 ; 18 ; 0.0319674 ; -0.0583268 ; 0.044638 ; 103.81;
14 ; 9 ; 18 ; -0.0618752 ; -0.0665768 ; -0.0107699 ; 101.455;
15 ; 9 ; 18 ; -0.0798686 ; -0.0267489 ; 0.033751 ; 102.423;
16 ; 9 ; 18 ; -0.0135644 ; -0.0142306 ; 0.0134092 ; 104.162;
17 ; 9 ; 18 ; 0.0483059 ; -0.0432567 ; 0.0265462 ; 100.433;
18 ; 9 ; 18 ; -0.060006 ; -0.0302438 ; 0.0193669 ; 101.617;
19 ; 9 ; 18 ; -0.0478762 ; 0.0322375 ; 0.0162741 ; 100.457;
20 ; 9 ; 18 ; -0.0036746 ; 0.00355767 ; 0.0521463 ; 101.9;
21 ; 9 ; 18 ; 0.0540191 ; -0.0460267 ; -0.00812476 ; 101.75;
4 ; 10 ; 18 ; 0.0202902 ; 0.0757032 ; 0.0868649 ; 99.63;
5 ; 10 ; 18 ; 0.0208425 ; 0.0711548 ; -0.0385341 ; 103.625;
6 ; 10 ; 18 ; 0.0545301 ; 0.0627553 ; -0.0409295 ; 103.42;
7 ; 10 ; 18 ; 0.0467341 ; -0.00536381 ; 0.0321023 ; 103.225;
8 ; 10 ; 18 ; -0.0321352 ; 0.048458 ; -0.0166927 ; 102.262;
9 ; 10 ; 18 ; 0.0218054 ; -0.0105461 ; 0.04874 ; 103.113;
10 ; 10 ; 18 ; 0.0094825 ; -0.086047 ; -0.0336123 ; 100.968;
11 ; 10 ; 18 ; -0.0517162 ; -0.086161 ; 0.074094 ; 103.923;
12 ; 10 ; 18 ; -0.00769 ; -0.0102236 ; 0.0844524 ; 102.665;
13 ; 10 ; 18 ; -0.0634106 ; -0.0122149 ; -0.0193804 ; 100.428;
14 ; 10 ; 18 ; -0.0238308 ; -0.033367 ; -0.0612476 ; 105.213;
15 ; 10 ; 18 ; 0.072228 ; -0.0405883 ; -0.0201924 ; 103.328;
16 ; 10 ; 18 ; 0.019077 ; 0.0240344 ; 0.0633479 ; 103.055;
17 ; 10 ; 18 ; 0.0118062 ; -0.0185359 ; -0.00982368 ; 103.263;
18 ; 10 ; 18 ; -0.0238804 ; -0.00263359 ; -0.020335 ; 103.295;
19 ; 10 ; 18 ; -0.0400919 ; 0.0153867 ; -0.0181784 ; 101.195;
20 ; 10 ; 18 ; 0.0206305 ; -0.0193028 ; -0.0169655 ; 101.982;
21 ; 10 ; 18 ; 0.000984926 ; 0.0557383 ; 0.0023309 ; 102.512;
4 ; 11 ; 18 ; 0.0256911 ; -0.0199267 ; -0.0232958 ; 103.507;
5 ; 11 ; 18 ; 0.0188546 ; 0.0204132 ; -0.00698339 ; 103.78;
6 ; 11 ; 18 ; 0.00612477 ; 0.0186075 ; 0.045349 ; 100.96;
7 ; 11 ; 18 ; -0.0728959 ; 0.0387 ; 0.00256078 ; 102.275;
8 ; 11 ; 18 ; -0.0209115 ; 0.0393605 ; -0.0353309 ; 98.84;
9 ; 11 ; 18 ; -0.00502882 ; 0.045267 ; 0.0684591 ; 101.822;
10 ; 11 ; 18 ; 0.0410038 ; -0.0859888 ; 0.0383151 ; 99.5375;
11 ; 11 ; 18 ; 0.00134019 ; 0.0331262 ; 0.0586518 ; 105.017;
12 ; 11 ; 18 ; -0.0181438 ; -0.00454189 ; 0.00896452 ; 101.957;
13 ; 11 ; 18 ; 0.0558938 ; 0.0473078 ; 0.055314 ; 100.76;
14 ; 11 ; 18 ; 0.0372752 ; 0.0205138 ; -0.0549154 ; 103.453;
15 ; 11 ; 18 ; 0.0682205 ; 0.0132324 ; 0.000413798 ; 101.57;
16 ; 11 ; 18 ; -0.018515 ; 0.0592632 ; -0.0211418 ; 103.065;
17 ; 11 ; 18 ; -0.0172294 ; 0.0757079 ; -0.00819627 ; 101.672;
18 ; 11 ; 18 ; -0.00283198 ; -0.042268 ; 0.0440214 ; 101.07;
19 ; 11 ; 18 ; -0.0187957 ; -0.0450051 ; -0.0129744 ; 104.017;
20 ; 11 ; 18 ; 0.0494765 ; -0.0334993 ; -0.0456356 ; 100.973;
21 ; 11 ; 18 ; 0.0661114 ; 0.0124621 ; -0.03725 ; 103.595;
4 ; 12 ; 18 ; -0.0279444 ; 0.0579924 ; -0.0677468 ; 101.8;
5 ; 12 ; 18 ; 0.102891 ; 0.00327601 ; -0.0423543 ; 101.782;
6 ; 12 ; 18 ; 0.0294346 ; 0.0778093 ; 0.0895585 ; 100.195;
7 ; 12 ; 18 ; 0.0647273 ; 0.0338244 ; -0.0063535 ; 103.907;
8 ; 12 ; 18 ; 0.0490606 ; -0.0188476 ; 0.00661904 ; 102.305;
9 ; 12 ; 18 ; 0.0265122 ; 0.0567065 ; -0.035577 ; 100.365;
10 ; 12 ; 18 ; -0.0125104 ; 0.031226 ; 0.0133588 ; 100.37;
11 ; 12 ; 18 ; -0.0100048 ; 0.0773879 ; 0.00433034 ; 102.588;
12 ; 12 ; 18 ; 0.0699297 ; 0.0557483 ; -0.0613049 ; 103.315;
13 ; 12 ; 18 ; 0.0303255 ; 0.00283889 ; -0.0927278 ; 99.9275;
14 ; 12 ; 18 ; 0.0580754 ; -0.034628 ; 0.0730202 ; 100.18;
15 ; 12 ; 18 ; 0.0184696 ; -0.0106171 ; 0.0198798 ; 101;
16 ; 12 ; 18 ; 0.046275 ; -0.0141545 ; 0.0244194 ; 100.715;
17 ; 12 ; 18 ; -0.0239384 ; 0.0436101 ; -0.0364861 ; 101.93;
18 ; 12 ; 18 ; -0.104247 ; -0.000550065 ; 0.00314439 ; 99.64;
19 ; 12 ; 18 ; -0.0643218 ; -0.0783631 ; 0.00243488 ; 101.007;
20 ; 12 ; 18 ; 0.0496452 ; -0.00457696 ; -0.0227296 ; 103.32;
21 ; 12 ; 18 ; 0.00773934 ; 0.00743065 ; -0.132362 ; 99.5475;
4 ; 13 ; 18 ; 0.00343951 ; 0.0161292 ; -0.0480852 ; 100.537;
5 ; 13 ; 18 ; -0.0908421 ; 0.0124468 ; -0.0130809 ; 100.05;
6 ; 13 ; 18 ; -0.0436902 ; 0.0856521 ; -0.00283514 ; 100.89;
7 ; 13 ; 18 ; 0.0226272 ; -0.0416794 ; -0.00759662 ; 100.178;
8 ; 13 ; 18 ; -0.00977984 ; 0.023161 ; 0.0238791 ; 103.353;
9 ; 13 ; 18 ; 0.0307221 ; -0.0600915 ; -0.00963303 ; 101.185;
10 ; 13 ; 18 ; -0.0191575 ; 0.0114463 ; 0.048691 ; 102.367;
11 ; 13 ; 18 ; -0.03718 ; -0.00720914 ; -0.0593305 ; 100.602;
12 ; 13 ; 18 ; 0.0258868 ; -0.0271819 ; -0.0931071 ; 99.85;
13 ; 13 ; 18 ; -0.00267872 ; -0.016161 ; 0.0593844 ; 105.46;
14 ; 13 ; 18 ; -0.0176605 ; -0.0958552 ; -0.0258633 ; 102.295;
15 ; 13 ; 18 ; -0.122849 ; 0.0549091 ; -0.017401 ; 100.9;
16 ; 13 ; 18 ; -0.0169707 ; 0.0126109 ; -0.0811073 ; 101.705;
17 ; 13 ; 18 ; 0.0589348 ; -0.00163368 ; 0.0345327 ; 101.67;
18 ; 13 ; 18 ; 0.00247991 ; -0.0382259 ; -0.016486 ; 102.388;
19 ; 13 ; 18 ; -0.0172093 ; -0.00900426 ; 0.0763953 ; 103;
20 ; 13 ; 18 ; -0.0365189 ; -0.0447688 ; 0.0172606 ; 103.148;
21 ; 13 ; 18 ; 0.00440848 ; 0.00991965 ; -0.0339287 ; 100.965;
4 ; 14 ; 18 ; 0.0765357 ; 0.0442178 ; 0.0233874 ; 102.475;
5 ; 14 ; 18 ; -0.0118532 ; 0.0882282 ; 0.0349085 ; 100.065;
6 ; 14 ; 18 ; -0.0327549 ; -0.0107102 ; 0.00869668 ; 101.537;
7 ; 14 ; 18 ; 0.0531979 ; -0.00567557 ; -0.0138521 ; 103.595;
8 ; 14 ; 18 ; 0.0526049 ; 0.0303747 ; -0.0247879 ; 101.512;
9 ; 14 ; 18 ; -0.0208509 ; -0.0624508 ; -0.00627158 ; 103.877;
10 ; 14 ; 18 ; -0.0142735 ; 0.0245449 ; -0.0782569 ; 102.147;
11 ; 14 ; 18 ; 0.0270647 ; -0.00794081 ; 0.0482602 ; 103.38;
12 ; 14 ; 18 ; -0.00909503 ; -0.048133 ; 0.00689675 ; 102.77;
13 ; 14 ; 18 ; -0.0233299 ; 2.7034e-05 ; -0.0373143 ; 97.945;
14 ; 14 ; 18 ; 0.0156603 ; 0.023723 ; -0.000225796 ; 104.047;
15 ; 14 ; 18 ; 0.0448997 ; -0.00875039 ; -0.0266701 ; 101.51;
16 ; 14 ; 18 ; -0.0210894 ; 0.0582418 ; -0.0710208 ; 102.23;
17 ; 14 ; 18 ; -0.0644536 ; -0.0215061 ; -0.0187812 ; 102.157;
18 ; 14 ; 18 ; -0.0311236 ; -0.128427 ; -0.0542786 ; 102.097;
19 ; 14 ; 18 ; -0.0281324 ; 0.101751 ; 0.0450381 ; 102.268;
20 ; 14 ; 18 ; -0.0162181 ; -0.0313136 ; 0.0122528 ; 101.018;
21 ; 14 ; 18 ; 0.00639576 ; 0.0377607 ; 0.000182659 ; 101.32;
4 ; 15 ; 18 ; -0.00431624 ; -0.0487304 ; 0.0313681 ; 101.41;
5 ; 15 ; 18 ; 0.0114813 ; 0.0374075 ; -0.0477766 ; 101.815;
6 ; 15 ; 18 ; 0.00962874 ; -0.033206 ; 0.0314663 ; 101.23;
7 ; 15 ; 18 ; 0.0240916 ; -0.0728895 ; -0.0229589 ; 102.562;
8 ; 15 ; 18 ; 0.0128592 ; -0.0506597 ; 0.00933522 ; 103.513;
9 ; 15 ; 18 ; 0.00172521 ; -0.0481553 ; 0.0266359 ; 100.37;
10 ; 15 ; 18 ; -0.00846863 ; -0.0363432 ; 0.0381455 ; 101.268;
11 ; 15 ; 18 ; 0.0141761 ; 0.0144677 ; -0.0225895 ; 101.955;
12 ; 15 ; 18 ; 0.0175164 ; -0.0632059 ; 0.0576512 ; 103.04;
13 ; 15 ; 18 ; -0.00653695 ; -0.0301847 ; 0.0146356 ; 98.46;
14 ; 15 ; 18 ; -0.0326483 ; -0.00471395 ; 0.0908519 ; 101.505;
15 ; 15 ; 18 ; -0.00472734 ; -0.0671583 ; -0.0142304 ; 101.302;
16 ; 15 ; 18 ; 0.0147593 ; 0.00695081 ; -0.0687996 ; 100.505;
17 ; 15 ; 18 ; 0.018985 ; 0.0144231 ; -0.0193162 ; 102.733;
18 ; 15 ; 18 ; 0.0388752 ; 0.00376177 ; 0.0109402 ; 102.032;
19 ; 15 ; 18 ; -6.98801e-05 ; 0.00250725 ; 0.0433077 ; 105.125;
20 ; 15 ; 18 ; -0.0187361 ; 0.0548807 ; 0.0373221 ; 100.692;
21 ; 15 ; 18 ; 0.0961762 ; 0.0816201 ; 0.0666424 ; 102.778;
4 ; 16 ; 18 ; 0.00553655 ; -0.0117062 ; 0.0456839 ; 99.855;
5 ; 16 ; 18 ; -0.0387299 ; -0.0437773 ; 0.016339 ; 101.395;
6 ; 16 ; 18 ; -0.0968487 ; 0.0378014 ; -0.0150558 ; 104.363;
7 ; 16 ; 18 ; -0.0513081 ; 0.0426026 ; 0.04646 ; 102.912;
8 ; 16 ; 18 ; -0.0162769 ; 0.0135575 ; -0.0258198 ; 102.01;
9 ; 16 ; 18 ; 0.0275728 ; 0.0233452 ; -0.00329274 ; 102.765;
10 ; 16 ; 18 ; 0.070349 ; 0.00189341 ; 0.00872914 ; 101.025;
11 ; 16 ; 18 ; 0.0062649 ; -0.047754 ; 0.0714397 ; 102.72;
12 ; 16 ; 18 ; 0.0206223 ; -0.0778101 ; -0.00681941 ; 102.12;
13 ; 16 ; 18 ; -0.0640217 ; 0.0265484 ; -0.0242245 ; 100.19;
14 ; 16 ; 18 ; 0.00373826 ; -0.0048353 ; 0.0192646 ; 101.168;
15 ; 16 ; 18 ; -0.0133461 ; -0.0233455 ; -0.0114465 ; 101.338;
16 ; 16 ; 18 ; 0.0546064 ; -0.0290673 ; 0.0323361 ; 99.47;
17 ; 16 ; 18 ; 0.0179806 ; 0.0617949 ; 0.0884998 ; 99.4225;
18 ; 16 ; 18 ; 0.0698713 ; -0.0344398 ; -0.154598 ; 103.983;
19 ; 16 ; 18 ; 0.0350953 ; -0.035615 ; -0.0708569 ; 103.04;
20 ; 16 ; 18 ; -0.0129985 ; 0.0435182 ; 0.0605306 ; 100.593;
21 ; 16 ; 18 ; -0.0513129 ; -0.0536452 ; -0.0252847 ; 100.757;
4 ; 17 ; 18 ; 0.0350439 ; 0.00169983 ; 0.0907923 ; 103.445;
5 ; 17 ; 18 ; 0.0826098 ; -0.0346846 ; -0.0447756 ; 101.573;
6 ; 17 ; 18 ; -0.091338 ; 0.0291617 ; 0.0980055 ; 100.38;
7 ; 17 ; 18 ; 0.0121063 ; 0.0081903 ; 0.0573986 ; 103.905;
8 ; 17 ; 18 ; 0.0220922 ; -0.0595856 ; 0.0390223 ; 100.983;
9 ; 17 ; 18 ; -4.26095e-05 ; 0.0626001 ; 0.0816849 ; 102.733;
10 ; 17 ; 18 ; 0.0538428 ; -0.00271844 ; 0.00611257 ; 101.755;
11 ; 17 ; 18 ; -0.0341995 ; 0.0416057 ; -0.0143495 ; 101.942;
12 ; 17 ; 18 ; -0.0163516 ; 0.0252515 ; -0.0636292 ; 98.3425;
13 ; 17 ; 18 ; 0.0316395 ; 0.0979536 ; 0.0123916 ; 101.752;
14 ; 17 ; 18 ; 0.0266952 ; 0.0794717 ; 0.0717468 ; 104.182;
15 ; 17 ; 18 ; -0.0567407 ; 0.0376472 ; 0.0346561 ; 101.278;
16 ; 17 ; 18 ; -0.0834661 ; -0.0579226 ; -0.02818 ; 102.483;
17 ; 17 ; 18 ; -0.0111449 ; -0.0699202 ; 0.0532184 ; 100.64;
18 ; 17 ; 18 ; -0.007066 ; 0.0173946 ; 0.00632642 ; 101.823;
19 ; 17 ; 18 ; -0.0204601 ; -0.00751111 ; 0.0417422 ; 101.838;
20 ; 17 ; 18 ; -0.026158 ; 0.0139835 ; -0.0070801 ; 101.912;
21 ; 17 ; 18 ; 0.0639184 ; 0.0429655 ; -0.0513696 ; 101.285;
4 ; 18 ; 18 ; -0.0146062 ; -0.0101599 ; -0.00045138 ; 100.93;
5 ; 18 ; 18 ; 0.00379839 ; 0.0628375 ; 0.06723 ; 99.9525;
6 ; 18 ; 18 ; 0.0354871 ; -0.00129412 ; 0.0495447 ; 104.41;
7 ; 18 ; 18 ; -0.0309984 ; -0.00912451 ; -0.0738826 ; 100.602;
8 ; 18 ; 18 ; 0.0204902 ; -0.00732485 ; -0.0268302 ; 103.745;
9 ; 18 ; 18 ; 0.00563489 ; 0.0420261 ; -0.0228099 ; 100.82;
10 ; 18 ; 18 ; 0.0151682 ; -0.00142602 ; 0.0265325 ; 103.075;
11 ; 18 ; 18 ; -0.00797194 ; 0.028676 ; 0.0720441 ; 101.982;
12 ; 18 ; 18 ; -0.0531405 ; -0.029022 ; 0.00805392 ; 102.14;
13 ; 18 ; 18 ; 0.0109428 ; 0.0368783 ; -0.00299619 ; 100.912;
14 ; 18 ; 18 ; 0.0718255 ; 0.020811 ; 0.0427272 ; 102.068;
15 ; 18 ; 18 ; -0.047892 ; 0.120994 ; 0.00981777 ; 100.195;
16 ; 18 ; 18 ; -0.0214603 ; 0.058453 ; -0.0317723 ; 99.5975;
17 ; 18 ; 18 ; 0.00230286 ; -0.042076 ; -0.00399304 ; 104.855;
18 ; 18 ; 18 ; 0.03754 ; 0.0305541 ; 0.0441573 ; 98.5775;
19 ; 18 ; 18 ; -0.0023954 ; 0.0353368 ; -0.0263416 ; 103.89;
20 ; 18 ; 18 ; 0.0537223 ; 0.066127 ; 0.024931 ; 102.307;
21 ; 18 ; 18 ; -0.024275 ; 0.0340795 ; 0.00896498 ; 99.7125;
4 ; 19 ; 18 ; -0.00663076 ; -0.0262466 ; 0.0194142 ; 100.678;
5 ; 19 ; 18 ; 0.0563817 ; 0.0556157 ; 0.00861603 ; 103.168;
6 ; 19 ; 18 ; -0.0534474 ; 0.0465189 ; -0.017976 ; 100.195;
7 ; 19 ; 18 ; -0.000786422 ; 0.0709674 ; 0.0304891 ; 103.203;
8 ; 19 ; 18 ; 0.0377159 ; -0.0553069 ; -0.0374335 ; 102.7;
9 ; 19 ; 18 ; 0.0423847 ; 0.0287882 ; -0.0334026 ; 101.892;
10 ; 19 ; 18 ; -0.0436744 ; 0.0343151 ; 0.0236988 ; 101.218;
11 ; 19 ; 18 ; -0.0696525 ; 0.0358577 ; 0.0454623 ; 102.662;
12 ; 19 ; 18 ; -0.0371622 ; 0.0257691 ; -0.0455391 ; 100.395;
13 ; 19 ; 18 ; -0.0727353 ; -0.0088102 ; -0.0221017 ; 103.805;
14 ; 19 ; 18 ; -0.0708314 ; -0.0544451 ; 0.129535 ; 101.552;
15 ; 19 ; 18 ; -0.0533383 ; 0.0265702 ; 0.0634427 ; 101.255;
16 ; 19 ; 18 ; -0.0449505 ; 0.132615 ; 0.0393676 ; 102.13;
17 ; 19 ; 18 ; -0.0534487 ; 0.0335281 ; -0.0593787 ; 101.575;
18 ; 19 ; 18 ; 0.0295059 ; 0.0664032 ; 0.00552282 ; 101.517;
19 ; 19 ; 18 ; -0.00369282 ; 0.014691 ; 0.038487 ; 100.785;
20 ; 19 ; 18 ; -0.00673342 ; 0.0711017 ; -0.000856078 ; 101.475;
21 ; 19 ; 18 ; -0.0649504 ; -0.0207158 ; -0.0240492 ; 100.48;
4 ; 20 ; 18 ; -0.0344737 ; 0.0364992 ; -0.0195401 ; 103.61;
5 ; 20 ; 18 ; 0.0300515 ; 0.0660293 ; -0.011832 ; 102.583;
6 ; 20 ; 18 ; 0.00784445 ; 0.0347271 ; 0.0365196 ; 100.58;
7 ; 20 ; 18 ; -0.0705031 ; 0.0733927 ; -0.00853792 ; 103.19;
8 ; 20 ; 18 ; -0.0180745 ; 0.0171625 ; 0.00104037 ; 102.04;
9 ; 20 ; 18 ; 0.040737 ; 0.0602021 ; -0.0178785 ; 101.01;
10 ; 20 ; 18 ; -0.0539644 ; 0.0104625 ; 0.0300025 ; 102.815;
11 ; 20 ; 18 ; 0.0711005 ; -0.0257612 ; 0.03117 ; 103.645;
12 ; 20 ; 18 ; 0.0740275 ; -0.0199136 ; -0.0706183 ; 101.638;
13 ; 20 ; 18 ; 0.00265054 ; 0.0483925 ; 0.062667 ; 100.425;
14 ; 20 ; 18 ; 0.0404063 ; 0.0359079 ; 0.0660691 ; 100.688;
15 ; 20 ; 18 ; 0.0165332 ; 0.0170434 ; 0.00720231 ; 103.428;
16 ; 20 ; 18 ; 0.00962849 ; 0.0403814 ; 0.0153326 ; 101.54;
17 ; 20 ; 18 ; -0.00068059 ; -0.00235209 ; -0.06779 ; 100.793;
18 ; 20 ; 18 ; -0.0477202 ; -0.0245487 ; -0.0522474 ; 101.86;
19 ; 20 ; 18 ; -0.0203209 ; -0.0674116 ; 0.0185027 ; 102.55;
20 ; 20 ; 18 ; -0.0414909 ; 0.0218915 ; 0.00554787 ; 102.248;
21 ; 20 ; 18 ; -0.0387632 ; 0.100566 ; 0.0336845 ; 101.617;
4 ; 21 ; 18 ; -0.00723443 ; -0.0145183 ; 0.0247254 ; 101.675;
5 ; 21 ; 18 ; -0.0593539 ; 0.0602051 ; -0.0313937 ; 102.608;
6 ; 21 ; 18 ; -0.0448356 ; -0.0557413 ; 0.0182503 ; 101.35;
7 ; 21 ; 18 ; -7.73444e-06 ; -0.0199765 ; -0.100827 ; 102.587;
8 ; 21 ; 18 ; -0.0103893 ; 0.0180027 ; -0.0293295 ; 100.363;
9 ; 21 ; 18 ; 0.0231416 ; 0.00706134 ; 0.0295654 ; 100.47;
10 ; 21 ; 18 ; -0.0111738 ; -0.0299043 ; -0.0114895 ; 103.555;
11 ; 21 ; 18 ; -0.0183461 ; -0.0185975 ; 0.0299493 ; 102.34;
12 ; 21 ; 18 ; -0.0172849 ; -0.0273268 ; -0.0226426 ; 102.078;
13 ; 21 ; 18 ; -0.044115 ; 0.0261007 ; -0.00983424 ; 104.655;
14 ; 21 ; 18 ; -0.0412629 ; 0.0330201 ; -0.0376932 ; 102.355;
15 ; 21 ; 18 ; -0.0744825 ; 0.0532476 ; -0.0327954 ; 102.33;
16 ; 21 ; 18 ; -0.0245796 ; 0.0161162 ; 0.0518719 ; 100.815;
17 ; 21 ; 18 ; 0.0394557 ; -0.0429414 ; -0.0410705 ; 101.575;
18 ; 21 ; 18 ; 0.00584622 ; 0.0546351 ; 0.0391877 ; 103.332;
19 ; 21 ; 18 ; 0.0207846 ; 0.0595037 ; 0.0690164 ; 101.875;
20 ; 21 ; 18 ; -0.0488289 ; -0.0250569 ; 0.0329207 ; 103.58;
21 ; 21 ; 18 ; -0.0115819 ; 0.0967995 ; 0.00488689 ; 101.485;
4 ; 4 ; 19 ; -0.0468799 ; -0.0055905 ; -0.0306759 ; 100.375;
5 ; 4 ; 19 ; 0.000368338 ; -0.047586 ; -0.0573604 ; 100.752;
6 ; 4 ; 19 ; -0.0371959 ; 0.0398029 ; -0.0114148 ; 101.835;
7 ; 4 ; 19 ; -0.0145295 ; 0.0334063 ; -0.00388723 ; 102.523;
8 ; 4 ; 19 ; 0.108737 ; -0.0505031 ; -0.0211723 ; 101.817;
9 ; 4 ; 19 ; 0.0382634 ; 0.0344279 ; 0.0122739 ; 100.652;
10 ; 4 ; 19 ; 0.00451346 ; 0.0105699 ; 0.00860741 ; 100.792;
11 ; 4 ; 19 ; 0.00838593 ; 0.00221427 ; 0.0159797 ; 102.055;
12 ; 4 ; 19 ; -0.00112837 ; 0.0217341 ; 0.0131177 ; 100.935;
13 ; 4 ; 19 ; -0.00215105 ; -0.0278618 ; -0.0528646 ; 103.328;
14 ; 4 ; 19 ; -0.00367528 ; 0.0710601 ; 0.0227215 ; 101.892;
15 ; 4 ; 19 ; 0.00933122 ; 0.0181697 ; -0.0165783 ; 102.49;
16 ; 4 ; 19 ; 0.0371484 ; 0.0584715 ; -0.0217855 ; 98.6325;
17 ; 4 ; 19 ; 0.0248297 ; 0.040727 ; 0.000198153 ; 105.002;
18 ; 4 ; 19 ; 0.145578 ; 0.0109289 ; 0.00406477 ; 100.627;
19 ; 4 ; 19 ; -0.0138548 ; -0.00656796 ; 0.0631354 ; 101.093;
20 ; 4 ; 19 ; 0.00509771 ; 0.0162998 ; -0.000410735 ; 104.312;
21 ; 4 ; 19 ; 0.0105917 ; -0.0516552 ; -0.00381872 ; 101.982;
4 ; 5 ; 19 ; -0.000212761 ; -0.0148548 ; -0.000352974 ; 103.515;
5 ; 5 ; 19 ; -0.0999799 ; 0.0281655 ; -0.00430956 ; 102.125;
6 ; 5 ; 19 ; 0.0435466 ; -0.013474 ; 0.08625 ; 104.373;
7 ; 5 ; 19 ; 0.00708823 ; -0.0341957 ; 0.0276231 ; 102.627;
8 ; 5 ; 19 ; -0.0304819 ; -0.0360393 ; -0.00830421 ; 102.832;
9 ; 5 ; 19 ; 0.0032898 ; 0.00775168 ; 0.0384567 ; 102.93;
10 ; 5 ; 19 ; -0.00723004 ; -0.0461551 ; 0.066207 ; 101.695;
11 ; 5 ; 19 ; 0.0208003 ; 0.0818134 ; 0.0195833 ; 101.167;
12 ; 5 ; 19 ; 0.0562026 ; -0.0480947 ; -0.00586094 ; 100.458;
13 ; 5 ; 19 ; -0.0692293 ; -0.00774633 ; 0.0312529 ; 101.4;
14 ; 5 ; 19 ; 0.081659 ; 0.00686104 ; -0.0710723 ; 103.623;
15 ; 5 ; 19 ; 0.0362398 ; 0.0561889 ; -0.0297172 ; 102.157;
16 ; 5 ; 19 ; -0.0390593 ; 0.0218866 ; 0.0822235 ; 102.038;
17 ; 5 ; 19 ; 0.0134894 ; 0.00782227 ; -0.00600785 ; 103.785;
18 ; 5 ; 19 ; 0.0903004 ; -0.00397335 ; 0.0121763 ; 100.712;
19 ; 5 ; 19 ; -0.00670338 ; -0.00422906 ; -0.0192417 ; 102.838;
20 ; 5 ; 19 ; -0.0221255 ; -0.0321854 ; 0.0535709 ; 100.862;
21 ; 5 ; 19 ; -0.0168207 ; -0.0360638 ; -0.0367736 ; 101.1;
4 ; 6 ; 19 ; 0.0108631 ; -0.0257321 ; -0.0368424 ; 102.24;
5 ; 6 ; 19 ; -0.0221124 ; -0.0128031 ; -0.0474165 ; 102.325;
6 ; 6 ; 19 ; 0.00702096 ; 0.00913432 ; -0.074826 ; 101.507;
7 ; 6 ; 19 ; 0.0757544 ; -0.0237078 ; 0.0281864 ; 103.41;
8 ; 6 ; 19 ; 0.0245719 ; -0.0314919 ; 0.0614445 ; 102.125;
9 ; 6 ; 19 ; 0.0257403 ; -0.0572269 ; -0.0232103 ; 101.422;
10 ; 6 ; 19 ; 0.0280271 ; -0.00094362 ; 0.0557006 ; 101.64;
11 ; 6 ; 19 ; -0.080779 ; 0.012493 ; 0.0396715 ; 102.94;
12 ; 6 ; 19 ; 0.0123918 ; -0.0354554 ; -0.0363089 ; 102.033;
13 ; 6 ; 19 ; -0.0795406 ; 0.00157577 ; -0.000972764 ; 101.553;
14 ; 6 ; 19 ; -0.0409828 ; -0.0067093 ; -0.0563888 ; 100.302;
15 ; 6 ; 19 ; -0.0778104 ; 0.0329421 ; 0.0678391 ; 101.548;
16 ; 6 ; 19 ; -0.00407738 ; 0.0699472 ; 0.0193166 ; 101.52;
17 ; 6 ; 19 ; 0.0180727 ; 0.0202073 ; 0.0778064 ; 101.882;
18 ; 6 ; 19 ; 0.0573689 ; -0.00884611 ; 0.0427369 ; 104.532;
19 ; 6 ; 19 ; 0.0382589 ; 0.0122543 ; 0.0163755 ; 101.107;
20 ; 6 ; 19 ; 0.017009 ; 0.00155012 ; -0.0242619 ; 100.895;
21 ; 6 ; 19 ; -0.051285 ; -0.053953 ; 0.030774 ; 102.673;
4 ; 7 ; 19 ; -0.0123121 ; 0.091378 ; -0.0443073 ; 102.317;
5 ; 7 ; 19 ; -0.0389221 ; -0.0186424 ; 0.0574069 ; 100.597;
6 ; 7 ; 19 ; 0.036979 ; -0.0294037 ; 0.0878643 ; 99.6425;
7 ; 7 ; 19 ; 0.0137383 ; -0.01873 ; -0.0300922 ; 101.352;
8 ; 7 ; 19 ; 0.0615988 ; 0.0394353 ; -0.0627262 ; 101.052;
9 ; 7 ; 19 ; 0.0326734 ; -0.0349698 ; 0.00211586 ; 102.765;
10 ; 7 ; 19 ; 0.00939468 ; -0.0521958 ; 0.000966315 ; 105.972;
11 ; 7 ; 19 ; -0.015675 ; -0.0176825 ; 0.0101479 ; 102.077;
12 ; 7 ; 19 ; -0.0188527 ; -0.0975394 ; 0.00162324 ; 101.265;
13 ; 7 ; 19 ; -0.026937 ; -0.0584 ; 0.00864745 ; 99.8075;
14 ; 7 ; 19 ; -0.0446949 ; 0.0851088 ; -0.0499485 ; 100.895;
15 ; 7 ; 19 ; -0.0038715 ; 0.0840274 ; 0.031354 ; 102.295;
16 ; 7 ; 19 ; 1.9274e-06 ; 0.0279773 ; 0.0266109 ; 101.658;
17 ; 7 ; 19 ; 0.00705385 ; 0.0157739 ; 0.00376321 ; 103.143;
18 ; 7 ; 19 ; 0.07233 ; -0.0103999 ; -0.0650968 ; 102.055;
19 ; 7 ; 19 ; -0.0488225 ; -0.0491539 ; 0.00217191 ; 101.86;
20 ; 7 ; 19 ; 0.0336248 ; -0.016224 ; -0.0870471 ; 101.15;
21 ; 7 ; 19 ; 0.0625753 ; -0.0276761 ; 0.0781755 ; 101.25;
4 ; 8 ; 19 ; -0.0629831 ; -0.0384923 ; 0.000713889 ; 102.19;
5 ; 8 ; 19 ; 0.00646663 ; 0.03252 ; 0.00665338 ; 104.15;
6 ; 8 ; 19 ; 0.0570227 ; 0.0842583 ; 0.0559945 ; 101.108;
7 ; 8 ; 19 ; 0.0225738 ; -0.0257659 ; 0.00973238 ; 102.297;
8 ; 8 ; 19 ; 0.111746 ; -0.0351547 ; 0.0299503 ; 101.47;
9 ; 8 ; 19 ; 0.0473772 ; -0.0564179 ; 0.0177091 ; 98.51;
10 ; 8 ; 19 ; -0.0255471 ; -0.0185557 ; 0.011666 ; 103.2;
11 ; 8 ; 19 ; -0.0209898 ; 0.0354184 ; 0.0491023 ; 101.245;
12 ; 8 ; 19 ; -0.0156084 ; -0.0171042 ; -0.00599178 ; 99.73;
13 ; 8 ; 19 ; -0.049523 ; -0.0539932 ; 0.0262739 ; 98.7775;
14 ; 8 ; 19 ; -0.0771943 ; 0.00115264 ; 0.0137986 ; 100.86;
15 ; 8 ; 19 ; 0.0213331 ; 0.0382718 ; 0.0685509 ; 99.5425;
16 ; 8 ; 19 ; 0.0110608 ; -0.0945562 ; -0.00251731 ; 102.525;
17 ; 8 ; 19 ; 0.0599377 ; 0.00404804 ; 0.0288909 ; 101.97;
18 ; 8 ; 19 ; -0.0256902 ; 0.01233 ; -0.0735863 ; 102.155;
19 ; 8 ; 19 ; -0.084375 ; 0.0290426 ; -0.0156028 ; 101.33;
20 ; 8 ; 19 ; 0.0197023 ; -0.0551538 ; 0.0465091 ; 100.688;
21 ; 8 ; 19 ; -0.0166828 ; -0.0323613 ; -0.0223404 ; 104.513;
4 ; 9 ; 19 ; 0.0643536 ; 0.0328752 ; 0.0176828 ; 101.507;
5 ; 9 ; 19 ; 0.0619196 ; 0.0606747 ; -0.0347182 ; 101.54;
6 ; 9 ; 19 ; -0.0273046 ; -0.000162958 ; -0.0595286 ; 101.793;
7 ; 9 ; 19 ; -0.0103659 ; 0.0246221 ; 0.0525812 ; 100.255;
8 ; 9 ; 19 ; 0.0670395 ; 0.0888273 ; 0.026961 ; 102.773;
9 ; 9 ; 19 ; 0.0331608 ; -0.0179384 ; 0.000886334 ; 102.368;
10 ; 9 ; 19 ; 0.00501106 ; -0.0813713 ; -0.00347433 ; 103.855;
11 ; 9 ; 19 ; 0.00100198 ; -0.0294613 ; 0.0180588 ; 102.98;
12 ; 9 ; 19 ; 0.041143 ; -0.00512314 ; -0.0645039 ; 103.007;
13 ; 9 ; 19 ; 0.0289343 ; -0.0171206 ; 0.0286662 ; 101.517;
14 ; 9 ; 19 ; 0.0279864 ; 0.0162877 ; -0.0240258 ; 103.165;
15 ; 9 ; 19 ; 0.00725725 ; -0.00159273 ; -0.0115029 ; 100.698;
16 ; 9 ; 19 ; 0.0463722 ; -0.0290321 ; 0.0395795 ; 103.46;
17 ; 9 ; 19 ; 0.0490004 ; 0.0645671 ; 0.0233322 ; 101.207;
18 ; 9 ; 19 ; -0.0382424 ; 0.00962607 ; -0.00269799 ; 104.228;
19 ; 9 ; 19 ; 0.00376618 ; -0.014412 ; 0.071174 ; 100.317;
20 ; 9 ; 19 ; -0.0443399 ; -0.0609217 ; 0.0354843 ; 101.86;
21 ; 9 ; 19 ; -0.00738246 ; 0.00869433 ; -0.0287403 ; 103.127;
4 ; 10 ; 19 ; 0.0146562 ; 0.0703324 ; -0.00121407 ; 100.22;
5 ; 10 ; 19 ; -0.032062 ; 0.00236152 ; 0.0542471 ; 101.235;
6 ; 10 ; 19 ; 0.00527157 ; 0.0707316 ; -0.0634275 ; 102.183;
7 ; 10 ; 19 ; 0.0716861 ; -0.0134092 ; 0.0931977 ; 102.905;
8 ; 10 ; 19 ; 0.0311093 ; 0.0036489 ; -0.0126169 ; 100.188;
9 ; 10 ; 19 ; 0.0667459 ; -0.00235464 ; -0.00899993 ; 101.395;
10 ; 10 ; 19 ; 0.00330643 ; -0.0637761 ; 0.0346534 ; 101.343;
11 ; 10 ; 19 ; 0.00961481 ; -0.0384412 ; -0.0213997 ; 102.773;
12 ; 10 ; 19 ; -0.00196805 ; -0.00799548 ; 0.0591558 ; 100.695;
13 ; 10 ; 19 ; -0.0516336 ; 0.00742565 ; -0.0483932 ; 101.965;
14 ; 10 ; 19 ; -0.014748 ; -0.00824447 ; -0.0751305 ; 100.963;
15 ; 10 ; 19 ; 0.00818657 ; 0.0297792 ; 0.0151275 ; 101.61;
16 ; 10 ; 19 ; 0.012745 ; 0.0897286 ; 0.0605797 ; 100.767;
17 ; 10 ; 19 ; -0.0588616 ; -0.0403043 ; 0.0149515 ; 99.95;
18 ; 10 ; 19 ; 0.0126688 ; 0.00820003 ; 0.00341011 ; 104.545;
19 ; 10 ; 19 ; -0.0403613 ; -3.75146e-05 ; -0.0785215 ; 101.498;
20 ; 10 ; 19 ; -0.0827376 ; 0.0456953 ; 0.0671982 ; 101.035;
21 ; 10 ; 19 ; -0.0739875 ; -0.0591185 ; 0.00859132 ; 100.205;
4 ; 11 ; 19 ; 0.0151617 ; 0.0159946 ; -5.34628e-05 ; 101.725;
5 ; 11 ; 19 ; 0.0314918 ; 0.0366219 ; 0.0741537 ; 100.39;
6 ; 11 ; 19 ; -0.0554884 ; 0.052638 ; 0.00432042 ; 103.097;
7 ; 11 ; 19 ; 0.105411 ; 0.0494049 ; -0.0584288 ; 102.928;
8 ; 11 ; 19 ; 0.0194561 ; 0.013267 ; -0.026275 ; 101.703;
9 ; 11 ; 19 ; 0.0746078 ; 0.0262667 ; 0.0692559 ; 101.39;
10 ; 11 ; 19 ; 0.0581687 ; -0.00914563 ; 0.000350429 ; 101.127;
11 ; 11 ; 19 ; 0.0256885 ; -0.0605995 ; 0.00992904 ; 102.722;
12 ; 11 ; 19 ; -0.146721 ; 0.020719 ; 0.0399889 ; 103.522;
13 ; 11 ; 19 ; -0.0587837 ; 0.00116789 ; 0.0706783 ; 100.028;
14 ; 11 ; 19 ; 0.00386627 ; -0.0194123 ; 0.0338775 ; 99.0225;
15 ; 11 ; 19 ; 0.0233779 ; -0.00110626 ; -0.00789208 ; 102.22;
16 ; 11 ; 19 ; -0.0224038 ; -0.033377 ; -0.052708 ; 103.922;
17 ; 11 ; 19 ; 0.0107617 ; -0.0429517 ; 0.0338685 ; 101.8;
18 ; 11 ; 19 ; -0.020631 ; -0.0573801 ; -0.0298019 ; 102.282;
19 ; 11 ; 19 ; 0.00419499 ; -0.01108 ; 0.0298629 ; 102.555;
20 ; 11 ; 19 ; 0.0606011 ; -0.0211086 ; -0.0350574 ; 101.697;
21 ; 11 ; 19 ; 0.0527585 ; 0.00637698 ; 0.00635413 ; 100.197;
4 ; 12 ; 19 ; -0.00970654 ; 0.0430419 ; -0.0289065 ; 103.745;
5 ; 12 ; 19 ; -0.0429369 ; 0.0194577 ; 0.0432796 ; 100.105;
6 ; 12 ; 19 ; 0.0336518 ; 0.0233089 ; 0.0201388 ; 103.19;
7 ; 12 ; 19 ; 0.0116305 ; -0.0221952 ; 0.0558467 ; 100.328;
8 ; 12 ; 19 ; 0.0380993 ; 0.00684334 ; 0.0318687 ; 100.737;
9 ; 12 ; 19 ; 0.0441838 ; 0.018137 ; -0.00653419 ; 102.24;
10 ; 12 ; 19 ; -0.00300331 ; 0.0586111 ; -0.0229597 ; 105.5;
11 ; 12 ; 19 ; -0.0262095 ; -0.0514079 ; 0.0274495 ; 99.235;
12 ; 12 ; 19 ; 0.0274481 ; 0.0672835 ; -0.00525552 ; 103.18;
13 ; 12 ; 19 ; 0.0201541 ; 0.0210869 ; 0.00933058 ; 103.062;
14 ; 12 ; 19 ; -0.0224981 ; -0.0441364 ; -0.0374695 ; 99.3625;
15 ; 12 ; 19 ; 0.0272837 ; 0.0323765 ; 0.07351 ; 103.308;
16 ; 12 ; 19 ; -0.0423629 ; 0.0690461 ; 0.00702787 ; 101.47;
17 ; 12 ; 19 ; -0.074459 ; 0.00758424 ; 0.0415538 ; 102.252;
18 ; 12 ; 19 ; -0.0421782 ; -0.0208245 ; -0.0185351 ; 99.725;
19 ; 12 ; 19 ; 0.0227045 ; -0.0205409 ; -0.131237 ; 102.255;
20 ; 12 ; 19 ; 0.0598601 ; 0.0317355 ; -0.0728561 ; 100.68;
21 ; 12 ; 19 ; -0.0503526 ; 0.0241777 ; -0.0420398 ; 99.775;
4 ; 13 ; 19 ; 0.0530772 ; 0.00840264 ; 0.0213011 ; 98.095;
5 ; 13 ; 19 ; -0.0206463 ; 0.00775405 ; 0.0444105 ; 101.235;
6 ; 13 ; 19 ; 0.0148948 ; 0.000183356 ; -0.0583331 ; 100.687;
7 ; 13 ; 19 ; -0.0323193 ; -0.00469111 ; -0.0205174 ; 101.738;
8 ; 13 ; 19 ; 0.0546354 ; 0.0384874 ; 0.0491439 ; 102.808;
9 ; 13 ; 19 ; 0.0272523 ; 0.0437076 ; -0.015638 ; 101.665;
10 ; 13 ; 19 ; 0.0492822 ; 0.0552299 ; 0.00660087 ; 103.207;
11 ; 13 ; 19 ; -0.0448379 ; -0.102337 ; -0.0771868 ; 100.855;
12 ; 13 ; 19 ; 0.0262256 ; -0.0124557 ; 0.00348205 ; 101.315;
13 ; 13 ; 19 ; -0.00905162 ; 0.105753 ; 0.00645628 ; 102.45;
14 ; 13 ; 19 ; 0.0483975 ; -0.102607 ; -0.0103215 ; 100.042;
15 ; 13 ; 19 ; 0.0345993 ; -0.0135655 ; 0.0165352 ; 103.812;
16 ; 13 ; 19 ; 0.038272 ; 0.0360943 ; -0.0954585 ; 99.455;
17 ; 13 ; 19 ; 0.00579875 ; 0.0512912 ; 0.00899057 ; 103.233;
18 ; 13 ; 19 ; -0.0602228 ; -0.0348644 ; -0.0589905 ; 100.797;
19 ; 13 ; 19 ; 0.0412789 ; -0.00677082 ; 0.0490069 ; 99.4575;
20 ; 13 ; 19 ; 0.0146503 ; 0.0517682 ; -0.0525299 ; 101.175;
21 ; 13 ; 19 ; 0.018135 ; 0.0380503 ; 0.032478 ; 104.01;
4 ; 14 ; 19 ; -0.0281862 ; 0.0111384 ; -0.0249798 ; 100.605;
5 ; 14 ; 19 ; -0.081329 ; -0.0103146 ; 0.0489742 ; 102.12;
6 ; 14 ; 19 ; -0.0251955 ; -0.0457863 ; -0.0631856 ; 101.947;
7 ; 14 ; 19 ; 0.0465708 ; -0.00878474 ; -0.0255047 ; 102.422;
8 ; 14 ; 19 ; 0.0468984 ; -0.0522494 ; -0.0594225 ; 100.625;
9 ; 14 ; 19 ; 0.0226217 ; -0.00236692 ; 0.00421542 ; 101.955;
10 ; 14 ; 19 ; 0.00954515 ; 0.00649638 ; -0.0250079 ; 101.787;
11 ; 14 ; 19 ; 0.0214668 ; 0.00949117 ; 0.0442709 ; 101.828;
12 ; 14 ; 19 ; -0.0180331 ; 0.0455302 ; 0.00336397 ; 101.365;
13 ; 14 ; 19 ; -0.046635 ; -0.0134138 ; -0.0211875 ; 102.315;
14 ; 14 ; 19 ; -0.0361001 ; -0.0461278 ; -0.0160466 ; 99.5725;
15 ; 14 ; 19 ; 0.0505638 ; -0.00785016 ; 0.00783079 ; 102.895;
16 ; 14 ; 19 ; 0.00400835 ; 0.0595424 ; -0.0100656 ; 99.92;
17 ; 14 ; 19 ; -0.0634281 ; 0.0442867 ; 0.0690905 ; 102.065;
18 ; 14 ; 19 ; 0.0190915 ; 0.0228845 ; -0.0721719 ; 101.932;
19 ; 14 ; 19 ; 0.0632978 ; 0.0400794 ; -0.0438975 ; 101.465;
20 ; 14 ; 19 ; 0.0328056 ; 0.0253461 ; -0.114574 ; 101.812;
21 ; 14 ; 19 ; 0.00681657 ; 0.00494105 ; 0.101568 ; 100.89;
4 ; 15 ; 19 ; -0.0545159 ; -0.000179711 ; -0.0337719 ; 99.775;
5 ; 15 ; 19 ; -0.0189572 ; 0.0285769 ; 0.0114054 ; 102.01;
6 ; 15 ; 19 ; 0.0087218 ; 0.0183129 ; -0.0340091 ; 102.965;
7 ; 15 ; 19 ; -0.0136596 ; 0.0508811 ; -0.012335 ; 99.1475;
8 ; 15 ; 19 ; 0.025789 ; -0.025071 ; -0.108652 ; 102.558;
9 ; 15 ; 19 ; 0.0722469 ; 0.0361188 ; -0.0546279 ; 104.332;
10 ; 15 ; 19 ; -0.000879852 ; -0.000699839 ; -0.0168287 ; 100.048;
11 ; 15 ; 19 ; -0.0250791 ; -0.0285494 ; 0.00915687 ; 103.192;
12 ; 15 ; 19 ; 0.0506716 ; -0.0367136 ; -0.0215105 ; 101.98;
13 ; 15 ; 19 ; 0.033864 ; -0.0976531 ; 0.000571893 ; 103.155;
14 ; 15 ; 19 ; 0.0182053 ; -0.085832 ; 0.0705875 ; 102.215;
15 ; 15 ; 19 ; -0.00638656 ; 0.042991 ; -0.00157084 ; 103.207;
16 ; 15 ; 19 ; -0.036673 ; -0.0878092 ; -0.011801 ; 104.012;
17 ; 15 ; 19 ; 0.0792624 ; 0.0106168 ; -0.0108658 ; 101.363;
18 ; 15 ; 19 ; 0.0685068 ; 0.0433839 ; -0.0564006 ; 101.2;
19 ; 15 ; 19 ; -0.0231523 ; 0.0650848 ; 0.056895 ; 100.977;
20 ; 15 ; 19 ; -0.0691278 ; 0.0163948 ; -0.0106831 ; 102.19;
21 ; 15 ; 19 ; -0.0376432 ; 0.0447013 ; 0.0754869 ; 100.207;
4 ; 16 ; 19 ; -0.0121765 ; 0.0034791 ; -0.0267784 ; 102.528;
5 ; 16 ; 19 ; -0.135192 ; 0.00821063 ; -0.064379 ; 100.465;
6 ; 16 ; 19 ; -0.0709118 ; 0.00629539 ; -0.0226322 ; 102.305;
7 ; 16 ; 19 ; -0.0205874 ; 0.0527819 ; -0.0333728 ; 103.143;
8 ; 16 ; 19 ; 0.0113864 ; -0.0984409 ; 0.022638 ; 101.36;
9 ; 16 ; 19 ; -0.0517181 ; 0.0586469 ; 0.0668513 ; 100.375;
10 ; 16 ; 19 ; -0.111079 ; 0.00696464 ; 0.0377682 ; 102.677;
11 ; 16 ; 19 ; -0.00261914 ; 0.0447907 ; -0.025662 ; 101.375;
12 ; 16 ; 19 ; -0.0226714 ; 0.0378383 ; 0.00132824 ; 100.605;
13 ; 16 ; 19 ; 0.0182718 ; -0.0242427 ; 0.0125786 ; 103.11;
14 ; 16 ; 19 ; 0.00179634 ; -0.0307046 ; -0.0157006 ; 103.225;
15 ; 16 ; 19 ; 0.0310944 ; -0.0427311 ; 0.022277 ; 103.972;
16 ; 16 ; 19 ; 0.0378827 ; -0.063235 ; 0.0141231 ; 100.748;
17 ; 16 ; 19 ; 0.0234378 ; 0.00327627 ; -0.0369125 ; 99.8375;
18 ; 16 ; 19 ; 0.124579 ; 0.0354253 ; -0.036821 ; 100.44;
19 ; 16 ; 19 ; -0.0399776 ; -0.00125057 ; 0.0365399 ; 100.418;
20 ; 16 ; 19 ; 0.0853731 ; -0.0407619 ; 0.0365163 ; 102.385;
21 ; 16 ; 19 ; 0.0377081 ; 0.0219769 ; 0.0281667 ; 103.07;
4 ; 17 ; 19 ; -0.00671442 ; -0.0324109 ; -0.000634954 ; 103.545;
5 ; 17 ; 19 ; -0.00659989 ; 0.0417603 ; -0.0179337 ; 100.94;
6 ; 17 ; 19 ; -0.0421349 ; -0.0205263 ; 0.0144294 ; 100.975;
7 ; 17 ; 19 ; 0.0227089 ; 0.0453514 ; 0.0226645 ; 101.845;
8 ; 17 ; 19 ; -0.0311908 ; -0.0136364 ; 0.00771485 ; 101.95;
9 ; 17 ; 19 ; 0.0324072 ; -0.0372567 ; 0.0266648 ; 102.733;
10 ; 17 ; 19 ; 0.0445783 ; 0.0115406 ; -0.0267975 ; 103.765;
11 ; 17 ; 19 ; -0.0611335 ; 0.0331073 ; -0.0156776 ; 99.745;
12 ; 17 ; 19 ; -0.00370408 ; -0.0333763 ; 0.0635371 ; 102.692;
13 ; 17 ; 19 ; 0.0536487 ; -0.0173579 ; -0.00830616 ; 101.267;
14 ; 17 ; 19 ; 0.0762519 ; -0.000712367 ; -0.0510697 ; 100.703;
15 ; 17 ; 19 ; 0.0363185 ; 0.074512 ; -0.0161465 ; 103.433;
16 ; 17 ; 19 ; 0.00619614 ; -0.0318025 ; -0.031726 ; 100.828;
17 ; 17 ; 19 ; 0.0702323 ; -0.00077142 ; -0.0121148 ; 100.868;
18 ; 17 ; 19 ; 0.0226676 ; 0.00833673 ; -0.0312553 ; 101.803;
19 ; 17 ; 19 ; -0.0204245 ; -0.00692583 ; -0.0463457 ; 100.035;
20 ; 17 ; 19 ; 0.00623487 ; -0.0146543 ; 0.00904161 ; 101.14;
21 ; 17 ; 19 ; 0.0689927 ; -0.026239 ; -0.0353676 ; 103.24;
4 ; 18 ; 19 ; -0.0336918 ; -0.0971819 ; -0.0215494 ; 101.385;
5 ; 18 ; 19 ; -0.0830251 ; 0.0211455 ; -0.0435866 ; 103.825;
6 ; 18 ; 19 ; 0.00634796 ; -0.0324561 ; 0.0676054 ; 101.035;
7 ; 18 ; 19 ; 0.0283411 ; 0.0552053 ; -0.0152272 ; 101.645;
8 ; 18 ; 19 ; 0.0493392 ; -0.0338841 ; -0.0192174 ; 103.735;
9 ; 18 ; 19 ; 0.0168957 ; -0.0381725 ; 0.0290337 ; 103.01;
10 ; 18 ; 19 ; 0.0294166 ; -0.0394523 ; 0.0986014 ; 103.638;
11 ; 18 ; 19 ; -0.0209769 ; -0.042812 ; 0.0256586 ; 101.623;
12 ; 18 ; 19 ; 0.0133206 ; -0.0526447 ; -0.0140452 ; 102.963;
13 ; 18 ; 19 ; -0.0152457 ; 0.0531158 ; -0.000984287 ; 102.333;
14 ; 18 ; 19 ; 0.0277114 ; 0.0251583 ; 0.036351 ; 100.235;
15 ; 18 ; 19 ; -0.00834084 ; 0.0522242 ; 0.0632581 ; 102.515;
16 ; 18 ; 19 ; 0.0178734 ; 0.0286613 ; 0.0949703 ; 99.2925;
17 ; 18 ; 19 ; -0.0632087 ; 0.0713613 ; -0.0138063 ; 102.093;
18 ; 18 ; 19 ; -0.0549869 ; 0.0225462 ; 0.0155198 ; 103.228;
19 ; 18 ; 19 ; 0.0171732 ; 0.00915017 ; -0.00210859 ; 103.38;
20 ; 18 ; 19 ; 0.0154023 ; 0.0155404 ; -0.0164672 ; 101.258;
21 ; 18 ; 19 ; 0.00722591 ; -0.0144772 ; 0.0221726 ; 100.638;
4 ; 19 ; 19 ; -0.0460192 ; -0.0362877 ; -0.0150822 ; 100.385;
5 ; 19 ; 19 ; -0.0333717 ; -0.0403616 ; 0.101412 ; 103.022;
6 ; 19 ; 19 ; -0.00176871 ; -0.0317723 ; 0.0101375 ; 103.615;
7 ; 19 ; 19 ; 0.0323419 ; 0.0422417 ; 0.0300358 ; 102.172;
8 ; 19 ; 19 ; 0.0888744 ; -0.0207215 ; -0.0305082 ; 100.683;
9 ; 19 ; 19 ; 0.0286769 ; -0.0272572 ; -0.0595921 ; 103.36;
10 ; 19 ; 19 ; 0.011325 ; -0.0315324 ; -0.0178265 ; 102.99;
11 ; 19 ; 19 ; 0.0296596 ; -0.0397477 ; -0.00440784 ; 102.942;
12 ; 19 ; 19 ; -0.0119425 ; -0.0234107 ; 0.0635262 ; 100.62;
13 ; 19 ; 19 ; 0.00567757 ; 0.0266647 ; -0.100525 ; 102.335;
14 ; 19 ; 19 ; -0.069052 ; -0.0353929 ; -0.0130606 ; 102.765;
15 ; 19 ; 19 ; 0.0438452 ; 0.0569342 ; 0.027796 ; 99.38;
16 ; 19 ; 19 ; -0.0457516 ; 0.049219 ; 0.100071 ; 102.847;
17 ; 19 ; 19 ; -0.077395 ; -0.0165034 ; -0.048043 ; 100.542;
18 ; 19 ; 19 ; -0.039071 ; 0.0570351 ; 0.00556255 ; 103.098;
19 ; 19 ; 19 ; -0.0134997 ; 0.0660536 ; -0.0313433 ; 102.89;
20 ; 19 ; 19 ; -0.00974152 ; -0.0346227 ; -0.0141897 ; 103.517;
21 ; 19 ; 19 ; 0.0737676 ; 0.0324402 ; -0.000553613 ; 100.935;
4 ; 20 ; 19 ; -0.0858337 ; -0.00693591 ; -0.0659227 ; 103.08;
5 ; 20 ; 19 ; -0.0386764 ; -0.041595 ; -0.0382967 ; 102.1;
6 ; 20 ; 19 ; 0.0106117 ; -0.078089 ; -0.0208387 ; 101.528;
7 ; 20 ; 19 ; 0.0261032 ; 0.0430752 ; -0.027359 ; 101.36;
8 ; 20 ; 19 ; 0.00478003 ; 0.0185931 ; 0.0242429 ; 101.555;
9 ; 20 ; 19 ; -0.00586642 ; -0.0237265 ; -0.0970092 ; 103.507;
10 ; 20 ; 19 ; 0.00210013 ; 0.057665 ; -0.0040365 ; 102.433;
11 ; 20 ; 19 ; 0.00584125 ; 0.0116094 ; 0.0192313 ; 100.575;
12 ; 20 ; 19 ; 0.0177708 ; -0.059658 ; 0.0760046 ; 100.56;
13 ; 20 ; 19 ; -0.00273336 ; 0.0391914 ; -0.0889931 ; 102.078;
14 ; 20 ; 19 ; -0.0389104 ; 0.0619745 ; -0.0545377 ; 101.565;
15 ; 20 ; 19 ; -0.0157432 ; 0.000899329 ; -0.0231947 ; 100.39;
16 ; 20 ; 19 ; 0.0487361 ; 0.00181672 ; 0.0643567 ; 101.823;
17 ; 20 ; 19 ; -0.00689698 ; 0.0783589 ; -0.0570564 ; 103.205;
18 ; 20 ; 19 ; -0.0488905 ; 0.0767382 ; -0.0236392 ; 101.625;
19 ; 20 ; 19 ; 0.000442454 ; 0.0212535 ; 0.0765645 ; 102.942;
20 ; 20 ; 19 ; 0.044563 ; 0.00630948 ; -0.0590382 ; 100.195;
21 ; 20 ; 19 ; 0.00458372 ; -0.0576624 ; -0.0608322 ; 101.057;
4 ; 21 ; 19 ; -0.027021 ; 0.0913106 ; 0.0594948 ; 102.162;
5 ; 21 ; 19 ; 0.0150982 ; 0.0160773 ; -0.0289079 ; 100.825;
6 ; 21 ; 19 ; -0.0448941 ; 0.081705 ; -0.0396912 ; 101.153;
7 ; 21 ; 19 ; -0.0489833 ; -0.00561536 ; -0.0455044 ; 98.5675;
8 ; 21 ; 19 ; -0.0145849 ; 0.119614 ; 0.0280361 ; 104.442;
9 ; 21 ; 19 ; 0.0427911 ; 0.0442609 ; -0.0378996 ; 100.822;
10 ; 21 ; 19 ; -0.0270844 ; 0.0118662 ; -0.0333149 ; 101.032;
11 ; 21 ; 19 ; -0.0533717 ; 0.0246184 ; -0.030296 ; 103.347;
12 ; 21 ; 19 ; -0.0763639 ; 0.0205767 ; 0.0570797 ; 102.56;
13 ; 21 ; 19 ; -0.0185739 ; 0.0179564 ; -0.0336148 ; 100.395;
14 ; 21 ; 19 ; -0.00335892 ; 0.0214319 ; -0.00322125 ; 99.355;
15 ; 21 ; 19 ; -0.0233144 ; 0.0103945 ; 0.00476475 ; 101.773;
16 ; 21 ; 19 ; -0.0157868 ; -0.0419504 ; 0.0195798 ; 98.01;
17 ; 21 ; 19 ; -0.0606073 ; 0.0435125 ; -0.0550757 ; 101.41;
18 ; 21 ; 19 ; 0.00764737 ; 0.0529035 ; -0.0590793 ; 100.96;
19 ; 21 ; 19 ; -0.0691555 ; -0.0194954 ; 0.0503792 ; 101.635;
20 ; 21 ; 19 ; -0.0619479 ; -0.11664 ; -0.0435626 ; 101.262;
21 ; 21 ; 19 ; 0.064661 ; -0.0100214 ; -0.0338429 ; 100.865;
4 ; 4 ; 20 ; 0.00843049 ; 0.011109 ; -0.04481 ; 103.203;
5 ; 4 ; 20 ; 0.0393078 ; 0.0521621 ; -0.0388765 ; 99.3025;
6 ; 4 ; 20 ; -0.0147075 ; 0.0444353 ; 0.0114416 ; 101.843;
7 ; 4 ; 20 ; 0.0117079 ; -0.055817 ; 0.0262454 ; 98.8525;
8 ; 4 ; 20 ; -0.0328217 ; 0.022636 ; 0.0390527 ; 102.438;
9 ; 4 ; 20 ; -0.0248425 ; 0.0519531 ; -0.0572887 ; 98.9725;
10 ; 4 ; 20 ; -0.0288461 ; 0.071431 ; -0.0490456 ; 101.785;
11 ; 4 ; 20 ; -0.00271172 ; 0.0414414 ; 0.00376599 ; 99.9425;
12 ; 4 ; 20 ; -0.0188545 ; -0.0490447 ; -0.0203885 ; 104.14;
13 ; 4 ; 20 ; -0.0652522 ; 0.0511434 ; -0.0524041 ; 99.6675;
14 ; 4 ; 20 ; 0.0196973 ; -0.0227003 ; -0.0116117 ; 102.677;
15 ; 4 ; 20 ; -0.00636147 ; -0.0202275 ; 0.026854 ; 101.69;
16 ; 4 ; 20 ; 0.00585698 ; 0.0387466 ; -0.00544417 ; 103.358;
17 ; 4 ; 20 ; 0.0728642 ; 0.00713548 ; 0.0172295 ; 100.653;
18 ; 4 ; 20 ; -0.00780716 ; 0.0415598 ; 0.0639098 ; 101.125;
19 ; 4 ; 20 ; -0.0138974 ; 0.0248293 ; 0.0137889 ; 104.733;
20 ; 4 ; 20 ; -0.0624912 ; 0.00751664 ; -0.018601 ; 100.515;
21 ; 4 ; 20 ; 0.0334028 ; -0.009494 ; -0.0273836 ; 103.317;
4 ; 5 ; 20 ; -0.0168361 ; 0.0139805 ; 0.00762346 ; 101.212;
5 ; 5 ; 20 ; -0.0276601 ; -0.0664813 ; 0.0771276 ; 102.43;
6 ; 5 ; 20 ; 0.0501982 ; 0.00627104 ; 0.0597335 ; 99.3125;
7 ; 5 ; 20 ; -0.0421148 ; 0.00594649 ; -0.0585574 ; 102.225;
8 ; 5 ; 20 ; 0.0336512 ; 0.00780287 ; 0.0537259 ; 98.5175;
9 ; 5 ; 20 ; -0.016069 ; 0.00609508 ; 0.0216882 ; 101.095;
10 ; 5 ; 20 ; 0.00429013 ; 0.0110858 ; -0.0206511 ; 101.103;
11 ; 5 ; 20 ; -0.0297948 ; 0.0392099 ; -0.0138831 ; 102.523;
12 ; 5 ; 20 ; 0.0169789 ; 0.0330794 ; 0.117097 ; 100.567;
13 ; 5 ; 20 ; -0.0227555 ; -0.0147191 ; 0.0112168 ; 102.278;
14 ; 5 ; 20 ; 0.111358 ; -0.024792 ; -0.032197 ; 99.8525;
15 ; 5 ; 20 ; 0.0613827 ; 0.0303424 ; -0.0248712 ; 102.943;
16 ; 5 ; 20 ; 0.0261269 ; -0.00955832 ; 0.0420877 ; 100.633;
17 ; 5 ; 20 ; 0.0302901 ; 0.0491673 ; -0.0277594 ; 101.985;
18 ; 5 ; 20 ; -0.0321448 ; -0.0722657 ; 0.0245237 ; 102.242;
19 ; 5 ; 20 ; -0.0064776 ; 0.0304842 ; -0.037574 ; 100.025;
20 ; 5 ; 20 ; 0.0656472 ; -0.0052994 ; -0.0476675 ; 103.695;
21 ; 5 ; 20 ; -0.0437742 ; -0.112325 ; 0.00930305 ; 99.2275;
4 ; 6 ; 20 ; 0.0367865 ; 0.0387746 ; -0.0287113 ; 100.17;
5 ; 6 ; 20 ; -0.0560731 ; 0.0272415 ; -0.00307977 ; 103.205;
6 ; 6 ; 20 ; 0.0578209 ; 0.055099 ; -0.0141959 ; 103.963;
7 ; 6 ; 20 ; 0.014286 ; 0.00470355 ; 0.0203376 ; 101.26;
8 ; 6 ; 20 ; -0.0729613 ; 0.0125642 ; 0.0395636 ; 100.74;
9 ; 6 ; 20 ; -0.0500709 ; 0.00631574 ; -0.0541036 ; 101.648;
10 ; 6 ; 20 ; 0.0425777 ; -0.0259195 ; 0.0462257 ; 102.662;
11 ; 6 ; 20 ; -0.000492739 ; -0.0158507 ; -0.0148136 ; 100.913;
12 ; 6 ; 20 ; 0.0306215 ; 0.036022 ; 0.0399664 ; 104.278;
13 ; 6 ; 20 ; 0.0328361 ; 0.00461004 ; -0.0632509 ; 99.9875;
14 ; 6 ; 20 ; -0.0260409 ; 0.0598176 ; 0.0355376 ; 99.5375;
15 ; 6 ; 20 ; -0.0735346 ; 0.0229423 ; -0.0643887 ; 101.907;
16 ; 6 ; 20 ; 0.0127359 ; -0.0258043 ; -0.0749404 ; 102.925;
17 ; 6 ; 20 ; -0.0279151 ; 0.0410948 ; 0.0426191 ; 101.275;
18 ; 6 ; 20 ; 0.00203406 ; -0.0137025 ; 0.00204841 ; 101.377;
19 ; 6 ; 20 ; 0.122166 ; 0.00187181 ; -0.016405 ; 100.965;
20 ; 6 ; 20 ; 0.00484326 ; 0.010941 ; -0.0581507 ; 101.558;
21 ; 6 ; 20 ; -0.0149409 ; -0.00623176 ; -0.0200461 ; 101.145;
4 ; 7 ; 20 ; -0.0291697 ; -0.0419394 ; 0.00474339 ; 99.8;
5 ; 7 ; 20 ; -0.0138446 ; -0.0815367 ; -0.0588455 ; 100.617;
6 ; 7 ; 20 ; 0.0415949 ; -0.00361431 ; -0.0191711 ; 100.548;
7 ; 7 ; 20 ; 0.00169144 ; 0.00552168 ; 0.0294885 ; 101.73;
8 ; 7 ; 20 ; -0.00949943 ; -0.0303221 ; 0.0193452 ; 103.62;
9 ; 7 ; 20 ; 0.00931915 ; 0.0245167 ; 0.0241759 ; 99.92;
10 ; 7 ; 20 ; 0.0237105 ; 0.00848924 ; 0.012899 ; 101.912;
11 ; 7 ; 20 ; 0.0689069 ; 0.00337733 ; 0.00815918 ; 102.998;
12 ; 7 ; 20 ; 0.0319177 ; -0.0423353 ; 0.0548449 ; 99.725;
13 ; 7 ; 20 ; 0.0343833 ; 0.00191304 ; 0.0385027 ; 99.8375;
14 ; 7 ; 20 ; -0.0560601 ; 0.0456157 ; 0.030666 ; 104.165;
15 ; 7 ; 20 ; -0.0414656 ; 0.0411276 ; 0.0669505 ; 100.815;
16 ; 7 ; 20 ; -0.0168473 ; 0.0526297 ; -0.0137175 ; 100.58;
17 ; 7 ; 20 ; 0.00245649 ; 0.0297576 ; 0.00767785 ; 100.248;
18 ; 7 ; 20 ; -0.0466082 ; -0.0044264 ; -0.0168165 ; 102.12;
19 ; 7 ; 20 ; 0.00918339 ; -0.0636988 ; 0.00771074 ; 103.665;
20 ; 7 ; 20 ; -0.0194157 ; -0.0273534 ; -0.0737001 ; 101.25;
21 ; 7 ; 20 ; -0.00681287 ; 0.0825607 ; 0.0198568 ; 101.207;
4 ; 8 ; 20 ; -0.0427378 ; -0.0458713 ; 0.0376285 ; 103.535;
5 ; 8 ; 20 ; -0.011716 ; -0.011543 ; 0.045324 ; 99.7625;
6 ; 8 ; 20 ; 0.014712 ; -0.00414874 ; 0.0763494 ; 101.502;
7 ; 8 ; 20 ; 0.0057115 ; -0.0249 ; -0.0219738 ; 102.947;
8 ; 8 ; 20 ; -0.0316098 ; 0.00039803 ; -0.0145437 ; 98.7125;
9 ; 8 ; 20 ; 0.069505 ; 0.0437378 ; -0.0933965 ; 103.338;
10 ; 8 ; 20 ; -0.0897325 ; 0.0200546 ; 0.000958611 ; 100.458;
11 ; 8 ; 20 ; -0.0407098 ; 0.0455846 ; -0.00285336 ; 102.543;
12 ; 8 ; 20 ; -0.0326601 ; -0.00132874 ; 0.0411159 ; 104.213;
13 ; 8 ; 20 ; -0.0178999 ; 0.013749 ; -0.00345005 ; 102.053;
14 ; 8 ; 20 ; 0.0144439 ; 0.0838955 ; -0.0402142 ; 99.72;
15 ; 8 ; 20 ; -0.0385467 ; -0.00226023 ; -0.0421789 ; 101.35;
16 ; 8 ; 20 ; 0.0143471 ; 0.0164606 ; -0.0045104 ; 101.345;
17 ; 8 ; 20 ; 0.0516087 ; -0.00300686 ; -0.0122452 ; 100.075;
18 ; 8 ; 20 ; 0.0936463 ; 0.0018651 ; 0.0239607 ; 100.545;
19 ; 8 ; 20 ; -0.0164808 ; 0.0474603 ; -0.0474004 ; 103.565;
20 ; 8 ; 20 ; 0.00763584 ; -0.0462657 ; -0.0309234 ; 101.582;
21 ; 8 ; 20 ; 0.0642118 ; -0.0139058 ; 0.0538209 ; 101.657;
4 ; 9 ; 20 ; -0.0423292 ; -0.0065999 ; -0.0218066 ; 103.877;
5 ; 9 ; 20 ; -0.0726197 ; 0.0404304 ; 0.0274001 ; 101.102;
6 ; 9 ; 20 ; -0.0191489 ; -0.0316099 ; -0.0095774 ; 101.762;
7 ; 9 ; 20 ; -0.00202588 ; -0.0270145 ; 0.0192962 ; 101.837;
8 ; 9 ; 20 ; 0.00655234 ; 0.0547098 ; -0.0057865 ; 100.938;
9 ; 9 ; 20 ; -0.0340782 ; 0.00585293 ; -0.0348099 ; 103.895;
10 ; 9 ; 20 ; -0.0263541 ; 0.0101564 ; -0.0235635 ; 102.195;
11 ; 9 ; 20 ; 0.0525586 ; -0.0202302 ; -0.0159208 ; 101.913;
12 ; 9 ; 20 ; 0.00825767 ; -0.0173849 ; -0.0699313 ; 103.043;
13 ; 9 ; 20 ; -0.0106713 ; 0.00541787 ; 0.00262562 ; 100.537;
14 ; 9 ; 20 ; -0.0240668 ; 0.126508 ; -0.0686024 ; 101.925;
15 ; 9 ; 20 ; -0.00403643 ; -0.0388072 ; -0.00526516 ; 99.5475;
16 ; 9 ; 20 ; 0.0122141 ; 0.00434414 ; -0.0447893 ; 101.79;
17 ; 9 ; 20 ; 0.0462238 ; 0.0214619 ; 0.0141935 ; 101.38;
18 ; 9 ; 20 ; -0.0292094 ; -0.0245018 ; 0.0295142 ; 102.778;
19 ; 9 ; 20 ; -0.0843619 ; -0.00628287 ; 0.0330059 ; 100.317;
20 ; 9 ; 20 ; -0.0530379 ; -0.0448369 ; 0.00376269 ; 101.848;
21 ; 9 ; 20 ; -0.0234967 ; 0.0275509 ; -0.016008 ; 100.75;
4 ; 10 ; 20 ; 0.00964868 ; 0.0115229 ; -0.0346468 ; 100.508;
5 ; 10 ; 20 ; -0.0238394 ; -0.0366052 ; -0.0365524 ; 102.355;
6 ; 10 ; 20 ; 0.0239239 ; -0.00471999 ; -0.0161139 ; 103.41;
7 ; 10 ; 20 ; 0.0281531 ; 0.0470344 ; -0.0763372 ; 101.625;
8 ; 10 ; 20 ; -0.0747335 ; 0.0328029 ; 0.00887706 ; 102.52;
9 ; 10 ; 20 ; -0.0245564 ; -0.0592781 ; 0.0722309 ; 101.177;
10 ; 10 ; 20 ; 0.0153475 ; -0.0231193 ; 0.0869664 ; 102.288;
11 ; 10 ; 20 ; 0.00862369 ; -0.0159862 ; -0.0587355 ; 100.165;
12 ; 10 ; 20 ; 0.0520011 ; -0.0113604 ; 0.0431694 ; 102.905;
13 ; 10 ; 20 ; -0.0173032 ; 0.0476364 ; -0.0185896 ; 100.328;
14 ; 10 ; 20 ; 0.0116283 ; 0.0333318 ; -0.0822425 ; 101.865;
15 ; 10 ; 20 ; 0.0296186 ; -0.0627293 ; 0.0205725 ; 101.27;
16 ; 10 ; 20 ; -0.0480919 ; 0.0156753 ; 0.0330351 ; 101.53;
17 ; 10 ; 20 ; -0.0222013 ; 0.0312517 ; -0.00675082 ; 104.355;
18 ; 10 ; 20 ; -0.0572311 ; -0.0675123 ; -0.012163 ; 100.697;
19 ; 10 ; 20 ; 0.017722 ; -0.0424314 ; -0.10499 ; 102.418;
20 ; 10 ; 20 ; 0.0407666 ; 0.10334 ; -0.0458042 ; 100.355;
21 ; 10 ; 20 ; -0.0210722 ; -0.0109375 ; 0.0133791 ; 100.793;
4 ; 11 ; 20 ; 0.0714496 ; -0.019051 ; 0.033739 ; 102.975;
5 ; 11 ; 20 ; 0.0829247 ; 0.0341343 ; 0.0148465 ; 101.485;
6 ; 11 ; 20 ; -0.0177741 ; 0.0554075 ; 0.0442162 ; 100.398;
7 ; 11 ; 20 ; -0.0295589 ; -0.0613108 ; 0.0110581 ; 99.455;
8 ; 11 ; 20 ; 0.0560383 ; -0.0638146 ; -0.0742163 ; 100.96;
9 ; 11 ; 20 ; -0.0501676 ; -0.0358685 ; 0.0585368 ; 100.758;
10 ; 11 ; 20 ; -0.0640931 ; -0.0475791 ; 0.0756145 ; 101.877;
11 ; 11 ; 20 ; 0.00600269 ; -0.0248503 ; 0.0323809 ; 101.77;
12 ; 11 ; 20 ; 0.0163232 ; -0.0200142 ; 0.0158024 ; 105.62;
13 ; 11 ; 20 ; -0.0211693 ; 0.0316051 ; -0.0278076 ; 100.448;
14 ; 11 ; 20 ; 0.0352356 ; 0.00347175 ; -0.0215662 ; 103.73;
15 ; 11 ; 20 ; 0.00408951 ; -0.017059 ; 0.0267937 ; 100.822;
16 ; 11 ; 20 ; -0.0321112 ; 0.0220329 ; 0.0226971 ; 102.295;
17 ; 11 ; 20 ; -0.0713672 ; -0.026959 ; -0.0458211 ; 102.873;
18 ; 11 ; 20 ; 0.0140133 ; 0.0777494 ; 0.0610716 ; 103.018;
19 ; 11 ; 20 ; -0.0485578 ; -0.0489898 ; 0.00229393 ; 102.905;
20 ; 11 ; 20 ; -0.0195269 ; 0.0200411 ; 0.0503642 ; 102.43;
21 ; 11 ; 20 ; -0.0146718 ; -0.0439636 ; -0.0345841 ; 100.805;
4 ; 12 ; 20 ; 0.0308668 ; -0.0532041 ; -0.0877494 ; 100.745;
5 ; 12 ; 20 ; 0.0661042 ; 0.0183926 ; 0.0193057 ; 101.285;
6 ; 12 ; 20 ; -0.0453005 ; 0.0552002 ; 0.0761987 ; 101.715;
7 ; 12 ; 20 ; -0.0377977 ; 0.0604705 ; 0.10043 ; 104.09;
8 ; 12 ; 20 ; 0.0234215 ; -0.0177221 ; 0.0206839 ; 100.115;
9 ; 12 ; 20 ; -0.0617142 ; 0.0224325 ; 0.0522617 ; 102.608;
10 ; 12 ; 20 ; 0.0358874 ; -0.0382924 ; 0.062977 ; 101.38;
11 ; 12 ; 20 ; -0.00572684 ; -0.0422779 ; 0.0136101 ; 104.722;
12 ; 12 ; 20 ; -0.039142 ; -0.0412894 ; 0.0250077 ; 100.99;
13 ; 12 ; 20 ; -0.0449465 ; 0.013685 ; -0.0325754 ; 103.04;
14 ; 12 ; 20 ; -0.00484054 ; 0.0375413 ; -0.0513733 ; 101.623;
15 ; 12 ; 20 ; -0.0461764 ; 0.0383635 ; 0.00755054 ; 103.833;
16 ; 12 ; 20 ; -0.0989981 ; -0.0270974 ; -0.00733169 ; 102.428;
17 ; 12 ; 20 ; -0.0502245 ; -0.0273093 ; 0.0384142 ; 102.613;
18 ; 12 ; 20 ; -0.0484974 ; -0.0447304 ; -0.0114087 ; 103.567;
19 ; 12 ; 20 ; -0.0122235 ; -0.0619231 ; -0.0507538 ; 99.69;
20 ; 12 ; 20 ; 0.00696261 ; -0.0907346 ; -0.0107537 ; 100.662;
21 ; 12 ; 20 ; 0.0360835 ; 0.0202846 ; 0.0011443 ; 102.308;
4 ; 13 ; 20 ; 0.0742637 ; 0.0117873 ; 0.00679311 ; 104.788;
5 ; 13 ; 20 ; 0.0158486 ; -0.0151682 ; 0.00733648 ; 98.0875;
6 ; 13 ; 20 ; -0.0355652 ; 0.0791016 ; -0.0388346 ; 101.515;
7 ; 13 ; 20 ; -0.0101475 ; 0.0476763 ; -0.0482658 ; 101.345;
8 ; 13 ; 20 ; 0.0341401 ; 0.0162951 ; 0.0338419 ; 101.28;
9 ; 13 ; 20 ; -0.0495219 ; 0.0292586 ; 0.0410062 ; 101.832;
10 ; 13 ; 20 ; -0.0537801 ; -0.0230464 ; -0.0120354 ; 102.668;
11 ; 13 ; 20 ; -0.0117947 ; -0.104007 ; -0.0116117 ; 104.138;
12 ; 13 ; 20 ; 0.0159418 ; -0.0270975 ; -0.0768904 ; 101.122;
13 ; 13 ; 20 ; 0.0623961 ; -0.0210514 ; 0.000187313 ; 101.243;
14 ; 13 ; 20 ; 0.0519751 ; -0.0510877 ; 0.0214718 ; 100.543;
15 ; 13 ; 20 ; -0.0272111 ; 0.0544421 ; 0.059102 ; 100.868;
16 ; 13 ; 20 ; 0.0362226 ; 0.0211748 ; -0.0461281 ; 101.222;
17 ; 13 ; 20 ; 0.0192183 ; 0.00184898 ; -0.00544332 ; 101.343;
18 ; 13 ; 20 ; 0.0358528 ; -0.0225793 ; 0.0506054 ; 102.233;
19 ; 13 ; 20 ; 0.0699316 ; 0.00350551 ; -0.0674454 ; 102.478;
20 ; 13 ; 20 ; 0.053237 ; 0.0140902 ; 0.00871943 ; 101.125;
21 ; 13 ; 20 ; 0.0265263 ; -0.0182921 ; 0.0934795 ; 101.31;
4 ; 14 ; 20 ; -0.000345997 ; 0.0229928 ; -0.0605344 ; 101.03;
5 ; 14 ; 20 ; 0.00934435 ; -0.0144757 ; -0.0158319 ; 101.165;
6 ; 14 ; 20 ; 0.034493 ; 0.00869399 ; -0.0315152 ; 100.983;
7 ; 14 ; 20 ; 0.0144656 ; 0.0867486 ; -0.0595283 ; 103.425;
8 ; 14 ; 20 ; 0.00778521 ; 0.0640778 ; -0.0017439 ; 100.305;
9 ; 14 ; 20 ; -0.0355519 ; 0.0225345 ; -0.0295927 ; 101.582;
10 ; 14 ; 20 ; 0.0438121 ; -0.0130969 ; -0.0349036 ; 100.88;
11 ; 14 ; 20 ; 0.00751262 ; 0.00742181 ; 0.0207962 ; 102.41;
12 ; 14 ; 20 ; 0.00143279 ; 0.0332212 ; 0.0616711 ; 101.343;
13 ; 14 ; 20 ; 0.0493488 ; 0.00716754 ; 0.0327776 ; 100.66;
14 ; 14 ; 20 ; -0.0275537 ; 0.0463542 ; 0.0388524 ; 99.945;
15 ; 14 ; 20 ; 0.030551 ; 0.0199723 ; 0.0164845 ; 100.815;
16 ; 14 ; 20 ; 0.0485364 ; 0.0309501 ; -0.107177 ; 101.928;
17 ; 14 ; 20 ; -0.0815469 ; -0.0978833 ; -0.0165398 ; 101.455;
18 ; 14 ; 20 ; -0.0399612 ; -0.0702156 ; 0.069947 ; 99;
19 ; 14 ; 20 ; 0.0350701 ; 0.0209264 ; 0.0430734 ; 102.917;
20 ; 14 ; 20 ; -0.00173056 ; 0.0962921 ; 0.0505995 ; 102.347;
21 ; 14 ; 20 ; -0.0890663 ; 0.046674 ; -0.0477628 ; 101.675;
4 ; 15 ; 20 ; -0.0313553 ; 0.00523311 ; -0.047128 ; 99.2125;
5 ; 15 ; 20 ; 0.00684649 ; 0.0250263 ; -0.0158618 ; 104.132;
6 ; 15 ; 20 ; 0.0150005 ; 0.0163433 ; 0.0421773 ; 100.738;
7 ; 15 ; 20 ; 0.0348701 ; 0.0455433 ; 0.0458731 ; 101.41;
8 ; 15 ; 20 ; 0.00144634 ; 0.0469269 ; -0.0382584 ; 100.035;
9 ; 15 ; 20 ; 0.0907242 ; -0.0495794 ; -0.0275417 ; 102.23;
10 ; 15 ; 20 ; -0.0519242 ; -0.0632888 ; 0.0158415 ; 103.505;
11 ; 15 ; 20 ; -0.0521007 ; -0.111198 ; 0.0188228 ; 101.815;
12 ; 15 ; 20 ; -0.0344854 ; -0.0335266 ; 0.0161832 ; 103.078;
13 ; 15 ; 20 ; 0.0377892 ; -0.0272537 ; -0.0253168 ; 100.465;
14 ; 15 ; 20 ; -0.00328173 ; -0.0313224 ; 0.0100874 ; 104.185;
15 ; 15 ; 20 ; -0.0500813 ; -0.01116 ; -0.0386334 ; 102.292;
16 ; 15 ; 20 ; 0.00830772 ; 0.0600826 ; -0.021453 ; 102.797;
17 ; 15 ; 20 ; -0.0357684 ; -0.0420175 ; 0.000358641 ; 101.65;
18 ; 15 ; 20 ; -0.0358023 ; -0.0346277 ; -0.0294972 ; 102.245;
19 ; 15 ; 20 ; -0.0234559 ; -0.0145452 ; 0.0334618 ; 105.028;
20 ; 15 ; 20 ; -0.066994 ; -0.0162328 ; -0.0778718 ; 102.447;
21 ; 15 ; 20 ; 0.0285604 ; -0.00238222 ; -0.044819 ; 102.145;
4 ; 16 ; 20 ; -0.013486 ; 0.00955724 ; -0.0576868 ; 102.555;
5 ; 16 ; 20 ; 0.00947575 ; 0.0531953 ; -0.0112337 ; 100.907;
6 ; 16 ; 20 ; 0.0399703 ; -0.00531442 ; -0.0832376 ; 100.96;
7 ; 16 ; 20 ; 0.0392792 ; -0.015116 ; -0.00401236 ; 100.865;
8 ; 16 ; 20 ; -0.0361277 ; 0.0134692 ; 0.0340673 ; 102.092;
9 ; 16 ; 20 ; 0.0781488 ; -0.00611935 ; 0.0435279 ; 99.415;
10 ; 16 ; 20 ; 0.0307152 ; -0.0493241 ; -0.00270794 ; 103.045;
11 ; 16 ; 20 ; 0.0624732 ; -0.0123453 ; -0.0501734 ; 99.76;
12 ; 16 ; 20 ; -0.0499872 ; -0.0123544 ; -0.0407465 ; 102.192;
13 ; 16 ; 20 ; 0.0757575 ; 0.00440511 ; 0.0308799 ; 102.005;
14 ; 16 ; 20 ; -0.0223683 ; -0.0384275 ; -0.0206503 ; 100.15;
15 ; 16 ; 20 ; 0.0393426 ; 0.00721149 ; -0.06482 ; 100.938;
16 ; 16 ; 20 ; 0.0141302 ; -0.0300681 ; -0.0232858 ; 102.69;
17 ; 16 ; 20 ; -0.000715633 ; -0.00991958 ; -0.0190087 ; 101.655;
18 ; 16 ; 20 ; 0.0586891 ; 0.0690863 ; -0.0641638 ; 104.405;
19 ; 16 ; 20 ; 0.0432457 ; -0.0402743 ; 0.0344437 ; 98.6625;
20 ; 16 ; 20 ; 0.0273005 ; 0.0704255 ; 0.0669207 ; 98.6875;
21 ; 16 ; 20 ; 0.00638872 ; 0.0123395 ; -0.0217768 ; 100.957;
4 ; 17 ; 20 ; 0.0322675 ; 0.0577272 ; -0.00803842 ; 102.112;
5 ; 17 ; 20 ; -0.0566195 ; -0.019548 ; 0.0388396 ; 101.43;
6 ; 17 ; 20 ; -0.0234862 ; -0.0416914 ; 0.019116 ; 101.333;
7 ; 17 ; 20 ; -0.0301199 ; 0.0425938 ; 0.0235205 ; 101.96;
8 ; 17 ; 20 ; -0.023274 ; -0.0480287 ; -0.0289348 ; 104.357;
9 ; 17 ; 20 ; -0.0266868 ; -0.0700031 ; -0.00592384 ; 100.65;
10 ; 17 ; 20 ; -0.0273103 ; 0.0638795 ; -0.0405569 ; 103.22;
11 ; 17 ; 20 ; -0.047576 ; -0.0271516 ; -0.0315745 ; 103.575;
12 ; 17 ; 20 ; -0.00670298 ; -0.103971 ; -0.0241875 ; 102.473;
13 ; 17 ; 20 ; 0.0391858 ; -0.0214786 ; 0.0642322 ; 99.575;
14 ; 17 ; 20 ; 0.0342703 ; 0.0569932 ; -0.0176743 ; 103.12;
15 ; 17 ; 20 ; -0.0312768 ; -0.0651736 ; 0.0380865 ; 101.975;
16 ; 17 ; 20 ; 0.0372186 ; 0.036969 ; -0.0184088 ; 101.588;
17 ; 17 ; 20 ; -0.0664605 ; -0.0693898 ; -0.0386053 ; 102.207;
18 ; 17 ; 20 ; 0.0118235 ; -0.0179702 ; -0.082883 ; 101.065;
19 ; 17 ; 20 ; -0.0421311 ; 0.0295015 ; -0.0178169 ; 101.385;
20 ; 17 ; 20 ; -0.0393893 ; -0.0508828 ; 0.0327784 ; 102.393;
21 ; 17 ; 20 ; -0.0589882 ; -0.0195987 ; -0.0471108 ; 102.21;
4 ; 18 ; 20 ; 0.0143982 ; -0.0110208 ; 0.0183138 ; 100.608;
5 ; 18 ; 20 ; 0.084136 ; 0.0625612 ; 0.0197612 ; 102.112;
6 ; 18 ; 20 ; 0.00738936 ; -0.0227356 ; -0.0323921 ; 100.522;
7 ; 18 ; 20 ; -0.00801546 ; 0.0721345 ; 0.0869622 ; 100.882;
8 ; 18 ; 20 ; 0.0397004 ; 0.00130462 ; -0.00624816 ; 103.665;
9 ; 18 ; 20 ; 0.00393757 ; -0.0525174 ; 0.0142982 ; 99.7075;
10 ; 18 ; 20 ; 0.00798516 ; -0.0579479 ; 0.000259925 ; 100.97;
11 ; 18 ; 20 ; -0.00778007 ; 4.43356e-05 ; 0.0304501 ; 102.76;
12 ; 18 ; 20 ; -0.00510319 ; -0.0625658 ; 0.0198457 ; 96.7625;
13 ; 18 ; 20 ; 0.0890384 ; 0.0755553 ; 0.000393777 ; 103.12;
14 ; 18 ; 20 ; 0.0852032 ; 0.0268377 ; -0.0234457 ; 100.778;
15 ; 18 ; 20 ; 0.0754731 ; -0.0339024 ; 0.00343374 ; 102.485;
16 ; 18 ; 20 ; 0.0197555 ; 0.0217521 ; -0.0106077 ; 103.137;
17 ; 18 ; 20 ; -0.0120507 ; -0.0495535 ; -0.00531033 ; 102.283;
18 ; 18 ; 20 ; 0.0468128 ; 0.00428287 ; -0.0484677 ; 100.265;
19 ; 18 ; 20 ; -0.00441165 ; -0.0246991 ; 0.0102747 ; 102.547;
20 ; 18 ; 20 ; -0.00789093 ; -0.0897901 ; -0.031711 ; 99.4175;
21 ; 18 ; 20 ; 0.0443052 ; -0.0275364 ; -0.0369843 ; 102.725;
4 ; 19 ; 20 ; 0.00485535 ; 0.0635 ; -0.0178155 ; 102.957;
5 ; 19 ; 20 ; 0.000381927 ; -0.0107878 ; 0.00341438 ; 101.917;
6 ; 19 ; 20 ; 0.0272604 ; 0.00502339 ; -0.0119785 ; 101.072;
7 ; 19 ; 20 ; 0.0297044 ; -0.0661856 ; -0.0110433 ; 101.21;
8 ; 19 ; 20 ; 0.00390545 ; -0.0175157 ; 0.0172156 ; 100.055;
9 ; 19 ; 20 ; 0.0407748 ; -0.0517775 ; -0.00663577 ; 101.93;
10 ; 19 ; 20 ; -0.0443892 ; -0.029219 ; -0.0254905 ; 100.448;
11 ; 19 ; 20 ; -0.068169 ; -0.0209794 ; -0.0113826 ; 100.745;
12 ; 19 ; 20 ; 0.0214353 ; 0.0313363 ; -0.0207192 ; 102.363;
13 ; 19 ; 20 ; -0.0374482 ; 0.00450669 ; 0.0375929 ; 102.315;
14 ; 19 ; 20 ; 0.0430896 ; 0.017965 ; -0.0506011 ; 102.043;
15 ; 19 ; 20 ; -0.00538845 ; -0.0480043 ; 0.0309195 ; 101.353;
16 ; 19 ; 20 ; 0.0328761 ; 0.0231321 ; 0.0227446 ; 100.935;
17 ; 19 ; 20 ; -0.000737846 ; -0.0529204 ; 0.0692069 ; 101.047;
18 ; 19 ; 20 ; -0.0246456 ; -0.0200368 ; 0.0122516 ; 102.172;
19 ; 19 ; 20 ; -0.0175128 ; -0.0432119 ; -0.045253 ; 102.17;
20 ; 19 ; 20 ; -0.0256114 ; -0.0539188 ; 0.0209041 ; 102.78;
21 ; 19 ; 20 ; -0.0509134 ; -0.0145474 ; -0.00188472 ; 99.49;
4 ; 20 ; 20 ; -0.0180083 ; -0.0210199 ; -0.0161682 ; 102.328;
5 ; 20 ; 20 ; -0.0588732 ; -0.0500107 ; -0.0348134 ; 101.287;
6 ; 20 ; 20 ; 0.0568052 ; -0.026954 ; -0.0151848 ; 103.288;
7 ; 20 ; 20 ; 0.0724187 ; -0.0867956 ; 0.0174161 ; 102.23;
8 ; 20 ; 20 ; -0.0206564 ; 0.00355938 ; 0.00207413 ; 100.845;
9 ; 20 ; 20 ; 0.0670643 ; -0.0447925 ; -0.075648 ; 101.162;
10 ; 20 ; 20 ; -0.0185449 ; -0.0777073 ; 0.033695 ; 103.228;
11 ; 20 ; 20 ; 0.0147006 ; -0.0514133 ; 0.0253092 ; 102.903;
12 ; 20 ; 20 ; 0.0007669 ; 0.0418708 ; 0.0205227 ; 100.983;
13 ; 20 ; 20 ; -0.00845041 ; -0.0825133 ; -0.00172165 ; 100.425;
14 ; 20 ; 20 ; 0.0243724 ; 0.0185434 ; -0.0383839 ; 103.6;
15 ; 20 ; 20 ; -0.0491892 ; 0.00270456 ; 0.0627606 ; 99.435;
16 ; 20 ; 20 ; -0.0256816 ; -0.0302787 ; 0.0694534 ; 100.263;
17 ; 20 ; 20 ; -0.0084691 ; -0.116902 ; -0.062609 ; 100.488;
18 ; 20 ; 20 ; 0.0448165 ; 0.0725025 ; -0.0510691 ; 100.945;
19 ; 20 ; 20 ; 0.0377921 ; 0.0207306 ; 0.0834936 ; 101.607;
20 ; 20 ; 20 ; -0.00289055 ; 0.0451602 ; -0.0516097 ; 102.017;
21 ; 20 ; 20 ; 0.00574314 ; 0.00523304 ; -0.0379243 ; 102.73;
4 ; 21 ; 20 ; -0.0131158 ; -0.00865674 ; -0.0163928 ; 104.032;
5 ; 21 ; 20 ; -0.0153747 ; -0.017365 ; 0.000745964 ; 99.6125;
6 ; 21 ; 20 ; 0.0299298 ; -0.00529161 ; -0.0220402 ; 104.188;
7 ; 21 ; 20 ; -0.0216955 ; -0.0772584 ; 0.00801291 ; 100.562;
8 ; 21 ; 20 ; 0.00533671 ; 0.0508602 ; 0.0566187 ; 102.065;
9 ; 21 ; 20 ; 0.012233 ; 0.00525594 ; -0.0426858 ; 103.655;
10 ; 21 ; 20 ; -0.00452968 ; -0.0287374 ; -0.0957597 ; 101.672;
11 ; 21 ; 20 ; 0.0451182 ; 0.0217538 ; 0.0141362 ; 102.69;
12 ; 21 ; 20 ; -0.0215956 ; -0.0530309 ; 0.0413733 ; 102.062;
13 ; 21 ; 20 ; 0.0670258 ; -0.0645851 ; 0.000772906 ; 101.697;
14 ; 21 ; 20 ; -0.0399799 ; -0.0295502 ; -0.0081817 ; 100.405;
15 ; 21 ; 20 ; -0.00450883 ; 0.0220348 ; 0.0516575 ; 104.868;
16 ; 21 ; 20 ; 0.0690736 ; -0.0288788 ; 0.0383702 ; 100.332;
17 ; 21 ; 20 ; -0.0574464 ; -0.0479323 ; -0.0018284 ; 102.02;
18 ; 21 ; 20 ; 0.0705389 ; 0.113438 ; 0.0231823 ; 102.613;
19 ; 21 ; 20 ; 0.0257021 ; -0.0278833 ; 0.0252151 ; 102.537;
20 ; 21 ; 20 ; 0.0531186 ; -0.000353393 ; 0.0148001 ; 101.382;
21 ; 21 ; 20 ; 0.00546115 ; 0.0348242 ; 0.0413922 ; 100.258;
4 ; 4 ; 21 ; -0.029637 ; 0.00282127 ; 0.0579909 ; 102.595;
5 ; 4 ; 21 ; 0.0373826 ; -0.00819442 ; 0.00430211 ; 101.083;
6 ; 4 ; 21 ; 0.0753377 ; 0.0706051 ; -0.00484405 ; 103.002;
7 ; 4 ; 21 ; 0.0260497 ; -0.0354351 ; -0.0166776 ; 103.037;
8 ; 4 ; 21 ; -0.0365275 ; -0.048669 ; -0.0463849 ; 100.453;
9 ; 4 ; 21 ; -0.0598951 ; 0.0256494 ; 0.014787 ; 104.11;
10 ; 4 ; 21 ; -0.03347 ; -0.054014 ; 0.0156248 ; 100.518;
11 ; 4 ; 21 ; -0.0144163 ; 0.0281273 ; -0.0161983 ; 103.113;
12 ; 4 ; 21 ; 0.0949412 ; 0.0924514 ; -0.063686 ; 103.567;
13 ; 4 ; 21 ; -0.063955 ; 0.0407916 ; -0.0229611 ; 103.528;
14 ; 4 ; 21 ; -0.0261859 ; -0.00240908 ; 0.0261119 ; 100.465;
15 ; 4 ; 21 ; 0.0454802 ; -0.0162209 ; 0.0587362 ; 102.172;
16 ; 4 ; 21 ; 0.0480572 ; -0.0297238 ; 0.0350277 ; 101.585;
17 ; 4 ; 21 ; -0.0207611 ; 0.0319269 ; -0.0254575 ; 103.795;
18 ; 4 ; 21 ; -0.0302262 ; -0.0448664 ; 0.0301327 ; 100.34;
19 ; 4 ; 21 ; -0.0463676 ; 0.00617596 ; 0.0484431 ; 103.565;
20 ; 4 ; 21 ; 0.0136167 ; -0.00693536 ; -0.0543293 ; 101.21;
21 ; 4 ; 21 ; 0.0554473 ; -0.00528172 ; 0.0225084 ; 102.19;
4 ; 5 ; 21 ; 0.00246861 ; -0.0410124 ; -0.0109026 ; 102.022;
5 ; 5 ; 21 ; -0.0176993 ; -0.0521143 ; -0.0344626 ; 102.663;
6 ; 5 ; 21 ; 0.00343438 ; 0.00166765 ; -0.0137929 ; 102.507;
7 ; 5 ; 21 ; 0.00723911 ; -0.0348323 ; 0.0234402 ; 99.75;
8 ; 5 ; 21 ; 0.00896048 ; -0.00458532 ; 0.0688782 ; 101.13;
9 ; 5 ; 21 ; 0.066311 ; 0.0288252 ; 0.0222281 ; 102.9;
10 ; 5 ; 21 ; -0.00938354 ; 0.0156583 ; -0.0717947 ; 104.847;
11 ; 5 ; 21 ; -0.00794361 ; 0.0500095 ; -0.0102454 ; 101.125;
12 ; 5 ; 21 ; 0.0233118 ; 0.0343287 ; 0.0274725 ; 103.235;
13 ; 5 ; 21 ; 0.0219476 ; 0.120691 ; 0.00807034 ; 99.9725;
14 ; 5 ; 21 ; 0.05165 ; -0.055731 ; -0.0543916 ; 101.64;
15 ; 5 ; 21 ; 0.0276776 ; 0.0212199 ; 0.00193758 ; 102.51;
16 ; 5 ; 21 ; -0.0373775 ; 0.0388747 ; -0.0350326 ; 102.367;
17 ; 5 ; 21 ; 0.116488 ; 0.0216307 ; -0.0347582 ; 100.835;
18 ; 5 ; 21 ; 0.00497314 ; -0.0418774 ; -0.0108457 ; 98.115;
19 ; 5 ; 21 ; 0.0200159 ; 0.00153102 ; 0.0115155 ; 101.65;
20 ; 5 ; 21 ; 0.0413145 ; -0.0864055 ; -0.0715624 ; 100.19;
21 ; 5 ; 21 ; 0.0664487 ; 0.0550519 ; -0.0015759 ; 102.222;
4 ; 6 ; 21 ; 0.0045857 ; -0.0405649 ; -0.0667669 ; 102.312;
5 ; 6 ; 21 ; 0.0699539 ; 0.0428272 ; -0.0859528 ; 99.8;
6 ; 6 ; 21 ; 0.00138706 ; -0.04837 ; -0.0500305 ; 101.34;
7 ; 6 ; 21 ; 0.0481777 ; -0.0583363 ; -0.0446476 ; 101.397;
8 ; 6 ; 21 ; 0.0260535 ; -0.0433046 ; 0.0787838 ; 104.743;
9 ; 6 ; 21 ; -0.0527538 ; -0.0295017 ; 0.00218826 ; 99.005;
10 ; 6 ; 21 ; -0.0107337 ; -0.0389973 ; 0.0647793 ; 101.03;
11 ; 6 ; 21 ; -0.0890182 ; -0.0432545 ; -0.00587669 ; 98.8975;
12 ; 6 ; 21 ; -0.00557399 ; -0.0171309 ; 0.0631383 ; 103.832;
13 ; 6 ; 21 ; -0.03932 ; 0.0168207 ; -0.0122983 ; 103.093;
14 ; 6 ; 21 ; -0.0424656 ; -0.0507842 ; 0.0124437 ; 101.185;
15 ; 6 ; 21 ; 0.0432764 ; -0.0634523 ; -0.0214638 ; 103.69;
16 ; 6 ; 21 ; 0.0838196 ; -0.00969412 ; -0.0536334 ; 103.657;
17 ; 6 ; 21 ; 0.0830957 ; -0.0438946 ; 0.0282748 ; 101.848;
18 ; 6 ; 21 ; -0.0234848 ; 0.0255068 ; -0.0149799 ; 102.38;
19 ; 6 ; 21 ; 0.0818213 ; 0.0350936 ; -0.0422828 ; 101.188;
20 ; 6 ; 21 ; 0.0875961 ; -0.00269129 ; -0.0298914 ; 101.255;
21 ; 6 ; 21 ; 0.0551054 ; 0.034732 ; -0.0539484 ; 102.965;
4 ; 7 ; 21 ; 0.00660263 ; -0.0162764 ; 0.0126353 ; 101.358;
5 ; 7 ; 21 ; -0.0759067 ; -0.00222088 ; -0.0171262 ; 102.643;
6 ; 7 ; 21 ; -0.00379387 ; -0.0242984 ; 0.0479366 ; 102.448;
7 ; 7 ; 21 ; -0.0351722 ; -0.00636431 ; 0.0331566 ; 104.24;
8 ; 7 ; 21 ; -0.0536084 ; 0.030315 ; -0.0137134 ; 98.8025;
9 ; 7 ; 21 ; 0.00562174 ; 0.0230396 ; 0.0217441 ; 101.767;
10 ; 7 ; 21 ; -0.0211391 ; 0.0121507 ; -0.067476 ; 101.365;
11 ; 7 ; 21 ; 0.0659799 ; -0.0906191 ; -0.0447677 ; 101.102;
12 ; 7 ; 21 ; -0.0288269 ; 0.0915521 ; -0.067569 ; 101.185;
13 ; 7 ; 21 ; 0.0667652 ; 0.00913224 ; -0.0293521 ; 101.828;
14 ; 7 ; 21 ; 0.0404054 ; 0.0323735 ; 0.00058801 ; 102.61;
15 ; 7 ; 21 ; 0.0624918 ; -0.0566084 ; -0.0128116 ; 99.1675;
16 ; 7 ; 21 ; 0.0438212 ; -0.0577428 ; -0.00695024 ; 99.7125;
17 ; 7 ; 21 ; 0.0692103 ; 0.0432531 ; -0.0708498 ; 100.627;
18 ; 7 ; 21 ; 0.0160777 ; 0.0131735 ; 0.00829067 ; 102.66;
19 ; 7 ; 21 ; 0.0392348 ; 0.0679911 ; 0.00459292 ; 99.555;
20 ; 7 ; 21 ; 0.0160438 ; 0.0509618 ; 0.0396145 ; 101.472;
21 ; 7 ; 21 ; 0.0185196 ; 0.000117322 ; 0.0198558 ; 101.028;
4 ; 8 ; 21 ; 0.0308862 ; -0.0309734 ; 0.0187854 ; 102.387;
5 ; 8 ; 21 ; 0.0211027 ; 0.0656651 ; 0.0625202 ; 105.67;
6 ; 8 ; 21 ; 0.0247497 ; -0.026293 ; 0.031437 ; 104.572;
7 ; 8 ; 21 ; 0.0244185 ; 0.00205876 ; -0.0118986 ; 101.56;
8 ; 8 ; 21 ; 0.00966214 ; 0.0388109 ; 0.0261412 ; 100.67;
9 ; 8 ; 21 ; 0.0619288 ; 0.000897328 ; -0.0315417 ; 101.84;
10 ; 8 ; 21 ; 0.0236454 ; -0.00367408 ; -0.0254536 ; 103.93;
11 ; 8 ; 21 ; 0.0114709 ; -0.0560893 ; 0.00018661 ; 101.938;
12 ; 8 ; 21 ; -0.0200412 ; -0.0569525 ; 0.0334328 ; 102.418;
13 ; 8 ; 21 ; 0.0768005 ; 0.029826 ; -0.00717071 ; 101.825;
14 ; 8 ; 21 ; 0.0885761 ; 0.0759922 ; -0.0341046 ; 103.77;
15 ; 8 ; 21 ; -0.0463888 ; -0.00392617 ; -0.0441297 ; 100.927;
16 ; 8 ; 21 ; -0.0112997 ; -0.0400851 ; -0.0573872 ; 104.562;
17 ; 8 ; 21 ; -0.0225535 ; -0.0878939 ; 0.0195524 ; 103.793;
18 ; 8 ; 21 ; 0.0286456 ; 0.000490261 ; 0.0182754 ; 103.593;
19 ; 8 ; 21 ; 0.0463328 ; 0.00507476 ; -0.0629625 ; 100.523;
20 ; 8 ; 21 ; -0.034766 ; -0.0168358 ; -0.0343131 ; 103.177;
21 ; 8 ; 21 ; -0.00257526 ; -0.0351336 ; -0.00932456 ; 100.155;
4 ; 9 ; 21 ; 0.0129901 ; 0.074568 ; 0.00698574 ; 100.515;
5 ; 9 ; 21 ; -0.0631306 ; 0.0373489 ; 0.0421782 ; 101.677;
6 ; 9 ; 21 ; 0.00531768 ; -0.038069 ; 0.0414817 ; 101.055;
7 ; 9 ; 21 ; 0.0528773 ; -0.0404493 ; -0.010919 ; 100.708;
8 ; 9 ; 21 ; 0.012893 ; 0.0404685 ; 0.0101908 ; 102.347;
9 ; 9 ; 21 ; -0.0268285 ; -0.0258443 ; -0.0178194 ; 102.513;
10 ; 9 ; 21 ; 0.0531907 ; 0.0449723 ; 0.00856782 ; 100.578;
11 ; 9 ; 21 ; -0.0566673 ; -0.0300417 ; 0.0193734 ; 103.183;
12 ; 9 ; 21 ; -0.0111888 ; 0.0423125 ; -0.0125513 ; 100.24;
13 ; 9 ; 21 ; 0.066002 ; -0.110204 ; -0.0369717 ; 101.115;
14 ; 9 ; 21 ; 0.0195413 ; -0.0567481 ; 0.027055 ; 102.89;
15 ; 9 ; 21 ; -0.0657294 ; 0.0469592 ; 0.042725 ; 98.9675;
16 ; 9 ; 21 ; -0.00803398 ; 0.05354 ; -0.0367256 ; 102.077;
17 ; 9 ; 21 ; 0.0661992 ; 0.00964653 ; -0.0274194 ; 101.5;
18 ; 9 ; 21 ; 0.0159545 ; -0.0258655 ; 0.00226332 ; 102.975;
19 ; 9 ; 21 ; -0.0166448 ; 0.0686158 ; 0.0510255 ; 103.108;
20 ; 9 ; 21 ; 0.0459823 ; 0.0591959 ; 0.0186207 ; 103.393;
21 ; 9 ; 21 ; 0.00618211 ; 0.0327232 ; 0.034831 ; 102.305;
4 ; 10 ; 21 ; 0.0521516 ; 0.0153613 ; -0.020271 ; 104.755;
5 ; 10 ; 21 ; 0.0606896 ; -0.0249327 ; 0.0213537 ; 102.862;
6 ; 10 ; 21 ; 0.0573207 ; -0.051899 ; -0.0388978 ; 101.523;
7 ; 10 ; 21 ; 0.0630853 ; -0.0205246 ; -0.0662418 ; 102.565;
8 ; 10 ; 21 ; -0.0742428 ; 0.0112956 ; 0.00156316 ; 100.145;
9 ; 10 ; 21 ; 0.0613021 ; -0.102445 ; 0.00988092 ; 100.49;
10 ; 10 ; 21 ; -0.0311572 ; 0.0205544 ; -0.0542466 ; 104.312;
11 ; 10 ; 21 ; -0.0496831 ; -0.0409829 ; -0.0287702 ; 100.78;
12 ; 10 ; 21 ; -0.0679548 ; 0.0897461 ; 0.0378418 ; 100.8;
13 ; 10 ; 21 ; -0.0272533 ; 0.00448144 ; -0.00780977 ; 101.292;
14 ; 10 ; 21 ; -0.0228878 ; -0.0228293 ; 0.0108423 ; 101.938;
15 ; 10 ; 21 ; 0.0548086 ; -0.0225386 ; 0.00897926 ; 103.793;
16 ; 10 ; 21 ; -0.0477061 ; 0.0697045 ; 0.0670176 ; 103.507;
17 ; 10 ; 21 ; 0.0234376 ; -0.0057683 ; 0.0281501 ; 101.293;
18 ; 10 ; 21 ; -0.02884 ; -0.0273546 ; 0.00133141 ; 100.882;
19 ; 10 ; 21 ; -0.0206865 ; 0.00398594 ; -0.0772017 ; 103.35;
20 ; 10 ; 21 ; -0.026431 ; 0.0634163 ; -0.00521234 ; 104.862;
21 ; 10 ; 21 ; -0.102716 ; -0.0179163 ; -0.0590866 ; 101.398;
4 ; 11 ; 21 ; -0.016518 ; -0.00675861 ; -0.0373104 ; 102.068;
5 ; 11 ; 21 ; -0.0176194 ; 0.00493607 ; 0.0240674 ; 100.175;
6 ; 11 ; 21 ; -0.0353328 ; -0.037164 ; 0.0233314 ; 101.88;
7 ; 11 ; 21 ; 0.0779283 ; -0.030941 ; 0.00045055 ; 101.99;
8 ; 11 ; 21 ; 0.00314845 ; -0.105839 ; -0.00609699 ; 102.257;
9 ; 11 ; 21 ; -0.00583111 ; -0.0592803 ; -0.0124295 ; 101.858;
10 ; 11 ; 21 ; -0.039761 ; 0.00764583 ; 0.0620842 ; 100.355;
11 ; 11 ; 21 ; 0.0108125 ; -0.0505618 ; 0.0133697 ; 100.922;
12 ; 11 ; 21 ; 0.00149885 ; 0.0146464 ; 0.0240988 ; 100.242;
13 ; 11 ; 21 ; -0.0546321 ; 0.0509943 ; -0.0123619 ; 99.075;
14 ; 11 ; 21 ; 0.0101259 ; 0.0218066 ; -0.0492369 ; 104;
15 ; 11 ; 21 ; -0.0157663 ; 0.044908 ; -0.0041446 ; 98.3675;
16 ; 11 ; 21 ; -0.00348821 ; 0.0165557 ; 0.10604 ; 101.915;
17 ; 11 ; 21 ; 0.0859397 ; 0.013869 ; 0.0460306 ; 99.2025;
18 ; 11 ; 21 ; 0.0774755 ; 0.0114751 ; -0.020951 ; 102.05;
19 ; 11 ; 21 ; 0.0627872 ; -0.0117861 ; -0.0166009 ; 102.778;
20 ; 11 ; 21 ; 0.0524395 ; 0.01153 ; -0.0231386 ; 101.272;
21 ; 11 ; 21 ; -0.00922472 ; 0.0218011 ; 0.0344613 ; 103.55;
4 ; 12 ; 21 ; 0.050285 ; -0.0484404 ; -0.0135626 ; 99.6775;
5 ; 12 ; 21 ; 0.0481697 ; -0.0355701 ; -0.0415342 ; 100.87;
6 ; 12 ; 21 ; 0.00764539 ; 0.0321701 ; 0.00280656 ; 98.85;
7 ; 12 ; 21 ; -0.0417399 ; -0.00447545 ; -0.0667342 ; 102.858;
8 ; 12 ; 21 ; 0.0769765 ; 0.0323891 ; 0.040294 ; 100.667;
9 ; 12 ; 21 ; 0.0449318 ; -0.043298 ; -0.0553737 ; 102.632;
10 ; 12 ; 21 ; 0.0332751 ; -0.0125667 ; 0.0376308 ; 101.537;
11 ; 12 ; 21 ; 0.0594576 ; -0.053898 ; 0.0186272 ; 104.308;
12 ; 12 ; 21 ; -0.0394302 ; -0.0768324 ; -0.0432656 ; 100.625;
13 ; 12 ; 21 ; -0.0115667 ; -0.0283711 ; -0.0122487 ; 102.875;
14 ; 12 ; 21 ; 0.0119991 ; 0.00317319 ; 0.0195565 ; 100.727;
15 ; 12 ; 21 ; -0.0275535 ; 0.0300932 ; 0.0409419 ; 102.385;
16 ; 12 ; 21 ; -0.0510419 ; -0.0317041 ; -0.0201901 ; 99.495;
17 ; 12 ; 21 ; -0.0138571 ; 0.0292846 ; 0.00955072 ; 101.468;
18 ; 12 ; 21 ; -0.0142981 ; -0.0107041 ; 0.0283463 ; 100.27;
19 ; 12 ; 21 ; -0.0467034 ; -0.0258276 ; -0.072264 ; 100.79;
20 ; 12 ; 21 ; -0.00103343 ; -0.0135637 ; -0.0223658 ; 102.91;
21 ; 12 ; 21 ; 0.0361053 ; -0.0228713 ; 0.0525768 ; 101.97;
4 ; 13 ; 21 ; 0.0108794 ; 0.0216038 ; -0.0278 ; 103.235;
5 ; 13 ; 21 ; 0.0222788 ; 0.0351608 ; 0.0239536 ; 100.285;
6 ; 13 ; 21 ; 0.0288212 ; -0.0554076 ; -0.0302287 ; 97.825;
7 ; 13 ; 21 ; -0.0183898 ; -0.0509763 ; 0.0245167 ; 100.295;
8 ; 13 ; 21 ; -0.00996836 ; 0.0430676 ; -0.011503 ; 100.17;
9 ; 13 ; 21 ; -0.0363046 ; 0.0432324 ; -0.0635273 ; 99.49;
10 ; 13 ; 21 ; 0.00970631 ; 0.0355261 ; 0.0108484 ; 102.59;
11 ; 13 ; 21 ; 0.0718883 ; -0.0326698 ; 0.0425479 ; 103.698;
12 ; 13 ; 21 ; 0.0506644 ; 0.0281478 ; -0.0259018 ; 103.225;
13 ; 13 ; 21 ; -0.022131 ; 0.00883499 ; 0.0263545 ; 101.203;
14 ; 13 ; 21 ; -0.0204796 ; 0.00592372 ; 0.00080111 ; 102.762;
15 ; 13 ; 21 ; 0.0201232 ; -0.0619165 ; -0.0557617 ; 101.6;
16 ; 13 ; 21 ; 0.0293787 ; -0.00946566 ; 0.0439643 ; 100.438;
17 ; 13 ; 21 ; 0.0254843 ; -0.0104862 ; 0.0597992 ; 101.895;
18 ; 13 ; 21 ; -0.0247154 ; -0.108882 ; -0.0417955 ; 100.062;
19 ; 13 ; 21 ; 0.00885807 ; -0.0530421 ; 0.00458014 ; 101.7;
20 ; 13 ; 21 ; -0.0241119 ; -0.0441517 ; -0.0291149 ; 102.88;
21 ; 13 ; 21 ; -0.0749505 ; 0.00289005 ; -0.0108443 ; 101.965;
4 ; 14 ; 21 ; 0.0387393 ; 0.0313358 ; -0.0225449 ; 104.998;
5 ; 14 ; 21 ; 0.0125778 ; -0.00314752 ; -0.104356 ; 102.987;
6 ; 14 ; 21 ; 0.000708659 ; 0.0212488 ; -0.0337604 ; 102.882;
7 ; 14 ; 21 ; 0.0443346 ; -0.0551918 ; -0.0542511 ; 100.495;
8 ; 14 ; 21 ; -0.00306103 ; 0.112744 ; -0.105987 ; 101.325;
9 ; 14 ; 21 ; 0.00752602 ; 0.117556 ; -0.00609598 ; 101.177;
10 ; 14 ; 21 ; -0.00237889 ; 0.0211349 ; 0.0555034 ; 100.715;
11 ; 14 ; 21 ; 0.0748758 ; -0.00436168 ; 0.0824887 ; 100.97;
12 ; 14 ; 21 ; -0.0331725 ; 0.0547762 ; -0.0111033 ; 102.377;
13 ; 14 ; 21 ; 0.016357 ; 0.0547418 ; 0.0160403 ; 100.118;
14 ; 14 ; 21 ; 0.0307744 ; 0.0117076 ; 0.147412 ; 103.252;
15 ; 14 ; 21 ; 0.0436256 ; -0.0199068 ; -0.034006 ; 100.415;
16 ; 14 ; 21 ; -0.00305564 ; 0.0429574 ; -0.0515727 ; 99.75;
17 ; 14 ; 21 ; -0.00737939 ; -0.0510308 ; 0.0565834 ; 101.25;
18 ; 14 ; 21 ; 0.0201471 ; 0.0226684 ; 0.0153004 ; 100.835;
19 ; 14 ; 21 ; 0.0425773 ; -0.0109323 ; 0.0356731 ; 103.435;
20 ; 14 ; 21 ; 0.0367159 ; -0.0545494 ; 0.0356603 ; 100.547;
21 ; 14 ; 21 ; 0.0391184 ; 0.0113899 ; 0.0143285 ; 102.505;
4 ; 15 ; 21 ; 0.0106935 ; 0.0402068 ; 0.0691604 ; 101.16;
5 ; 15 ; 21 ; -0.00454033 ; -0.0171551 ; 0.0377755 ; 100.283;
6 ; 15 ; 21 ; -0.0586837 ; 0.0659692 ; 0.0315631 ; 104.305;
7 ; 15 ; 21 ; -0.047134 ; 0.0590049 ; 0.0436555 ; 100.935;
8 ; 15 ; 21 ; -0.000599415 ; 0.067939 ; -0.0366722 ; 105.86;
9 ; 15 ; 21 ; 0.0551888 ; 0.0271206 ; -0.0288763 ; 103.097;
10 ; 15 ; 21 ; -0.011306 ; 0.0174133 ; 0.0276982 ; 102.585;
11 ; 15 ; 21 ; -0.0616311 ; -0.0298626 ; -0.0741077 ; 102.392;
12 ; 15 ; 21 ; 0.0839246 ; -0.0421661 ; 0.0503018 ; 100.478;
13 ; 15 ; 21 ; -0.00668322 ; -0.0422587 ; -0.0132392 ; 104.305;
14 ; 15 ; 21 ; -0.0720679 ; -0.0511272 ; -0.00263182 ; 101.365;
15 ; 15 ; 21 ; -0.0660678 ; 0.0113434 ; -0.0209907 ; 102.598;
16 ; 15 ; 21 ; 0.0340812 ; 0.00190799 ; -0.0531846 ; 100.825;
17 ; 15 ; 21 ; 0.00478893 ; 0.0198425 ; -0.0547714 ; 99.43;
18 ; 15 ; 21 ; -0.0454514 ; 0.0672854 ; 0.0264458 ; 104.507;
19 ; 15 ; 21 ; 0.00455237 ; -0.00522808 ; 0.0506233 ; 103.692;
20 ; 15 ; 21 ; 0.0640515 ; -0.0248354 ; -0.0282289 ; 97.6075;
21 ; 15 ; 21 ; 0.0197425 ; -0.007053 ; -0.0231984 ; 101.56;
4 ; 16 ; 21 ; -0.0215545 ; -0.0256602 ; -0.111185 ; 101.91;
5 ; 16 ; 21 ; -0.0259785 ; -0.00457793 ; -0.0465103 ; 100.73;
6 ; 16 ; 21 ; -0.092138 ; -0.0265096 ; 0.0354288 ; 100.99;
7 ; 16 ; 21 ; 0.0062497 ; 0.0629009 ; 0.0282589 ; 101.305;
8 ; 16 ; 21 ; 0.0537737 ; 0.0729836 ; 0.0184321 ; 101.28;
9 ; 16 ; 21 ; 0.0197501 ; -0.0245416 ; -0.0357092 ; 102.85;
10 ; 16 ; 21 ; -0.00954046 ; 0.0340029 ; -0.051189 ; 100.865;
11 ; 16 ; 21 ; -0.0137089 ; 0.0522036 ; -0.0527686 ; 102.255;
12 ; 16 ; 21 ; -0.0748306 ; 0.0233052 ; 0.0687413 ; 103.5;
13 ; 16 ; 21 ; 0.018701 ; 0.0338835 ; 0.0496629 ; 102.22;
14 ; 16 ; 21 ; 0.013898 ; -0.0442946 ; -0.0495632 ; 102.825;
15 ; 16 ; 21 ; -0.0190057 ; -0.0245234 ; -0.0223705 ; 102.093;
16 ; 16 ; 21 ; 0.0306784 ; 0.0571609 ; -0.00992042 ; 101.47;
17 ; 16 ; 21 ; -0.0094492 ; 0.0890586 ; 0.0237208 ; 100.763;
18 ; 16 ; 21 ; -0.00398349 ; 0.0357819 ; -0.011659 ; 103.09;
19 ; 16 ; 21 ; 0.0356844 ; -0.0495264 ; 0.105018 ; 99.25;
20 ; 16 ; 21 ; 0.0104734 ; 0.0571838 ; 0.057995 ; 100.927;
21 ; 16 ; 21 ; 0.0215003 ; 0.0172169 ; 0.000900996 ; 101.877;
4 ; 17 ; 21 ; -0.0567854 ; -0.0411322 ; 0.0149752 ; 102.355;
5 ; 17 ; 21 ; 0.0452584 ; 0.00877144 ; 0.104478 ; 97.6075;
6 ; 17 ; 21 ; -0.0553678 ; -0.0629359 ; 0.0724444 ; 100.645;
7 ; 17 ; 21 ; -0.00596251 ; 0.00936071 ; -0.0776197 ; 101.745;
8 ; 17 ; 21 ; 0.064772 ; -0.0149302 ; -0.0749862 ; 102.215;
9 ; 17 ; 21 ; -0.0136976 ; -0.0233487 ; 0.0806667 ; 103.917;
10 ; 17 ; 21 ; -0.000340428 ; 0.0132797 ; -0.0202136 ; 103.512;
11 ; 17 ; 21 ; -0.0274738 ; 0.00098173 ; -0.0121401 ; 100.87;
12 ; 17 ; 21 ; 0.0101576 ; -0.00663396 ; -0.0237524 ; 102.845;
13 ; 17 ; 21 ; 0.0384421 ; 0.120832 ; -0.0236577 ; 102.235;
14 ; 17 ; 21 ; -0.00718768 ; -0.040032 ; 0.111516 ; 101.375;
15 ; 17 ; 21 ; 0.0115646 ; -0.0612167 ; -0.0520573 ; 98.88;
16 ; 17 ; 21 ; -0.0560404 ; 0.0172643 ; -0.0374401 ; 101.995;
17 ; 17 ; 21 ; 0.0427424 ; 0.0467256 ; -0.0562102 ; 100.537;
18 ; 17 ; 21 ; 0.0417193 ; 0.0557746 ; 0.00663341 ; 98.28;
19 ; 17 ; 21 ; 0.125626 ; 0.0409238 ; -0.0295715 ; 102.48;
20 ; 17 ; 21 ; 0.0498635 ; 0.0088694 ; 0.0517555 ; 102.865;
21 ; 17 ; 21 ; -0.0809812 ; -0.00126472 ; -0.0212069 ; 98.125;
4 ; 18 ; 21 ; 0.0136341 ; 0.0169644 ; -0.0350657 ; 101.745;
5 ; 18 ; 21 ; -0.0391883 ; 0.012645 ; -0.0675236 ; 99.985;
6 ; 18 ; 21 ; 0.029592 ; -0.0210732 ; 0.0452911 ; 100.832;
7 ; 18 ; 21 ; 0.00332857 ; 0.00414154 ; 0.0523852 ; 104.36;
8 ; 18 ; 21 ; -0.005453 ; -0.0161695 ; -0.0761996 ; 100.51;
9 ; 18 ; 21 ; -0.0239591 ; -0.00198002 ; -0.0468684 ; 103.14;
10 ; 18 ; 21 ; -0.00829836 ; -0.010589 ; -0.0492958 ; 100.205;
11 ; 18 ; 21 ; -0.0140045 ; 0.0343011 ; -0.0119502 ; 99.88;
12 ; 18 ; 21 ; 0.0801496 ; -0.0144356 ; -0.0264946 ; 101.082;
13 ; 18 ; 21 ; 0.0262677 ; 0.0105955 ; -0.0586809 ; 99.2625;
14 ; 18 ; 21 ; 0.00257439 ; -0.0872753 ; 0.0401822 ; 102.665;
15 ; 18 ; 21 ; 0.0402299 ; 0.0530605 ; 0.0422479 ; 101.683;
16 ; 18 ; 21 ; 0.0349258 ; 0.00683761 ; 0.0751676 ; 100.235;
17 ; 18 ; 21 ; 0.0228917 ; 0.0113107 ; -0.0329051 ; 100.968;
18 ; 18 ; 21 ; 0.00910633 ; -0.0235878 ; -0.0706338 ; 102.975;
19 ; 18 ; 21 ; 0.0259194 ; -0.0675493 ; -0.0728586 ; 100.333;
20 ; 18 ; 21 ; -0.00427388 ; 0.013409 ; 0.00769034 ; 100.362;
21 ; 18 ; 21 ; 0.0539212 ; -0.000944197 ; -0.0234927 ; 101.907;
4 ; 19 ; 21 ; 0.108291 ; -0.101878 ; 0.0259693 ; 101.07;
5 ; 19 ; 21 ; -0.025926 ; -0.0583333 ; 0.0211894 ; 102.525;
6 ; 19 ; 21 ; -0.0109705 ; -0.0603036 ; 0.0570021 ; 99.8525;
7 ; 19 ; 21 ; 0.00595241 ; -0.0364764 ; 0.0693668 ; 101.968;
8 ; 19 ; 21 ; 0.00732562 ; 0.0108395 ; 0.0151398 ; 100.903;
9 ; 19 ; 21 ; 0.0732655 ; 0.031208 ; -0.0256467 ; 101.052;
10 ; 19 ; 21 ; 0.0170989 ; -0.0725338 ; -0.034345 ; 103.263;
11 ; 19 ; 21 ; 0.0335594 ; 0.0153751 ; -0.0517276 ; 100.57;
12 ; 19 ; 21 ; -0.00243193 ; 0.000289419 ; -0.0365978 ; 102.142;
13 ; 19 ; 21 ; -0.0843233 ; 0.02949 ; -0.0670437 ; 102.675;
14 ; 19 ; 21 ; 0.0620899 ; -0.103933 ; 0.0287204 ; 102.285;
15 ; 19 ; 21 ; -0.000456901 ; -0.0171874 ; 0.0433451 ; 101.087;
16 ; 19 ; 21 ; -0.0389525 ; -0.0380038 ; -0.0479616 ; 101.972;
17 ; 19 ; 21 ; 0.0150835 ; -0.0413676 ; 0.0260688 ; 100.832;
18 ; 19 ; 21 ; 0.00503189 ; 0.012804 ; -0.0276143 ; 104.292;
19 ; 19 ; 21 ; 0.0514951 ; 0.0416469 ; 0.0440589 ; 101.263;
20 ; 19 ; 21 ; -0.0496743 ; 0.0712736 ; 0.0456389 ; 100.767;
21 ; 19 ; 21 ; -0.033035 ; -0.0424778 ; 0.00701787 ; 100.52;
4 ; 20 ; 21 ; -0.0204057 ; 0.0144974 ; -0.0346141 ; 102.085;
5 ; 20 ; 21 ; -0.0535392 ; 0.016616 ; -0.0602571 ; 99.8175;
6 ; 20 ; 21 ; -0.0498528 ; -0.0452525 ; 0.0373533 ; 101.845;
7 ; 20 ; 21 ; -0.00374094 ; 0.0068025 ; 0.0310657 ; 102.78;
8 ; 20 ; 21 ; -0.00692497 ; 0.0436186 ; 0.00907988 ; 103.977;
9 ; 20 ; 21 ; -0.0329201 ; 0.0417709 ; 0.0300558 ; 101.972;
10 ; 20 ; 21 ; 0.0106632 ; -0.0568087 ; 0.0479762 ; 100.703;
11 ; 20 ; 21 ; -0.0488228 ; -0.0421746 ; -0.0347414 ; 102.262;
12 ; 20 ; 21 ; -0.00640955 ; 0.0593165 ; 0.0117367 ; 99.1225;
13 ; 20 ; 21 ; -0.00778001 ; -0.021286 ; 0.0252204 ; 103.302;
14 ; 20 ; 21 ; 0.0160324 ; -0.00203144 ; -0.00420575 ; 101.795;
15 ; 20 ; 21 ; -0.0108246 ; -0.0501212 ; 0.0425993 ; 103.13;
16 ; 20 ; 21 ; 0.00591129 ; -0.00316061 ; 0.0575494 ; 102.365;
17 ; 20 ; 21 ; 0.0122634 ; 0.0161304 ; 0.0128315 ; 102.208;
18 ; 20 ; 21 ; -0.00047639 ; 0.0882139 ; 0.0361374 ; 103.6;
19 ; 20 ; 21 ; 0.0166976 ; 0.00460538 ; 0.0193095 ; 104.895;
20 ; 20 ; 21 ; 0.0146174 ; 0.00788687 ; 0.0147095 ; 102.082;
21 ; 20 ; 21 ; 0.00693574 ; 0.00119236 ; 0.055027 ; 103.142;
4 ; 21 ; 21 ; 0.000559512 ; 0.0340995 ; 0.0214984 ; 101.915;
5 ; 21 ; 21 ; -0.0198809 ; -0.0427506 ; 0.0167901 ; 103.327;
6 ; 21 ; 21 ; 0.0421766 ; 0.00597553 ; -0.0126897 ; 101.085;
7 ; 21 ; 21 ; 0.0251482 ; 0.020457 ; 0.0483824 ; 101.13;
8 ; 21 ; 21 ; 0.0780777 ; -0.0133964 ; -0.0210083 ; 102.958;
9 ; 21 ; 21 ; -0.00508265 ; -0.0147425 ; 0.00521141 ; 100.5;
10 ; 21 ; 21 ; -0.0396201 ; -0.112046 ; -0.0919692 ; 101.402;
11 ; 21 ; 21 ; -0.0338196 ; -0.0308568 ; -0.0495505 ; 100.162;
12 ; 21 ; 21 ; 0.0209058 ; -0.0805836 ; 0.0416962 ; 102.735;
13 ; 21 ; 21 ; -0.0199526 ; 0.0215792 ; -0.0358052 ; 100.972;
14 ; 21 ; 21 ; 0.0105782 ; -0.0117153 ; 0.0392208 ; 103.363;
15 ; 21 ; 21 ; 0.047581 ; -0.0392065 ; 0.0399252 ; 99.2675;
16 ; 21 ; 21 ; 0.0144067 ; 0.00952754 ; 0.0920349 ; 103.353;
17 ; 21 ; 21 ; 0.0402743 ; -0.0305637 ; 0.00989255 ; 100.193;
18 ; 21 ; 21 ; 0.0578892 ; 0.00548195 ; 0.00480434 ; 103.235;
19 ; 21 ; 21 ; 0.0870501 ; -0.024386 ; -0.0915035 ; 99.325;
20 ; 21 ; 21 ; 0.050989 ; -0.0438452 ; -0.0357836 ; 102.242;
21 ; 21 ; 21 ; -0.0427105 ; -0.0476134 ; 0.0248681 ; 101.02;
