4 ; 4 ; 4 ; 0.973392 ; 0.0670359 ; -0.0647132 ; 103.74;
5 ; 4 ; 4 ; 0.993798 ; -0.0182304 ; -0.0275699 ; 100.477;
6 ; 4 ; 4 ; 0.9715 ; -0.0405514 ; 0.0706371 ; 101.504;
7 ; 4 ; 4 ; 0.963567 ; -0.0839029 ; 0.119781 ; 100.858;
8 ; 4 ; 4 ; 0.851207 ; -0.0998981 ; 0.141215 ; 99.97;
9 ; 4 ; 4 ; 0.917908 ; 0.0741878 ; 0.0612515 ; 102.232;
10 ; 4 ; 4 ; 0.949903 ; 0.0665512 ; 0.00447051 ; 102.161;
11 ; 4 ; 4 ; 0.994372 ; -0.0017226 ; -0.0240882 ; 101.549;
12 ; 4 ; 4 ; 1.08579 ; -0.106924 ; -0.0559965 ; 99.35;
13 ; 4 ; 4 ; 0.946269 ; 0.00895549 ; -0.00190799 ; 100.345;
14 ; 4 ; 4 ; 0.970492 ; -0.0881107 ; -0.0479981 ; 100.248;
15 ; 4 ; 4 ; 0.970087 ; -0.122765 ; -0.0243618 ; 99.6183;
16 ; 4 ; 4 ; 0.941371 ; -0.017634 ; 0.0166289 ; 103;
17 ; 4 ; 4 ; 0.948601 ; 0.0430946 ; -0.0517887 ; 103.593;
18 ; 4 ; 4 ; 0.997061 ; 0.0390629 ; -0.0551216 ; 101.445;
19 ; 4 ; 4 ; 1.0283 ; 0.00918586 ; -0.0195257 ; 100.714;
20 ; 4 ; 4 ; 1.11155 ; 0.0810508 ; 0.10716 ; 99.41;
21 ; 4 ; 4 ; 1.03544 ; 0.0696804 ; -0.153521 ; 102.22;
4 ; 5 ; 4 ; 0.966746 ; 0.0819347 ; -0.0277511 ; 102.33;
5 ; 5 ; 4 ; 1.03369 ; 0.0717532 ; 0.0412058 ; 99.8517;
6 ; 5 ; 4 ; 0.982155 ; 0.0262082 ; 0.0476566 ; 100.857;
7 ; 5 ; 4 ; 0.993956 ; -0.0646648 ; 0.101803 ; 99.8718;
8 ; 5 ; 4 ; 1.05864 ; -0.0992839 ; 0.0794996 ; 98.73;
9 ; 5 ; 4 ; 1.00003 ; 0.134711 ; 0.0134893 ; 103.755;
10 ; 5 ; 4 ; 0.921108 ; 0.00207508 ; -0.0307803 ; 102.048;
11 ; 5 ; 4 ; 0.912449 ; 0.0195762 ; -0.00542544 ; 98.7462;
12 ; 5 ; 4 ; 0.951123 ; -0.0684289 ; 0.0519549 ; 100.45;
13 ; 5 ; 4 ; 0.93322 ; 0.147909 ; -0.0648401 ; 100.008;
14 ; 5 ; 4 ; 0.905208 ; 0.00164548 ; -0.0339282 ; 98.4397;
15 ; 5 ; 4 ; 0.979215 ; -0.0599945 ; -0.00446902 ; 98.6554;
16 ; 5 ; 4 ; 0.934129 ; -0.192443 ; 0.0693219 ; 96.17;
17 ; 5 ; 4 ; 0.905037 ; -0.0256796 ; -0.0742671 ; 102.114;
18 ; 5 ; 4 ; 0.962788 ; 0.00792356 ; -0.069353 ; 102.444;
19 ; 5 ; 4 ; 0.9425 ; -0.0023939 ; 0.00238417 ; 100.524;
20 ; 5 ; 4 ; 0.947983 ; -0.0826802 ; -0.00958957 ; 101.43;
21 ; 5 ; 4 ; 1.11968 ; -0.230545 ; -0.160345 ; 98.22;
4 ; 6 ; 4 ; 1.05377 ; 0.0980243 ; 0.037935 ; 98.07;
5 ; 6 ; 4 ; 1.11106 ; 0.18933 ; 0.0882018 ; 98.32;
6 ; 6 ; 4 ; 0.969998 ; 0.125836 ; 0.0409979 ; 101.17;
7 ; 6 ; 4 ; 0.943051 ; -0.0448504 ; 0.105154 ; 100.15;
8 ; 6 ; 4 ; 0.897029 ; 0.0767119 ; -0.00615431 ; 100.53;
9 ; 6 ; 4 ; 1.03168 ; 0.187273 ; -0.0389695 ; 104.81;
10 ; 6 ; 4 ; 0.931459 ; -0.0144497 ; -0.0699622 ; 101.12;
11 ; 6 ; 4 ; 0.910908 ; 0.0594076 ; -0.0196455 ; 95.74;
12 ; 6 ; 4 ; 0.939755 ; -0.0813614 ; 0.0431207 ; 102.98;
13 ; 6 ; 4 ; 0.911719 ; 0.243744 ; -0.117725 ; 100.86;
14 ; 6 ; 4 ; 0.879363 ; 0.0479685 ; -0.0964698 ; 97.65;
15 ; 6 ; 4 ; 1.00429 ; 0.00484381 ; -0.0460392 ; 99.3;
16 ; 6 ; 4 ; 0.955776 ; -0.0490674 ; -0.01689 ; 101.3;
17 ; 6 ; 4 ; 0.901648 ; -0.0925346 ; -0.0668481 ; 101.19;
18 ; 6 ; 4 ; 0.969044 ; -0.0636099 ; -0.106529 ; 102.62;
19 ; 6 ; 4 ; 0.911497 ; -0.00305403 ; 0.0235908 ; 98.88;
20 ; 6 ; 4 ; 0.936478 ; -0.01025 ; 0.0234145 ; 103.73;
21 ; 6 ; 4 ; 1.14965 ; 0.11501 ; -0.00671575 ; 101.07;
4 ; 7 ; 4 ; 1.12319 ; -0.00215257 ; 0.0945613 ; 103.86;
5 ; 7 ; 4 ; 1.04045 ; 0.0448217 ; 0.00841549 ; 99.2691;
6 ; 7 ; 4 ; 0.992002 ; -0.0182721 ; -0.00369419 ; 100.468;
7 ; 7 ; 4 ; 0.937953 ; -0.047842 ; -0.0958291 ; 100.985;
8 ; 7 ; 4 ; 0.889795 ; -0.00858716 ; -0.145628 ; 101.35;
9 ; 7 ; 4 ; 1.04386 ; 0.0327852 ; -0.0358173 ; 101.003;
10 ; 7 ; 4 ; 1.00043 ; 0.0391169 ; 0.00251483 ; 100.689;
11 ; 7 ; 4 ; 0.986 ; -0.0324477 ; -0.000353679 ; 100.147;
12 ; 7 ; 4 ; 1.01286 ; -0.0842933 ; 0.021224 ; 98.9;
13 ; 7 ; 4 ; 0.962085 ; 0.0336321 ; -0.0405997 ; 98.2754;
14 ; 7 ; 4 ; 0.956944 ; 0.0877655 ; -0.0289075 ; 99.6283;
15 ; 7 ; 4 ; 0.996351 ; 0.0757994 ; -0.0307857 ; 103.286;
16 ; 7 ; 4 ; 0.943228 ; -0.00612686 ; -0.10189 ; 105.89;
17 ; 7 ; 4 ; 0.973776 ; -0.0170821 ; -0.029879 ; 103.22;
18 ; 7 ; 4 ; 1.01091 ; 0.0267964 ; -0.0454149 ; 103.595;
19 ; 7 ; 4 ; 1.02304 ; 0.017857 ; -0.0343722 ; 102.593;
20 ; 7 ; 4 ; 1.09736 ; 0.0406851 ; 0.00772872 ; 105.18;
21 ; 7 ; 4 ; 0.986248 ; 0.0285509 ; 0.0230596 ; 104.1;
4 ; 8 ; 4 ; 0.956478 ; 0.109357 ; 0.0660383 ; 108.11;
5 ; 8 ; 4 ; 1.00705 ; 0.0104058 ; 0.04211 ; 99.9032;
6 ; 8 ; 4 ; 0.974233 ; -0.0628942 ; 0.00562947 ; 100.734;
7 ; 8 ; 4 ; 0.910061 ; -0.0799694 ; -0.0303352 ; 100.844;
8 ; 8 ; 4 ; 0.909174 ; -0.0781107 ; -0.196178 ; 101.09;
9 ; 8 ; 4 ; 0.976019 ; 0.0176041 ; -0.0409571 ; 102.926;
10 ; 8 ; 4 ; 0.968988 ; 0.0714377 ; -0.0184565 ; 100.709;
11 ; 8 ; 4 ; 0.993124 ; 0.040416 ; 0.0185908 ; 100.462;
12 ; 8 ; 4 ; 0.996126 ; -0.0731765 ; -0.0551346 ; 100.24;
13 ; 8 ; 4 ; 0.891974 ; -0.011199 ; -0.0916111 ; 98.6354;
14 ; 8 ; 4 ; 0.890541 ; 0.0357667 ; 0.00428593 ; 99.6045;
15 ; 8 ; 4 ; 0.9539 ; 0.0262963 ; 0.0316461 ; 102.454;
16 ; 8 ; 4 ; 1.1361 ; 0.0895716 ; 0.0615501 ; 103.93;
17 ; 8 ; 4 ; 0.971958 ; 0.0722463 ; -0.0570808 ; 102.476;
18 ; 8 ; 4 ; 1.01535 ; 0.0321661 ; -0.0463634 ; 101.725;
19 ; 8 ; 4 ; 1.01034 ; -0.0439276 ; -0.0151719 ; 101.462;
20 ; 8 ; 4 ; 0.950969 ; -0.0235341 ; -0.0826788 ; 100.05;
21 ; 8 ; 4 ; 1.08217 ; -0.0926554 ; -0.0149216 ; 99.72;
4 ; 9 ; 4 ; 1.00401 ; 0.034636 ; -0.0302903 ; 101;
5 ; 9 ; 4 ; 0.963434 ; 0.0137584 ; -0.0392594 ; 99.4476;
6 ; 9 ; 4 ; 0.963406 ; -0.0779238 ; 0.00876576 ; 99.7242;
7 ; 9 ; 4 ; 0.871101 ; -0.0728081 ; 0.00379754 ; 101.129;
8 ; 9 ; 4 ; 0.86447 ; 0.0054727 ; 0.0048783 ; 102.76;
9 ; 9 ; 4 ; 0.881233 ; -0.0493035 ; -0.00330338 ; 103.173;
10 ; 9 ; 4 ; 0.942794 ; -0.0503939 ; -0.018604 ; 102.35;
11 ; 9 ; 4 ; 0.998153 ; -0.00270624 ; 0.0730156 ; 99.7415;
12 ; 9 ; 4 ; 1.00578 ; 0.0362646 ; 0.0230252 ; 103.16;
13 ; 9 ; 4 ; 0.967798 ; 0.0131459 ; -0.0458489 ; 100.868;
14 ; 9 ; 4 ; 0.961251 ; -0.0541833 ; -0.0103918 ; 99.771;
15 ; 9 ; 4 ; 0.988913 ; -0.0538823 ; 0.0340893 ; 100.7;
16 ; 9 ; 4 ; 0.889517 ; -0.0269795 ; 0.0810757 ; 102.9;
17 ; 9 ; 4 ; 0.97752 ; 0.046154 ; -0.0474504 ; 101.7;
18 ; 9 ; 4 ; 0.968987 ; 0.0370819 ; -0.0310357 ; 102.262;
19 ; 9 ; 4 ; 1.01854 ; -0.0334706 ; -0.0024584 ; 102.898;
20 ; 9 ; 4 ; 0.990008 ; -0.0804239 ; 0.0533271 ; 103.44;
21 ; 9 ; 4 ; 1.11651 ; -0.00759884 ; 0.123293 ; 101.08;
4 ; 10 ; 4 ; 0.960615 ; 0.00308664 ; -0.00867007 ; 106.18;
5 ; 10 ; 4 ; 1.0048 ; -0.00727245 ; -0.0531149 ; 99.1989;
6 ; 10 ; 4 ; 0.993051 ; -0.0222918 ; 0.0259296 ; 99.8423;
7 ; 10 ; 4 ; 0.908776 ; -0.0412767 ; 0.0304224 ; 101.816;
8 ; 10 ; 4 ; 0.824522 ; -0.00231378 ; -0.0900914 ; 103.38;
9 ; 10 ; 4 ; 0.962348 ; -0.0418572 ; 0.0804252 ; 99.6182;
10 ; 10 ; 4 ; 0.984089 ; -0.076486 ; 0.0314975 ; 102.519;
11 ; 10 ; 4 ; 0.977307 ; -0.0145297 ; 0.0215957 ; 101.033;
12 ; 10 ; 4 ; 0.943794 ; 0.00360162 ; 0.238241 ; 95.26;
13 ; 10 ; 4 ; 1.0271 ; -0.0258343 ; 0.00373697 ; 101.596;
14 ; 10 ; 4 ; 0.98871 ; -0.0396237 ; -0.031769 ; 102.677;
15 ; 10 ; 4 ; 1.04022 ; -0.0353892 ; 0.0160935 ; 103.648;
16 ; 10 ; 4 ; 1.14285 ; 0.0447393 ; 0.0461206 ; 100.01;
17 ; 10 ; 4 ; 0.999453 ; 0.0129654 ; 0.0245734 ; 102.153;
18 ; 10 ; 4 ; 0.927753 ; -0.00417532 ; -0.0183223 ; 101.846;
19 ; 10 ; 4 ; 0.981261 ; -0.00793325 ; -0.0283182 ; 101.927;
20 ; 10 ; 4 ; 1.09512 ; -0.0694689 ; -0.0362831 ; 103.86;
21 ; 10 ; 4 ; 0.977383 ; 0.0121733 ; 0.0077309 ; 104.13;
4 ; 11 ; 4 ; 0.899369 ; 0.0738239 ; -0.0192261 ; 105.12;
5 ; 11 ; 4 ; 1.02422 ; -0.0647311 ; 0.0161311 ; 101.547;
6 ; 11 ; 4 ; 1.01711 ; 0.0521584 ; -0.0291057 ; 101.69;
7 ; 11 ; 4 ; 1.01566 ; -0.0367852 ; 0.0617285 ; 102.549;
8 ; 11 ; 4 ; 0.89123 ; -0.100415 ; 0.0759293 ; 102.02;
9 ; 11 ; 4 ; 0.961898 ; -0.042637 ; 0.00632797 ; 97.9718;
10 ; 11 ; 4 ; 0.903543 ; 0.0657521 ; 0.0719302 ; 102.873;
11 ; 11 ; 4 ; 0.903265 ; 0.0190743 ; -0.0154724 ; 103.321;
12 ; 11 ; 4 ; 0.969073 ; 0.0436992 ; -0.109757 ; 100.89;
13 ; 11 ; 4 ; 0.9813 ; -0.0962366 ; -0.00870617 ; 100.682;
14 ; 11 ; 4 ; 0.896117 ; -0.00530528 ; -0.0128606 ; 104.245;
15 ; 11 ; 4 ; 0.899647 ; -0.0278477 ; 0.0369881 ; 102.653;
16 ; 11 ; 4 ; 1.02923 ; -0.0540648 ; 0.0595962 ; 108.51;
17 ; 11 ; 4 ; 0.96295 ; 0.0619684 ; 0.00528671 ; 102.2;
18 ; 11 ; 4 ; 0.948532 ; -0.00130802 ; 0.0146495 ; 102.548;
19 ; 11 ; 4 ; 1.00761 ; -0.031829 ; -0.00244002 ; 102.647;
20 ; 11 ; 4 ; 1.00887 ; 0.0128154 ; 0.0321488 ; 99.35;
21 ; 11 ; 4 ; 1.15098 ; 0.132201 ; 0.104511 ; 103.47;
4 ; 12 ; 4 ; 0.978785 ; -0.0613201 ; -0.00290935 ; 102.15;
5 ; 12 ; 4 ; 1.02739 ; -0.0770238 ; 0.0122861 ; 102.61;
6 ; 12 ; 4 ; 1.043 ; 0.0954647 ; -0.0886114 ; 103.12;
7 ; 12 ; 4 ; 1.07896 ; -0.0371141 ; 0.058742 ; 103.09;
8 ; 12 ; 4 ; 0.986692 ; -0.186791 ; 0.00992245 ; 104.01;
9 ; 12 ; 4 ; 0.884064 ; -0.0637335 ; -0.0979359 ; 98.03;
10 ; 12 ; 4 ; 0.841601 ; 0.160358 ; 0.062218 ; 103.26;
11 ; 12 ; 4 ; 0.872371 ; 0.0234081 ; -6.28052e-06 ; 103.44;
12 ; 12 ; 4 ; 0.946658 ; -0.0855707 ; -0.0238256 ; 101.77;
13 ; 12 ; 4 ; 0.961945 ; -0.0963275 ; -0.0369261 ; 100.92;
14 ; 12 ; 4 ; 0.850056 ; 0.0147927 ; 0.0001013 ; 103.97;
15 ; 12 ; 4 ; 0.800429 ; -0.0302884 ; 0.0595207 ; 98.98;
16 ; 12 ; 4 ; 0.974425 ; -0.0160689 ; 0.0202931 ; 95.85;
17 ; 12 ; 4 ; 0.94627 ; 0.0742894 ; -0.042036 ; 101.47;
18 ; 12 ; 4 ; 0.976119 ; 0.00829424 ; 0.0167475 ; 104.48;
19 ; 12 ; 4 ; 1.05112 ; -0.0546967 ; 0.0116533 ; 104.84;
20 ; 12 ; 4 ; 1.08559 ; -0.124679 ; -0.00456174 ; 101.86;
21 ; 12 ; 4 ; 1.06157 ; 0.0337165 ; -0.135674 ; 105.22;
4 ; 13 ; 4 ; 0.97999 ; -0.0323139 ; -0.125132 ; 103.8;
5 ; 13 ; 4 ; 0.951051 ; 0.0494829 ; -0.0241657 ; 100.521;
6 ; 13 ; 4 ; 0.98289 ; -0.00466303 ; -0.0123663 ; 100.772;
7 ; 13 ; 4 ; 0.981346 ; -0.0777864 ; 0.00569085 ; 100.837;
8 ; 13 ; 4 ; 0.916528 ; -0.121957 ; 0.0577183 ; 98.24;
9 ; 13 ; 4 ; 0.953972 ; -0.119727 ; 0.0130977 ; 99.9121;
10 ; 13 ; 4 ; 0.952644 ; -0.0841731 ; -0.0645557 ; 101.416;
11 ; 13 ; 4 ; 0.973182 ; -0.0878886 ; -0.0606302 ; 103.08;
12 ; 13 ; 4 ; 0.985127 ; -0.0343997 ; 0.129662 ; 102.02;
13 ; 13 ; 4 ; 0.987825 ; -0.0283075 ; 0.00488118 ; 99.5177;
14 ; 13 ; 4 ; 0.995603 ; -0.029788 ; -0.0497874 ; 102.36;
15 ; 13 ; 4 ; 0.960663 ; 0.0255984 ; -0.0641962 ; 102.495;
16 ; 13 ; 4 ; 0.972763 ; 0.0356791 ; -0.10122 ; 102.45;
17 ; 13 ; 4 ; 0.935338 ; -0.0319122 ; -0.0491898 ; 99.2203;
18 ; 13 ; 4 ; 0.907667 ; -0.0386954 ; -0.0684412 ; 102.639;
19 ; 13 ; 4 ; 0.980839 ; -0.00284316 ; -0.0644741 ; 102.641;
20 ; 13 ; 4 ; 1.0285 ; 0.0193521 ; -0.245684 ; 100.25;
21 ; 13 ; 4 ; 1.06191 ; 0.133624 ; -0.115862 ; 103.53;
4 ; 14 ; 4 ; 0.961128 ; 0.0311313 ; 0.0985196 ; 106.19;
5 ; 14 ; 4 ; 1.00175 ; 0.0537709 ; 0.0285433 ; 99.4611;
6 ; 14 ; 4 ; 0.993866 ; 0.051178 ; 0.0164552 ; 100.122;
7 ; 14 ; 4 ; 0.964804 ; -0.00114247 ; 0.0286016 ; 101.665;
8 ; 14 ; 4 ; 1.03245 ; -0.0715382 ; -0.0841451 ; 99.46;
9 ; 14 ; 4 ; 1.01608 ; -0.0962739 ; -0.0269631 ; 100.14;
10 ; 14 ; 4 ; 1.01648 ; -0.144373 ; -0.092187 ; 102.129;
11 ; 14 ; 4 ; 1.00378 ; -0.119753 ; -0.0759553 ; 103.243;
12 ; 14 ; 4 ; 0.977055 ; -0.198806 ; -0.136663 ; 103.23;
13 ; 14 ; 4 ; 0.942834 ; -0.0312766 ; -0.0212621 ; 101.091;
14 ; 14 ; 4 ; 0.951466 ; -0.0717178 ; -0.0767484 ; 101.267;
15 ; 14 ; 4 ; 1.00117 ; -0.0226948 ; -0.0652825 ; 100.41;
16 ; 14 ; 4 ; 0.901077 ; 0.0951436 ; -0.0175686 ; 101.31;
17 ; 14 ; 4 ; 0.947239 ; 0.0134976 ; -0.0322678 ; 101.729;
18 ; 14 ; 4 ; 0.95991 ; 0.0040349 ; -0.0420976 ; 101.802;
19 ; 14 ; 4 ; 1.01316 ; -0.00406908 ; -0.0344872 ; 102.116;
20 ; 14 ; 4 ; 1.07238 ; -0.0306581 ; 0.018561 ; 102.09;
21 ; 14 ; 4 ; 0.93888 ; 0.0396667 ; 0.174043 ; 103.71;
4 ; 15 ; 4 ; 0.975128 ; -0.129508 ; -0.0692442 ; 102.1;
5 ; 15 ; 4 ; 1.06883 ; 0.0266173 ; 0.019156 ; 100.969;
6 ; 15 ; 4 ; 1.0081 ; 0.017277 ; 0.0435482 ; 102.72;
7 ; 15 ; 4 ; 0.928364 ; 0.0475383 ; 0.0397486 ; 102.503;
8 ; 15 ; 4 ; 0.926232 ; 0.00436553 ; 0.0615515 ; 103.26;
9 ; 15 ; 4 ; 0.994168 ; -0.0502489 ; -0.025236 ; 101.677;
10 ; 15 ; 4 ; 1.00395 ; -0.147945 ; -0.0813761 ; 100.959;
11 ; 15 ; 4 ; 0.995714 ; -0.0439923 ; -0.0107297 ; 99.8668;
12 ; 15 ; 4 ; 0.932255 ; -0.00455994 ; 0.0841482 ; 101.46;
13 ; 15 ; 4 ; 0.985457 ; 0.0258716 ; 0.0309871 ; 104.055;
14 ; 15 ; 4 ; 0.944335 ; -0.0677648 ; -0.0359615 ; 103.549;
15 ; 15 ; 4 ; 0.949117 ; -0.0884715 ; -0.0576624 ; 101.22;
16 ; 15 ; 4 ; 1.09366 ; -0.0412462 ; -0.0448666 ; 101;
17 ; 15 ; 4 ; 0.94636 ; 0.0559065 ; -0.10986 ; 103.066;
18 ; 15 ; 4 ; 0.978238 ; 0.0506712 ; -0.0783834 ; 101.015;
19 ; 15 ; 4 ; 0.995386 ; -0.00157856 ; -0.0422138 ; 100.636;
20 ; 15 ; 4 ; 1.00545 ; -0.0163904 ; -0.0643481 ; 102.66;
21 ; 15 ; 4 ; 0.977646 ; -0.0333892 ; 0.0218127 ; 99.82;
4 ; 16 ; 4 ; 0.948499 ; 0.0656487 ; 0.0333616 ; 102.95;
5 ; 16 ; 4 ; 0.991798 ; -0.030102 ; -0.0264312 ; 101.167;
6 ; 16 ; 4 ; 0.953827 ; -0.0445781 ; 0.0130715 ; 101.013;
7 ; 16 ; 4 ; 0.984767 ; -0.0156213 ; 0.0464874 ; 100.822;
8 ; 16 ; 4 ; 0.984155 ; 0.0590114 ; 0.00183241 ; 100.01;
9 ; 16 ; 4 ; 1.01353 ; -0.0581961 ; 0.0703576 ; 102.465;
10 ; 16 ; 4 ; 0.97994 ; -0.121514 ; 0.0349913 ; 102.184;
11 ; 16 ; 4 ; 0.903931 ; -0.0538105 ; 0.047639 ; 99.9229;
12 ; 16 ; 4 ; 0.967077 ; 0.0440945 ; 0.0324692 ; 96.36;
13 ; 16 ; 4 ; 0.995511 ; 0.0867009 ; 0.0930294 ; 102.789;
14 ; 16 ; 4 ; 0.909648 ; -0.0284679 ; -0.0315999 ; 102.788;
15 ; 16 ; 4 ; 0.884552 ; -0.0828946 ; -0.0659902 ; 100.845;
16 ; 16 ; 4 ; 0.870994 ; -0.0694345 ; -0.0678755 ; 100.43;
17 ; 16 ; 4 ; 0.968704 ; 0.0921468 ; -0.112801 ; 103.519;
18 ; 16 ; 4 ; 0.952933 ; 0.0977245 ; -0.000103205 ; 102.816;
19 ; 16 ; 4 ; 1.00063 ; 0.0340979 ; 0.0833231 ; 102.291;
20 ; 16 ; 4 ; 0.957488 ; -0.0629996 ; -0.00254045 ; 99.58;
21 ; 16 ; 4 ; 1.08394 ; -0.0463455 ; -0.0205454 ; 96.51;
4 ; 17 ; 4 ; 0.950351 ; 0.0170696 ; 0.0093042 ; 98.56;
5 ; 17 ; 4 ; 0.971656 ; -0.0563347 ; -0.0806123 ; 99.5711;
6 ; 17 ; 4 ; 0.948832 ; 0.0497175 ; -0.00979014 ; 98.8117;
7 ; 17 ; 4 ; 0.919675 ; -0.0509514 ; 0.155017 ; 101.413;
8 ; 17 ; 4 ; 1.09291 ; -0.0931869 ; 0.115457 ; 100.09;
9 ; 17 ; 4 ; 0.949738 ; -0.0462336 ; 0.0230984 ; 100.978;
10 ; 17 ; 4 ; 0.950331 ; -0.0741246 ; 0.0357514 ; 103.469;
11 ; 17 ; 4 ; 0.895061 ; 0.00440471 ; 0.033249 ; 100.941;
12 ; 17 ; 4 ; 0.797064 ; -0.133663 ; 0.0180233 ; 100.07;
13 ; 17 ; 4 ; 0.951843 ; 0.0301032 ; 0.037665 ; 97.986;
14 ; 17 ; 4 ; 0.969371 ; 0.0235399 ; -0.00302397 ; 104.002;
15 ; 17 ; 4 ; 0.948437 ; -0.0928324 ; -0.0187992 ; 102.67;
16 ; 17 ; 4 ; 0.980859 ; -0.132006 ; -0.0417442 ; 97.84;
17 ; 17 ; 4 ; 1.00578 ; 0.113471 ; -0.0352799 ; 102.949;
18 ; 17 ; 4 ; 0.941688 ; 0.0540052 ; 0.056183 ; 101.503;
19 ; 17 ; 4 ; 1.06003 ; 0.0332608 ; 0.0727595 ; 101.921;
20 ; 17 ; 4 ; 1.10118 ; -0.0332486 ; 0.0993275 ; 103.32;
21 ; 17 ; 4 ; 1.04767 ; -0.0580321 ; 0.0234341 ; 105.64;
4 ; 18 ; 4 ; 1.05862 ; 0.0384063 ; -0.105594 ; 102.55;
5 ; 18 ; 4 ; 0.998011 ; -0.04073 ; -0.128236 ; 97.86;
6 ; 18 ; 4 ; 0.956744 ; 0.142913 ; -0.0313074 ; 99.02;
7 ; 18 ; 4 ; 0.818054 ; -0.0354499 ; 0.205605 ; 103.48;
8 ; 18 ; 4 ; 0.99755 ; -0.154856 ; -0.017718 ; 101.6;
9 ; 18 ; 4 ; 0.88012 ; -0.0311179 ; -0.0397869 ; 99.41;
10 ; 18 ; 4 ; 0.917866 ; -0.0424752 ; -0.0160461 ; 102.64;
11 ; 18 ; 4 ; 0.932676 ; 0.0875715 ; -0.00803444 ; 100.12;
12 ; 18 ; 4 ; 0.706453 ; 0.0296552 ; -0.17007 ; 100.21;
13 ; 18 ; 4 ; 0.942996 ; -0.035013 ; -0.0209088 ; 95.39;
14 ; 18 ; 4 ; 1.03567 ; 0.0543301 ; 0.0233537 ; 107.53;
15 ; 18 ; 4 ; 0.985429 ; -0.108822 ; 0.0139657 ; 105.75;
16 ; 18 ; 4 ; 0.884212 ; 0.094572 ; 0.0102372 ; 101.19;
17 ; 18 ; 4 ; 1.02486 ; 0.129616 ; 0.0152933 ; 101.64;
18 ; 18 ; 4 ; 0.950516 ; 0.00811164 ; 0.0384411 ; 98.56;
19 ; 18 ; 4 ; 1.09674 ; 0.0160484 ; -0.0101808 ; 99.74;
20 ; 18 ; 4 ; 1.15257 ; 0.0832323 ; 0.117038 ; 104.1;
21 ; 18 ; 4 ; 1.01763 ; -0.0599781 ; 0.111254 ; 104.01;
4 ; 19 ; 4 ; 0.962186 ; -0.111821 ; 0.0416204 ; 99.65;
5 ; 19 ; 4 ; 0.976342 ; 0.0141133 ; -0.00335775 ; 102.744;
6 ; 19 ; 4 ; 0.982192 ; 0.0240107 ; 0.0483179 ; 102.622;
7 ; 19 ; 4 ; 0.941893 ; 0.0241321 ; 0.0964576 ; 101.251;
8 ; 19 ; 4 ; 0.893674 ; -0.00922223 ; 0.151634 ; 99.94;
9 ; 19 ; 4 ; 0.925726 ; 0.00466527 ; 0.0658184 ; 100.872;
10 ; 19 ; 4 ; 0.914951 ; -0.0473141 ; 0.0551549 ; 99.891;
11 ; 19 ; 4 ; 0.949605 ; -0.0214962 ; 0.0250493 ; 100.145;
12 ; 19 ; 4 ; 1.09504 ; 0.0664574 ; 0.0388348 ; 100.7;
13 ; 19 ; 4 ; 1.02983 ; 0.012748 ; 0.00196179 ; 100.501;
14 ; 19 ; 4 ; 0.958253 ; 0.00314175 ; 0.00574209 ; 101.542;
15 ; 19 ; 4 ; 0.939913 ; -0.0478345 ; -0.0272857 ; 101.816;
16 ; 19 ; 4 ; 1.02813 ; -0.0741426 ; -0.0138944 ; 99.86;
17 ; 19 ; 4 ; 0.951465 ; 0.0313445 ; 0.0289663 ; 102.636;
18 ; 19 ; 4 ; 0.969327 ; -0.0290626 ; 0.0127179 ; 101.838;
19 ; 19 ; 4 ; 1.02267 ; 0.0240057 ; 0.0326903 ; 98.9211;
20 ; 19 ; 4 ; 1.04335 ; 0.0896567 ; 0.100539 ; 96.17;
21 ; 19 ; 4 ; 1.00828 ; -0.00419305 ; -0.0674615 ; 101.93;
4 ; 20 ; 4 ; 1.038 ; -0.00602565 ; -0.101077 ; 100.85;
5 ; 20 ; 4 ; 0.997518 ; 0.0379597 ; 0.0543736 ; 100.597;
6 ; 20 ; 4 ; 1.03566 ; -0.0187622 ; -0.000882338 ; 103.554;
7 ; 20 ; 4 ; 0.975827 ; 0.073611 ; -0.0616149 ; 100.096;
8 ; 20 ; 4 ; 0.940016 ; 0.0381108 ; 0.0183709 ; 102.86;
9 ; 20 ; 4 ; 0.950157 ; -0.0328027 ; 0.0493366 ; 101.129;
10 ; 20 ; 4 ; 0.944106 ; 0.0632429 ; -0.0164942 ; 98.9346;
11 ; 20 ; 4 ; 0.960967 ; -0.0251261 ; 0.0326909 ; 101.017;
12 ; 20 ; 4 ; 0.937355 ; -0.027453 ; -0.0335649 ; 99.34;
13 ; 20 ; 4 ; 0.99055 ; -0.00146251 ; 0.0458298 ; 102.027;
14 ; 20 ; 4 ; 1.04259 ; -0.0428943 ; -0.0254538 ; 99.8889;
15 ; 20 ; 4 ; 0.996726 ; -0.011436 ; -0.0228437 ; 101.483;
16 ; 20 ; 4 ; 0.969551 ; -0.0942242 ; -0.0822319 ; 102.19;
17 ; 20 ; 4 ; 0.894443 ; 0.0161761 ; 0.00439956 ; 101.161;
18 ; 20 ; 4 ; 0.948596 ; -0.0234833 ; 0.00189765 ; 103.265;
19 ; 20 ; 4 ; 0.970281 ; -0.00205754 ; -0.0684179 ; 102.375;
20 ; 20 ; 4 ; 1.02192 ; 0.0971597 ; 0.0401336 ; 99.75;
21 ; 20 ; 4 ; 0.961911 ; -0.0236337 ; -0.0152456 ; 103.2;
4 ; 21 ; 4 ; 1.08023 ; -0.116816 ; 0.094052 ; 102.25;
5 ; 21 ; 4 ; 0.913039 ; 0.0634899 ; 0.0867635 ; 98.94;
6 ; 21 ; 4 ; 1.05441 ; -0.0557952 ; 0.0017638 ; 104.16;
7 ; 21 ; 4 ; 1.02409 ; 0.0967111 ; -0.139387 ; 98.13;
8 ; 21 ; 4 ; 1.19445 ; -0.00448654 ; 0.0273771 ; 97.94;
9 ; 21 ; 4 ; 0.939719 ; -0.0684462 ; 0.00804442 ; 102.04;
10 ; 21 ; 4 ; 0.926754 ; 0.151308 ; -0.0795586 ; 97.47;
11 ; 21 ; 4 ; 0.980183 ; -0.0102846 ; 0.0497324 ; 101.36;
12 ; 21 ; 4 ; 1.03942 ; 0.0150998 ; 0.087385 ; 98.66;
13 ; 21 ; 4 ; 0.9269 ; -0.0122986 ; 0.0259831 ; 102.46;
14 ; 21 ; 4 ; 1.03865 ; -0.0545326 ; -0.0735318 ; 99.77;
15 ; 21 ; 4 ; 1.01193 ; 0.0345116 ; -0.00169022 ; 102.13;
16 ; 21 ; 4 ; 1.05604 ; -0.0407788 ; 0.116256 ; 103.39;
17 ; 21 ; 4 ; 0.863375 ; 0.0134982 ; -0.000822218 ; 100.23;
18 ; 21 ; 4 ; 0.922734 ; -0.00658759 ; -0.0220442 ; 103.23;
19 ; 21 ; 4 ; 0.919954 ; -0.0260665 ; -0.162745 ; 103.94;
20 ; 21 ; 4 ; 1.25505 ; 0.013926 ; -0.138384 ; 101.69;
21 ; 21 ; 4 ; 1.05714 ; -0.0379901 ; -0.0753921 ; 100.35;
4 ; 4 ; 5 ; 0.736695 ; -0.150981 ; -0.0418796 ; 101.03;
5 ; 4 ; 5 ; 0.894623 ; 0.0337586 ; 0.0577508 ; 104.105;
6 ; 4 ; 5 ; 0.897755 ; 0.0228905 ; 0.0394137 ; 105.142;
7 ; 4 ; 5 ; 0.863532 ; -0.0128978 ; 0.0226087 ; 103.658;
8 ; 4 ; 5 ; 0.851332 ; -0.0925348 ; 0.0661603 ; 102.01;
9 ; 4 ; 5 ; 0.824762 ; 0.130508 ; -0.0137581 ; 101.968;
10 ; 4 ; 5 ; 0.83336 ; 0.073406 ; -0.0138369 ; 103.69;
11 ; 4 ; 5 ; 0.837071 ; -0.0250919 ; 0.00420117 ; 103.435;
12 ; 4 ; 5 ; 0.866424 ; -0.109527 ; 0.0653811 ; 104.96;
13 ; 4 ; 5 ; 0.857699 ; -0.0110646 ; 0.0340135 ; 102.339;
14 ; 4 ; 5 ; 0.889755 ; -0.014571 ; 0.0557485 ; 101.441;
15 ; 4 ; 5 ; 0.910061 ; 0.0197792 ; 0.0911645 ; 100.426;
16 ; 4 ; 5 ; 0.796505 ; 0.106302 ; 0.15443 ; 100.9;
17 ; 4 ; 5 ; 0.874341 ; -0.101127 ; 0.0186071 ; 99.8934;
18 ; 4 ; 5 ; 0.894455 ; -0.102982 ; -0.00197636 ; 100.956;
19 ; 4 ; 5 ; 0.879141 ; -0.0319852 ; -0.00784641 ; 102.502;
20 ; 4 ; 5 ; 0.782007 ; 0.0160463 ; -0.0670138 ; 102.94;
21 ; 4 ; 5 ; 0.812735 ; 0.0511273 ; 0.0493737 ; 100.15;
4 ; 5 ; 5 ; 0.949654 ; -0.0619335 ; 0.0212699 ; 100.14;
5 ; 5 ; 5 ; 0.941966 ; 0.00655533 ; 0.0323115 ; 103.97;
6 ; 5 ; 5 ; 0.903666 ; 0.00532809 ; 0.0325714 ; 104.047;
7 ; 5 ; 5 ; 0.839865 ; -0.00733744 ; 0.0159773 ; 103.432;
8 ; 5 ; 5 ; 0.833818 ; -0.0457033 ; 0.0470893 ; 102.072;
9 ; 5 ; 5 ; 0.798612 ; 0.0294219 ; -0.0523275 ; 99.9634;
10 ; 5 ; 5 ; 0.843571 ; 0.0561347 ; -0.0232054 ; 102.386;
11 ; 5 ; 5 ; 0.869138 ; 0.0156772 ; -0.00234013 ; 102.477;
12 ; 5 ; 5 ; 0.85774 ; -0.068982 ; 0.0284623 ; 102.775;
13 ; 5 ; 5 ; 0.819252 ; 0.0393362 ; -0.0727687 ; 100.754;
14 ; 5 ; 5 ; 0.851533 ; -0.00465525 ; 0.0122984 ; 101.68;
15 ; 5 ; 5 ; 0.879927 ; 0.00426021 ; 0.0613168 ; 101.305;
16 ; 5 ; 5 ; 0.861062 ; 0.0637201 ; 0.115047 ; 100.362;
17 ; 5 ; 5 ; 0.878437 ; 0.0265026 ; -0.0640422 ; 97.9088;
18 ; 5 ; 5 ; 0.892453 ; -0.0680698 ; -0.0362449 ; 99.9459;
19 ; 5 ; 5 ; 0.884366 ; -0.0415006 ; -0.023899 ; 101.868;
20 ; 5 ; 5 ; 0.857756 ; -0.00194381 ; -0.013605 ; 102.138;
21 ; 5 ; 5 ; 0.796184 ; 0.13226 ; 0.00736103 ; 103.95;
4 ; 6 ; 5 ; 0.788813 ; 0.0178851 ; 0.100693 ; 101.14;
5 ; 6 ; 5 ; 0.99617 ; 0.0201728 ; 0.028943 ; 101.07;
6 ; 6 ; 5 ; 0.892124 ; -0.0117534 ; 0.0279188 ; 103.642;
7 ; 6 ; 5 ; 0.810518 ; 0.00531584 ; 0.0103225 ; 103.262;
8 ; 6 ; 5 ; 0.792279 ; 0.00972695 ; 0.0559206 ; 103.05;
9 ; 6 ; 5 ; 0.79667 ; -0.00499557 ; -0.0659827 ; 97.2;
10 ; 6 ; 5 ; 0.846291 ; 0.0372017 ; -0.0357783 ; 101.135;
11 ; 6 ; 5 ; 0.889605 ; 0.0554232 ; -0.0196188 ; 100.992;
12 ; 6 ; 5 ; 0.861002 ; 0.0553039 ; -0.024266 ; 99.8557;
13 ; 6 ; 5 ; 0.778818 ; 0.108579 ; -0.153698 ; 101.05;
14 ; 6 ; 5 ; 0.828622 ; -0.00587744 ; -0.0233394 ; 101.697;
15 ; 6 ; 5 ; 0.870744 ; -0.0144897 ; 0.0301399 ; 101.782;
16 ; 6 ; 5 ; 0.896899 ; -0.00630061 ; 0.0499965 ; 100.379;
17 ; 6 ; 5 ; 0.869592 ; 0.13967 ; -0.14679 ; 95.67;
18 ; 6 ; 5 ; 0.893198 ; -0.0446084 ; -0.0469156 ; 99.3342;
19 ; 6 ; 5 ; 0.904584 ; -0.0544202 ; -0.0139605 ; 101.234;
20 ; 6 ; 5 ; 0.910383 ; -0.0290131 ; -0.00722472 ; 101.233;
21 ; 6 ; 5 ; 0.933342 ; -0.0529292 ; 0.086626 ; 105.34;
4 ; 7 ; 5 ; 1.03148 ; -0.098894 ; 0.0568027 ; 102.42;
5 ; 7 ; 5 ; 0.925219 ; 0.021139 ; 0.0790201 ; 100.712;
6 ; 7 ; 5 ; 0.94353 ; 0.0179268 ; 0.0482068 ; 100.908;
7 ; 7 ; 5 ; 0.917981 ; -0.00264744 ; 0.00560014 ; 100.665;
8 ; 7 ; 5 ; 0.938228 ; -0.0201097 ; -0.0207654 ; 105.5;
9 ; 7 ; 5 ; 0.884128 ; -0.045814 ; -0.00791149 ; 101.116;
10 ; 7 ; 5 ; 0.934346 ; -0.0232771 ; -0.0569052 ; 99.991;
11 ; 7 ; 5 ; 0.938766 ; -0.0113455 ; -0.0662391 ; 100.235;
12 ; 7 ; 5 ; 0.917209 ; 0.12026 ; -0.0664146 ; 101.13;
13 ; 7 ; 5 ; 0.867718 ; 0.00797366 ; -0.0386007 ; 101.398;
14 ; 7 ; 5 ; 0.873396 ; 0.00759454 ; -0.0310688 ; 99.3697;
15 ; 7 ; 5 ; 0.891537 ; -0.00773362 ; -0.0375307 ; 98.9484;
16 ; 7 ; 5 ; 0.864337 ; -0.0833788 ; 0.0515827 ; 99.73;
17 ; 7 ; 5 ; 0.906922 ; -0.0442367 ; 0.0398944 ; 102.646;
18 ; 7 ; 5 ; 0.91484 ; -0.0610394 ; -0.000705577 ; 102.403;
19 ; 7 ; 5 ; 0.893416 ; -0.0521068 ; -0.0549075 ; 102.194;
20 ; 7 ; 5 ; 0.923477 ; -0.0147377 ; -0.119975 ; 100.83;
21 ; 7 ; 5 ; 0.845132 ; 0.0435208 ; -0.0186375 ; 106.02;
4 ; 8 ; 5 ; 0.97235 ; 0.182462 ; 0.00854985 ; 100.27;
5 ; 8 ; 5 ; 0.959236 ; -0.0246348 ; 0.0371371 ; 100.822;
6 ; 8 ; 5 ; 0.93353 ; -0.00104607 ; 0.0440765 ; 100.392;
7 ; 8 ; 5 ; 0.896709 ; -0.0195745 ; 0.0176506 ; 100.212;
8 ; 8 ; 5 ; 0.904679 ; -0.0195082 ; 0.000422326 ; 102.141;
9 ; 8 ; 5 ; 0.86559 ; 0.00235378 ; -0.00593096 ; 102.836;
10 ; 8 ; 5 ; 0.916069 ; -0.00708032 ; -0.0443377 ; 101.19;
11 ; 8 ; 5 ; 0.926955 ; -0.0120464 ; -0.0576177 ; 101.164;
12 ; 8 ; 5 ; 0.917526 ; 0.0357098 ; -0.0462991 ; 100.586;
13 ; 8 ; 5 ; 0.825778 ; 0.0442024 ; -0.0741574 ; 101.806;
14 ; 8 ; 5 ; 0.854002 ; 0.0223404 ; -0.0466052 ; 100.16;
15 ; 8 ; 5 ; 0.880612 ; 0.0087458 ; -0.0386144 ; 99.846;
16 ; 8 ; 5 ; 0.881894 ; -0.0273199 ; -0.0241369 ; 99.2904;
17 ; 8 ; 5 ; 0.883332 ; 0.0509617 ; -0.0378374 ; 103.34;
18 ; 8 ; 5 ; 0.90548 ; -0.0168047 ; -0.0126445 ; 102.883;
19 ; 8 ; 5 ; 0.904105 ; -0.0236029 ; -0.0164116 ; 102.248;
20 ; 8 ; 5 ; 0.892587 ; -0.0552069 ; -0.0912238 ; 101.298;
21 ; 8 ; 5 ; 0.840656 ; -0.102929 ; 0.0418002 ; 102.03;
4 ; 9 ; 5 ; 1.03046 ; -0.0352877 ; -0.0725903 ; 104.58;
5 ; 9 ; 5 ; 0.879952 ; -0.0195205 ; 0.00589392 ; 100.615;
6 ; 9 ; 5 ; 0.884776 ; -0.0186439 ; 0.0491272 ; 100.202;
7 ; 9 ; 5 ; 0.848146 ; -0.0299935 ; 0.0611049 ; 99.738;
8 ; 9 ; 5 ; 0.842495 ; -0.0562216 ; 0.0223153 ; 99.3695;
9 ; 9 ; 5 ; 0.825031 ; 0.0480442 ; -0.0102146 ; 103.199;
10 ; 9 ; 5 ; 0.87438 ; 0.0226006 ; -0.0297604 ; 102.686;
11 ; 9 ; 5 ; 0.896228 ; -0.00772761 ; -0.0246563 ; 102.289;
12 ; 9 ; 5 ; 0.923056 ; -0.0324766 ; -0.0212672 ; 101.402;
13 ; 9 ; 5 ; 0.880732 ; 0.04641 ; 0.0263678 ; 103.791;
14 ; 9 ; 5 ; 0.859863 ; 0.0381449 ; -0.014543 ; 101.941;
15 ; 9 ; 5 ; 0.884311 ; 0.0272866 ; -0.0139522 ; 101.288;
16 ; 9 ; 5 ; 0.899147 ; 0.0231515 ; -0.0477124 ; 100.089;
17 ; 9 ; 5 ; 0.833783 ; 0.0235916 ; 0.0172593 ; 101.992;
18 ; 9 ; 5 ; 0.888392 ; 0.0333484 ; 0.0022311 ; 102.794;
19 ; 9 ; 5 ; 0.921489 ; 0.00777119 ; 0.0347991 ; 101.917;
20 ; 9 ; 5 ; 0.912232 ; -0.0454368 ; 0.0217851 ; 101.233;
21 ; 9 ; 5 ; 1.03796 ; 0.0422092 ; -0.0248408 ; 103.72;
4 ; 10 ; 5 ; 0.819915 ; 0.0171818 ; 0.0430757 ; 97.71;
5 ; 10 ; 5 ; 0.833233 ; 0.0470836 ; 0.0543169 ; 101.824;
6 ; 10 ; 5 ; 0.833543 ; 0.00900633 ; 0.0523912 ; 101.274;
7 ; 10 ; 5 ; 0.828329 ; 0.00486128 ; 0.0726067 ; 101.065;
8 ; 10 ; 5 ; 0.817959 ; -0.0643442 ; 0.0615292 ; 100.568;
9 ; 10 ; 5 ; 0.846661 ; 0.023806 ; -0.0420608 ; 101.178;
10 ; 10 ; 5 ; 0.847043 ; 0.0246546 ; -0.0204485 ; 102.497;
11 ; 10 ; 5 ; 0.842523 ; 0.01194 ; -0.0101802 ; 102.487;
12 ; 10 ; 5 ; 0.903762 ; 0.0114434 ; 0.0246698 ; 102.956;
13 ; 10 ; 5 ; 0.857707 ; 0.0484696 ; 0.152102 ; 100.967;
14 ; 10 ; 5 ; 0.858212 ; 0.0227123 ; 0.0856457 ; 101.906;
15 ; 10 ; 5 ; 0.882816 ; 0.00254482 ; 0.0694021 ; 101.331;
16 ; 10 ; 5 ; 0.908911 ; -0.00273706 ; 0.0325597 ; 101.162;
17 ; 10 ; 5 ; 0.900404 ; -0.00525029 ; 0.0294528 ; 102.951;
18 ; 10 ; 5 ; 0.897966 ; 0.0299007 ; 0.0172496 ; 102.264;
19 ; 10 ; 5 ; 0.952136 ; 0.0234426 ; 0.0428972 ; 101.666;
20 ; 10 ; 5 ; 0.981605 ; 0.00852248 ; 0.0723958 ; 100.818;
21 ; 10 ; 5 ; 0.947571 ; -0.0659441 ; 0.0065848 ; 102.97;
4 ; 11 ; 5 ; 0.866629 ; -0.0227238 ; 0.0493029 ; 100.16;
5 ; 11 ; 5 ; 0.817214 ; 0.128191 ; 0.039243 ; 102.003;
6 ; 11 ; 5 ; 0.829848 ; 0.0645524 ; 0.031391 ; 101.451;
7 ; 11 ; 5 ; 0.863518 ; 0.0444043 ; 0.0148116 ; 101.069;
8 ; 11 ; 5 ; 0.840677 ; 0.0319976 ; 0.0527218 ; 101.399;
9 ; 11 ; 5 ; 0.874033 ; 0.0568332 ; 0.0365666 ; 97.9673;
10 ; 11 ; 5 ; 0.8256 ; 0.0311353 ; -0.003647 ; 99.6278;
11 ; 11 ; 5 ; 0.780388 ; 0.0240203 ; -0.018292 ; 101.027;
12 ; 11 ; 5 ; 0.803252 ; 0.0214487 ; 0.0360886 ; 101.867;
13 ; 11 ; 5 ; 0.803493 ; 0.0131898 ; 0.0757386 ; 101.391;
14 ; 11 ; 5 ; 0.856316 ; -0.000461038 ; 0.104279 ; 101.011;
15 ; 11 ; 5 ; 0.8776 ; -0.00776151 ; 0.0864726 ; 101.881;
16 ; 11 ; 5 ; 0.921105 ; -0.0260767 ; 0.0758493 ; 100.11;
17 ; 11 ; 5 ; 0.896572 ; 0.0589752 ; -0.0221643 ; 101.098;
18 ; 11 ; 5 ; 0.892352 ; 0.0227672 ; 0.0117525 ; 101.136;
19 ; 11 ; 5 ; 0.909685 ; 0.012 ; 0.0201968 ; 101.167;
20 ; 11 ; 5 ; 0.967723 ; 0.0182008 ; 0.0337905 ; 101.214;
21 ; 11 ; 5 ; 0.780706 ; 0.0883658 ; -0.0940355 ; 95.06;
4 ; 12 ; 5 ; 0.941581 ; 0.026111 ; 0.0366396 ; 102.56;
5 ; 12 ; 5 ; 0.797716 ; 0.171395 ; -0.00237686 ; 101.76;
6 ; 12 ; 5 ; 0.84678 ; 0.090821 ; 0.00929706 ; 101.129;
7 ; 12 ; 5 ; 0.894389 ; 0.0572076 ; -0.0372532 ; 100.909;
8 ; 12 ; 5 ; 0.904082 ; 0.0434859 ; -0.0259252 ; 102.294;
9 ; 12 ; 5 ; 0.860234 ; 0.110535 ; 0.102427 ; 95.9;
10 ; 12 ; 5 ; 0.820567 ; 0.0338339 ; 0.0118777 ; 98.1419;
11 ; 12 ; 5 ; 0.749975 ; 0.0293785 ; -0.035804 ; 100.395;
12 ; 12 ; 5 ; 0.781639 ; 0.0367672 ; -0.0102234 ; 102.412;
13 ; 12 ; 5 ; 0.828284 ; -0.021258 ; -0.0079982 ; 103.93;
14 ; 12 ; 5 ; 0.832651 ; -0.0114539 ; 0.0799881 ; 100.216;
15 ; 12 ; 5 ; 0.861125 ; -0.0104583 ; 0.0806305 ; 102.303;
16 ; 12 ; 5 ; 0.849983 ; 0.000922354 ; 0.0914967 ; 102.422;
17 ; 12 ; 5 ; 0.843964 ; 0.102157 ; -0.00497684 ; 98.37;
18 ; 12 ; 5 ; 0.887408 ; 0.0314033 ; -0.0129122 ; 100.89;
19 ; 12 ; 5 ; 0.881751 ; 0.0144158 ; 0.0129233 ; 101.045;
20 ; 12 ; 5 ; 0.931747 ; 0.0308341 ; 0.0556912 ; 101.248;
21 ; 12 ; 5 ; 0.945936 ; -0.0191877 ; -0.0661041 ; 103.72;
4 ; 13 ; 5 ; 0.933955 ; 0.061053 ; -0.15363 ; 103.68;
5 ; 13 ; 5 ; 0.847995 ; 0.013014 ; -0.0202119 ; 101.248;
6 ; 13 ; 5 ; 0.87082 ; -0.0222881 ; -0.0665471 ; 100.592;
7 ; 13 ; 5 ; 0.899684 ; -0.0821559 ; -0.0546287 ; 102.373;
8 ; 13 ; 5 ; 0.928047 ; -0.0830828 ; 0.13062 ; 105.68;
9 ; 13 ; 5 ; 0.893438 ; 0.0608173 ; -0.0088129 ; 102.988;
10 ; 13 ; 5 ; 0.954727 ; 0.0226903 ; 0.0024492 ; 101.446;
11 ; 13 ; 5 ; 0.988352 ; 0.00581728 ; 0.0365841 ; 101.778;
12 ; 13 ; 5 ; 1.03093 ; 0.0947124 ; 0.168271 ; 103.79;
13 ; 13 ; 5 ; 0.901308 ; 0.0101911 ; 0.0680788 ; 101.85;
14 ; 13 ; 5 ; 0.868658 ; -0.00282016 ; -0.00522122 ; 100.478;
15 ; 13 ; 5 ; 0.894734 ; -0.0300468 ; -0.0107328 ; 100.574;
16 ; 13 ; 5 ; 0.827575 ; -0.023153 ; 0.146801 ; 104.29;
17 ; 13 ; 5 ; 0.862074 ; 0.0147803 ; 0.0133452 ; 100.214;
18 ; 13 ; 5 ; 0.872671 ; 0.0356574 ; 0.024185 ; 101.607;
19 ; 13 ; 5 ; 0.895381 ; 0.0826234 ; 0.047776 ; 102.202;
20 ; 13 ; 5 ; 0.859106 ; 0.138818 ; 0.0565925 ; 100.11;
21 ; 13 ; 5 ; 0.7811 ; -0.201005 ; -0.0548237 ; 98.79;
4 ; 14 ; 5 ; 0.825893 ; 0.0394376 ; 0.0262698 ; 98.48;
5 ; 14 ; 5 ; 0.928265 ; -0.0041632 ; -0.0387431 ; 102.336;
6 ; 14 ; 5 ; 0.891983 ; -0.0221171 ; -0.0417209 ; 101.64;
7 ; 14 ; 5 ; 0.904483 ; -0.0775556 ; -0.0212635 ; 102.272;
8 ; 14 ; 5 ; 0.916237 ; -0.0778913 ; 0.00664836 ; 104.266;
9 ; 14 ; 5 ; 0.969586 ; 0.0073113 ; -0.0314926 ; 101.645;
10 ; 14 ; 5 ; 0.962846 ; 0.00982571 ; -0.0238111 ; 101.845;
11 ; 14 ; 5 ; 0.986378 ; 0.0097335 ; -0.00432247 ; 101.809;
12 ; 14 ; 5 ; 1.00559 ; 0.0418427 ; 0.0930493 ; 104.093;
13 ; 14 ; 5 ; 0.950373 ; 0.070357 ; -0.0163158 ; 101.687;
14 ; 14 ; 5 ; 0.89099 ; 0.0286987 ; -0.0233348 ; 101.183;
15 ; 14 ; 5 ; 0.886767 ; -0.00477117 ; -0.0310754 ; 101.205;
16 ; 14 ; 5 ; 0.907291 ; -0.0338833 ; 0.0499699 ; 102.383;
17 ; 14 ; 5 ; 0.821857 ; 0.0104528 ; -0.0287183 ; 102.444;
18 ; 14 ; 5 ; 0.864986 ; 0.0262926 ; -0.00105432 ; 102.048;
19 ; 14 ; 5 ; 0.894742 ; 0.0637216 ; 0.0174231 ; 102.254;
20 ; 14 ; 5 ; 0.904458 ; 0.122821 ; 0.0655545 ; 102.061;
21 ; 14 ; 5 ; 0.837763 ; 0.020196 ; 0.1031 ; 98.45;
4 ; 15 ; 5 ; 0.935978 ; -0.0188774 ; -0.0426839 ; 97.57;
5 ; 15 ; 5 ; 0.921486 ; -0.0439529 ; -0.00512476 ; 102.799;
6 ; 15 ; 5 ; 0.908428 ; -0.0370355 ; -0.00966494 ; 102.446;
7 ; 15 ; 5 ; 0.904585 ; -0.0576728 ; -0.000858395 ; 101.625;
8 ; 15 ; 5 ; 0.895746 ; -0.0653903 ; -0.0290436 ; 101.951;
9 ; 15 ; 5 ; 0.940765 ; 0.0186799 ; -0.0512004 ; 101.409;
10 ; 15 ; 5 ; 0.945954 ; 0.0148098 ; -0.0426427 ; 101.675;
11 ; 15 ; 5 ; 0.946949 ; 0.0212183 ; -0.0482582 ; 102.123;
12 ; 15 ; 5 ; 0.981977 ; 0.0209833 ; -0.0314062 ; 102.687;
13 ; 15 ; 5 ; 0.935005 ; 0.0911295 ; -0.0567091 ; 101.507;
14 ; 15 ; 5 ; 0.90842 ; 0.066927 ; -0.0354525 ; 101.626;
15 ; 15 ; 5 ; 0.875945 ; 0.0345736 ; -0.0323903 ; 101.49;
16 ; 15 ; 5 ; 0.914387 ; -0.0226855 ; -0.0650122 ; 101.196;
17 ; 15 ; 5 ; 0.774129 ; -0.014014 ; -0.0801775 ; 103.276;
18 ; 15 ; 5 ; 0.847712 ; 0.0102391 ; -0.0297254 ; 103.027;
19 ; 15 ; 5 ; 0.897973 ; 0.035964 ; -0.0196089 ; 102.497;
20 ; 15 ; 5 ; 0.922199 ; 0.0720967 ; 0.0130721 ; 102.709;
21 ; 15 ; 5 ; 0.999746 ; -0.0437335 ; 0.0422684 ; 102.64;
4 ; 16 ; 5 ; 0.947755 ; 0.135141 ; 0.0572682 ; 103.61;
5 ; 16 ; 5 ; 0.859028 ; 0.00365515 ; 0.0202829 ; 100.174;
6 ; 16 ; 5 ; 0.880816 ; -0.0128607 ; 0.0176514 ; 101.735;
7 ; 16 ; 5 ; 0.879431 ; -0.0166232 ; 0.0109452 ; 101.272;
8 ; 16 ; 5 ; 0.912654 ; -0.00711153 ; 0.017655 ; 100.613;
9 ; 16 ; 5 ; 0.871346 ; 0.0250514 ; 0.00321137 ; 100.181;
10 ; 16 ; 5 ; 0.909316 ; 0.0251448 ; -0.0216982 ; 101.152;
11 ; 16 ; 5 ; 0.916162 ; 0.029658 ; -0.0211188 ; 101.85;
12 ; 16 ; 5 ; 0.919286 ; 0.0575131 ; -0.0475335 ; 102.304;
13 ; 16 ; 5 ; 0.901724 ; 0.0696671 ; -0.00820059 ; 101.75;
14 ; 16 ; 5 ; 0.888351 ; 0.0734653 ; -0.0275512 ; 101.387;
15 ; 16 ; 5 ; 0.840082 ; 0.0515953 ; -0.0114039 ; 101.117;
16 ; 16 ; 5 ; 0.814434 ; 0.0264983 ; 0.00716594 ; 101.303;
17 ; 16 ; 5 ; 0.86534 ; -0.0130455 ; -0.0463303 ; 102.203;
18 ; 16 ; 5 ; 0.838552 ; -0.00110679 ; -0.0410869 ; 101.927;
19 ; 16 ; 5 ; 0.883716 ; 0.0209633 ; -0.0191142 ; 101.152;
20 ; 16 ; 5 ; 0.893084 ; 0.0417054 ; -0.0218515 ; 101.18;
21 ; 16 ; 5 ; 0.9023 ; 0.0736079 ; 0.0386961 ; 103.15;
4 ; 17 ; 5 ; 0.916887 ; 0.0397388 ; -0.0156296 ; 98.41;
5 ; 17 ; 5 ; 0.833464 ; 0.0639823 ; 0.0356068 ; 100.221;
6 ; 17 ; 5 ; 0.841436 ; 0.0172453 ; 0.00687273 ; 100.725;
7 ; 17 ; 5 ; 0.861615 ; -0.000218173 ; -0.0275568 ; 102.083;
8 ; 17 ; 5 ; 0.877096 ; 0.0311044 ; -0.0704985 ; 101.65;
9 ; 17 ; 5 ; 0.880982 ; -0.0234661 ; -0.0437462 ; 99.627;
10 ; 17 ; 5 ; 0.86726 ; 0.0155185 ; -0.00561414 ; 100.127;
11 ; 17 ; 5 ; 0.85801 ; 0.0225389 ; 0.0176299 ; 100.235;
12 ; 17 ; 5 ; 0.876481 ; 0.0275406 ; 0.00716705 ; 102.726;
13 ; 17 ; 5 ; 0.86884 ; 0.14168 ; 0.0203056 ; 101.126;
14 ; 17 ; 5 ; 0.895144 ; 0.0752263 ; 0.00568844 ; 101.635;
15 ; 17 ; 5 ; 0.886853 ; 0.0313197 ; -0.00982886 ; 101.694;
16 ; 17 ; 5 ; 0.809892 ; 0.0319988 ; -0.00279142 ; 100.302;
17 ; 17 ; 5 ; 0.929834 ; 0.0558785 ; -0.0383226 ; 101.494;
18 ; 17 ; 5 ; 0.894734 ; 0.0191733 ; -0.0195131 ; 100.744;
19 ; 17 ; 5 ; 0.916715 ; 0.0324757 ; 0.00600477 ; 99.797;
20 ; 17 ; 5 ; 0.908832 ; 0.0490985 ; 0.0344247 ; 100.225;
21 ; 17 ; 5 ; 0.848056 ; 0.00638711 ; -0.0431211 ; 100.74;
4 ; 18 ; 5 ; 0.924888 ; 0.0239621 ; 0.141798 ; 101.88;
5 ; 18 ; 5 ; 0.836882 ; 0.0383479 ; 0.0400765 ; 101.18;
6 ; 18 ; 5 ; 0.82926 ; 0.0454523 ; 0.00481853 ; 100.684;
7 ; 18 ; 5 ; 0.857733 ; 0.00152603 ; -0.0284625 ; 102.901;
8 ; 18 ; 5 ; 0.84434 ; -0.0250145 ; 0.00593107 ; 104.045;
9 ; 18 ; 5 ; 0.90082 ; -0.0324155 ; -0.0991369 ; 98.62;
10 ; 18 ; 5 ; 0.859529 ; -0.00671759 ; -0.0119578 ; 100.019;
11 ; 18 ; 5 ; 0.842585 ; 0.0161898 ; 0.0276859 ; 99.0524;
12 ; 18 ; 5 ; 0.865624 ; 0.0026668 ; 0.0101786 ; 99.236;
13 ; 18 ; 5 ; 0.827545 ; 0.202162 ; 0.0173736 ; 100.25;
14 ; 18 ; 5 ; 0.909591 ; 0.0845421 ; 0.0152068 ; 102.183;
15 ; 18 ; 5 ; 0.913249 ; 0.0195331 ; -0.0269014 ; 102.539;
16 ; 18 ; 5 ; 0.8622 ; -0.010715 ; -0.117022 ; 102.15;
17 ; 18 ; 5 ; 0.924702 ; 0.106193 ; -0.0279847 ; 102.03;
18 ; 18 ; 5 ; 0.931136 ; 0.0320107 ; -0.0158057 ; 99.828;
19 ; 18 ; 5 ; 0.933915 ; 0.0379075 ; 0.0127751 ; 98.8292;
20 ; 18 ; 5 ; 0.933976 ; 0.0506421 ; 0.0345141 ; 99.0191;
21 ; 18 ; 5 ; 0.871563 ; 0.0776474 ; 0.0383548 ; 100.37;
4 ; 19 ; 5 ; 0.884771 ; -0.0675351 ; 0.0663441 ; 101.84;
5 ; 19 ; 5 ; 0.883505 ; -0.0484577 ; -0.0216528 ; 99.5254;
6 ; 19 ; 5 ; 0.881602 ; -0.00803213 ; -0.0139583 ; 100.434;
7 ; 19 ; 5 ; 0.83412 ; 0.0501807 ; -0.0111037 ; 100.939;
8 ; 19 ; 5 ; 0.896687 ; 0.0599998 ; -0.00608639 ; 103.15;
9 ; 19 ; 5 ; 0.879281 ; 0.0564028 ; 0.0048407 ; 98.7983;
10 ; 19 ; 5 ; 0.899166 ; 0.0322009 ; 0.0223134 ; 100.501;
11 ; 19 ; 5 ; 0.885983 ; -0.00674882 ; 0.0365775 ; 100.679;
12 ; 19 ; 5 ; 0.909553 ; -0.105187 ; 0.0161873 ; 99.11;
13 ; 19 ; 5 ; 0.959245 ; -0.0680055 ; 0.0288478 ; 101.534;
14 ; 19 ; 5 ; 0.928207 ; -0.0352939 ; -0.0209122 ; 100.057;
15 ; 19 ; 5 ; 0.945145 ; -0.0226701 ; 0.0138481 ; 100.021;
16 ; 19 ; 5 ; 0.974438 ; -0.0687826 ; 0.0525423 ; 97.58;
17 ; 19 ; 5 ; 0.897351 ; 0.0118316 ; 0.0774524 ; 101.59;
18 ; 19 ; 5 ; 0.9056 ; 0.0166777 ; 0.103668 ; 99.6436;
19 ; 19 ; 5 ; 0.942995 ; 0.0133374 ; 0.0597851 ; 97.5318;
20 ; 19 ; 5 ; 0.988908 ; 0.0457012 ; 0.0550149 ; 92.18;
21 ; 19 ; 5 ; 0.736349 ; -0.0715797 ; 0.0724107 ; 97.37;
4 ; 20 ; 5 ; 0.845308 ; -0.0142129 ; -0.019126 ; 102.74;
5 ; 20 ; 5 ; 0.897323 ; 0.0529322 ; -0.00153384 ; 99.4076;
6 ; 20 ; 5 ; 0.897633 ; 0.00134696 ; 0.000238844 ; 100.708;
7 ; 20 ; 5 ; 0.853569 ; 0.0183755 ; -0.00116292 ; 101.671;
8 ; 20 ; 5 ; 0.828414 ; 0.0591879 ; -0.0111298 ; 102.241;
9 ; 20 ; 5 ; 0.832723 ; 0.0123939 ; 0.0114831 ; 102.06;
10 ; 20 ; 5 ; 0.907644 ; 0.0245372 ; 0.010081 ; 100.983;
11 ; 20 ; 5 ; 0.903652 ; 0.00273977 ; 0.0222445 ; 100.447;
12 ; 20 ; 5 ; 0.884477 ; -0.036401 ; 0.0383071 ; 99.3;
13 ; 20 ; 5 ; 0.923017 ; -0.0747155 ; -0.00336846 ; 102.146;
14 ; 20 ; 5 ; 0.924484 ; -0.0478993 ; 0.00418635 ; 100.582;
15 ; 20 ; 5 ; 0.918962 ; -0.0361551 ; 0.0627514 ; 100.594;
16 ; 20 ; 5 ; 0.96017 ; -0.022582 ; 0.0512112 ; 99.9756;
17 ; 20 ; 5 ; 0.975056 ; 0.081109 ; 0.109833 ; 103.262;
18 ; 20 ; 5 ; 0.933381 ; 0.0278299 ; 0.10336 ; 100.605;
19 ; 20 ; 5 ; 0.925843 ; -0.0134532 ; 0.0592406 ; 99.2284;
20 ; 20 ; 5 ; 0.968337 ; 0.0205706 ; 0.0366255 ; 95.7584;
21 ; 20 ; 5 ; 0.877448 ; -0.211884 ; 0.164463 ; 100.42;
4 ; 21 ; 5 ; 0.765063 ; -0.0332221 ; 0.100353 ; 101.01;
5 ; 21 ; 5 ; 0.956391 ; 0.111726 ; 0.00463488 ; 99.64;
6 ; 21 ; 5 ; 0.886878 ; 0.010191 ; 0.00393098 ; 100.632;
7 ; 21 ; 5 ; 0.84286 ; -0.00508071 ; -0.00102256 ; 101.779;
8 ; 21 ; 5 ; 0.805641 ; 0.0379447 ; -0.00583355 ; 102.011;
9 ; 21 ; 5 ; 0.844419 ; -0.00341535 ; -0.00117432 ; 103.59;
10 ; 21 ; 5 ; 0.892069 ; 0.0210324 ; 0.00966769 ; 101.234;
11 ; 21 ; 5 ; 0.907697 ; 0.021673 ; 0.0215275 ; 100.189;
12 ; 21 ; 5 ; 0.838362 ; 0.0211762 ; 0.0409048 ; 100.418;
13 ; 21 ; 5 ; 0.863931 ; -0.0859535 ; -0.0626408 ; 102.7;
14 ; 21 ; 5 ; 0.949235 ; -0.051628 ; 0.0439846 ; 101.64;
15 ; 21 ; 5 ; 0.912882 ; -0.0336054 ; 0.101585 ; 101.791;
16 ; 21 ; 5 ; 0.887472 ; -0.0332594 ; 0.0794642 ; 101.617;
17 ; 21 ; 5 ; 1.03211 ; 0.169051 ; 0.101525 ; 104.9;
18 ; 21 ; 5 ; 0.9541 ; 0.0184402 ; 0.100685 ; 101.474;
19 ; 21 ; 5 ; 0.913621 ; -0.0468443 ; 0.0532085 ; 101.255;
20 ; 21 ; 5 ; 0.889194 ; -0.0397214 ; -0.00709324 ; 100.904;
21 ; 21 ; 5 ; 0.888232 ; 0.0195687 ; 0.0679112 ; 103.38;
4 ; 4 ; 6 ; 0.878028 ; 0.0057109 ; 0.0741358 ; 105;
5 ; 4 ; 6 ; 0.850865 ; 0.0632449 ; -0.00948425 ; 103.323;
6 ; 4 ; 6 ; 0.854489 ; 0.0299401 ; -0.0253653 ; 102.662;
7 ; 4 ; 6 ; 0.832794 ; -0.00477939 ; -0.0653679 ; 99.5944;
8 ; 4 ; 6 ; 0.912786 ; -0.0130776 ; -0.107256 ; 95.94;
9 ; 4 ; 6 ; 0.651039 ; -0.0967423 ; 0.0488706 ; 102.615;
10 ; 4 ; 6 ; 0.771747 ; -0.0413329 ; 0.0412822 ; 101.17;
11 ; 4 ; 6 ; 0.809637 ; -0.00737849 ; 0.00141115 ; 101.621;
12 ; 4 ; 6 ; 0.764941 ; -0.0714687 ; -0.0109139 ; 102.92;
13 ; 4 ; 6 ; 0.795962 ; -0.0237094 ; 0.0305941 ; 102.619;
14 ; 4 ; 6 ; 0.808325 ; 0.0351206 ; 0.07998 ; 100.956;
15 ; 4 ; 6 ; 0.838241 ; 0.0347228 ; 0.0664064 ; 100.005;
16 ; 4 ; 6 ; 0.849002 ; 0.0870771 ; 0.114567 ; 102;
17 ; 4 ; 6 ; 0.823651 ; 0.0467776 ; -0.015728 ; 104.209;
18 ; 4 ; 6 ; 0.794263 ; 0.0204829 ; -0.0225945 ; 103.048;
19 ; 4 ; 6 ; 0.744154 ; 0.00144565 ; -0.0230978 ; 100.5;
20 ; 4 ; 6 ; 0.712822 ; -0.0120537 ; 0.0159408 ; 102.16;
21 ; 4 ; 6 ; 0.701154 ; 0.0347293 ; 0.157675 ; 101.38;
4 ; 5 ; 6 ; 0.864967 ; 0.10109 ; -0.0552001 ; 99.79;
5 ; 5 ; 6 ; 0.891582 ; 0.0115682 ; -0.0435249 ; 104.111;
6 ; 5 ; 6 ; 0.862527 ; 0.0232348 ; -0.0326001 ; 102.756;
7 ; 5 ; 6 ; 0.831678 ; 0.0133318 ; -0.0429743 ; 100.153;
8 ; 5 ; 6 ; 0.838218 ; -0.00528073 ; -0.1087 ; 96.8645;
9 ; 5 ; 6 ; 0.788335 ; -0.0828749 ; 0.0512394 ; 103.895;
10 ; 5 ; 6 ; 0.784668 ; -0.0212629 ; 0.0432174 ; 101.046;
11 ; 5 ; 6 ; 0.800482 ; 0.0591697 ; 0.0190789 ; 99.9305;
12 ; 5 ; 6 ; 0.780982 ; -0.0144211 ; -0.0395703 ; 102.2;
13 ; 5 ; 6 ; 0.806194 ; 0.00228536 ; 0.000720329 ; 102.597;
14 ; 5 ; 6 ; 0.790683 ; 0.0367508 ; 0.0477159 ; 101.402;
15 ; 5 ; 6 ; 0.814125 ; 0.0391032 ; 0.0450458 ; 100.739;
16 ; 5 ; 6 ; 0.830729 ; 0.0249185 ; 0.059654 ; 99.8858;
17 ; 5 ; 6 ; 0.85798 ; -0.0081544 ; -0.0771172 ; 104.421;
18 ; 5 ; 6 ; 0.803545 ; 0.0091388 ; -0.0166073 ; 103.362;
19 ; 5 ; 6 ; 0.748624 ; 0.0129426 ; -0.00588445 ; 101.404;
20 ; 5 ; 6 ; 0.706075 ; -0.00738769 ; -0.0186893 ; 100.291;
21 ; 5 ; 6 ; 0.688566 ; 0.00143765 ; -0.0243459 ; 102.95;
4 ; 6 ; 6 ; 0.864544 ; 0.0647869 ; 0.0998338 ; 103.49;
5 ; 6 ; 6 ; 0.89264 ; -0.000801006 ; -0.0848954 ; 104.69;
6 ; 6 ; 6 ; 0.870844 ; 0.0167911 ; -0.0404333 ; 102.401;
7 ; 6 ; 6 ; 0.822573 ; 0.0350026 ; -0.0406877 ; 100.479;
8 ; 6 ; 6 ; 0.772107 ; 0.0219958 ; -0.0419006 ; 98.7439;
9 ; 6 ; 6 ; 0.893047 ; -0.0887125 ; 0.0121455 ; 104.34;
10 ; 6 ; 6 ; 0.777845 ; 0.00017908 ; 0.0499456 ; 101.326;
11 ; 6 ; 6 ; 0.782468 ; 0.12306 ; 0.0240094 ; 98.7245;
12 ; 6 ; 6 ; 0.83213 ; 0.101416 ; -0.0306427 ; 99.644;
13 ; 6 ; 6 ; 0.822849 ; 0.0368669 ; -0.0246165 ; 102.42;
14 ; 6 ; 6 ; 0.77556 ; 0.00897112 ; 0.00598979 ; 101.475;
15 ; 6 ; 6 ; 0.789508 ; 0.012231 ; 0.0071822 ; 100.812;
16 ; 6 ; 6 ; 0.857526 ; -0.023186 ; 0.030791 ; 99.0116;
17 ; 6 ; 6 ; 0.851709 ; -0.0684809 ; -0.103727 ; 105.55;
18 ; 6 ; 6 ; 0.826135 ; 0.0136949 ; -0.0167371 ; 103.159;
19 ; 6 ; 6 ; 0.756881 ; 0.0292527 ; 0.00226844 ; 101.547;
20 ; 6 ; 6 ; 0.721782 ; -0.00368822 ; -0.0676235 ; 100.402;
21 ; 6 ; 6 ; 0.757974 ; -0.00649813 ; 0.0197814 ; 106.35;
4 ; 7 ; 6 ; 0.744926 ; -0.150356 ; 0.100444 ; 98.96;
5 ; 7 ; 6 ; 0.853395 ; 0.0595644 ; 0.0343322 ; 101.947;
6 ; 7 ; 6 ; 0.823389 ; 0.0657776 ; 0.0426599 ; 101.658;
7 ; 7 ; 6 ; 0.850431 ; 0.0578683 ; 0.000177783 ; 101.21;
8 ; 7 ; 6 ; 0.90719 ; 0.0971889 ; -0.0556207 ; 100.48;
9 ; 7 ; 6 ; 0.880414 ; 0.00467 ; -0.0614373 ; 102.975;
10 ; 7 ; 6 ; 0.840146 ; 0.0190793 ; -0.0330185 ; 102.646;
11 ; 7 ; 6 ; 0.802097 ; 0.0122164 ; 0.0125123 ; 103.011;
12 ; 7 ; 6 ; 0.855194 ; 0.0475019 ; 0.00589128 ; 102.28;
13 ; 7 ; 6 ; 0.875368 ; -0.026 ; 0.00727947 ; 100.803;
14 ; 7 ; 6 ; 0.847926 ; 0.0229893 ; 0.017808 ; 101.618;
15 ; 7 ; 6 ; 0.831363 ; 0.0235818 ; -0.0110688 ; 103.282;
16 ; 7 ; 6 ; 0.797453 ; -0.0246556 ; -0.0104277 ; 104.22;
17 ; 7 ; 6 ; 0.794166 ; 0.0485672 ; 0.0232538 ; 101.493;
18 ; 7 ; 6 ; 0.775044 ; 0.0200084 ; 0.0209388 ; 100.568;
19 ; 7 ; 6 ; 0.779995 ; 0.0144591 ; 0.0344814 ; 100.448;
20 ; 7 ; 6 ; 0.782458 ; 0.0952389 ; 0.0949486 ; 104.08;
21 ; 7 ; 6 ; 0.70741 ; 0.162726 ; 0.0414208 ; 103.23;
4 ; 8 ; 6 ; 0.785173 ; 0.00986163 ; -0.0826629 ; 102.36;
5 ; 8 ; 6 ; 0.870797 ; 0.00306326 ; 0.0115287 ; 103.021;
6 ; 8 ; 6 ; 0.82571 ; 0.0347777 ; 0.031441 ; 102.193;
7 ; 8 ; 6 ; 0.830664 ; 0.0325919 ; 0.00820493 ; 101.381;
8 ; 8 ; 6 ; 0.878977 ; 0.0577743 ; -0.0352083 ; 101.098;
9 ; 8 ; 6 ; 0.855625 ; -0.0204879 ; -0.00509506 ; 100.592;
10 ; 8 ; 6 ; 0.826898 ; 0.0118044 ; -0.0157689 ; 101.958;
11 ; 8 ; 6 ; 0.781647 ; 0.0188493 ; 0.00554834 ; 102.301;
12 ; 8 ; 6 ; 0.787416 ; 0.00782106 ; 0.0361789 ; 103.47;
13 ; 8 ; 6 ; 0.848139 ; -0.0618545 ; 0.0388494 ; 103.695;
14 ; 8 ; 6 ; 0.839987 ; -0.0135229 ; 0.0180423 ; 102.039;
15 ; 8 ; 6 ; 0.822492 ; -0.0114029 ; -0.0108845 ; 102.85;
16 ; 8 ; 6 ; 0.820881 ; -0.00113185 ; -0.0158818 ; 103.219;
17 ; 8 ; 6 ; 0.785611 ; 0.0976698 ; -0.0186821 ; 99.2643;
18 ; 8 ; 6 ; 0.773075 ; 0.0442587 ; 0.0121615 ; 100.175;
19 ; 8 ; 6 ; 0.786244 ; 0.0244973 ; 0.0386078 ; 100.662;
20 ; 8 ; 6 ; 0.775785 ; 0.0335014 ; 0.0506708 ; 102.771;
21 ; 8 ; 6 ; 0.915328 ; -0.0662653 ; 0.0154953 ; 97.17;
4 ; 9 ; 6 ; 0.8469 ; -0.0534343 ; -0.0877729 ; 99.47;
5 ; 9 ; 6 ; 0.80797 ; 0.0682284 ; 0.0497494 ; 104.426;
6 ; 9 ; 6 ; 0.827142 ; 0.0222747 ; 0.0430394 ; 103.138;
7 ; 9 ; 6 ; 0.805892 ; 0.000933793 ; 0.0476191 ; 102.142;
8 ; 9 ; 6 ; 0.803973 ; -0.00766849 ; 0.00749071 ; 100.737;
9 ; 9 ; 6 ; 0.829317 ; -0.042268 ; -0.0119697 ; 98.4214;
10 ; 9 ; 6 ; 0.814269 ; -0.00495289 ; -0.00099632 ; 100.538;
11 ; 9 ; 6 ; 0.771367 ; 0.0263095 ; 0.00151546 ; 100.924;
12 ; 9 ; 6 ; 0.716583 ; 0.00416104 ; 0.0264217 ; 102.913;
13 ; 9 ; 6 ; 0.816475 ; -0.0475008 ; 0.0263421 ; 102.388;
14 ; 9 ; 6 ; 0.829194 ; -0.050992 ; 0.0220582 ; 102.473;
15 ; 9 ; 6 ; 0.805996 ; -0.0518928 ; -0.00732821 ; 102.16;
16 ; 9 ; 6 ; 0.814419 ; -0.0277729 ; -0.0153986 ; 101.485;
17 ; 9 ; 6 ; 0.75764 ; 0.0552063 ; 0.0223956 ; 98.2061;
18 ; 9 ; 6 ; 0.771869 ; 0.0677034 ; 0.0190924 ; 99.3026;
19 ; 9 ; 6 ; 0.798791 ; 0.0415707 ; 0.0329667 ; 101.103;
20 ; 9 ; 6 ; 0.79115 ; -0.0102651 ; 0.050026 ; 101.202;
21 ; 9 ; 6 ; 0.786011 ; 0.00838545 ; -0.0634062 ; 94.78;
4 ; 10 ; 6 ; 0.727494 ; -0.15616 ; -0.00905255 ; 100.83;
5 ; 10 ; 6 ; 0.84277 ; 0.112327 ; 0.0637054 ; 101.86;
6 ; 10 ; 6 ; 0.817444 ; 0.0416867 ; 0.0516059 ; 102.823;
7 ; 10 ; 6 ; 0.791256 ; -0.0115984 ; 0.0451582 ; 102.312;
8 ; 10 ; 6 ; 0.780639 ; -0.0313725 ; 0.0733169 ; 101.013;
9 ; 10 ; 6 ; 0.789841 ; -0.0176172 ; 0.011741 ; 101.351;
10 ; 10 ; 6 ; 0.814933 ; -0.00679631 ; 0.00130895 ; 100.125;
11 ; 10 ; 6 ; 0.801786 ; 0.0387015 ; -0.00945365 ; 99.9075;
12 ; 10 ; 6 ; 0.767787 ; 0.0480004 ; -0.00442023 ; 100.192;
13 ; 10 ; 6 ; 0.794693 ; 0.0246229 ; 0.0281548 ; 100.737;
14 ; 10 ; 6 ; 0.807013 ; -0.0314532 ; 0.0394995 ; 100.943;
15 ; 10 ; 6 ; 0.799099 ; -0.0516526 ; 0.0300907 ; 100.86;
16 ; 10 ; 6 ; 0.764183 ; -0.0821046 ; -0.00935657 ; 101.286;
17 ; 10 ; 6 ; 0.822535 ; -0.0143212 ; 0.00901745 ; 100.865;
18 ; 10 ; 6 ; 0.795456 ; 0.0329473 ; 0.029812 ; 99.9869;
19 ; 10 ; 6 ; 0.817035 ; 0.0333069 ; 0.0426443 ; 101.324;
20 ; 10 ; 6 ; 0.8262 ; 0.0438387 ; 0.0350677 ; 102.298;
21 ; 10 ; 6 ; 0.751687 ; -0.0160989 ; 0.0245267 ; 98.45;
4 ; 11 ; 6 ; 0.662363 ; -0.0463957 ; 0.0481424 ; 107.23;
5 ; 11 ; 6 ; 0.842755 ; 0.0879148 ; -0.010694 ; 98.1115;
6 ; 11 ; 6 ; 0.823109 ; 0.0513774 ; 0.00512717 ; 101.603;
7 ; 11 ; 6 ; 0.803306 ; -0.0148872 ; -0.00317847 ; 102.888;
8 ; 11 ; 6 ; 0.797273 ; -0.0526963 ; 0.0158363 ; 102.258;
9 ; 11 ; 6 ; 0.803317 ; -0.0490579 ; 0.0355478 ; 102.141;
10 ; 11 ; 6 ; 0.800867 ; -0.0110688 ; 0.00594859 ; 101.414;
11 ; 11 ; 6 ; 0.799485 ; 0.0297331 ; -0.0288979 ; 100.787;
12 ; 11 ; 6 ; 0.813365 ; 0.0498723 ; -0.0117554 ; 99.7013;
13 ; 11 ; 6 ; 0.858416 ; 0.0296161 ; 0.00323319 ; 100.585;
14 ; 11 ; 6 ; 0.830983 ; 0.00925114 ; 0.0343169 ; 100.649;
15 ; 11 ; 6 ; 0.833544 ; 0.00139212 ; 0.0468303 ; 100.138;
16 ; 11 ; 6 ; 0.807238 ; -0.0541198 ; 0.0562177 ; 101.448;
17 ; 11 ; 6 ; 0.872051 ; 0.0140615 ; 0.0392498 ; 100.988;
18 ; 11 ; 6 ; 0.847104 ; 0.0435696 ; 0.0371178 ; 101.063;
19 ; 11 ; 6 ; 0.827843 ; 0.043051 ; 0.0538829 ; 101.946;
20 ; 11 ; 6 ; 0.814483 ; 0.0266271 ; 0.0261991 ; 102.068;
21 ; 11 ; 6 ; 0.818773 ; -0.076109 ; 0.0831147 ; 103.97;
4 ; 12 ; 6 ; 0.790852 ; -0.0729708 ; -0.023903 ; 97.64;
5 ; 12 ; 6 ; 0.807749 ; 0.102031 ; -0.0570539 ; 96.72;
6 ; 12 ; 6 ; 0.825939 ; 0.0346557 ; -0.0428802 ; 100.824;
7 ; 12 ; 6 ; 0.805755 ; -0.0217239 ; -0.0480361 ; 102.976;
8 ; 12 ; 6 ; 0.794076 ; -0.0429992 ; -0.0647905 ; 101.964;
9 ; 12 ; 6 ; 0.838694 ; -0.0953354 ; 0.0215857 ; 100.41;
10 ; 12 ; 6 ; 0.787723 ; -0.0111149 ; 0.0160591 ; 102.354;
11 ; 12 ; 6 ; 0.784312 ; 0.0269921 ; -0.0464671 ; 101.45;
12 ; 12 ; 6 ; 0.794791 ; 0.0182024 ; -0.0602231 ; 100.006;
13 ; 12 ; 6 ; 0.935248 ; 0.00347543 ; -0.0237885 ; 101.33;
14 ; 12 ; 6 ; 0.844477 ; 0.0211612 ; 0.0275823 ; 100.573;
15 ; 12 ; 6 ; 0.854449 ; 0.0241125 ; 0.0536895 ; 99.6645;
16 ; 12 ; 6 ; 0.881172 ; -0.00387159 ; 0.0931408 ; 99.7143;
17 ; 12 ; 6 ; 0.870178 ; 0.0557463 ; 0.108435 ; 98.8;
18 ; 12 ; 6 ; 0.87651 ; 0.0614578 ; 0.0303668 ; 101.877;
19 ; 12 ; 6 ; 0.833377 ; 0.0505255 ; 0.0688267 ; 102.342;
20 ; 12 ; 6 ; 0.792483 ; -0.0322904 ; 0.0918467 ; 102.148;
21 ; 12 ; 6 ; 0.871577 ; 0.174053 ; -0.122455 ; 101.01;
4 ; 13 ; 6 ; 0.700655 ; 0.0317859 ; -0.108094 ; 105.09;
5 ; 13 ; 6 ; 0.829478 ; 0.0299056 ; 0.0103169 ; 102.977;
6 ; 13 ; 6 ; 0.833488 ; 0.0275879 ; 0.0197531 ; 103.042;
7 ; 13 ; 6 ; 0.835479 ; -0.0251748 ; 0.0179187 ; 102.991;
8 ; 13 ; 6 ; 0.68486 ; -0.180057 ; -0.0234129 ; 101.97;
9 ; 13 ; 6 ; 0.728317 ; -0.00551158 ; -0.00458914 ; 101.354;
10 ; 13 ; 6 ; 0.741934 ; -0.00192631 ; -0.0251626 ; 102.171;
11 ; 13 ; 6 ; 0.739148 ; -0.00832354 ; -0.035213 ; 103.145;
12 ; 13 ; 6 ; 0.760771 ; 0.00957971 ; -0.040445 ; 101.02;
13 ; 13 ; 6 ; 0.824729 ; 0.0175033 ; 0.0844899 ; 100.864;
14 ; 13 ; 6 ; 0.776527 ; 0.00988868 ; 0.0451827 ; 100.982;
15 ; 13 ; 6 ; 0.768618 ; -0.00488624 ; 0.0352819 ; 101.597;
16 ; 13 ; 6 ; 0.804206 ; 0.0289313 ; -0.0161547 ; 101.87;
17 ; 13 ; 6 ; 0.762992 ; -0.00459737 ; -0.0120408 ; 102.255;
18 ; 13 ; 6 ; 0.781329 ; 0.000929063 ; 0.0105629 ; 101.801;
19 ; 13 ; 6 ; 0.815235 ; -0.0271625 ; 0.0152064 ; 102.786;
20 ; 13 ; 6 ; 0.773544 ; -0.0894973 ; 0.00201662 ; 105.39;
21 ; 13 ; 6 ; 0.827882 ; -0.0710489 ; 0.0964899 ; 104.52;
4 ; 14 ; 6 ; 0.832395 ; 0.00176628 ; -0.0317783 ; 97.74;
5 ; 14 ; 6 ; 0.807083 ; -0.030299 ; 0.0531807 ; 102.652;
6 ; 14 ; 6 ; 0.814741 ; 0.0138778 ; 0.0270419 ; 102.776;
7 ; 14 ; 6 ; 0.804703 ; 0.0126673 ; 0.020217 ; 103.124;
8 ; 14 ; 6 ; 0.800389 ; -0.0785653 ; -0.0189939 ; 101.924;
9 ; 14 ; 6 ; 0.800813 ; -0.0137294 ; 0.00362492 ; 103.27;
10 ; 14 ; 6 ; 0.774638 ; -0.0166956 ; -0.0210819 ; 102.762;
11 ; 14 ; 6 ; 0.776282 ; -0.0218296 ; -0.0163858 ; 103.028;
12 ; 14 ; 6 ; 0.740367 ; -0.00895429 ; -0.0393414 ; 101.771;
13 ; 14 ; 6 ; 0.772933 ; 0.0355148 ; 0.0355887 ; 101.327;
14 ; 14 ; 6 ; 0.767788 ; 0.01395 ; 0.0186758 ; 100.9;
15 ; 14 ; 6 ; 0.773144 ; -0.0172219 ; 0.00532888 ; 101.119;
16 ; 14 ; 6 ; 0.790356 ; -0.010163 ; 0.0249413 ; 101.57;
17 ; 14 ; 6 ; 0.790604 ; 0.00347335 ; -0.0402867 ; 101.873;
18 ; 14 ; 6 ; 0.788232 ; 0.0139376 ; 0.00408201 ; 101.898;
19 ; 14 ; 6 ; 0.804573 ; -0.00885166 ; 0.016902 ; 102.648;
20 ; 14 ; 6 ; 0.80785 ; -0.0426715 ; 0.00735688 ; 104.097;
21 ; 14 ; 6 ; 0.846192 ; 0.0802383 ; -0.0789382 ; 111.22;
4 ; 15 ; 6 ; 0.786239 ; 0.000811688 ; -0.025448 ; 102.93;
5 ; 15 ; 6 ; 0.790001 ; 0.027087 ; 0.0660354 ; 102.335;
6 ; 15 ; 6 ; 0.794379 ; 0.0179169 ; 0.0500369 ; 102.318;
7 ; 15 ; 6 ; 0.786029 ; 0.0594224 ; 0.0355167 ; 102.801;
8 ; 15 ; 6 ; 0.807784 ; 0.0967481 ; -0.0118727 ; 103.063;
9 ; 15 ; 6 ; 0.829003 ; -0.00334552 ; -0.0291953 ; 102.321;
10 ; 15 ; 6 ; 0.79131 ; -0.0267751 ; -0.00959761 ; 103.1;
11 ; 15 ; 6 ; 0.803747 ; -0.0353358 ; 0.0145339 ; 102.368;
12 ; 15 ; 6 ; 0.804693 ; -0.0364867 ; -0.000259179 ; 102.322;
13 ; 15 ; 6 ; 0.735298 ; 0.0217529 ; -0.0086436 ; 101.029;
14 ; 15 ; 6 ; 0.762335 ; 0.00840153 ; -0.000228551 ; 101.07;
15 ; 15 ; 6 ; 0.763655 ; -0.0239733 ; -0.0199338 ; 100.517;
16 ; 15 ; 6 ; 0.782841 ; -0.0768691 ; 0.000704138 ; 100.639;
17 ; 15 ; 6 ; 0.835389 ; 0.0416452 ; -0.0243922 ; 100.256;
18 ; 15 ; 6 ; 0.838997 ; 0.0310686 ; -0.0150066 ; 101.039;
19 ; 15 ; 6 ; 0.831061 ; 0.00998241 ; -0.00415776 ; 101.216;
20 ; 15 ; 6 ; 0.811797 ; 0.0019968 ; 0.0234845 ; 102.02;
21 ; 15 ; 6 ; 0.694169 ; -0.1089 ; 0.141997 ; 96.99;
4 ; 16 ; 6 ; 0.810857 ; -0.0562515 ; 0.0296422 ; 98.93;
5 ; 16 ; 6 ; 0.800483 ; 0.0341256 ; 0.0325239 ; 100.885;
6 ; 16 ; 6 ; 0.780952 ; 0.0176153 ; 0.0538998 ; 101.567;
7 ; 16 ; 6 ; 0.774159 ; 0.0212578 ; 0.0422334 ; 101.957;
8 ; 16 ; 6 ; 0.72984 ; 0.0883121 ; 0.0228819 ; 102.794;
9 ; 16 ; 6 ; 0.820756 ; 0.00950142 ; -0.098663 ; 100.806;
10 ; 16 ; 6 ; 0.818175 ; -0.00784155 ; -0.0343801 ; 102.468;
11 ; 16 ; 6 ; 0.827308 ; -0.0116824 ; 0.0116117 ; 101.755;
12 ; 16 ; 6 ; 0.851549 ; -0.0161187 ; 0.0477157 ; 101.239;
13 ; 16 ; 6 ; 0.786381 ; -0.0174991 ; 0.0335334 ; 102.32;
14 ; 16 ; 6 ; 0.73795 ; 0.0196154 ; -0.0154772 ; 101.564;
15 ; 16 ; 6 ; 0.718836 ; 0.0138263 ; -0.0457621 ; 100.795;
16 ; 16 ; 6 ; 0.751317 ; -0.0401411 ; -0.0391483 ; 99.4949;
17 ; 16 ; 6 ; 0.828183 ; -0.0261424 ; 0.0375428 ; 100.386;
18 ; 16 ; 6 ; 0.862033 ; 0.0045568 ; -0.00626036 ; 99.9939;
19 ; 16 ; 6 ; 0.84224 ; -0.0124028 ; -0.0149012 ; 99.8745;
20 ; 16 ; 6 ; 0.82515 ; -0.0196883 ; -0.0155923 ; 100.299;
21 ; 16 ; 6 ; 0.673221 ; -0.100059 ; 0.0500003 ; 100.89;
4 ; 17 ; 6 ; 0.872536 ; 0.0208077 ; 0.0142052 ; 98.33;
5 ; 17 ; 6 ; 0.792627 ; 0.0251865 ; 0.00894157 ; 100.812;
6 ; 17 ; 6 ; 0.794294 ; 0.0103044 ; 0.0360737 ; 101.194;
7 ; 17 ; 6 ; 0.818429 ; -0.0351957 ; 0.0255878 ; 101.661;
8 ; 17 ; 6 ; 0.807335 ; -0.0154382 ; 0.0228857 ; 101.561;
9 ; 17 ; 6 ; 0.86747 ; -0.0276483 ; -0.0543365 ; 102.135;
10 ; 17 ; 6 ; 0.825693 ; -0.0283449 ; -0.043915 ; 101.518;
11 ; 17 ; 6 ; 0.819021 ; -0.0400953 ; -0.0169 ; 100.782;
12 ; 17 ; 6 ; 0.804671 ; 0.0270944 ; 0.0117174 ; 101.427;
13 ; 17 ; 6 ; 0.788714 ; 0.0666291 ; 0.0406724 ; 101.357;
14 ; 17 ; 6 ; 0.752446 ; 0.026164 ; 0.0133988 ; 102.213;
15 ; 17 ; 6 ; 0.704686 ; 0.0384935 ; -0.0136206 ; 101.962;
16 ; 17 ; 6 ; 0.684586 ; 0.0506921 ; -0.024466 ; 100.088;
17 ; 17 ; 6 ; 0.752994 ; 0.0192522 ; 0.0258488 ; 100.708;
18 ; 17 ; 6 ; 0.838748 ; -0.00464555 ; 0.0225631 ; 99.874;
19 ; 17 ; 6 ; 0.84129 ; -0.0394267 ; 0.00370859 ; 99.6496;
20 ; 17 ; 6 ; 0.856121 ; -0.0184342 ; -0.0389349 ; 99.0461;
21 ; 17 ; 6 ; 0.797235 ; -0.0779032 ; -0.0998836 ; 100.07;
4 ; 18 ; 6 ; 0.688981 ; -0.0651952 ; 0.00828317 ; 103.42;
5 ; 18 ; 6 ; 0.782952 ; 0.0582166 ; 0.0244567 ; 101.72;
6 ; 18 ; 6 ; 0.795066 ; -0.00989202 ; 0.0182383 ; 101.001;
7 ; 18 ; 6 ; 0.824744 ; -0.0615253 ; 0.00858622 ; 101.833;
8 ; 18 ; 6 ; 0.819645 ; -0.0635968 ; -0.00819328 ; 102.31;
9 ; 18 ; 6 ; 0.869689 ; -0.0513577 ; 0.0239387 ; 103.38;
10 ; 18 ; 6 ; 0.854711 ; -0.0515635 ; -0.0516438 ; 101.299;
11 ; 18 ; 6 ; 0.836455 ; -0.0653842 ; -0.0338421 ; 100.446;
12 ; 18 ; 6 ; 0.820322 ; -0.0134994 ; -0.0187496 ; 101.778;
13 ; 18 ; 6 ; 0.784879 ; 0.121047 ; 0.0430769 ; 100.02;
14 ; 18 ; 6 ; 0.754369 ; 0.0385109 ; 0.0155573 ; 102.374;
15 ; 18 ; 6 ; 0.706304 ; 0.0456587 ; -0.00878489 ; 102.559;
16 ; 18 ; 6 ; 0.682908 ; 0.0986516 ; -0.0444794 ; 102.028;
17 ; 18 ; 6 ; 0.724042 ; 0.114122 ; -0.0111956 ; 100.26;
18 ; 18 ; 6 ; 0.798073 ; -0.00621444 ; 0.0440432 ; 100.39;
19 ; 18 ; 6 ; 0.812375 ; -0.0499591 ; 0.0287436 ; 100.255;
20 ; 18 ; 6 ; 0.816549 ; -0.0668826 ; 0.00067851 ; 100.563;
21 ; 18 ; 6 ; 0.746844 ; -0.114054 ; 0.0287927 ; 101.5;
4 ; 19 ; 6 ; 0.797588 ; -0.143241 ; 0.128367 ; 102.25;
5 ; 19 ; 6 ; 0.721727 ; 0.0903876 ; -0.00106759 ; 99.2467;
6 ; 19 ; 6 ; 0.795101 ; 0.0600304 ; 0.00105331 ; 98.0007;
7 ; 19 ; 6 ; 0.837744 ; 0.0247999 ; -0.0177118 ; 99.5064;
8 ; 19 ; 6 ; 0.7789 ; 0.019375 ; -0.0906853 ; 101.74;
9 ; 19 ; 6 ; 0.747909 ; -0.0859251 ; 0.00393573 ; 101.337;
10 ; 19 ; 6 ; 0.762961 ; -0.0514493 ; -0.016428 ; 99.6784;
11 ; 19 ; 6 ; 0.776083 ; -0.00755236 ; 0.0120656 ; 100.867;
12 ; 19 ; 6 ; 0.753282 ; -0.0188103 ; 0.0226125 ; 105.26;
13 ; 19 ; 6 ; 0.825364 ; 0.0486837 ; 0.015266 ; 102.583;
14 ; 19 ; 6 ; 0.761139 ; -0.00655771 ; -0.0178118 ; 101.023;
15 ; 19 ; 6 ; 0.758944 ; -0.0430053 ; -0.0591615 ; 98.7402;
16 ; 19 ; 6 ; 0.845331 ; 0.0588247 ; 0.021905 ; 100.57;
17 ; 19 ; 6 ; 0.816695 ; -0.0566592 ; -0.00206135 ; 100.526;
18 ; 19 ; 6 ; 0.753706 ; -0.0996341 ; 0.00146477 ; 102.012;
19 ; 19 ; 6 ; 0.72427 ; -0.0645745 ; 0.00683473 ; 101.874;
20 ; 19 ; 6 ; 0.717976 ; -0.0388399 ; -0.0183795 ; 98.35;
21 ; 19 ; 6 ; 0.867677 ; 0.0659607 ; 0.0985515 ; 97.69;
4 ; 20 ; 6 ; 0.873306 ; -0.103678 ; 0.066499 ; 105.27;
5 ; 20 ; 6 ; 0.731993 ; 0.081354 ; 0.0430645 ; 98.3886;
6 ; 20 ; 6 ; 0.794228 ; 0.0466453 ; 0.0121831 ; 98.4103;
7 ; 20 ; 6 ; 0.846455 ; 0.000473781 ; 0.00575179 ; 100.279;
8 ; 20 ; 6 ; 0.803467 ; 0.0129899 ; -0.0487266 ; 102.002;
9 ; 20 ; 6 ; 0.857705 ; -0.052162 ; -0.0817988 ; 101.73;
10 ; 20 ; 6 ; 0.799102 ; -0.052502 ; -0.0293825 ; 100.464;
11 ; 20 ; 6 ; 0.793127 ; -0.0140337 ; 0.0119689 ; 101.197;
12 ; 20 ; 6 ; 0.747111 ; 0.0174461 ; 0.0452805 ; 101.464;
13 ; 20 ; 6 ; 0.867421 ; 0.0206786 ; 0.0324316 ; 101.334;
14 ; 20 ; 6 ; 0.803219 ; 0.0209019 ; -0.0203404 ; 100.774;
15 ; 20 ; 6 ; 0.784905 ; 0.00354256 ; -0.0502984 ; 99.1905;
16 ; 20 ; 6 ; 0.80402 ; -0.0204379 ; -0.037299 ; 99.35;
17 ; 20 ; 6 ; 0.814721 ; -0.0601548 ; 0.0793075 ; 101.059;
18 ; 20 ; 6 ; 0.774627 ; -0.0646155 ; 0.0325516 ; 101.724;
19 ; 20 ; 6 ; 0.772359 ; -0.0155104 ; 0.0157225 ; 101.745;
20 ; 20 ; 6 ; 0.732715 ; -0.0210055 ; 0.00269259 ; 100.237;
21 ; 20 ; 6 ; 0.733199 ; -0.0305478 ; -0.136146 ; 99.61;
4 ; 21 ; 6 ; 0.863969 ; -0.0307243 ; 0.0196069 ; 103.18;
5 ; 21 ; 6 ; 0.683879 ; 0.0497303 ; 0.0396226 ; 98.89;
6 ; 21 ; 6 ; 0.800628 ; 0.0506115 ; 0.0356136 ; 99.1314;
7 ; 21 ; 6 ; 0.853179 ; -0.010008 ; 0.0373959 ; 101.224;
8 ; 21 ; 6 ; 0.809959 ; -0.014671 ; -0.006283 ; 103.432;
9 ; 21 ; 6 ; 0.935551 ; -0.0257988 ; -0.166791 ; 101.94;
10 ; 21 ; 6 ; 0.821483 ; -0.0578027 ; -0.0181663 ; 101.127;
11 ; 21 ; 6 ; 0.797505 ; -0.0141283 ; 0.0285452 ; 100.587;
12 ; 21 ; 6 ; 0.771496 ; 0.0580237 ; 0.0562329 ; 98.842;
13 ; 21 ; 6 ; 0.917839 ; -0.0133795 ; 0.0922556 ; 101.89;
14 ; 21 ; 6 ; 0.835517 ; 0.0416696 ; -0.0410008 ; 100.205;
15 ; 21 ; 6 ; 0.79974 ; 0.0226753 ; -0.0624054 ; 99.4186;
16 ; 21 ; 6 ; 0.798188 ; -0.0250652 ; -0.00415572 ; 99.0787;
17 ; 21 ; 6 ; 0.821439 ; -0.0426908 ; 0.102848 ; 101.55;
18 ; 21 ; 6 ; 0.8015 ; -0.0266704 ; 0.0575619 ; 101.274;
19 ; 21 ; 6 ; 0.81685 ; 0.0266933 ; 0.0253478 ; 101.861;
20 ; 21 ; 6 ; 0.856941 ; 0.0464015 ; -0.0534121 ; 101.451;
21 ; 21 ; 6 ; 0.842224 ; -0.0632459 ; -0.00959885 ; 102.38;
4 ; 4 ; 7 ; 0.776301 ; -0.122227 ; 0.00427647 ; 103.46;
5 ; 4 ; 7 ; 0.677249 ; -0.0353954 ; 0.0155149 ; 100.276;
6 ; 4 ; 7 ; 0.718668 ; -0.0278993 ; 0.00112479 ; 100.035;
7 ; 4 ; 7 ; 0.713659 ; 0.0258065 ; 0.00484122 ; 100.074;
8 ; 4 ; 7 ; 0.644777 ; 0.197638 ; -0.0701458 ; 99.37;
9 ; 4 ; 7 ; 0.667926 ; 0.00165116 ; 0.0536289 ; 100.54;
10 ; 4 ; 7 ; 0.679678 ; 0.015306 ; 0.0759825 ; 101.012;
11 ; 4 ; 7 ; 0.687693 ; -0.0219378 ; 0.0574474 ; 102.413;
12 ; 4 ; 7 ; 0.614137 ; -0.0792782 ; -0.0756963 ; 103.89;
13 ; 4 ; 7 ; 0.693384 ; -0.0102464 ; 0.0181623 ; 101.665;
14 ; 4 ; 7 ; 0.718489 ; 0.0277262 ; 0.0451802 ; 102.94;
15 ; 4 ; 7 ; 0.725818 ; 0.0220712 ; 0.0197846 ; 103.028;
16 ; 4 ; 7 ; 0.790739 ; 0.0376449 ; 0.00357336 ; 103.69;
17 ; 4 ; 7 ; 0.665222 ; 0.0202553 ; -0.0176428 ; 102.3;
18 ; 4 ; 7 ; 0.721234 ; 0.00261489 ; 0.0073356 ; 101.071;
19 ; 4 ; 7 ; 0.714391 ; -0.00230549 ; 0.0333522 ; 99.9963;
20 ; 4 ; 7 ; 0.59212 ; 0.00394749 ; -0.021951 ; 99.97;
21 ; 4 ; 7 ; 0.643401 ; -0.078284 ; -0.145306 ; 102.96;
4 ; 5 ; 7 ; 0.554304 ; -0.102166 ; 0.0317928 ; 97.89;
5 ; 5 ; 7 ; 0.651512 ; 0.0277466 ; 0.0317519 ; 101.735;
6 ; 5 ; 7 ; 0.693062 ; -0.0178376 ; 0.0312595 ; 100.694;
7 ; 5 ; 7 ; 0.702619 ; -0.00565148 ; 0.0247476 ; 100.309;
8 ; 5 ; 7 ; 0.670266 ; 0.1144 ; 0.00987687 ; 100.13;
9 ; 5 ; 7 ; 0.776746 ; 0.000659157 ; -0.0541793 ; 100.442;
10 ; 5 ; 7 ; 0.71641 ; 0.00831096 ; 0.017285 ; 100.568;
11 ; 5 ; 7 ; 0.715901 ; -0.00792482 ; 0.0256561 ; 100.953;
12 ; 5 ; 7 ; 0.68318 ; -0.0678892 ; -0.00474576 ; 102.752;
13 ; 5 ; 7 ; 0.673925 ; -0.00640721 ; -0.0127505 ; 101.791;
14 ; 5 ; 7 ; 0.711464 ; 0.00940864 ; 0.0281078 ; 102.259;
15 ; 5 ; 7 ; 0.731869 ; 0.00636096 ; 0.0176239 ; 101.864;
16 ; 5 ; 7 ; 0.715302 ; 0.00950194 ; -0.0210885 ; 102.228;
17 ; 5 ; 7 ; 0.770059 ; -0.0418335 ; -0.0263529 ; 100.52;
18 ; 5 ; 7 ; 0.744412 ; -0.0205387 ; 0.0221393 ; 101.919;
19 ; 5 ; 7 ; 0.73038 ; -0.00436927 ; 0.043861 ; 101.521;
20 ; 5 ; 7 ; 0.65443 ; 0.0295369 ; 0.042347 ; 100.385;
21 ; 5 ; 7 ; 0.627332 ; -0.0529429 ; -0.0483585 ; 103.52;
4 ; 6 ; 7 ; 0.743954 ; -0.0264627 ; -0.0678283 ; 96.54;
5 ; 6 ; 7 ; 0.624288 ; 0.0564232 ; 0.0705153 ; 102.78;
6 ; 6 ; 7 ; 0.671198 ; -0.0126792 ; 0.0540459 ; 101.215;
7 ; 6 ; 7 ; 0.694854 ; -0.041851 ; 0.0575901 ; 100.759;
8 ; 6 ; 7 ; 0.703455 ; -0.0070956 ; 0.0269254 ; 100.969;
9 ; 6 ; 7 ; 0.831546 ; 0.0409022 ; -0.146525 ; 100.54;
10 ; 6 ; 7 ; 0.761868 ; -0.011666 ; -0.0277996 ; 100.07;
11 ; 6 ; 7 ; 0.758653 ; -0.00384998 ; 0.012267 ; 99.5853;
12 ; 6 ; 7 ; 0.758568 ; -0.00842844 ; 0.041953 ; 99.8455;
13 ; 6 ; 7 ; 0.634264 ; -0.0111953 ; -0.0174548 ; 101.5;
14 ; 6 ; 7 ; 0.69758 ; -0.0110203 ; 0.00285063 ; 101.676;
15 ; 6 ; 7 ; 0.709645 ; -0.0158924 ; 0.00438112 ; 100.692;
16 ; 6 ; 7 ; 0.664692 ; -0.00611901 ; -0.0422738 ; 100.363;
17 ; 6 ; 7 ; 0.798913 ; -0.0371149 ; -0.0251139 ; 99.54;
18 ; 6 ; 7 ; 0.769045 ; -0.047354 ; 0.0395352 ; 102.787;
19 ; 6 ; 7 ; 0.748864 ; -0.0035027 ; 0.0686176 ; 102.859;
20 ; 6 ; 7 ; 0.730096 ; 0.0689311 ; 0.0510583 ; 101.096;
21 ; 6 ; 7 ; 0.637767 ; -0.0184499 ; -0.0476951 ; 100.9;
4 ; 7 ; 7 ; 0.611785 ; -0.0780263 ; 0.152044 ; 100.69;
5 ; 7 ; 7 ; 0.625473 ; 0.0843713 ; -0.00393515 ; 102.88;
6 ; 7 ; 7 ; 0.638797 ; 0.0888421 ; -0.0131674 ; 102.619;
7 ; 7 ; 7 ; 0.683124 ; 0.106908 ; -0.00649318 ; 101.717;
8 ; 7 ; 7 ; 0.769879 ; 0.0663808 ; 0.0314916 ; 101.6;
9 ; 7 ; 7 ; 0.763925 ; 0.0409468 ; -0.0254657 ; 100.933;
10 ; 7 ; 7 ; 0.752866 ; 0.039103 ; -0.0268776 ; 103.835;
11 ; 7 ; 7 ; 0.728833 ; -0.00357156 ; 0.0470667 ; 103.233;
12 ; 7 ; 7 ; 0.678378 ; -0.0172145 ; 0.152287 ; 100.32;
13 ; 7 ; 7 ; 0.634588 ; -0.0929507 ; -0.076843 ; 102.745;
14 ; 7 ; 7 ; 0.685932 ; -0.0765414 ; -0.0412802 ; 101.562;
15 ; 7 ; 7 ; 0.70124 ; -0.0301406 ; -0.0834259 ; 100.753;
16 ; 7 ; 7 ; 0.674198 ; 0.0443155 ; -0.103459 ; 101.46;
17 ; 7 ; 7 ; 0.647958 ; -0.0484066 ; -0.0253509 ; 101.835;
18 ; 7 ; 7 ; 0.6434 ; -0.0138429 ; -0.0380175 ; 102.393;
19 ; 7 ; 7 ; 0.650035 ; -0.00455538 ; -0.0352839 ; 100.659;
20 ; 7 ; 7 ; 0.632051 ; -0.00899599 ; 0.0416871 ; 96.28;
21 ; 7 ; 7 ; 0.745501 ; 0.0907801 ; -0.00840284 ; 96.98;
4 ; 8 ; 7 ; 0.698867 ; -0.0905635 ; 0.0472321 ; 100.98;
5 ; 8 ; 7 ; 0.678566 ; 0.0437189 ; 0.0271216 ; 101.724;
6 ; 8 ; 7 ; 0.649762 ; 0.0717743 ; -0.0014588 ; 101.754;
7 ; 8 ; 7 ; 0.673223 ; 0.0913126 ; -0.0131161 ; 101.246;
8 ; 8 ; 7 ; 0.717356 ; 0.0816886 ; -0.00147787 ; 101.868;
9 ; 8 ; 7 ; 0.720878 ; 0.0474445 ; 0.0421596 ; 102.201;
10 ; 8 ; 7 ; 0.733298 ; 0.0463887 ; -0.00182651 ; 103.027;
11 ; 8 ; 7 ; 0.71776 ; 0.0141816 ; 0.0320286 ; 103.155;
12 ; 8 ; 7 ; 0.706942 ; -0.0445226 ; 0.130289 ; 101.605;
13 ; 8 ; 7 ; 0.688456 ; -0.071361 ; -0.0594908 ; 101.773;
14 ; 8 ; 7 ; 0.678832 ; -0.0730625 ; -0.0460171 ; 101.207;
15 ; 8 ; 7 ; 0.687593 ; -0.0371187 ; -0.067106 ; 100.419;
16 ; 8 ; 7 ; 0.679956 ; -0.010759 ; -0.0966723 ; 100.791;
17 ; 8 ; 7 ; 0.695429 ; -0.0138622 ; -0.024196 ; 101.861;
18 ; 8 ; 7 ; 0.662526 ; 0.00416525 ; -0.0294371 ; 101.686;
19 ; 8 ; 7 ; 0.648678 ; 0.0163219 ; -0.0270711 ; 100.86;
20 ; 8 ; 7 ; 0.63578 ; -0.00617107 ; -0.0173552 ; 98.4543;
21 ; 8 ; 7 ; 0.737511 ; 0.0839709 ; -0.101345 ; 99.76;
4 ; 9 ; 7 ; 0.643143 ; -0.0718326 ; -0.00578661 ; 104.35;
5 ; 9 ; 7 ; 0.710106 ; 0.0468176 ; 0.0411806 ; 102.332;
6 ; 9 ; 7 ; 0.682202 ; 0.0559638 ; 0.022605 ; 101.544;
7 ; 9 ; 7 ; 0.665744 ; 0.0583157 ; -0.00278298 ; 101.608;
8 ; 9 ; 7 ; 0.659239 ; 0.0721409 ; -0.0410818 ; 101.189;
9 ; 9 ; 7 ; 0.725718 ; 0.0654025 ; -0.0198575 ; 102.401;
10 ; 9 ; 7 ; 0.708168 ; 0.0684632 ; 0.00854752 ; 101.901;
11 ; 9 ; 7 ; 0.697204 ; 0.0399359 ; 0.0118729 ; 102.663;
12 ; 9 ; 7 ; 0.716566 ; -0.017863 ; 0.0422353 ; 103.97;
13 ; 9 ; 7 ; 0.686646 ; -0.0508997 ; -0.0291137 ; 101.529;
14 ; 9 ; 7 ; 0.670526 ; -0.0590023 ; -0.0484908 ; 100.498;
15 ; 9 ; 7 ; 0.665468 ; -0.0417241 ; -0.0371072 ; 100.043;
16 ; 9 ; 7 ; 0.674099 ; -0.0422079 ; -0.035222 ; 99.8013;
17 ; 9 ; 7 ; 0.68062 ; -0.0123491 ; 0.0237785 ; 100.8;
18 ; 9 ; 7 ; 0.67151 ; 0.0242553 ; -0.0108161 ; 101.606;
19 ; 9 ; 7 ; 0.649466 ; 0.0448257 ; -0.0260581 ; 102.049;
20 ; 9 ; 7 ; 0.624063 ; 0.0329741 ; -0.0439943 ; 101.602;
21 ; 9 ; 7 ; 0.642893 ; 0.0617194 ; 0.062785 ; 105.25;
4 ; 10 ; 7 ; 0.75725 ; 0.00985953 ; -0.0461612 ; 100.56;
5 ; 10 ; 7 ; 0.698126 ; 0.016563 ; 0.00763916 ; 101.514;
6 ; 10 ; 7 ; 0.69052 ; 0.0209883 ; 0.0219967 ; 102.112;
7 ; 10 ; 7 ; 0.674117 ; 0.0215715 ; -0.0023312 ; 102.702;
8 ; 10 ; 7 ; 0.671839 ; 0.0170797 ; 0.0119416 ; 101.337;
9 ; 10 ; 7 ; 0.695334 ; 0.0467147 ; -0.0402591 ; 102.143;
10 ; 10 ; 7 ; 0.68397 ; 0.0617149 ; -0.016437 ; 101.511;
11 ; 10 ; 7 ; 0.653592 ; 0.0558926 ; -0.000487043 ; 101.521;
12 ; 10 ; 7 ; 0.670784 ; 0.0454745 ; 0.0114515 ; 103.026;
13 ; 10 ; 7 ; 0.684344 ; -0.00278181 ; 0.0118726 ; 101.259;
14 ; 10 ; 7 ; 0.675403 ; -0.00743439 ; -0.0125052 ; 100.252;
15 ; 10 ; 7 ; 0.680936 ; -0.00083014 ; 0.00395963 ; 100.106;
16 ; 10 ; 7 ; 0.65662 ; -0.000553569 ; 0.0274477 ; 99.9972;
17 ; 10 ; 7 ; 0.626551 ; -0.0129013 ; -0.00101254 ; 102.179;
18 ; 10 ; 7 ; 0.645469 ; 0.0338246 ; -0.00201409 ; 102.073;
19 ; 10 ; 7 ; 0.637053 ; 0.0686577 ; -0.0135911 ; 102.632;
20 ; 10 ; 7 ; 0.63934 ; 0.0739158 ; -0.0257741 ; 102.956;
21 ; 10 ; 7 ; 0.538389 ; 0.0839181 ; 0.0026149 ; 105.08;
4 ; 11 ; 7 ; 0.7963 ; 0.130016 ; 0.103016 ; 103.95;
5 ; 11 ; 7 ; 0.697153 ; -0.0360019 ; -0.0412696 ; 101.21;
6 ; 11 ; 7 ; 0.688817 ; -0.000953472 ; -0.0188407 ; 101.915;
7 ; 11 ; 7 ; 0.673315 ; 0.0221775 ; -0.0223145 ; 102.291;
8 ; 11 ; 7 ; 0.693353 ; 0.0267501 ; 0.0090486 ; 103.634;
9 ; 11 ; 7 ; 0.703801 ; -0.0641224 ; -0.00837565 ; 100.739;
10 ; 11 ; 7 ; 0.660661 ; 0.00943002 ; -0.0301774 ; 100.95;
11 ; 11 ; 7 ; 0.603071 ; 0.0283936 ; -0.0123237 ; 100.833;
12 ; 11 ; 7 ; 0.635494 ; 0.0442713 ; 0.0496529 ; 99.6139;
13 ; 11 ; 7 ; 0.757851 ; 0.0117119 ; 0.00448908 ; 101.117;
14 ; 11 ; 7 ; 0.713229 ; 0.0255608 ; 0.00516119 ; 100.247;
15 ; 11 ; 7 ; 0.720853 ; 0.0490959 ; 0.00827833 ; 100.668;
16 ; 11 ; 7 ; 0.72195 ; 0.0273583 ; 0.0328703 ; 100.165;
17 ; 11 ; 7 ; 0.659375 ; 0.131306 ; -0.0131819 ; 103.322;
18 ; 11 ; 7 ; 0.635901 ; 0.0748664 ; -0.007588 ; 102.758;
19 ; 11 ; 7 ; 0.656286 ; 0.0795507 ; -0.000802599 ; 101.991;
20 ; 11 ; 7 ; 0.650922 ; 0.0957033 ; -0.000360312 ; 102.498;
21 ; 11 ; 7 ; 0.842984 ; 0.00299876 ; -0.0561123 ; 99.94;
4 ; 12 ; 7 ; 0.613389 ; 0.0502089 ; 0.1152 ; 99.91;
5 ; 12 ; 7 ; 0.72218 ; -0.0253812 ; -0.0635019 ; 102.29;
6 ; 12 ; 7 ; 0.679333 ; -0.023418 ; -0.047288 ; 101.063;
7 ; 12 ; 7 ; 0.668005 ; 0.0254477 ; -0.0464848 ; 101.287;
8 ; 12 ; 7 ; 0.676721 ; 0.0430491 ; -0.0193461 ; 103.405;
9 ; 12 ; 7 ; 0.736983 ; -0.113516 ; -0.0255626 ; 99.91;
10 ; 12 ; 7 ; 0.642597 ; -0.0299849 ; -0.0208892 ; 100.502;
11 ; 12 ; 7 ; 0.572915 ; 0.0135918 ; -0.0232815 ; 100.665;
12 ; 12 ; 7 ; 0.61456 ; 0.0174645 ; 0.0191305 ; 100.331;
13 ; 12 ; 7 ; 0.819734 ; -0.0115383 ; -0.0240281 ; 100.68;
14 ; 12 ; 7 ; 0.734942 ; 0.0412952 ; 0.0124178 ; 100.336;
15 ; 12 ; 7 ; 0.744667 ; 0.0777016 ; 0.00896436 ; 100.923;
16 ; 12 ; 7 ; 0.78149 ; 0.102493 ; 0.0161336 ; 101.907;
17 ; 12 ; 7 ; 0.686634 ; 0.23978 ; 0.0101644 ; 104.2;
18 ; 12 ; 7 ; 0.644286 ; 0.10765 ; -0.0119784 ; 102.514;
19 ; 12 ; 7 ; 0.668034 ; 0.090099 ; 0.0163769 ; 101.05;
20 ; 12 ; 7 ; 0.658527 ; 0.0670821 ; 0.0433926 ; 100.983;
21 ; 12 ; 7 ; 0.765683 ; -0.127383 ; -0.034293 ; 100.9;
4 ; 13 ; 7 ; 0.721583 ; 0.0395106 ; -0.0870739 ; 100.23;
5 ; 13 ; 7 ; 0.712108 ; -0.074029 ; -0.0349404 ; 102.171;
6 ; 13 ; 7 ; 0.714475 ; -0.0669303 ; -0.00518328 ; 103.083;
7 ; 13 ; 7 ; 0.694729 ; -0.0127219 ; 0.00794301 ; 102.19;
8 ; 13 ; 7 ; 0.562639 ; -0.0111834 ; 0.0821861 ; 97.8;
9 ; 13 ; 7 ; 0.651263 ; 0.0371285 ; 0.0380292 ; 100.546;
10 ; 13 ; 7 ; 0.71761 ; 0.00623882 ; 0.0406085 ; 99.8212;
11 ; 13 ; 7 ; 0.740692 ; -0.0384647 ; 0.0302005 ; 100.503;
12 ; 13 ; 7 ; 0.734222 ; -0.0702541 ; 0.0559792 ; 103.14;
13 ; 13 ; 7 ; 0.768352 ; -0.0131611 ; -0.0353995 ; 104.484;
14 ; 13 ; 7 ; 0.706422 ; 0.00777203 ; -0.0209161 ; 104.569;
15 ; 13 ; 7 ; 0.686154 ; 0.039762 ; -0.0240729 ; 103.809;
16 ; 13 ; 7 ; 0.742308 ; 0.0192742 ; -0.0552904 ; 100.72;
17 ; 13 ; 7 ; 0.732646 ; 0.0321323 ; -0.0162463 ; 102.919;
18 ; 13 ; 7 ; 0.708379 ; -0.0145612 ; -0.0403668 ; 102.795;
19 ; 13 ; 7 ; 0.731066 ; -0.0278094 ; -0.0341565 ; 102.979;
20 ; 13 ; 7 ; 0.779338 ; -0.156509 ; -0.0447333 ; 104.99;
21 ; 13 ; 7 ; 0.566715 ; -0.00914636 ; -0.0462193 ; 97.26;
4 ; 14 ; 7 ; 0.763286 ; 0.0397129 ; 0.0589934 ; 105.45;
5 ; 14 ; 7 ; 0.687404 ; -0.0414576 ; 0.0351041 ; 102.04;
6 ; 14 ; 7 ; 0.704345 ; -0.0441688 ; 0.0193388 ; 102.465;
7 ; 14 ; 7 ; 0.697723 ; 0.0128217 ; 0.0119017 ; 101.664;
8 ; 14 ; 7 ; 0.630249 ; -0.0124652 ; 0.0424567 ; 100.949;
9 ; 14 ; 7 ; 0.650775 ; 0.0101696 ; 0.0246123 ; 100.513;
10 ; 14 ; 7 ; 0.6842 ; -0.0140561 ; 0.0199688 ; 100.1;
11 ; 14 ; 7 ; 0.704946 ; -0.0558069 ; 0.0135305 ; 100.27;
12 ; 14 ; 7 ; 0.730236 ; -0.0689973 ; 0.0276995 ; 101.533;
13 ; 14 ; 7 ; 0.676955 ; 0.0399094 ; 0.000841927 ; 102.409;
14 ; 14 ; 7 ; 0.669934 ; 0.0171531 ; -0.0240612 ; 103.78;
15 ; 14 ; 7 ; 0.645304 ; 0.0294127 ; -0.0348546 ; 103.548;
16 ; 14 ; 7 ; 0.696173 ; 0.0181232 ; -0.0480678 ; 103.059;
17 ; 14 ; 7 ; 0.740602 ; 0.0147381 ; 0.0320987 ; 100.707;
18 ; 14 ; 7 ; 0.722729 ; -0.0010094 ; -0.00386258 ; 102.254;
19 ; 14 ; 7 ; 0.732209 ; -0.00370628 ; -0.00915449 ; 102.821;
20 ; 14 ; 7 ; 0.776736 ; -0.0584518 ; -0.0171502 ; 103.501;
21 ; 14 ; 7 ; 0.62023 ; 0.0403356 ; 0.0540416 ; 99.31;
4 ; 15 ; 7 ; 0.640406 ; -0.0368622 ; 0.0505783 ; 101.4;
5 ; 15 ; 7 ; 0.700511 ; -0.0087374 ; 0.0498768 ; 99.8135;
6 ; 15 ; 7 ; 0.689503 ; -0.00831264 ; 0.0290526 ; 101.209;
7 ; 15 ; 7 ; 0.702499 ; 0.0315922 ; -0.00877913 ; 101.172;
8 ; 15 ; 7 ; 0.719353 ; 0.0391194 ; -0.00285003 ; 101.783;
9 ; 15 ; 7 ; 0.611581 ; 0.0780044 ; -0.00781828 ; 100.639;
10 ; 15 ; 7 ; 0.624671 ; 0.0183489 ; 0.000229779 ; 100.586;
11 ; 15 ; 7 ; 0.640021 ; -0.037521 ; -0.00624832 ; 100.209;
12 ; 15 ; 7 ; 0.689464 ; -0.102452 ; 0.00231432 ; 99.1951;
13 ; 15 ; 7 ; 0.641198 ; -0.0202538 ; 0.0163004 ; 100.523;
14 ; 15 ; 7 ; 0.639428 ; 0.00733003 ; -0.0141242 ; 102.695;
15 ; 15 ; 7 ; 0.614494 ; -0.00557906 ; -0.0248583 ; 103.617;
16 ; 15 ; 7 ; 0.602424 ; -0.00856658 ; -0.0531109 ; 104.303;
17 ; 15 ; 7 ; 0.722888 ; -0.0394104 ; -0.0241186 ; 100.467;
18 ; 15 ; 7 ; 0.726903 ; 0.0233001 ; 0.0108885 ; 101.254;
19 ; 15 ; 7 ; 0.710567 ; 0.0491728 ; -1.82321e-05 ; 102.165;
20 ; 15 ; 7 ; 0.738397 ; 0.0432219 ; 0.00902683 ; 102.948;
21 ; 15 ; 7 ; 0.713678 ; -0.125636 ; -0.0168715 ; 99.16;
4 ; 16 ; 7 ; 0.848607 ; 0.161915 ; 0.0909084 ; 100.27;
5 ; 16 ; 7 ; 0.759259 ; 0.0574833 ; 0.0119295 ; 102.103;
6 ; 16 ; 7 ; 0.701307 ; 0.0218489 ; 0.0188989 ; 101.003;
7 ; 16 ; 7 ; 0.694752 ; 0.0247756 ; -0.0313717 ; 100.678;
8 ; 16 ; 7 ; 0.721943 ; 0.0427054 ; -0.0407538 ; 100.011;
9 ; 16 ; 7 ; 0.664186 ; 0.0921847 ; -0.0140755 ; 101.678;
10 ; 16 ; 7 ; 0.624328 ; 0.0665085 ; -0.00987421 ; 100.932;
11 ; 16 ; 7 ; 0.635411 ; 0.0245761 ; -0.00435886 ; 100.796;
12 ; 16 ; 7 ; 0.631003 ; -0.105385 ; 0.00747188 ; 100.199;
13 ; 16 ; 7 ; 0.755329 ; 0.0288284 ; 0.0357588 ; 100.696;
14 ; 16 ; 7 ; 0.667783 ; -0.00362107 ; 0.00942356 ; 101.551;
15 ; 16 ; 7 ; 0.636041 ; -0.020972 ; -0.0122555 ; 102.975;
16 ; 16 ; 7 ; 0.611679 ; -0.0478374 ; -0.0245997 ; 103.366;
17 ; 16 ; 7 ; 0.702198 ; -0.0131237 ; -0.0389112 ; 100.036;
18 ; 16 ; 7 ; 0.718871 ; 0.0179004 ; -0.0107977 ; 101.208;
19 ; 16 ; 7 ; 0.708356 ; 0.0560959 ; -0.0125066 ; 102.252;
20 ; 16 ; 7 ; 0.657589 ; 0.0655236 ; -0.0310513 ; 103.201;
21 ; 16 ; 7 ; 0.654903 ; 0.145367 ; 0.0664297 ; 100.64;
4 ; 17 ; 7 ; 0.893306 ; -0.0156879 ; 0.0798651 ; 100.56;
5 ; 17 ; 7 ; 0.709606 ; 0.0187755 ; -0.0445121 ; 100.929;
6 ; 17 ; 7 ; 0.699979 ; 0.0307623 ; -0.0370417 ; 101.496;
7 ; 17 ; 7 ; 0.691204 ; 0.009265 ; -0.0484999 ; 101.28;
8 ; 17 ; 7 ; 0.673768 ; -0.0234955 ; -0.065199 ; 100.939;
9 ; 17 ; 7 ; 0.777856 ; -0.0296975 ; 0.032334 ; 101.585;
10 ; 17 ; 7 ; 0.693813 ; 0.0612284 ; 0.00539142 ; 101.228;
11 ; 17 ; 7 ; 0.694829 ; 0.0560613 ; 0.00942957 ; 102.074;
12 ; 17 ; 7 ; 0.663741 ; 0.0224556 ; 0.0142424 ; 101.399;
13 ; 17 ; 7 ; 0.720941 ; 0.00124747 ; 0.0581079 ; 101.229;
14 ; 17 ; 7 ; 0.693322 ; 0.00240423 ; 0.0297 ; 101.325;
15 ; 17 ; 7 ; 0.65867 ; 0.0109223 ; -0.0244788 ; 102.263;
16 ; 17 ; 7 ; 0.656672 ; -0.0370503 ; -0.0124197 ; 103.743;
17 ; 17 ; 7 ; 0.691409 ; 0.0632683 ; -0.0624818 ; 100.196;
18 ; 17 ; 7 ; 0.730588 ; 0.0519475 ; -0.0166987 ; 101.089;
19 ; 17 ; 7 ; 0.750194 ; 0.0591848 ; -0.00762965 ; 102.507;
20 ; 17 ; 7 ; 0.680564 ; 0.105356 ; -0.040295 ; 102.635;
21 ; 17 ; 7 ; 0.78799 ; -0.0607359 ; 0.0568653 ; 105.47;
4 ; 18 ; 7 ; 0.794138 ; 0.0177897 ; 0.0252356 ; 101.72;
5 ; 18 ; 7 ; 0.638151 ; -0.0519811 ; -0.105452 ; 97.77;
6 ; 18 ; 7 ; 0.697028 ; 0.0363438 ; -0.0516897 ; 101.887;
7 ; 18 ; 7 ; 0.689289 ; 0.0149138 ; -0.0418965 ; 101.366;
8 ; 18 ; 7 ; 0.697163 ; -0.00531764 ; -0.046693 ; 99.8637;
9 ; 18 ; 7 ; 0.834937 ; -0.0707347 ; 0.0813397 ; 100.86;
10 ; 18 ; 7 ; 0.7402 ; 0.0162034 ; 0.00518098 ; 101.36;
11 ; 18 ; 7 ; 0.734919 ; 0.0451031 ; 0.0131091 ; 102.687;
12 ; 18 ; 7 ; 0.753221 ; 0.072643 ; 0.0534875 ; 102.552;
13 ; 18 ; 7 ; 0.636848 ; -0.0861315 ; 0.0625017 ; 101.9;
14 ; 18 ; 7 ; 0.688126 ; 0.0193669 ; 0.0323687 ; 101.035;
15 ; 18 ; 7 ; 0.65016 ; 0.0411149 ; -0.0497622 ; 101.469;
16 ; 18 ; 7 ; 0.662531 ; 0.0256633 ; -0.0832793 ; 101.742;
17 ; 18 ; 7 ; 0.675673 ; 0.106316 ; -0.124632 ; 100.47;
18 ; 18 ; 7 ; 0.749239 ; 0.0698965 ; 0.00618503 ; 101.145;
19 ; 18 ; 7 ; 0.789456 ; 0.050204 ; 0.0134437 ; 102.956;
20 ; 18 ; 7 ; 0.763595 ; 0.0386909 ; -0.0531148 ; 102.183;
21 ; 18 ; 7 ; 0.714998 ; 0.00668655 ; -0.110161 ; 97.11;
4 ; 19 ; 7 ; 0.650184 ; 0.0524778 ; -0.031261 ; 98.48;
5 ; 19 ; 7 ; 0.692474 ; 0.0953546 ; 0.0189376 ; 100.849;
6 ; 19 ; 7 ; 0.710252 ; 0.0549767 ; 0.000102753 ; 101.637;
7 ; 19 ; 7 ; 0.747282 ; 0.0159328 ; -0.00620845 ; 102.404;
8 ; 19 ; 7 ; 0.782617 ; -0.0505803 ; -0.00813208 ; 103.58;
9 ; 19 ; 7 ; 0.71947 ; -0.0394847 ; -0.0238671 ; 101.832;
10 ; 19 ; 7 ; 0.693245 ; 0.00604594 ; -0.0439441 ; 102.059;
11 ; 19 ; 7 ; 0.631558 ; 0.0443536 ; 0.0304681 ; 103.759;
12 ; 19 ; 7 ; 0.507115 ; 0.0937432 ; 0.0421151 ; 107.98;
13 ; 19 ; 7 ; 0.73133 ; 0.0354138 ; 0.0246896 ; 102.249;
14 ; 19 ; 7 ; 0.743236 ; 0.0214141 ; 0.053717 ; 101.738;
15 ; 19 ; 7 ; 0.715197 ; 0.025276 ; -0.0350737 ; 101.307;
16 ; 19 ; 7 ; 0.690071 ; -0.00739187 ; -0.0954057 ; 101.02;
17 ; 19 ; 7 ; 0.714804 ; 0.0257626 ; -0.0222279 ; 102.696;
18 ; 19 ; 7 ; 0.688985 ; -0.0017792 ; -0.0345907 ; 102.517;
19 ; 19 ; 7 ; 0.666686 ; -0.0765079 ; -0.0458633 ; 103.144;
20 ; 19 ; 7 ; 0.650996 ; -0.155006 ; -0.0549643 ; 103.28;
21 ; 19 ; 7 ; 0.632746 ; 0.0214997 ; 0.0826435 ; 96.09;
4 ; 20 ; 7 ; 0.629619 ; -0.0687329 ; -0.0302758 ; 107.61;
5 ; 20 ; 7 ; 0.746897 ; 0.0160824 ; -0.0616022 ; 101.588;
6 ; 20 ; 7 ; 0.738673 ; 0.0314082 ; -0.00477778 ; 101.362;
7 ; 20 ; 7 ; 0.775035 ; 0.0222256 ; 0.0177634 ; 101.835;
8 ; 20 ; 7 ; 0.762613 ; 0.00246738 ; 0.00545588 ; 103.035;
9 ; 20 ; 7 ; 0.715196 ; -0.035193 ; -0.0289106 ; 99.9231;
10 ; 20 ; 7 ; 0.686171 ; -0.0186276 ; -0.0281758 ; 101.312;
11 ; 20 ; 7 ; 0.613027 ; 0.0307907 ; 0.0224406 ; 102.438;
12 ; 20 ; 7 ; 0.590054 ; 0.0805449 ; 0.0642465 ; 105.907;
13 ; 20 ; 7 ; 0.708307 ; 0.076884 ; -0.0767346 ; 102.234;
14 ; 20 ; 7 ; 0.72642 ; 0.0375912 ; 0.0220885 ; 101.361;
15 ; 20 ; 7 ; 0.707479 ; 0.0230798 ; -0.000638354 ; 101.469;
16 ; 20 ; 7 ; 0.68683 ; 0.0176828 ; -0.0780006 ; 100.361;
17 ; 20 ; 7 ; 0.713294 ; -0.0293038 ; 0.0305946 ; 101.842;
18 ; 20 ; 7 ; 0.699782 ; -0.0319068 ; 0.0181635 ; 102.397;
19 ; 20 ; 7 ; 0.701734 ; -0.0727027 ; 0.00882729 ; 103.117;
20 ; 20 ; 7 ; 0.655163 ; -0.136802 ; -0.0322448 ; 103.666;
21 ; 20 ; 7 ; 0.825483 ; -0.0426589 ; 0.0500082 ; 99.47;
4 ; 21 ; 7 ; 0.756581 ; -0.0767573 ; -0.039307 ; 104.53;
5 ; 21 ; 7 ; 0.790921 ; -0.0484217 ; -0.097619 ; 102.43;
6 ; 21 ; 7 ; 0.757842 ; 0.0278245 ; -0.0127317 ; 100.81;
7 ; 21 ; 7 ; 0.792455 ; 0.0490867 ; 0.0407688 ; 101.174;
8 ; 21 ; 7 ; 0.792372 ; 0.0544487 ; -0.00219396 ; 100.41;
9 ; 21 ; 7 ; 0.725701 ; -0.0467586 ; -0.0382173 ; 99.88;
10 ; 21 ; 7 ; 0.680034 ; -0.0413948 ; 0.00600082 ; 100.462;
11 ; 21 ; 7 ; 0.619268 ; 0.0160952 ; 0.0354025 ; 101.029;
12 ; 21 ; 7 ; 0.649576 ; 0.0583551 ; 0.0351345 ; 103.678;
13 ; 21 ; 7 ; 0.660887 ; 0.0797416 ; -0.122149 ; 100.94;
14 ; 21 ; 7 ; 0.716045 ; 0.0533111 ; -0.0235091 ; 101.234;
15 ; 21 ; 7 ; 0.7004 ; 0.0264688 ; 0.0161133 ; 101.244;
16 ; 21 ; 7 ; 0.705239 ; 0.0254581 ; -0.017476 ; 102.119;
17 ; 21 ; 7 ; 0.749815 ; -0.050439 ; 0.0797129 ; 100.94;
18 ; 21 ; 7 ; 0.693929 ; -0.0680703 ; 0.0540042 ; 102.655;
19 ; 21 ; 7 ; 0.722322 ; -0.0772902 ; 0.0485543 ; 103.291;
20 ; 21 ; 7 ; 0.729567 ; -0.0998079 ; 0.0143751 ; 102.988;
21 ; 21 ; 7 ; 0.56453 ; -0.131062 ; 0.0710954 ; 97.64;
4 ; 4 ; 8 ; 0.576499 ; -0.137323 ; 0.107895 ; 104.75;
5 ; 4 ; 8 ; 0.693178 ; -0.0709116 ; 0.100349 ; 97.5;
6 ; 4 ; 8 ; 0.656393 ; 0.0306362 ; 0.0589891 ; 103.04;
7 ; 4 ; 8 ; 0.556742 ; 0.0634876 ; 0.0450312 ; 99.87;
8 ; 4 ; 8 ; 0.607327 ; 0.0264373 ; -0.0156205 ; 106.03;
9 ; 4 ; 8 ; 0.735972 ; 0.0126332 ; -0.0247194 ; 96.55;
10 ; 4 ; 8 ; 0.536384 ; 0.0815789 ; 0.0287064 ; 104.7;
11 ; 4 ; 8 ; 0.584191 ; 0.0752088 ; 0.146053 ; 101.12;
12 ; 4 ; 8 ; 0.779374 ; -0.0229457 ; 0.104523 ; 106.63;
13 ; 4 ; 8 ; 0.687462 ; -0.133282 ; 0.0843392 ; 98.05;
14 ; 4 ; 8 ; 0.65284 ; -0.150223 ; -0.108755 ; 103.74;
15 ; 4 ; 8 ; 0.486268 ; 0.0480593 ; -0.0535265 ; 106.36;
16 ; 4 ; 8 ; 0.59747 ; 0.00969412 ; 0.0532787 ; 101.12;
17 ; 4 ; 8 ; 0.634212 ; 0.0104274 ; -0.0819086 ; 95.93;
18 ; 4 ; 8 ; 0.603712 ; 0.00582781 ; -0.0360075 ; 99.91;
19 ; 4 ; 8 ; 0.684091 ; -0.052958 ; -0.0576027 ; 103;
20 ; 4 ; 8 ; 0.609666 ; -0.0817327 ; 0.0203424 ; 98.48;
21 ; 4 ; 8 ; 0.692743 ; -0.135741 ; 0.0717576 ; 102.36;
4 ; 5 ; 8 ; 0.550548 ; -0.000592528 ; 0.023044 ; 99.69;
5 ; 5 ; 8 ; 0.657281 ; 0.0123538 ; 0.0178368 ; 104.23;
6 ; 5 ; 8 ; 0.633517 ; 0.0360162 ; 0.043063 ; 103.098;
7 ; 5 ; 8 ; 0.575288 ; 0.0464847 ; 0.0475869 ; 101.185;
8 ; 5 ; 8 ; 0.630363 ; 0.0114446 ; 0.0187168 ; 104.905;
9 ; 5 ; 8 ; 0.621852 ; -0.0614482 ; -0.0590569 ; 102.64;
10 ; 5 ; 8 ; 0.569624 ; 0.0279992 ; 0.00674313 ; 104.012;
11 ; 5 ; 8 ; 0.581524 ; 0.0386562 ; 0.1079 ; 101.24;
12 ; 5 ; 8 ; 0.70328 ; 0.0110022 ; 0.0654038 ; 103.67;
13 ; 5 ; 8 ; 0.727975 ; 0.0644549 ; 0.115154 ; 103.58;
14 ; 5 ; 8 ; 0.669991 ; -0.0882546 ; -0.0594905 ; 103.382;
15 ; 5 ; 8 ; 0.569573 ; 0.000537026 ; -0.0600181 ; 103.84;
16 ; 5 ; 8 ; 0.623577 ; -0.00781125 ; 0.0566028 ; 101.726;
17 ; 5 ; 8 ; 0.533552 ; -0.0552908 ; -0.0439591 ; 100.71;
18 ; 5 ; 8 ; 0.599496 ; -0.00869269 ; -0.0284077 ; 99.908;
19 ; 5 ; 8 ; 0.647921 ; -0.0380724 ; -0.0253419 ; 101.106;
20 ; 5 ; 8 ; 0.595291 ; -0.0361141 ; 0.0361119 ; 98.1264;
21 ; 5 ; 8 ; 0.664267 ; -0.0384371 ; -0.101266 ; 101.13;
4 ; 6 ; 8 ; 0.57651 ; -0.0319094 ; -0.0445946 ; 106.91;
5 ; 6 ; 8 ; 0.636847 ; -0.0710478 ; 0.128503 ; 101.35;
6 ; 6 ; 8 ; 0.607054 ; 0.0203002 ; 0.0374205 ; 102.551;
7 ; 6 ; 8 ; 0.572467 ; 0.0432631 ; 0.0245191 ; 102.254;
8 ; 6 ; 8 ; 0.584143 ; 0.0304274 ; 0.0366332 ; 103.081;
9 ; 6 ; 8 ; 0.54167 ; 0.223543 ; -0.0237931 ; 102.09;
10 ; 6 ; 8 ; 0.585483 ; 0.0637879 ; 0.0022281 ; 101.863;
11 ; 6 ; 8 ; 0.56856 ; 0.0255898 ; 0.0146683 ; 101.165;
12 ; 6 ; 8 ; 0.593555 ; 0.0261892 ; -0.0166343 ; 102.182;
13 ; 6 ; 8 ; 0.623781 ; 0.0125723 ; -0.0701521 ; 100.42;
14 ; 6 ; 8 ; 0.650696 ; -0.0371288 ; -0.0152293 ; 101.266;
15 ; 6 ; 8 ; 0.639822 ; -0.0728601 ; -0.0264204 ; 100.055;
16 ; 6 ; 8 ; 0.630371 ; -0.0192364 ; 0.0398321 ; 102.256;
17 ; 6 ; 8 ; 0.721277 ; 0.0341359 ; -0.112934 ; 101.53;
18 ; 6 ; 8 ; 0.613434 ; 0.0194864 ; -0.0545311 ; 100.625;
19 ; 6 ; 8 ; 0.574672 ; 0.0020215 ; -0.0218027 ; 101.534;
20 ; 6 ; 8 ; 0.563868 ; -0.0110172 ; 0.0320212 ; 101.653;
21 ; 6 ; 8 ; 0.595549 ; 0.0182158 ; 0.0208291 ; 98.48;
4 ; 7 ; 8 ; 0.553825 ; 0.0232787 ; -0.042414 ; 101.77;
5 ; 7 ; 8 ; 0.580433 ; -0.251158 ; 0.0965337 ; 99.44;
6 ; 7 ; 8 ; 0.446646 ; -0.0985596 ; -0.0156907 ; 100.94;
7 ; 7 ; 8 ; 0.5252 ; -0.0592719 ; -0.0956569 ; 101.33;
8 ; 7 ; 8 ; 0.580575 ; 0.0405233 ; -0.0644501 ; 99.83;
9 ; 7 ; 8 ; 0.646512 ; 0.130158 ; 0.0196357 ; 95.63;
10 ; 7 ; 8 ; 0.631738 ; -0.0163245 ; -0.0214747 ; 104.69;
11 ; 7 ; 8 ; 0.619879 ; 0.00513637 ; -0.0100602 ; 98.46;
12 ; 7 ; 8 ; 0.593596 ; 0.0170191 ; -0.0932792 ; 101.17;
13 ; 7 ; 8 ; 0.60878 ; 0.0259687 ; -0.0500469 ; 101.51;
14 ; 7 ; 8 ; 0.572552 ; -0.0922492 ; -0.0143441 ; 100.02;
15 ; 7 ; 8 ; 0.5548 ; -0.0284156 ; 0.05557 ; 102.41;
16 ; 7 ; 8 ; 0.730132 ; -0.054191 ; 0.0592025 ; 104.23;
17 ; 7 ; 8 ; 0.713499 ; -0.0169474 ; 0.158169 ; 100.7;
18 ; 7 ; 8 ; 0.587288 ; -0.0277982 ; -0.0282982 ; 101.38;
19 ; 7 ; 8 ; 0.674381 ; 0.0713467 ; -0.0210848 ; 99.65;
20 ; 7 ; 8 ; 0.671761 ; -0.0225497 ; -0.0662846 ; 100.07;
21 ; 7 ; 8 ; 0.439046 ; 0.0639221 ; 0.0153695 ; 96.26;
4 ; 8 ; 8 ; 0.492056 ; -0.0557703 ; -0.113572 ; 101.38;
5 ; 8 ; 8 ; 0.551492 ; -0.0447218 ; -0.179137 ; 103.6;
6 ; 8 ; 8 ; 0.500132 ; -0.0402866 ; -0.0448155 ; 102.581;
7 ; 8 ; 8 ; 0.563281 ; -0.0295027 ; -0.0446527 ; 101.855;
8 ; 8 ; 8 ; 0.604465 ; 0.000913412 ; -0.0312288 ; 99.8801;
9 ; 8 ; 8 ; 0.594723 ; -0.0215079 ; 0.0163255 ; 102.5;
10 ; 8 ; 8 ; 0.596628 ; -0.0246698 ; -0.00499651 ; 103.366;
11 ; 8 ; 8 ; 0.574401 ; -0.0267879 ; 0.0133728 ; 99.4648;
12 ; 8 ; 8 ; 0.57655 ; 0.0110087 ; -0.0687118 ; 99.6878;
13 ; 8 ; 8 ; 0.475964 ; -0.0905919 ; 0.041645 ; 99.93;
14 ; 8 ; 8 ; 0.551382 ; -0.115632 ; 0.0152621 ; 99.8384;
15 ; 8 ; 8 ; 0.580723 ; -0.0543055 ; 0.0338076 ; 100.935;
16 ; 8 ; 8 ; 0.697126 ; -0.0321529 ; 0.00835905 ; 102.932;
17 ; 8 ; 8 ; 0.492623 ; 0.0396199 ; -0.00924517 ; 97.92;
18 ; 8 ; 8 ; 0.52966 ; -0.0165229 ; -0.0274119 ; 99.7676;
19 ; 8 ; 8 ; 0.610753 ; 0.0103482 ; -0.00169863 ; 99.7011;
20 ; 8 ; 8 ; 0.61348 ; -0.039552 ; -0.0497247 ; 100.414;
21 ; 8 ; 8 ; 0.511072 ; -0.0812412 ; -0.112538 ; 102.86;
4 ; 9 ; 8 ; 0.556389 ; 0.136558 ; -0.0192728 ; 100.3;
5 ; 9 ; 8 ; 0.68385 ; -0.0186123 ; -0.179941 ; 102.28;
6 ; 9 ; 8 ; 0.606947 ; 0.0286337 ; -0.0581406 ; 102.907;
7 ; 9 ; 8 ; 0.597448 ; 0.029913 ; 0.0443107 ; 100.621;
8 ; 9 ; 8 ; 0.567066 ; -0.0442367 ; -0.000316817 ; 99.0444;
9 ; 9 ; 8 ; 0.565644 ; 0.00176131 ; -0.0729406 ; 103.13;
10 ; 9 ; 8 ; 0.585064 ; -0.0459711 ; -0.00880529 ; 102.297;
11 ; 9 ; 8 ; 0.588568 ; -0.0786671 ; 0.0256823 ; 101.943;
12 ; 9 ; 8 ; 0.603363 ; -0.0159587 ; -0.0197488 ; 99.9972;
13 ; 9 ; 8 ; 0.574438 ; -0.0371309 ; 0.0143749 ; 99.72;
14 ; 9 ; 8 ; 0.544721 ; -0.108466 ; 0.0472347 ; 100.187;
15 ; 9 ; 8 ; 0.62793 ; -0.0828616 ; -0.0122936 ; 100.39;
16 ; 9 ; 8 ; 0.683558 ; -0.0303214 ; -0.0273815 ; 101.137;
17 ; 9 ; 8 ; 0.670653 ; 0.107013 ; -0.0125189 ; 103.99;
18 ; 9 ; 8 ; 0.526116 ; 0.00528823 ; -0.0184502 ; 99.5355;
19 ; 9 ; 8 ; 0.539985 ; -0.0635126 ; 0.00853099 ; 100.327;
20 ; 9 ; 8 ; 0.600907 ; -0.0517148 ; -0.0466049 ; 102.315;
21 ; 9 ; 8 ; 0.670753 ; 0.0150538 ; 0.0482415 ; 101.86;
4 ; 10 ; 8 ; 0.597054 ; 0.0808754 ; 0.0401939 ; 102.08;
5 ; 10 ; 8 ; 0.67397 ; -0.131356 ; 0.121166 ; 101.89;
6 ; 10 ; 8 ; 0.662836 ; -0.022747 ; 0.0301702 ; 101.016;
7 ; 10 ; 8 ; 0.594976 ; 0.0388062 ; 0.0837102 ; 98.7414;
8 ; 10 ; 8 ; 0.552089 ; -0.00524006 ; 0.0170001 ; 98.6357;
9 ; 10 ; 8 ; 0.544644 ; -0.0496738 ; -0.0248144 ; 101.56;
10 ; 10 ; 8 ; 0.577861 ; -0.0289231 ; -0.00698758 ; 102.238;
11 ; 10 ; 8 ; 0.611404 ; -0.0424679 ; 0.0365282 ; 102.722;
12 ; 10 ; 8 ; 0.635958 ; -0.035873 ; 0.0197954 ; 102.267;
13 ; 10 ; 8 ; 0.554006 ; 0.145279 ; 0.0170305 ; 104.43;
14 ; 10 ; 8 ; 0.544242 ; -0.00194521 ; -0.00495413 ; 102.466;
15 ; 10 ; 8 ; 0.579621 ; -0.0778771 ; -0.0671291 ; 102.264;
16 ; 10 ; 8 ; 0.633266 ; -0.0492793 ; 0.00339493 ; 102.107;
17 ; 10 ; 8 ; 0.728406 ; 0.0171444 ; 0.0542027 ; 99.8;
18 ; 10 ; 8 ; 0.61538 ; 0.0154325 ; 0.00402473 ; 100.877;
19 ; 10 ; 8 ; 0.558981 ; -0.0395912 ; -0.0425274 ; 100.537;
20 ; 10 ; 8 ; 0.633482 ; -0.0118513 ; -0.0873597 ; 102.382;
21 ; 10 ; 8 ; 0.429563 ; 0.0196724 ; -0.0225068 ; 96.57;
4 ; 11 ; 8 ; 0.599329 ; 0.12138 ; -0.0882693 ; 104.6;
5 ; 11 ; 8 ; 0.58976 ; -0.150007 ; 0.159511 ; 102.4;
6 ; 11 ; 8 ; 0.648877 ; -0.0992045 ; 0.0793447 ; 101.09;
7 ; 11 ; 8 ; 0.634188 ; -0.00595474 ; 0.0276548 ; 98.7179;
8 ; 11 ; 8 ; 0.648548 ; 0.0238181 ; 0.0678191 ; 98.8146;
9 ; 11 ; 8 ; 0.480042 ; 0.0279549 ; -0.10781 ; 101.56;
10 ; 11 ; 8 ; 0.525776 ; 0.0224561 ; -0.0137139 ; 101.205;
11 ; 11 ; 8 ; 0.581162 ; 0.0547413 ; 0.0320517 ; 101.752;
12 ; 11 ; 8 ; 0.639879 ; 0.0298429 ; 0.0083092 ; 101.603;
13 ; 11 ; 8 ; 0.597179 ; 0.099792 ; 0.229492 ; 96.93;
14 ; 11 ; 8 ; 0.577319 ; 0.0545026 ; 0.0217929 ; 101.795;
15 ; 11 ; 8 ; 0.571697 ; -0.0467524 ; -0.0861454 ; 102.396;
16 ; 11 ; 8 ; 0.547348 ; 0.00728859 ; -0.0421166 ; 103.295;
17 ; 11 ; 8 ; 0.725442 ; -0.0215675 ; 0.0109872 ; 108.05;
18 ; 11 ; 8 ; 0.628213 ; 0.00752027 ; 0.0292554 ; 102.458;
19 ; 11 ; 8 ; 0.575673 ; -0.00444027 ; -0.0142494 ; 100.688;
20 ; 11 ; 8 ; 0.621724 ; 0.0135413 ; -0.0446028 ; 100.962;
21 ; 11 ; 8 ; 0.525506 ; 0.198389 ; -0.0291722 ; 97.96;
4 ; 12 ; 8 ; 0.655422 ; 0.0507033 ; -0.192664 ; 106.73;
5 ; 12 ; 8 ; 0.453105 ; 0.0528295 ; 0.0408111 ; 98.81;
6 ; 12 ; 8 ; 0.563831 ; -0.0419396 ; 0.0421761 ; 100.495;
7 ; 12 ; 8 ; 0.605264 ; -0.00317677 ; -0.0145855 ; 98.9842;
8 ; 12 ; 8 ; 0.649357 ; -0.00977229 ; 0.0533984 ; 98.484;
9 ; 12 ; 8 ; 0.661276 ; -0.0498041 ; -0.105474 ; 102.25;
10 ; 12 ; 8 ; 0.584843 ; 0.0172369 ; -0.0836214 ; 102.287;
11 ; 12 ; 8 ; 0.628577 ; 0.0397676 ; -0.0178686 ; 102.849;
12 ; 12 ; 8 ; 0.650571 ; 0.050532 ; -0.0187442 ; 101.39;
13 ; 12 ; 8 ; 0.692632 ; 0.162482 ; -0.0410666 ; 98.17;
14 ; 12 ; 8 ; 0.638958 ; 0.0471703 ; 0.0695641 ; 98.6312;
15 ; 12 ; 8 ; 0.62778 ; -0.0371526 ; 0.00590493 ; 102.486;
16 ; 12 ; 8 ; 0.598015 ; 0.0103895 ; -0.0126256 ; 104.306;
17 ; 12 ; 8 ; 0.52455 ; 0.0700363 ; 0.00337051 ; 101.3;
18 ; 12 ; 8 ; 0.594977 ; 0.0368008 ; 0.00444202 ; 104.56;
19 ; 12 ; 8 ; 0.560271 ; 0.059809 ; 0.0292047 ; 104.149;
20 ; 12 ; 8 ; 0.613423 ; 0.0269895 ; 0.0230473 ; 103.884;
21 ; 12 ; 8 ; 0.676544 ; 0.0227485 ; 0.0623191 ; 98.79;
4 ; 13 ; 8 ; 0.614478 ; -0.0789181 ; 0.0852493 ; 101.36;
5 ; 13 ; 8 ; 0.501771 ; 0.0284652 ; -0.100739 ; 100.23;
6 ; 13 ; 8 ; 0.5982 ; 0.0999217 ; -0.016346 ; 102.12;
7 ; 13 ; 8 ; 0.59016 ; -0.049485 ; 0.0711424 ; 101.38;
8 ; 13 ; 8 ; 0.538637 ; 0.0524663 ; 0.039149 ; 101.59;
9 ; 13 ; 8 ; 0.847268 ; -0.0956293 ; -0.180242 ; 99.3;
10 ; 13 ; 8 ; 0.60883 ; 0.130804 ; 0.00249403 ; 102.25;
11 ; 13 ; 8 ; 0.502952 ; 0.0021684 ; -0.07389 ; 99.94;
12 ; 13 ; 8 ; 0.488989 ; -0.00496283 ; -0.130025 ; 103.84;
13 ; 13 ; 8 ; 0.50276 ; 0.0680815 ; -0.0819074 ; 103.18;
14 ; 13 ; 8 ; 0.50872 ; -0.0675267 ; 0.0196066 ; 103.48;
15 ; 13 ; 8 ; 0.697844 ; -0.0104393 ; 0.132006 ; 98.84;
16 ; 13 ; 8 ; 0.618342 ; 0.2364 ; -0.0236857 ; 97.29;
17 ; 13 ; 8 ; 0.795195 ; -0.0250372 ; 0.00690478 ; 101.86;
18 ; 13 ; 8 ; 0.645072 ; -0.065461 ; -0.0110606 ; 98.93;
19 ; 13 ; 8 ; 0.555224 ; 0.123891 ; -0.086199 ; 105.08;
20 ; 13 ; 8 ; 0.412143 ; 0.004577 ; -0.00173003 ; 98.55;
21 ; 13 ; 8 ; 0.620532 ; -0.000812826 ; -0.125649 ; 101.59;
4 ; 14 ; 8 ; 0.755314 ; -0.107586 ; 0.0560501 ; 97.73;
5 ; 14 ; 8 ; 0.645202 ; -0.143634 ; 0.0643119 ; 99.18;
6 ; 14 ; 8 ; 0.610378 ; 0.00499033 ; 0.015732 ; 101.669;
7 ; 14 ; 8 ; 0.619036 ; -0.0670734 ; 0.0524949 ; 101.026;
8 ; 14 ; 8 ; 0.617698 ; -0.00897076 ; 0.0367543 ; 100.903;
9 ; 14 ; 8 ; 0.672887 ; -0.000408789 ; 0.115791 ; 104.35;
10 ; 14 ; 8 ; 0.626567 ; 0.0496294 ; 0.0385959 ; 101.996;
11 ; 14 ; 8 ; 0.566395 ; -0.0482776 ; -0.0383271 ; 98.7669;
12 ; 14 ; 8 ; 0.530455 ; -0.0175738 ; -0.0648541 ; 101.983;
13 ; 14 ; 8 ; 0.477038 ; -0.0296672 ; 0.007824 ; 102.86;
14 ; 14 ; 8 ; 0.509917 ; -0.0687953 ; 0.00864925 ; 102.43;
15 ; 14 ; 8 ; 0.669305 ; -0.0481409 ; 0.0606821 ; 98.369;
16 ; 14 ; 8 ; 0.66037 ; 0.136983 ; -0.010784 ; 97.9279;
17 ; 14 ; 8 ; 0.440616 ; 0.0277398 ; 0.0187568 ; 98.69;
18 ; 14 ; 8 ; 0.60336 ; -0.0369576 ; 0.0355181 ; 99.6342;
19 ; 14 ; 8 ; 0.574957 ; 0.0514399 ; -0.0293941 ; 104.618;
20 ; 14 ; 8 ; 0.473526 ; 0.00649692 ; -0.034441 ; 101.252;
21 ; 14 ; 8 ; 0.430055 ; -0.214885 ; 0.0861977 ; 103.42;
4 ; 15 ; 8 ; 0.671064 ; -0.0879163 ; -0.0405729 ; 107.04;
5 ; 15 ; 8 ; 0.779184 ; -0.0485739 ; 0.0312946 ; 98.86;
6 ; 15 ; 8 ; 0.664673 ; -0.105538 ; 0.031107 ; 101.885;
7 ; 15 ; 8 ; 0.646284 ; -0.101096 ; 0.000690024 ; 103.041;
8 ; 15 ; 8 ; 0.686077 ; -0.0500275 ; 0.00021293 ; 101.55;
9 ; 15 ; 8 ; 0.615778 ; 0.0617354 ; 0.0537414 ; 100.24;
10 ; 15 ; 8 ; 0.616409 ; -0.0540847 ; 0.0574105 ; 100.019;
11 ; 15 ; 8 ; 0.599494 ; -0.116196 ; -0.00922518 ; 97.7891;
12 ; 15 ; 8 ; 0.56702 ; -0.0495928 ; -0.0260335 ; 99.9558;
13 ; 15 ; 8 ; 0.618006 ; -0.0347809 ; -0.0541499 ; 106.4;
14 ; 15 ; 8 ; 0.563723 ; -0.0887378 ; -0.0218884 ; 102.16;
15 ; 15 ; 8 ; 0.682926 ; -0.103114 ; 0.00169037 ; 99.2029;
16 ; 15 ; 8 ; 0.725516 ; 0.0211385 ; 0.0292216 ; 100.581;
17 ; 15 ; 8 ; 0.623495 ; -0.0474698 ; 0.0536719 ; 106.99;
18 ; 15 ; 8 ; 0.617135 ; -0.0197211 ; 0.0697129 ; 102.648;
19 ; 15 ; 8 ; 0.657369 ; -0.0080427 ; 0.0220939 ; 103.148;
20 ; 15 ; 8 ; 0.592543 ; 0.00916726 ; -0.0634458 ; 104.133;
21 ; 15 ; 8 ; 0.661729 ; -0.0600018 ; -0.214104 ; 104.18;
4 ; 16 ; 8 ; 0.63324 ; -0.208278 ; 0.0153909 ; 105.96;
5 ; 16 ; 8 ; 0.636964 ; -0.0765708 ; -0.0399226 ; 101.03;
6 ; 16 ; 8 ; 0.690718 ; -0.0534083 ; -0.00365714 ; 101.805;
7 ; 16 ; 8 ; 0.628856 ; -0.0495608 ; 0.0137003 ; 103.988;
8 ; 16 ; 8 ; 0.591641 ; -0.00551405 ; -0.00594451 ; 101.923;
9 ; 16 ; 8 ; 0.645087 ; 0.197712 ; 0.0732903 ; 97.37;
10 ; 16 ; 8 ; 0.618451 ; 0.00165094 ; 0.0387517 ; 98.1797;
11 ; 16 ; 8 ; 0.624902 ; -0.0563784 ; -0.000579699 ; 98.8958;
12 ; 16 ; 8 ; 0.613121 ; 0.0314388 ; -0.029871 ; 100.301;
13 ; 16 ; 8 ; 0.501142 ; 0.0436922 ; 0.0578403 ; 103.23;
14 ; 16 ; 8 ; 0.593406 ; -0.0440235 ; -0.00186609 ; 103.527;
15 ; 16 ; 8 ; 0.670104 ; -0.04534 ; 0.0384564 ; 102.179;
16 ; 16 ; 8 ; 0.673676 ; 0.00314765 ; 0.0658979 ; 102.766;
17 ; 16 ; 8 ; 0.590944 ; -0.113496 ; -0.148786 ; 103.07;
18 ; 16 ; 8 ; 0.64965 ; -0.0264244 ; 0.00952403 ; 104.449;
19 ; 16 ; 8 ; 0.68477 ; 0.0605586 ; 0.0460822 ; 102.556;
20 ; 16 ; 8 ; 0.606408 ; 0.0370653 ; -0.00335377 ; 103.087;
21 ; 16 ; 8 ; 0.664303 ; 0.00432862 ; -0.0764295 ; 97.09;
4 ; 17 ; 8 ; 0.66314 ; -0.22708 ; -0.241762 ; 98.2;
5 ; 17 ; 8 ; 0.631591 ; -0.0799679 ; 0.0275559 ; 99.71;
6 ; 17 ; 8 ; 0.656354 ; -0.0198862 ; 0.02283 ; 100.064;
7 ; 17 ; 8 ; 0.630486 ; -0.00778435 ; 0.0768172 ; 101.828;
8 ; 17 ; 8 ; 0.564083 ; -0.00324726 ; 0.0290778 ; 101.956;
9 ; 17 ; 8 ; 0.484116 ; 0.0560702 ; -0.0161042 ; 99.2;
10 ; 17 ; 8 ; 0.617758 ; 0.0398255 ; 0.0206969 ; 99.0234;
11 ; 17 ; 8 ; 0.70013 ; 0.0102854 ; 0.0221412 ; 101.56;
12 ; 17 ; 8 ; 0.666491 ; 0.110476 ; 0.0554883 ; 101.864;
13 ; 17 ; 8 ; 0.759374 ; 0.0394469 ; 0.00731395 ; 102.69;
14 ; 17 ; 8 ; 0.597013 ; 0.0379991 ; 0.0630353 ; 103.289;
15 ; 17 ; 8 ; 0.603361 ; 0.0623429 ; 0.0534335 ; 102.849;
16 ; 17 ; 8 ; 0.64034 ; 0.0134637 ; 0.017267 ; 101.634;
17 ; 17 ; 8 ; 0.610036 ; 0.0019807 ; 0.0231278 ; 104.79;
18 ; 17 ; 8 ; 0.58943 ; -0.0265745 ; -0.0185052 ; 102.526;
19 ; 17 ; 8 ; 0.608562 ; 0.0249289 ; 0.0548914 ; 101.524;
20 ; 17 ; 8 ; 0.577484 ; 0.0345153 ; 0.0473334 ; 101.63;
21 ; 17 ; 8 ; 0.512764 ; 0.098085 ; -0.0785469 ; 105.72;
4 ; 18 ; 8 ; 0.613385 ; -0.00841453 ; 0.0759426 ; 105.24;
5 ; 18 ; 8 ; 0.593754 ; -0.0734893 ; -0.142554 ; 97.37;
6 ; 18 ; 8 ; 0.617167 ; -0.0265927 ; -0.029528 ; 100.237;
7 ; 18 ; 8 ; 0.626738 ; -0.0467921 ; 0.0136716 ; 102.815;
8 ; 18 ; 8 ; 0.625642 ; -0.0464688 ; 0.0158887 ; 103.229;
9 ; 18 ; 8 ; 0.752483 ; -0.0122115 ; -0.077277 ; 100.15;
10 ; 18 ; 8 ; 0.635168 ; 0.00531367 ; -0.0519467 ; 100.17;
11 ; 18 ; 8 ; 0.691499 ; 0.00646065 ; 0.0241786 ; 102.367;
12 ; 18 ; 8 ; 0.695515 ; 0.0670087 ; 0.110068 ; 101.37;
13 ; 18 ; 8 ; 0.66921 ; 0.0629615 ; 0.00167646 ; 101.06;
14 ; 18 ; 8 ; 0.640551 ; 0.040432 ; 0.0243736 ; 101.425;
15 ; 18 ; 8 ; 0.608002 ; 0.0797462 ; 0.0215263 ; 101.114;
16 ; 18 ; 8 ; 0.63119 ; 0.0549548 ; -0.021549 ; 101.881;
17 ; 18 ; 8 ; 0.732281 ; -0.111871 ; 0.102739 ; 97.28;
18 ; 18 ; 8 ; 0.598081 ; -0.0657785 ; 0.0165476 ; 100.48;
19 ; 18 ; 8 ; 0.538797 ; -0.0296076 ; -0.01972 ; 99.414;
20 ; 18 ; 8 ; 0.576634 ; 0.0128566 ; 0.0331787 ; 100.138;
21 ; 18 ; 8 ; 0.596958 ; 0.173946 ; 0.0196311 ; 98.36;
4 ; 19 ; 8 ; 0.741683 ; 0.0660527 ; 0.091487 ; 102.72;
5 ; 19 ; 8 ; 0.719452 ; 0.0179141 ; -0.0442373 ; 102.12;
6 ; 19 ; 8 ; 0.626816 ; 0.0409985 ; -0.00927024 ; 104.16;
7 ; 19 ; 8 ; 0.663778 ; -0.056798 ; -0.0393311 ; 98.39;
8 ; 19 ; 8 ; 0.72765 ; -0.0569293 ; -0.00847413 ; 105.46;
9 ; 19 ; 8 ; 0.683232 ; -0.142071 ; -0.154949 ; 102.53;
10 ; 19 ; 8 ; 0.817967 ; 0.149846 ; 0.0604113 ; 101.67;
11 ; 19 ; 8 ; 0.56075 ; -0.00618061 ; -0.0644604 ; 96.43;
12 ; 19 ; 8 ; 0.507134 ; 0.141456 ; -0.0660931 ; 105.4;
13 ; 19 ; 8 ; 0.573913 ; 0.158868 ; -0.0873956 ; 99.77;
14 ; 19 ; 8 ; 0.769501 ; 0.0197451 ; 0.0339111 ; 104.64;
15 ; 19 ; 8 ; 0.600357 ; 0.0316232 ; 0.133379 ; 105.86;
16 ; 19 ; 8 ; 0.641298 ; 0.100541 ; -0.0358612 ; 99.54;
17 ; 19 ; 8 ; 0.539119 ; 0.128504 ; 0.0210017 ; 106.44;
18 ; 19 ; 8 ; 0.612479 ; 0.100079 ; -0.0353186 ; 102.78;
19 ; 19 ; 8 ; 0.610077 ; -0.100816 ; 0.0270856 ; 99.05;
20 ; 19 ; 8 ; 0.680382 ; 0.0432474 ; 0.0199195 ; 102.34;
21 ; 19 ; 8 ; 0.741084 ; 0.0442603 ; -0.039812 ; 105.15;
4 ; 20 ; 8 ; 0.680421 ; -0.0427838 ; 0.0445254 ; 99.26;
5 ; 20 ; 8 ; 0.827872 ; -0.0463341 ; -0.0386899 ; 100.48;
6 ; 20 ; 8 ; 0.68733 ; 0.00709741 ; -0.00924418 ; 103.628;
7 ; 20 ; 8 ; 0.666361 ; -0.022173 ; -0.0153486 ; 101.268;
8 ; 20 ; 8 ; 0.679571 ; -0.0290425 ; 0.00472841 ; 104.346;
9 ; 20 ; 8 ; 0.519196 ; -0.10895 ; 0.000282091 ; 100.33;
10 ; 20 ; 8 ; 0.682996 ; 0.0438865 ; 0.0198599 ; 101.834;
11 ; 20 ; 8 ; 0.581836 ; -0.0102658 ; -0.0636046 ; 99.0607;
12 ; 20 ; 8 ; 0.59187 ; 0.115589 ; -0.0708507 ; 103.322;
13 ; 20 ; 8 ; 0.725495 ; 0.0501457 ; -0.00882913 ; 104.31;
14 ; 20 ; 8 ; 0.732825 ; 0.0284756 ; 0.0161276 ; 104.013;
15 ; 20 ; 8 ; 0.633425 ; 0.0289115 ; 0.0847389 ; 104.329;
16 ; 20 ; 8 ; 0.646296 ; 0.0788245 ; 0.0239306 ; 101.217;
17 ; 20 ; 8 ; 0.557712 ; -0.00358537 ; 0.0857243 ; 103.36;
18 ; 20 ; 8 ; 0.611891 ; 0.0535162 ; 0.0333056 ; 101.935;
19 ; 20 ; 8 ; 0.607582 ; -0.0767207 ; 0.050337 ; 99.747;
20 ; 20 ; 8 ; 0.59972 ; 0.00372146 ; -0.0215559 ; 101.967;
21 ; 20 ; 8 ; 0.774822 ; -0.0466106 ; 0.13105 ; 103.79;
4 ; 21 ; 8 ; 0.654763 ; -0.188061 ; 0.0540407 ; 100.61;
5 ; 21 ; 8 ; 0.572807 ; 0.0561573 ; -0.087995 ; 102.79;
6 ; 21 ; 8 ; 0.661745 ; -0.0121429 ; -0.0176373 ; 102.453;
7 ; 21 ; 8 ; 0.587418 ; -0.0176656 ; -0.00703588 ; 102.246;
8 ; 21 ; 8 ; 0.58869 ; -0.0288469 ; -0.0154215 ; 100.237;
9 ; 21 ; 8 ; 0.597416 ; 0.0869445 ; 0.0265248 ; 109.1;
10 ; 21 ; 8 ; 0.563714 ; -0.0283283 ; 0.0394223 ; 103.326;
11 ; 21 ; 8 ; 0.630216 ; -0.0330917 ; 0.01973 ; 101.301;
12 ; 21 ; 8 ; 0.691163 ; -0.00608036 ; -0.0417849 ; 100.039;
13 ; 21 ; 8 ; 0.577975 ; 0.0404152 ; 0.0733737 ; 103.42;
14 ; 21 ; 8 ; 0.629076 ; 0.0479512 ; 0.0274353 ; 103.416;
15 ; 21 ; 8 ; 0.605809 ; 0.0514321 ; 0.0259986 ; 102.294;
16 ; 21 ; 8 ; 0.584531 ; 0.0694912 ; 0.0340894 ; 101.381;
17 ; 21 ; 8 ; 0.49545 ; 0.0941519 ; -0.0431732 ; 104.6;
18 ; 21 ; 8 ; 0.623444 ; 0.0484176 ; 0.0516549 ; 102.641;
19 ; 21 ; 8 ; 0.66234 ; 0.00424406 ; 0.0492915 ; 101.706;
20 ; 21 ; 8 ; 0.541795 ; -0.0458884 ; -0.00282955 ; 101.135;
21 ; 21 ; 8 ; 0.721331 ; -0.0448121 ; -0.0625538 ; 96.32;
4 ; 4 ; 9 ; 0.546006 ; 0.0731844 ; -0.00695846 ; 101.12;
5 ; 4 ; 9 ; 0.585344 ; -0.0152552 ; 0.0308118 ; 101.114;
6 ; 4 ; 9 ; 0.564472 ; -0.0144624 ; 0.0523657 ; 101.449;
7 ; 4 ; 9 ; 0.506054 ; -0.0525148 ; 0.0327178 ; 103.644;
8 ; 4 ; 9 ; 0.486586 ; 0.0573021 ; 0.0476115 ; 103.28;
9 ; 4 ; 9 ; 0.41436 ; -0.00345457 ; 0.0218908 ; 102.779;
10 ; 4 ; 9 ; 0.44939 ; 0.00395978 ; 0.0194273 ; 99.9893;
11 ; 4 ; 9 ; 0.504486 ; 0.0103852 ; 0.0111997 ; 100.464;
12 ; 4 ; 9 ; 0.4779 ; -0.0319058 ; 0.0855517 ; 100.47;
13 ; 4 ; 9 ; 0.587826 ; -0.0124003 ; 0.0230645 ; 99.1269;
14 ; 4 ; 9 ; 0.550294 ; -0.0457097 ; -0.0149463 ; 101.108;
15 ; 4 ; 9 ; 0.548916 ; -0.086155 ; 0.00825071 ; 101.832;
16 ; 4 ; 9 ; 0.541331 ; -0.0572773 ; 0.0153505 ; 101.98;
17 ; 4 ; 9 ; 0.552265 ; 0.00493728 ; 0.0269271 ; 103.027;
18 ; 4 ; 9 ; 0.553213 ; 0.00132981 ; -0.0110154 ; 102.554;
19 ; 4 ; 9 ; 0.607025 ; -0.00750988 ; -0.012707 ; 102.087;
20 ; 4 ; 9 ; 0.641189 ; -0.11948 ; -0.156816 ; 102.6;
21 ; 4 ; 9 ; 0.408742 ; 0.0680537 ; -0.0530027 ; 100.21;
4 ; 5 ; 9 ; 0.540548 ; 0.00431912 ; 0.091822 ; 99.97;
5 ; 5 ; 9 ; 0.621075 ; 0.0722827 ; 0.129856 ; 101.933;
6 ; 5 ; 9 ; 0.464729 ; -0.0103559 ; 0.0286987 ; 100.948;
7 ; 5 ; 9 ; 0.475199 ; 0.0201521 ; 0.0400308 ; 103.012;
8 ; 5 ; 9 ; 0.4848 ; -0.160128 ; -0.0211477 ; 106.31;
9 ; 5 ; 9 ; 0.518159 ; 0.00245853 ; 0.0130522 ; 100.753;
10 ; 5 ; 9 ; 0.531846 ; 0.0410469 ; -0.0157892 ; 100.254;
11 ; 5 ; 9 ; 0.565127 ; 0.0849303 ; -0.0240063 ; 100.137;
12 ; 5 ; 9 ; 0.563824 ; 0.0326004 ; -0.0794765 ; 104.83;
13 ; 5 ; 9 ; 0.618106 ; 0.0683876 ; -0.0159428 ; 102.062;
14 ; 5 ; 9 ; 0.477118 ; -0.0448659 ; 0.0153085 ; 100.322;
15 ; 5 ; 9 ; 0.483585 ; -0.0998179 ; 0.0742737 ; 99.8037;
16 ; 5 ; 9 ; 0.598512 ; -0.142857 ; 0.0521994 ; 101.26;
17 ; 5 ; 9 ; 0.479853 ; 0.000390834 ; 0.0432806 ; 103.298;
18 ; 5 ; 9 ; 0.520438 ; -0.0282507 ; 0.0459237 ; 101.223;
19 ; 5 ; 9 ; 0.48356 ; 0.0621855 ; 0.0122305 ; 102.297;
20 ; 5 ; 9 ; 0.660516 ; 0.0927738 ; 0.0829238 ; 103.64;
21 ; 5 ; 9 ; 0.478835 ; -0.136026 ; -0.028533 ; 102.7;
4 ; 6 ; 9 ; 0.457486 ; 0.0606541 ; -0.0513295 ; 102.98;
5 ; 6 ; 9 ; 0.654345 ; 0.118332 ; 0.228588 ; 102.94;
6 ; 6 ; 9 ; 0.386284 ; -0.0514075 ; -0.0114422 ; 100.87;
7 ; 6 ; 9 ; 0.462173 ; 0.0998969 ; 0.0382183 ; 102.04;
8 ; 6 ; 9 ; 0.610261 ; -0.0150019 ; 0.101618 ; 97.68;
9 ; 6 ; 9 ; 0.579958 ; -0.0105337 ; 0.00495072 ; 101.33;
10 ; 6 ; 9 ; 0.575411 ; 0.00306526 ; -0.0792562 ; 102.15;
11 ; 6 ; 9 ; 0.595672 ; 0.106293 ; -0.0453329 ; 99.74;
12 ; 6 ; 9 ; 0.581547 ; -0.0190131 ; -0.0713623 ; 102.93;
13 ; 6 ; 9 ; 0.635701 ; 0.132305 ; -0.0442464 ; 103.56;
14 ; 6 ; 9 ; 0.444403 ; -0.028367 ; 0.0290813 ; 100.21;
15 ; 6 ; 9 ; 0.435347 ; -0.0815175 ; 0.101459 ; 98.89;
16 ; 6 ; 9 ; 0.516673 ; 0.0369437 ; 0.00837095 ; 99.81;
17 ; 6 ; 9 ; 0.396753 ; 0.0173691 ; 0.00825153 ; 103.26;
18 ; 6 ; 9 ; 0.43558 ; -0.0637421 ; 0.0717469 ; 101.24;
19 ; 6 ; 9 ; 0.347549 ; 0.0517108 ; -0.0200806 ; 103.1;
20 ; 6 ; 9 ; 0.435141 ; -0.0174674 ; -0.0771249 ; 102.77;
21 ; 6 ; 9 ; 0.559783 ; -0.0632555 ; -0.0132093 ; 97.39;
4 ; 7 ; 9 ; 0.583865 ; 0.100905 ; 0.108654 ; 96.66;
5 ; 7 ; 9 ; 0.5 ; -0.0814099 ; -0.023324 ; 100.77;
6 ; 7 ; 9 ; 0.540032 ; -0.0932315 ; -0.0312233 ; 101.175;
7 ; 7 ; 9 ; 0.55787 ; 8.3617e-05 ; -0.0303231 ; 102.135;
8 ; 7 ; 9 ; 0.457491 ; 0.00329143 ; -0.126639 ; 102.16;
9 ; 7 ; 9 ; 0.62909 ; -0.0594157 ; -0.0223231 ; 101.434;
10 ; 7 ; 9 ; 0.578284 ; -0.0330849 ; 0.0126783 ; 101.38;
11 ; 7 ; 9 ; 0.531415 ; -0.0209528 ; 0.0255038 ; 100.497;
12 ; 7 ; 9 ; 0.498203 ; -0.0556706 ; 0.103444 ; 103.3;
13 ; 7 ; 9 ; 0.440475 ; 0.000288889 ; 0.0692365 ; 101.956;
14 ; 7 ; 9 ; 0.42172 ; -0.0232526 ; 0.0616983 ; 101.087;
15 ; 7 ; 9 ; 0.581592 ; -0.0350464 ; 0.0218703 ; 100.422;
16 ; 7 ; 9 ; 0.642064 ; 0.09956 ; 0.0468519 ; 97.02;
17 ; 7 ; 9 ; 0.504016 ; 0.0141228 ; -0.0539687 ; 101.403;
18 ; 7 ; 9 ; 0.514635 ; -0.0121879 ; -0.0233365 ; 103.234;
19 ; 7 ; 9 ; 0.465078 ; 0.0616193 ; 0.00782933 ; 100.571;
20 ; 7 ; 9 ; 0.505959 ; 0.182301 ; 0.033764 ; 96.4;
21 ; 7 ; 9 ; 0.486914 ; -0.0507452 ; -0.00340821 ; 101.49;
4 ; 8 ; 9 ; 0.625361 ; -0.17898 ; 0.00262242 ; 102.94;
5 ; 8 ; 9 ; 0.490527 ; -0.0341284 ; -0.0260771 ; 100.591;
6 ; 8 ; 9 ; 0.528825 ; -0.0667912 ; -0.0434621 ; 101.363;
7 ; 8 ; 9 ; 0.554676 ; -0.00492891 ; -0.0404405 ; 102.207;
8 ; 8 ; 9 ; 0.643252 ; 0.0991841 ; -0.0103306 ; 102.61;
9 ; 8 ; 9 ; 0.576398 ; -0.0590198 ; -0.0571649 ; 102.802;
10 ; 8 ; 9 ; 0.599345 ; -0.0762018 ; 0.0493912 ; 102.21;
11 ; 8 ; 9 ; 0.55938 ; -0.0471838 ; 0.0220692 ; 101.3;
12 ; 8 ; 9 ; 0.541784 ; -0.0154211 ; -0.042798 ; 97.54;
13 ; 8 ; 9 ; 0.473555 ; -0.0380479 ; 0.0624632 ; 100.803;
14 ; 8 ; 9 ; 0.497534 ; -0.0646149 ; 0.077165 ; 100.633;
15 ; 8 ; 9 ; 0.558258 ; -0.115793 ; 0.0464214 ; 101.335;
16 ; 8 ; 9 ; 0.655633 ; -0.133552 ; -0.0459589 ; 104.3;
17 ; 8 ; 9 ; 0.516636 ; 0.0447132 ; -0.061143 ; 98.9333;
18 ; 8 ; 9 ; 0.520001 ; -0.0109135 ; -0.0613272 ; 100.712;
19 ; 8 ; 9 ; 0.490185 ; -0.0322906 ; -0.0318645 ; 100.971;
20 ; 8 ; 9 ; 0.350985 ; 0.0514682 ; -0.0556964 ; 100.03;
21 ; 8 ; 9 ; 0.485787 ; -0.118268 ; -0.0666229 ; 97.06;
4 ; 9 ; 9 ; 0.59325 ; 0.0170674 ; -0.108418 ; 102.07;
5 ; 9 ; 9 ; 0.491567 ; 0.0313033 ; -0.0258112 ; 100.161;
6 ; 9 ; 9 ; 0.461919 ; -0.00177627 ; -0.0301826 ; 99.7654;
7 ; 9 ; 9 ; 0.526904 ; -0.0222317 ; -0.0950494 ; 101.023;
8 ; 9 ; 9 ; 0.528809 ; 0.00435633 ; -0.0485397 ; 104.18;
9 ; 9 ; 9 ; 0.506074 ; -0.00442631 ; 0.0294716 ; 99.5572;
10 ; 9 ; 9 ; 0.58664 ; -0.0364327 ; 0.0963119 ; 100.211;
11 ; 9 ; 9 ; 0.572669 ; 0.000599153 ; 0.0454172 ; 101.687;
12 ; 9 ; 9 ; 0.487541 ; -0.0311739 ; -0.0540596 ; 104.22;
13 ; 9 ; 9 ; 0.506903 ; -0.0440757 ; -0.00402034 ; 101.438;
14 ; 9 ; 9 ; 0.522634 ; -0.0610131 ; -0.00624707 ; 101.347;
15 ; 9 ; 9 ; 0.47728 ; -0.0534137 ; 0.0456206 ; 100.638;
16 ; 9 ; 9 ; 0.467134 ; -0.148425 ; 0.0976911 ; 100.4;
17 ; 9 ; 9 ; 0.567269 ; 0.027479 ; -0.00273009 ; 98.9182;
18 ; 9 ; 9 ; 0.544566 ; -0.00905076 ; -0.00300806 ; 100.406;
19 ; 9 ; 9 ; 0.526349 ; -0.0434225 ; -0.00387775 ; 101.237;
20 ; 9 ; 9 ; 0.57485 ; -0.0682745 ; 0.00423742 ; 102.36;
21 ; 9 ; 9 ; 0.537193 ; -0.222583 ; -0.0431268 ; 100.33;
4 ; 10 ; 9 ; 0.670336 ; 0.142451 ; 0.0195259 ; 104.8;
5 ; 10 ; 9 ; 0.518494 ; -0.0196107 ; 0.0191102 ; 100.863;
6 ; 10 ; 9 ; 0.51471 ; -0.0201657 ; 0.0174907 ; 100.312;
7 ; 10 ; 9 ; 0.566436 ; -0.0470678 ; -0.0421798 ; 100.769;
8 ; 10 ; 9 ; 0.630077 ; -0.00714018 ; -0.169393 ; 102.05;
9 ; 10 ; 9 ; 0.564981 ; -0.0014276 ; 0.0296988 ; 100.002;
10 ; 10 ; 9 ; 0.572908 ; -0.0211085 ; 0.0569535 ; 100.565;
11 ; 10 ; 9 ; 0.55025 ; 0.0228289 ; 0.00188165 ; 101.37;
12 ; 10 ; 9 ; 0.594772 ; 0.107531 ; 0.0526792 ; 101.17;
13 ; 10 ; 9 ; 0.535394 ; 0.0154572 ; -0.00366247 ; 100.981;
14 ; 10 ; 9 ; 0.510206 ; -0.00136831 ; -0.0437269 ; 100.349;
15 ; 10 ; 9 ; 0.515982 ; 0.0421934 ; 0.056111 ; 102.015;
16 ; 10 ; 9 ; 0.478579 ; 0.0655509 ; 0.0262791 ; 100.13;
17 ; 10 ; 9 ; 0.545431 ; 0.0541071 ; -0.0200653 ; 100.949;
18 ; 10 ; 9 ; 0.537556 ; 0.0326362 ; 0.0578661 ; 101.097;
19 ; 10 ; 9 ; 0.505846 ; 0.0365357 ; 0.046047 ; 99.9248;
20 ; 10 ; 9 ; 0.491268 ; -0.0199178 ; 0.00509516 ; 97.82;
21 ; 10 ; 9 ; 0.403077 ; 0.0139273 ; -0.0780255 ; 105.14;
4 ; 11 ; 9 ; 0.380771 ; 0.0630855 ; -0.0110316 ; 99.13;
5 ; 11 ; 9 ; 0.505709 ; -0.0175056 ; 0.0197502 ; 103.733;
6 ; 11 ; 9 ; 0.537769 ; -0.105305 ; 0.0380716 ; 102.237;
7 ; 11 ; 9 ; 0.590546 ; -0.0539882 ; 0.0470908 ; 99.3625;
8 ; 11 ; 9 ; 0.517069 ; -0.110544 ; 0.0245054 ; 100.17;
9 ; 11 ; 9 ; 0.607515 ; 0.026121 ; 0.0431749 ; 100.821;
10 ; 11 ; 9 ; 0.529373 ; -0.111512 ; 0.037618 ; 101.62;
11 ; 11 ; 9 ; 0.5222 ; -0.127693 ; -0.0602111 ; 102.186;
12 ; 11 ; 9 ; 0.492185 ; -0.0100711 ; -0.0654454 ; 101.54;
13 ; 11 ; 9 ; 0.538029 ; 0.037778 ; 0.0624514 ; 100.274;
14 ; 11 ; 9 ; 0.515149 ; 0.0159012 ; -0.027385 ; 101.415;
15 ; 11 ; 9 ; 0.531848 ; 0.000169252 ; 0.0356547 ; 102.212;
16 ; 11 ; 9 ; 0.586029 ; 0.12247 ; 0.153107 ; 105.99;
17 ; 11 ; 9 ; 0.513657 ; -0.00313427 ; 0.0260611 ; 100.283;
18 ; 11 ; 9 ; 0.587295 ; 0.109574 ; 0.0887772 ; 101.053;
19 ; 11 ; 9 ; 0.4951 ; 0.0345805 ; -0.0588623 ; 100.599;
20 ; 11 ; 9 ; 0.49656 ; 0.166594 ; -0.0121026 ; 97.39;
21 ; 11 ; 9 ; 0.63175 ; 0.00656487 ; 0.0182873 ; 98.85;
4 ; 12 ; 9 ; 0.488199 ; 0.0213432 ; 0.0211703 ; 101.15;
5 ; 12 ; 9 ; 0.470979 ; 0.0100728 ; -0.0181147 ; 105.57;
6 ; 12 ; 9 ; 0.503843 ; -0.1506 ; 0.0401889 ; 103.43;
7 ; 12 ; 9 ; 0.601167 ; -0.0398815 ; 0.0778078 ; 98.22;
8 ; 12 ; 9 ; 0.559313 ; 0.100301 ; 0.0675311 ; 99.31;
9 ; 12 ; 9 ; 0.607696 ; 0.0715126 ; 0.0994835 ; 99.2;
10 ; 12 ; 9 ; 0.512015 ; -0.168922 ; 0.0621211 ; 101.4;
11 ; 12 ; 9 ; 0.530122 ; -0.239989 ; -0.0763342 ; 102.57;
12 ; 12 ; 9 ; 0.509567 ; -0.0262866 ; -0.0607598 ; 104.53;
13 ; 12 ; 9 ; 0.5249 ; 0.0219388 ; 0.0890064 ; 99.96;
14 ; 12 ; 9 ; 0.487149 ; -0.00769108 ; -0.0375167 ; 102.91;
15 ; 12 ; 9 ; 0.483013 ; -0.0672926 ; -0.012042 ; 101.37;
16 ; 12 ; 9 ; 0.527512 ; 0.0477013 ; 0.0368297 ; 101.61;
17 ; 12 ; 9 ; 0.510353 ; -0.0689951 ; 0.0867807 ; 98.56;
18 ; 12 ; 9 ; 0.606909 ; 0.159875 ; 0.110965 ; 100.69;
19 ; 12 ; 9 ; 0.469777 ; -0.00312064 ; -0.154038 ; 101.91;
20 ; 12 ; 9 ; 0.539386 ; 0.0477672 ; -0.0862517 ; 102.3;
21 ; 12 ; 9 ; 0.496743 ; 0.0761666 ; 0.104843 ; 102.19;
4 ; 13 ; 9 ; 0.567264 ; -0.0731678 ; -0.0770962 ; 98.41;
5 ; 13 ; 9 ; 0.523655 ; -0.0486111 ; -0.0330481 ; 99.3184;
6 ; 13 ; 9 ; 0.497249 ; -0.090258 ; -0.00642314 ; 101.365;
7 ; 13 ; 9 ; 0.529849 ; -0.0277621 ; 0.032506 ; 100.551;
8 ; 13 ; 9 ; 0.523667 ; 0.0541673 ; 0.0505196 ; 98.69;
9 ; 13 ; 9 ; 0.576764 ; 0.0328802 ; 0.0393195 ; 101.942;
10 ; 13 ; 9 ; 0.515991 ; 0.0424099 ; 0.00948124 ; 101.625;
11 ; 13 ; 9 ; 0.515409 ; 0.0349102 ; -0.0745825 ; 102.503;
12 ; 13 ; 9 ; 0.568573 ; 0.0173424 ; -0.0929061 ; 100.19;
13 ; 13 ; 9 ; 0.566594 ; -0.0991699 ; 0.0116336 ; 101.246;
14 ; 13 ; 9 ; 0.554479 ; -0.116025 ; 0.0423746 ; 101.706;
15 ; 13 ; 9 ; 0.530733 ; -0.0617048 ; 0.00284313 ; 102.184;
16 ; 13 ; 9 ; 0.501641 ; -0.0367261 ; 0.0531154 ; 106.89;
17 ; 13 ; 9 ; 0.56325 ; -0.0654572 ; 0.0155243 ; 100.031;
18 ; 13 ; 9 ; 0.535131 ; -0.0133031 ; 0.0164059 ; 100.963;
19 ; 13 ; 9 ; 0.49567 ; -0.019908 ; 0.046043 ; 102.176;
20 ; 13 ; 9 ; 0.301069 ; -0.0580018 ; -0.0332689 ; 102.66;
21 ; 13 ; 9 ; 0.451716 ; 0.12164 ; 0.0376624 ; 101.32;
4 ; 14 ; 9 ; 0.549399 ; -0.0610584 ; -0.0770368 ; 101.88;
5 ; 14 ; 9 ; 0.529395 ; -0.0262398 ; -0.0147605 ; 100.348;
6 ; 14 ; 9 ; 0.480788 ; -0.0411578 ; -0.0360903 ; 101.591;
7 ; 14 ; 9 ; 0.581188 ; 0.00512742 ; 0.0207918 ; 102.55;
8 ; 14 ; 9 ; 0.640294 ; 0.0340969 ; 0.0162618 ; 100.95;
9 ; 14 ; 9 ; 0.595154 ; -0.0168095 ; 0.0768864 ; 103.752;
10 ; 14 ; 9 ; 0.51794 ; 0.0730306 ; 0.0131121 ; 102.298;
11 ; 14 ; 9 ; 0.521291 ; 0.0802096 ; -0.0146862 ; 102.794;
12 ; 14 ; 9 ; 0.521733 ; 0.124618 ; -0.151844 ; 104.92;
13 ; 14 ; 9 ; 0.540658 ; -0.092444 ; -0.0286809 ; 102.604;
14 ; 14 ; 9 ; 0.554193 ; -0.0859791 ; 0.0229144 ; 102.858;
15 ; 14 ; 9 ; 0.555355 ; -0.051529 ; -0.0077536 ; 100.417;
16 ; 14 ; 9 ; 0.507127 ; -0.0258498 ; -0.145266 ; 98.08;
17 ; 14 ; 9 ; 0.532822 ; -0.0106739 ; -0.0267581 ; 100.231;
18 ; 14 ; 9 ; 0.530368 ; 0.043468 ; -0.0250766 ; 101.001;
19 ; 14 ; 9 ; 0.542755 ; 0.0410413 ; 0.0233012 ; 102.907;
20 ; 14 ; 9 ; 0.618183 ; 0.0409113 ; 0.0701785 ; 103.89;
21 ; 14 ; 9 ; 0.551592 ; 0.15948 ; 0.0817906 ; 102.5;
4 ; 15 ; 9 ; 0.521926 ; -0.108572 ; 0.051935 ; 99.87;
5 ; 15 ; 9 ; 0.564241 ; 0.0422727 ; -0.022941 ; 100.46;
6 ; 15 ; 9 ; 0.483078 ; -0.029925 ; 0.00904944 ; 101.916;
7 ; 15 ; 9 ; 0.566337 ; -0.0388178 ; 0.0603746 ; 102.373;
8 ; 15 ; 9 ; 0.705847 ; 0.0692328 ; 0.0910548 ; 103.67;
9 ; 15 ; 9 ; 0.586899 ; -0.049395 ; 0.0365569 ; 102.918;
10 ; 15 ; 9 ; 0.547836 ; 0.0103441 ; 0.0471586 ; 102.627;
11 ; 15 ; 9 ; 0.562897 ; 0.00883173 ; 0.0970072 ; 102.172;
12 ; 15 ; 9 ; 0.556245 ; 0.0139339 ; 0.116601 ; 103.15;
13 ; 15 ; 9 ; 0.520717 ; -0.0358387 ; -0.0162782 ; 100.058;
14 ; 15 ; 9 ; 0.590811 ; -0.0297558 ; -0.00584281 ; 100.892;
15 ; 15 ; 9 ; 0.583932 ; 0.0180727 ; -0.00663335 ; 101.761;
16 ; 15 ; 9 ; 0.560095 ; -0.113391 ; -0.00211337 ; 100.08;
17 ; 15 ; 9 ; 0.527871 ; 0.00776186 ; -0.0152645 ; 100.127;
18 ; 15 ; 9 ; 0.525486 ; 0.00928985 ; -0.0473753 ; 100.962;
19 ; 15 ; 9 ; 0.518459 ; 0.0484939 ; -0.055246 ; 102.366;
20 ; 15 ; 9 ; 0.521977 ; 0.00849483 ; 0.0125187 ; 102.25;
21 ; 15 ; 9 ; 0.576392 ; -0.0688288 ; 0.0360578 ; 99.14;
4 ; 16 ; 9 ; 0.519435 ; 0.00357121 ; 0.00605852 ; 99.2;
5 ; 16 ; 9 ; 0.556546 ; 0.0713758 ; -0.0054102 ; 100.975;
6 ; 16 ; 9 ; 0.509727 ; -0.0409216 ; -0.0134925 ; 100.8;
7 ; 16 ; 9 ; 0.525404 ; -0.0848429 ; 0.0238229 ; 100.181;
8 ; 16 ; 9 ; 0.643917 ; -0.0981027 ; 0.0949587 ; 101.15;
9 ; 16 ; 9 ; 0.607332 ; -0.0393692 ; 0.0262275 ; 103.599;
10 ; 16 ; 9 ; 0.596723 ; -0.0570191 ; 0.0418274 ; 102.179;
11 ; 16 ; 9 ; 0.542366 ; -0.0105032 ; 0.0590276 ; 102.334;
12 ; 16 ; 9 ; 0.582467 ; -0.0670164 ; 0.132255 ; 101.91;
13 ; 16 ; 9 ; 0.528616 ; -0.00443394 ; -0.0232596 ; 99.921;
14 ; 16 ; 9 ; 0.524808 ; -0.0316325 ; -0.0133651 ; 100.297;
15 ; 16 ; 9 ; 0.521281 ; 0.0252726 ; -0.0242982 ; 101.649;
16 ; 16 ; 9 ; 0.527594 ; 0.113293 ; -0.0165577 ; 104.6;
17 ; 16 ; 9 ; 0.454536 ; 0.00255514 ; 0.00371873 ; 102.196;
18 ; 16 ; 9 ; 0.45112 ; 0.0593448 ; -0.0284718 ; 102.581;
19 ; 16 ; 9 ; 0.505837 ; 0.0282696 ; -0.056455 ; 102.497;
20 ; 16 ; 9 ; 0.564905 ; 0.0849639 ; -0.0794632 ; 101.07;
21 ; 16 ; 9 ; 0.404718 ; -0.0823713 ; 0.0879608 ; 102.72;
4 ; 17 ; 9 ; 0.581962 ; -0.0531833 ; 0.067005 ; 101.26;
5 ; 17 ; 9 ; 0.446631 ; 0.0172662 ; 0.0217811 ; 100.974;
6 ; 17 ; 9 ; 0.531234 ; 0.00702591 ; -0.0776854 ; 100.809;
7 ; 17 ; 9 ; 0.574016 ; -0.0219362 ; -0.0122209 ; 98.0542;
8 ; 17 ; 9 ; 0.475172 ; -0.0874793 ; 0.0368143 ; 99.71;
9 ; 17 ; 9 ; 0.582226 ; 0.038979 ; 0.132119 ; 105.4;
10 ; 17 ; 9 ; 0.60569 ; 0.00675229 ; 0.0536774 ; 101.144;
11 ; 17 ; 9 ; 0.514205 ; 0.0566081 ; 0.0174656 ; 101.41;
12 ; 17 ; 9 ; 0.401158 ; 0.0544167 ; -0.02627 ; 105.93;
13 ; 17 ; 9 ; 0.500865 ; 0.0797063 ; -0.0645361 ; 102;
14 ; 17 ; 9 ; 0.497833 ; -0.0298775 ; 0.0500809 ; 100.027;
15 ; 17 ; 9 ; 0.521174 ; -0.0262149 ; 0.0825174 ; 100.185;
16 ; 17 ; 9 ; 0.437316 ; 0.0725601 ; -0.0633918 ; 101.46;
17 ; 17 ; 9 ; 0.459194 ; -0.023399 ; 0.0141588 ; 101.248;
18 ; 17 ; 9 ; 0.511125 ; 0.0699626 ; 0.016151 ; 102.69;
19 ; 17 ; 9 ; 0.469858 ; 0.115644 ; 0.0412778 ; 99.4481;
20 ; 17 ; 9 ; 0.571437 ; -0.107172 ; -0.0440695 ; 101.7;
21 ; 17 ; 9 ; 0.569128 ; -0.083969 ; -0.0875769 ; 102.39;
4 ; 18 ; 9 ; 0.583413 ; -0.0777705 ; 0.229569 ; 101.39;
5 ; 18 ; 9 ; 0.384086 ; -0.0479651 ; 0.0431166 ; 100.43;
6 ; 18 ; 9 ; 0.546672 ; 0.0240694 ; -0.0786909 ; 101.67;
7 ; 18 ; 9 ; 0.636478 ; 0.0153111 ; -0.00036783 ; 96.95;
8 ; 18 ; 9 ; 0.659733 ; 0.0412683 ; 0.0246146 ; 101.51;
9 ; 18 ; 9 ; 0.548261 ; 0.114575 ; 0.190687 ; 105.62;
10 ; 18 ; 9 ; 0.607167 ; 0.0694773 ; 0.0772712 ; 100.78;
11 ; 18 ; 9 ; 0.531712 ; 0.0855608 ; 0.0314893 ; 100.82;
12 ; 18 ; 9 ; 0.401703 ; -0.01891 ; -0.116012 ; 101.78;
13 ; 18 ; 9 ; 0.483223 ; 0.125206 ; -0.0616937 ; 102.11;
14 ; 18 ; 9 ; 0.533321 ; -0.0327043 ; 0.134345 ; 98.87;
15 ; 18 ; 9 ; 0.568677 ; -0.0409224 ; 0.187531 ; 99.63;
16 ; 18 ; 9 ; 0.541168 ; -0.017086 ; -0.0221986 ; 104.68;
17 ; 18 ; 9 ; 0.508435 ; -0.039398 ; 0.0347491 ; 98.46;
18 ; 18 ; 9 ; 0.614789 ; 0.0343835 ; 0.0539535 ; 101.83;
19 ; 18 ; 9 ; 0.455355 ; 0.215653 ; 0.110252 ; 96.72;
20 ; 18 ; 9 ; 0.663547 ; -0.0113547 ; 0.107998 ; 105.06;
21 ; 18 ; 9 ; 0.548711 ; 0.0562423 ; -0.00937372 ; 101.27;
4 ; 19 ; 9 ; 0.677464 ; 0.0233645 ; -0.0807629 ; 98.89;
5 ; 19 ; 9 ; 0.520946 ; 0.0857148 ; 0.0597463 ; 100.688;
6 ; 19 ; 9 ; 0.515517 ; 0.000234701 ; -0.0011154 ; 99.9268;
7 ; 19 ; 9 ; 0.507831 ; -0.122046 ; -0.0235471 ; 100.442;
8 ; 19 ; 9 ; 0.556701 ; -0.103425 ; 0.00312073 ; 98.29;
9 ; 19 ; 9 ; 0.532949 ; -0.00717784 ; -0.0689722 ; 100.827;
10 ; 19 ; 9 ; 0.518558 ; -0.000427094 ; -0.0230843 ; 100.905;
11 ; 19 ; 9 ; 0.511101 ; -0.0290757 ; 0.0213902 ; 100.301;
12 ; 19 ; 9 ; 0.52839 ; -0.044105 ; 0.061326 ; 95.76;
13 ; 19 ; 9 ; 0.577541 ; 0.0452023 ; 0.0334396 ; 100.147;
14 ; 19 ; 9 ; 0.515088 ; 0.03442 ; -0.0126233 ; 102.16;
15 ; 19 ; 9 ; 0.437163 ; -0.0222543 ; -0.0234811 ; 101.843;
16 ; 19 ; 9 ; 0.526151 ; -0.0279414 ; -0.0494872 ; 98.31;
17 ; 19 ; 9 ; 0.564388 ; 0.0503199 ; 0.0188982 ; 101.062;
18 ; 19 ; 9 ; 0.544301 ; -0.00911427 ; 0.0914505 ; 100.694;
19 ; 19 ; 9 ; 0.508041 ; -0.0440292 ; 0.0451801 ; 101.988;
20 ; 19 ; 9 ; 0.385833 ; -0.0911844 ; 0.0223812 ; 101.55;
21 ; 19 ; 9 ; 0.566427 ; -0.00916363 ; -0.0194844 ; 95.13;
4 ; 20 ; 9 ; 0.575834 ; 0.0620104 ; -0.000969965 ; 104.37;
5 ; 20 ; 9 ; 0.446953 ; 0.0963894 ; 0.0375507 ; 101.184;
6 ; 20 ; 9 ; 0.532293 ; 0.0137519 ; -0.0368642 ; 98.2411;
7 ; 20 ; 9 ; 0.485135 ; -0.0678271 ; -0.000710971 ; 102.424;
8 ; 20 ; 9 ; 0.49237 ; -0.153433 ; -0.00142606 ; 102.42;
9 ; 20 ; 9 ; 0.391292 ; -0.086507 ; 0.00923052 ; 100.969;
10 ; 20 ; 9 ; 0.541027 ; 0.0260147 ; -0.0103263 ; 102.562;
11 ; 20 ; 9 ; 0.47586 ; 0.00825505 ; -0.0362735 ; 102.473;
12 ; 20 ; 9 ; 0.508024 ; -0.13084 ; -0.0206881 ; 104.61;
13 ; 20 ; 9 ; 0.539879 ; 0.0549422 ; 0.0285023 ; 102.814;
14 ; 20 ; 9 ; 0.482855 ; 0.0865926 ; -0.00543972 ; 103.504;
15 ; 20 ; 9 ; 0.42012 ; 0.0282287 ; -0.0147082 ; 102.898;
16 ; 20 ; 9 ; 0.28741 ; -0.0467469 ; 0.0815733 ; 102.85;
17 ; 20 ; 9 ; 0.553114 ; 0.0649808 ; -0.0185868 ; 101.061;
18 ; 20 ; 9 ; 0.506927 ; -0.00246084 ; 0.0590177 ; 100.447;
19 ; 20 ; 9 ; 0.484867 ; -0.124985 ; -0.00599465 ; 102.594;
20 ; 20 ; 9 ; 0.576087 ; 0.0147091 ; -0.0590685 ; 104.93;
21 ; 20 ; 9 ; 0.448922 ; 0.0998671 ; 0.110271 ; 100.2;
4 ; 21 ; 9 ; 0.447455 ; 0.031042 ; 0.0258537 ; 100.95;
5 ; 21 ; 9 ; 0.406398 ; 0.128759 ; 0.0259448 ; 103.84;
6 ; 21 ; 9 ; 0.54909 ; 0.0377765 ; -0.0863547 ; 98.64;
7 ; 21 ; 9 ; 0.475999 ; -0.0111688 ; -0.00778389 ; 103.37;
8 ; 21 ; 9 ; 0.56022 ; 0.00996312 ; 0.0484134 ; 103.85;
9 ; 21 ; 9 ; 0.350367 ; -0.165313 ; 0.1137 ; 101.19;
10 ; 21 ; 9 ; 0.561245 ; 0.0194462 ; 0.0334019 ; 105.15;
11 ; 21 ; 9 ; 0.42702 ; 0.0404439 ; -0.0505225 ; 103.4;
12 ; 21 ; 9 ; 0.599206 ; 0.136826 ; 0.0369305 ; 99.23;
13 ; 21 ; 9 ; 0.486611 ; 0.0983726 ; 0.00531902 ; 105.08;
14 ; 21 ; 9 ; 0.468916 ; 0.114514 ; 0.00217784 ; 104.5;
15 ; 21 ; 9 ; 0.474632 ; 0.0514685 ; -0.0333378 ; 103.28;
16 ; 21 ; 9 ; 0.401575 ; 0.0817482 ; -0.057768 ; 101.4;
17 ; 21 ; 9 ; 0.617086 ; 0.034302 ; -0.0396681 ; 100.96;
18 ; 21 ; 9 ; 0.53564 ; 0.0262343 ; 0.0256474 ; 99.28;
19 ; 21 ; 9 ; 0.431853 ; -0.171875 ; -0.031782 ; 101.61;
20 ; 21 ; 9 ; 0.506749 ; 0.0174271 ; 0.0748694 ; 100.59;
21 ; 21 ; 9 ; 0.484009 ; -0.0821435 ; -0.0218681 ; 104.34;
4 ; 4 ; 10 ; 0.495184 ; -0.00486188 ; -0.0222297 ; 102.41;
5 ; 4 ; 10 ; 0.382739 ; 0.0265632 ; 0.0362434 ; 99.9724;
6 ; 4 ; 10 ; 0.362062 ; 0.0650787 ; 0.0360365 ; 99.7151;
7 ; 4 ; 10 ; 0.381842 ; 0.0585095 ; 0.0359353 ; 101.682;
8 ; 4 ; 10 ; 0.455383 ; 0.0587784 ; 0.0238181 ; 105.53;
9 ; 4 ; 10 ; 0.470853 ; -0.023318 ; -0.0273581 ; 100.003;
10 ; 4 ; 10 ; 0.458436 ; 0.0018833 ; -0.0207757 ; 100.457;
11 ; 4 ; 10 ; 0.43756 ; -0.0119271 ; 0.0319471 ; 100.917;
12 ; 4 ; 10 ; 0.34455 ; -0.166649 ; -0.0012226 ; 99.91;
13 ; 4 ; 10 ; 0.402636 ; -0.0401574 ; -0.0239058 ; 102.269;
14 ; 4 ; 10 ; 0.460117 ; -0.00999898 ; -0.00379688 ; 101.944;
15 ; 4 ; 10 ; 0.488541 ; -0.0169202 ; 0.00457441 ; 102.441;
16 ; 4 ; 10 ; 0.499623 ; -0.0740254 ; -0.0210463 ; 106.33;
17 ; 4 ; 10 ; 0.456919 ; -0.00899262 ; -0.0855579 ; 101.575;
18 ; 4 ; 10 ; 0.45091 ; -0.0419358 ; -0.0796997 ; 99.9657;
19 ; 4 ; 10 ; 0.450421 ; -0.0631841 ; 0.0511583 ; 100.547;
20 ; 4 ; 10 ; 0.460063 ; -0.0184934 ; 0.178256 ; 103.86;
21 ; 4 ; 10 ; 0.566025 ; -0.0632179 ; -0.0219064 ; 97.74;
4 ; 5 ; 10 ; 0.503508 ; -0.00374971 ; -0.0303543 ; 100.97;
5 ; 5 ; 10 ; 0.39341 ; 0.00841317 ; -0.0266752 ; 99.4746;
6 ; 5 ; 10 ; 0.38177 ; 0.062011 ; -0.00430221 ; 99.3737;
7 ; 5 ; 10 ; 0.389652 ; 0.0582598 ; -0.0142079 ; 101.002;
8 ; 5 ; 10 ; 0.404559 ; 0.039907 ; 0.0518817 ; 103.46;
9 ; 5 ; 10 ; 0.489347 ; -0.0761043 ; -0.0103199 ; 101.834;
10 ; 5 ; 10 ; 0.483464 ; -0.00469134 ; -0.0170827 ; 101.096;
11 ; 5 ; 10 ; 0.469362 ; 0.0199064 ; 0.0217101 ; 101.921;
12 ; 5 ; 10 ; 0.411063 ; -0.0412564 ; 0.0517382 ; 101.141;
13 ; 5 ; 10 ; 0.381334 ; -0.0619357 ; 0.0529886 ; 106.035;
14 ; 5 ; 10 ; 0.437981 ; -0.0385176 ; 0.00654462 ; 102.865;
15 ; 5 ; 10 ; 0.46988 ; -0.0368101 ; -0.00699814 ; 101.58;
16 ; 5 ; 10 ; 0.488065 ; -0.0574456 ; 0.0129181 ; 103.468;
17 ; 5 ; 10 ; 0.498653 ; 0.0580382 ; -0.092198 ; 103.579;
18 ; 5 ; 10 ; 0.494411 ; -0.0184742 ; -0.0761186 ; 101.278;
19 ; 5 ; 10 ; 0.474212 ; -0.0483045 ; 0.0165356 ; 101.054;
20 ; 5 ; 10 ; 0.470576 ; -0.0427022 ; 0.138785 ; 102.5;
21 ; 5 ; 10 ; 0.488681 ; -0.0317083 ; 0.139568 ; 97;
4 ; 6 ; 10 ; 0.463819 ; 0.019407 ; -0.112043 ; 102.29;
5 ; 6 ; 10 ; 0.42442 ; 0.00191572 ; -0.000284043 ; 99.06;
6 ; 6 ; 10 ; 0.386296 ; 0.0502686 ; -0.0553782 ; 99.1932;
7 ; 6 ; 10 ; 0.38354 ; 0.047178 ; -0.0498538 ; 100.032;
8 ; 6 ; 10 ; 0.37353 ; -0.00998458 ; 0.0469308 ; 101.658;
9 ; 6 ; 10 ; 0.519215 ; -0.0960083 ; 0.0731046 ; 102.73;
10 ; 6 ; 10 ; 0.498143 ; -0.00795887 ; -0.0241366 ; 101.698;
11 ; 6 ; 10 ; 0.504255 ; 0.0664754 ; 0.0224832 ; 102.918;
12 ; 6 ; 10 ; 0.474471 ; 0.0713479 ; 0.0687051 ; 104.13;
13 ; 6 ; 10 ; 0.430624 ; -0.100981 ; 0.101108 ; 109.75;
14 ; 6 ; 10 ; 0.389294 ; -0.0595192 ; 0.0200286 ; 103.045;
15 ; 6 ; 10 ; 0.441741 ; -0.0533677 ; -0.00193554 ; 100.266;
16 ; 6 ; 10 ; 0.479054 ; -0.0125027 ; 0.0265866 ; 100.361;
17 ; 6 ; 10 ; 0.555561 ; 0.114249 ; -0.0318095 ; 107.32;
18 ; 6 ; 10 ; 0.520813 ; -0.00685275 ; -0.0785297 ; 102.156;
19 ; 6 ; 10 ; 0.496639 ; -0.0418819 ; -0.0168489 ; 101.283;
20 ; 6 ; 10 ; 0.449686 ; -0.0213638 ; 0.034668 ; 101.939;
21 ; 6 ; 10 ; 0.316652 ; -0.000811277 ; 0.0121689 ; 103.36;
4 ; 7 ; 10 ; 0.445163 ; 0.0223443 ; -0.00241682 ; 100.26;
5 ; 7 ; 10 ; 0.460848 ; 0.0784047 ; -0.0162437 ; 100.733;
6 ; 7 ; 10 ; 0.452621 ; 0.0222453 ; -0.00908928 ; 99.7678;
7 ; 7 ; 10 ; 0.433745 ; -0.0536688 ; 0.0109529 ; 100.869;
8 ; 7 ; 10 ; 0.423801 ; -0.0818243 ; 0.0690813 ; 101.69;
9 ; 7 ; 10 ; 0.491351 ; 0.0628863 ; -0.0143137 ; 100.44;
10 ; 7 ; 10 ; 0.432142 ; 0.030844 ; -0.0208332 ; 99.8682;
11 ; 7 ; 10 ; 0.351215 ; -0.0502828 ; 0.0247443 ; 98.6523;
12 ; 7 ; 10 ; 0.265003 ; -0.189191 ; 0.05175 ; 99.65;
13 ; 7 ; 10 ; 0.368397 ; 0.0640364 ; 0.0764377 ; 101.647;
14 ; 7 ; 10 ; 0.368531 ; 0.0519169 ; 0.0585315 ; 101.565;
15 ; 7 ; 10 ; 0.415605 ; 0.0415185 ; 0.00776749 ; 101.442;
16 ; 7 ; 10 ; 0.598554 ; -0.0585443 ; -0.0423794 ; 101.88;
17 ; 7 ; 10 ; 0.460261 ; -0.0400692 ; 0.00661002 ; 102.033;
18 ; 7 ; 10 ; 0.406626 ; 0.0129881 ; 0.0525374 ; 102.295;
19 ; 7 ; 10 ; 0.411716 ; 0.0360496 ; 0.0479244 ; 101.415;
20 ; 7 ; 10 ; 0.468554 ; 0.0611967 ; 0.0135227 ; 105.31;
21 ; 7 ; 10 ; 0.440785 ; -0.0310437 ; 0.0117627 ; 104.92;
4 ; 8 ; 10 ; 0.48412 ; 0.0453354 ; 0.0830073 ; 105.57;
5 ; 8 ; 10 ; 0.448617 ; 0.0374643 ; 0.0245019 ; 97.5891;
6 ; 8 ; 10 ; 0.445473 ; 0.0113002 ; -0.00151938 ; 99.3386;
7 ; 8 ; 10 ; 0.438082 ; -0.049325 ; 0.00101518 ; 101.035;
8 ; 8 ; 10 ; 0.423079 ; -0.0798558 ; 0.0311881 ; 102.628;
9 ; 8 ; 10 ; 0.507903 ; 0.069238 ; -0.102274 ; 101.758;
10 ; 8 ; 10 ; 0.452832 ; 0.0310995 ; -0.0485087 ; 100.531;
11 ; 8 ; 10 ; 0.388694 ; -0.0460266 ; 0.00348862 ; 99.4288;
12 ; 8 ; 10 ; 0.343698 ; -0.101752 ; 0.063842 ; 98.5617;
13 ; 8 ; 10 ; 0.355933 ; 0.0498222 ; 0.0354528 ; 102.286;
14 ; 8 ; 10 ; 0.363262 ; 0.0545656 ; 0.027285 ; 101.793;
15 ; 8 ; 10 ; 0.38387 ; 0.0524442 ; -0.0376365 ; 101.691;
16 ; 8 ; 10 ; 0.486442 ; 0.016715 ; -0.0160046 ; 101.563;
17 ; 8 ; 10 ; 0.403963 ; -0.0450176 ; -0.0175635 ; 99.8289;
18 ; 8 ; 10 ; 0.408157 ; 0.00423573 ; 0.0235619 ; 101.331;
19 ; 8 ; 10 ; 0.424059 ; 0.049496 ; 0.0236797 ; 100.651;
20 ; 8 ; 10 ; 0.442205 ; 0.050353 ; 0.0244533 ; 103.01;
21 ; 8 ; 10 ; 0.57534 ; -0.0441498 ; 0.0444741 ; 103.23;
4 ; 9 ; 10 ; 0.509343 ; 0.0635655 ; 0.0734226 ; 98.95;
5 ; 9 ; 10 ; 0.436555 ; -0.0618493 ; -0.00193784 ; 98.8979;
6 ; 9 ; 10 ; 0.44501 ; -0.00931143 ; 0.00701889 ; 99.4495;
7 ; 9 ; 10 ; 0.448665 ; -0.0101696 ; 0.000958787 ; 101.567;
8 ; 9 ; 10 ; 0.4427 ; -0.0753179 ; -0.0134706 ; 103.698;
9 ; 9 ; 10 ; 0.471372 ; 0.0297959 ; -0.0748034 ; 100.138;
10 ; 9 ; 10 ; 0.460201 ; 0.0225121 ; -0.0534814 ; 100.766;
11 ; 9 ; 10 ; 0.436859 ; -0.0245607 ; -0.00121816 ; 100.53;
12 ; 9 ; 10 ; 0.442934 ; -0.0492706 ; 0.0403398 ; 99.3638;
13 ; 9 ; 10 ; 0.385337 ; 0.0482612 ; -0.0367732 ; 103.721;
14 ; 9 ; 10 ; 0.352069 ; 0.065488 ; -0.00813069 ; 102.888;
15 ; 9 ; 10 ; 0.344833 ; 0.0638355 ; -0.0727561 ; 102.956;
16 ; 9 ; 10 ; 0.336211 ; 0.0769838 ; -0.0902725 ; 102.192;
17 ; 9 ; 10 ; 0.392439 ; -0.0154514 ; 0.0043308 ; 100.8;
18 ; 9 ; 10 ; 0.41038 ; -0.00115973 ; -0.00286742 ; 100.407;
19 ; 9 ; 10 ; 0.438123 ; 0.0521266 ; -0.007639 ; 99.7812;
20 ; 9 ; 10 ; 0.452781 ; 0.0865894 ; 0.00141955 ; 100.577;
21 ; 9 ; 10 ; 0.557556 ; 0.106792 ; -0.0964059 ; 105.33;
4 ; 10 ; 10 ; 0.38624 ; -0.0429308 ; -0.0278719 ; 101.62;
5 ; 10 ; 10 ; 0.486761 ; -0.0843343 ; -0.0108921 ; 100.435;
6 ; 10 ; 10 ; 0.445784 ; -0.0254395 ; -0.0105895 ; 100.223;
7 ; 10 ; 10 ; 0.447617 ; 0.0177284 ; -0.0163581 ; 101.553;
8 ; 10 ; 10 ; 0.485977 ; 0.0173014 ; 0.017094 ; 103.482;
9 ; 10 ; 10 ; 0.492413 ; -0.0196669 ; 0.0323118 ; 98.9775;
10 ; 10 ; 10 ; 0.471131 ; -0.0177343 ; -0.00517258 ; 99.9181;
11 ; 10 ; 10 ; 0.453706 ; -0.0382484 ; 0.0302814 ; 100.832;
12 ; 10 ; 10 ; 0.44728 ; -0.0686285 ; 0.0344803 ; 102.587;
13 ; 10 ; 10 ; 0.469301 ; 0.0216371 ; -0.0101676 ; 103.483;
14 ; 10 ; 10 ; 0.41082 ; 0.036038 ; -0.0252938 ; 103.763;
15 ; 10 ; 10 ; 0.406489 ; 0.00958757 ; -0.0595475 ; 103.917;
16 ; 10 ; 10 ; 0.362843 ; 0.0307293 ; -0.1312 ; 104.132;
17 ; 10 ; 10 ; 0.433489 ; 0.0207407 ; -0.0567914 ; 101.824;
18 ; 10 ; 10 ; 0.424339 ; 0.016259 ; -0.0365288 ; 100.914;
19 ; 10 ; 10 ; 0.46483 ; 0.0419302 ; -0.0269102 ; 100.42;
20 ; 10 ; 10 ; 0.490877 ; 0.0805258 ; -0.0390188 ; 100.66;
21 ; 10 ; 10 ; 0.391404 ; -0.0999248 ; -0.0508465 ; 99.18;
4 ; 11 ; 10 ; 0.47394 ; -0.0429502 ; 0.0148119 ; 100.27;
5 ; 11 ; 10 ; 0.533555 ; 0.0431752 ; 0.0574577 ; 98.9195;
6 ; 11 ; 10 ; 0.475701 ; 0.00529785 ; -0.0121057 ; 99.9813;
7 ; 11 ; 10 ; 0.444739 ; 0.0103141 ; -0.0296334 ; 101.039;
8 ; 11 ; 10 ; 0.459252 ; 0.0703096 ; -0.0260088 ; 102.195;
9 ; 11 ; 10 ; 0.517269 ; -0.00933999 ; 0.0146823 ; 99.8778;
10 ; 11 ; 10 ; 0.513826 ; -0.00937819 ; 0.0490888 ; 99.2755;
11 ; 11 ; 10 ; 0.509142 ; -0.0112261 ; 0.0721853 ; 99.8293;
12 ; 11 ; 10 ; 0.467517 ; -0.0340673 ; 0.07039 ; 102.081;
13 ; 11 ; 10 ; 0.440969 ; 0.016273 ; -0.0477669 ; 101.919;
14 ; 11 ; 10 ; 0.45113 ; 0.024455 ; 0.00142965 ; 102.804;
15 ; 11 ; 10 ; 0.459273 ; -0.0231177 ; -0.00314414 ; 103.261;
16 ; 11 ; 10 ; 0.452989 ; -0.0385748 ; -0.0119654 ; 103.499;
17 ; 11 ; 10 ; 0.478444 ; 0.0272937 ; -0.0435741 ; 100.9;
18 ; 11 ; 10 ; 0.451906 ; 0.0137919 ; -0.0405583 ; 100.751;
19 ; 11 ; 10 ; 0.483231 ; 0.0109194 ; -0.0307597 ; 99.8546;
20 ; 11 ; 10 ; 0.498668 ; 0.0143309 ; -0.0143574 ; 101.097;
21 ; 11 ; 10 ; 0.462494 ; 0.0530432 ; 0.0189436 ; 103.14;
4 ; 12 ; 10 ; 0.464078 ; 0.00454016 ; -0.133316 ; 99.53;
5 ; 12 ; 10 ; 0.561623 ; 0.134853 ; 0.0973984 ; 97.77;
6 ; 12 ; 10 ; 0.487042 ; 0.0258655 ; -0.0102339 ; 99.3281;
7 ; 12 ; 10 ; 0.441629 ; -0.0150081 ; -0.045981 ; 100.568;
8 ; 12 ; 10 ; 0.430273 ; -0.0425332 ; -0.017253 ; 101.29;
9 ; 12 ; 10 ; 0.476593 ; 0.0181157 ; -0.0208729 ; 100.2;
10 ; 12 ; 10 ; 0.555894 ; 0.00167262 ; 0.0560292 ; 99.4274;
11 ; 12 ; 10 ; 0.550351 ; -0.00429432 ; 0.0793284 ; 99.3611;
12 ; 12 ; 10 ; 0.50334 ; -0.0591244 ; 0.0243331 ; 99.8453;
13 ; 12 ; 10 ; 0.347506 ; 0.0521988 ; -0.0894118 ; 100.98;
14 ; 12 ; 10 ; 0.47839 ; 0.012716 ; 0.00716963 ; 101.774;
15 ; 12 ; 10 ; 0.486162 ; -0.0404645 ; 0.00793538 ; 102.337;
16 ; 12 ; 10 ; 0.484536 ; -0.084787 ; 0.00227336 ; 102.566;
17 ; 12 ; 10 ; 0.499006 ; 0.0208904 ; 0.045933 ; 100.55;
18 ; 12 ; 10 ; 0.469448 ; 0.00664613 ; -0.055179 ; 100.246;
19 ; 12 ; 10 ; 0.49928 ; 0.00353071 ; -0.0384179 ; 99.2567;
20 ; 12 ; 10 ; 0.523816 ; 0.0227822 ; -0.0476409 ; 101.717;
21 ; 12 ; 10 ; 0.491143 ; 0.0616543 ; -0.0702417 ; 98.84;
4 ; 13 ; 10 ; 0.342489 ; 0.0928776 ; -0.105719 ; 96.92;
5 ; 13 ; 10 ; 0.441443 ; -0.0224375 ; -0.0639179 ; 102.433;
6 ; 13 ; 10 ; 0.457468 ; -0.00802735 ; -0.040675 ; 101.945;
7 ; 13 ; 10 ; 0.492951 ; 0.0134352 ; -0.0282059 ; 102.078;
8 ; 13 ; 10 ; 0.560602 ; 0.0195667 ; -0.0107519 ; 102.36;
9 ; 13 ; 10 ; 0.497283 ; 0.00833269 ; 0.0685857 ; 101.955;
10 ; 13 ; 10 ; 0.504087 ; 0.0292026 ; 0.00421695 ; 103.49;
11 ; 13 ; 10 ; 0.497177 ; 0.0434026 ; -0.0585191 ; 103.967;
12 ; 13 ; 10 ; 0.446051 ; 0.0207836 ; -0.105811 ; 99.13;
13 ; 13 ; 10 ; 0.421751 ; 0.0539374 ; -0.0312225 ; 101.299;
14 ; 13 ; 10 ; 0.438895 ; 0.0343436 ; -0.0121177 ; 100.416;
15 ; 13 ; 10 ; 0.471947 ; -0.0152606 ; -0.0561875 ; 100.098;
16 ; 13 ; 10 ; 0.479849 ; 0.0311755 ; -0.0373341 ; 99.48;
17 ; 13 ; 10 ; 0.424835 ; 0.0385712 ; -0.00620012 ; 97.9734;
18 ; 13 ; 10 ; 0.399814 ; 0.0129723 ; 0.0276953 ; 97.6713;
19 ; 13 ; 10 ; 0.402467 ; 0.0415655 ; 0.0439367 ; 98.3573;
20 ; 13 ; 10 ; 0.387231 ; 0.0708095 ; -0.0259915 ; 98.33;
21 ; 13 ; 10 ; 0.43554 ; -0.00571568 ; 0.101948 ; 102.86;
4 ; 14 ; 10 ; 0.362873 ; 0.125254 ; -0.0560526 ; 96.21;
5 ; 14 ; 10 ; 0.529668 ; -0.0102458 ; -0.0821427 ; 103.209;
6 ; 14 ; 10 ; 0.491066 ; -0.0116851 ; -0.0599316 ; 102.431;
7 ; 14 ; 10 ; 0.502087 ; 0.00533635 ; -0.0383305 ; 102.355;
8 ; 14 ; 10 ; 0.527839 ; 0.0324817 ; -0.028862 ; 102.599;
9 ; 14 ; 10 ; 0.498179 ; 0.00704825 ; 0.115037 ; 100.401;
10 ; 14 ; 10 ; 0.485193 ; 0.0233227 ; 0.0384686 ; 102.793;
11 ; 14 ; 10 ; 0.473935 ; 0.0208633 ; -0.025857 ; 103.466;
12 ; 14 ; 10 ; 0.497347 ; 0.0463355 ; -0.0759093 ; 101.909;
13 ; 14 ; 10 ; 0.376548 ; 0.00744982 ; -0.0348906 ; 100.608;
14 ; 14 ; 10 ; 0.415642 ; 0.00740032 ; -0.014659 ; 100.446;
15 ; 14 ; 10 ; 0.455185 ; -0.0267146 ; -0.0491435 ; 100.364;
16 ; 14 ; 10 ; 0.482313 ; -0.0276408 ; -0.0611203 ; 99.9323;
17 ; 14 ; 10 ; 0.392894 ; 0.071741 ; 0.00305666 ; 99.2602;
18 ; 14 ; 10 ; 0.389601 ; 0.0252502 ; 0.0119513 ; 98.9841;
19 ; 14 ; 10 ; 0.397408 ; 0.0328565 ; 0.0203268 ; 99.5476;
20 ; 14 ; 10 ; 0.417222 ; 0.0474173 ; 0.0185874 ; 100.065;
21 ; 14 ; 10 ; 0.46759 ; 0.035333 ; 0.126992 ; 98.49;
4 ; 15 ; 10 ; 0.433267 ; 0.228612 ; 0.05268 ; 102.11;
5 ; 15 ; 10 ; 0.523426 ; 0.00663448 ; -0.0433768 ; 101.014;
6 ; 15 ; 10 ; 0.514219 ; 0.000388426 ; -0.0562429 ; 102.253;
7 ; 15 ; 10 ; 0.492503 ; 0.00864787 ; -0.0263448 ; 102.351;
8 ; 15 ; 10 ; 0.497685 ; 0.00780443 ; -0.0331318 ; 102.566;
9 ; 15 ; 10 ; 0.490501 ; 0.0240257 ; 0.100229 ; 101.733;
10 ; 15 ; 10 ; 0.461879 ; 0.0234882 ; 0.0857384 ; 102.087;
11 ; 15 ; 10 ; 0.446561 ; 0.00123679 ; 0.0324792 ; 102.68;
12 ; 15 ; 10 ; 0.478251 ; 0.00810473 ; -0.023932 ; 104.014;
13 ; 15 ; 10 ; 0.354424 ; 0.00954602 ; 0.0363367 ; 101.553;
14 ; 15 ; 10 ; 0.389017 ; -0.019179 ; -0.00120978 ; 101.038;
15 ; 15 ; 10 ; 0.433405 ; -0.0294892 ; -0.0284884 ; 101.222;
16 ; 15 ; 10 ; 0.451681 ; -0.0755649 ; -0.0526497 ; 100.93;
17 ; 15 ; 10 ; 0.397739 ; 0.0428077 ; -0.0545801 ; 101.248;
18 ; 15 ; 10 ; 0.390621 ; 0.0420113 ; -0.0291811 ; 100.904;
19 ; 15 ; 10 ; 0.398322 ; 0.03072 ; -0.0307897 ; 101.143;
20 ; 15 ; 10 ; 0.427021 ; -0.00305201 ; 0.028691 ; 101.579;
21 ; 15 ; 10 ; 0.394446 ; -0.0702437 ; 0.0269643 ; 100.03;
4 ; 16 ; 10 ; 0.382862 ; 0.0244721 ; 0.128052 ; 103.02;
5 ; 16 ; 10 ; 0.425491 ; -0.0160674 ; -0.0148991 ; 99.3049;
6 ; 16 ; 10 ; 0.454864 ; 0.01038 ; -0.0222209 ; 100.925;
7 ; 16 ; 10 ; 0.438397 ; 0.0228178 ; -0.000262546 ; 101.499;
8 ; 16 ; 10 ; 0.488897 ; -0.0127072 ; 0.0136881 ; 101.754;
9 ; 16 ; 10 ; 0.458123 ; 0.0304055 ; 0.00902887 ; 102.961;
10 ; 16 ; 10 ; 0.454223 ; 0.0374775 ; 0.0463326 ; 102.196;
11 ; 16 ; 10 ; 0.439044 ; 0.00732544 ; 0.0280639 ; 101.939;
12 ; 16 ; 10 ; 0.418895 ; -0.042411 ; 0.0198481 ; 101.938;
13 ; 16 ; 10 ; 0.440683 ; 0.0636472 ; -0.0193072 ; 101.054;
14 ; 16 ; 10 ; 0.409953 ; -0.00105132 ; 0.00128173 ; 101.696;
15 ; 16 ; 10 ; 0.429236 ; -0.0103758 ; -0.00397817 ; 101.385;
16 ; 16 ; 10 ; 0.418976 ; -0.00844314 ; -0.0174117 ; 101.883;
17 ; 16 ; 10 ; 0.433292 ; 0.0592801 ; -0.0387389 ; 99.3465;
18 ; 16 ; 10 ; 0.417521 ; 0.04468 ; -0.0588832 ; 101.015;
19 ; 16 ; 10 ; 0.424339 ; 0.0273185 ; -0.0750677 ; 101.27;
20 ; 16 ; 10 ; 0.40444 ; -0.00151915 ; -0.0631338 ; 100.903;
21 ; 16 ; 10 ; 0.495379 ; -0.0809845 ; 0.11913 ; 103.03;
4 ; 17 ; 10 ; 0.413315 ; -0.0456142 ; 0.0906888 ; 102.05;
5 ; 17 ; 10 ; 0.468391 ; -0.00567048 ; -0.0139137 ; 100.879;
6 ; 17 ; 10 ; 0.397985 ; 0.0420177 ; 0.00384635 ; 100.61;
7 ; 17 ; 10 ; 0.396211 ; 0.0720444 ; 0.014323 ; 101.661;
8 ; 17 ; 10 ; 0.422229 ; 0.045293 ; 0.0138509 ; 101.238;
9 ; 17 ; 10 ; 0.442521 ; 0.029418 ; -0.0443076 ; 100.819;
10 ; 17 ; 10 ; 0.468083 ; 0.0508577 ; -0.00671754 ; 102.253;
11 ; 17 ; 10 ; 0.482477 ; 0.036917 ; 0.0171494 ; 102.888;
12 ; 17 ; 10 ; 0.475264 ; 0.0078408 ; 0.0295774 ; 101.418;
13 ; 17 ; 10 ; 0.499248 ; 0.0540154 ; -0.0868753 ; 101.875;
14 ; 17 ; 10 ; 0.484049 ; 0.0205307 ; -0.0274817 ; 101.612;
15 ; 17 ; 10 ; 0.486873 ; -0.0125435 ; 0.000592569 ; 100.38;
16 ; 17 ; 10 ; 0.43163 ; 0.00103628 ; 0.0117632 ; 100.946;
17 ; 17 ; 10 ; 0.453976 ; 0.152492 ; -0.0385445 ; 99.0088;
18 ; 17 ; 10 ; 0.478686 ; 0.0746892 ; -0.0448344 ; 100.295;
19 ; 17 ; 10 ; 0.50059 ; 0.0130715 ; -0.0447426 ; 101.343;
20 ; 17 ; 10 ; 0.455752 ; 0.00161869 ; -0.094314 ; 101.215;
21 ; 17 ; 10 ; 0.415605 ; 0.138548 ; -0.184093 ; 101.15;
4 ; 18 ; 10 ; 0.40268 ; -0.0554772 ; 0.0400969 ; 99.12;
5 ; 18 ; 10 ; 0.539517 ; 0.0295368 ; -0.00029175 ; 101.86;
6 ; 18 ; 10 ; 0.384911 ; 0.0496992 ; -0.00108926 ; 101.009;
7 ; 18 ; 10 ; 0.387797 ; 0.0917029 ; 0.00702245 ; 102.027;
8 ; 18 ; 10 ; 0.455769 ; 0.0856372 ; -0.0596462 ; 100.691;
9 ; 18 ; 10 ; 0.441928 ; 0.0231449 ; -0.0433381 ; 99.58;
10 ; 18 ; 10 ; 0.472271 ; 0.0530908 ; -0.0339043 ; 102.011;
11 ; 18 ; 10 ; 0.502138 ; 0.0439381 ; 0.00822537 ; 103.435;
12 ; 18 ; 10 ; 0.483448 ; 0.0147409 ; -0.00538884 ; 102.15;
13 ; 18 ; 10 ; 0.50314 ; 0.0287652 ; -0.075151 ; 102.86;
14 ; 18 ; 10 ; 0.523037 ; 0.0243724 ; -0.0545642 ; 101.264;
15 ; 18 ; 10 ; 0.520618 ; -0.0224474 ; -0.00163335 ; 99.5145;
16 ; 18 ; 10 ; 0.46098 ; -0.0629993 ; 0.0384576 ; 100.33;
17 ; 18 ; 10 ; 0.471085 ; 0.196322 ; -0.066404 ; 99.82;
18 ; 18 ; 10 ; 0.505636 ; 0.0946043 ; -0.0271322 ; 100.001;
19 ; 18 ; 10 ; 0.541047 ; -0.00310841 ; -0.0178491 ; 101.586;
20 ; 18 ; 10 ; 0.508832 ; -0.0412624 ; -0.0210304 ; 101.362;
21 ; 18 ; 10 ; 0.413331 ; 0.0723355 ; 0.0805007 ; 101.37;
4 ; 19 ; 10 ; 0.534083 ; 0.07013 ; -0.057322 ; 102.14;
5 ; 19 ; 10 ; 0.41927 ; 0.0060357 ; 0.00174592 ; 101.5;
6 ; 19 ; 10 ; 0.408656 ; -0.0218234 ; 0.0214682 ; 100.965;
7 ; 19 ; 10 ; 0.404975 ; -0.0165555 ; 0.0506731 ; 100.446;
8 ; 19 ; 10 ; 0.526406 ; 0.0502166 ; 0.0489977 ; 100.85;
9 ; 19 ; 10 ; 0.421723 ; -0.0241132 ; -0.0153126 ; 100.625;
10 ; 19 ; 10 ; 0.448759 ; -0.0555794 ; 0.00278957 ; 101.096;
11 ; 19 ; 10 ; 0.455754 ; -0.0647104 ; -0.00574895 ; 101.998;
12 ; 19 ; 10 ; 0.452567 ; -0.131553 ; -0.041809 ; 100.56;
13 ; 19 ; 10 ; 0.501658 ; -0.0337728 ; 0.091003 ; 100.712;
14 ; 19 ; 10 ; 0.48208 ; -0.00296289 ; 0.059624 ; 100.941;
15 ; 19 ; 10 ; 0.45536 ; -0.0431054 ; -0.0190441 ; 100.513;
16 ; 19 ; 10 ; 0.488686 ; -0.244097 ; -0.156665 ; 100.94;
17 ; 19 ; 10 ; 0.446301 ; 0.00423992 ; 0.00508068 ; 103.464;
18 ; 19 ; 10 ; 0.454544 ; 0.019052 ; 0.00648008 ; 103.672;
19 ; 19 ; 10 ; 0.472416 ; 0.00292677 ; -0.0388805 ; 101.308;
20 ; 19 ; 10 ; 0.5023 ; -0.0733957 ; -0.103154 ; 96.56;
21 ; 19 ; 10 ; 0.391781 ; 0.00595285 ; -0.100094 ; 102.64;
4 ; 20 ; 10 ; 0.465123 ; 0.028385 ; 0.00616761 ; 104.28;
5 ; 20 ; 10 ; 0.448584 ; -0.0609723 ; -0.0259111 ; 100.482;
6 ; 20 ; 10 ; 0.417804 ; -0.0200403 ; -0.00493409 ; 101.421;
7 ; 20 ; 10 ; 0.417518 ; 0.014965 ; 0.026505 ; 101.617;
8 ; 20 ; 10 ; 0.432557 ; -0.00380794 ; 0.0511066 ; 100.546;
9 ; 20 ; 10 ; 0.406645 ; -0.0878218 ; 0.0671656 ; 101.801;
10 ; 20 ; 10 ; 0.43767 ; -0.0484019 ; 0.0154 ; 101.814;
11 ; 20 ; 10 ; 0.443288 ; -0.0453612 ; -0.013855 ; 102.193;
12 ; 20 ; 10 ; 0.45232 ; -0.0688438 ; -0.0490912 ; 102.236;
13 ; 20 ; 10 ; 0.503555 ; 0.018393 ; -0.0141524 ; 100.37;
14 ; 20 ; 10 ; 0.472065 ; 0.0051812 ; 0.0321659 ; 100.944;
15 ; 20 ; 10 ; 0.42506 ; -0.0218583 ; -0.00807668 ; 100.081;
16 ; 20 ; 10 ; 0.470456 ; -0.113101 ; -0.0657371 ; 100.425;
17 ; 20 ; 10 ; 0.527808 ; -0.0138299 ; -0.0513411 ; 100.804;
18 ; 20 ; 10 ; 0.473763 ; 0.00529843 ; -0.0207872 ; 102.658;
19 ; 20 ; 10 ; 0.477921 ; -0.00291274 ; -0.052796 ; 101.375;
20 ; 20 ; 10 ; 0.468157 ; -0.0339083 ; -0.0724927 ; 98.9194;
21 ; 20 ; 10 ; 0.567637 ; -0.168819 ; -0.0572425 ; 104.66;
4 ; 21 ; 10 ; 0.397472 ; -0.0431078 ; -0.0110512 ; 102.81;
5 ; 21 ; 10 ; 0.459381 ; -0.109781 ; -0.0330188 ; 99.48;
6 ; 21 ; 10 ; 0.420145 ; -0.0216382 ; -0.0230754 ; 101.772;
7 ; 21 ; 10 ; 0.403335 ; 0.022828 ; 0.0130893 ; 102.6;
8 ; 21 ; 10 ; 0.384303 ; -0.0256123 ; 0.0271678 ; 101.107;
9 ; 21 ; 10 ; 0.452179 ; -0.127025 ; 0.108445 ; 103.32;
10 ; 21 ; 10 ; 0.40874 ; -0.0361377 ; 0.029195 ; 102.571;
11 ; 21 ; 10 ; 0.42412 ; -0.016484 ; -0.0236804 ; 103.001;
12 ; 21 ; 10 ; 0.469533 ; -0.00481072 ; -0.028287 ; 103.445;
13 ; 21 ; 10 ; 0.569221 ; 0.0307734 ; -0.0321166 ; 101.5;
14 ; 21 ; 10 ; 0.447622 ; 0.0262253 ; 0.00705432 ; 100.501;
15 ; 21 ; 10 ; 0.396692 ; 0.0244221 ; 0.0243703 ; 99.5534;
16 ; 21 ; 10 ; 0.393691 ; 0.0487395 ; 0.0301859 ; 98.4066;
17 ; 21 ; 10 ; 0.54546 ; -0.0937064 ; -0.0677823 ; 98.59;
18 ; 21 ; 10 ; 0.488019 ; 0.0181143 ; -0.0520599 ; 102.051;
19 ; 21 ; 10 ; 0.466081 ; 0.0118214 ; -0.0629929 ; 102.068;
20 ; 21 ; 10 ; 0.440485 ; -0.00932976 ; -0.0501248 ; 100.456;
21 ; 21 ; 10 ; 0.460899 ; 0.106954 ; 0.0535355 ; 97.77;
4 ; 4 ; 11 ; 0.398261 ; -0.0431402 ; -0.0239644 ; 103.93;
5 ; 4 ; 11 ; 0.43457 ; -0.0223433 ; 0.0401375 ; 101.326;
6 ; 4 ; 11 ; 0.367048 ; 0.0172891 ; 0.051334 ; 101.514;
7 ; 4 ; 11 ; 0.36348 ; -0.00983585 ; 0.0354157 ; 101.836;
8 ; 4 ; 11 ; 0.448777 ; -0.139922 ; 0.0101953 ; 103.16;
9 ; 4 ; 11 ; 0.455875 ; 0.0480955 ; -0.0568818 ; 99.7965;
10 ; 4 ; 11 ; 0.437658 ; 0.0675967 ; -0.0198518 ; 100.754;
11 ; 4 ; 11 ; 0.413817 ; 0.0220506 ; 0.0270714 ; 101.539;
12 ; 4 ; 11 ; 0.480212 ; -0.024313 ; -0.0700874 ; 103.23;
13 ; 4 ; 11 ; 0.411748 ; -0.00539255 ; 0.00260036 ; 102.396;
14 ; 4 ; 11 ; 0.415387 ; -0.00841481 ; 0.0367512 ; 104.045;
15 ; 4 ; 11 ; 0.415974 ; 0.0255591 ; 0.00901584 ; 104.295;
16 ; 4 ; 11 ; 0.489613 ; -0.000553521 ; 0.0716427 ; 100.79;
17 ; 4 ; 11 ; 0.432948 ; -0.0395346 ; 0.00328684 ; 101.143;
18 ; 4 ; 11 ; 0.43841 ; -0.0557322 ; 0.00622739 ; 100.424;
19 ; 4 ; 11 ; 0.39659 ; -0.000793464 ; -0.0257548 ; 99.7156;
20 ; 4 ; 11 ; 0.323868 ; 0.0704506 ; 0.00416911 ; 99.85;
21 ; 4 ; 11 ; 0.438186 ; 0.0423819 ; 0.0434476 ; 101.05;
4 ; 5 ; 11 ; 0.32663 ; -0.0138002 ; -0.0465808 ; 100.68;
5 ; 5 ; 11 ; 0.462122 ; -0.0543755 ; 0.079169 ; 100.091;
6 ; 5 ; 11 ; 0.394196 ; -0.0176942 ; 0.0515148 ; 101.096;
7 ; 5 ; 11 ; 0.361078 ; -0.0274934 ; 0.00849356 ; 101.581;
8 ; 5 ; 11 ; 0.402899 ; -0.0658585 ; 0.00543051 ; 102.227;
9 ; 5 ; 11 ; 0.385007 ; 0.0180646 ; -0.0787524 ; 100.733;
10 ; 5 ; 11 ; 0.399595 ; 0.0349602 ; -0.0305664 ; 101.541;
11 ; 5 ; 11 ; 0.385423 ; 0.00719337 ; 0.0179273 ; 102.203;
12 ; 5 ; 11 ; 0.421299 ; -0.00626805 ; 0.0218473 ; 102.553;
13 ; 5 ; 11 ; 0.468143 ; -0.040206 ; -0.0457047 ; 104.958;
14 ; 5 ; 11 ; 0.427736 ; -0.00530754 ; -0.00585923 ; 104.105;
15 ; 5 ; 11 ; 0.412742 ; 0.0260181 ; -0.0164732 ; 103.855;
16 ; 5 ; 11 ; 0.416987 ; 0.0340204 ; 0.0390444 ; 102.444;
17 ; 5 ; 11 ; 0.540891 ; -0.0809105 ; 0.0647456 ; 99.944;
18 ; 5 ; 11 ; 0.486468 ; -0.0568838 ; 0.014011 ; 99.5612;
19 ; 5 ; 11 ; 0.439184 ; 0.00173378 ; -0.0426378 ; 99.0988;
20 ; 5 ; 11 ; 0.347518 ; 0.053287 ; -0.0511802 ; 100.113;
21 ; 5 ; 11 ; 0.358553 ; -0.0697615 ; 0.0929677 ; 100.84;
4 ; 6 ; 11 ; 0.529791 ; -0.0468923 ; -0.0132538 ; 102.88;
5 ; 6 ; 11 ; 0.50148 ; -0.114149 ; 0.113956 ; 98.48;
6 ; 6 ; 11 ; 0.424818 ; -0.0386907 ; 0.0395941 ; 101.22;
7 ; 6 ; 11 ; 0.357825 ; -0.0288268 ; -0.0227663 ; 101.473;
8 ; 6 ; 11 ; 0.328956 ; -0.0108529 ; -0.0286445 ; 101.01;
9 ; 6 ; 11 ; 0.347338 ; 0.00496791 ; -0.0583727 ; 102.6;
10 ; 6 ; 11 ; 0.368069 ; 0.00594378 ; -0.0455014 ; 101.359;
11 ; 6 ; 11 ; 0.352283 ; 0.00136192 ; 0.0267635 ; 102.177;
12 ; 6 ; 11 ; 0.351467 ; 0.00577624 ; 0.0505113 ; 101.136;
13 ; 6 ; 11 ; 0.549907 ; -0.0691791 ; -0.0581117 ; 105.34;
14 ; 6 ; 11 ; 0.412676 ; 0.010087 ; -0.0550766 ; 104.848;
15 ; 6 ; 11 ; 0.383337 ; 0.0414739 ; -0.0456419 ; 104.169;
16 ; 6 ; 11 ; 0.396005 ; 0.0331009 ; -0.00261373 ; 103.56;
17 ; 6 ; 11 ; 0.588168 ; -0.0985586 ; 0.134546 ; 100.16;
18 ; 6 ; 11 ; 0.52504 ; -0.0544628 ; 0.00579721 ; 98.7169;
19 ; 6 ; 11 ; 0.471205 ; 0.00361183 ; -0.0713261 ; 98.7055;
20 ; 6 ; 11 ; 0.401225 ; 0.014301 ; -0.0800326 ; 99.5659;
21 ; 6 ; 11 ; 0.54317 ; -0.0744249 ; 0.084937 ; 99.08;
4 ; 7 ; 11 ; 0.335109 ; 0.0598187 ; 0.0141565 ; 102.73;
5 ; 7 ; 11 ; 0.407248 ; 0.0132682 ; -0.0619492 ; 103.142;
6 ; 7 ; 11 ; 0.459621 ; 0.0106145 ; 0.00914649 ; 101.417;
7 ; 7 ; 11 ; 0.399204 ; -0.00778556 ; 0.065366 ; 100.293;
8 ; 7 ; 11 ; 0.348077 ; -0.0366787 ; 0.0546671 ; 104.76;
9 ; 7 ; 11 ; 0.392567 ; 0.0277309 ; 0.0536763 ; 101.311;
10 ; 7 ; 11 ; 0.415109 ; -0.0122925 ; 0.0189773 ; 101.587;
11 ; 7 ; 11 ; 0.388254 ; -0.0315073 ; 0.0138778 ; 101.345;
12 ; 7 ; 11 ; 0.330345 ; -0.0180896 ; 0.0266097 ; 100.74;
13 ; 7 ; 11 ; 0.389357 ; -0.00175443 ; -0.0329977 ; 101.011;
14 ; 7 ; 11 ; 0.413057 ; -0.0049891 ; -0.0556713 ; 101.691;
15 ; 7 ; 11 ; 0.344268 ; 0.0177556 ; -0.0551921 ; 101.29;
16 ; 7 ; 11 ; 0.301145 ; -0.00287547 ; 0.021713 ; 100.25;
17 ; 7 ; 11 ; 0.453357 ; 0.0392803 ; 0.0380389 ; 101.146;
18 ; 7 ; 11 ; 0.431038 ; 0.0292729 ; 0.0413701 ; 99.6226;
19 ; 7 ; 11 ; 0.387068 ; 0.0310406 ; 0.0637468 ; 101.115;
20 ; 7 ; 11 ; 0.434219 ; 0.064923 ; 0.0506626 ; 105.07;
21 ; 7 ; 11 ; 0.428694 ; 0.0545664 ; 0.0285281 ; 101.75;
4 ; 8 ; 11 ; 0.353497 ; -0.16077 ; 0.0550693 ; 99.8;
5 ; 8 ; 11 ; 0.455058 ; 0.0157772 ; -0.0205844 ; 102.514;
6 ; 8 ; 11 ; 0.458592 ; 0.0161023 ; 0.00662522 ; 101.372;
7 ; 8 ; 11 ; 0.416147 ; 0.0022822 ; 0.0499244 ; 100.092;
8 ; 8 ; 11 ; 0.341414 ; -0.0196369 ; 0.0634215 ; 101.449;
9 ; 8 ; 11 ; 0.44069 ; 0.00754893 ; 0.0142075 ; 101.309;
10 ; 8 ; 11 ; 0.426379 ; -0.0192062 ; 0.000195541 ; 101.693;
11 ; 8 ; 11 ; 0.40838 ; -0.03049 ; -0.0128556 ; 101.573;
12 ; 8 ; 11 ; 0.374911 ; -0.0334027 ; 0.00570124 ; 101.489;
13 ; 8 ; 11 ; 0.443482 ; 0.00297563 ; 0.05819 ; 102.319;
14 ; 8 ; 11 ; 0.420619 ; -0.00522273 ; -0.0303484 ; 101.654;
15 ; 8 ; 11 ; 0.345528 ; 0.00268537 ; -0.0510518 ; 101.116;
16 ; 8 ; 11 ; 0.317471 ; 0.0388331 ; -0.0071224 ; 100.051;
17 ; 8 ; 11 ; 0.363451 ; 0.0402615 ; 0.025983 ; 103.528;
18 ; 8 ; 11 ; 0.397545 ; 0.0366442 ; 0.0556897 ; 101.448;
19 ; 8 ; 11 ; 0.375398 ; 0.0371122 ; 0.0884758 ; 102.004;
20 ; 8 ; 11 ; 0.377111 ; 0.038611 ; 0.0458867 ; 103.189;
21 ; 8 ; 11 ; 0.428896 ; -0.138516 ; -0.00571833 ; 98.3;
4 ; 9 ; 11 ; 0.414994 ; 0.150597 ; -0.10133 ; 104.68;
5 ; 9 ; 11 ; 0.423189 ; -0.00635156 ; 0.0134099 ; 101.636;
6 ; 9 ; 11 ; 0.431508 ; 0.0117043 ; 0.0119279 ; 101.155;
7 ; 9 ; 11 ; 0.417447 ; 0.0111096 ; 0.0329091 ; 99.7827;
8 ; 9 ; 11 ; 0.397112 ; 0.00635553 ; 0.0493992 ; 98.7108;
9 ; 9 ; 11 ; 0.486749 ; -0.0127903 ; 0.00909379 ; 102.223;
10 ; 9 ; 11 ; 0.436384 ; -0.00264373 ; -0.0124991 ; 102.015;
11 ; 9 ; 11 ; 0.402266 ; 0.00301793 ; -0.0180192 ; 102.12;
12 ; 9 ; 11 ; 0.434899 ; -0.0522129 ; -0.0462603 ; 102.418;
13 ; 9 ; 11 ; 0.406104 ; 0.023114 ; 0.0533655 ; 99.8901;
14 ; 9 ; 11 ; 0.415188 ; 0.000105583 ; -0.00653348 ; 101.668;
15 ; 9 ; 11 ; 0.369 ; -0.0152094 ; -0.055119 ; 101.075;
16 ; 9 ; 11 ; 0.309014 ; 0.00102308 ; -0.0442576 ; 100.213;
17 ; 9 ; 11 ; 0.34414 ; -0.00392911 ; -0.0354613 ; 104.608;
18 ; 9 ; 11 ; 0.373422 ; 0.0338471 ; 0.030578 ; 104.187;
19 ; 9 ; 11 ; 0.387958 ; 0.0452589 ; 0.0628166 ; 102.97;
20 ; 9 ; 11 ; 0.336408 ; 0.0089656 ; 0.0916012 ; 101.882;
21 ; 9 ; 11 ; 0.350756 ; -0.107033 ; -0.123855 ; 102.42;
4 ; 10 ; 11 ; 0.44466 ; -0.0350086 ; 0.0612944 ; 97.58;
5 ; 10 ; 11 ; 0.449729 ; -0.0323571 ; 0.00595741 ; 102.118;
6 ; 10 ; 11 ; 0.431027 ; -0.0156276 ; 0.00419815 ; 101.168;
7 ; 10 ; 11 ; 0.422562 ; -0.00978673 ; 0.0263478 ; 99.9799;
8 ; 10 ; 11 ; 0.431627 ; 0.0184733 ; 0.0376874 ; 100.094;
9 ; 10 ; 11 ; 0.411838 ; -0.0476057 ; 0.0458849 ; 102.301;
10 ; 10 ; 11 ; 0.413329 ; -0.0215912 ; 0.0143262 ; 102.429;
11 ; 10 ; 11 ; 0.359016 ; 0.00440793 ; 0.0217969 ; 102.482;
12 ; 10 ; 11 ; 0.35187 ; 0.0121146 ; -0.00998356 ; 102.976;
13 ; 10 ; 11 ; 0.365974 ; 0.000705361 ; 0.0409012 ; 100.805;
14 ; 10 ; 11 ; 0.411866 ; -0.00533864 ; 0.0208604 ; 101.133;
15 ; 10 ; 11 ; 0.396781 ; -0.0238277 ; -0.0229763 ; 101.369;
16 ; 10 ; 11 ; 0.345693 ; -0.081814 ; -0.0628628 ; 101.324;
17 ; 10 ; 11 ; 0.405814 ; -0.0201916 ; -0.0950237 ; 102.229;
18 ; 10 ; 11 ; 0.409002 ; 0.00981581 ; -0.0409405 ; 103.535;
19 ; 10 ; 11 ; 0.442805 ; 0.0444309 ; -0.0071029 ; 102.524;
20 ; 10 ; 11 ; 0.424753 ; 0.0463507 ; 0.0394095 ; 101.951;
21 ; 10 ; 11 ; 0.284078 ; -0.0496104 ; 0.0854235 ; 97.23;
4 ; 11 ; 11 ; 0.496712 ; -0.00938739 ; 0.0845962 ; 99.22;
5 ; 11 ; 11 ; 0.428142 ; -0.0752214 ; -0.0357366 ; 99.7064;
6 ; 11 ; 11 ; 0.435151 ; -0.041156 ; -0.0131737 ; 101.073;
7 ; 11 ; 11 ; 0.421823 ; -0.00972417 ; 0.0201473 ; 100.46;
8 ; 11 ; 11 ; 0.396015 ; -0.0144171 ; 0.0509734 ; 98.7988;
9 ; 11 ; 11 ; 0.432455 ; -0.0485286 ; 0.00865409 ; 102.08;
10 ; 11 ; 11 ; 0.392264 ; -0.0262653 ; 0.0126209 ; 102.547;
11 ; 11 ; 11 ; 0.32938 ; 0.00283992 ; 0.027681 ; 102.477;
12 ; 11 ; 11 ; 0.308187 ; 0.0267539 ; 0.061603 ; 102.715;
13 ; 11 ; 11 ; 0.389977 ; 0.0029361 ; 0.0596244 ; 100.061;
14 ; 11 ; 11 ; 0.397599 ; 0.00872533 ; 0.0659688 ; 100.936;
15 ; 11 ; 11 ; 0.41583 ; 0.0226957 ; 0.0407362 ; 101.667;
16 ; 11 ; 11 ; 0.415222 ; -0.0156345 ; -0.0147747 ; 102.13;
17 ; 11 ; 11 ; 0.439598 ; -0.00662682 ; -0.0699598 ; 101.307;
18 ; 11 ; 11 ; 0.439209 ; -0.00595904 ; -0.0698666 ; 101.233;
19 ; 11 ; 11 ; 0.459288 ; 0.0131581 ; -0.0408573 ; 100.712;
20 ; 11 ; 11 ; 0.484246 ; 0.0699304 ; -0.052905 ; 100.971;
21 ; 11 ; 11 ; 0.288402 ; 0.211096 ; -0.0237714 ; 97.97;
4 ; 12 ; 11 ; 0.508687 ; 0.070514 ; -0.216285 ; 105.77;
5 ; 12 ; 11 ; 0.363489 ; -0.107074 ; -0.0458231 ; 96.86;
6 ; 12 ; 11 ; 0.453043 ; -0.0490009 ; -0.030255 ; 101.084;
7 ; 12 ; 11 ; 0.438455 ; -0.00419914 ; 0.0113978 ; 100.814;
8 ; 12 ; 11 ; 0.421245 ; -0.0140691 ; 0.0365477 ; 98.8749;
9 ; 12 ; 11 ; 0.501587 ; -0.00263425 ; -0.0520141 ; 102.27;
10 ; 12 ; 11 ; 0.386002 ; -0.0465797 ; -0.000278948 ; 102.558;
11 ; 12 ; 11 ; 0.333875 ; -0.0168114 ; 0.00725251 ; 102.382;
12 ; 12 ; 11 ; 0.343096 ; -0.0094243 ; 0.0537165 ; 101.887;
13 ; 12 ; 11 ; 0.377588 ; 0.0269095 ; 0.0432757 ; 98.62;
14 ; 12 ; 11 ; 0.400092 ; 0.0135409 ; 0.1052 ; 100.667;
15 ; 12 ; 11 ; 0.414455 ; 0.045857 ; 0.0870416 ; 101.676;
16 ; 12 ; 11 ; 0.469207 ; 0.0405725 ; 0.0378024 ; 101.823;
17 ; 12 ; 11 ; 0.4418 ; -0.00226406 ; -0.0327568 ; 102.15;
18 ; 12 ; 11 ; 0.44136 ; -0.00778483 ; -0.0581853 ; 99.9532;
19 ; 12 ; 11 ; 0.450558 ; -0.00642518 ; -0.0209018 ; 99.904;
20 ; 12 ; 11 ; 0.464127 ; 0.0182562 ; -0.00301358 ; 100.528;
21 ; 12 ; 11 ; 0.469317 ; -0.0944014 ; -0.0312581 ; 102.4;
4 ; 13 ; 11 ; 0.367496 ; 0.122524 ; 0.00701002 ; 97.62;
5 ; 13 ; 11 ; 0.44077 ; -0.0403943 ; 0.00689912 ; 101.104;
6 ; 13 ; 11 ; 0.407272 ; -0.0256705 ; 0.0343845 ; 102.328;
7 ; 13 ; 11 ; 0.363403 ; 0.0217672 ; 0.0579313 ; 102.925;
8 ; 13 ; 11 ; 0.411599 ; 0.0574543 ; 0.0319459 ; 101.89;
9 ; 13 ; 11 ; 0.386755 ; -0.0245945 ; -0.0375715 ; 102.276;
10 ; 13 ; 11 ; 0.382543 ; -0.0277831 ; -0.00641736 ; 102.249;
11 ; 13 ; 11 ; 0.366679 ; -0.0473408 ; 0.0373243 ; 102.096;
12 ; 13 ; 11 ; 0.303766 ; -0.0621448 ; -0.0465471 ; 101.67;
13 ; 13 ; 11 ; 0.320124 ; -0.0210809 ; -0.00514715 ; 100.695;
14 ; 13 ; 11 ; 0.346462 ; 0.0016503 ; 0.0411988 ; 101.36;
15 ; 13 ; 11 ; 0.444493 ; -0.00400099 ; 0.0238594 ; 102.055;
16 ; 13 ; 11 ; 0.51153 ; -0.00693468 ; -0.00492771 ; 98.18;
17 ; 13 ; 11 ; 0.399026 ; 0.0567711 ; 0.0419191 ; 102.726;
18 ; 13 ; 11 ; 0.360112 ; 0.0178725 ; 0.0186032 ; 102.244;
19 ; 13 ; 11 ; 0.35464 ; -0.0342751 ; 0.0407206 ; 99.4208;
20 ; 13 ; 11 ; 0.339369 ; -0.0369274 ; 0.20734 ; 94;
21 ; 13 ; 11 ; 0.280665 ; -0.0456523 ; -0.0116208 ; 100.38;
4 ; 14 ; 11 ; 0.360355 ; -0.0451523 ; 0.0314661 ; 105.23;
5 ; 14 ; 11 ; 0.394045 ; 0.0176949 ; -0.0440393 ; 100.793;
6 ; 14 ; 11 ; 0.397043 ; -0.0139018 ; 0.00564681 ; 101.654;
7 ; 14 ; 11 ; 0.351736 ; 0.0133035 ; 0.0150056 ; 102.005;
8 ; 14 ; 11 ; 0.361208 ; 0.0343845 ; 0.0464215 ; 102.613;
9 ; 14 ; 11 ; 0.402724 ; -0.0126915 ; -0.0405231 ; 102.15;
10 ; 14 ; 11 ; 0.381494 ; -0.016639 ; -0.0143647 ; 101.931;
11 ; 14 ; 11 ; 0.358135 ; -0.0304412 ; 0.0311527 ; 101.156;
12 ; 14 ; 11 ; 0.341461 ; -0.0471126 ; 0.0227565 ; 101.564;
13 ; 14 ; 11 ; 0.406639 ; -0.0181652 ; -0.0215536 ; 99.1863;
14 ; 14 ; 11 ; 0.374109 ; 0.00268828 ; 0.0110968 ; 100.929;
15 ; 14 ; 11 ; 0.43004 ; -0.000325195 ; -0.000191689 ; 102.009;
16 ; 14 ; 11 ; 0.512711 ; -0.0155596 ; 0.0031796 ; 101.223;
17 ; 14 ; 11 ; 0.396597 ; 0.0338491 ; -0.0285791 ; 101.696;
18 ; 14 ; 11 ; 0.373297 ; 0.0237218 ; 0.000181734 ; 101.617;
19 ; 14 ; 11 ; 0.380312 ; -0.0215442 ; 0.00280084 ; 100.164;
20 ; 14 ; 11 ; 0.376395 ; -0.0627327 ; 0.115966 ; 96.175;
21 ; 14 ; 11 ; 0.477533 ; 0.00756282 ; -0.0199525 ; 101.01;
4 ; 15 ; 11 ; 0.438526 ; 0.0446444 ; -0.0462381 ; 100.92;
5 ; 15 ; 11 ; 0.338747 ; 0.101298 ; -0.0184138 ; 101.876;
6 ; 15 ; 11 ; 0.356395 ; 0.0264796 ; -0.036969 ; 100.969;
7 ; 15 ; 11 ; 0.325886 ; 0.00465499 ; -0.0479066 ; 100.526;
8 ; 15 ; 11 ; 0.303071 ; -0.00668279 ; -0.0192145 ; 101.031;
9 ; 15 ; 11 ; 0.408512 ; -0.0320448 ; 0.0072646 ; 103.398;
10 ; 15 ; 11 ; 0.385123 ; -0.00909398 ; 0.00549171 ; 101.794;
11 ; 15 ; 11 ; 0.357015 ; -0.00438349 ; 0.0337592 ; 100.434;
12 ; 15 ; 11 ; 0.355064 ; -0.00680385 ; 0.0555527 ; 99.7825;
13 ; 15 ; 11 ; 0.436283 ; -0.0165882 ; -0.0321041 ; 100.816;
14 ; 15 ; 11 ; 0.404669 ; -0.00440634 ; -0.0324317 ; 100.715;
15 ; 15 ; 11 ; 0.391649 ; 0.0117894 ; -0.0326764 ; 101.412;
16 ; 15 ; 11 ; 0.426344 ; -0.00118494 ; -0.0169431 ; 103.531;
17 ; 15 ; 11 ; 0.393752 ; 0.0185626 ; -0.0678323 ; 100.749;
18 ; 15 ; 11 ; 0.398064 ; 0.0210872 ; -0.0338843 ; 100.148;
19 ; 15 ; 11 ; 0.405017 ; -0.00380181 ; -0.0548109 ; 100.043;
20 ; 15 ; 11 ; 0.436093 ; -0.0597028 ; -0.0387541 ; 100.755;
21 ; 15 ; 11 ; 0.406043 ; 0.0674787 ; 0.124567 ; 96.81;
4 ; 16 ; 11 ; 0.431914 ; -0.0396768 ; 0.144401 ; 101.97;
5 ; 16 ; 11 ; 0.376347 ; 0.0550666 ; 0.0249748 ; 101.203;
6 ; 16 ; 11 ; 0.339709 ; 0.0569143 ; -0.0148871 ; 101.051;
7 ; 16 ; 11 ; 0.308475 ; -0.000871564 ; -0.0392954 ; 100.105;
8 ; 16 ; 11 ; 0.307052 ; -0.0259391 ; -0.0979448 ; 98.7424;
9 ; 16 ; 11 ; 0.38479 ; -0.0725529 ; 0.0476501 ; 103.659;
10 ; 16 ; 11 ; 0.381039 ; -0.0168103 ; 0.0397859 ; 102.834;
11 ; 16 ; 11 ; 0.364115 ; -0.0102783 ; 0.050328 ; 101.277;
12 ; 16 ; 11 ; 0.328655 ; 0.00974764 ; 0.0124395 ; 99.4408;
13 ; 16 ; 11 ; 0.412155 ; -0.00961747 ; -0.0320297 ; 102.287;
14 ; 16 ; 11 ; 0.410912 ; -0.000435684 ; -0.0367638 ; 101.407;
15 ; 16 ; 11 ; 0.367611 ; 0.0156905 ; -0.039446 ; 101.618;
16 ; 16 ; 11 ; 0.308975 ; 0.052637 ; -0.0521557 ; 100.103;
17 ; 16 ; 11 ; 0.369754 ; -0.009769 ; -0.0451195 ; 100.945;
18 ; 16 ; 11 ; 0.379548 ; 0.00707027 ; -0.0514752 ; 100.046;
19 ; 16 ; 11 ; 0.371857 ; 0.00530254 ; -0.0645421 ; 100.054;
20 ; 16 ; 11 ; 0.402991 ; -0.00965439 ; -0.0902484 ; 100.379;
21 ; 16 ; 11 ; 0.373464 ; -0.108439 ; 0.0177374 ; 101.75;
4 ; 17 ; 11 ; 0.369974 ; -0.00694823 ; -0.0788192 ; 103.93;
5 ; 17 ; 11 ; 0.498692 ; 0.00190023 ; 0.0605239 ; 102.118;
6 ; 17 ; 11 ; 0.380091 ; 0.0353531 ; 0.0120939 ; 101.691;
7 ; 17 ; 11 ; 0.328169 ; -0.0106129 ; 0.0143596 ; 101.122;
8 ; 17 ; 11 ; 0.271941 ; -0.0656969 ; -0.0204566 ; 100.223;
9 ; 17 ; 11 ; 0.292441 ; -0.0302211 ; 0.0313701 ; 103.207;
10 ; 17 ; 11 ; 0.37872 ; -0.0162404 ; 0.0748201 ; 102.691;
11 ; 17 ; 11 ; 0.427855 ; -0.010313 ; 0.112355 ; 101.593;
12 ; 17 ; 11 ; 0.352011 ; -0.0215675 ; 0.0767083 ; 101.158;
13 ; 17 ; 11 ; 0.415849 ; -0.0888849 ; 0.0473308 ; 101.122;
14 ; 17 ; 11 ; 0.406376 ; -0.0317716 ; 0.000632397 ; 102.287;
15 ; 17 ; 11 ; 0.387601 ; 0.00915028 ; -0.00547642 ; 103.5;
16 ; 17 ; 11 ; 0.363114 ; 0.0131619 ; -0.033971 ; 101.612;
17 ; 17 ; 11 ; 0.347903 ; 0.0413929 ; -0.0443276 ; 101.939;
18 ; 17 ; 11 ; 0.362511 ; -0.00646834 ; -0.0625568 ; 101.465;
19 ; 17 ; 11 ; 0.358121 ; -0.0147927 ; -0.0708177 ; 101.178;
20 ; 17 ; 11 ; 0.317097 ; 0.0275608 ; -0.0477034 ; 99.9953;
21 ; 17 ; 11 ; 0.423138 ; 0.141298 ; 0.00534347 ; 100.34;
4 ; 18 ; 11 ; 0.358858 ; 0.0312747 ; 0.0768079 ; 103.8;
5 ; 18 ; 11 ; 0.5374 ; -0.000893461 ; 0.0637474 ; 103.77;
6 ; 18 ; 11 ; 0.420283 ; 0.0111561 ; 0.026281 ; 101.876;
7 ; 18 ; 11 ; 0.346274 ; -0.0175261 ; 0.0412612 ; 101.738;
8 ; 18 ; 11 ; 0.324279 ; -0.0523426 ; 0.0787574 ; 101.39;
9 ; 18 ; 11 ; 0.228703 ; 0.00718681 ; 0.0398899 ; 102.44;
10 ; 18 ; 11 ; 0.373394 ; -0.00809011 ; 0.0767628 ; 102.395;
11 ; 18 ; 11 ; 0.460003 ; -0.00832326 ; 0.143073 ; 101.275;
12 ; 18 ; 11 ; 0.417589 ; 0.0058532 ; 0.115804 ; 100.09;
13 ; 18 ; 11 ; 0.411634 ; -0.180841 ; 0.112511 ; 100.51;
14 ; 18 ; 11 ; 0.411382 ; -0.0456561 ; 0.0213329 ; 102.517;
15 ; 18 ; 11 ; 0.40685 ; 0.00290028 ; 0.0113065 ; 104.921;
16 ; 18 ; 11 ; 0.434348 ; -0.0257874 ; 0.00930519 ; 104.414;
17 ; 18 ; 11 ; 0.357296 ; 0.0926256 ; -0.0658643 ; 102.49;
18 ; 18 ; 11 ; 0.350433 ; -0.00676521 ; -0.0681313 ; 102.633;
19 ; 18 ; 11 ; 0.361296 ; -0.0260243 ; -0.0772076 ; 102.666;
20 ; 18 ; 11 ; 0.384635 ; 0.0321498 ; -0.0405794 ; 101.895;
21 ; 18 ; 11 ; 0.540413 ; -0.104575 ; -0.141724 ; 100.83;
4 ; 19 ; 11 ; 0.453057 ; -0.0256493 ; -0.155583 ; 96.49;
5 ; 19 ; 11 ; 0.357881 ; -0.0174616 ; 0.0422711 ; 101.515;
6 ; 19 ; 11 ; 0.389475 ; -0.00293118 ; 0.0177043 ; 103.174;
7 ; 19 ; 11 ; 0.456959 ; -0.0465692 ; 0.000324383 ; 102.815;
8 ; 19 ; 11 ; 0.498653 ; -0.160761 ; 0.0736018 ; 101.44;
9 ; 19 ; 11 ; 0.386874 ; -0.00709958 ; -0.0716974 ; 98.9236;
10 ; 19 ; 11 ; 0.358977 ; 0.0214698 ; 0.00429135 ; 98.911;
11 ; 19 ; 11 ; 0.347461 ; 0.0325244 ; 0.0472921 ; 100.552;
12 ; 19 ; 11 ; 0.355954 ; 0.0238898 ; 0.016574 ; 99.07;
13 ; 19 ; 11 ; 0.368367 ; -0.0288133 ; -0.0224382 ; 101.22;
14 ; 19 ; 11 ; 0.322889 ; -0.0123612 ; -0.000101106 ; 102.387;
15 ; 19 ; 11 ; 0.2927 ; 0.0161311 ; 0.044489 ; 101.891;
16 ; 19 ; 11 ; 0.301726 ; -0.0430694 ; 0.0539859 ; 99.64;
17 ; 19 ; 11 ; 0.477765 ; -0.0242798 ; 0.0176226 ; 103.75;
18 ; 19 ; 11 ; 0.462344 ; -0.0541337 ; -0.0135314 ; 103.742;
19 ; 19 ; 11 ; 0.399208 ; -0.10068 ; -0.0438719 ; 101.872;
20 ; 19 ; 11 ; 0.535282 ; -0.118701 ; -0.0497399 ; 98.05;
21 ; 19 ; 11 ; 0.418705 ; -0.104405 ; -0.0268952 ; 102.54;
4 ; 20 ; 11 ; 0.323743 ; -0.19873 ; -0.0594 ; 105.9;
5 ; 20 ; 11 ; 0.355809 ; -0.0208834 ; -0.0365313 ; 99.4852;
6 ; 20 ; 11 ; 0.388824 ; -0.0042334 ; 0.00340564 ; 102.158;
7 ; 20 ; 11 ; 0.424229 ; -0.00983749 ; 0.0124843 ; 103.245;
8 ; 20 ; 11 ; 0.48754 ; -0.0783924 ; 0.0302717 ; 100.895;
9 ; 20 ; 11 ; 0.332038 ; 0.0647125 ; -0.104404 ; 98.7516;
10 ; 20 ; 11 ; 0.361181 ; 0.0397027 ; -0.031412 ; 99.9842;
11 ; 20 ; 11 ; 0.378017 ; 0.0156868 ; 0.0110624 ; 102.049;
12 ; 20 ; 11 ; 0.357668 ; 0.0376701 ; 0.0443054 ; 100.803;
13 ; 20 ; 11 ; 0.405705 ; -0.0235553 ; -0.0721311 ; 100.126;
14 ; 20 ; 11 ; 0.347701 ; -0.002976 ; -0.00731237 ; 101.186;
15 ; 20 ; 11 ; 0.31556 ; 0.0159519 ; 0.0564227 ; 100.913;
16 ; 20 ; 11 ; 0.288647 ; 0.00212117 ; 0.0669498 ; 100.252;
17 ; 20 ; 11 ; 0.457974 ; -0.0134462 ; -0.0440673 ; 104.426;
18 ; 20 ; 11 ; 0.429181 ; -0.0335838 ; -0.0347012 ; 103.41;
19 ; 20 ; 11 ; 0.345231 ; -0.0681571 ; -0.0488514 ; 101.764;
20 ; 20 ; 11 ; 0.39843 ; -0.103407 ; -0.0350448 ; 100.218;
21 ; 20 ; 11 ; 0.427818 ; -0.0202586 ; -0.100195 ; 99.39;
4 ; 21 ; 11 ; 0.417024 ; -0.0712428 ; -0.00665625 ; 101.85;
5 ; 21 ; 11 ; 0.403719 ; -0.05703 ; -0.082482 ; 96.98;
6 ; 21 ; 11 ; 0.36819 ; 0.00890771 ; -0.0166588 ; 101.384;
7 ; 21 ; 11 ; 0.389556 ; 0.0385132 ; 0.0117342 ; 103.254;
8 ; 21 ; 11 ; 0.387217 ; 0.0311205 ; 0.00355023 ; 101.631;
9 ; 21 ; 11 ; 0.314538 ; 0.144405 ; -0.129556 ; 98.1;
10 ; 21 ; 11 ; 0.363665 ; 0.0442446 ; -0.0485841 ; 101.264;
11 ; 21 ; 11 ; 0.402252 ; 0.00877102 ; -0.00478132 ; 103.542;
12 ; 21 ; 11 ; 0.422898 ; -0.0171506 ; 0.0182624 ; 102.62;
13 ; 21 ; 11 ; 0.448298 ; -0.0439489 ; -0.0591301 ; 99.35;
14 ; 21 ; 11 ; 0.365791 ; 0.0139704 ; -0.0233239 ; 100.022;
15 ; 21 ; 11 ; 0.330054 ; 0.0330506 ; 0.0652723 ; 99.9903;
16 ; 21 ; 11 ; 0.298065 ; 0.0183459 ; 0.0853179 ; 100.374;
17 ; 21 ; 11 ; 0.432681 ; 0.000750201 ; -0.0267055 ; 105.11;
18 ; 21 ; 11 ; 0.390663 ; -0.0243002 ; -0.0576773 ; 103.054;
19 ; 21 ; 11 ; 0.274466 ; -0.0418236 ; -0.0497848 ; 102.19;
20 ; 21 ; 11 ; 0.262105 ; -0.047101 ; -0.0112424 ; 101.743;
21 ; 21 ; 11 ; 0.349108 ; -0.0754566 ; -0.0227129 ; 99.56;
4 ; 4 ; 12 ; 0.452574 ; 0.0485093 ; -0.0305133 ; 98.22;
5 ; 4 ; 12 ; 0.319459 ; -0.0833581 ; 0.106377 ; 99.4496;
6 ; 4 ; 12 ; 0.359296 ; -0.0709219 ; 0.0709925 ; 101.363;
7 ; 4 ; 12 ; 0.358093 ; -0.0656408 ; -0.0023419 ; 101.778;
8 ; 4 ; 12 ; 0.274575 ; -0.0372707 ; -0.0950039 ; 99.2;
9 ; 4 ; 12 ; 0.336278 ; -0.014456 ; 0.0233834 ; 103.233;
10 ; 4 ; 12 ; 0.320538 ; -0.0450192 ; 0.0461377 ; 101.652;
11 ; 4 ; 12 ; 0.335812 ; -0.0349542 ; 0.0818759 ; 101.162;
12 ; 4 ; 12 ; 0.39419 ; -0.0124604 ; 0.117409 ; 100.69;
13 ; 4 ; 12 ; 0.305611 ; 0.0952404 ; -0.043625 ; 102.191;
14 ; 4 ; 12 ; 0.32291 ; 0.0706384 ; -0.0144054 ; 101.952;
15 ; 4 ; 12 ; 0.340618 ; 0.0259665 ; 0.0703943 ; 101.402;
16 ; 4 ; 12 ; 0.477284 ; 0.0299921 ; 0.204566 ; 102.9;
17 ; 4 ; 12 ; 0.352131 ; 0.0368397 ; -0.030646 ; 99.2027;
18 ; 4 ; 12 ; 0.313094 ; 0.0401377 ; -0.0289735 ; 100.199;
19 ; 4 ; 12 ; 0.253586 ; 0.0146326 ; -0.0171578 ; 100.885;
20 ; 4 ; 12 ; 0.276153 ; -0.0275843 ; 0.0226336 ; 102.09;
21 ; 4 ; 12 ; 0.398787 ; -0.00317681 ; 0.0261375 ; 98.34;
4 ; 5 ; 12 ; 0.219405 ; 0.0233851 ; 0.079051 ; 105.62;
5 ; 5 ; 12 ; 0.305509 ; -0.0605451 ; 0.0376356 ; 99.4342;
6 ; 5 ; 12 ; 0.343734 ; -0.0759068 ; 0.0315622 ; 100.559;
7 ; 5 ; 12 ; 0.339733 ; -0.0671555 ; -0.0246116 ; 101.686;
8 ; 5 ; 12 ; 0.319009 ; -0.0573568 ; -0.0754426 ; 100.585;
9 ; 5 ; 12 ; 0.325599 ; -0.0470103 ; 0.00587793 ; 105.422;
10 ; 5 ; 12 ; 0.330645 ; -0.0451407 ; 0.0281255 ; 102.857;
11 ; 5 ; 12 ; 0.352979 ; -0.0312272 ; 0.0524941 ; 101.755;
12 ; 5 ; 12 ; 0.3665 ; -0.00844574 ; 0.1003 ; 101.658;
13 ; 5 ; 12 ; 0.367703 ; 0.0797794 ; -0.0307055 ; 103.774;
14 ; 5 ; 12 ; 0.332306 ; 0.0857463 ; -0.0196985 ; 102.581;
15 ; 5 ; 12 ; 0.325075 ; 0.0582061 ; 0.0491229 ; 101.542;
16 ; 5 ; 12 ; 0.371894 ; 0.00687678 ; 0.154009 ; 102.089;
17 ; 5 ; 12 ; 0.354611 ; 0.0430748 ; 0.0270055 ; 100.308;
18 ; 5 ; 12 ; 0.345966 ; 0.0466185 ; -0.00416263 ; 100.944;
19 ; 5 ; 12 ; 0.31146 ; 0.0326752 ; -0.00442024 ; 101.053;
20 ; 5 ; 12 ; 0.249393 ; -0.0102745 ; -0.0101977 ; 101.997;
21 ; 5 ; 12 ; 0.259738 ; -0.0398302 ; 0.11625 ; 100.44;
4 ; 6 ; 12 ; 0.371271 ; -0.0879543 ; -0.10492 ; 98.32;
5 ; 6 ; 12 ; 0.323267 ; -0.0254734 ; 0.0104705 ; 98.84;
6 ; 6 ; 12 ; 0.318134 ; -0.0910004 ; -0.00605911 ; 99.799;
7 ; 6 ; 12 ; 0.325437 ; -0.0783667 ; -0.0417292 ; 101.7;
8 ; 6 ; 12 ; 0.342173 ; -0.0179344 ; -0.0373739 ; 102.306;
9 ; 6 ; 12 ; 0.331021 ; -0.0739438 ; 0.00185739 ; 106.52;
10 ; 6 ; 12 ; 0.334712 ; -0.0386318 ; 0.0152288 ; 103.911;
11 ; 6 ; 12 ; 0.360524 ; -0.0168429 ; 0.0274859 ; 102.553;
12 ; 6 ; 12 ; 0.349452 ; -0.0293365 ; 0.0458373 ; 102.254;
13 ; 6 ; 12 ; 0.41015 ; 0.0577097 ; -0.00406654 ; 105.26;
14 ; 6 ; 12 ; 0.325083 ; 0.0954045 ; -0.0408351 ; 103.213;
15 ; 6 ; 12 ; 0.281488 ; 0.0796425 ; 0.0122149 ; 101.832;
16 ; 6 ; 12 ; 0.293661 ; 0.0276774 ; 0.0659838 ; 100.917;
17 ; 6 ; 12 ; 0.366785 ; 0.031976 ; 0.0946608 ; 102.01;
18 ; 6 ; 12 ; 0.362015 ; 0.0615324 ; 0.00346289 ; 100.999;
19 ; 6 ; 12 ; 0.344907 ; 0.0503347 ; -0.0105779 ; 101.03;
20 ; 6 ; 12 ; 0.286961 ; 0.0352881 ; -0.0286317 ; 101.288;
21 ; 6 ; 12 ; 0.592805 ; -0.0643403 ; 0.180586 ; 104.7;
4 ; 7 ; 12 ; 0.382085 ; -0.00169764 ; -0.0379812 ; 102.29;
5 ; 7 ; 12 ; 0.291668 ; -0.0566117 ; -0.02767 ; 99.8746;
6 ; 7 ; 12 ; 0.329699 ; -0.0368893 ; -0.00440606 ; 101.317;
7 ; 7 ; 12 ; 0.31865 ; -0.102263 ; 0.0476791 ; 103.005;
8 ; 7 ; 12 ; 0.308229 ; -0.230126 ; 0.12629 ; 104.17;
9 ; 7 ; 12 ; 0.402038 ; -0.00778073 ; -0.00188994 ; 101.24;
10 ; 7 ; 12 ; 0.406683 ; 0.0377175 ; -0.0103223 ; 102.62;
11 ; 7 ; 12 ; 0.398408 ; 0.013201 ; 0.030045 ; 101.389;
12 ; 7 ; 12 ; 0.406855 ; -0.0262062 ; 0.0338237 ; 100.72;
13 ; 7 ; 12 ; 0.344375 ; 0.0479628 ; -0.0015943 ; 102.345;
14 ; 7 ; 12 ; 0.380771 ; 0.00397683 ; 0.0162021 ; 102.567;
15 ; 7 ; 12 ; 0.425116 ; 0.0133329 ; 0.0625238 ; 103.022;
16 ; 7 ; 12 ; 0.490545 ; -0.0524933 ; 0.162559 ; 104.5;
17 ; 7 ; 12 ; 0.364115 ; -0.0187032 ; -0.019015 ; 100.538;
18 ; 7 ; 12 ; 0.388808 ; -0.0050261 ; -0.00981807 ; 100.801;
19 ; 7 ; 12 ; 0.350694 ; 0.0208085 ; -0.0237448 ; 101.427;
20 ; 7 ; 12 ; 0.327425 ; -0.00118569 ; 0.0379592 ; 103.53;
21 ; 7 ; 12 ; 0.266718 ; -0.0340282 ; -0.0067645 ; 100.87;
4 ; 8 ; 12 ; 0.336363 ; -0.107429 ; -0.0127632 ; 103.83;
5 ; 8 ; 12 ; 0.299017 ; 0.0614257 ; -0.0124026 ; 101.197;
6 ; 8 ; 12 ; 0.31955 ; -0.0032198 ; -0.00263935 ; 101.772;
7 ; 8 ; 12 ; 0.317369 ; -0.0725788 ; 0.0195328 ; 103.213;
8 ; 8 ; 12 ; 0.28244 ; -0.164528 ; 0.0777693 ; 103.492;
9 ; 8 ; 12 ; 0.378737 ; 0.022811 ; -0.107738 ; 100.775;
10 ; 8 ; 12 ; 0.393752 ; 0.0307717 ; -0.0451399 ; 101.878;
11 ; 8 ; 12 ; 0.397513 ; 0.0147016 ; 0.00581639 ; 100.813;
12 ; 8 ; 12 ; 0.371757 ; -0.0296482 ; 0.0613609 ; 101.185;
13 ; 8 ; 12 ; 0.288038 ; 0.0570553 ; -0.0355423 ; 101.229;
14 ; 8 ; 12 ; 0.364395 ; 0.027395 ; -0.0144899 ; 101.925;
15 ; 8 ; 12 ; 0.410624 ; 0.0428219 ; 0.0116305 ; 101.638;
16 ; 8 ; 12 ; 0.459219 ; -0.0014031 ; 0.0970495 ; 104.001;
17 ; 8 ; 12 ; 0.315514 ; -0.0129393 ; 0.0359572 ; 101.648;
18 ; 8 ; 12 ; 0.360963 ; 0.0057288 ; 0.00776412 ; 100.626;
19 ; 8 ; 12 ; 0.363487 ; 0.0353014 ; -0.012971 ; 100.781;
20 ; 8 ; 12 ; 0.313899 ; 0.0428977 ; -0.0227762 ; 101.435;
21 ; 8 ; 12 ; 0.30407 ; 0.0858545 ; -0.048056 ; 101.04;
4 ; 9 ; 12 ; 0.418597 ; -0.112014 ; -0.0592131 ; 105.39;
5 ; 9 ; 12 ; 0.323566 ; -0.00069542 ; -0.0142903 ; 101.143;
6 ; 9 ; 12 ; 0.317633 ; 0.0155512 ; -0.00628974 ; 101.92;
7 ; 9 ; 12 ; 0.338394 ; -0.0259589 ; -0.00426621 ; 102.578;
8 ; 9 ; 12 ; 0.297926 ; -0.073352 ; -0.0207186 ; 103.395;
9 ; 9 ; 12 ; 0.314266 ; -0.0406147 ; -0.0368806 ; 102.208;
10 ; 9 ; 12 ; 0.354498 ; 0.000703887 ; -0.0474092 ; 101.131;
11 ; 9 ; 12 ; 0.368978 ; 0.0193514 ; 0.00287593 ; 100.309;
12 ; 9 ; 12 ; 0.370843 ; 0.000748392 ; 0.0396318 ; 100.165;
13 ; 9 ; 12 ; 0.262029 ; 0.000503608 ; -0.0375695 ; 103.056;
14 ; 9 ; 12 ; 0.320477 ; 0.0476281 ; -0.0534792 ; 101.768;
15 ; 9 ; 12 ; 0.369612 ; 0.072914 ; -0.0598546 ; 100.807;
16 ; 9 ; 12 ; 0.414881 ; 0.0688676 ; -0.021257 ; 100.916;
17 ; 9 ; 12 ; 0.356415 ; 0.0572732 ; -0.00368968 ; 102.599;
18 ; 9 ; 12 ; 0.351676 ; 0.0307496 ; 0.01743 ; 101.018;
19 ; 9 ; 12 ; 0.382655 ; 0.0463662 ; 0.00395188 ; 100.472;
20 ; 9 ; 12 ; 0.366263 ; 0.0945276 ; -0.0454536 ; 99.0135;
21 ; 9 ; 12 ; 0.329297 ; 0.0794046 ; -0.0614065 ; 103.74;
4 ; 10 ; 12 ; 0.392445 ; -0.119276 ; 0.0465923 ; 101.83;
5 ; 10 ; 12 ; 0.397822 ; -0.0607666 ; 0.00620942 ; 101.899;
6 ; 10 ; 12 ; 0.370222 ; -0.0263076 ; 0.0129992 ; 101.73;
7 ; 10 ; 12 ; 0.385046 ; -0.0424354 ; 0.0416521 ; 102.425;
8 ; 10 ; 12 ; 0.396968 ; -0.0340599 ; -0.00845538 ; 102.152;
9 ; 10 ; 12 ; 0.356171 ; -0.0564631 ; 0.0662452 ; 102.709;
10 ; 10 ; 12 ; 0.331124 ; -0.0226983 ; 0.00195105 ; 101.631;
11 ; 10 ; 12 ; 0.336753 ; 0.0162916 ; 0.00493668 ; 100.869;
12 ; 10 ; 12 ; 0.379155 ; 0.0656874 ; 0.00878256 ; 99.3847;
13 ; 10 ; 12 ; 0.232755 ; -0.00426202 ; 0.0595687 ; 103.292;
14 ; 10 ; 12 ; 0.278141 ; 0.0240395 ; -0.0249419 ; 102.402;
15 ; 10 ; 12 ; 0.324696 ; 0.0472785 ; -0.0575977 ; 101.426;
16 ; 10 ; 12 ; 0.389846 ; 0.0638465 ; -0.0675851 ; 99.6792;
17 ; 10 ; 12 ; 0.421208 ; 0.0163213 ; -0.0964595 ; 101.524;
18 ; 10 ; 12 ; 0.388305 ; 0.0377218 ; -0.0241261 ; 101.977;
19 ; 10 ; 12 ; 0.402395 ; 0.038717 ; 0.01124 ; 101.324;
20 ; 10 ; 12 ; 0.409032 ; 0.0415251 ; 0.0252608 ; 100.639;
21 ; 10 ; 12 ; 0.329934 ; -0.0939216 ; 0.0858156 ; 103.42;
4 ; 11 ; 12 ; 0.376573 ; -0.0752705 ; -0.0992509 ; 103.58;
5 ; 11 ; 12 ; 0.387327 ; -0.00882159 ; 0.0677147 ; 103.046;
6 ; 11 ; 12 ; 0.383808 ; -0.0554501 ; 0.0257178 ; 102.179;
7 ; 11 ; 12 ; 0.362102 ; -0.0757763 ; 0.0611493 ; 102.282;
8 ; 11 ; 12 ; 0.416604 ; -0.0548513 ; 0.118744 ; 101.709;
9 ; 11 ; 12 ; 0.431677 ; 0.00545289 ; 0.03645 ; 100.918;
10 ; 11 ; 12 ; 0.352072 ; -0.0272709 ; 0.033974 ; 101.847;
11 ; 11 ; 12 ; 0.326328 ; -0.0125016 ; 0.00865872 ; 102.336;
12 ; 11 ; 12 ; 0.328511 ; 0.0356452 ; 0.00992988 ; 101.753;
13 ; 11 ; 12 ; 0.351924 ; 0.0107945 ; 0.0795645 ; 100.427;
14 ; 11 ; 12 ; 0.282023 ; 0.0130812 ; 0.0249908 ; 101.597;
15 ; 11 ; 12 ; 0.302732 ; 0.0155775 ; -0.0356 ; 101.274;
16 ; 11 ; 12 ; 0.336548 ; 0.0344731 ; -0.0638582 ; 101.438;
17 ; 11 ; 12 ; 0.322374 ; -0.0766456 ; -0.0404762 ; 101.067;
18 ; 11 ; 12 ; 0.391252 ; -0.00152806 ; -0.0527892 ; 102.399;
19 ; 11 ; 12 ; 0.39086 ; 0.00224406 ; -0.0312194 ; 101.946;
20 ; 11 ; 12 ; 0.379522 ; 0.00222201 ; 0.0236549 ; 101.335;
21 ; 11 ; 12 ; 0.389321 ; 0.0573591 ; 0.059949 ; 101.1;
4 ; 12 ; 12 ; 0.29512 ; -0.0616587 ; -0.0542403 ; 105.66;
5 ; 12 ; 12 ; 0.328787 ; 0.0173276 ; 0.0854889 ; 103.59;
6 ; 12 ; 12 ; 0.383776 ; -0.0507095 ; 0.0367251 ; 102.813;
7 ; 12 ; 12 ; 0.334364 ; -0.0947127 ; 0.0579375 ; 102.776;
8 ; 12 ; 12 ; 0.360983 ; -0.0807338 ; 0.147894 ; 102.715;
9 ; 12 ; 12 ; 0.447325 ; 0.0311283 ; 0.0150741 ; 99.95;
10 ; 12 ; 12 ; 0.374958 ; -0.0179122 ; 0.0193684 ; 101.69;
11 ; 12 ; 12 ; 0.336445 ; -0.0299509 ; -0.0117739 ; 102.957;
12 ; 12 ; 12 ; 0.351644 ; -0.0149619 ; -0.0230933 ; 103.545;
13 ; 12 ; 12 ; 0.471633 ; 0.010434 ; 0.0426112 ; 98.85;
14 ; 12 ; 12 ; 0.296688 ; 0.0152616 ; 0.0489616 ; 100.547;
15 ; 12 ; 12 ; 0.3 ; 0.00533608 ; -0.0300787 ; 100.299;
16 ; 12 ; 12 ; 0.340958 ; 0.00729575 ; -0.0950008 ; 99.9197;
17 ; 12 ; 12 ; 0.24691 ; -0.102078 ; 0.0507881 ; 101.71;
18 ; 12 ; 12 ; 0.370719 ; -0.0291027 ; -0.0580234 ; 102.285;
19 ; 12 ; 12 ; 0.385397 ; -0.0129665 ; -0.0565104 ; 101.946;
20 ; 12 ; 12 ; 0.385618 ; -0.0179234 ; -0.0233234 ; 100.2;
21 ; 12 ; 12 ; 0.52379 ; 0.00963435 ; 0.0281361 ; 101.7;
4 ; 13 ; 12 ; 0.36199 ; 0.0483893 ; 0.134832 ; 100.94;
5 ; 13 ; 12 ; 0.302376 ; 0.00147294 ; 0.00418661 ; 100.183;
6 ; 13 ; 12 ; 0.323526 ; 0.0308057 ; -0.00466406 ; 102.19;
7 ; 13 ; 12 ; 0.336758 ; -0.00945746 ; 0.0463086 ; 103.207;
8 ; 13 ; 12 ; 0.40898 ; -0.149904 ; 0.215327 ; 100.86;
9 ; 13 ; 12 ; 0.317497 ; 0.00810614 ; -0.0613413 ; 101.376;
10 ; 13 ; 12 ; 0.333757 ; -0.00891386 ; -0.0357749 ; 100.949;
11 ; 13 ; 12 ; 0.355788 ; -0.034416 ; 0.0310443 ; 101.654;
12 ; 13 ; 12 ; 0.324715 ; 0.0219666 ; 0.153046 ; 101.88;
13 ; 13 ; 12 ; 0.405961 ; 0.0306725 ; 0.0289018 ; 103.886;
14 ; 13 ; 12 ; 0.358873 ; 0.0215996 ; 0.0337077 ; 102.274;
15 ; 13 ; 12 ; 0.330134 ; 0.00136729 ; -0.0047772 ; 101.826;
16 ; 13 ; 12 ; 0.343143 ; 0.00779178 ; -0.0588787 ; 103.08;
17 ; 13 ; 12 ; 0.314329 ; 0.0631681 ; -0.0188046 ; 100.814;
18 ; 13 ; 12 ; 0.299175 ; 0.0276152 ; 0.0151159 ; 102.472;
19 ; 13 ; 12 ; 0.354411 ; -0.0301189 ; 0.00950843 ; 103.035;
20 ; 13 ; 12 ; 0.38473 ; -0.0575493 ; -0.0943777 ; 103.03;
21 ; 13 ; 12 ; 0.345387 ; 0.0505755 ; -0.0982885 ; 102.83;
4 ; 14 ; 12 ; 0.342914 ; 0.0513893 ; 0.0722949 ; 102.25;
5 ; 14 ; 12 ; 0.259818 ; 0.023444 ; 0.0462497 ; 102.532;
6 ; 14 ; 12 ; 0.301363 ; 0.0208119 ; 0.00963636 ; 102.36;
7 ; 14 ; 12 ; 0.319878 ; -0.00987707 ; 0.0253534 ; 102.644;
8 ; 14 ; 12 ; 0.346029 ; -0.0818788 ; 0.100139 ; 102.194;
9 ; 14 ; 12 ; 0.299988 ; -0.0394212 ; -0.10148 ; 101.691;
10 ; 14 ; 12 ; 0.323805 ; -0.0189992 ; -0.0533839 ; 101.072;
11 ; 14 ; 12 ; 0.342999 ; -0.032064 ; 0.0186331 ; 101.63;
12 ; 14 ; 12 ; 0.371201 ; -0.0357855 ; 0.101392 ; 102.487;
13 ; 14 ; 12 ; 0.387745 ; 0.0217132 ; -0.00865519 ; 103.04;
14 ; 14 ; 12 ; 0.370328 ; 0.0294713 ; 0.016662 ; 102.271;
15 ; 14 ; 12 ; 0.359679 ; 0.0237067 ; 0.00412593 ; 101.776;
16 ; 14 ; 12 ; 0.330605 ; -0.00108969 ; -0.0200747 ; 102.235;
17 ; 14 ; 12 ; 0.322696 ; 0.0967187 ; -0.0289763 ; 98.5042;
18 ; 14 ; 12 ; 0.315838 ; 0.047174 ; -0.00250144 ; 101.204;
19 ; 14 ; 12 ; 0.357904 ; 0.00404479 ; -0.00969452 ; 102.04;
20 ; 14 ; 12 ; 0.390613 ; -0.0401415 ; -0.0231581 ; 103.094;
21 ; 14 ; 12 ; 0.205686 ; 0.00278044 ; -0.101243 ; 98.83;
4 ; 15 ; 12 ; 0.41559 ; -0.0324214 ; 0.0131187 ; 101.21;
5 ; 15 ; 12 ; 0.273647 ; 0.0418992 ; 0.0501308 ; 101.769;
6 ; 15 ; 12 ; 0.287811 ; 0.0224391 ; 0.00896785 ; 102.546;
7 ; 15 ; 12 ; 0.313229 ; 0.00747819 ; -0.0189992 ; 101.799;
8 ; 15 ; 12 ; 0.301708 ; -0.0169173 ; -0.0410247 ; 102.233;
9 ; 15 ; 12 ; 0.323146 ; -0.0903841 ; -0.0461679 ; 99.7653;
10 ; 15 ; 12 ; 0.329532 ; -0.0456291 ; -0.065051 ; 100.959;
11 ; 15 ; 12 ; 0.340951 ; -0.02434 ; -0.0015724 ; 101.665;
12 ; 15 ; 12 ; 0.35916 ; -0.0642793 ; 0.0530659 ; 102.819;
13 ; 15 ; 12 ; 0.354423 ; -0.00442117 ; -0.0587242 ; 102.171;
14 ; 15 ; 12 ; 0.385007 ; 0.0270198 ; -0.0248169 ; 102.134;
15 ; 15 ; 12 ; 0.403026 ; 0.0378564 ; -0.00601601 ; 101.706;
16 ; 15 ; 12 ; 0.383646 ; 0.0419306 ; 0.037163 ; 100.813;
17 ; 15 ; 12 ; 0.318649 ; 0.0333063 ; -0.128299 ; 99.3996;
18 ; 15 ; 12 ; 0.329633 ; 0.0386645 ; -0.0594494 ; 99.9677;
19 ; 15 ; 12 ; 0.337796 ; 0.0133187 ; -0.0440019 ; 100.934;
20 ; 15 ; 12 ; 0.37415 ; 0.0151833 ; 0.00780203 ; 101.965;
21 ; 15 ; 12 ; 0.325482 ; 0.0571566 ; 0.0430618 ; 99.07;
4 ; 16 ; 12 ; 0.229848 ; -0.0405514 ; -0.0862136 ; 101.68;
5 ; 16 ; 12 ; 0.319813 ; -0.0155725 ; 0.0614526 ; 102.384;
6 ; 16 ; 12 ; 0.290238 ; -0.000526873 ; 0.0283629 ; 102.024;
7 ; 16 ; 12 ; 0.315613 ; -0.0211878 ; -0.0139687 ; 101.054;
8 ; 16 ; 12 ; 0.366798 ; 0.00439094 ; -0.0512662 ; 100.699;
9 ; 16 ; 12 ; 0.288886 ; -0.083477 ; -0.0215013 ; 99.4594;
10 ; 16 ; 12 ; 0.315938 ; -0.0644814 ; -0.0335957 ; 100.046;
11 ; 16 ; 12 ; 0.320238 ; -0.0198212 ; -0.0102622 ; 100.968;
12 ; 16 ; 12 ; 0.324485 ; 0.00560331 ; 0.0384388 ; 101.99;
13 ; 16 ; 12 ; 0.342169 ; -0.0815177 ; -0.0187001 ; 101.284;
14 ; 16 ; 12 ; 0.371393 ; -0.0175229 ; -0.0402999 ; 101.335;
15 ; 16 ; 12 ; 0.399219 ; 0.00327943 ; -0.0343132 ; 101.249;
16 ; 16 ; 12 ; 0.464599 ; 0.0574509 ; -0.00716354 ; 101.233;
17 ; 16 ; 12 ; 0.368799 ; 0.0259812 ; -0.0645307 ; 100.431;
18 ; 16 ; 12 ; 0.330176 ; -0.00181555 ; -0.0800481 ; 100.363;
19 ; 16 ; 12 ; 0.309653 ; -0.0415781 ; -0.0673802 ; 100.901;
20 ; 16 ; 12 ; 0.309379 ; -0.0208343 ; -0.0490517 ; 101.343;
21 ; 16 ; 12 ; 0.396612 ; 0.0606561 ; -0.0493914 ; 100.35;
4 ; 17 ; 12 ; 0.337202 ; 0.138188 ; 0.0651302 ; 96.86;
5 ; 17 ; 12 ; 0.348275 ; -0.0384275 ; -0.00475402 ; 102.188;
6 ; 17 ; 12 ; 0.318519 ; -0.0425428 ; 0.0102666 ; 102.222;
7 ; 17 ; 12 ; 0.323227 ; -0.07892 ; 0.00211652 ; 101.492;
8 ; 17 ; 12 ; 0.360091 ; -0.0324191 ; -0.057161 ; 100.237;
9 ; 17 ; 12 ; 0.242009 ; 0.00629737 ; -0.0191276 ; 99.8102;
10 ; 17 ; 12 ; 0.302663 ; -0.0502934 ; -0.0132325 ; 99.9559;
11 ; 17 ; 12 ; 0.330961 ; -0.0367695 ; -0.00544787 ; 100.919;
12 ; 17 ; 12 ; 0.341871 ; 0.00499825 ; -0.0121243 ; 101.079;
13 ; 17 ; 12 ; 0.393812 ; -0.046463 ; -0.0308506 ; 100.14;
14 ; 17 ; 12 ; 0.371609 ; -0.056822 ; -0.0279513 ; 100.452;
15 ; 17 ; 12 ; 0.355195 ; -0.0434838 ; -0.0377988 ; 100.407;
16 ; 17 ; 12 ; 0.392801 ; -0.0160767 ; -0.0461356 ; 101.938;
17 ; 17 ; 12 ; 0.420134 ; 0.0817366 ; 0.151405 ; 101.224;
18 ; 17 ; 12 ; 0.361753 ; 0.0091453 ; 0.0119598 ; 100.885;
19 ; 17 ; 12 ; 0.313385 ; -0.0450433 ; -0.0304934 ; 100.992;
20 ; 17 ; 12 ; 0.29498 ; -0.118246 ; -0.040834 ; 101.425;
21 ; 17 ; 12 ; 0.0684087 ; -0.0181601 ; 0.123449 ; 102.87;
4 ; 18 ; 12 ; 0.380391 ; -0.10951 ; 0.0196673 ; 98.3;
5 ; 18 ; 12 ; 0.371577 ; -0.00437168 ; -0.100831 ; 101.6;
6 ; 18 ; 12 ; 0.322441 ; -0.0785914 ; 0.013255 ; 102.337;
7 ; 18 ; 12 ; 0.316191 ; -0.125072 ; 0.0197551 ; 101.696;
8 ; 18 ; 12 ; 0.322999 ; -0.110814 ; -0.0256697 ; 100.373;
9 ; 18 ; 12 ; 0.260114 ; 0.0647661 ; -0.0196074 ; 99.71;
10 ; 18 ; 12 ; 0.281047 ; -0.0333254 ; -0.00938653 ; 100.039;
11 ; 18 ; 12 ; 0.325878 ; -0.047756 ; -0.000593621 ; 100.821;
12 ; 18 ; 12 ; 0.305099 ; -0.0135996 ; -0.00188202 ; 100.817;
13 ; 18 ; 12 ; 0.445355 ; 0.0288039 ; -0.0742926 ; 99.46;
14 ; 18 ; 12 ; 0.37396 ; -0.0699374 ; -0.0134021 ; 99.9985;
15 ; 18 ; 12 ; 0.331258 ; -0.0576911 ; -0.0260977 ; 99.8837;
16 ; 18 ; 12 ; 0.292306 ; -0.0172084 ; 0.0128304 ; 101.277;
17 ; 18 ; 12 ; 0.431514 ; 0.0916247 ; 0.250321 ; 101.83;
18 ; 18 ; 12 ; 0.387951 ; 0.0403358 ; 0.0843855 ; 100.773;
19 ; 18 ; 12 ; 0.330227 ; -0.0181582 ; -0.00838927 ; 100.763;
20 ; 18 ; 12 ; 0.312708 ; -0.0432118 ; -0.020118 ; 100.676;
21 ; 18 ; 12 ; 0.373161 ; -0.111667 ; 0.0743825 ; 101.27;
4 ; 19 ; 12 ; 0.272017 ; 0.104744 ; -0.0478076 ; 101.4;
5 ; 19 ; 12 ; 0.361933 ; -0.0693152 ; 0.0838237 ; 100.753;
6 ; 19 ; 12 ; 0.339531 ; -0.092895 ; 0.0381717 ; 101.193;
7 ; 19 ; 12 ; 0.359093 ; -0.0350932 ; 0.0167787 ; 100.629;
8 ; 19 ; 12 ; 0.421664 ; 0.104251 ; 0.0796617 ; 98.4;
9 ; 19 ; 12 ; 0.335578 ; -0.0416458 ; -0.0237897 ; 100.356;
10 ; 19 ; 12 ; 0.317178 ; -0.0185902 ; -0.0141926 ; 102.505;
11 ; 19 ; 12 ; 0.342039 ; 0.0391949 ; -0.0237083 ; 102.758;
12 ; 19 ; 12 ; 0.38352 ; 0.0561386 ; -0.00988983 ; 100.54;
13 ; 19 ; 12 ; 0.308068 ; 0.0745705 ; -0.0342547 ; 101.093;
14 ; 19 ; 12 ; 0.387815 ; 0.0277235 ; -0.00111728 ; 101.34;
15 ; 19 ; 12 ; 0.435767 ; 0.00811633 ; 0.0493604 ; 101.657;
16 ; 19 ; 12 ; 0.447777 ; 0.0728665 ; 0.131637 ; 102.14;
17 ; 19 ; 12 ; 0.317525 ; 0.049432 ; -0.0555443 ; 97.9384;
18 ; 19 ; 12 ; 0.286823 ; 0.00110709 ; -0.0300807 ; 99.5365;
19 ; 19 ; 12 ; 0.285603 ; 0.0129838 ; -0.0226027 ; 100.419;
20 ; 19 ; 12 ; 0.299316 ; 0.124653 ; -0.0590029 ; 101.86;
21 ; 19 ; 12 ; 0.272064 ; 0.0246371 ; 0.0278632 ; 102.36;
4 ; 20 ; 12 ; 0.283602 ; 0.0579721 ; -0.101328 ; 103.39;
5 ; 20 ; 12 ; 0.327144 ; -0.0523513 ; -0.0147328 ; 100.368;
6 ; 20 ; 12 ; 0.348307 ; -0.0581583 ; 0.00984663 ; 101.456;
7 ; 20 ; 12 ; 0.384166 ; -0.0115542 ; 0.0153983 ; 101.578;
8 ; 20 ; 12 ; 0.409145 ; 0.0174119 ; 0.00838003 ; 100.461;
9 ; 20 ; 12 ; 0.307031 ; 0.0438244 ; -0.0285222 ; 98.1983;
10 ; 20 ; 12 ; 0.303787 ; -0.0109843 ; -0.0191477 ; 101.626;
11 ; 20 ; 12 ; 0.315772 ; 0.000963983 ; -0.0204948 ; 102.331;
12 ; 20 ; 12 ; 0.374294 ; 0.064217 ; -0.0271989 ; 102.209;
13 ; 20 ; 12 ; 0.277629 ; 0.04303 ; -0.108787 ; 101.06;
14 ; 20 ; 12 ; 0.369125 ; 0.0250403 ; -0.0485554 ; 101.557;
15 ; 20 ; 12 ; 0.421263 ; -0.00565126 ; -0.0136822 ; 102.134;
16 ; 20 ; 12 ; 0.438815 ; 0.0438615 ; 0.0773266 ; 102.241;
17 ; 20 ; 12 ; 0.355133 ; 0.0573226 ; -0.0029424 ; 97.8319;
18 ; 20 ; 12 ; 0.304977 ; 0.0309065 ; 0.000632003 ; 99.7435;
19 ; 20 ; 12 ; 0.30136 ; 0.0330437 ; 0.00137903 ; 99.6361;
20 ; 20 ; 12 ; 0.302252 ; 0.0710406 ; -0.0422748 ; 100.667;
21 ; 20 ; 12 ; 0.317293 ; -0.0786128 ; -0.0204458 ; 102.44;
4 ; 21 ; 12 ; 0.239747 ; -0.0628906 ; 0.161046 ; 103.76;
5 ; 21 ; 12 ; 0.307736 ; -0.0238439 ; -0.127177 ; 100.8;
6 ; 21 ; 12 ; 0.362515 ; -0.0404396 ; 0.00207276 ; 101.24;
7 ; 21 ; 12 ; 0.408959 ; -0.0157917 ; 0.00403192 ; 102.403;
8 ; 21 ; 12 ; 0.383246 ; -0.0533737 ; -0.0307862 ; 102.226;
9 ; 21 ; 12 ; 0.274686 ; 0.129019 ; 0.0365769 ; 97.32;
10 ; 21 ; 12 ; 0.303798 ; -0.00321701 ; -0.0467659 ; 100.471;
11 ; 21 ; 12 ; 0.299478 ; -0.0225458 ; -0.0311536 ; 102.103;
12 ; 21 ; 12 ; 0.315123 ; 0.0202209 ; -0.0291534 ; 102.394;
13 ; 21 ; 12 ; 0.291762 ; 0.0458489 ; -0.165435 ; 102.28;
14 ; 21 ; 12 ; 0.344391 ; 0.0187125 ; -0.0929555 ; 101.651;
15 ; 21 ; 12 ; 0.401418 ; -0.0218895 ; -0.06741 ; 102.773;
16 ; 21 ; 12 ; 0.404076 ; -0.0147894 ; -0.0307066 ; 101.914;
17 ; 21 ; 12 ; 0.380342 ; 0.0792923 ; -0.00499285 ; 98.63;
18 ; 21 ; 12 ; 0.333517 ; 0.0545495 ; 0.0211796 ; 99.5017;
19 ; 21 ; 12 ; 0.323587 ; 0.0440177 ; 0.0179343 ; 98.7461;
20 ; 21 ; 12 ; 0.343889 ; 0.0085406 ; -0.0475277 ; 97.9311;
21 ; 21 ; 12 ; 0.307397 ; -0.0550707 ; 0.0901409 ; 104.48;
4 ; 4 ; 13 ; 0.374458 ; -0.126186 ; 0.0953618 ; 100.08;
5 ; 4 ; 13 ; 0.27148 ; 0.0608538 ; -0.0269983 ; 101.909;
6 ; 4 ; 13 ; 0.262996 ; 0.0514783 ; -0.0201385 ; 101.797;
7 ; 4 ; 13 ; 0.224733 ; 0.0469075 ; -0.0382124 ; 100.363;
8 ; 4 ; 13 ; 0.253846 ; 0.0158582 ; -0.0973043 ; 101.52;
9 ; 4 ; 13 ; 0.205546 ; 0.0249053 ; 0.0340637 ; 100.377;
10 ; 4 ; 13 ; 0.231385 ; 0.0590677 ; 0.0479664 ; 102.026;
11 ; 4 ; 13 ; 0.293757 ; 0.011519 ; 0.0675187 ; 101.614;
12 ; 4 ; 13 ; 0.409562 ; -0.12458 ; 0.0572164 ; 100.52;
13 ; 4 ; 13 ; 0.364799 ; 0.0863292 ; -0.0591967 ; 102.666;
14 ; 4 ; 13 ; 0.349678 ; 0.0738455 ; 0.00313981 ; 102.105;
15 ; 4 ; 13 ; 0.309905 ; 0.0224477 ; 0.0546859 ; 100.289;
16 ; 4 ; 13 ; 0.250733 ; -0.0247107 ; 0.118422 ; 102.33;
17 ; 4 ; 13 ; 0.364467 ; 0.0329925 ; 0.0601451 ; 104.202;
18 ; 4 ; 13 ; 0.308718 ; 0.0662641 ; -0.000296905 ; 103.86;
19 ; 4 ; 13 ; 0.271731 ; 0.0302726 ; -0.0587655 ; 100.604;
20 ; 4 ; 13 ; 0.306666 ; -0.0924745 ; -0.0332917 ; 97.51;
21 ; 4 ; 13 ; 0.416233 ; -0.0182703 ; -0.0731361 ; 99.73;
4 ; 5 ; 13 ; 0.298972 ; 0.00184102 ; 0.109577 ; 101.29;
5 ; 5 ; 13 ; 0.399949 ; -0.0555272 ; -0.00970875 ; 101.962;
6 ; 5 ; 13 ; 0.298982 ; 0.0102328 ; -0.0230804 ; 101.733;
7 ; 5 ; 13 ; 0.261278 ; 0.0253533 ; -0.040044 ; 100.621;
8 ; 5 ; 13 ; 0.211596 ; 0.060544 ; -0.0740123 ; 100.244;
9 ; 5 ; 13 ; 0.223809 ; -0.0127337 ; 0.0522597 ; 103.204;
10 ; 5 ; 13 ; 0.22468 ; 0.0360839 ; 0.0425242 ; 102.029;
11 ; 5 ; 13 ; 0.264874 ; 0.00451593 ; 0.0533445 ; 100.923;
12 ; 5 ; 13 ; 0.340119 ; -0.0659645 ; 0.0861556 ; 101.426;
13 ; 5 ; 13 ; 0.273737 ; 0.11501 ; -0.0318982 ; 98.3181;
14 ; 5 ; 13 ; 0.322383 ; 0.0837319 ; 0.0172539 ; 101.351;
15 ; 5 ; 13 ; 0.303816 ; 0.025199 ; 0.0597289 ; 101.189;
16 ; 5 ; 13 ; 0.269304 ; -0.0103924 ; 0.0916194 ; 100.905;
17 ; 5 ; 13 ; 0.284023 ; 0.0326959 ; 0.143507 ; 101.031;
18 ; 5 ; 13 ; 0.304344 ; 0.0630139 ; 0.043884 ; 102.772;
19 ; 5 ; 13 ; 0.279303 ; 0.0509022 ; -0.0261301 ; 101.118;
20 ; 5 ; 13 ; 0.267922 ; -0.0293257 ; -0.0761974 ; 98.1844;
21 ; 5 ; 13 ; 0.202573 ; 0.128405 ; -0.0635513 ; 104.25;
4 ; 6 ; 13 ; 0.187309 ; -0.0271439 ; -0.161465 ; 107.75;
5 ; 6 ; 13 ; 0.459741 ; -0.183611 ; -0.000464721 ; 101.24;
6 ; 6 ; 13 ; 0.325738 ; 0.00294315 ; -0.0243294 ; 101.389;
7 ; 6 ; 13 ; 0.280025 ; 0.0316504 ; -0.0357442 ; 100.347;
8 ; 6 ; 13 ; 0.276497 ; 0.0395056 ; -0.0350349 ; 100.184;
9 ; 6 ; 13 ; 0.213812 ; -0.0745175 ; 0.0272988 ; 103.84;
10 ; 6 ; 13 ; 0.216637 ; 0.0224282 ; 0.0532992 ; 102.452;
11 ; 6 ; 13 ; 0.227979 ; 0.00841829 ; 0.0545968 ; 100.675;
12 ; 6 ; 13 ; 0.247216 ; -0.0265025 ; 0.0548682 ; 102.211;
13 ; 6 ; 13 ; 0.194485 ; 0.135148 ; 0.0261789 ; 95.9;
14 ; 6 ; 13 ; 0.306846 ; 0.0877749 ; 0.00873355 ; 100.523;
15 ; 6 ; 13 ; 0.305977 ; 0.0337746 ; 0.0488433 ; 101.503;
16 ; 6 ; 13 ; 0.281752 ; -0.0416282 ; 0.0468577 ; 101.14;
17 ; 6 ; 13 ; 0.197888 ; 0.0075524 ; 0.216823 ; 96.01;
18 ; 6 ; 13 ; 0.311047 ; 0.0599852 ; 0.0843917 ; 102.883;
19 ; 6 ; 13 ; 0.282251 ; 0.07337 ; -0.00258832 ; 102.081;
20 ; 6 ; 13 ; 0.229181 ; 0.0409604 ; -0.0904918 ; 99.4246;
21 ; 6 ; 13 ; 0.382159 ; 0.0427519 ; -0.00494052 ; 104.6;
4 ; 7 ; 13 ; 0.173246 ; 0.153193 ; -0.0890276 ; 99.07;
5 ; 7 ; 13 ; 0.303978 ; 0.039248 ; 0.0414334 ; 101.097;
6 ; 7 ; 13 ; 0.251092 ; -0.00105125 ; 0.0293982 ; 101.621;
7 ; 7 ; 13 ; 0.240718 ; -0.0618097 ; 0.023411 ; 102.395;
8 ; 7 ; 13 ; 0.313369 ; -0.112554 ; -0.0476767 ; 103.1;
9 ; 7 ; 13 ; 0.301182 ; -0.102423 ; 0.0229762 ; 101.284;
10 ; 7 ; 13 ; 0.279518 ; -0.0567606 ; 0.0487901 ; 100.867;
11 ; 7 ; 13 ; 0.23601 ; 0.0308756 ; 0.00117231 ; 99.5913;
12 ; 7 ; 13 ; 0.158013 ; 0.148481 ; -0.0620359 ; 99.59;
13 ; 7 ; 13 ; 0.29099 ; -0.0221066 ; 0.00570842 ; 101.59;
14 ; 7 ; 13 ; 0.338678 ; -0.0666322 ; -0.00614038 ; 101.056;
15 ; 7 ; 13 ; 0.330911 ; -0.0738061 ; 0.0731109 ; 99.9738;
16 ; 7 ; 13 ; 0.19914 ; -0.129245 ; 0.218694 ; 99.49;
17 ; 7 ; 13 ; 0.299227 ; -0.0193936 ; 0.0754701 ; 99.9422;
18 ; 7 ; 13 ; 0.304219 ; -0.0367411 ; 0.0608396 ; 100.591;
19 ; 7 ; 13 ; 0.294817 ; -0.0128028 ; 0.0425516 ; 100.756;
20 ; 7 ; 13 ; 0.291469 ; 0.0318736 ; -0.0542443 ; 102.67;
21 ; 7 ; 13 ; 0.131797 ; 0.032371 ; 0.176482 ; 106.02;
4 ; 8 ; 13 ; 0.268136 ; -0.119562 ; 0.00373549 ; 101.32;
5 ; 8 ; 13 ; 0.28644 ; 0.0463435 ; 0.0165565 ; 101.344;
6 ; 8 ; 13 ; 0.265931 ; 0.0129816 ; 0.0475402 ; 101.52;
7 ; 8 ; 13 ; 0.259695 ; -0.0329267 ; 0.0471616 ; 101.82;
8 ; 8 ; 13 ; 0.267136 ; -0.0993674 ; 0.0104231 ; 102.851;
9 ; 8 ; 13 ; 0.239848 ; -0.0234436 ; 0.0248662 ; 100.099;
10 ; 8 ; 13 ; 0.27185 ; -0.0352845 ; 0.037483 ; 101.123;
11 ; 8 ; 13 ; 0.249784 ; 0.0323959 ; 0.00468078 ; 100.357;
12 ; 8 ; 13 ; 0.21754 ; 0.0809092 ; -0.033713 ; 100.389;
13 ; 8 ; 13 ; 0.300197 ; 0.0072113 ; 0.0371728 ; 101.428;
14 ; 8 ; 13 ; 0.321097 ; -0.0379708 ; 0.00087343 ; 101.203;
15 ; 8 ; 13 ; 0.323581 ; -0.0414436 ; 0.0340187 ; 100.702;
16 ; 8 ; 13 ; 0.269044 ; -0.0659944 ; 0.149388 ; 99.4027;
17 ; 8 ; 13 ; 0.28334 ; 0.0472127 ; 0.0677154 ; 100.324;
18 ; 8 ; 13 ; 0.292545 ; -0.00984463 ; 0.0552755 ; 100.532;
19 ; 8 ; 13 ; 0.2851 ; -0.0077077 ; 0.0423006 ; 100.24;
20 ; 8 ; 13 ; 0.294852 ; 0.0118566 ; -0.010513 ; 101.617;
21 ; 8 ; 13 ; 0.350366 ; 0.177708 ; -0.212619 ; 99.24;
4 ; 9 ; 13 ; 0.273015 ; 0.0785126 ; 0.105143 ; 102.61;
5 ; 9 ; 13 ; 0.256478 ; -0.00239771 ; 0.020411 ; 100.287;
6 ; 9 ; 13 ; 0.262453 ; 0.0159591 ; 0.0531844 ; 100.43;
7 ; 9 ; 13 ; 0.257284 ; -0.00853933 ; 0.0628309 ; 100.929;
8 ; 9 ; 13 ; 0.259857 ; -0.030357 ; 0.0677742 ; 101.747;
9 ; 9 ; 13 ; 0.243854 ; 0.0373288 ; 0.0675431 ; 101.778;
10 ; 9 ; 13 ; 0.266716 ; 0.00266743 ; 0.0229129 ; 101.493;
11 ; 9 ; 13 ; 0.258708 ; 0.0168154 ; 0.0113609 ; 101.442;
12 ; 9 ; 13 ; 0.261985 ; 0.0224203 ; 0.013073 ; 101.305;
13 ; 9 ; 13 ; 0.233159 ; -0.00997964 ; 0.00831346 ; 101.832;
14 ; 9 ; 13 ; 0.28213 ; -0.0109856 ; 0.0126232 ; 101.096;
15 ; 9 ; 13 ; 0.306792 ; -0.00373336 ; -0.0143441 ; 101.038;
16 ; 9 ; 13 ; 0.317568 ; 0.019563 ; -0.00728749 ; 101.204;
17 ; 9 ; 13 ; 0.265633 ; 0.0869811 ; 0.056025 ; 102.131;
18 ; 9 ; 13 ; 0.270908 ; 0.0296276 ; 0.0626254 ; 101.444;
19 ; 9 ; 13 ; 0.269604 ; 0.00621284 ; 0.0533668 ; 100.555;
20 ; 9 ; 13 ; 0.291913 ; -0.00927219 ; 0.0374312 ; 99.8996;
21 ; 9 ; 13 ; 0.308804 ; -0.0450469 ; -0.0454103 ; 101.62;
4 ; 10 ; 13 ; 0.253675 ; 0.0308133 ; -0.00732298 ; 101.4;
5 ; 10 ; 13 ; 0.266835 ; -0.00655003 ; -0.0853462 ; 102.119;
6 ; 10 ; 13 ; 0.261079 ; 0.00516311 ; -0.0073809 ; 101.237;
7 ; 10 ; 13 ; 0.264094 ; -0.0161387 ; 0.0174535 ; 101.71;
8 ; 10 ; 13 ; 0.259407 ; -0.00906549 ; 0.0240845 ; 101.861;
9 ; 10 ; 13 ; 0.295239 ; 0.00341349 ; 0.0274902 ; 102.713;
10 ; 10 ; 13 ; 0.284489 ; 0.0175813 ; 0.030543 ; 102.538;
11 ; 10 ; 13 ; 0.282477 ; 0.0199041 ; 0.017309 ; 102.04;
12 ; 10 ; 13 ; 0.219174 ; 0.0278344 ; 0.0183952 ; 101.387;
13 ; 10 ; 13 ; 0.24364 ; -0.0240148 ; 0.0924313 ; 101.562;
14 ; 10 ; 13 ; 0.256113 ; -0.0179068 ; 0.0274486 ; 101.172;
15 ; 10 ; 13 ; 0.283029 ; -0.01273 ; -0.019985 ; 100.892;
16 ; 10 ; 13 ; 0.281514 ; 0.0145057 ; -0.0501838 ; 101.071;
17 ; 10 ; 13 ; 0.282168 ; 0.0184521 ; 0.000328759 ; 101.527;
18 ; 10 ; 13 ; 0.264233 ; 0.0332202 ; 0.0301423 ; 102.252;
19 ; 10 ; 13 ; 0.267989 ; 0.0115452 ; 0.0257096 ; 101.533;
20 ; 10 ; 13 ; 0.274011 ; 0.0161822 ; 0.0468554 ; 100.68;
21 ; 10 ; 13 ; 0.253093 ; 0.115317 ; 0.060808 ; 102.46;
4 ; 11 ; 13 ; 0.376685 ; -0.0205759 ; 0.0514553 ; 99.34;
5 ; 11 ; 13 ; 0.348744 ; 0.0474707 ; 0.0115168 ; 100.72;
6 ; 11 ; 13 ; 0.311959 ; 0.0104566 ; -0.039319 ; 101.231;
7 ; 11 ; 13 ; 0.301209 ; -0.0342275 ; -0.0180672 ; 102.244;
8 ; 11 ; 13 ; 0.257602 ; -0.0463631 ; 0.000560324 ; 102.522;
9 ; 11 ; 13 ; 0.280415 ; -0.0224151 ; 0.00289468 ; 101.441;
10 ; 11 ; 13 ; 0.309084 ; -0.00858843 ; 0.0248591 ; 101.624;
11 ; 11 ; 13 ; 0.329131 ; -0.00356535 ; 0.0205807 ; 101.655;
12 ; 11 ; 13 ; 0.308514 ; 0.0138749 ; -0.00864899 ; 101.42;
13 ; 11 ; 13 ; 0.225911 ; -0.0678578 ; 0.0540757 ; 103.471;
14 ; 11 ; 13 ; 0.259408 ; -0.04663 ; 0.052328 ; 101.771;
15 ; 11 ; 13 ; 0.295724 ; -0.030027 ; 0.0154405 ; 101.325;
16 ; 11 ; 13 ; 0.288221 ; -0.0203155 ; -0.00972508 ; 99.628;
17 ; 11 ; 13 ; 0.306527 ; -0.0287652 ; 0.048358 ; 98.5277;
18 ; 11 ; 13 ; 0.29592 ; -0.00594366 ; 0.00322247 ; 101.309;
19 ; 11 ; 13 ; 0.299079 ; -0.0242585 ; -0.0193985 ; 101.548;
20 ; 11 ; 13 ; 0.278964 ; 0.0355429 ; 0.00820154 ; 101.944;
21 ; 11 ; 13 ; 0.23428 ; 0.133646 ; -0.0421812 ; 103;
4 ; 12 ; 13 ; 0.328279 ; -0.046984 ; -0.0843222 ; 99.53;
5 ; 12 ; 13 ; 0.390344 ; 0.0775242 ; 0.160802 ; 96.84;
6 ; 12 ; 13 ; 0.360426 ; 0.026572 ; -0.0411837 ; 101.771;
7 ; 12 ; 13 ; 0.344476 ; -0.0313235 ; -0.02575 ; 102.552;
8 ; 12 ; 13 ; 0.268179 ; -0.0489109 ; 0.0437012 ; 101.913;
9 ; 12 ; 13 ; 0.259905 ; -0.00385915 ; 0.0142422 ; 99.74;
10 ; 12 ; 13 ; 0.318825 ; -0.0264899 ; 0.0212578 ; 101.095;
11 ; 12 ; 13 ; 0.363477 ; -0.00558055 ; 0.0236701 ; 101.481;
12 ; 12 ; 13 ; 0.372414 ; 0.0291253 ; -0.0151053 ; 102.233;
13 ; 12 ; 13 ; 0.196705 ; -0.109369 ; -0.0379485 ; 104.99;
14 ; 12 ; 13 ; 0.26547 ; -0.0536834 ; 0.0642327 ; 102.426;
15 ; 12 ; 13 ; 0.304487 ; -0.0331336 ; 0.0272964 ; 102.165;
16 ; 12 ; 13 ; 0.316527 ; -0.00647784 ; -0.0434987 ; 101.329;
17 ; 12 ; 13 ; 0.31226 ; -0.032504 ; 0.142695 ; 97.36;
18 ; 12 ; 13 ; 0.317617 ; -0.0281558 ; -0.0228222 ; 100.138;
19 ; 12 ; 13 ; 0.318429 ; -0.0504912 ; -0.0541933 ; 100.878;
20 ; 12 ; 13 ; 0.299736 ; 8.94277e-05 ; 0.00500477 ; 100.663;
21 ; 12 ; 13 ; 0.316498 ; 0.15256 ; -0.219463 ; 98.76;
4 ; 13 ; 13 ; 0.110305 ; 0.13615 ; 0.0524668 ; 104.62;
5 ; 13 ; 13 ; 0.239853 ; -0.0715667 ; -0.0719249 ; 102.465;
6 ; 13 ; 13 ; 0.265435 ; -0.0278516 ; -0.118978 ; 102.514;
7 ; 13 ; 13 ; 0.308004 ; -0.0398152 ; -0.11804 ; 100.739;
8 ; 13 ; 13 ; 0.327645 ; -0.0773298 ; -0.0627729 ; 96.21;
9 ; 13 ; 13 ; 0.283706 ; 0.0275514 ; 0.000163659 ; 102.943;
10 ; 13 ; 13 ; 0.253916 ; -0.00330768 ; -0.00603321 ; 102.038;
11 ; 13 ; 13 ; 0.258384 ; -0.00654318 ; 0.0780434 ; 102.7;
12 ; 13 ; 13 ; 0.287457 ; -0.00407292 ; 0.131003 ; 103.41;
13 ; 13 ; 13 ; 0.287372 ; -0.00891664 ; 0.0376353 ; 101.065;
14 ; 13 ; 13 ; 0.259231 ; -0.0162018 ; 0.0313754 ; 101.902;
15 ; 13 ; 13 ; 0.342148 ; 0.0123515 ; 0.0480249 ; 103.195;
16 ; 13 ; 13 ; 0.417145 ; 0.0824986 ; 0.132244 ; 103.43;
17 ; 13 ; 13 ; 0.334751 ; 0.0439539 ; -0.0157067 ; 102.236;
18 ; 13 ; 13 ; 0.332394 ; 0.0362754 ; -0.0235101 ; 102.098;
19 ; 13 ; 13 ; 0.332067 ; 0.0474055 ; -0.030475 ; 100.688;
20 ; 13 ; 13 ; 0.360589 ; 0.0606999 ; 0.00115467 ; 99.38;
21 ; 13 ; 13 ; 0.288081 ; 0.0457906 ; 0.00285653 ; 100.61;
4 ; 14 ; 13 ; 0.436636 ; -0.0375359 ; -0.0544165 ; 104.41;
5 ; 14 ; 13 ; 0.174609 ; -0.0139889 ; 0.0112202 ; 102.144;
6 ; 14 ; 13 ; 0.238375 ; -0.0244668 ; -0.0650089 ; 102.198;
7 ; 14 ; 13 ; 0.289647 ; -0.0439105 ; -0.0717989 ; 101.208;
8 ; 14 ; 13 ; 0.31299 ; -0.0669141 ; -0.0983278 ; 98.8202;
9 ; 14 ; 13 ; 0.348672 ; 0.0207132 ; -0.0291733 ; 102.03;
10 ; 14 ; 13 ; 0.28082 ; 0.000405431 ; -0.00977437 ; 102.065;
11 ; 14 ; 13 ; 0.256752 ; -0.00616326 ; 0.0613956 ; 102.788;
12 ; 14 ; 13 ; 0.313414 ; -0.00214562 ; 0.141546 ; 103.752;
13 ; 14 ; 13 ; 0.32136 ; 0.0202347 ; 0.0157174 ; 100.415;
14 ; 14 ; 13 ; 0.283717 ; -0.03109 ; 0.0280903 ; 101.526;
15 ; 14 ; 13 ; 0.340263 ; -0.0356898 ; 0.0433815 ; 102.456;
16 ; 14 ; 13 ; 0.401727 ; 0.0346089 ; 0.0836758 ; 103.697;
17 ; 14 ; 13 ; 0.299768 ; 0.0117064 ; -0.0115535 ; 101.857;
18 ; 14 ; 13 ; 0.305624 ; 0.0314186 ; -0.027465 ; 102.17;
19 ; 14 ; 13 ; 0.301328 ; 0.0403823 ; -0.034813 ; 101.349;
20 ; 14 ; 13 ; 0.338003 ; 0.051458 ; -0.025085 ; 99.4242;
21 ; 14 ; 13 ; 0.111307 ; -0.00619097 ; 0.0168178 ; 97.2;
4 ; 15 ; 13 ; 0.170149 ; -0.00232143 ; -0.0271957 ; 98.69;
5 ; 15 ; 13 ; 0.175037 ; -0.0315065 ; 0.0378798 ; 101.115;
6 ; 15 ; 13 ; 0.212664 ; -0.027992 ; 0.00318493 ; 100.992;
7 ; 15 ; 13 ; 0.27489 ; -0.0460242 ; 0.00772932 ; 101.099;
8 ; 15 ; 13 ; 0.293732 ; -0.0639262 ; -0.0434443 ; 101.816;
9 ; 15 ; 13 ; 0.386543 ; -0.0120066 ; -0.072206 ; 99.762;
10 ; 15 ; 13 ; 0.320805 ; 0.00650591 ; -0.0282267 ; 101.652;
11 ; 15 ; 13 ; 0.257332 ; 0.00127935 ; 0.045465 ; 101.947;
12 ; 15 ; 13 ; 0.265513 ; -0.0234162 ; 0.0996136 ; 103.596;
13 ; 15 ; 13 ; 0.336995 ; 0.0477214 ; 0.0594455 ; 100.829;
14 ; 15 ; 13 ; 0.328493 ; -0.0205693 ; 0.0360655 ; 101.574;
15 ; 15 ; 13 ; 0.351584 ; -0.0675497 ; 0.0458089 ; 101.746;
16 ; 15 ; 13 ; 0.355153 ; -0.0912173 ; 0.0381467 ; 102.334;
17 ; 15 ; 13 ; 0.281335 ; 0.036026 ; 0.0129085 ; 100.513;
18 ; 15 ; 13 ; 0.294304 ; 0.0277096 ; -0.0233874 ; 101.567;
19 ; 15 ; 13 ; 0.298157 ; 0.0125446 ; -0.0490893 ; 102.063;
20 ; 15 ; 13 ; 0.27463 ; 0.0397866 ; -0.0379016 ; 101.135;
21 ; 15 ; 13 ; 0.232413 ; 0.0716338 ; -0.00118407 ; 107.7;
4 ; 16 ; 13 ; 0.276471 ; 0.0158544 ; -0.0464468 ; 93.68;
5 ; 16 ; 13 ; 0.240033 ; -0.0306075 ; -0.0195247 ; 101.062;
6 ; 16 ; 13 ; 0.232953 ; -0.0181354 ; 0.0277356 ; 100.521;
7 ; 16 ; 13 ; 0.273688 ; -0.0281533 ; 0.0523396 ; 100.348;
8 ; 16 ; 13 ; 0.303365 ; -0.0737011 ; 0.0954859 ; 101.081;
9 ; 16 ; 13 ; 0.381545 ; 0.0258355 ; -0.0209199 ; 100.647;
10 ; 16 ; 13 ; 0.354109 ; 0.0112102 ; -0.0271205 ; 100.563;
11 ; 16 ; 13 ; 0.283487 ; 0.0103679 ; 0.0210048 ; 100.609;
12 ; 16 ; 13 ; 0.191217 ; -0.0119262 ; 0.0583367 ; 101.428;
13 ; 16 ; 13 ; 0.295392 ; 0.0697233 ; 0.0827907 ; 102.512;
14 ; 16 ; 13 ; 0.31276 ; 0.00725963 ; 0.0497907 ; 101.811;
15 ; 16 ; 13 ; 0.318459 ; -0.0446837 ; 0.0482651 ; 101.868;
16 ; 16 ; 13 ; 0.34778 ; -0.0928525 ; 0.0732167 ; 100.632;
17 ; 16 ; 13 ; 0.344629 ; 0.01413 ; -0.00754938 ; 101.728;
18 ; 16 ; 13 ; 0.323956 ; 0.0179253 ; -0.0272533 ; 101.891;
19 ; 16 ; 13 ; 0.332694 ; -0.00660617 ; -0.0489099 ; 102.744;
20 ; 16 ; 13 ; 0.314708 ; -0.000826159 ; -0.0435909 ; 103.063;
21 ; 16 ; 13 ; 0.298983 ; 0.0631778 ; -0.0168155 ; 101.7;
4 ; 17 ; 13 ; 0.538881 ; -0.121384 ; 0.05421 ; 96.79;
5 ; 17 ; 13 ; 0.297614 ; 0.0236457 ; 0.0249624 ; 104.356;
6 ; 17 ; 13 ; 0.310405 ; -0.013482 ; 0.00712809 ; 101.575;
7 ; 17 ; 13 ; 0.329063 ; -0.0182577 ; 0.00751461 ; 100.583;
8 ; 17 ; 13 ; 0.269949 ; -0.0458967 ; 0.0659336 ; 100.68;
9 ; 17 ; 13 ; 0.273007 ; 0.0338922 ; 0.0266018 ; 98.9926;
10 ; 17 ; 13 ; 0.330921 ; 0.0405163 ; -0.0253686 ; 100.003;
11 ; 17 ; 13 ; 0.327233 ; 0.0411587 ; -0.0318411 ; 99.8077;
12 ; 17 ; 13 ; 0.287583 ; 0.0120052 ; 0.0524719 ; 99.6855;
13 ; 17 ; 13 ; 0.273883 ; 0.0200488 ; 0.0150538 ; 101.974;
14 ; 17 ; 13 ; 0.281763 ; 0.0273403 ; 0.04435 ; 102.331;
15 ; 17 ; 13 ; 0.29025 ; -0.0062276 ; 0.0274948 ; 102.691;
16 ; 17 ; 13 ; 0.30439 ; -0.0202179 ; 0.0580408 ; 102.013;
17 ; 17 ; 13 ; 0.353031 ; -0.0154095 ; 0.00253624 ; 102.705;
18 ; 17 ; 13 ; 0.343863 ; 0.0210466 ; -0.0107102 ; 102.385;
19 ; 17 ; 13 ; 0.349123 ; 0.0262329 ; -0.0257838 ; 102.6;
20 ; 17 ; 13 ; 0.368532 ; -0.00599894 ; -0.0452406 ; 102.877;
21 ; 17 ; 13 ; 0.272596 ; 0.0650119 ; -0.0040597 ; 103.12;
4 ; 18 ; 13 ; 0.313395 ; -0.110743 ; -0.0101579 ; 100.39;
5 ; 18 ; 13 ; 0.32361 ; 0.0391345 ; 0.0580294 ; 106.3;
6 ; 18 ; 13 ; 0.346769 ; -0.00527799 ; 0.00859695 ; 102.679;
7 ; 18 ; 13 ; 0.356261 ; -0.015281 ; -0.0214706 ; 101.248;
8 ; 18 ; 13 ; 0.281226 ; 0.021311 ; 0.00234813 ; 102.252;
9 ; 18 ; 13 ; 0.160814 ; 0.00938351 ; -0.008724 ; 97.13;
10 ; 18 ; 13 ; 0.317122 ; 0.0575479 ; -0.0167193 ; 99.8455;
11 ; 18 ; 13 ; 0.350447 ; 0.0560982 ; -0.0727284 ; 99.8478;
12 ; 18 ; 13 ; 0.338539 ; -0.00971814 ; -0.0596141 ; 98.7878;
13 ; 18 ; 13 ; 0.271051 ; -0.0146348 ; -0.0330751 ; 101.54;
14 ; 18 ; 13 ; 0.259663 ; 0.0184948 ; 0.0328399 ; 102.204;
15 ; 18 ; 13 ; 0.264807 ; -0.0102643 ; 0.00923083 ; 102.84;
16 ; 18 ; 13 ; 0.264411 ; -0.00411252 ; 0.00165858 ; 102.535;
17 ; 18 ; 13 ; 0.3306 ; -0.00905295 ; 0.0484122 ; 101.81;
18 ; 18 ; 13 ; 0.334661 ; 0.020646 ; -0.00665847 ; 103.132;
19 ; 18 ; 13 ; 0.330337 ; 0.0562069 ; -0.00685199 ; 102.73;
20 ; 18 ; 13 ; 0.292217 ; 0.0369179 ; -0.00979395 ; 101.897;
21 ; 18 ; 13 ; 0.31422 ; -0.0688922 ; 0.0292201 ; 106.94;
4 ; 19 ; 13 ; 0.170459 ; 0.000906351 ; -0.0563525 ; 99.97;
5 ; 19 ; 13 ; 0.257229 ; -0.0165168 ; 0.00528739 ; 102.625;
6 ; 19 ; 13 ; 0.31141 ; -0.00503246 ; 0.0132833 ; 102.115;
7 ; 19 ; 13 ; 0.334162 ; 0.0448716 ; -0.0219844 ; 101.065;
8 ; 19 ; 13 ; 0.242414 ; 0.0890779 ; -0.027378 ; 102.34;
9 ; 19 ; 13 ; 0.310929 ; 0.0813502 ; -0.0057585 ; 101.547;
10 ; 19 ; 13 ; 0.30294 ; 0.0420781 ; -0.0310581 ; 101.633;
11 ; 19 ; 13 ; 0.297711 ; 0.0227385 ; -0.058841 ; 100.969;
12 ; 19 ; 13 ; 0.33352 ; 0.137473 ; -0.0292654 ; 98.69;
13 ; 19 ; 13 ; 0.216563 ; 0.0494247 ; -0.0743177 ; 100.958;
14 ; 19 ; 13 ; 0.271557 ; -0.0137936 ; -0.0999992 ; 101.824;
15 ; 19 ; 13 ; 0.313238 ; -0.0570908 ; -0.0946812 ; 101.029;
16 ; 19 ; 13 ; 0.266601 ; -0.0176859 ; -0.00261143 ; 100.97;
17 ; 19 ; 13 ; 0.302551 ; -0.0816203 ; 0.0231765 ; 101.427;
18 ; 19 ; 13 ; 0.328616 ; -0.0240933 ; 0.0333549 ; 100.887;
19 ; 19 ; 13 ; 0.304601 ; -0.0344249 ; -0.00112281 ; 100.817;
20 ; 19 ; 13 ; 0.272251 ; -0.0588049 ; 0.0335579 ; 100.83;
21 ; 19 ; 13 ; 0.295283 ; -0.0576748 ; -0.0450873 ; 102.94;
4 ; 20 ; 13 ; 0.199107 ; 0.166574 ; -0.0153663 ; 104.57;
5 ; 20 ; 13 ; 0.271588 ; -0.000991699 ; 0.0401076 ; 103.009;
6 ; 20 ; 13 ; 0.311181 ; 0.0200174 ; 0.00782707 ; 101.442;
7 ; 20 ; 13 ; 0.34017 ; 0.0539912 ; -0.0261823 ; 99.8181;
8 ; 20 ; 13 ; 0.298431 ; 0.063193 ; -0.0746053 ; 100.487;
9 ; 20 ; 13 ; 0.341418 ; 0.0589171 ; -0.00931906 ; 101.887;
10 ; 20 ; 13 ; 0.309325 ; 0.0522444 ; -0.0303236 ; 101.826;
11 ; 20 ; 13 ; 0.284218 ; 0.0545795 ; -0.0398844 ; 101.346;
12 ; 20 ; 13 ; 0.294018 ; 0.0725651 ; -0.0698287 ; 99.7417;
13 ; 20 ; 13 ; 0.234812 ; 0.0532659 ; -0.0319913 ; 102.55;
14 ; 20 ; 13 ; 0.259553 ; -0.0268005 ; -0.0624523 ; 102.185;
15 ; 20 ; 13 ; 0.298266 ; -0.0624335 ; -0.0758051 ; 101.293;
16 ; 20 ; 13 ; 0.295559 ; -0.0626006 ; -0.0654367 ; 101.245;
17 ; 20 ; 13 ; 0.157787 ; -0.05928 ; -0.0676098 ; 100.847;
18 ; 20 ; 13 ; 0.262977 ; -0.0144656 ; -0.00176873 ; 100.485;
19 ; 20 ; 13 ; 0.28775 ; 0.00467841 ; -0.0053448 ; 99.8923;
20 ; 20 ; 13 ; 0.258806 ; -0.0633563 ; -0.0226975 ; 100.267;
21 ; 20 ; 13 ; 0.468135 ; -0.0156512 ; -0.0189642 ; 99.04;
4 ; 21 ; 13 ; 0.431254 ; 0.0891047 ; 0.0434992 ; 101.33;
5 ; 21 ; 13 ; 0.247351 ; 0.0144069 ; -0.0265073 ; 102.86;
6 ; 21 ; 13 ; 0.320268 ; 0.0335206 ; 0.0162741 ; 100.594;
7 ; 21 ; 13 ; 0.355607 ; 0.0492694 ; -0.0500723 ; 98.2659;
8 ; 21 ; 13 ; 0.322764 ; 0.0114095 ; -0.0651765 ; 99.788;
9 ; 21 ; 13 ; 0.345855 ; 0.0211155 ; -0.0148957 ; 101.34;
10 ; 21 ; 13 ; 0.316279 ; 0.0732034 ; -0.033902 ; 102.038;
11 ; 21 ; 13 ; 0.266313 ; 0.0745029 ; -0.0329237 ; 101.574;
12 ; 21 ; 13 ; 0.218042 ; 0.042084 ; -0.0623055 ; 100.286;
13 ; 21 ; 13 ; 0.211717 ; 0.0137416 ; 0.0375721 ; 105.02;
14 ; 21 ; 13 ; 0.260068 ; -0.0265182 ; -0.0548129 ; 101.954;
15 ; 21 ; 13 ; 0.292817 ; -0.0687722 ; -0.0818597 ; 101.514;
16 ; 21 ; 13 ; 0.305431 ; -0.0417116 ; -0.111534 ; 102.599;
17 ; 21 ; 13 ; 0.0554058 ; -0.0335807 ; -0.13789 ; 99.53;
18 ; 21 ; 13 ; 0.204488 ; -0.0266196 ; -0.0434882 ; 100.683;
19 ; 21 ; 13 ; 0.267146 ; 0.0169195 ; -0.0319042 ; 99.2861;
20 ; 21 ; 13 ; 0.299675 ; 0.000466887 ; -0.064689 ; 99.6779;
21 ; 21 ; 13 ; 0.289912 ; -0.0157316 ; 0.0370752 ; 105.63;
4 ; 4 ; 14 ; 0.120703 ; 0.0844392 ; -0.000431121 ; 102.04;
5 ; 4 ; 14 ; 0.140936 ; 0.0719223 ; 0.0514874 ; 100.05;
6 ; 4 ; 14 ; 0.111629 ; 0.069277 ; 0.0403678 ; 101.078;
7 ; 4 ; 14 ; 0.122017 ; 0.0179125 ; 0.0489605 ; 101.43;
8 ; 4 ; 14 ; 0.16353 ; -0.0028894 ; 0.101014 ; 98.99;
9 ; 4 ; 14 ; 0.211478 ; -0.0144324 ; -0.0853215 ; 100.22;
10 ; 4 ; 14 ; 0.192787 ; -0.0975687 ; -0.00285062 ; 101.477;
11 ; 4 ; 14 ; 0.161547 ; -0.106725 ; 0.0450821 ; 103.205;
12 ; 4 ; 14 ; 0.0402881 ; -0.0911653 ; 0.0331064 ; 104.36;
13 ; 4 ; 14 ; 0.169646 ; -0.0301853 ; -0.0569358 ; 101.393;
14 ; 4 ; 14 ; 0.239411 ; -0.0844773 ; -0.00267083 ; 101.459;
15 ; 4 ; 14 ; 0.237871 ; -0.0668463 ; 0.0273474 ; 100.21;
16 ; 4 ; 14 ; 0.179181 ; 0.108744 ; -0.0009797 ; 98.31;
17 ; 4 ; 14 ; 0.255516 ; -0.076461 ; -0.064776 ; 103.608;
18 ; 4 ; 14 ; 0.237904 ; -0.0465599 ; -0.023816 ; 102.846;
19 ; 4 ; 14 ; 0.23644 ; -0.023814 ; -0.0283983 ; 101.822;
20 ; 4 ; 14 ; 0.293479 ; 0.0596303 ; -0.047887 ; 100.76;
21 ; 4 ; 14 ; 0.27896 ; 0.0764013 ; -0.0472982 ; 103.33;
4 ; 5 ; 14 ; 0.0540443 ; -0.185445 ; -0.224874 ; 99;
5 ; 5 ; 14 ; 0.227051 ; 0.0220483 ; -0.0469973 ; 101.074;
6 ; 5 ; 14 ; 0.154697 ; 0.0471894 ; 0.0188923 ; 100.963;
7 ; 5 ; 14 ; 0.152401 ; 0.00225972 ; 0.045207 ; 100.947;
8 ; 5 ; 14 ; 0.156888 ; -0.003803 ; 0.0530923 ; 101.677;
9 ; 5 ; 14 ; 0.253143 ; -0.038998 ; -0.101728 ; 98.8362;
10 ; 5 ; 14 ; 0.222519 ; -0.0720936 ; -0.0367692 ; 101.019;
11 ; 5 ; 14 ; 0.210978 ; -0.0672129 ; 0.0232463 ; 102.918;
12 ; 5 ; 14 ; 0.137509 ; -0.0932236 ; 0.0370478 ; 103.799;
13 ; 5 ; 14 ; 0.150528 ; -0.0278799 ; -0.0563774 ; 101.933;
14 ; 5 ; 14 ; 0.22564 ; -0.0579111 ; -0.017904 ; 101.203;
15 ; 5 ; 14 ; 0.242898 ; -0.0545192 ; -0.00961192 ; 99.9779;
16 ; 5 ; 14 ; 0.208359 ; 0.0101838 ; 0.00627099 ; 98.443;
17 ; 5 ; 14 ; 0.26315 ; -0.000813633 ; -0.0381241 ; 101.796;
18 ; 5 ; 14 ; 0.262109 ; -0.0365784 ; -0.00905586 ; 102.555;
19 ; 5 ; 14 ; 0.257662 ; -0.0352588 ; -0.00417816 ; 101.48;
20 ; 5 ; 14 ; 0.263282 ; 0.0131347 ; -0.017499 ; 101.959;
21 ; 5 ; 14 ; 0.278051 ; 0.14296 ; -0.0444875 ; 105.76;
4 ; 6 ; 14 ; 0.236433 ; -0.0918209 ; -0.0255086 ; 99.42;
5 ; 6 ; 14 ; 0.277719 ; -0.0130061 ; -0.0934596 ; 102.77;
6 ; 6 ; 14 ; 0.20117 ; 0.0178581 ; 0.0010212 ; 100.788;
7 ; 6 ; 14 ; 0.179996 ; -0.0200391 ; 0.0407961 ; 101.115;
8 ; 6 ; 14 ; 0.199521 ; -0.0156691 ; 0.0159561 ; 102.731;
9 ; 6 ; 14 ; 0.326566 ; -0.0635431 ; -0.144815 ; 98.54;
10 ; 6 ; 14 ; 0.238355 ; -0.0442618 ; -0.0633283 ; 100.224;
11 ; 6 ; 14 ; 0.266596 ; -0.038482 ; -7.52264e-06 ; 102.341;
12 ; 6 ; 14 ; 0.28867 ; -0.0341678 ; 0.0265917 ; 102.148;
13 ; 6 ; 14 ; 0.173061 ; 0.0240963 ; -0.0502807 ; 102.79;
14 ; 6 ; 14 ; 0.186864 ; -0.04788 ; -0.0373442 ; 100.854;
15 ; 6 ; 14 ; 0.234999 ; -0.0676493 ; -0.0444575 ; 99.8922;
16 ; 6 ; 14 ; 0.262438 ; -0.0835415 ; 0.00170532 ; 99.2017;
17 ; 6 ; 14 ; 0.251285 ; 0.0659794 ; 0.0409112 ; 100.37;
18 ; 6 ; 14 ; 0.285971 ; -0.0377294 ; -0.0181088 ; 102.841;
19 ; 6 ; 14 ; 0.274427 ; -0.0587123 ; 0.0103593 ; 101.901;
20 ; 6 ; 14 ; 0.233667 ; -0.0364337 ; 0.0416182 ; 102.784;
21 ; 6 ; 14 ; 0.416209 ; -0.0977802 ; -0.0615978 ; 96.34;
4 ; 7 ; 14 ; 0.154634 ; -0.0472343 ; 0.00464719 ; 97.83;
5 ; 7 ; 14 ; 0.181414 ; 0.0584895 ; 0.129969 ; 101.168;
6 ; 7 ; 14 ; 0.193528 ; 0.050186 ; 0.0886682 ; 101.711;
7 ; 7 ; 14 ; 0.187246 ; -0.0334578 ; 0.0179065 ; 102.343;
8 ; 7 ; 14 ; 0.116059 ; -0.127157 ; -0.0487982 ; 101.77;
9 ; 7 ; 14 ; 0.213778 ; -0.0413509 ; -0.0768661 ; 98.5819;
10 ; 7 ; 14 ; 0.249261 ; -0.0725284 ; -0.0617667 ; 100.62;
11 ; 7 ; 14 ; 0.266125 ; 0.00808165 ; -0.00445265 ; 102.102;
12 ; 7 ; 14 ; 0.235343 ; 0.140832 ; -0.022838 ; 99.77;
13 ; 7 ; 14 ; 0.230046 ; 0.0317722 ; 0.0466719 ; 102.821;
14 ; 7 ; 14 ; 0.210034 ; -0.013837 ; 0.0112151 ; 101.732;
15 ; 7 ; 14 ; 0.243514 ; -0.0769626 ; 0.0339361 ; 100.861;
16 ; 7 ; 14 ; 0.290049 ; -0.142379 ; 0.125491 ; 98.04;
17 ; 7 ; 14 ; 0.186468 ; 0.0458195 ; 0.0180312 ; 101.603;
18 ; 7 ; 14 ; 0.198909 ; 0.0189284 ; 0.0476034 ; 100.765;
19 ; 7 ; 14 ; 0.161427 ; -0.00753083 ; 0.0328579 ; 102.753;
20 ; 7 ; 14 ; 0.0931955 ; -0.0442089 ; -0.0601092 ; 105.64;
21 ; 7 ; 14 ; 0.184712 ; 0.0123454 ; -0.11923 ; 100.36;
4 ; 8 ; 14 ; 0.0823829 ; -0.0320941 ; -0.0777998 ; 100.93;
5 ; 8 ; 14 ; 0.204633 ; 0.00442451 ; 0.0708133 ; 101.49;
6 ; 8 ; 14 ; 0.20487 ; 0.0278694 ; 0.0647341 ; 101.715;
7 ; 8 ; 14 ; 0.202469 ; -0.031334 ; 0.00951059 ; 102.356;
8 ; 8 ; 14 ; 0.154561 ; -0.106859 ; -0.029765 ; 101.924;
9 ; 8 ; 14 ; 0.230148 ; -0.0444763 ; -0.0286402 ; 100.554;
10 ; 8 ; 14 ; 0.249953 ; -0.0570728 ; -0.0417761 ; 101.121;
11 ; 8 ; 14 ; 0.274551 ; 0.00344328 ; -0.00147958 ; 101.927;
12 ; 8 ; 14 ; 0.269773 ; 0.0685694 ; 0.0297525 ; 101.598;
13 ; 8 ; 14 ; 0.201777 ; 0.0308792 ; -0.0666969 ; 101.755;
14 ; 8 ; 14 ; 0.217262 ; -0.012036 ; -0.0111772 ; 101.751;
15 ; 8 ; 14 ; 0.248169 ; -0.0684196 ; 0.0423579 ; 101.188;
16 ; 8 ; 14 ; 0.276025 ; -0.115828 ; 0.0756783 ; 99.8919;
17 ; 8 ; 14 ; 0.22028 ; -0.0163086 ; 0.00216237 ; 102.613;
18 ; 8 ; 14 ; 0.203362 ; -0.00219006 ; 0.0361388 ; 101.382;
19 ; 8 ; 14 ; 0.187762 ; -0.0137165 ; 0.0250357 ; 102.214;
20 ; 8 ; 14 ; 0.142652 ; -0.011598 ; -0.0230218 ; 104.749;
21 ; 8 ; 14 ; 0.256125 ; 0.0106504 ; -0.0528505 ; 101.08;
4 ; 9 ; 14 ; 0.178056 ; -0.0899388 ; -0.0325116 ; 105.36;
5 ; 9 ; 14 ; 0.178063 ; -0.0477965 ; 0.0135606 ; 102.6;
6 ; 9 ; 14 ; 0.198151 ; -0.00392624 ; 0.0232413 ; 101.433;
7 ; 9 ; 14 ; 0.219202 ; -0.0208842 ; -0.00363822 ; 100.633;
8 ; 9 ; 14 ; 0.1971 ; -0.0513746 ; -0.01632 ; 102.367;
9 ; 9 ; 14 ; 0.242706 ; -0.0257528 ; 0.0348787 ; 103.764;
10 ; 9 ; 14 ; 0.267568 ; -0.0328864 ; -0.00753891 ; 101.93;
11 ; 9 ; 14 ; 0.297971 ; -0.00919591 ; -0.0066338 ; 101.612;
12 ; 9 ; 14 ; 0.305002 ; -0.00729421 ; 0.040617 ; 102.495;
13 ; 9 ; 14 ; 0.290919 ; 0.0801908 ; -0.081661 ; 101.299;
14 ; 9 ; 14 ; 0.244099 ; 0.0104838 ; -0.0310713 ; 101.801;
15 ; 9 ; 14 ; 0.26 ; -0.0362357 ; 0.0253308 ; 102.056;
16 ; 9 ; 14 ; 0.26832 ; -0.0678047 ; 0.0747733 ; 101.412;
17 ; 9 ; 14 ; 0.213967 ; 0.0250007 ; 0.0207216 ; 100.499;
18 ; 9 ; 14 ; 0.230317 ; 0.0068935 ; 0.0232799 ; 101.101;
19 ; 9 ; 14 ; 0.243669 ; 0.0176695 ; 0.0220483 ; 100.656;
20 ; 9 ; 14 ; 0.231521 ; 0.0107935 ; 0.0290657 ; 102.061;
21 ; 9 ; 14 ; 0.320228 ; 0.163937 ; -0.0200233 ; 99.66;
4 ; 10 ; 14 ; 0.22714 ; 0.0525409 ; -0.00885219 ; 100.38;
5 ; 10 ; 14 ; 0.204823 ; -0.0275941 ; -0.0212573 ; 102.404;
6 ; 10 ; 14 ; 0.206172 ; -0.0259023 ; -0.012545 ; 100.972;
7 ; 10 ; 14 ; 0.22239 ; -0.0160534 ; -0.012923 ; 99.0352;
8 ; 10 ; 14 ; 0.228841 ; -0.000687303 ; -0.0241512 ; 98.5378;
9 ; 10 ; 14 ; 0.235688 ; 0.0323947 ; 0.00396207 ; 103.625;
10 ; 10 ; 14 ; 0.255728 ; 0.0129472 ; 0.000981457 ; 102.597;
11 ; 10 ; 14 ; 0.281824 ; 0.019528 ; -0.0254993 ; 100.79;
12 ; 10 ; 14 ; 0.31941 ; -0.000333368 ; -0.0554985 ; 100.89;
13 ; 10 ; 14 ; 0.304901 ; 0.0745358 ; 0.07953 ; 101.569;
14 ; 10 ; 14 ; 0.277658 ; 0.0481347 ; -0.0244342 ; 101.608;
15 ; 10 ; 14 ; 0.257622 ; 0.00249751 ; -0.033857 ; 101.962;
16 ; 10 ; 14 ; 0.266175 ; -0.0445059 ; 0.0715484 ; 101.612;
17 ; 10 ; 14 ; 0.246079 ; -0.00759641 ; 0.00871199 ; 97.5062;
18 ; 10 ; 14 ; 0.246913 ; 0.0206547 ; 0.0193836 ; 99.2395;
19 ; 10 ; 14 ; 0.269439 ; 0.0374668 ; 0.0104715 ; 99.6437;
20 ; 10 ; 14 ; 0.286649 ; 0.033634 ; 0.0490097 ; 99.7834;
21 ; 10 ; 14 ; 0.354676 ; 0.179628 ; 0.0687372 ; 106.74;
4 ; 11 ; 14 ; 0.288858 ; 0.0246247 ; -0.024688 ; 104.02;
5 ; 11 ; 14 ; 0.270888 ; 0.0161325 ; -0.00127293 ; 103.145;
6 ; 11 ; 14 ; 0.229794 ; -0.0245754 ; -0.0125192 ; 101.729;
7 ; 11 ; 14 ; 0.216348 ; -0.0453727 ; -0.0103095 ; 99.9113;
8 ; 11 ; 14 ; 0.226242 ; 0.012345 ; 0.00345888 ; 97.1904;
9 ; 11 ; 14 ; 0.159285 ; 0.0410921 ; 0.0885908 ; 101.12;
10 ; 11 ; 14 ; 0.238502 ; 0.0350176 ; 0.0140128 ; 102.123;
11 ; 11 ; 14 ; 0.275133 ; 0.0447313 ; -0.0352548 ; 101.379;
12 ; 11 ; 14 ; 0.284002 ; 0.0341429 ; -0.0538489 ; 99.7398;
13 ; 11 ; 14 ; 0.353569 ; 0.0347464 ; 0.0669051 ; 102.104;
14 ; 11 ; 14 ; 0.300315 ; 0.0456784 ; 0.0172262 ; 102.076;
15 ; 11 ; 14 ; 0.243657 ; 0.0176119 ; -0.0580183 ; 102.299;
16 ; 11 ; 14 ; 0.212188 ; -0.0236977 ; -0.0863703 ; 102.521;
17 ; 11 ; 14 ; 0.198833 ; -0.100471 ; 0.0484101 ; 99.4088;
18 ; 11 ; 14 ; 0.266065 ; -0.00725025 ; 0.00906978 ; 99.1316;
19 ; 11 ; 14 ; 0.312971 ; 0.0407338 ; -0.0196797 ; 100.836;
20 ; 11 ; 14 ; 0.281225 ; 0.0402705 ; 0.0121834 ; 100.138;
21 ; 11 ; 14 ; 0.215335 ; -0.0441649 ; -0.133395 ; 102.11;
4 ; 12 ; 14 ; 0.169797 ; -0.12991 ; 0.0934073 ; 100.77;
5 ; 12 ; 14 ; 0.271931 ; 0.0463695 ; 0.0443752 ; 104.55;
6 ; 12 ; 14 ; 0.260097 ; -0.0271514 ; -0.011972 ; 102.382;
7 ; 12 ; 14 ; 0.21774 ; -0.0683598 ; -0.0108414 ; 101.517;
8 ; 12 ; 14 ; 0.14763 ; -0.0374338 ; 0.0081012 ; 101.546;
9 ; 12 ; 14 ; 0.124117 ; 0.00698668 ; 0.192432 ; 99.48;
10 ; 12 ; 14 ; 0.21703 ; 0.0483035 ; 0.0216269 ; 101.896;
11 ; 12 ; 14 ; 0.26601 ; 0.0635485 ; -0.0370014 ; 101.82;
12 ; 12 ; 14 ; 0.275331 ; 0.0736275 ; -0.0141107 ; 101.196;
13 ; 12 ; 14 ; 0.412459 ; 0.014385 ; 0.00490717 ; 102.35;
14 ; 12 ; 14 ; 0.307157 ; 0.0325628 ; 0.0312631 ; 102.311;
15 ; 12 ; 14 ; 0.234417 ; 0.0153458 ; -0.052197 ; 102.231;
16 ; 12 ; 14 ; 0.204224 ; 0.0232233 ; -0.126933 ; 100.848;
17 ; 12 ; 14 ; 0.149076 ; -0.118891 ; 0.082839 ; 101.55;
18 ; 12 ; 14 ; 0.263959 ; -0.0506929 ; 0.000814707 ; 99.845;
19 ; 12 ; 14 ; 0.331869 ; 0.0179675 ; -0.0432185 ; 101.994;
20 ; 12 ; 14 ; 0.309044 ; 0.0367165 ; -0.0241543 ; 102.386;
21 ; 12 ; 14 ; 0.443592 ; -0.0489349 ; -0.16647 ; 100.51;
4 ; 13 ; 14 ; 0.41751 ; 6.45138e-05 ; 0.00628028 ; 104.08;
5 ; 13 ; 14 ; 0.305059 ; 0.0214678 ; -0.0421623 ; 99.7525;
6 ; 13 ; 14 ; 0.227835 ; 0.0414492 ; -0.0181016 ; 99.7145;
7 ; 13 ; 14 ; 0.204518 ; 0.0354721 ; -0.019943 ; 100.724;
8 ; 13 ; 14 ; 0.265446 ; 0.0730808 ; -0.0177544 ; 101.53;
9 ; 13 ; 14 ; 0.162845 ; -0.022604 ; 0.0222149 ; 102.471;
10 ; 13 ; 14 ; 0.229871 ; -0.00891722 ; -0.00934364 ; 102.747;
11 ; 13 ; 14 ; 0.270946 ; -0.0235075 ; 0.0228935 ; 101.385;
12 ; 13 ; 14 ; 0.201697 ; -0.0558334 ; 0.112171 ; 98.06;
13 ; 13 ; 14 ; 0.221904 ; -0.000878336 ; -0.0497067 ; 103.041;
14 ; 13 ; 14 ; 0.212678 ; 0.0210438 ; -0.0564867 ; 102.893;
15 ; 13 ; 14 ; 0.249575 ; 0.0556764 ; -0.0118758 ; 102.176;
16 ; 13 ; 14 ; 0.295912 ; 0.0714472 ; 0.135858 ; 100.69;
17 ; 13 ; 14 ; 0.261654 ; -0.0351751 ; -0.0229001 ; 100.315;
18 ; 13 ; 14 ; 0.181393 ; -0.0206854 ; 0.0095046 ; 101.032;
19 ; 13 ; 14 ; 0.111957 ; -0.0061542 ; 0.0239522 ; 101.551;
20 ; 13 ; 14 ; 0.0482031 ; -0.0694617 ; -0.0846765 ; 99.98;
21 ; 13 ; 14 ; 0.306784 ; -0.0408999 ; -0.011632 ; 101.72;
4 ; 14 ; 14 ; 0.331416 ; 0.0605892 ; -0.0336503 ; 103.23;
5 ; 14 ; 14 ; 0.230878 ; -0.0126804 ; -0.0525772 ; 101.326;
6 ; 14 ; 14 ; 0.222636 ; 0.0337507 ; -0.0152364 ; 100.193;
7 ; 14 ; 14 ; 0.197245 ; 0.048698 ; -0.00949797 ; 101.189;
8 ; 14 ; 14 ; 0.235531 ; 0.0509361 ; -0.0100578 ; 100.766;
9 ; 14 ; 14 ; 0.232513 ; -0.0264253 ; -0.00964241 ; 99.9316;
10 ; 14 ; 14 ; 0.237177 ; -0.0243549 ; -0.0108597 ; 101.468;
11 ; 14 ; 14 ; 0.264008 ; -0.0436473 ; 0.0190296 ; 100.678;
12 ; 14 ; 14 ; 0.263555 ; -0.0467715 ; 0.0530668 ; 99.7676;
13 ; 14 ; 14 ; 0.216412 ; 0.0401981 ; -0.000729765 ; 101.507;
14 ; 14 ; 14 ; 0.217349 ; 0.0217566 ; -0.0343392 ; 102.151;
15 ; 14 ; 14 ; 0.240884 ; 0.0439917 ; -0.0172545 ; 101.728;
16 ; 14 ; 14 ; 0.284671 ; 0.0744048 ; 0.0590985 ; 101.485;
17 ; 14 ; 14 ; 0.187845 ; -0.0191061 ; 0.025781 ; 101.43;
18 ; 14 ; 14 ; 0.175038 ; -0.0135007 ; 0.0128038 ; 101.339;
19 ; 14 ; 14 ; 0.139959 ; -0.00491347 ; 0.0270176 ; 101.341;
20 ; 14 ; 14 ; 0.085736 ; -0.0240261 ; 0.0124409 ; 100.299;
21 ; 14 ; 14 ; 0.333037 ; 0.0297702 ; 0.110952 ; 102.51;
4 ; 15 ; 14 ; 0.0385797 ; 0.000895122 ; -0.020286 ; 101.79;
5 ; 15 ; 14 ; 0.153713 ; 0.0181661 ; -0.0169885 ; 101.258;
6 ; 15 ; 14 ; 0.18668 ; 0.0378897 ; -0.00999805 ; 101.519;
7 ; 15 ; 14 ; 0.177887 ; 0.0653913 ; 0.0031846 ; 102.243;
8 ; 15 ; 14 ; 0.18858 ; 0.0839062 ; 0.0249421 ; 101.842;
9 ; 15 ; 14 ; 0.295168 ; 0.00525846 ; 0.0425019 ; 99.4315;
10 ; 15 ; 14 ; 0.274774 ; -0.0287524 ; 0.00483716 ; 100.18;
11 ; 15 ; 14 ; 0.272521 ; -0.055276 ; 0.0210623 ; 101.107;
12 ; 15 ; 14 ; 0.281171 ; -0.0646948 ; 0.017737 ; 99.9393;
13 ; 15 ; 14 ; 0.272794 ; 0.033755 ; 0.0200418 ; 101.493;
14 ; 15 ; 14 ; 0.231537 ; 0.00858605 ; -0.00482384 ; 101.477;
15 ; 15 ; 14 ; 0.209476 ; 0.0197211 ; -0.00943906 ; 101.383;
16 ; 15 ; 14 ; 0.247712 ; 0.0453744 ; -0.0390104 ; 101.65;
17 ; 15 ; 14 ; 0.242776 ; 0.0425316 ; 0.0230273 ; 101.776;
18 ; 15 ; 14 ; 0.192187 ; -0.00140327 ; 0.01011 ; 101.467;
19 ; 15 ; 14 ; 0.191709 ; -0.0162735 ; 0.00388319 ; 101.022;
20 ; 15 ; 14 ; 0.187462 ; 0.00898827 ; 0.0848235 ; 100.46;
21 ; 15 ; 14 ; 0.249264 ; -0.109106 ; 0.0266786 ; 95.91;
4 ; 16 ; 14 ; 0.240255 ; -0.0456544 ; -0.0759381 ; 102.85;
5 ; 16 ; 14 ; 0.16092 ; 0.0655825 ; -0.0173601 ; 100.851;
6 ; 16 ; 14 ; 0.178082 ; 0.0473445 ; 0.0126858 ; 101.713;
7 ; 16 ; 14 ; 0.192346 ; 0.050344 ; 0.02259 ; 102.59;
8 ; 16 ; 14 ; 0.175466 ; 0.103292 ; 0.022258 ; 103.828;
9 ; 16 ; 14 ; 0.303821 ; -0.0282581 ; -0.00609672 ; 102.353;
10 ; 16 ; 14 ; 0.294622 ; -0.0182876 ; 0.00482067 ; 100.817;
11 ; 16 ; 14 ; 0.26791 ; -0.0292467 ; 0.0137285 ; 101.651;
12 ; 16 ; 14 ; 0.229447 ; -0.0636618 ; 0.0613059 ; 101.256;
13 ; 16 ; 14 ; 0.320702 ; -0.0135857 ; -0.0169391 ; 102.217;
14 ; 16 ; 14 ; 0.260414 ; 0.00147538 ; 0.0206278 ; 101.155;
15 ; 16 ; 14 ; 0.195482 ; 0.0089524 ; 0.0444677 ; 100.739;
16 ; 16 ; 14 ; 0.162159 ; -0.000669033 ; -0.00250754 ; 100.528;
17 ; 16 ; 14 ; 0.310882 ; 0.0873211 ; 0.0289641 ; 99.5629;
18 ; 16 ; 14 ; 0.236636 ; 0.0332078 ; 0.000425952 ; 101.033;
19 ; 16 ; 14 ; 0.213592 ; -0.011193 ; -0.0233527 ; 101.161;
20 ; 16 ; 14 ; 0.224006 ; -0.0505934 ; -0.0284926 ; 100.669;
21 ; 16 ; 14 ; 0.275724 ; -0.148617 ; 0.110796 ; 107.29;
4 ; 17 ; 14 ; 0.358098 ; 0.0965266 ; -0.0300147 ; 96.68;
5 ; 17 ; 14 ; 0.273025 ; 0.0481949 ; 0.0218819 ; 99.0192;
6 ; 17 ; 14 ; 0.223541 ; 0.0373201 ; 0.0257454 ; 100.619;
7 ; 17 ; 14 ; 0.247903 ; 0.0159928 ; 0.00601603 ; 100.921;
8 ; 17 ; 14 ; 0.230416 ; 0.00438555 ; 0.000423296 ; 102.611;
9 ; 17 ; 14 ; 0.253135 ; -0.0087108 ; -0.0952873 ; 104.763;
10 ; 17 ; 14 ; 0.288621 ; -0.00943412 ; -0.0437588 ; 101.835;
11 ; 17 ; 14 ; 0.252981 ; -0.00881605 ; -0.037899 ; 100.562;
12 ; 17 ; 14 ; 0.245582 ; -0.00264249 ; 0.0129799 ; 102.544;
13 ; 17 ; 14 ; 0.300393 ; 0.00340528 ; -0.0374005 ; 99.5471;
14 ; 17 ; 14 ; 0.286734 ; 0.00264507 ; 0.0142437 ; 100.246;
15 ; 17 ; 14 ; 0.232085 ; 0.0122737 ; 0.0471245 ; 100.256;
16 ; 17 ; 14 ; 0.143886 ; 0.0115782 ; 0.0874743 ; 100.08;
17 ; 17 ; 14 ; 0.298344 ; 0.0322988 ; -0.02047 ; 100.147;
18 ; 17 ; 14 ; 0.273423 ; 0.0414836 ; 0.0137361 ; 100.55;
19 ; 17 ; 14 ; 0.235289 ; 0.0298566 ; 0.0187569 ; 100.726;
20 ; 17 ; 14 ; 0.187171 ; -0.05113 ; -0.0258806 ; 102.103;
21 ; 17 ; 14 ; 0.301371 ; -0.0637598 ; 0.0140282 ; 98.47;
4 ; 18 ; 14 ; 0.414528 ; 0.0584783 ; -0.0913091 ; 99.8;
5 ; 18 ; 14 ; 0.315187 ; 0.0340512 ; 0.0585082 ; 98.31;
6 ; 18 ; 14 ; 0.270491 ; 0.0206367 ; 0.0350506 ; 99.5674;
7 ; 18 ; 14 ; 0.288434 ; -0.00198334 ; -0.00187018 ; 99.6973;
8 ; 18 ; 14 ; 0.291653 ; -0.00128999 ; -0.00222579 ; 99.6987;
9 ; 18 ; 14 ; 0.228247 ; 0.0496885 ; -0.109231 ; 105.31;
10 ; 18 ; 14 ; 0.26874 ; -0.0159372 ; -0.0831159 ; 101.954;
11 ; 18 ; 14 ; 0.229143 ; -0.0084973 ; -0.0743746 ; 98.8648;
12 ; 18 ; 14 ; 0.188801 ; 0.0236263 ; -0.0518208 ; 99.1388;
13 ; 18 ; 14 ; 0.270287 ; 0.0193215 ; -0.0563418 ; 97.9;
14 ; 18 ; 14 ; 0.299309 ; 0.0133109 ; 0.0155901 ; 99.308;
15 ; 18 ; 14 ; 0.266433 ; 0.0170981 ; 0.0383408 ; 99.7063;
16 ; 18 ; 14 ; 0.222118 ; 0.00499772 ; 0.0188804 ; 101.431;
17 ; 18 ; 14 ; 0.285647 ; -0.0322673 ; -0.0626741 ; 101.61;
18 ; 18 ; 14 ; 0.278125 ; 0.0462068 ; 0.0253649 ; 100.532;
19 ; 18 ; 14 ; 0.244704 ; 0.0637798 ; 0.0604627 ; 100.438;
20 ; 18 ; 14 ; 0.237977 ; 0.0210368 ; 0.0383365 ; 101.091;
21 ; 18 ; 14 ; 0.262886 ; 0.0242622 ; -0.0975192 ; 100.68;
4 ; 19 ; 14 ; 0.200126 ; -0.131834 ; -0.0958395 ; 100.19;
5 ; 19 ; 14 ; 0.255559 ; -0.0169107 ; 0.105877 ; 102.86;
6 ; 19 ; 14 ; 0.252528 ; -0.04001 ; 0.0595616 ; 101.381;
7 ; 19 ; 14 ; 0.212472 ; -0.0521006 ; 0.0164636 ; 99.9558;
8 ; 19 ; 14 ; 0.166314 ; -0.136071 ; 0.0744737 ; 99.76;
9 ; 19 ; 14 ; 0.220628 ; 0.0429529 ; 0.0487392 ; 101.286;
10 ; 19 ; 14 ; 0.224678 ; 0.0758586 ; 0.0109392 ; 100.787;
11 ; 19 ; 14 ; 0.251334 ; 0.06941 ; 0.0283651 ; 100.404;
12 ; 19 ; 14 ; 0.211467 ; -0.0128278 ; 0.150959 ; 101.58;
13 ; 19 ; 14 ; 0.228967 ; 0.000938846 ; 0.0533067 ; 99.3891;
14 ; 19 ; 14 ; 0.274278 ; 0.0223564 ; -0.000376742 ; 100.868;
15 ; 19 ; 14 ; 0.252045 ; -0.00597166 ; -0.072028 ; 100.947;
16 ; 19 ; 14 ; 0.217991 ; -0.0690494 ; -0.121848 ; 99.3;
17 ; 19 ; 14 ; 0.21449 ; 0.016213 ; 0.0909788 ; 101.248;
18 ; 19 ; 14 ; 0.206522 ; 0.0103447 ; 0.0327121 ; 101.191;
19 ; 19 ; 14 ; 0.173942 ; -0.0402511 ; 0.00338562 ; 100.476;
20 ; 19 ; 14 ; 0.141566 ; 0.0472397 ; 0.0328719 ; 100.33;
21 ; 19 ; 14 ; 0.371511 ; 0.255654 ; -0.0381316 ; 100.83;
4 ; 20 ; 14 ; 0.184107 ; -0.118685 ; -0.00531481 ; 101.2;
5 ; 20 ; 14 ; 0.301694 ; -0.0481966 ; 0.119937 ; 101.978;
6 ; 20 ; 14 ; 0.258006 ; -0.0348213 ; 0.0713729 ; 101.268;
7 ; 20 ; 14 ; 0.213038 ; -0.0428528 ; 0.0185526 ; 99.9251;
8 ; 20 ; 14 ; 0.177518 ; -0.0872929 ; 0.0232753 ; 100.039;
9 ; 20 ; 14 ; 0.269246 ; 0.0184851 ; 0.102103 ; 99.9473;
10 ; 20 ; 14 ; 0.229257 ; 0.0536786 ; 0.0309846 ; 100.454;
11 ; 20 ; 14 ; 0.221347 ; 0.056318 ; 0.0306448 ; 100.494;
12 ; 20 ; 14 ; 0.24329 ; 0.0211328 ; 0.0526282 ; 101.485;
13 ; 20 ; 14 ; 0.183477 ; 0.114566 ; -0.00457544 ; 100.52;
14 ; 20 ; 14 ; 0.248341 ; 0.0492807 ; -0.000811175 ; 101.321;
15 ; 20 ; 14 ; 0.247781 ; 0.0119488 ; -0.0399085 ; 101.596;
16 ; 20 ; 14 ; 0.218622 ; -0.0437963 ; -0.10757 ; 100.63;
17 ; 20 ; 14 ; 0.232488 ; 0.0544692 ; 0.0721417 ; 101.235;
18 ; 20 ; 14 ; 0.2274 ; 0.0211398 ; 0.0400063 ; 101.547;
19 ; 20 ; 14 ; 0.207205 ; -0.0309699 ; 0.023869 ; 100.849;
20 ; 20 ; 14 ; 0.162264 ; -0.0573525 ; -0.020805 ; 100.919;
21 ; 20 ; 14 ; 0.221833 ; 0.088648 ; -0.0959159 ; 99.76;
4 ; 21 ; 14 ; 0.257783 ; -0.0327446 ; -0.140021 ; 103.05;
5 ; 21 ; 14 ; 0.369624 ; -0.0562473 ; 0.13526 ; 102.17;
6 ; 21 ; 14 ; 0.253178 ; -0.0247109 ; 0.0790323 ; 101.497;
7 ; 21 ; 14 ; 0.216319 ; -0.028686 ; 0.0123587 ; 100.297;
8 ; 21 ; 14 ; 0.219956 ; -0.0188605 ; -0.03095 ; 99.5549;
9 ; 21 ; 14 ; 0.326263 ; 0.0201128 ; 0.131575 ; 99.55;
10 ; 21 ; 14 ; 0.241359 ; 0.0189142 ; 0.052484 ; 100.149;
11 ; 21 ; 14 ; 0.219295 ; 0.0467439 ; 0.0142036 ; 100.671;
12 ; 21 ; 14 ; 0.240608 ; 0.0212347 ; 0.0175548 ; 101.555;
13 ; 21 ; 14 ; 0.11248 ; 0.159044 ; -0.00564108 ; 101.22;
14 ; 21 ; 14 ; 0.222205 ; 0.0639097 ; -0.00883575 ; 101.555;
15 ; 21 ; 14 ; 0.235063 ; 0.0250769 ; -0.0189588 ; 102.161;
16 ; 21 ; 14 ; 0.218228 ; 0.00228999 ; -0.0336528 ; 101.592;
17 ; 21 ; 14 ; 0.270436 ; 0.0863087 ; 0.0160442 ; 101.4;
18 ; 21 ; 14 ; 0.229916 ; 0.0154274 ; 0.0608434 ; 101.781;
19 ; 21 ; 14 ; 0.226902 ; -0.0482012 ; 0.0286995 ; 101.484;
20 ; 21 ; 14 ; 0.220741 ; -0.112393 ; -0.0221096 ; 100.824;
21 ; 21 ; 14 ; 0.174959 ; -0.133709 ; -0.0707727 ; 101.27;
4 ; 4 ; 15 ; 0.184666 ; 0.0315717 ; -0.00994946 ; 102.56;
5 ; 4 ; 15 ; 0.147888 ; -0.00217473 ; -0.0262517 ; 102.359;
6 ; 4 ; 15 ; 0.144158 ; 0.00208689 ; 0.00658066 ; 101.521;
7 ; 4 ; 15 ; 0.21268 ; 0.0149848 ; 0.0433946 ; 101.589;
8 ; 4 ; 15 ; 0.153221 ; 0.0125943 ; 0.0724417 ; 100.85;
9 ; 4 ; 15 ; 0.222383 ; 0.0173445 ; 0.0313519 ; 101.748;
10 ; 4 ; 15 ; 0.175071 ; -0.00506752 ; 0.00597935 ; 101.022;
11 ; 4 ; 15 ; 0.123511 ; -0.0205453 ; -0.0220112 ; 101.042;
12 ; 4 ; 15 ; 0.0495471 ; 0.0435248 ; 0.00679527 ; 101.95;
13 ; 4 ; 15 ; 0.210564 ; 0.030654 ; -0.0157749 ; 102.776;
14 ; 4 ; 15 ; 0.258076 ; 0.0100847 ; -0.0138318 ; 100.971;
15 ; 4 ; 15 ; 0.288582 ; 0.0295023 ; -0.028957 ; 100.298;
16 ; 4 ; 15 ; 0.195919 ; 0.0736842 ; -0.099299 ; 102.34;
17 ; 4 ; 15 ; 0.287372 ; 0.0261307 ; -0.0162292 ; 100.868;
18 ; 4 ; 15 ; 0.270515 ; 0.0298281 ; 0.026541 ; 100.694;
19 ; 4 ; 15 ; 0.241499 ; -0.0119663 ; 0.0722376 ; 100.483;
20 ; 4 ; 15 ; 0.2067 ; -0.0406326 ; 0.0642213 ; 99.69;
21 ; 4 ; 15 ; 0.140861 ; 0.00515973 ; -0.0541925 ; 93.35;
4 ; 5 ; 15 ; 0.253182 ; 0.00326422 ; -0.131748 ; 101.96;
5 ; 5 ; 15 ; 0.111982 ; -0.0420218 ; -0.00575467 ; 100.546;
6 ; 5 ; 15 ; 0.137453 ; -0.000771829 ; -0.00832299 ; 101.597;
7 ; 5 ; 15 ; 0.206549 ; 0.0262703 ; 0.00933453 ; 102.725;
8 ; 5 ; 15 ; 0.216196 ; 0.050263 ; 0.0597404 ; 101.424;
9 ; 5 ; 15 ; 0.28867 ; -0.0333267 ; -0.0301871 ; 101.915;
10 ; 5 ; 15 ; 0.207423 ; -0.00404867 ; -0.0123022 ; 101.526;
11 ; 5 ; 15 ; 0.156489 ; -0.0121744 ; -0.0109409 ; 101.71;
12 ; 5 ; 15 ; 0.101935 ; -0.0114495 ; -0.0349195 ; 102.032;
13 ; 5 ; 15 ; 0.169797 ; 0.0578665 ; -0.048001 ; 104.013;
14 ; 5 ; 15 ; 0.240692 ; 0.0335961 ; -0.0392701 ; 101.546;
15 ; 5 ; 15 ; 0.302912 ; 0.0255524 ; -0.0305702 ; 100.702;
16 ; 5 ; 15 ; 0.281292 ; 0.0456898 ; -0.0386494 ; 100.36;
17 ; 5 ; 15 ; 0.220399 ; 0.0392808 ; 0.0635201 ; 99.9529;
18 ; 5 ; 15 ; 0.250587 ; 0.0208417 ; 0.047918 ; 100.233;
19 ; 5 ; 15 ; 0.239538 ; -0.0180023 ; 0.0421288 ; 100.306;
20 ; 5 ; 15 ; 0.227834 ; -0.0439352 ; 0.065826 ; 100.204;
21 ; 5 ; 15 ; 0.153234 ; -0.101342 ; 0.00463516 ; 104.21;
4 ; 6 ; 15 ; 0.111461 ; -0.119803 ; -0.033624 ; 103.99;
5 ; 6 ; 15 ; 0.0913092 ; -0.0832933 ; -0.0437703 ; 98.19;
6 ; 6 ; 15 ; 0.136276 ; 0.00508518 ; 0.00119318 ; 102.104;
7 ; 6 ; 15 ; 0.212575 ; 0.0473947 ; -0.0100591 ; 103.967;
8 ; 6 ; 15 ; 0.254932 ; 0.0506809 ; 0.0197841 ; 103.836;
9 ; 6 ; 15 ; 0.316088 ; -0.0531751 ; -0.12381 ; 103.75;
10 ; 6 ; 15 ; 0.249383 ; -0.00707841 ; -0.0186062 ; 101.603;
11 ; 6 ; 15 ; 0.195078 ; -0.0213175 ; -0.0127924 ; 102.276;
12 ; 6 ; 15 ; 0.199897 ; -0.0351675 ; -0.0279964 ; 103.146;
13 ; 6 ; 15 ; 0.0773902 ; 0.0591066 ; -0.0557481 ; 103.23;
14 ; 6 ; 15 ; 0.244517 ; 0.062786 ; -0.0615108 ; 102.493;
15 ; 6 ; 15 ; 0.332117 ; 0.0272572 ; -0.0236625 ; 100.761;
16 ; 6 ; 15 ; 0.332046 ; -0.0308167 ; 0.0541557 ; 100.264;
17 ; 6 ; 15 ; 0.134636 ; 0.0423823 ; 0.0911828 ; 101.17;
18 ; 6 ; 15 ; 0.25355 ; 0.00616445 ; 0.06983 ; 99.3581;
19 ; 6 ; 15 ; 0.250877 ; -0.0351526 ; 0.0221478 ; 100.017;
20 ; 6 ; 15 ; 0.213775 ; 0.00322845 ; -0.0402035 ; 100.871;
21 ; 6 ; 15 ; 0.201383 ; -0.119292 ; -3.69886e-06 ; 101.69;
4 ; 7 ; 15 ; 0.111804 ; 0.0722038 ; -0.036072 ; 104.51;
5 ; 7 ; 15 ; 0.0377571 ; -0.0502913 ; 0.117914 ; 100.904;
6 ; 7 ; 15 ; 0.124361 ; -0.0521373 ; 0.0742304 ; 100.437;
7 ; 7 ; 15 ; 0.174044 ; -0.0417834 ; 0.0374249 ; 100.97;
8 ; 7 ; 15 ; 0.218414 ; -0.07161 ; 0.00574958 ; 102.29;
9 ; 7 ; 15 ; 0.207412 ; -0.044372 ; 0.0459612 ; 100.709;
10 ; 7 ; 15 ; 0.172864 ; -0.0618626 ; 0.0186334 ; 101.511;
11 ; 7 ; 15 ; 0.198147 ; -0.0468253 ; -0.00999724 ; 99.8406;
12 ; 7 ; 15 ; 0.279069 ; -0.0678055 ; -0.170875 ; 97.12;
13 ; 7 ; 15 ; 0.14633 ; 0.107149 ; 0.0582928 ; 99.9388;
14 ; 7 ; 15 ; 0.164391 ; 0.103013 ; 0.0156349 ; 99.9982;
15 ; 7 ; 15 ; 0.119297 ; 0.0475353 ; 0.0186037 ; 101.191;
16 ; 7 ; 15 ; 0.135698 ; -0.0443099 ; 0.0993588 ; 110.04;
17 ; 7 ; 15 ; 0.194668 ; 0.0300683 ; -0.0329328 ; 100.243;
18 ; 7 ; 15 ; 0.226589 ; -0.0183062 ; 0.0103709 ; 102.564;
19 ; 7 ; 15 ; 0.213734 ; 0.00838773 ; 0.0224766 ; 102.426;
20 ; 7 ; 15 ; 0.100307 ; 0.0254418 ; -0.145396 ; 99.49;
21 ; 7 ; 15 ; 0.216713 ; 0.0458656 ; 0.0369989 ; 103.93;
4 ; 8 ; 15 ; 0.199702 ; -0.145914 ; -0.167726 ; 100.96;
5 ; 8 ; 15 ; 0.0186913 ; -0.0344968 ; 0.0156784 ; 102.619;
6 ; 8 ; 15 ; 0.0969033 ; -0.0313293 ; 0.0417615 ; 101.241;
7 ; 8 ; 15 ; 0.145794 ; -0.0163696 ; 0.0233694 ; 101.511;
8 ; 8 ; 15 ; 0.179936 ; -0.0499993 ; 0.0141308 ; 102.513;
9 ; 8 ; 15 ; 0.208778 ; -0.0411224 ; 0.0979391 ; 97.9477;
10 ; 8 ; 15 ; 0.184656 ; -0.0380066 ; 0.040846 ; 100.219;
11 ; 8 ; 15 ; 0.198525 ; -0.0226351 ; 0.00175861 ; 99.73;
12 ; 8 ; 15 ; 0.239798 ; -0.0379165 ; -0.0437338 ; 98.4454;
13 ; 8 ; 15 ; 0.172536 ; 0.106183 ; 0.0415717 ; 99.2517;
14 ; 8 ; 15 ; 0.175105 ; 0.0853335 ; 0.0157521 ; 99.6395;
15 ; 8 ; 15 ; 0.137831 ; 0.0278874 ; 0.0130685 ; 100.368;
16 ; 8 ; 15 ; 0.109054 ; -0.00528105 ; 0.0429277 ; 104.645;
17 ; 8 ; 15 ; 0.207275 ; 0.00668868 ; -0.0815812 ; 102.287;
18 ; 8 ; 15 ; 0.222855 ; -0.00283557 ; 0.0014897 ; 102.547;
19 ; 8 ; 15 ; 0.217765 ; 0.0290701 ; 0.0225648 ; 102.322;
20 ; 8 ; 15 ; 0.153319 ; 0.0483123 ; -0.0162778 ; 101.591;
21 ; 8 ; 15 ; 0.137841 ; -0.0635368 ; 0.138466 ; 99.34;
4 ; 9 ; 15 ; 0.26832 ; -0.0552706 ; -0.0950941 ; 104.42;
5 ; 9 ; 15 ; 0.102047 ; -0.0266715 ; -0.0618321 ; 102.846;
6 ; 9 ; 15 ; 0.0928115 ; -0.00951552 ; -0.0230844 ; 102.676;
7 ; 9 ; 15 ; 0.124822 ; 0.0153018 ; -0.00138076 ; 102.338;
8 ; 9 ; 15 ; 0.137279 ; 0.00579046 ; 0.0284656 ; 102.276;
9 ; 9 ; 15 ; 0.21122 ; 0.0260982 ; 0.102139 ; 98.4286;
10 ; 9 ; 15 ; 0.20232 ; 0.00190497 ; 0.0757738 ; 98.7933;
11 ; 9 ; 15 ; 0.203488 ; -0.002345 ; 0.0324805 ; 99.9697;
12 ; 9 ; 15 ; 0.184007 ; 0.0115077 ; 0.0390619 ; 100.692;
13 ; 9 ; 15 ; 0.204706 ; 0.0689017 ; 0.00011421 ; 102.827;
14 ; 9 ; 15 ; 0.192559 ; 0.066132 ; 0.0197945 ; 100.444;
15 ; 9 ; 15 ; 0.174064 ; 0.0102443 ; -0.00338548 ; 100.215;
16 ; 9 ; 15 ; 0.131204 ; -0.0250548 ; -0.0185052 ; 98.8138;
17 ; 9 ; 15 ; 0.274081 ; -0.0452031 ; -0.0350617 ; 103.53;
18 ; 9 ; 15 ; 0.233678 ; -0.0119846 ; -0.00769202 ; 102.738;
19 ; 9 ; 15 ; 0.220098 ; 0.0396619 ; 0.0185746 ; 102.11;
20 ; 9 ; 15 ; 0.22311 ; 0.0692122 ; 0.0812998 ; 102.528;
21 ; 9 ; 15 ; 0.300721 ; 0.0111224 ; -0.153551 ; 103.57;
4 ; 10 ; 15 ; 0.19067 ; 0.0208476 ; -0.0235702 ; 99.85;
5 ; 10 ; 15 ; 0.272724 ; 0.045574 ; -0.0501632 ; 101.356;
6 ; 10 ; 15 ; 0.189026 ; 0.0249822 ; -0.0452738 ; 102.309;
7 ; 10 ; 15 ; 0.194358 ; 0.0509949 ; -0.00508936 ; 102.268;
8 ; 10 ; 15 ; 0.168856 ; 0.0400347 ; 0.0319237 ; 101.53;
9 ; 10 ; 15 ; 0.222349 ; 0.0363649 ; 0.0830433 ; 101.497;
10 ; 10 ; 15 ; 0.200943 ; 0.020535 ; 0.0566722 ; 100.115;
11 ; 10 ; 15 ; 0.187817 ; -0.0273518 ; 0.012533 ; 101.208;
12 ; 10 ; 15 ; 0.194043 ; -0.0130494 ; -0.0111285 ; 101.476;
13 ; 10 ; 15 ; 0.239399 ; 0.0301581 ; -0.0133304 ; 102.395;
14 ; 10 ; 15 ; 0.220202 ; 0.0262023 ; 0.00686779 ; 101.964;
15 ; 10 ; 15 ; 0.2057 ; -0.00536834 ; -0.00236259 ; 101.783;
16 ; 10 ; 15 ; 0.208971 ; -0.0640923 ; -0.00204796 ; 101.525;
17 ; 10 ; 15 ; 0.180184 ; -0.0858868 ; 0.0200992 ; 100.436;
18 ; 10 ; 15 ; 0.206006 ; -0.03933 ; 0.00239442 ; 101.505;
19 ; 10 ; 15 ; 0.183401 ; 0.0124878 ; -0.0113681 ; 100.499;
20 ; 10 ; 15 ; 0.205728 ; 0.046696 ; -0.00424116 ; 100.556;
21 ; 10 ; 15 ; 0.133737 ; -0.0101357 ; -0.131746 ; 104.29;
4 ; 11 ; 15 ; 0.326717 ; -0.0645093 ; -0.111315 ; 101.57;
5 ; 11 ; 15 ; 0.279662 ; 0.0683328 ; -0.0347335 ; 100.917;
6 ; 11 ; 15 ; 0.270558 ; 0.0594828 ; -0.0376664 ; 102.343;
7 ; 11 ; 15 ; 0.246383 ; 0.0920471 ; -0.00951651 ; 102.737;
8 ; 11 ; 15 ; 0.221971 ; 0.0774504 ; 0.0386677 ; 101.83;
9 ; 11 ; 15 ; 0.191148 ; 0.0159907 ; 0.0623642 ; 101.778;
10 ; 11 ; 15 ; 0.186519 ; -0.00435622 ; 0.0262987 ; 101.897;
11 ; 11 ; 15 ; 0.16267 ; -0.0604094 ; -0.00355245 ; 101.955;
12 ; 11 ; 15 ; 0.181062 ; -0.098349 ; -0.00373797 ; 102.843;
13 ; 11 ; 15 ; 0.194504 ; 0.0641384 ; -0.0916794 ; 99.3748;
14 ; 11 ; 15 ; 0.22228 ; 0.0296875 ; -0.0426506 ; 101.533;
15 ; 11 ; 15 ; 0.212683 ; -0.00689624 ; -0.0348091 ; 102.073;
16 ; 11 ; 15 ; 0.203368 ; 0.00411719 ; 0.0193079 ; 102.777;
17 ; 11 ; 15 ; 0.088079 ; -0.0812091 ; 0.0714914 ; 98.873;
18 ; 11 ; 15 ; 0.130991 ; -0.0478445 ; 0.0233084 ; 99.9742;
19 ; 11 ; 15 ; 0.149567 ; -0.0123424 ; -0.0138733 ; 99.937;
20 ; 11 ; 15 ; 0.16467 ; 0.0103194 ; -0.0408983 ; 99.6824;
21 ; 11 ; 15 ; 0.187706 ; -0.0386872 ; -0.0135047 ; 102.39;
4 ; 12 ; 15 ; -0.0554373 ; -0.0922535 ; -0.025838 ; 97.33;
5 ; 12 ; 15 ; 0.227212 ; 0.0341975 ; -0.0517144 ; 101.81;
6 ; 12 ; 15 ; 0.29582 ; 0.0869468 ; -0.0254246 ; 102.27;
7 ; 12 ; 15 ; 0.263042 ; 0.122736 ; -0.0121955 ; 103.044;
8 ; 12 ; 15 ; 0.178226 ; 0.140453 ; -0.0279838 ; 101.627;
9 ; 12 ; 15 ; 0.154067 ; 0.00505468 ; 0.057772 ; 101.07;
10 ; 12 ; 15 ; 0.179014 ; -0.0178974 ; 0.00785249 ; 102.566;
11 ; 12 ; 15 ; 0.145357 ; -0.0680278 ; -0.0229765 ; 102.1;
12 ; 12 ; 15 ; 0.142308 ; -0.102068 ; -0.0321791 ; 101.803;
13 ; 12 ; 15 ; 0.140721 ; 0.129189 ; -0.140192 ; 98.78;
14 ; 12 ; 15 ; 0.224327 ; 0.0253422 ; -0.0787983 ; 100.488;
15 ; 12 ; 15 ; 0.215774 ; -0.0179221 ; -0.0516695 ; 101.639;
16 ; 12 ; 15 ; 0.19631 ; -0.0142109 ; 0.006434 ; 101.527;
17 ; 12 ; 15 ; 0.112192 ; -0.0955993 ; 0.0988739 ; 99.96;
18 ; 12 ; 15 ; 0.074711 ; -0.031466 ; 0.0339705 ; 98.9503;
19 ; 12 ; 15 ; 0.131674 ; -0.0139789 ; -0.0135022 ; 99.6398;
20 ; 12 ; 15 ; 0.202646 ; -0.042662 ; -0.0430421 ; 99.0733;
21 ; 12 ; 15 ; 0.18296 ; -0.0676725 ; 0.0677054 ; 104.19;
4 ; 13 ; 15 ; 0.112772 ; 0.0343029 ; 0.109254 ; 100.24;
5 ; 13 ; 15 ; 0.115946 ; -0.0103382 ; 0.0758781 ; 101.174;
6 ; 13 ; 15 ; 0.120785 ; 0.0241144 ; 0.0551506 ; 102.565;
7 ; 13 ; 15 ; 0.175561 ; 0.0558617 ; 0.000329675 ; 100.321;
8 ; 13 ; 15 ; 0.240603 ; 0.150022 ; -0.0475732 ; 95.16;
9 ; 13 ; 15 ; 0.197057 ; -0.0408655 ; 0.0691815 ; 99.6387;
10 ; 13 ; 15 ; 0.27116 ; 0.00213858 ; 0.0102303 ; 100.597;
11 ; 13 ; 15 ; 0.259932 ; 0.0582196 ; -0.0145827 ; 103.028;
12 ; 13 ; 15 ; 0.256233 ; -0.0466954 ; 0.0622863 ; 106.97;
13 ; 13 ; 15 ; 0.192436 ; -0.00801322 ; -0.0223159 ; 98.4414;
14 ; 13 ; 15 ; 0.130439 ; -0.000486614 ; -0.0382375 ; 99.6905;
15 ; 13 ; 15 ; 0.132659 ; -0.017471 ; 0.028749 ; 101.423;
16 ; 13 ; 15 ; 0.251837 ; -0.03794 ; 0.186815 ; 101.33;
17 ; 13 ; 15 ; 0.209177 ; -0.0646434 ; 0.0722247 ; 100.469;
18 ; 13 ; 15 ; 0.190918 ; -0.0313606 ; 0.0244223 ; 102.543;
19 ; 13 ; 15 ; 0.18349 ; -0.0380241 ; 0.0168868 ; 103.192;
20 ; 13 ; 15 ; 0.207605 ; -0.127269 ; 0.0618346 ; 103.22;
21 ; 13 ; 15 ; 0.281877 ; 0.0254027 ; -0.0630668 ; 100.73;
4 ; 14 ; 15 ; 0.222109 ; 0.0593096 ; 0.0369907 ; 107.35;
5 ; 14 ; 15 ; 0.181223 ; 0.000924122 ; 0.0267459 ; 103.928;
6 ; 14 ; 15 ; 0.158374 ; 0.023366 ; 0.0422022 ; 102.848;
7 ; 14 ; 15 ; 0.195075 ; 0.0494523 ; 0.0155861 ; 100.588;
8 ; 14 ; 15 ; 0.23595 ; 0.0869935 ; -0.0477137 ; 96.9258;
9 ; 14 ; 15 ; 0.243955 ; 0.0283761 ; 0.0211549 ; 101.26;
10 ; 14 ; 15 ; 0.246196 ; 0.018978 ; -0.00181705 ; 100.797;
11 ; 14 ; 15 ; 0.209498 ; 0.0701785 ; -0.025115 ; 101.895;
12 ; 14 ; 15 ; 0.219684 ; 0.0426623 ; 0.0125422 ; 105.532;
13 ; 14 ; 15 ; 0.206945 ; -0.0389624 ; 0.0256943 ; 99.6654;
14 ; 14 ; 15 ; 0.151511 ; -4.45618e-05 ; -0.00670623 ; 99.6049;
15 ; 14 ; 15 ; 0.142636 ; 0.00493775 ; 0.0275092 ; 100.804;
16 ; 14 ; 15 ; 0.160442 ; -0.00417071 ; 0.0993366 ; 101.786;
17 ; 14 ; 15 ; 0.206848 ; 0.0227401 ; -0.0123643 ; 99.7494;
18 ; 14 ; 15 ; 0.200146 ; -0.0140213 ; 0.0143458 ; 101.452;
19 ; 14 ; 15 ; 0.200175 ; -0.0237993 ; 0.0216492 ; 101.655;
20 ; 14 ; 15 ; 0.196294 ; -0.0569284 ; 0.0462383 ; 102.96;
21 ; 14 ; 15 ; 0.317752 ; 0.0617293 ; 0.0188252 ; 98.72;
4 ; 15 ; 15 ; 0.319708 ; 0.024889 ; 0.0333948 ; 99.75;
5 ; 15 ; 15 ; 0.213102 ; -0.0555804 ; -0.0435032 ; 104.644;
6 ; 15 ; 15 ; 0.204841 ; -0.00371175 ; -0.00534172 ; 103.632;
7 ; 15 ; 15 ; 0.211406 ; 0.0160094 ; 0.00696301 ; 101.583;
8 ; 15 ; 15 ; 0.229654 ; 0.0414079 ; 0.00109977 ; 99.89;
9 ; 15 ; 15 ; 0.163507 ; 0.036233 ; 0.053549 ; 103.48;
10 ; 15 ; 15 ; 0.199518 ; 0.030058 ; 0.00776836 ; 101.468;
11 ; 15 ; 15 ; 0.148449 ; 0.0598308 ; -0.0359267 ; 100.891;
12 ; 15 ; 15 ; 0.13593 ; 0.122912 ; -0.0405712 ; 100.953;
13 ; 15 ; 15 ; 0.310095 ; -0.0347902 ; 0.0628316 ; 100.586;
14 ; 15 ; 15 ; 0.210858 ; -0.00551345 ; 0.0326873 ; 100.019;
15 ; 15 ; 15 ; 0.161979 ; 0.0237635 ; 0.00516516 ; 99.9846;
16 ; 15 ; 15 ; 0.104431 ; 0.0512803 ; -0.00101679 ; 101.026;
17 ; 15 ; 15 ; 0.258591 ; 0.0237299 ; -0.0419127 ; 101.136;
18 ; 15 ; 15 ; 0.217837 ; 0.0113282 ; 0.00193392 ; 100.018;
19 ; 15 ; 15 ; 0.231669 ; -0.00105853 ; 0.0333994 ; 99.6248;
20 ; 15 ; 15 ; 0.216621 ; 0.0256353 ; 0.0396532 ; 100.453;
21 ; 15 ; 15 ; 0.206702 ; -0.0165859 ; -0.0286406 ; 103.44;
4 ; 16 ; 15 ; 0.208869 ; 0.0594834 ; -0.0494744 ; 99.07;
5 ; 16 ; 15 ; 0.212015 ; -0.0652535 ; -0.0304089 ; 103.016;
6 ; 16 ; 15 ; 0.217829 ; -0.0366747 ; -0.0458793 ; 103.597;
7 ; 16 ; 15 ; 0.211129 ; -0.00269277 ; -0.0459018 ; 102.443;
8 ; 16 ; 15 ; 0.200311 ; 0.030577 ; 0.00324924 ; 101.653;
9 ; 16 ; 15 ; 0.206232 ; 0.0200495 ; 0.133412 ; 101.763;
10 ; 16 ; 15 ; 0.18646 ; 0.00655181 ; 0.0488402 ; 102.468;
11 ; 16 ; 15 ; 0.157226 ; -0.00128828 ; -0.000529003 ; 101.78;
12 ; 16 ; 15 ; 0.128719 ; 0.0201698 ; -0.0491703 ; 99.879;
13 ; 16 ; 15 ; 0.289225 ; -0.00381139 ; 0.0544294 ; 99.9437;
14 ; 16 ; 15 ; 0.25509 ; 0.00142514 ; 0.0492802 ; 100.075;
15 ; 16 ; 15 ; 0.188998 ; 0.0211323 ; 0.0143097 ; 99.8306;
16 ; 16 ; 15 ; 0.153308 ; 0.0356873 ; -0.0242662 ; 98.983;
17 ; 16 ; 15 ; 0.152746 ; -0.0315719 ; -0.0602598 ; 99.0838;
18 ; 16 ; 15 ; 0.205682 ; -0.0157728 ; -0.0158944 ; 100.008;
19 ; 16 ; 15 ; 0.232214 ; -0.0331406 ; 0.0492015 ; 99.8346;
20 ; 16 ; 15 ; 0.257083 ; 0.00626762 ; 0.054532 ; 97.8124;
21 ; 16 ; 15 ; 0.262939 ; -0.0122748 ; 0.0267521 ; 104.75;
4 ; 17 ; 15 ; 0.343252 ; -0.0489324 ; 0.079418 ; 109.21;
5 ; 17 ; 15 ; 0.220204 ; 0.0581657 ; -0.0228766 ; 103.448;
6 ; 17 ; 15 ; 0.21365 ; -0.00442637 ; -0.0325133 ; 103.307;
7 ; 17 ; 15 ; 0.220659 ; 0.00810636 ; -0.0524881 ; 102.933;
8 ; 17 ; 15 ; 0.196318 ; 0.00576844 ; -0.0823735 ; 102.639;
9 ; 17 ; 15 ; 0.214745 ; -0.0617001 ; 0.0823055 ; 102.269;
10 ; 17 ; 15 ; 0.189075 ; -0.0210261 ; 0.0907034 ; 102.331;
11 ; 17 ; 15 ; 0.164681 ; -0.0156591 ; 0.0544353 ; 102.256;
12 ; 17 ; 15 ; 0.155113 ; -0.0482576 ; -0.0174409 ; 103.494;
13 ; 17 ; 15 ; 0.227508 ; 0.0498294 ; -0.00321754 ; 101.895;
14 ; 17 ; 15 ; 0.232492 ; 0.0243914 ; 0.043816 ; 101.175;
15 ; 17 ; 15 ; 0.180509 ; 0.0113546 ; 0.02907 ; 100.847;
16 ; 17 ; 15 ; 0.140905 ; 0.0212115 ; 0.0147195 ; 99.7019;
17 ; 17 ; 15 ; 0.135651 ; -0.00105151 ; 0.000158628 ; 100.31;
18 ; 17 ; 15 ; 0.166428 ; -0.0300453 ; -0.00857633 ; 100.491;
19 ; 17 ; 15 ; 0.208013 ; -0.0734245 ; 0.0353823 ; 101.155;
20 ; 17 ; 15 ; 0.236955 ; -0.0673248 ; 0.0808943 ; 99.6656;
21 ; 17 ; 15 ; 0.229104 ; 0.0184379 ; 0.138118 ; 108.63;
4 ; 18 ; 15 ; 0.0804307 ; -0.0180015 ; 0.153883 ; 96.62;
5 ; 18 ; 15 ; 0.213755 ; 0.130929 ; -0.0424396 ; 105.32;
6 ; 18 ; 15 ; 0.219423 ; 0.0330369 ; -0.00789033 ; 102.95;
7 ; 18 ; 15 ; 0.236108 ; 0.0298106 ; -0.0361086 ; 102.888;
8 ; 18 ; 15 ; 0.248846 ; 0.025535 ; -0.073019 ; 103.163;
9 ; 18 ; 15 ; 0.172887 ; -0.130147 ; 0.0463267 ; 103.43;
10 ; 18 ; 15 ; 0.192753 ; -0.0303162 ; 0.0967677 ; 102.084;
11 ; 18 ; 15 ; 0.155236 ; -0.00804209 ; 0.0834114 ; 102.029;
12 ; 18 ; 15 ; 0.153199 ; -0.017274 ; 0.0747632 ; 101.813;
13 ; 18 ; 15 ; 0.225785 ; 0.0677255 ; -0.0425994 ; 104.23;
14 ; 18 ; 15 ; 0.205008 ; 0.0425669 ; 0.0466206 ; 101.578;
15 ; 18 ; 15 ; 0.175838 ; 0.0149643 ; 0.0498817 ; 101.383;
16 ; 18 ; 15 ; 0.180827 ; -0.00960865 ; 0.023731 ; 101.355;
17 ; 18 ; 15 ; 0.194479 ; 0.0544329 ; 0.0816016 ; 102.91;
18 ; 18 ; 15 ; 0.143005 ; -0.0366748 ; -0.00710098 ; 100.669;
19 ; 18 ; 15 ; 0.192184 ; -0.097703 ; 0.0240074 ; 101.708;
20 ; 18 ; 15 ; 0.217626 ; -0.12408 ; 0.0551799 ; 102.459;
21 ; 18 ; 15 ; 0.180313 ; 0.107163 ; -0.0195789 ; 101.31;
4 ; 19 ; 15 ; 0.15549 ; -0.0704261 ; -0.121655 ; 103.12;
5 ; 19 ; 15 ; 0.123764 ; -0.0586426 ; -0.0310529 ; 102.198;
6 ; 19 ; 15 ; 0.142658 ; 0.00882083 ; -0.0391442 ; 102.163;
7 ; 19 ; 15 ; 0.207002 ; 0.0716373 ; -0.0507367 ; 101.6;
8 ; 19 ; 15 ; 0.255153 ; 0.0233289 ; -0.0198635 ; 98.64;
9 ; 19 ; 15 ; 0.191914 ; 0.0201538 ; 0.0192057 ; 102.167;
10 ; 19 ; 15 ; 0.229238 ; 0.0117802 ; -0.00682826 ; 101.844;
11 ; 19 ; 15 ; 0.2587 ; -0.014926 ; 0.00918243 ; 101.643;
12 ; 19 ; 15 ; 0.260842 ; -0.131318 ; 0.0918297 ; 102.81;
13 ; 19 ; 15 ; 0.212326 ; -0.00712615 ; 0.0449702 ; 102.56;
14 ; 19 ; 15 ; 0.242694 ; 0.000635941 ; 0.00817259 ; 102.203;
15 ; 19 ; 15 ; 0.233467 ; 0.0244389 ; -0.0499629 ; 100.569;
16 ; 19 ; 15 ; 0.233104 ; 0.0556222 ; -0.00312088 ; 97;
17 ; 19 ; 15 ; 0.229748 ; 0.0699381 ; -0.00625186 ; 100.693;
18 ; 19 ; 15 ; 0.208326 ; 0.0307261 ; 0.0523332 ; 100.495;
19 ; 19 ; 15 ; 0.158031 ; -0.0498937 ; 0.0408385 ; 100.539;
20 ; 19 ; 15 ; 0.00722387 ; -0.148683 ; -0.116628 ; 98.5;
21 ; 19 ; 15 ; 0.141132 ; -0.0375322 ; -0.138834 ; 101.31;
4 ; 20 ; 15 ; 0.136157 ; -0.0682173 ; 0.0174335 ; 101.3;
5 ; 20 ; 15 ; 0.18961 ; -0.0994591 ; -0.0322851 ; 101.158;
6 ; 20 ; 15 ; 0.16035 ; -0.0175946 ; -0.00715705 ; 101.486;
7 ; 20 ; 15 ; 0.189703 ; 0.0425047 ; -0.0109389 ; 101.771;
8 ; 20 ; 15 ; 0.245903 ; 0.0792842 ; -0.0500207 ; 100.991;
9 ; 20 ; 15 ; 0.201337 ; -0.0105382 ; 0.117245 ; 103.855;
10 ; 20 ; 15 ; 0.217262 ; 0.00808934 ; 0.0271806 ; 102.147;
11 ; 20 ; 15 ; 0.247927 ; 0.0120645 ; 0.00307282 ; 101.066;
12 ; 20 ; 15 ; 0.279712 ; -0.0635413 ; 0.0467689 ; 101.519;
13 ; 20 ; 15 ; 0.212377 ; 0.0193119 ; 0.0214199 ; 102.83;
14 ; 20 ; 15 ; 0.232898 ; 0.0171921 ; 0.00327371 ; 102.418;
15 ; 20 ; 15 ; 0.242778 ; 0.034763 ; -0.0317301 ; 101.092;
16 ; 20 ; 15 ; 0.237893 ; 0.0532596 ; -0.0499046 ; 98.8764;
17 ; 20 ; 15 ; 0.270942 ; 0.0828011 ; 0.0753814 ; 99.1018;
18 ; 20 ; 15 ; 0.222718 ; 0.0272868 ; 0.0554238 ; 100.548;
19 ; 20 ; 15 ; 0.204704 ; -0.051115 ; 0.0466388 ; 101.194;
20 ; 20 ; 15 ; 0.0998531 ; -0.0951638 ; -0.0416688 ; 100.433;
21 ; 20 ; 15 ; 0.359791 ; -0.0744023 ; 0.0155108 ; 100.97;
4 ; 21 ; 15 ; 0.228871 ; -0.0810893 ; 0.00111674 ; 100.7;
5 ; 21 ; 15 ; 0.259328 ; -0.147385 ; 0.0213392 ; 99.27;
6 ; 21 ; 15 ; 0.174853 ; -0.0309629 ; -0.00300189 ; 101.484;
7 ; 21 ; 15 ; 0.181751 ; 0.0358494 ; 0.00128881 ; 102.505;
8 ; 21 ; 15 ; 0.190296 ; 0.0329858 ; -0.0414977 ; 103.711;
9 ; 21 ; 15 ; 0.172312 ; -0.0645408 ; 0.191488 ; 103.82;
10 ; 21 ; 15 ; 0.218075 ; 0.0165172 ; 0.0570849 ; 102.777;
11 ; 21 ; 15 ; 0.252331 ; 0.0463021 ; -0.00957666 ; 100.406;
12 ; 21 ; 15 ; 0.254943 ; 0.0647607 ; -0.0149241 ; 100.013;
13 ; 21 ; 15 ; 0.235769 ; 0.0254656 ; 0.00702334 ; 103.01;
14 ; 21 ; 15 ; 0.222119 ; 0.0335929 ; -0.00703067 ; 102.374;
15 ; 21 ; 15 ; 0.252741 ; 0.0463016 ; -0.0283629 ; 101.763;
16 ; 21 ; 15 ; 0.277353 ; 0.0622833 ; -0.0443212 ; 100.828;
17 ; 21 ; 15 ; 0.233866 ; 0.115042 ; 0.072567 ; 98.43;
18 ; 21 ; 15 ; 0.261265 ; 0.0191068 ; 0.0676042 ; 100.724;
19 ; 21 ; 15 ; 0.267991 ; -0.0424398 ; 0.0608212 ; 102.225;
20 ; 21 ; 15 ; 0.245234 ; -0.0195907 ; 0.067839 ; 102.438;
21 ; 21 ; 15 ; 0.0930811 ; -0.0523096 ; -0.0953681 ; 101.83;
4 ; 4 ; 16 ; 0.0645037 ; -0.125089 ; 0.00814168 ; 105.63;
5 ; 4 ; 16 ; 0.234955 ; 0.112627 ; -0.00119211 ; 100.7;
6 ; 4 ; 16 ; 0.0579246 ; -0.098493 ; 0.0395151 ; 104.86;
7 ; 4 ; 16 ; 0.0893489 ; -0.01952 ; -0.11146 ; 96.62;
8 ; 4 ; 16 ; 0.104004 ; 0.192334 ; -0.0859835 ; 102.15;
9 ; 4 ; 16 ; 0.117275 ; 0.0441065 ; 0.0352674 ; 99.91;
10 ; 4 ; 16 ; 0.163062 ; -0.0287125 ; -0.0646036 ; 98.56;
11 ; 4 ; 16 ; 0.169968 ; -0.0444658 ; -0.0580925 ; 101.97;
12 ; 4 ; 16 ; 0.182467 ; 0.0741502 ; -0.0311438 ; 102.47;
13 ; 4 ; 16 ; 0.103021 ; -0.0696125 ; 0.0380758 ; 99.11;
14 ; 4 ; 16 ; 0.32041 ; 0.0137667 ; 0.1287 ; 97.64;
15 ; 4 ; 16 ; 0.322255 ; -0.00576447 ; -0.0012146 ; 97.77;
16 ; 4 ; 16 ; 0.175872 ; 0.0496053 ; 0.0403872 ; 104.1;
17 ; 4 ; 16 ; 0.23591 ; -0.00900424 ; 0.0294623 ; 98.06;
18 ; 4 ; 16 ; 0.30107 ; -0.0330261 ; 0.00208014 ; 101.54;
19 ; 4 ; 16 ; 0.161936 ; 0.0639139 ; -0.0997424 ; 101.28;
20 ; 4 ; 16 ; 0.190955 ; 0.0936528 ; -0.0631713 ; 103.82;
21 ; 4 ; 16 ; 0.138068 ; 0.0958576 ; 0.0139112 ; 102.35;
4 ; 5 ; 16 ; 0.119086 ; -0.142336 ; 0.0263642 ; 98.68;
5 ; 5 ; 16 ; 0.324557 ; 0.0205992 ; 0.140111 ; 105.57;
6 ; 5 ; 16 ; 0.131937 ; -0.0233743 ; 0.0464663 ; 104.687;
7 ; 5 ; 16 ; 0.109363 ; 0.032076 ; -0.0556818 ; 98.7519;
8 ; 5 ; 16 ; 0.154059 ; 0.113858 ; -0.0174192 ; 101.529;
9 ; 5 ; 16 ; 0.297979 ; 0.00935696 ; -0.0149572 ; 100.31;
10 ; 5 ; 16 ; 0.18586 ; -0.044413 ; -0.0170862 ; 100.288;
11 ; 5 ; 16 ; 0.144434 ; -0.0446877 ; -0.0198903 ; 102.34;
12 ; 5 ; 16 ; 0.149744 ; 0.100245 ; -0.0120869 ; 100.719;
13 ; 5 ; 16 ; 0.059967 ; 0.0605177 ; 0.0179667 ; 102.67;
14 ; 5 ; 16 ; 0.228798 ; 0.0319641 ; 0.0602504 ; 99.4351;
15 ; 5 ; 16 ; 0.240416 ; 0.010103 ; -0.0019512 ; 100.152;
16 ; 5 ; 16 ; 0.167947 ; 0.00651997 ; 0.00468614 ; 103.562;
17 ; 5 ; 16 ; 0.0611017 ; 0.087182 ; 0.0313791 ; 103.37;
18 ; 5 ; 16 ; 0.19466 ; 0.00995915 ; 0.0027333 ; 101.35;
19 ; 5 ; 16 ; 0.133858 ; 0.0660002 ; -0.0832302 ; 100.391;
20 ; 5 ; 16 ; 0.156511 ; 0.0871296 ; -0.064428 ; 101.839;
21 ; 5 ; 16 ; 0.160302 ; 0.00178459 ; 0.00770013 ; 99.42;
4 ; 6 ; 16 ; 0.194339 ; 0.0641375 ; -0.0350975 ; 96.93;
5 ; 6 ; 16 ; 0.0448976 ; 0.0223529 ; 0.0131159 ; 105.84;
6 ; 6 ; 16 ; 0.179443 ; 0.0555657 ; 0.0238532 ; 103.31;
7 ; 6 ; 16 ; 0.141459 ; 0.0739819 ; -0.0263293 ; 100.103;
8 ; 6 ; 16 ; 0.167521 ; 0.0385748 ; -0.00231778 ; 100.576;
9 ; 6 ; 16 ; 0.17679 ; 0.0131087 ; -0.00480769 ; 100;
10 ; 6 ; 16 ; 0.190867 ; -0.0548606 ; 0.0229737 ; 101.417;
11 ; 6 ; 16 ; 0.139469 ; -0.0542556 ; 0.0313482 ; 102.331;
12 ; 6 ; 16 ; 0.125064 ; 0.078109 ; 0.00915622 ; 100.309;
13 ; 6 ; 16 ; 0.108211 ; 0.0404177 ; 0.118627 ; 101.62;
14 ; 6 ; 16 ; 0.114653 ; 0.0350225 ; 0.0161451 ; 101.722;
15 ; 6 ; 16 ; 0.167875 ; 0.0127146 ; -0.0129305 ; 103.012;
16 ; 6 ; 16 ; 0.222712 ; -0.0451431 ; -0.0026631 ; 102.677;
17 ; 6 ; 16 ; 0.212717 ; -0.0197301 ; 0.191229 ; 97.62;
18 ; 6 ; 16 ; 0.133784 ; 0.0276935 ; 0.0640992 ; 100.941;
19 ; 6 ; 16 ; 0.158367 ; 0.042779 ; -0.00490761 ; 100.929;
20 ; 6 ; 16 ; 0.148347 ; 0.0442617 ; -0.0307902 ; 100.747;
21 ; 6 ; 16 ; 0.071759 ; -0.094983 ; -0.0813905 ; 96.58;
4 ; 7 ; 16 ; 0.124017 ; 0.0169292 ; 0.10218 ; 101.37;
5 ; 7 ; 16 ; 0.0456049 ; 0.0134924 ; 0.224256 ; 102.52;
6 ; 7 ; 16 ; 0.386646 ; -0.0350099 ; -0.0411819 ; 99.77;
7 ; 7 ; 16 ; 0.253228 ; 0.0637915 ; 0.172016 ; 99.87;
8 ; 7 ; 16 ; 0.0599574 ; -0.0439113 ; -0.0610448 ; 105.73;
9 ; 7 ; 16 ; 0.2459 ; -0.0577346 ; 0.0892102 ; 99.05;
10 ; 7 ; 16 ; 0.114869 ; -0.0203466 ; 0.0905014 ; 100.06;
11 ; 7 ; 16 ; 0.148148 ; 0.121306 ; -0.00849438 ; 98.99;
12 ; 7 ; 16 ; 0.153015 ; -0.0685462 ; -0.0137906 ; 105.14;
13 ; 7 ; 16 ; 0.191847 ; 0.0335794 ; -0.0546952 ; 98.77;
14 ; 7 ; 16 ; 0.137639 ; -0.0551355 ; 0.0333243 ; 100.59;
15 ; 7 ; 16 ; 0.232992 ; -0.033668 ; -0.078295 ; 103.55;
16 ; 7 ; 16 ; 0.480984 ; 0.0557157 ; 0.0130554 ; 96.8;
17 ; 7 ; 16 ; 0.179585 ; -0.138585 ; -0.00087661 ; 108.9;
18 ; 7 ; 16 ; 0.0769768 ; 0.148467 ; 0.0703995 ; 101.76;
19 ; 7 ; 16 ; 0.214868 ; -0.0149139 ; -0.0569673 ; 99.52;
20 ; 7 ; 16 ; 0.256096 ; -0.199668 ; -0.00366349 ; 98.43;
21 ; 7 ; 16 ; 0.134568 ; 0.0160062 ; 0.00846854 ; 105.58;
4 ; 8 ; 16 ; 0.169203 ; 0.0524984 ; 0.0830411 ; 101.61;
5 ; 8 ; 16 ; 0.10876 ; 0.026646 ; 0.0659923 ; 101.51;
6 ; 8 ; 16 ; 0.250559 ; -0.00526144 ; -0.0322242 ; 101.191;
7 ; 8 ; 16 ; 0.180704 ; 0.050264 ; 0.0634103 ; 101.24;
8 ; 8 ; 16 ; 0.0925969 ; -0.00180029 ; -0.0169639 ; 103.973;
9 ; 8 ; 16 ; 0.238276 ; 0.11494 ; -0.133334 ; 95.31;
10 ; 8 ; 16 ; 0.162047 ; 0.0116767 ; 0.0304124 ; 98.273;
11 ; 8 ; 16 ; 0.173772 ; 0.0596731 ; -0.0015059 ; 99.5476;
12 ; 8 ; 16 ; 0.189356 ; -0.0163954 ; -0.011405 ; 104.017;
13 ; 8 ; 16 ; 0.276598 ; -0.0875981 ; -0.01111 ; 104.74;
14 ; 8 ; 16 ; 0.182378 ; -0.0426317 ; 0.0148687 ; 102.643;
15 ; 8 ; 16 ; 0.189452 ; -0.00322246 ; -0.037489 ; 104.311;
16 ; 8 ; 16 ; 0.328393 ; 0.025172 ; 0.0232895 ; 99.9873;
17 ; 8 ; 16 ; 0.116256 ; -0.0932654 ; 0.142639 ; 104.65;
18 ; 8 ; 16 ; 0.123556 ; 0.0445651 ; 0.0681404 ; 102.753;
19 ; 8 ; 16 ; 0.212405 ; -0.0515523 ; -0.0523552 ; 100.312;
20 ; 8 ; 16 ; 0.194101 ; -0.147327 ; -0.0033715 ; 99.5832;
21 ; 8 ; 16 ; 0.0470384 ; -0.106873 ; -0.0269476 ; 99.28;
4 ; 9 ; 16 ; 0.0663088 ; 0.0182491 ; -0.0473818 ; 100.9;
5 ; 9 ; 16 ; 0.118014 ; 0.0783869 ; 0.0579422 ; 104.33;
6 ; 9 ; 16 ; 0.0993527 ; 0.0281215 ; 0.031905 ; 102.205;
7 ; 9 ; 16 ; 0.0885337 ; 0.0342564 ; -0.00597689 ; 101.414;
8 ; 9 ; 16 ; 0.0889404 ; 0.0663657 ; 0.0337448 ; 101.821;
9 ; 9 ; 16 ; 0.149598 ; 0.00822182 ; -0.00606794 ; 98.54;
10 ; 9 ; 16 ; 0.193685 ; 0.0396198 ; -0.00737652 ; 98.2345;
11 ; 9 ; 16 ; 0.242097 ; 0.0049127 ; 0.0234939 ; 101.945;
12 ; 9 ; 16 ; 0.239383 ; 0.0143731 ; -0.0139256 ; 103.906;
13 ; 9 ; 16 ; 0.159753 ; -0.023619 ; -0.0077515 ; 96;
14 ; 9 ; 16 ; 0.217741 ; 0.00789042 ; 0.00721658 ; 102.162;
15 ; 9 ; 16 ; 0.179382 ; 0.0380577 ; 0.0355514 ; 104.457;
16 ; 9 ; 16 ; 0.161745 ; -0.0507144 ; 0.00274451 ; 103.631;
17 ; 9 ; 16 ; 0.103235 ; -0.113351 ; 0.163307 ; 98.63;
18 ; 9 ; 16 ; 0.16105 ; -0.0913121 ; 0.0847469 ; 102.241;
19 ; 9 ; 16 ; 0.208008 ; -0.059305 ; -0.00366722 ; 100.923;
20 ; 9 ; 16 ; 0.14914 ; -0.0231266 ; 0.0396005 ; 100.423;
21 ; 9 ; 16 ; 0.0801564 ; 0.00702272 ; -0.0601382 ; 105.29;
4 ; 10 ; 16 ; 0.155399 ; -0.0531664 ; 0.055239 ; 102.97;
5 ; 10 ; 16 ; 0.218176 ; -0.0683426 ; -0.0130318 ; 102.12;
6 ; 10 ; 16 ; 0.146698 ; 0.00429686 ; 0.0308662 ; 101.355;
7 ; 10 ; 16 ; 0.105933 ; 0.033479 ; 0.0440242 ; 100.467;
8 ; 10 ; 16 ; 0.0847171 ; 0.0335576 ; 0.03426 ; 102.531;
9 ; 10 ; 16 ; 0.0820974 ; -0.0124833 ; 0.0361674 ; 97.48;
10 ; 10 ; 16 ; 0.164342 ; 0.0256257 ; 0.00599002 ; 100.559;
11 ; 10 ; 16 ; 0.23937 ; 0.0082286 ; -0.0108472 ; 102.718;
12 ; 10 ; 16 ; 0.169675 ; -0.0438747 ; -0.0380208 ; 102.633;
13 ; 10 ; 16 ; 0.097015 ; -0.0148114 ; 0.146421 ; 98.29;
14 ; 10 ; 16 ; 0.15971 ; 0.0363579 ; 0.0396709 ; 99.2779;
15 ; 10 ; 16 ; 0.17058 ; 0.0577181 ; 0.0375005 ; 102.267;
16 ; 10 ; 16 ; 0.141744 ; -0.0369376 ; -0.019071 ; 101.347;
17 ; 10 ; 16 ; 0.176009 ; -0.087192 ; -0.0517858 ; 104.11;
18 ; 10 ; 16 ; 0.157634 ; -0.060817 ; 0.0411958 ; 102.08;
19 ; 10 ; 16 ; 0.1855 ; 0.0143122 ; 0.0412541 ; 101.291;
20 ; 10 ; 16 ; 0.153724 ; 0.0665387 ; 0.0977205 ; 99.1204;
21 ; 10 ; 16 ; 0.263959 ; 0.058306 ; -0.0379169 ; 96.52;
4 ; 11 ; 16 ; 0.123091 ; -0.0138846 ; -0.0615518 ; 99.13;
5 ; 11 ; 16 ; 0.0462847 ; 0.0160376 ; 0.0698014 ; 98.51;
6 ; 11 ; 16 ; 0.134362 ; -0.0127597 ; -0.0450497 ; 100.841;
7 ; 11 ; 16 ; 0.154846 ; 0.0318413 ; -0.0548881 ; 102.033;
8 ; 11 ; 16 ; 0.152783 ; 0.00887826 ; -0.0118529 ; 102.792;
9 ; 11 ; 16 ; 0.11333 ; 0.0440082 ; 0.00773417 ; 101.9;
10 ; 11 ; 16 ; 0.154723 ; 0.0173485 ; -0.0402169 ; 100.421;
11 ; 11 ; 16 ; 0.191295 ; -0.00549347 ; -0.0801169 ; 101.953;
12 ; 11 ; 16 ; 0.139176 ; 0.00734558 ; -0.0313882 ; 101.268;
13 ; 11 ; 16 ; 0.0812451 ; -0.0088771 ; 0.0492077 ; 101.21;
14 ; 11 ; 16 ; 0.123851 ; -0.00256389 ; 0.0223571 ; 100.454;
15 ; 11 ; 16 ; 0.108128 ; 0.0685886 ; -0.0677123 ; 100.07;
16 ; 11 ; 16 ; 0.0750001 ; 0.0666288 ; -0.0861333 ; 99.1909;
17 ; 11 ; 16 ; 0.221917 ; 0.127208 ; -0.10074 ; 99.21;
18 ; 11 ; 16 ; 0.189772 ; 0.0313435 ; -0.0513016 ; 103.056;
19 ; 11 ; 16 ; 0.179633 ; 0.0169056 ; 0.012545 ; 103.305;
20 ; 11 ; 16 ; 0.152195 ; -0.0159886 ; 0.0718896 ; 101.472;
21 ; 11 ; 16 ; 0.0905248 ; 0.0661443 ; 0.0660694 ; 97.84;
4 ; 12 ; 16 ; 0.0746128 ; -0.0872886 ; 0.0880242 ; 104.06;
5 ; 12 ; 16 ; 0.190376 ; -0.0496156 ; 0.00943852 ; 102.05;
6 ; 12 ; 16 ; 0.115428 ; -0.0179487 ; -0.0368664 ; 100.734;
7 ; 12 ; 16 ; 0.189966 ; 0.0348939 ; -0.0957846 ; 101.554;
8 ; 12 ; 16 ; 0.181374 ; 0.0625487 ; -0.037116 ; 101.705;
9 ; 12 ; 16 ; 0.21999 ; 0.0226519 ; -0.0781159 ; 97.17;
10 ; 12 ; 16 ; 0.175817 ; 0.0552823 ; -0.0474045 ; 100.18;
11 ; 12 ; 16 ; 0.20217 ; 0.0742938 ; -0.0403683 ; 102.956;
12 ; 12 ; 16 ; 0.207312 ; 0.0790699 ; -0.000154697 ; 102.358;
13 ; 12 ; 16 ; 0.152158 ; -0.0554573 ; 0.0960136 ; 102.84;
14 ; 12 ; 16 ; 0.122921 ; -0.0190611 ; 0.014524 ; 101.76;
15 ; 12 ; 16 ; 0.066429 ; 0.0568408 ; -0.0826666 ; 100.304;
16 ; 12 ; 16 ; 0.031113 ; 0.084851 ; -0.0693059 ; 100.224;
17 ; 12 ; 16 ; 0.120058 ; 0.00551625 ; -0.010089 ; 105.16;
18 ; 12 ; 16 ; 0.154869 ; 0.0519343 ; -0.0366175 ; 102.276;
19 ; 12 ; 16 ; 0.16924 ; -0.02803 ; 0.00398979 ; 102.874;
20 ; 12 ; 16 ; 0.192095 ; -0.094167 ; 0.033523 ; 104.227;
21 ; 12 ; 16 ; 0.251669 ; 0.0943647 ; 0.0492799 ; 99.4;
4 ; 13 ; 16 ; 0.147969 ; -0.187144 ; 0.053367 ; 102.03;
5 ; 13 ; 16 ; 0.238907 ; -0.0510784 ; 0.0280767 ; 99.46;
6 ; 13 ; 16 ; 0.202413 ; -0.00753726 ; -0.00186614 ; 102.26;
7 ; 13 ; 16 ; 0.133863 ; 0.0851046 ; 0.0176518 ; 103.53;
8 ; 13 ; 16 ; 0.0875776 ; -0.0889307 ; -0.106934 ; 98.45;
9 ; 13 ; 16 ; 0.122006 ; 0.0362915 ; -0.0319143 ; 102.98;
10 ; 13 ; 16 ; 0.174903 ; 0.0249807 ; 0.0480307 ; 99.68;
11 ; 13 ; 16 ; 0.237497 ; -0.00929239 ; -0.0890241 ; 99.03;
12 ; 13 ; 16 ; 0.343893 ; -0.0873172 ; 0.0740054 ; 96.74;
13 ; 13 ; 16 ; 0.111477 ; 0.12694 ; -0.00822037 ; 103.79;
14 ; 13 ; 16 ; 0.131528 ; -0.0391025 ; 0.0690711 ; 100.79;
15 ; 13 ; 16 ; 0.160824 ; -0.150252 ; -0.0501044 ; 102.01;
16 ; 13 ; 16 ; 0.069327 ; -0.119702 ; -0.0706626 ; 101.76;
17 ; 13 ; 16 ; 0.143363 ; 0.0712355 ; 0.0565792 ; 100.1;
18 ; 13 ; 16 ; 0.0885476 ; -0.0241033 ; 0.0321888 ; 105.87;
19 ; 13 ; 16 ; 0.189222 ; -0.0363248 ; 0.101002 ; 97.01;
20 ; 13 ; 16 ; 0.245097 ; 0.0160446 ; -0.0777647 ; 102.32;
21 ; 13 ; 16 ; 0.0824453 ; -0.0113609 ; 0.0341013 ; 104.01;
4 ; 14 ; 16 ; 0.204476 ; -0.0385791 ; 0.0459449 ; 104.31;
5 ; 14 ; 16 ; 0.206406 ; -0.090294 ; -0.0290982 ; 101.83;
6 ; 14 ; 16 ; 0.193799 ; -0.0339797 ; -0.000312135 ; 101.504;
7 ; 14 ; 16 ; 0.141411 ; -0.00563489 ; 0.0148003 ; 102.354;
8 ; 14 ; 16 ; 0.125732 ; -0.0997109 ; -0.0728022 ; 99.8253;
9 ; 14 ; 16 ; 0.21726 ; 0.00897316 ; 0.0115121 ; 105.06;
10 ; 14 ; 16 ; 0.168487 ; -0.0125335 ; 0.0423655 ; 100.527;
11 ; 14 ; 16 ; 0.155989 ; -0.0466865 ; -0.00517856 ; 98.8669;
12 ; 14 ; 16 ; 0.229939 ; -0.0277987 ; 0.0928624 ; 98.7011;
13 ; 14 ; 16 ; -0.00522739 ; 0.0557382 ; 0.0835186 ; 100.72;
14 ; 14 ; 16 ; 0.118988 ; -0.00471716 ; 0.0781543 ; 101.714;
15 ; 14 ; 16 ; 0.17091 ; -0.0921313 ; 0.0219671 ; 101.132;
16 ; 14 ; 16 ; 0.101506 ; -0.0980959 ; -0.00465632 ; 99.4326;
17 ; 14 ; 16 ; 0.188183 ; 0.00777615 ; -0.080589 ; 109.75;
18 ; 14 ; 16 ; 0.134962 ; -0.0051057 ; 0.00117457 ; 106.02;
19 ; 14 ; 16 ; 0.192606 ; -0.0202715 ; 0.0738286 ; 98.6336;
20 ; 14 ; 16 ; 0.199404 ; -0.0232956 ; -0.0228394 ; 101.319;
21 ; 14 ; 16 ; 0.136827 ; 0.126262 ; 0.0165159 ; 102.97;
4 ; 15 ; 16 ; 0.225554 ; 0.136546 ; 0.0964427 ; 94.75;
5 ; 15 ; 16 ; 0.104415 ; 0.111266 ; 0.10379 ; 102.75;
6 ; 15 ; 16 ; 0.148728 ; 0.0287958 ; 0.0237835 ; 100.699;
7 ; 15 ; 16 ; 0.104931 ; -0.0142357 ; -0.00436121 ; 100.456;
8 ; 15 ; 16 ; 0.130331 ; -0.0246251 ; -0.0191358 ; 101.235;
9 ; 15 ; 16 ; 0.20141 ; 0.0691452 ; -0.0387266 ; 98.41;
10 ; 15 ; 16 ; 0.160467 ; -0.0157977 ; 0.00961455 ; 101.111;
11 ; 15 ; 16 ; 0.0862612 ; -0.0474603 ; 0.0675853 ; 100.637;
12 ; 15 ; 16 ; 0.117717 ; 0.0273092 ; 0.095082 ; 101.086;
13 ; 15 ; 16 ; 0.15829 ; -0.0738075 ; -0.00794494 ; 105.28;
14 ; 15 ; 16 ; 0.10347 ; 0.0194296 ; 0.0361449 ; 102.821;
15 ; 15 ; 16 ; 0.158801 ; 0.0172915 ; 0.0463157 ; 99.4099;
16 ; 15 ; 16 ; 0.168014 ; -0.0452427 ; 0.0169008 ; 97.1322;
17 ; 15 ; 16 ; 0.138567 ; 0.217248 ; 0.00752282 ; 98.12;
18 ; 15 ; 16 ; 0.171212 ; 0.0591583 ; -0.0475073 ; 104.002;
19 ; 15 ; 16 ; 0.207907 ; -0.00958032 ; -0.0379406 ; 101.628;
20 ; 15 ; 16 ; 0.185474 ; -0.0298041 ; 0.0061033 ; 98.9638;
21 ; 15 ; 16 ; 0.187477 ; -0.0893557 ; -0.0455676 ; 101.12;
4 ; 16 ; 16 ; 0.147857 ; 0.0716386 ; 0.0725504 ; 104.97;
5 ; 16 ; 16 ; 0.0819714 ; 0.10431 ; 0.0940726 ; 96.58;
6 ; 16 ; 16 ; 0.104267 ; 0.0971727 ; 0.0283033 ; 100.398;
7 ; 16 ; 16 ; 0.0772283 ; 0.0398583 ; -0.0321583 ; 100.09;
8 ; 16 ; 16 ; 0.10298 ; 0.0164486 ; 0.0193657 ; 100.363;
9 ; 16 ; 16 ; 0.116001 ; -0.0649684 ; -0.0912802 ; 99.92;
10 ; 16 ; 16 ; 0.136164 ; -0.00489222 ; -0.0242791 ; 100.895;
11 ; 16 ; 16 ; 0.121715 ; -0.0551955 ; 0.0287128 ; 103.092;
12 ; 16 ; 16 ; 0.129345 ; -0.046285 ; -0.00155579 ; 101.752;
13 ; 16 ; 16 ; 0.207398 ; 0.0321811 ; -0.00111855 ; 99.78;
14 ; 16 ; 16 ; 0.153676 ; 0.0205402 ; -0.0209068 ; 101.627;
15 ; 16 ; 16 ; 0.147225 ; 0.0699875 ; -0.00472296 ; 99.3679;
16 ; 16 ; 16 ; 0.159988 ; 0.023899 ; 0.00670667 ; 99.6416;
17 ; 16 ; 16 ; 0.123966 ; -0.131684 ; -0.0531625 ; 102.03;
18 ; 16 ; 16 ; 0.115312 ; 0.016058 ; -0.0703862 ; 100.898;
19 ; 16 ; 16 ; 0.157548 ; -0.0570827 ; -0.103877 ; 101.568;
20 ; 16 ; 16 ; 0.202902 ; -0.0268443 ; -0.0204795 ; 99.1747;
21 ; 16 ; 16 ; 0.206976 ; -0.103578 ; 0.0223709 ; 102.55;
4 ; 17 ; 16 ; 0.298107 ; 0.0943309 ; 0.0999473 ; 103.45;
5 ; 17 ; 16 ; 0.162886 ; 0.0985982 ; 0.0690997 ; 102.4;
6 ; 17 ; 16 ; 0.117087 ; 0.0587543 ; 0.00411897 ; 101.074;
7 ; 17 ; 16 ; 0.104311 ; -0.0296159 ; -0.0430861 ; 101.903;
8 ; 17 ; 16 ; 0.132376 ; -0.0533336 ; 0.00121777 ; 100.532;
9 ; 17 ; 16 ; 0.108823 ; 0.0972096 ; 0.0134729 ; 100.33;
10 ; 17 ; 16 ; 0.123039 ; -0.0302818 ; -0.0160503 ; 100.312;
11 ; 17 ; 16 ; 0.152061 ; -0.100801 ; 0.0217242 ; 100.663;
12 ; 17 ; 16 ; 0.0998904 ; -0.0686229 ; -0.00506433 ; 100.775;
13 ; 17 ; 16 ; 0.127203 ; -0.0360094 ; 0.0259382 ; 99.73;
14 ; 17 ; 16 ; 0.168262 ; 0.0166228 ; -0.0034025 ; 100.498;
15 ; 17 ; 16 ; 0.149454 ; 0.041075 ; 0.0324962 ; 101.293;
16 ; 17 ; 16 ; 0.12456 ; 0.0394117 ; 0.0897828 ; 102.422;
17 ; 17 ; 16 ; 0.0470323 ; 0.0193667 ; -0.193529 ; 99.74;
18 ; 17 ; 16 ; 0.0902764 ; -0.0223438 ; -0.124732 ; 101.375;
19 ; 17 ; 16 ; 0.102063 ; -0.012554 ; -0.05442 ; 101.836;
20 ; 17 ; 16 ; 0.151816 ; -0.0220548 ; 0.0196074 ; 100.511;
21 ; 17 ; 16 ; 0.143279 ; -0.0219631 ; -0.0163009 ; 102.46;
4 ; 18 ; 16 ; 0.350697 ; 0.113014 ; 0.0282703 ; 99.3;
5 ; 18 ; 16 ; 0.100081 ; -0.0146384 ; -0.0684042 ; 101.02;
6 ; 18 ; 16 ; 0.123992 ; 0.0519851 ; 0.00365956 ; 102.686;
7 ; 18 ; 16 ; 0.0936576 ; 0.0115781 ; -0.0122259 ; 103.597;
8 ; 18 ; 16 ; 0.121465 ; -0.0500033 ; -0.0381409 ; 101.745;
9 ; 18 ; 16 ; 0.0354365 ; -0.0983141 ; 0.032477 ; 104.41;
10 ; 18 ; 16 ; 0.114897 ; 0.0109418 ; 0.016187 ; 101.227;
11 ; 18 ; 16 ; 0.181111 ; 0.0343852 ; 0.0279201 ; 99.375;
12 ; 18 ; 16 ; 0.117766 ; 0.0303705 ; 0.0549644 ; 99.088;
13 ; 18 ; 16 ; 0.0116196 ; -0.0675922 ; 0.0327754 ; 101.52;
14 ; 18 ; 16 ; 0.0559665 ; -0.0238198 ; 0.0261699 ; 101.736;
15 ; 18 ; 16 ; 0.0756058 ; 0.00661302 ; 0.0312148 ; 102.678;
16 ; 18 ; 16 ; 0.129802 ; 0.000735349 ; 0.0480747 ; 103.155;
17 ; 18 ; 16 ; 0.294808 ; -0.0665535 ; 0.0675835 ; 99.21;
18 ; 18 ; 16 ; 0.171739 ; -0.00203562 ; -0.0519601 ; 101.598;
19 ; 18 ; 16 ; 0.139207 ; 0.04043 ; 0.0273937 ; 103.541;
20 ; 18 ; 16 ; 0.105995 ; 0.028583 ; 0.041523 ; 100.352;
21 ; 18 ; 16 ; 0.270844 ; 0.0311015 ; -0.109732 ; 104.17;
4 ; 19 ; 16 ; 0.233208 ; -0.0563808 ; -0.127333 ; 104.06;
5 ; 19 ; 16 ; 0.0965179 ; -0.087152 ; -0.0150536 ; 101.5;
6 ; 19 ; 16 ; 0.0505397 ; -0.156705 ; -0.0221613 ; 102.36;
7 ; 19 ; 16 ; 0.233576 ; -0.0547271 ; 0.0387862 ; 100.27;
8 ; 19 ; 16 ; 0.193348 ; 0.0200835 ; -0.108205 ; 103.76;
9 ; 19 ; 16 ; 0.191554 ; 0.108034 ; 0.118971 ; 103.71;
10 ; 19 ; 16 ; 0.138588 ; 0.0430043 ; 0.0477626 ; 104.97;
11 ; 19 ; 16 ; 0.191937 ; 0.0689245 ; 0.0386621 ; 95.86;
12 ; 19 ; 16 ; 0.0645745 ; 0.0357847 ; -0.00123971 ; 100.4;
13 ; 19 ; 16 ; 0.144128 ; 0.0188012 ; 0.0393517 ; 103.55;
14 ; 19 ; 16 ; 0.164102 ; 0.0645025 ; 0.0287513 ; 103.06;
15 ; 19 ; 16 ; 0.139457 ; 0.012482 ; -0.119096 ; 100.28;
16 ; 19 ; 16 ; 0.0319508 ; -0.0674129 ; 0.0297821 ; 96.51;
17 ; 19 ; 16 ; 0.335918 ; -0.143437 ; 0.0563574 ; 102.77;
18 ; 19 ; 16 ; 0.29746 ; 0.0852987 ; 0.0914238 ; 100.04;
19 ; 19 ; 16 ; 0.13433 ; -0.0328236 ; -0.146031 ; 102.7;
20 ; 19 ; 16 ; 0.152175 ; -0.0445489 ; 0.069893 ; 103.28;
21 ; 19 ; 16 ; 0.088566 ; -0.047447 ; -0.0589042 ; 98.11;
4 ; 20 ; 16 ; 0.189161 ; -0.149883 ; -0.0542825 ; 98.75;
5 ; 20 ; 16 ; 0.261325 ; 0.0129973 ; 0.0548055 ; 100.09;
6 ; 20 ; 16 ; 0.145928 ; -0.102154 ; -0.00458648 ; 101.324;
7 ; 20 ; 16 ; 0.211074 ; -0.065089 ; -0.00133134 ; 100.019;
8 ; 20 ; 16 ; 0.139689 ; 0.0212431 ; -0.0918829 ; 102.413;
9 ; 20 ; 16 ; 0.195489 ; 0.0143316 ; 0.0311693 ; 99.42;
10 ; 20 ; 16 ; 0.125396 ; 0.0214667 ; 0.0755554 ; 103.295;
11 ; 20 ; 16 ; 0.12011 ; 0.0221288 ; 0.0550541 ; 99.5817;
12 ; 20 ; 16 ; 0.0819321 ; 0.0401025 ; -0.046361 ; 101.376;
13 ; 20 ; 16 ; 0.16002 ; 0.089291 ; -0.0834938 ; 99.72;
14 ; 20 ; 16 ; 0.200754 ; 0.0499338 ; -0.0161767 ; 101.857;
15 ; 20 ; 16 ; 0.195222 ; 0.0148233 ; -0.107531 ; 100.762;
16 ; 20 ; 16 ; 0.0929305 ; -0.0127688 ; 0.0068752 ; 98.7219;
17 ; 20 ; 16 ; 0.211928 ; -0.0106769 ; 0.19829 ; 100.35;
18 ; 20 ; 16 ; 0.257862 ; 0.0314358 ; 0.0931616 ; 100.174;
19 ; 20 ; 16 ; 0.161361 ; -0.0592393 ; -0.0729385 ; 102.017;
20 ; 20 ; 16 ; 0.155086 ; -0.040196 ; 0.0530605 ; 103.684;
21 ; 20 ; 16 ; 0.226156 ; 0.0135852 ; -0.0705976 ; 106.61;
4 ; 21 ; 16 ; 0.301541 ; -0.0846184 ; 0.0244852 ; 101.75;
5 ; 21 ; 16 ; 0.167985 ; 0.0608804 ; 0.152369 ; 104.61;
6 ; 21 ; 16 ; 0.214836 ; -0.00950499 ; 0.0458597 ; 102.083;
7 ; 21 ; 16 ; 0.176441 ; -0.0759906 ; -0.0145523 ; 100.645;
8 ; 21 ; 16 ; 0.124531 ; -0.0498461 ; -0.0385907 ; 99.8435;
9 ; 21 ; 16 ; 0.148985 ; -0.0468098 ; 0.055545 ; 105.32;
10 ; 21 ; 16 ; 0.109739 ; -0.0035256 ; 0.0956407 ; 102.006;
11 ; 21 ; 16 ; 0.0587184 ; 0.0141201 ; 0.0832425 ; 102.9;
12 ; 21 ; 16 ; 0.0960151 ; 0.0606557 ; -0.0191014 ; 102.357;
13 ; 21 ; 16 ; 0.126929 ; -0.0522349 ; -0.057756 ; 100.21;
14 ; 21 ; 16 ; 0.202849 ; 0.00463717 ; -0.0508644 ; 100.009;
15 ; 21 ; 16 ; 0.191728 ; 0.0134979 ; -0.0332769 ; 101.048;
16 ; 21 ; 16 ; 0.143595 ; 0.0447877 ; -0.00920984 ; 101.98;
17 ; 21 ; 16 ; 0.0764088 ; 0.174709 ; -0.169909 ; 97;
18 ; 21 ; 16 ; 0.158094 ; 0.0224692 ; 0.0132111 ; 99.374;
19 ; 21 ; 16 ; 0.204751 ; -0.0956285 ; 0.0273864 ; 101.598;
20 ; 21 ; 16 ; 0.207078 ; -0.0721286 ; 0.0382077 ; 102.671;
21 ; 21 ; 16 ; 0.228155 ; 0.0135024 ; -0.0518052 ; 104.3;
4 ; 4 ; 17 ; 0.176251 ; 0.0633052 ; 0.0190939 ; 97.88;
5 ; 4 ; 17 ; 0.160416 ; -0.0656534 ; -0.0413008 ; 102.567;
6 ; 4 ; 17 ; 0.121629 ; -0.0218961 ; -0.0779432 ; 104.039;
7 ; 4 ; 17 ; 0.116363 ; -0.0610782 ; -0.0361096 ; 102.858;
8 ; 4 ; 17 ; 0.220501 ; -0.0692853 ; 0.0635313 ; 98.72;
9 ; 4 ; 17 ; 0.0661122 ; -0.0361682 ; 0.0288683 ; 102.031;
10 ; 4 ; 17 ; 0.115232 ; -0.0338113 ; 0.0151592 ; 101.781;
11 ; 4 ; 17 ; 0.119704 ; 0.0281287 ; 0.017601 ; 102.346;
12 ; 4 ; 17 ; 0.058859 ; 0.0225408 ; 0.124026 ; 106.86;
13 ; 4 ; 17 ; 0.139368 ; 0.0589438 ; -0.00929462 ; 101.301;
14 ; 4 ; 17 ; 0.120677 ; 0.0148571 ; -0.05175 ; 100.834;
15 ; 4 ; 17 ; 0.104954 ; -0.0182408 ; 0.00210003 ; 101.523;
16 ; 4 ; 17 ; 0.0897138 ; -0.0853901 ; 0.0850873 ; 105.44;
17 ; 4 ; 17 ; 0.17971 ; -0.0975246 ; 0.000205279 ; 102.397;
18 ; 4 ; 17 ; 0.190202 ; 0.0385926 ; -0.0223831 ; 100.957;
19 ; 4 ; 17 ; 0.142453 ; -0.0105236 ; 0.0470874 ; 100.87;
20 ; 4 ; 17 ; 0.166627 ; -0.141547 ; 0.0671432 ; 98.73;
21 ; 4 ; 17 ; 0.177179 ; -0.0648077 ; -0.0332848 ; 102.47;
4 ; 5 ; 17 ; 0.110338 ; -0.0519823 ; -0.0970873 ; 103;
5 ; 5 ; 17 ; 0.134845 ; -0.0131482 ; 0.00229515 ; 100.129;
6 ; 5 ; 17 ; 0.179869 ; -0.0580839 ; -0.0338168 ; 102.548;
7 ; 5 ; 17 ; 0.0898088 ; 0.0249187 ; 0.00883421 ; 103.309;
8 ; 5 ; 17 ; 0.0693051 ; -0.130687 ; -0.0487688 ; 103.06;
9 ; 5 ; 17 ; 0.0445875 ; -0.0335896 ; 0.089443 ; 103.813;
10 ; 5 ; 17 ; 0.141324 ; 0.0216458 ; 0.0428551 ; 100.641;
11 ; 5 ; 17 ; 0.159924 ; -0.0534968 ; 0.0488423 ; 100.539;
12 ; 5 ; 17 ; 0.158883 ; 0.0494257 ; -0.0360265 ; 98.06;
13 ; 5 ; 17 ; 0.0509402 ; 0.0755833 ; -0.00214682 ; 102.973;
14 ; 5 ; 17 ; 0.174221 ; 0.0188137 ; 0.0742898 ; 101.769;
15 ; 5 ; 17 ; 0.25931 ; 0.000953037 ; -0.0866182 ; 100.301;
16 ; 5 ; 17 ; 0.118377 ; 0.0535628 ; -0.00292449 ; 99.89;
17 ; 5 ; 17 ; 0.117288 ; -0.0785228 ; -0.035603 ; 100.218;
18 ; 5 ; 17 ; 0.11836 ; -0.0217887 ; -0.00480609 ; 103.114;
19 ; 5 ; 17 ; 0.153907 ; -0.0630788 ; 0.0380793 ; 102.475;
20 ; 5 ; 17 ; 0.0891184 ; -0.109274 ; 0.146684 ; 104.45;
21 ; 5 ; 17 ; 0.0572041 ; 0.0257019 ; 0.0595544 ; 107.14;
4 ; 6 ; 17 ; 0.229559 ; -0.0631396 ; 0.0966842 ; 100.98;
5 ; 6 ; 17 ; 0.104965 ; 0.0596782 ; 0.0361688 ; 96.8;
6 ; 6 ; 17 ; 0.255308 ; -0.130218 ; 0.002161 ; 99.8;
7 ; 6 ; 17 ; 0.107538 ; 0.0622174 ; 0.0675935 ; 102.56;
8 ; 6 ; 17 ; 0.21385 ; 0.16009 ; -0.181275 ; 100.65;
9 ; 6 ; 17 ; 0.0428612 ; -0.0388798 ; 0.136377 ; 104.86;
10 ; 6 ; 17 ; 0.188399 ; 0.0576572 ; 0.0341206 ; 99.02;
11 ; 6 ; 17 ; 0.182044 ; -0.127855 ; 0.087571 ; 100.72;
12 ; 6 ; 17 ; 0.0670803 ; 0.0258469 ; -0.0858537 ; 105.74;
13 ; 6 ; 17 ; -0.00910252 ; 0.0702622 ; 0.0367939 ; 104.36;
14 ; 6 ; 17 ; 0.238766 ; -0.000520156 ; 0.165251 ; 103.16;
15 ; 6 ; 17 ; 0.395451 ; -0.0189822 ; -0.146481 ; 100.42;
16 ; 6 ; 17 ; 0.107085 ; 0.032662 ; 0.0852846 ; 102.29;
17 ; 6 ; 17 ; 0.0415841 ; -0.0612199 ; -0.0453525 ; 99.28;
18 ; 6 ; 17 ; 0.0713838 ; -0.0654797 ; 0.0214224 ; 104.96;
19 ; 6 ; 17 ; 0.20891 ; -0.108573 ; 0.0269389 ; 102.53;
20 ; 6 ; 17 ; 0.163471 ; -0.0480856 ; 0.00551438 ; 101.76;
21 ; 6 ; 17 ; 0.180242 ; -0.00814883 ; -0.0295288 ; 105.94;
4 ; 7 ; 17 ; 0.0523139 ; 0.0898115 ; -0.105529 ; 103.52;
5 ; 7 ; 17 ; 0.152306 ; 0.0743325 ; -0.0828678 ; 101.896;
6 ; 7 ; 17 ; 0.0951807 ; 0.010703 ; -0.0552608 ; 100.988;
7 ; 7 ; 17 ; 0.10135 ; 0.0438001 ; -0.0260143 ; 99.7711;
8 ; 7 ; 17 ; 0.138447 ; 0.170025 ; -0.121271 ; 99.64;
9 ; 7 ; 17 ; 0.128056 ; 0.0287661 ; 0.0310055 ; 99.9154;
10 ; 7 ; 17 ; 0.155213 ; 0.0946308 ; -0.0325314 ; 101.314;
11 ; 7 ; 17 ; 0.128712 ; 0.0570404 ; 0.00271028 ; 100.731;
12 ; 7 ; 17 ; 0.00574449 ; 0.0655546 ; 0.0188584 ; 96.43;
13 ; 7 ; 17 ; 0.155662 ; 0.00905964 ; -0.050796 ; 101.764;
14 ; 7 ; 17 ; 0.136128 ; 0.00818225 ; -0.0553512 ; 102.2;
15 ; 7 ; 17 ; 0.182703 ; 0.00837401 ; -0.0525933 ; 101.96;
16 ; 7 ; 17 ; 0.240073 ; 0.0233101 ; -0.0232379 ; 101.16;
17 ; 7 ; 17 ; 0.189936 ; 0.0124663 ; 0.0430245 ; 100.179;
18 ; 7 ; 17 ; 0.0963233 ; -0.00126611 ; 0.0208801 ; 101.782;
19 ; 7 ; 17 ; 0.040036 ; -0.0362336 ; -0.0225104 ; 102.365;
20 ; 7 ; 17 ; 0.0677553 ; -0.0975764 ; 0.00608658 ; 106.87;
21 ; 7 ; 17 ; 0.118558 ; -0.150358 ; 0.0630118 ; 100.05;
4 ; 8 ; 17 ; 0.0843557 ; 0.0307763 ; -0.024383 ; 96.67;
5 ; 8 ; 17 ; 0.125712 ; 0.069964 ; -0.0489701 ; 102.795;
6 ; 8 ; 17 ; 0.0649272 ; 0.0153025 ; -0.0506206 ; 102.035;
7 ; 8 ; 17 ; 0.0712831 ; 0.0102547 ; -0.0574342 ; 99.9321;
8 ; 8 ; 17 ; 0.131203 ; 0.0300437 ; 0.034955 ; 99.44;
9 ; 8 ; 17 ; 0.156097 ; 0.0643586 ; -0.0202638 ; 100.144;
10 ; 8 ; 17 ; 0.156987 ; 0.103778 ; -0.048361 ; 100.531;
11 ; 8 ; 17 ; 0.121294 ; 0.0493961 ; 0.0339261 ; 100.135;
12 ; 8 ; 17 ; 0.195393 ; 0.00429221 ; 0.0907285 ; 103.44;
13 ; 8 ; 17 ; 0.196637 ; -0.00394772 ; -0.00218508 ; 100.511;
14 ; 8 ; 17 ; 0.192431 ; 0.00876496 ; 0.0284628 ; 99.3596;
15 ; 8 ; 17 ; 0.175204 ; 0.0351697 ; -0.00327891 ; 101.25;
16 ; 8 ; 17 ; 0.225178 ; 0.0157948 ; -0.0432767 ; 100.58;
17 ; 8 ; 17 ; 0.13029 ; -0.0780753 ; 0.0265662 ; 101.109;
18 ; 8 ; 17 ; 0.0682178 ; -0.0240538 ; -0.00352357 ; 100.705;
19 ; 8 ; 17 ; 0.0526417 ; 0.0370655 ; 0.00467685 ; 101.208;
20 ; 8 ; 17 ; 0.0261974 ; -0.0166092 ; -0.0944595 ; 100.05;
21 ; 8 ; 17 ; 0.131595 ; -0.0131162 ; 0.132591 ; 100.42;
4 ; 9 ; 17 ; 0.132998 ; 0.0910529 ; 0.0890054 ; 98.66;
5 ; 9 ; 17 ; 0.107835 ; 0.0503166 ; -0.0112314 ; 102.622;
6 ; 9 ; 17 ; 0.0950155 ; 0.0335316 ; -0.0513721 ; 101.33;
7 ; 9 ; 17 ; 0.0917488 ; 0.062244 ; -0.0795193 ; 99.1672;
8 ; 9 ; 17 ; 0.112044 ; 0.0298065 ; -0.124135 ; 99.89;
9 ; 9 ; 17 ; 0.159236 ; 0.0716831 ; -0.0785232 ; 99.7665;
10 ; 9 ; 17 ; 0.114616 ; 0.0493341 ; -0.0372937 ; 100.305;
11 ; 9 ; 17 ; 0.0820991 ; 0.0111319 ; 0.0244771 ; 99.9296;
12 ; 9 ; 17 ; 0.0224653 ; 0.0463511 ; 0.174498 ; 95.43;
13 ; 9 ; 17 ; 0.159627 ; -0.0130867 ; 0.0249415 ; 102.699;
14 ; 9 ; 17 ; 0.150305 ; -0.000530276 ; 0.00181044 ; 98.4364;
15 ; 9 ; 17 ; 0.113894 ; 0.0633418 ; -0.0493012 ; 99.755;
16 ; 9 ; 17 ; 0.0967663 ; 0.0641162 ; -0.0362555 ; 104.48;
17 ; 9 ; 17 ; 0.0698935 ; -0.0444167 ; -0.0068056 ; 100.291;
18 ; 9 ; 17 ; 0.0918193 ; 0.00745091 ; -0.0311326 ; 100.166;
19 ; 9 ; 17 ; 0.113988 ; 0.0336668 ; 0.0197224 ; 101.651;
20 ; 9 ; 17 ; 0.0459128 ; 0.0789449 ; 0.115838 ; 103.96;
21 ; 9 ; 17 ; 0.22702 ; 0.0276354 ; 0.120017 ; 98.5;
4 ; 10 ; 17 ; 0.112222 ; -0.0797938 ; -0.0278011 ; 103.8;
5 ; 10 ; 17 ; 0.126621 ; 0.0386673 ; -0.0430916 ; 101.149;
6 ; 10 ; 17 ; 0.137224 ; 0.0374037 ; -0.0417691 ; 100.289;
7 ; 10 ; 17 ; 0.127818 ; 0.0448804 ; -0.0229598 ; 100.303;
8 ; 10 ; 17 ; 0.152031 ; 0.152991 ; -0.0368218 ; 96.17;
9 ; 10 ; 17 ; 0.152675 ; 0.0374228 ; -0.0993799 ; 98.9493;
10 ; 10 ; 17 ; 0.142322 ; 0.0180258 ; -0.0118494 ; 99.477;
11 ; 10 ; 17 ; 0.134818 ; -0.00275085 ; 0.0119431 ; 100.558;
12 ; 10 ; 17 ; 0.108873 ; -0.034623 ; -0.00892344 ; 99.96;
13 ; 10 ; 17 ; 0.0735196 ; 0.028243 ; 0.0381442 ; 102.449;
14 ; 10 ; 17 ; 0.0751978 ; 0.0181653 ; -0.014183 ; 100.71;
15 ; 10 ; 17 ; 0.103417 ; 0.0321923 ; -0.0207123 ; 102.149;
16 ; 10 ; 17 ; 0.110581 ; 0.119216 ; -0.0955545 ; 100.67;
17 ; 10 ; 17 ; 0.0782869 ; -0.0177067 ; 0.0252364 ; 98.4857;
18 ; 10 ; 17 ; 0.13778 ; -0.0276968 ; 0.00886972 ; 98.5767;
19 ; 10 ; 17 ; 0.156075 ; -0.0282168 ; 0.0477318 ; 100.012;
20 ; 10 ; 17 ; 0.162408 ; -0.0210031 ; 0.0172558 ; 99.39;
21 ; 10 ; 17 ; 0.218075 ; 0.144375 ; 0.0238389 ; 101.76;
4 ; 11 ; 17 ; 0.227297 ; 0.0134619 ; -0.0274578 ; 101.8;
5 ; 11 ; 17 ; 0.0757397 ; -0.0171506 ; -0.0346217 ; 100.413;
6 ; 11 ; 17 ; 0.12548 ; 0.0253321 ; -0.04887 ; 99.8758;
7 ; 11 ; 17 ; 0.110784 ; 0.0115435 ; -0.0159977 ; 104.079;
8 ; 11 ; 17 ; 0.0995486 ; -0.00291921 ; -0.00956075 ; 102.77;
9 ; 11 ; 17 ; 0.0894933 ; -0.02353 ; -0.02926 ; 99.4141;
10 ; 11 ; 17 ; 0.104958 ; 0.0227166 ; -0.0239459 ; 99.8886;
11 ; 11 ; 17 ; 0.233726 ; -0.000899677 ; -0.00711043 ; 101.892;
12 ; 11 ; 17 ; 0.187836 ; 0.0386318 ; -0.0140523 ; 99.1;
13 ; 11 ; 17 ; 0.177422 ; 0.105313 ; 0.0662374 ; 101.299;
14 ; 11 ; 17 ; 0.200736 ; 0.0219756 ; -0.0414775 ; 99.6787;
15 ; 11 ; 17 ; 0.0673274 ; 0.0109788 ; 0.019374 ; 102.945;
16 ; 11 ; 17 ; 0.101207 ; -0.0357412 ; 0.0749058 ; 105.17;
17 ; 11 ; 17 ; 0.18577 ; -0.0311994 ; -0.0183561 ; 101.748;
18 ; 11 ; 17 ; 0.108525 ; 0.0414877 ; -0.00252855 ; 101.817;
19 ; 11 ; 17 ; 0.25289 ; 0.0944359 ; 0.0613112 ; 100.211;
20 ; 11 ; 17 ; 0.130481 ; -0.0663935 ; 0.125219 ; 101.07;
21 ; 11 ; 17 ; 0.166166 ; 0.0965757 ; 0.0918158 ; 102.93;
4 ; 12 ; 17 ; 0.176957 ; -0.0376527 ; 0.00478777 ; 102;
5 ; 12 ; 17 ; 0.0213529 ; -0.0517378 ; 0.00262522 ; 100.28;
6 ; 12 ; 17 ; 0.0993572 ; 0.0241354 ; -0.0651238 ; 98.9;
7 ; 12 ; 17 ; 0.0862359 ; 0.0180017 ; -0.0305666 ; 105.43;
8 ; 12 ; 17 ; 0.0859622 ; 0.0287678 ; 0.0539245 ; 105.56;
9 ; 12 ; 17 ; 0.0367479 ; -0.0631452 ; 0.0278341 ; 99.89;
10 ; 12 ; 17 ; 0.0371543 ; 0.031437 ; -0.0275265 ; 101.12;
11 ; 12 ; 17 ; 0.279144 ; -0.0095053 ; -0.0188881 ; 103.53;
12 ; 12 ; 17 ; 0.290251 ; 0.0726906 ; -0.12945 ; 103.94;
13 ; 12 ; 17 ; 0.284975 ; 0.131596 ; 0.0666906 ; 101.51;
14 ; 12 ; 17 ; 0.308905 ; 0.000869181 ; -0.0986841 ; 98.25;
15 ; 12 ; 17 ; 0.0170858 ; 0.0169343 ; -0.00692566 ; 101.77;
16 ; 12 ; 17 ; 0.0163399 ; 0.00802963 ; 0.0810027 ; 98.04;
17 ; 12 ; 17 ; 0.243343 ; -0.0336166 ; -0.061986 ; 105.17;
18 ; 12 ; 17 ; 0.0759123 ; 0.139639 ; -0.0264504 ; 105.19;
19 ; 12 ; 17 ; 0.328581 ; 0.225663 ; 0.042361 ; 101.03;
20 ; 12 ; 17 ; 0.136721 ; -0.0428277 ; 0.00570441 ; 98.84;
21 ; 12 ; 17 ; 0.0687986 ; 0.0205528 ; -0.157567 ; 103.14;
4 ; 13 ; 17 ; 0.0441411 ; -0.0324446 ; -0.181663 ; 102.01;
5 ; 13 ; 17 ; 0.131472 ; -0.105805 ; 0.0111409 ; 102.187;
6 ; 13 ; 17 ; 0.152201 ; -0.0310358 ; 0.0185262 ; 103.073;
7 ; 13 ; 17 ; 0.177626 ; -0.00162325 ; 0.0880597 ; 101.926;
8 ; 13 ; 17 ; 0.148355 ; 0.063127 ; 0.230439 ; 100.78;
9 ; 13 ; 17 ; 0.142119 ; 0.0209986 ; 0.0149284 ; 100.967;
10 ; 13 ; 17 ; 0.146768 ; 0.0277831 ; 0.0288634 ; 101.805;
11 ; 13 ; 17 ; 0.211198 ; 0.0467894 ; 0.00133106 ; 101.919;
12 ; 13 ; 17 ; 0.276286 ; 0.149256 ; -0.0502385 ; 97.31;
13 ; 13 ; 17 ; 0.0991724 ; -0.0456532 ; 0.0288763 ; 100.108;
14 ; 13 ; 17 ; 0.149866 ; -0.0525387 ; 0.0511549 ; 100.631;
15 ; 13 ; 17 ; 0.165121 ; -0.0294881 ; 0.0114244 ; 102.999;
16 ; 13 ; 17 ; 0.135783 ; -0.0191113 ; -0.0133107 ; 105.49;
17 ; 13 ; 17 ; 0.122926 ; -0.0116384 ; 0.0135534 ; 100.153;
18 ; 13 ; 17 ; 0.10631 ; -0.00529855 ; 0.087454 ; 101.044;
19 ; 13 ; 17 ; 0.142158 ; 0.0156946 ; 0.045145 ; 101.172;
20 ; 13 ; 17 ; 0.226041 ; -0.000726678 ; -0.0593834 ; 105.88;
21 ; 13 ; 17 ; 0.0551069 ; 0.118937 ; -0.0357655 ; 100.01;
4 ; 14 ; 17 ; 0.0927402 ; 0.12025 ; 0.072192 ; 105.75;
5 ; 14 ; 17 ; 0.14864 ; -0.034853 ; 0.0147178 ; 101.729;
6 ; 14 ; 17 ; 0.140035 ; -0.0891767 ; -0.0361467 ; 102.839;
7 ; 14 ; 17 ; 0.175912 ; -0.0591637 ; 0.00646445 ; 101.819;
8 ; 14 ; 17 ; 0.198414 ; -0.0803194 ; 0.0402376 ; 101.5;
9 ; 14 ; 17 ; 0.146907 ; -0.0455461 ; -0.00994231 ; 100.877;
10 ; 14 ; 17 ; 0.140916 ; -0.0166785 ; 0.0123672 ; 100.159;
11 ; 14 ; 17 ; 0.166962 ; 0.0183437 ; -0.0153822 ; 101.181;
12 ; 14 ; 17 ; 0.232192 ; 0.0218381 ; -0.00211997 ; 103.97;
13 ; 14 ; 17 ; 0.101074 ; -0.0141588 ; -0.0230569 ; 100.398;
14 ; 14 ; 17 ; 0.133761 ; -0.017944 ; 0.0476328 ; 100.578;
15 ; 14 ; 17 ; 0.147163 ; -0.012873 ; -0.0110625 ; 100.84;
16 ; 14 ; 17 ; 0.106677 ; 0.0200983 ; -0.0540872 ; 104.08;
17 ; 14 ; 17 ; 0.1763 ; -0.0594133 ; -0.00846996 ; 99.6277;
18 ; 14 ; 17 ; 0.0816865 ; -0.044902 ; 0.062558 ; 99.8806;
19 ; 14 ; 17 ; 0.114284 ; -0.0586407 ; 0.0560284 ; 99.7226;
20 ; 14 ; 17 ; 0.136062 ; -0.0305289 ; 0.0800661 ; 98.32;
21 ; 14 ; 17 ; 0.0509642 ; 0.0494312 ; -0.0999725 ; 106.91;
4 ; 15 ; 17 ; 0.109539 ; 0.0147106 ; 0.0617799 ; 104.22;
5 ; 15 ; 17 ; 0.140859 ; 0.0463205 ; 0.0326237 ; 101.792;
6 ; 15 ; 17 ; 0.102931 ; -0.0177729 ; -0.0393808 ; 101.688;
7 ; 15 ; 17 ; 0.148865 ; -0.0150358 ; -0.0320386 ; 100.52;
8 ; 15 ; 17 ; 0.246557 ; 0.0333592 ; 0.0375957 ; 103.86;
9 ; 15 ; 17 ; 0.194072 ; -0.0422283 ; 0.046609 ; 100.264;
10 ; 15 ; 17 ; 0.140123 ; -0.0100591 ; 0.0589489 ; 99.1556;
11 ; 15 ; 17 ; 0.127373 ; 0.0130578 ; 0.0172159 ; 98.7713;
12 ; 15 ; 17 ; 0.137076 ; 0.0299488 ; -0.0802568 ; 100.58;
13 ; 15 ; 17 ; 0.10936 ; -0.00817932 ; 0.0510471 ; 100.097;
14 ; 15 ; 17 ; 0.102607 ; -0.0650099 ; 0.0685102 ; 98.9055;
15 ; 15 ; 17 ; 0.0712168 ; -0.0810855 ; 0.00186951 ; 101.126;
16 ; 15 ; 17 ; 0.162143 ; -0.01235 ; -0.101562 ; 100;
17 ; 15 ; 17 ; 0.0968714 ; 0.0345999 ; -0.0451436 ; 102.702;
18 ; 15 ; 17 ; 0.0766169 ; -0.000695403 ; 0.0164484 ; 99.8731;
19 ; 15 ; 17 ; 0.16088 ; -0.0476678 ; 0.0252516 ; 99.4673;
20 ; 15 ; 17 ; 0.181357 ; -0.129502 ; -0.0203782 ; 101.72;
21 ; 15 ; 17 ; 0.0862561 ; -0.0318297 ; -0.0148761 ; 104.59;
4 ; 16 ; 17 ; -0.0204034 ; 0.105551 ; 0.0546225 ; 102.35;
5 ; 16 ; 17 ; 0.0607577 ; -0.0467148 ; 0.000898161 ; 102.202;
6 ; 16 ; 17 ; 0.0490169 ; -0.0111561 ; -0.0253278 ; 100.226;
7 ; 16 ; 17 ; 0.0836985 ; -0.00809371 ; -0.0128474 ; 99.6774;
8 ; 16 ; 17 ; 0.202164 ; 0.0224022 ; -0.0784786 ; 98.95;
9 ; 16 ; 17 ; 0.13993 ; 0.0042741 ; -0.00844092 ; 99.5903;
10 ; 16 ; 17 ; 0.0878746 ; 0.0460172 ; 0.0409006 ; 102.227;
11 ; 16 ; 17 ; 0.0912781 ; 0.0356215 ; 0.0694515 ; 104.02;
12 ; 16 ; 17 ; 0.100088 ; -0.0580497 ; 0.0190083 ; 98.13;
13 ; 16 ; 17 ; 0.0887085 ; -0.033749 ; 0.0756927 ; 102.289;
14 ; 16 ; 17 ; 0.0964467 ; -0.0587527 ; 0.0344264 ; 98.5367;
15 ; 16 ; 17 ; 0.0930718 ; -0.0738023 ; 0.0482022 ; 101.644;
16 ; 16 ; 17 ; 0.000287337 ; -0.0779755 ; -0.0230733 ; 104.06;
17 ; 16 ; 17 ; 0.0637121 ; 0.0284598 ; -0.0596135 ; 103.684;
18 ; 16 ; 17 ; 0.092617 ; -0.000827074 ; 0.00355807 ; 100.733;
19 ; 16 ; 17 ; 0.171995 ; 0.00826268 ; -0.00901342 ; 100.539;
20 ; 16 ; 17 ; 0.252772 ; 0.00683838 ; 0.0336018 ; 99.16;
21 ; 16 ; 17 ; 0.146003 ; 0.0644197 ; 0.0957705 ; 99;
4 ; 17 ; 17 ; 0.106255 ; 0.0974889 ; -0.103428 ; 99.24;
5 ; 17 ; 17 ; 0.0529303 ; -0.0205244 ; -0.0489317 ; 105.542;
6 ; 17 ; 17 ; 0.029617 ; 0.0418839 ; -0.0183474 ; 101.083;
7 ; 17 ; 17 ; 0.0829355 ; -0.0419333 ; -0.0236257 ; 101.218;
8 ; 17 ; 17 ; -0.00326028 ; -0.0331734 ; -0.0335475 ; 102.03;
9 ; 17 ; 17 ; 0.144984 ; -0.0246207 ; -0.0569136 ; 100.32;
10 ; 17 ; 17 ; 0.125938 ; 0.0384837 ; -0.0372472 ; 102.814;
11 ; 17 ; 17 ; 0.190575 ; 0.0518746 ; 0.0072045 ; 105.893;
12 ; 17 ; 17 ; 0.0699009 ; 0.0938542 ; 0.00765821 ; 107.11;
13 ; 17 ; 17 ; 0.189533 ; 0.0225507 ; -0.0136101 ; 102.992;
14 ; 17 ; 17 ; 0.112679 ; 0.0177923 ; 0.0601176 ; 99.9273;
15 ; 17 ; 17 ; 0.174266 ; -0.0787513 ; 0.0379499 ; 102.058;
16 ; 17 ; 17 ; 0.172986 ; -0.0365982 ; 0.106497 ; 106.41;
17 ; 17 ; 17 ; 0.217413 ; -0.0179746 ; -0.0125251 ; 103.003;
18 ; 17 ; 17 ; 0.129743 ; -0.0140597 ; -0.00651932 ; 101.767;
19 ; 17 ; 17 ; 0.125821 ; -0.0103713 ; 0.00625985 ; 101.464;
20 ; 17 ; 17 ; 0.172771 ; 0.0716982 ; -0.0647388 ; 104.53;
21 ; 17 ; 17 ; 0.0631477 ; -0.152352 ; -0.0284021 ; 101.48;
4 ; 18 ; 17 ; 0.0892436 ; 0.0027494 ; 0.0397534 ; 100.84;
5 ; 18 ; 17 ; 0.0697355 ; 0.0699428 ; -0.0448473 ; 108.05;
6 ; 18 ; 17 ; 0.0418587 ; 0.123058 ; 0.000242754 ; 101.94;
7 ; 18 ; 17 ; 0.129582 ; -0.0600627 ; -0.0531729 ; 102.43;
8 ; 18 ; 17 ; 0.172742 ; -0.0978965 ; 0.0152345 ; 104.94;
9 ; 18 ; 17 ; 0.222256 ; -0.0635996 ; -0.0373612 ; 100.73;
10 ; 18 ; 17 ; 0.193376 ; -0.00727882 ; -0.0637865 ; 101.05;
11 ; 18 ; 17 ; 0.280711 ; 0.0317492 ; -0.043752 ; 103.88;
12 ; 18 ; 17 ; 0.284262 ; -0.0428909 ; 0.0942813 ; 96.52;
13 ; 18 ; 17 ; 0.285468 ; 0.0691144 ; -0.0339023 ; 101.89;
14 ; 18 ; 17 ; 0.137352 ; 0.0337713 ; 0.122086 ; 100.29;
15 ; 18 ; 17 ; 0.207297 ; -0.129712 ; 0.00631354 ; 102.65;
16 ; 18 ; 17 ; 0.223968 ; -0.0995393 ; 0.119902 ; 94.5;
17 ; 18 ; 17 ; 0.27708 ; -0.0190262 ; 0.0417039 ; 103.05;
18 ; 18 ; 17 ; 0.130429 ; 0.000392405 ; 0.00430964 ; 102.25;
19 ; 18 ; 17 ; 0.101561 ; -0.0262885 ; 0.0439617 ; 100.9;
20 ; 18 ; 17 ; 0.197593 ; 0.0156288 ; 0.0526375 ; 100.27;
21 ; 18 ; 17 ; 0.0871877 ; -0.00831732 ; -0.0681511 ; 101.24;
4 ; 19 ; 17 ; 0.203997 ; 0.056604 ; -0.170574 ; 102.87;
5 ; 19 ; 17 ; 0.154289 ; -0.0942239 ; -0.0772004 ; 100.135;
6 ; 19 ; 17 ; 0.110068 ; -0.0917787 ; -0.0834779 ; 100.174;
7 ; 19 ; 17 ; 0.0830603 ; -0.0336819 ; -0.0797466 ; 101.691;
8 ; 19 ; 17 ; 0.137169 ; 0.0780302 ; -0.0716821 ; 101.73;
9 ; 19 ; 17 ; 0.14819 ; -0.0322451 ; 0.00584444 ; 101.348;
10 ; 19 ; 17 ; 0.166865 ; -0.0192404 ; 0.0321558 ; 101.139;
11 ; 19 ; 17 ; 0.0903569 ; -0.00867872 ; 0.0328953 ; 101.743;
12 ; 19 ; 17 ; 0.0748257 ; -0.0725713 ; 0.0258771 ; 99.08;
13 ; 19 ; 17 ; 0.0955699 ; -0.013856 ; -0.0829652 ; 103.48;
14 ; 19 ; 17 ; 0.0886988 ; 0.00370693 ; -0.0802209 ; 103.401;
15 ; 19 ; 17 ; 0.123796 ; 0.0233219 ; -0.0908192 ; 101.96;
16 ; 19 ; 17 ; 0.0811823 ; 0.0142698 ; -0.0573454 ; 104;
17 ; 19 ; 17 ; 0.176968 ; -0.0613983 ; 0.00323134 ; 101.147;
18 ; 19 ; 17 ; 0.206141 ; -0.0578011 ; 0.0273989 ; 100.885;
19 ; 19 ; 17 ; 0.170167 ; -0.0689318 ; 0.0948312 ; 102.48;
20 ; 19 ; 17 ; 0.0481776 ; -0.166649 ; 0.0461497 ; 102.97;
21 ; 19 ; 17 ; 0.0913805 ; 0.0662591 ; 0.0710356 ; 101.04;
4 ; 20 ; 17 ; 0.137333 ; -0.0515676 ; -0.0116936 ; 97.61;
5 ; 20 ; 17 ; 0.0764246 ; -0.0252748 ; -0.0564235 ; 101.323;
6 ; 20 ; 17 ; 0.0778169 ; -0.0771223 ; -0.0624693 ; 100.469;
7 ; 20 ; 17 ; 0.0939307 ; 0.00283311 ; -0.0483594 ; 102.599;
8 ; 20 ; 17 ; 0.0637025 ; -0.0269349 ; -0.0992511 ; 102.16;
9 ; 20 ; 17 ; 0.114715 ; 0.0149726 ; 0.0103029 ; 101.97;
10 ; 20 ; 17 ; 0.167385 ; 0.00883295 ; -0.00756579 ; 99.4631;
11 ; 20 ; 17 ; 0.171564 ; -0.00169837 ; -0.0328842 ; 103.191;
12 ; 20 ; 17 ; 0.0390597 ; 0.0739152 ; 0.0078404 ; 104.52;
13 ; 20 ; 17 ; 0.109287 ; 0.00982544 ; -0.0490447 ; 101.722;
14 ; 20 ; 17 ; 0.185775 ; 0.0448343 ; -0.113181 ; 105.038;
15 ; 20 ; 17 ; 0.184957 ; 0.0208454 ; -0.0534437 ; 98.7306;
16 ; 20 ; 17 ; 0.180119 ; 0.0110571 ; -0.116982 ; 98.99;
17 ; 20 ; 17 ; 0.210237 ; -0.106582 ; -0.0147879 ; 97.3413;
18 ; 20 ; 17 ; 0.169564 ; 0.0044625 ; 0.0557624 ; 102.655;
19 ; 20 ; 17 ; 0.146254 ; -0.0173482 ; -0.00504283 ; 101.479;
20 ; 20 ; 17 ; 0.221464 ; 0.0431236 ; 0.149398 ; 105.24;
21 ; 20 ; 17 ; 0.278567 ; -0.0382919 ; 0.0587757 ; 99.8;
4 ; 21 ; 17 ; 0.154623 ; 0.0410292 ; 0.102531 ; 97.75;
5 ; 21 ; 17 ; 0.0582661 ; -0.00975076 ; 0.000773775 ; 101.18;
6 ; 21 ; 17 ; 0.117094 ; -0.0848218 ; 0.00597684 ; 101.58;
7 ; 21 ; 17 ; 0.141109 ; 0.0578992 ; -0.0128344 ; 104.16;
8 ; 21 ; 17 ; 0.0813181 ; -0.0552118 ; 0.0337992 ; 97.65;
9 ; 21 ; 17 ; 0.0935032 ; 0.0560319 ; 0.0768425 ; 103.8;
10 ; 21 ; 17 ; 0.170352 ; 0.0470149 ; -0.0095951 ; 99.69;
11 ; 21 ; 17 ; 0.245006 ; -0.0103858 ; -0.0832088 ; 103.88;
12 ; 21 ; 17 ; 0.236002 ; -0.00925008 ; 0.0745367 ; 96.02;
13 ; 21 ; 17 ; 0.123346 ; 0.0433968 ; 0.0282116 ; 98.97;
14 ; 21 ; 17 ; 0.206107 ; 0.0736578 ; -0.11203 ; 105.54;
15 ; 21 ; 17 ; 0.176015 ; 0.00493193 ; 0.0182191 ; 96.74;
16 ; 21 ; 17 ; 0.0812442 ; -0.0682407 ; -0.0170155 ; 100.98;
17 ; 21 ; 17 ; 0.238674 ; -0.130117 ; -0.0638825 ; 94.99;
18 ; 21 ; 17 ; 0.112333 ; 0.0306295 ; 0.0474253 ; 103.41;
19 ; 21 ; 17 ; 0.0596531 ; -0.0257282 ; -0.135218 ; 99.91;
20 ; 21 ; 17 ; 0.0676998 ; 0.0598868 ; -0.0701536 ; 97.17;
21 ; 21 ; 17 ; 0.115403 ; 0.0487799 ; 0.020879 ; 99.26;
4 ; 4 ; 18 ; -0.0359325 ; -0.0937611 ; 0.0742096 ; 103.98;
5 ; 4 ; 18 ; 0.0840593 ; 0.0365267 ; 0.0290382 ; 101.825;
6 ; 4 ; 18 ; 0.0632258 ; 0.0469172 ; -0.0168803 ; 100.905;
7 ; 4 ; 18 ; 0.039579 ; 0.0293737 ; -0.0332316 ; 102.674;
8 ; 4 ; 18 ; 0.0593619 ; -0.00849312 ; -0.0804517 ; 104.65;
9 ; 4 ; 18 ; 0.132027 ; -0.00963336 ; -0.0112205 ; 103.388;
10 ; 4 ; 18 ; 0.0984923 ; -0.0167426 ; 0.0145209 ; 101.13;
11 ; 4 ; 18 ; 0.0903308 ; -0.00445854 ; -0.00768534 ; 100.306;
12 ; 4 ; 18 ; 0.0349134 ; 0.0544908 ; -0.0633783 ; 99.64;
13 ; 4 ; 18 ; 0.165648 ; 0.0161469 ; -0.0234947 ; 101.487;
14 ; 4 ; 18 ; 0.188648 ; 0.0187177 ; -0.0765285 ; 101.697;
15 ; 4 ; 18 ; 0.19571 ; 0.0498932 ; -0.0545779 ; 101.89;
16 ; 4 ; 18 ; 0.213744 ; 0.0564132 ; -0.0276517 ; 100.53;
17 ; 4 ; 18 ; 0.0933034 ; -0.0196221 ; -0.0227388 ; 100.966;
18 ; 4 ; 18 ; 0.0673932 ; -0.00444428 ; -0.0274261 ; 103.146;
19 ; 4 ; 18 ; 0.0705958 ; -0.0218242 ; 0.0320768 ; 102.851;
20 ; 4 ; 18 ; 0.03985 ; -0.0799057 ; 0.0639217 ; 104.68;
21 ; 4 ; 18 ; 0.195533 ; 0.00581532 ; 0.0614992 ; 101.63;
4 ; 5 ; 18 ; -0.019835 ; 0.0560662 ; 0.0367609 ; 100.08;
5 ; 5 ; 18 ; 0.056498 ; 0.0271021 ; -0.041388 ; 98.1878;
6 ; 5 ; 18 ; 0.0478064 ; 0.0318326 ; -0.0242398 ; 99.9703;
7 ; 5 ; 18 ; 0.0563065 ; 0.0220149 ; -0.0195944 ; 102.127;
8 ; 5 ; 18 ; 0.0540412 ; 0.0110697 ; -0.0522757 ; 104.63;
9 ; 5 ; 18 ; 0.0380857 ; 0.00789634 ; 0.00527 ; 100.849;
10 ; 5 ; 18 ; 0.0964052 ; -0.00678322 ; -0.00226527 ; 101.084;
11 ; 5 ; 18 ; 0.11392 ; -0.0137575 ; 0.00333883 ; 100.676;
12 ; 5 ; 18 ; 0.0988534 ; 0.00956936 ; -0.0543872 ; 100.01;
13 ; 5 ; 18 ; 0.125686 ; 0.0343819 ; -0.0173759 ; 105.383;
14 ; 5 ; 18 ; 0.186425 ; 0.033479 ; -0.0529187 ; 103.092;
15 ; 5 ; 18 ; 0.220603 ; 0.0393662 ; -0.0242705 ; 102.66;
16 ; 5 ; 18 ; 0.200635 ; 0.0468709 ; -0.0227964 ; 101.554;
17 ; 5 ; 18 ; 0.156811 ; -0.0632252 ; -0.00931166 ; 99.367;
18 ; 5 ; 18 ; 0.118108 ; -0.00504864 ; -0.0085775 ; 102.007;
19 ; 5 ; 18 ; 0.148218 ; -0.00293278 ; 0.0481416 ; 102.193;
20 ; 5 ; 18 ; 0.0648143 ; -0.0398578 ; 0.0587709 ; 102.812;
21 ; 5 ; 18 ; 0.0912609 ; -0.0231425 ; 0.0758791 ; 100.17;
4 ; 6 ; 18 ; 0.16299 ; 0.0914329 ; 0.0196634 ; 103.18;
5 ; 6 ; 18 ; 0.0734776 ; 0.0633449 ; -0.0846283 ; 98.17;
6 ; 6 ; 18 ; 0.0255057 ; 0.00893992 ; -0.0210325 ; 99.1792;
7 ; 6 ; 18 ; 0.0697244 ; 0.0218933 ; -0.00196431 ; 102.07;
8 ; 6 ; 18 ; 0.153169 ; 0.0265221 ; -0.0139715 ; 104.144;
9 ; 6 ; 18 ; 0.0177338 ; 0.0517555 ; 0.0093796 ; 99.99;
10 ; 6 ; 18 ; 0.09769 ; -0.0155257 ; -0.0144644 ; 101.196;
11 ; 6 ; 18 ; 0.153084 ; -0.0318409 ; 0.00498891 ; 101.359;
12 ; 6 ; 18 ; 0.158835 ; -0.0157668 ; 0.0129874 ; 101.033;
13 ; 6 ; 18 ; 0.112255 ; 0.0302282 ; 0.00603845 ; 107.64;
14 ; 6 ; 18 ; 0.182057 ; 0.0472561 ; -0.0350077 ; 104.535;
15 ; 6 ; 18 ; 0.240114 ; 0.0288 ; 0.00142705 ; 103.667;
16 ; 6 ; 18 ; 0.196643 ; -0.0124154 ; 0.0277837 ; 102.585;
17 ; 6 ; 18 ; 0.154779 ; -0.0555385 ; -0.0284634 ; 98.39;
18 ; 6 ; 18 ; 0.178561 ; -0.0203402 ; 0.0155608 ; 100.524;
19 ; 6 ; 18 ; 0.212043 ; 0.0131262 ; 0.0563218 ; 101.047;
20 ; 6 ; 18 ; 0.175274 ; 0.00468866 ; 0.0766331 ; 100.775;
21 ; 6 ; 18 ; 0.176874 ; -0.0148991 ; -0.0424389 ; 104.39;
4 ; 7 ; 18 ; 0.0412821 ; 0.0554808 ; -0.102788 ; 100.93;
5 ; 7 ; 18 ; 0.0715181 ; -0.115792 ; -0.068682 ; 102.618;
6 ; 7 ; 18 ; 0.0464647 ; -0.10799 ; -0.0433809 ; 102.105;
7 ; 7 ; 18 ; 0.0425714 ; -0.0789862 ; 0.0472008 ; 101.49;
8 ; 7 ; 18 ; 0.0317015 ; -0.0528123 ; 0.104908 ; 100.3;
9 ; 7 ; 18 ; 0.166655 ; 0.0871071 ; 0.0450576 ; 100.291;
10 ; 7 ; 18 ; 0.149786 ; 0.126937 ; 0.0168062 ; 98.867;
11 ; 7 ; 18 ; 0.113129 ; 0.0870897 ; -0.0143779 ; 99.6725;
12 ; 7 ; 18 ; 0.0882484 ; 0.102249 ; 0.0338678 ; 103.8;
13 ; 7 ; 18 ; 0.0770738 ; -0.0271555 ; 0.0378453 ; 100.799;
14 ; 7 ; 18 ; 0.0934933 ; -0.0536029 ; 0.0252264 ; 98.9633;
15 ; 7 ; 18 ; 0.157997 ; -0.0497625 ; -0.00716088 ; 99.8394;
16 ; 7 ; 18 ; 0.242935 ; -0.012103 ; 0.00377878 ; 103.21;
17 ; 7 ; 18 ; 0.0445082 ; -0.0445092 ; -0.0528212 ; 102.07;
18 ; 7 ; 18 ; 0.0854626 ; -0.00306256 ; -0.050817 ; 101.779;
19 ; 7 ; 18 ; 0.122201 ; -0.00247267 ; -0.0350192 ; 102.508;
20 ; 7 ; 18 ; 0.132904 ; -0.0204422 ; -0.0400322 ; 111.28;
21 ; 7 ; 18 ; 0.120867 ; 0.00010042 ; -0.0694732 ; 95.96;
4 ; 8 ; 18 ; 0.0121893 ; -0.0109803 ; 0.20931 ; 99.16;
5 ; 8 ; 18 ; 0.11971 ; -0.055024 ; 0.0478403 ; 103.168;
6 ; 8 ; 18 ; 0.0518858 ; -0.0725053 ; -0.00977105 ; 102.139;
7 ; 8 ; 18 ; 0.0340461 ; -0.0490855 ; 0.0293755 ; 101.544;
8 ; 8 ; 18 ; 0.037612 ; -0.045397 ; 0.104382 ; 101.221;
9 ; 8 ; 18 ; 0.120435 ; 0.0268971 ; -0.0177357 ; 101.081;
10 ; 8 ; 18 ; 0.146133 ; 0.0790585 ; -0.00206057 ; 100.195;
11 ; 8 ; 18 ; 0.122614 ; 0.0540696 ; -1.14799e-05 ; 100.885;
12 ; 8 ; 18 ; 0.0996404 ; 0.0652959 ; 0.00205988 ; 101.354;
13 ; 8 ; 18 ; 0.078613 ; 0.0141263 ; 0.0118947 ; 99.4519;
14 ; 8 ; 18 ; 0.0896146 ; -0.0434163 ; 0.0162928 ; 99.3835;
15 ; 8 ; 18 ; 0.124081 ; -0.0620936 ; -0.0124852 ; 100.227;
16 ; 8 ; 18 ; 0.198955 ; -0.0358248 ; -0.0153558 ; 101.31;
17 ; 8 ; 18 ; 0.0737821 ; -0.0703596 ; -0.0454794 ; 101.341;
18 ; 8 ; 18 ; 0.0912939 ; -0.025316 ; -0.0507193 ; 101.397;
19 ; 8 ; 18 ; 0.11697 ; -0.0164556 ; -0.0339202 ; 101.525;
20 ; 8 ; 18 ; 0.135902 ; -0.0207467 ; -0.0319295 ; 105.505;
21 ; 8 ; 18 ; 0.102642 ; -0.080411 ; 0.0425333 ; 96.33;
4 ; 9 ; 18 ; 0.074012 ; 0.0245947 ; -0.0843792 ; 99.45;
5 ; 9 ; 18 ; 0.129816 ; 0.0587012 ; 0.13113 ; 103.367;
6 ; 9 ; 18 ; 0.0743881 ; -0.0102045 ; 0.0592803 ; 102.143;
7 ; 9 ; 18 ; 0.035577 ; 0.00244283 ; 0.0272262 ; 101.235;
8 ; 9 ; 18 ; 0.0177867 ; 0.00113131 ; 0.02577 ; 101.67;
9 ; 9 ; 18 ; 0.0844685 ; -0.0570803 ; -0.0763854 ; 101.217;
10 ; 9 ; 18 ; 0.133312 ; -0.00446791 ; -0.0295488 ; 101.364;
11 ; 9 ; 18 ; 0.133942 ; -0.00632705 ; 0.0182737 ; 101.933;
12 ; 9 ; 18 ; 0.133568 ; -0.00370951 ; 0.0212743 ; 101.063;
13 ; 9 ; 18 ; 0.0893113 ; 0.0793622 ; -0.0268745 ; 101.047;
14 ; 9 ; 18 ; 0.095278 ; -0.00847003 ; -0.0165654 ; 100.801;
15 ; 9 ; 18 ; 0.110732 ; -0.0576486 ; -0.0242447 ; 101.026;
16 ; 9 ; 18 ; 0.0879047 ; -0.0784987 ; -0.0289413 ; 100.659;
17 ; 9 ; 18 ; 0.0826011 ; 0.0162428 ; -0.0130301 ; 100.465;
18 ; 9 ; 18 ; 0.105323 ; -0.0273123 ; -0.0294101 ; 100.47;
19 ; 9 ; 18 ; 0.118346 ; -0.017642 ; -0.0280578 ; 99.3667;
20 ; 9 ; 18 ; 0.126024 ; -0.0270577 ; -0.0264633 ; 99.045;
21 ; 9 ; 18 ; 0.0959852 ; 0.0419292 ; 0.00803105 ; 105.35;
4 ; 10 ; 18 ; 0.119103 ; -0.0875613 ; -0.0509125 ; 100.13;
5 ; 10 ; 18 ; 0.0861118 ; 0.074072 ; 0.0608284 ; 100.894;
6 ; 10 ; 18 ; 0.0778991 ; 0.049961 ; 0.0759438 ; 101.347;
7 ; 10 ; 18 ; 0.0504842 ; 0.0367489 ; 0.042842 ; 100.147;
8 ; 10 ; 18 ; 0.0117786 ; 0.0322935 ; -0.0247851 ; 99.9133;
9 ; 10 ; 18 ; 0.0056872 ; -0.016566 ; -0.071887 ; 101.253;
10 ; 10 ; 18 ; 0.0758808 ; -0.0284295 ; -0.0405967 ; 101.719;
11 ; 10 ; 18 ; 0.103781 ; -0.0307975 ; 0.0210541 ; 102.495;
12 ; 10 ; 18 ; 0.148697 ; -0.0400429 ; 0.0701335 ; 103.162;
13 ; 10 ; 18 ; 0.0730122 ; 0.0549262 ; 0.00793428 ; 101.256;
14 ; 10 ; 18 ; 0.107212 ; 0.0295805 ; -0.0211084 ; 101.355;
15 ; 10 ; 18 ; 0.140145 ; -0.0257781 ; -0.0342185 ; 101.017;
16 ; 10 ; 18 ; 0.118548 ; -0.0648961 ; -0.0137115 ; 102.021;
17 ; 10 ; 18 ; 0.11345 ; 0.0259906 ; 0.0422237 ; 101.817;
18 ; 10 ; 18 ; 0.116848 ; 0.00338217 ; -0.015024 ; 100.721;
19 ; 10 ; 18 ; 0.118888 ; -0.000371402 ; -0.0162904 ; 99.8401;
20 ; 10 ; 18 ; 0.132249 ; -0.0121633 ; -0.0392722 ; 98.6743;
21 ; 10 ; 18 ; 0.199413 ; -0.00860873 ; -0.102959 ; 96.61;
4 ; 11 ; 18 ; 0.056763 ; 0.0312811 ; 0.0871994 ; 101.65;
5 ; 11 ; 18 ; 0.055467 ; 0.011392 ; -0.0372786 ; 101.084;
6 ; 11 ; 18 ; 0.06025 ; 0.0412693 ; 0.0353384 ; 100.774;
7 ; 11 ; 18 ; 0.0414845 ; 0.0414349 ; 0.0383135 ; 99.9405;
8 ; 11 ; 18 ; 0.0599751 ; 0.00721691 ; 0.0273323 ; 98.5489;
9 ; 11 ; 18 ; 0.058345 ; 0.00523483 ; -0.0100089 ; 102.358;
10 ; 11 ; 18 ; 0.0655173 ; -0.0160943 ; -0.0164142 ; 101.9;
11 ; 11 ; 18 ; 0.113982 ; -0.0219175 ; 0.00667374 ; 101.78;
12 ; 11 ; 18 ; 0.122085 ; -0.0408879 ; 0.0457109 ; 102.018;
13 ; 11 ; 18 ; 0.0319929 ; 0.0494111 ; 0.0965127 ; 100.154;
14 ; 11 ; 18 ; 0.104156 ; 0.0391669 ; 0.0126222 ; 101.093;
15 ; 11 ; 18 ; 0.126164 ; -0.00697646 ; -0.0503485 ; 100.765;
16 ; 11 ; 18 ; 0.199168 ; -0.0274284 ; -0.0425692 ; 100.727;
17 ; 11 ; 18 ; 0.110814 ; -0.053221 ; 0.0680233 ; 102.064;
18 ; 11 ; 18 ; 0.110633 ; -0.0176383 ; 0.0185954 ; 101.652;
19 ; 11 ; 18 ; 0.126971 ; -0.00168644 ; 0.00546243 ; 100.77;
20 ; 11 ; 18 ; 0.114413 ; 0.00993789 ; -0.0102031 ; 99.5822;
21 ; 11 ; 18 ; 0.147088 ; -0.16486 ; 0.151492 ; 103.18;
4 ; 12 ; 18 ; 0.111962 ; -0.157049 ; 0.122069 ; 104.51;
5 ; 12 ; 18 ; 0.0705778 ; -0.0456512 ; -0.0590814 ; 102.63;
6 ; 12 ; 18 ; 0.0402273 ; 0.0342579 ; 0.000343769 ; 100.508;
7 ; 12 ; 18 ; 0.0253308 ; 0.0436168 ; 0.0179897 ; 100.086;
8 ; 12 ; 18 ; 0.0601947 ; 0.0250879 ; 0.00301832 ; 99.2706;
9 ; 12 ; 18 ; 0.144734 ; -0.017241 ; 0.0391287 ; 102.39;
10 ; 12 ; 18 ; 0.0659836 ; -0.00460728 ; -0.00373545 ; 102.646;
11 ; 12 ; 18 ; 0.123737 ; -0.011814 ; -0.000147812 ; 101.936;
12 ; 12 ; 18 ; 0.104295 ; -0.0440525 ; 0.0242382 ; 101.451;
13 ; 12 ; 18 ; 0.00829708 ; 0.0727897 ; 0.120195 ; 100.11;
14 ; 12 ; 18 ; 0.0957907 ; 0.0340467 ; 0.0457901 ; 100.504;
15 ; 12 ; 18 ; 0.0924669 ; -0.00944149 ; -0.0579835 ; 100.551;
16 ; 12 ; 18 ; 0.061291 ; 0.0131684 ; -0.0845278 ; 100.693;
17 ; 12 ; 18 ; 0.0917741 ; -0.0850585 ; 0.0981994 ; 101.17;
18 ; 12 ; 18 ; 0.103721 ; -0.0511318 ; 0.0241447 ; 102.384;
19 ; 12 ; 18 ; 0.126982 ; -0.0164839 ; 0.0146913 ; 101.718;
20 ; 12 ; 18 ; 0.10827 ; 0.0128428 ; 0.0137968 ; 100.898;
21 ; 12 ; 18 ; 0.216544 ; -0.202709 ; -0.0184459 ; 103.09;
4 ; 13 ; 18 ; 0.0643589 ; -0.113922 ; -0.0706968 ; 100.72;
5 ; 13 ; 18 ; 0.0513038 ; 0.0356801 ; 0.037626 ; 101.689;
6 ; 13 ; 18 ; 0.0642293 ; 0.0489132 ; 0.0898026 ; 102.76;
7 ; 13 ; 18 ; 0.0818192 ; 0.0375652 ; 0.0993443 ; 103.85;
8 ; 13 ; 18 ; 0.125872 ; 0.0392582 ; 0.1742 ; 99.37;
9 ; 13 ; 18 ; 0.173878 ; 0.022125 ; -0.0612622 ; 100.938;
10 ; 13 ; 18 ; 0.167491 ; 0.000606946 ; -0.0327575 ; 102.232;
11 ; 13 ; 18 ; 0.132667 ; 0.00887232 ; -0.0729356 ; 103.176;
12 ; 13 ; 18 ; 0.0416215 ; -0.0307322 ; -0.173556 ; 101.96;
13 ; 13 ; 18 ; 0.108934 ; 0.0289747 ; -0.0202227 ; 101.996;
14 ; 13 ; 18 ; 0.100255 ; 0.0361998 ; -0.0556403 ; 99.7876;
15 ; 13 ; 18 ; 0.131608 ; 0.0509455 ; -0.0703154 ; 99.7181;
16 ; 13 ; 18 ; 0.260318 ; 0.0514388 ; -0.148933 ; 101.2;
17 ; 13 ; 18 ; 0.125723 ; -0.0489286 ; 0.0275577 ; 100.963;
18 ; 13 ; 18 ; 0.0798578 ; 0.0141315 ; -0.00246175 ; 101.058;
19 ; 13 ; 18 ; 0.0177854 ; 0.0186575 ; -0.00474331 ; 101.77;
20 ; 13 ; 18 ; -0.103517 ; -0.0390968 ; -0.0614287 ; 106.82;
21 ; 13 ; 18 ; -0.0875341 ; -0.058677 ; -0.123584 ; 99.47;
4 ; 14 ; 18 ; -0.00183486 ; -0.0832372 ; -0.0640003 ; 104.57;
5 ; 14 ; 18 ; 0.106036 ; 0.00649122 ; 0.0439487 ; 102.323;
6 ; 14 ; 18 ; 0.0848724 ; 0.0305973 ; 0.0702399 ; 102.615;
7 ; 14 ; 18 ; 0.0691801 ; 0.0392645 ; 0.073782 ; 103.265;
8 ; 14 ; 18 ; 0.105024 ; 0.0322693 ; 0.109082 ; 102.026;
9 ; 14 ; 18 ; 0.138846 ; 0.00209483 ; -0.00842577 ; 103.387;
10 ; 14 ; 18 ; 0.148798 ; -0.000520682 ; -0.0149765 ; 102.452;
11 ; 14 ; 18 ; 0.138728 ; 0.0125482 ; -0.0455424 ; 102.851;
12 ; 14 ; 18 ; 0.104814 ; 0.00430632 ; -0.11025 ; 103.514;
13 ; 14 ; 18 ; 0.120755 ; -0.0296528 ; -0.0158521 ; 102.545;
14 ; 14 ; 18 ; 0.115256 ; 0.0267247 ; -0.0475692 ; 100.635;
15 ; 14 ; 18 ; 0.139324 ; 0.0603124 ; -0.0656908 ; 100.451;
16 ; 14 ; 18 ; 0.174889 ; 0.0611513 ; -0.0914167 ; 100.963;
17 ; 14 ; 18 ; 0.125166 ; -0.0660981 ; -0.0759577 ; 99.1987;
18 ; 14 ; 18 ; 0.0970896 ; -0.0137073 ; -0.0285419 ; 100.314;
19 ; 14 ; 18 ; 0.0577418 ; -0.0066439 ; -0.00243683 ; 100.639;
20 ; 14 ; 18 ; -0.023432 ; 0.0107334 ; -0.0152461 ; 103.365;
21 ; 14 ; 18 ; 0.182703 ; 0.176373 ; -0.0537599 ; 97.6;
4 ; 15 ; 18 ; 0.13475 ; 0.107668 ; 0.170979 ; 101.47;
5 ; 15 ; 18 ; 0.183786 ; -0.0315925 ; -0.0120953 ; 101.838;
6 ; 15 ; 18 ; 0.124615 ; -0.0142387 ; 0.0220758 ; 102.167;
7 ; 15 ; 18 ; 0.06071 ; 0.0151829 ; 0.012073 ; 102.484;
8 ; 15 ; 18 ; 0.0456989 ; 0.0429094 ; 0.0244255 ; 102.939;
9 ; 15 ; 18 ; 0.0976995 ; -0.0519332 ; -0.00289938 ; 103.928;
10 ; 15 ; 18 ; 0.126288 ; -0.0227612 ; 0.00623244 ; 102.646;
11 ; 15 ; 18 ; 0.143154 ; -0.00318164 ; -0.00148796 ; 102.386;
12 ; 15 ; 18 ; 0.1706 ; 0.0495944 ; -0.0333877 ; 103.497;
13 ; 15 ; 18 ; 0.142564 ; -0.0290119 ; 0.0260954 ; 100.772;
14 ; 15 ; 18 ; 0.12673 ; 0.0138822 ; -0.0135968 ; 101.067;
15 ; 15 ; 18 ; 0.120012 ; 0.0569613 ; -0.0387512 ; 100.671;
16 ; 15 ; 18 ; 0.132806 ; 0.0942408 ; -0.0461107 ; 101.578;
17 ; 15 ; 18 ; 0.0961239 ; -0.033222 ; -0.13313 ; 98.6876;
18 ; 15 ; 18 ; 0.133923 ; -0.0489536 ; -0.0646837 ; 99.4619;
19 ; 15 ; 18 ; 0.147691 ; -0.0496253 ; 0.0203915 ; 99.3834;
20 ; 15 ; 18 ; 0.102616 ; -0.000260034 ; 0.0420657 ; 99.0939;
21 ; 15 ; 18 ; 0.151471 ; 0.0319797 ; -0.0717955 ; 103.68;
4 ; 16 ; 18 ; 0.184655 ; 0.0958563 ; -0.000637632 ; 101.29;
5 ; 16 ; 18 ; 0.196956 ; -0.0147564 ; 0.0281417 ; 100.259;
6 ; 16 ; 18 ; 0.153524 ; -0.0282366 ; 0.00987072 ; 101.481;
7 ; 16 ; 18 ; 0.0933166 ; -0.00533507 ; -0.00233348 ; 102.449;
8 ; 16 ; 18 ; 0.0196163 ; 0.0264626 ; -0.0148929 ; 100.591;
9 ; 16 ; 18 ; 0.117112 ; -0.0457349 ; -0.0412478 ; 103.768;
10 ; 16 ; 18 ; 0.102707 ; -0.0328664 ; -0.0144342 ; 103.016;
11 ; 16 ; 18 ; 0.114863 ; -0.00421645 ; -0.0094834 ; 101.739;
12 ; 16 ; 18 ; 0.13762 ; 0.0142026 ; -0.0118004 ; 101.119;
13 ; 16 ; 18 ; 0.0608235 ; 0.0250474 ; -0.0274199 ; 99.9716;
14 ; 16 ; 18 ; 0.0861509 ; 0.00468497 ; 0.00988422 ; 100.724;
15 ; 16 ; 18 ; 0.0875519 ; 0.0237223 ; -0.00395079 ; 100.872;
16 ; 16 ; 18 ; 0.132121 ; 0.074022 ; -0.0626213 ; 100.441;
17 ; 16 ; 18 ; 0.0553537 ; -0.00588834 ; -0.115309 ; 100.115;
18 ; 16 ; 18 ; 0.12195 ; -0.0480822 ; -0.0750579 ; 99.9954;
19 ; 16 ; 18 ; 0.166528 ; -0.071268 ; 0.0227169 ; 100.581;
20 ; 16 ; 18 ; 0.174748 ; -0.0862871 ; 0.0883296 ; 100.247;
21 ; 16 ; 18 ; 0.107747 ; -0.0149328 ; 0.0837293 ; 102.48;
4 ; 17 ; 18 ; 0.171672 ; -0.00778494 ; 0.0737423 ; 101.67;
5 ; 17 ; 18 ; 0.16659 ; -0.0555638 ; 0.0329363 ; 100.896;
6 ; 17 ; 18 ; 0.142156 ; -0.0420226 ; 0.0122554 ; 101.392;
7 ; 17 ; 18 ; 0.124369 ; -0.0252432 ; 0.00993107 ; 101.747;
8 ; 17 ; 18 ; 0.0966298 ; 0.000431984 ; -0.00486998 ; 103.305;
9 ; 17 ; 18 ; 0.115366 ; -0.139235 ; -0.00326489 ; 104.321;
10 ; 17 ; 18 ; 0.104495 ; -0.0560961 ; -0.0198337 ; 103.246;
11 ; 17 ; 18 ; 0.0938836 ; 0.0120986 ; -0.0218152 ; 102.002;
12 ; 17 ; 18 ; 0.0982806 ; 0.0379214 ; 0.00367638 ; 100.983;
13 ; 17 ; 18 ; 0.064213 ; 0.0305899 ; -0.0502125 ; 99.656;
14 ; 17 ; 18 ; 0.0466137 ; 0.00656301 ; 0.00456469 ; 100.234;
15 ; 17 ; 18 ; 0.0469367 ; -0.00905949 ; 0.0261173 ; 101.601;
16 ; 17 ; 18 ; 0.0598996 ; 0.00721906 ; 0.0232995 ; 101.275;
17 ; 17 ; 18 ; 0.148738 ; -0.0126041 ; -0.0496743 ; 102.156;
18 ; 17 ; 18 ; 0.117952 ; -0.0322766 ; -0.0411036 ; 100.657;
19 ; 17 ; 18 ; 0.139931 ; -0.040264 ; 0.0151127 ; 101.104;
20 ; 17 ; 18 ; 0.194455 ; -0.0379869 ; 0.109399 ; 101.572;
21 ; 17 ; 18 ; 0.286291 ; -0.00430129 ; -0.0233914 ; 101.71;
4 ; 18 ; 18 ; 0.185756 ; -0.0621984 ; 0.0353866 ; 98.97;
5 ; 18 ; 18 ; 0.151934 ; -0.107473 ; -0.00633772 ; 102.24;
6 ; 18 ; 18 ; 0.132052 ; -0.0417425 ; 0.0229324 ; 101.443;
7 ; 18 ; 18 ; 0.136376 ; -0.0212819 ; 0.0301069 ; 101.066;
8 ; 18 ; 18 ; 0.177011 ; 0.0076594 ; 0.0658465 ; 101.016;
9 ; 18 ; 18 ; 0.118394 ; -0.245968 ; 0.0431843 ; 103.87;
10 ; 18 ; 18 ; 0.0996779 ; -0.0602795 ; -0.017659 ; 103.492;
11 ; 18 ; 18 ; 0.0829766 ; 0.0335038 ; -0.0288459 ; 102.112;
12 ; 18 ; 18 ; 0.104935 ; 0.0683848 ; 0.00848982 ; 102.498;
13 ; 18 ; 18 ; 0.133952 ; 0.0194792 ; -0.0167103 ; 98.79;
14 ; 18 ; 18 ; 0.0316825 ; 0.00531359 ; -0.0111351 ; 100.439;
15 ; 18 ; 18 ; 0.0428159 ; -0.0181641 ; 0.0307446 ; 102.592;
16 ; 18 ; 18 ; 0.0873384 ; -0.0096036 ; 0.0362407 ; 104.697;
17 ; 18 ; 18 ; 0.240137 ; -0.01931 ; -0.00849385 ; 103.27;
18 ; 18 ; 18 ; 0.111476 ; -0.0291925 ; -0.0241255 ; 100.819;
19 ; 18 ; 18 ; 0.109395 ; -0.0222947 ; -0.00134047 ; 101.067;
20 ; 18 ; 18 ; 0.139558 ; -0.0250645 ; 0.0175332 ; 102.111;
21 ; 18 ; 18 ; 0.220174 ; 0.154386 ; -0.193428 ; 101.98;
4 ; 19 ; 18 ; 0.134061 ; -0.0765125 ; 0.0419672 ; 99.67;
5 ; 19 ; 18 ; 0.0722408 ; 0.0158631 ; 0.026534 ; 102.74;
6 ; 19 ; 18 ; 0.103941 ; 0.0399484 ; 0.00846054 ; 103.085;
7 ; 19 ; 18 ; 0.16664 ; -0.0202576 ; -0.0157872 ; 101.181;
8 ; 19 ; 18 ; 0.216807 ; -0.0706338 ; -0.0438146 ; 101.93;
9 ; 19 ; 18 ; 0.157508 ; -0.0123136 ; -0.00959431 ; 101.343;
10 ; 19 ; 18 ; 0.0921186 ; 6.12077e-05 ; 0.00216177 ; 100.174;
11 ; 19 ; 18 ; 0.116673 ; -7.01538e-05 ; 0.00577104 ; 101.069;
12 ; 19 ; 18 ; 0.267443 ; -0.0135057 ; 0.0748046 ; 102.53;
13 ; 19 ; 18 ; 0.175 ; -0.0100897 ; -0.0477866 ; 101.791;
14 ; 19 ; 18 ; 0.169648 ; -0.0126567 ; -0.0681073 ; 99.9631;
15 ; 19 ; 18 ; 0.168656 ; -0.0186106 ; -0.0695282 ; 99.8082;
16 ; 19 ; 18 ; 0.250113 ; -0.100324 ; -0.0538996 ; 104.82;
17 ; 19 ; 18 ; 0.08847 ; -0.0345839 ; 0.0352158 ; 104.296;
18 ; 19 ; 18 ; 0.0898013 ; -0.0264341 ; 0.0127831 ; 103.435;
19 ; 19 ; 18 ; 0.0964236 ; -0.017798 ; 0.0472491 ; 102.165;
20 ; 19 ; 18 ; 0.0927669 ; 0.00411082 ; 0.0701168 ; 101.41;
21 ; 19 ; 18 ; 0.0583785 ; 0.0383066 ; 0.16115 ; 100.25;
4 ; 20 ; 18 ; 0.0459738 ; -0.130458 ; -0.0199849 ; 97.94;
5 ; 20 ; 18 ; 0.0967503 ; -0.0170469 ; 0.045554 ; 102.22;
6 ; 20 ; 18 ; 0.112103 ; 0.0245047 ; 0.0327011 ; 101.837;
7 ; 20 ; 18 ; 0.160505 ; 0.000987154 ; 0.00291719 ; 100.269;
8 ; 20 ; 18 ; 0.204909 ; -0.0738866 ; -0.0200201 ; 100.013;
9 ; 20 ; 18 ; 0.0794717 ; -0.00340187 ; -0.0267273 ; 98.5646;
10 ; 20 ; 18 ; 0.0726103 ; 0.00788334 ; 0.00523698 ; 99.526;
11 ; 20 ; 18 ; 0.101999 ; 0.025397 ; 0.000218839 ; 100.802;
12 ; 20 ; 18 ; 0.186583 ; 0.00326651 ; 0.0366942 ; 102.304;
13 ; 20 ; 18 ; 0.237246 ; -0.0334984 ; -0.0241707 ; 103.734;
14 ; 20 ; 18 ; 0.178328 ; -0.0198659 ; -0.0649064 ; 101.547;
15 ; 20 ; 18 ; 0.145078 ; 0.000112614 ; -0.0971517 ; 100.861;
16 ; 20 ; 18 ; 0.181148 ; -0.0572293 ; -0.0699669 ; 101.488;
17 ; 20 ; 18 ; 0.114625 ; -0.00530096 ; 0.00334446 ; 105.403;
18 ; 20 ; 18 ; 0.103986 ; -0.00500763 ; 0.00389464 ; 103.884;
19 ; 20 ; 18 ; 0.08998 ; 0.0090008 ; 0.0299348 ; 102.489;
20 ; 20 ; 18 ; 0.115634 ; -0.0229424 ; 0.0638611 ; 101.81;
21 ; 20 ; 18 ; 0.0758728 ; -0.0634835 ; -0.0199184 ; 99.75;
4 ; 21 ; 18 ; 0.173916 ; 0.0199053 ; -0.0188424 ; 102.24;
5 ; 21 ; 18 ; 0.108947 ; -0.0160213 ; 0.0618307 ; 101.18;
6 ; 21 ; 18 ; 0.11958 ; -0.0113187 ; 0.0617023 ; 100.788;
7 ; 21 ; 18 ; 0.154604 ; 0.00346566 ; 0.0323396 ; 99.0538;
8 ; 21 ; 18 ; 0.148186 ; -0.0203144 ; -0.0213165 ; 101.428;
9 ; 21 ; 18 ; 0.0138091 ; -0.065938 ; -0.0399999 ; 96.88;
10 ; 21 ; 18 ; 0.0629062 ; 0.0336771 ; 0.00438784 ; 99.1544;
11 ; 21 ; 18 ; 0.076856 ; 0.0520147 ; -0.0113076 ; 100.666;
12 ; 21 ; 18 ; 0.104312 ; 0.0324381 ; -0.00843828 ; 102.043;
13 ; 21 ; 18 ; 0.238305 ; -0.0354423 ; 0.0107773 ; 106.08;
14 ; 21 ; 18 ; 0.205683 ; -0.0269485 ; -0.0672816 ; 102.807;
15 ; 21 ; 18 ; 0.128891 ; 0.0189534 ; -0.123016 ; 101.156;
16 ; 21 ; 18 ; 0.100735 ; 0.0487255 ; -0.102786 ; 99.1648;
17 ; 21 ; 18 ; 0.183671 ; 0.0369478 ; -0.0266907 ; 105.29;
18 ; 21 ; 18 ; 0.104224 ; -0.00325068 ; 0.0139146 ; 104.601;
19 ; 21 ; 18 ; 0.0896626 ; 0.0154712 ; 0.0261102 ; 103.038;
20 ; 21 ; 18 ; 0.11458 ; -0.021235 ; 0.013496 ; 102.995;
21 ; 21 ; 18 ; 0.105206 ; 0.129208 ; 0.0132342 ; 96.22;
4 ; 4 ; 19 ; -0.0407852 ; 0.0958452 ; 0.00313884 ; 100.62;
5 ; 4 ; 19 ; 0.0894604 ; 0.0989372 ; -0.0396418 ; 102.801;
6 ; 4 ; 19 ; 0.114606 ; 0.0880765 ; 0.0110444 ; 102.473;
7 ; 4 ; 19 ; 0.15006 ; 0.0514398 ; 0.0767114 ; 101.113;
8 ; 4 ; 19 ; 0.0698844 ; 0.0420367 ; 0.118074 ; 99.67;
9 ; 4 ; 19 ; 0.00637563 ; 0.0228692 ; 0.0302923 ; 98.9773;
10 ; 4 ; 19 ; -0.00966787 ; -0.0104208 ; 0.0314094 ; 100.016;
11 ; 4 ; 19 ; 0.0261325 ; -0.0137856 ; 0.021254 ; 101.398;
12 ; 4 ; 19 ; 0.0586464 ; 0.0145059 ; 0.00959261 ; 102.87;
13 ; 4 ; 19 ; 0.0776685 ; 0.00120004 ; -0.00289473 ; 101.77;
14 ; 4 ; 19 ; 0.105316 ; 0.0671101 ; -0.000771424 ; 102.726;
15 ; 4 ; 19 ; 0.100884 ; 0.0533626 ; -0.00380041 ; 101.241;
16 ; 4 ; 19 ; 0.113882 ; -0.00612183 ; 0.0711352 ; 96.52;
17 ; 4 ; 19 ; 0.125379 ; -0.112607 ; -0.0532102 ; 98.963;
18 ; 4 ; 19 ; 0.110021 ; -0.0930304 ; -0.0124813 ; 100.35;
19 ; 4 ; 19 ; 0.0392584 ; -0.0204689 ; 0.0627697 ; 100.503;
20 ; 4 ; 19 ; -0.0366144 ; 0.113626 ; 0.144886 ; 98.76;
21 ; 4 ; 19 ; 0.318239 ; 0.0499202 ; 0.0543803 ; 102.12;
4 ; 5 ; 19 ; -0.0249418 ; -0.00105153 ; -0.174933 ; 101.42;
5 ; 5 ; 19 ; 0.0582731 ; 0.0972703 ; 0.013123 ; 101.625;
6 ; 5 ; 19 ; 0.105263 ; 0.0686144 ; 0.0211231 ; 101.985;
7 ; 5 ; 19 ; 0.154058 ; 0.0201996 ; 0.0522785 ; 100.793;
8 ; 5 ; 19 ; 0.125477 ; 0.0358671 ; 0.10408 ; 100.76;
9 ; 5 ; 19 ; 0.0540748 ; 0.0586939 ; 0.0740547 ; 101.963;
10 ; 5 ; 19 ; 0.00625564 ; 0.0171613 ; 0.0294307 ; 101.07;
11 ; 5 ; 19 ; 0.0190306 ; 0.00976701 ; 0.0150275 ; 101.723;
12 ; 5 ; 19 ; 0.0513292 ; 0.00358758 ; 0.00172403 ; 101.106;
13 ; 5 ; 19 ; 0.0631345 ; 0.0467849 ; -0.0301896 ; 102.666;
14 ; 5 ; 19 ; 0.0788703 ; 0.0454462 ; -0.0300572 ; 102.683;
15 ; 5 ; 19 ; 0.0821986 ; 0.0190096 ; -0.0483201 ; 101.098;
16 ; 5 ; 19 ; 0.0792979 ; 0.00864077 ; -0.000489185 ; 98.7443;
17 ; 5 ; 19 ; 0.168902 ; -0.0535568 ; -0.0390585 ; 101.223;
18 ; 5 ; 19 ; 0.111755 ; -0.0847966 ; -0.00510457 ; 100.976;
19 ; 5 ; 19 ; 0.0399167 ; -0.0260774 ; 0.0899723 ; 100.696;
20 ; 5 ; 19 ; -0.00699305 ; 0.0425868 ; 0.0909646 ; 99.8536;
21 ; 5 ; 19 ; 0.0893259 ; 0.000919252 ; 0.0920719 ; 103.33;
4 ; 6 ; 19 ; 0.0342436 ; 0.0189438 ; -0.138257 ; 100.88;
5 ; 6 ; 19 ; 0.0114481 ; 0.0702887 ; 0.0576144 ; 100.62;
6 ; 6 ; 19 ; 0.102898 ; 0.0617333 ; 0.0275426 ; 101.957;
7 ; 6 ; 19 ; 0.16593 ; 0.00274059 ; 0.0332343 ; 101.049;
8 ; 6 ; 19 ; 0.176405 ; 0.00379051 ; 0.0229877 ; 100.315;
9 ; 6 ; 19 ; 0.10869 ; 0.0650336 ; 0.0734632 ; 104.35;
10 ; 6 ; 19 ; 0.0140741 ; 0.050285 ; 0.0441026 ; 101.745;
11 ; 6 ; 19 ; 0.00516772 ; 0.0351775 ; 0.0161278 ; 101.559;
12 ; 6 ; 19 ; 0.0489443 ; 0.00226562 ; 0.0116678 ; 100.76;
13 ; 6 ; 19 ; 0.0551762 ; 0.0632865 ; -0.0846003 ; 103.7;
14 ; 6 ; 19 ; 0.0587565 ; 0.0249007 ; -0.050141 ; 102.331;
15 ; 6 ; 19 ; 0.0645478 ; -0.00703317 ; -0.0958797 ; 101.224;
16 ; 6 ; 19 ; 0.0783193 ; 0.0248148 ; -0.0765557 ; 101.262;
17 ; 6 ; 19 ; 0.191179 ; -0.0292092 ; -0.0541236 ; 103.72;
18 ; 6 ; 19 ; 0.123689 ; -0.0842414 ; -0.00195808 ; 100.647;
19 ; 6 ; 19 ; 0.0633036 ; -0.0515442 ; 0.090285 ; 100.539;
20 ; 6 ; 19 ; 0.0344278 ; -0.0147294 ; 0.0704648 ; 101.711;
21 ; 6 ; 19 ; 0.136707 ; -0.0386028 ; -0.137906 ; 100.14;
4 ; 7 ; 19 ; -0.0466946 ; -0.010783 ; 0.0659167 ; 102.6;
5 ; 7 ; 19 ; -0.0153384 ; -0.0322166 ; -0.0182267 ; 100.892;
6 ; 7 ; 19 ; -0.00159034 ; -0.0584693 ; -0.00171987 ; 100.231;
7 ; 7 ; 19 ; 0.00849103 ; -0.05142 ; 0.0478598 ; 99.9067;
8 ; 7 ; 19 ; 0.087472 ; 0.00797833 ; 0.0937196 ; 100.38;
9 ; 7 ; 19 ; 0.0284404 ; 0.0115119 ; 0.0229036 ; 102.66;
10 ; 7 ; 19 ; 0.0579351 ; 0.0379163 ; 0.0147129 ; 102.493;
11 ; 7 ; 19 ; 0.0813692 ; 0.0696642 ; 0.00911711 ; 101.765;
12 ; 7 ; 19 ; 0.0311143 ; 0.148909 ; 0.0374539 ; 103.75;
13 ; 7 ; 19 ; 0.0936046 ; 0.0596138 ; 0.0294464 ; 101.344;
14 ; 7 ; 19 ; 0.0346405 ; 0.070734 ; 0.0305229 ; 101.496;
15 ; 7 ; 19 ; 0.0389771 ; 0.0502787 ; 0.0304115 ; 101.82;
16 ; 7 ; 19 ; 0.104328 ; -0.0383862 ; 0.0591953 ; 99.24;
17 ; 7 ; 19 ; 0.145989 ; 0.0109358 ; -0.0138792 ; 102.745;
18 ; 7 ; 19 ; 0.137009 ; -0.028345 ; 0.0139986 ; 102.993;
19 ; 7 ; 19 ; 0.0796106 ; -0.0353936 ; 0.0398407 ; 101.305;
20 ; 7 ; 19 ; -0.00640095 ; -0.0537026 ; 0.0786333 ; 96.7;
21 ; 7 ; 19 ; 0.283822 ; -0.0228767 ; -0.0636777 ; 99.99;
4 ; 8 ; 19 ; 0.00681937 ; -0.149902 ; 0.113968 ; 97.5;
5 ; 8 ; 19 ; 0.0358486 ; -0.0379427 ; -0.00579979 ; 100.156;
6 ; 8 ; 19 ; 0.012725 ; -0.053287 ; 0.00366194 ; 100.604;
7 ; 8 ; 19 ; 0.0285334 ; -0.0486077 ; 0.0392242 ; 101.311;
8 ; 8 ; 19 ; 0.0263163 ; -0.0294181 ; 0.0954397 ; 99.8564;
9 ; 8 ; 19 ; 0.0200946 ; 0.0230013 ; -0.0392338 ; 101.818;
10 ; 8 ; 19 ; 0.0449847 ; 0.0203175 ; -0.00657761 ; 102.171;
11 ; 8 ; 19 ; 0.0579854 ; 0.0371787 ; -0.00325313 ; 101.932;
12 ; 8 ; 19 ; 0.089389 ; 0.10855 ; 0.0389965 ; 101.604;
13 ; 8 ; 19 ; 0.0906109 ; 0.0548567 ; 0.013204 ; 102.283;
14 ; 8 ; 19 ; 0.0479614 ; 0.0511941 ; 0.0210436 ; 101.679;
15 ; 8 ; 19 ; 0.0384405 ; 0.0335366 ; 0.0159065 ; 101.591;
16 ; 8 ; 19 ; 0.0942579 ; -0.00185982 ; 0.0378851 ; 100.416;
17 ; 8 ; 19 ; 0.10105 ; -0.0388896 ; 0.0255408 ; 101.706;
18 ; 8 ; 19 ; 0.123439 ; -0.0376991 ; 0.0157799 ; 102.612;
19 ; 8 ; 19 ; 0.0747057 ; -0.0376334 ; 0.0288957 ; 101.426;
20 ; 8 ; 19 ; 0.0353399 ; -0.0365885 ; 0.0550502 ; 99.7542;
21 ; 8 ; 19 ; 0.0923926 ; 0.0431525 ; 0.0321134 ; 100.46;
4 ; 9 ; 19 ; 0.111926 ; -0.0334502 ; -0.0203998 ; 98.32;
5 ; 9 ; 19 ; -0.00214212 ; 0.00879656 ; 0.00216135 ; 101.668;
6 ; 9 ; 19 ; 0.00891773 ; -0.0279096 ; 0.00881103 ; 100.948;
7 ; 9 ; 19 ; 0.044026 ; -0.0344949 ; 0.025766 ; 101.84;
8 ; 9 ; 19 ; 0.039136 ; -0.0552532 ; 0.0663868 ; 103.262;
9 ; 9 ; 19 ; 0.0961868 ; -0.00457351 ; -0.0617237 ; 101.72;
10 ; 9 ; 19 ; 0.0413911 ; 0.0011714 ; -0.0289192 ; 101.586;
11 ; 9 ; 19 ; 0.0464243 ; 0.00260414 ; -0.0114199 ; 101.682;
12 ; 9 ; 19 ; 0.0757438 ; 0.0033126 ; 0.0129861 ; 100.789;
13 ; 9 ; 19 ; 0.0870472 ; -0.000438051 ; -0.0434225 ; 101.234;
14 ; 9 ; 19 ; 0.078725 ; 0.0192088 ; -0.0138279 ; 101.696;
15 ; 9 ; 19 ; 0.0714349 ; -0.00358173 ; -0.0127317 ; 101.369;
16 ; 9 ; 19 ; 0.0550642 ; 0.00984974 ; 0.0109395 ; 101.115;
17 ; 9 ; 19 ; 0.0988811 ; -0.0411016 ; -0.0145219 ; 103.385;
18 ; 9 ; 19 ; 0.0968308 ; -0.0386568 ; -0.00792895 ; 102.63;
19 ; 9 ; 19 ; 0.0686509 ; -0.027938 ; -0.000341723 ; 101.971;
20 ; 9 ; 19 ; 0.0519953 ; -0.0324456 ; 0.0125711 ; 102.562;
21 ; 9 ; 19 ; 0.179917 ; -0.0449147 ; -0.0639733 ; 101.49;
4 ; 10 ; 19 ; 0.150074 ; -0.0349575 ; -0.075562 ; 101.13;
5 ; 10 ; 19 ; -0.0185893 ; 0.0254534 ; -0.0389633 ; 101.274;
6 ; 10 ; 19 ; 0.0223321 ; 0.0235109 ; -0.00886954 ; 100.965;
7 ; 10 ; 19 ; 0.0788721 ; 0.0159965 ; 0.00658988 ; 101.273;
8 ; 10 ; 19 ; 0.112781 ; -0.0165882 ; 0.0297567 ; 103.238;
9 ; 10 ; 19 ; 0.147062 ; -0.00425819 ; -0.0621187 ; 101.375;
10 ; 10 ; 19 ; 0.0929202 ; -0.00159725 ; -0.054821 ; 101.583;
11 ; 10 ; 19 ; 0.0784227 ; -0.00916733 ; -0.0313883 ; 102.083;
12 ; 10 ; 19 ; 0.0291671 ; -0.0154608 ; -0.00275814 ; 102.138;
13 ; 10 ; 19 ; 0.0277066 ; -0.0179855 ; -0.0403474 ; 101.75;
14 ; 10 ; 19 ; 0.0719423 ; -0.0160986 ; -0.0369751 ; 101.155;
15 ; 10 ; 19 ; 0.0800463 ; -0.0366907 ; -0.0241921 ; 100.932;
16 ; 10 ; 19 ; 0.0926535 ; -0.0611454 ; 0.012367 ; 100.384;
17 ; 10 ; 19 ; 0.127806 ; -0.00273868 ; -0.0523074 ; 102.574;
18 ; 10 ; 19 ; 0.11009 ; -0.0257644 ; -0.0434983 ; 102.163;
19 ; 10 ; 19 ; 0.0992679 ; -0.0183964 ; -0.0319581 ; 101.5;
20 ; 10 ; 19 ; 0.0161358 ; -0.030106 ; -0.0125326 ; 101.537;
21 ; 10 ; 19 ; 0.0204526 ; -0.0132358 ; 0.0196747 ; 105.42;
4 ; 11 ; 19 ; 0.0360783 ; 0.0701239 ; -0.0217555 ; 95.45;
5 ; 11 ; 19 ; 0.078887 ; -0.0864794 ; 0.0019166 ; 98.6407;
6 ; 11 ; 19 ; 0.0491009 ; 0.0084236 ; -0.0164406 ; 100.478;
7 ; 11 ; 19 ; 0.090308 ; 0.0341907 ; -0.00808262 ; 101.25;
8 ; 11 ; 19 ; 0.10758 ; 0.0238596 ; 0.015056 ; 99.344;
9 ; 11 ; 19 ; 0.130615 ; 0.0698587 ; 0.0124104 ; 103.13;
10 ; 11 ; 19 ; 0.134847 ; 0.0249888 ; -0.0495403 ; 102.407;
11 ; 11 ; 19 ; 0.117754 ; -0.00933616 ; -0.0494842 ; 102.122;
12 ; 11 ; 19 ; 0.119355 ; -0.00409188 ; -0.0239498 ; 102.554;
13 ; 11 ; 19 ; 0.00357568 ; -0.073424 ; -0.0503855 ; 101.305;
14 ; 11 ; 19 ; 0.042584 ; -0.0271097 ; -0.0515831 ; 100.862;
15 ; 11 ; 19 ; 0.0528368 ; -0.0296072 ; -0.0262533 ; 101.403;
16 ; 11 ; 19 ; 0.0969476 ; -0.0809435 ; -0.00328845 ; 100.813;
17 ; 11 ; 19 ; 0.142168 ; -0.0872139 ; -0.0222829 ; 97.9725;
18 ; 11 ; 19 ; 0.120577 ; -0.0308257 ; -0.0448348 ; 100.308;
19 ; 11 ; 19 ; 0.128108 ; -0.00624099 ; -0.0333475 ; 100.906;
20 ; 11 ; 19 ; 0.103986 ; 0.00210187 ; -0.0345998 ; 101.472;
21 ; 11 ; 19 ; 0.141134 ; -0.00148554 ; 0.0834156 ; 96;
4 ; 12 ; 19 ; 0.137169 ; -0.12098 ; 0.205361 ; 99.9;
5 ; 12 ; 19 ; 0.12679 ; -0.175847 ; 0.0539151 ; 97.67;
6 ; 12 ; 19 ; 0.0839844 ; -0.012384 ; -0.0179246 ; 100.347;
7 ; 12 ; 19 ; 0.108482 ; 0.0384189 ; -0.016523 ; 102.344;
8 ; 12 ; 19 ; 0.139995 ; 0.028618 ; 0.0309129 ; 101.625;
9 ; 12 ; 19 ; 0.102214 ; 0.126002 ; 0.084552 ; 105.41;
10 ; 12 ; 19 ; 0.14985 ; 0.0350129 ; -0.0546673 ; 102.977;
11 ; 12 ; 19 ; 0.123881 ; -0.0199353 ; -0.0688943 ; 102.481;
12 ; 12 ; 19 ; 0.0904904 ; -0.0336687 ; -0.0245636 ; 103.049;
13 ; 12 ; 19 ; 0.00779587 ; -0.106272 ; -0.0874938 ; 100.34;
14 ; 12 ; 19 ; 0.0190881 ; -0.0345629 ; -0.0492361 ; 100.824;
15 ; 12 ; 19 ; 0.0159086 ; -0.0202029 ; -0.0246518 ; 101.58;
16 ; 12 ; 19 ; 0.0187226 ; -0.0639322 ; -0.00846421 ; 101.767;
17 ; 12 ; 19 ; 0.133228 ; -0.17089 ; 0.00784248 ; 96.13;
18 ; 12 ; 19 ; 0.129304 ; -0.0446541 ; -0.0290062 ; 98.7487;
19 ; 12 ; 19 ; 0.142485 ; -0.00781412 ; -0.0272844 ; 100.284;
20 ; 12 ; 19 ; 0.167326 ; 0.0105096 ; -0.0477559 ; 102.175;
21 ; 12 ; 19 ; 0.0298163 ; 0.121859 ; 0.013061 ; 98.64;
4 ; 13 ; 19 ; 0.136773 ; -0.0109074 ; -0.0366667 ; 103.1;
5 ; 13 ; 19 ; 0.0901298 ; 0.0246744 ; -0.0497868 ; 101.378;
6 ; 13 ; 19 ; 0.0924808 ; 0.0348993 ; 0.0113555 ; 102.332;
7 ; 13 ; 19 ; 0.0669794 ; 0.0255835 ; 0.0195224 ; 101.347;
8 ; 13 ; 19 ; 0.0587129 ; -0.0152536 ; -0.0248657 ; 99.5;
9 ; 13 ; 19 ; 0.0856941 ; -0.0493375 ; -0.00370783 ; 98.2251;
10 ; 13 ; 19 ; 0.102985 ; -0.0174065 ; 0.0190994 ; 98.2802;
11 ; 13 ; 19 ; 0.0591237 ; 0.0362799 ; 0.0388202 ; 101.134;
12 ; 13 ; 19 ; 0.0200533 ; 0.100242 ; 0.0148361 ; 102.14;
13 ; 13 ; 19 ; 0.0411085 ; 0.0519467 ; -0.0219369 ; 103.549;
14 ; 13 ; 19 ; 0.103384 ; 0.0223641 ; -0.0631597 ; 103.13;
15 ; 13 ; 19 ; 0.125265 ; -0.0141458 ; -0.0701427 ; 102.64;
16 ; 13 ; 19 ; -0.0245891 ; -0.0188128 ; 0.0016925 ; 104.09;
17 ; 13 ; 19 ; 0.124343 ; -0.0396696 ; 0.046335 ; 101.033;
18 ; 13 ; 19 ; 0.128367 ; 0.0154095 ; 0.00128445 ; 101.441;
19 ; 13 ; 19 ; 0.103584 ; 0.00953782 ; 0.00848474 ; 101.26;
20 ; 13 ; 19 ; 0.0422629 ; -0.156801 ; -0.051887 ; 101.87;
21 ; 13 ; 19 ; -0.0222763 ; -0.058797 ; -0.0794393 ; 104.48;
4 ; 14 ; 19 ; 0.0497377 ; 0.0428258 ; 0.153555 ; 103.75;
5 ; 14 ; 19 ; 0.0115675 ; 0.0124609 ; -0.0747072 ; 100.405;
6 ; 14 ; 19 ; 0.0770786 ; 0.0297332 ; -0.00483853 ; 101.158;
7 ; 14 ; 19 ; 0.0765941 ; 0.0287628 ; 0.0168552 ; 100.447;
8 ; 14 ; 19 ; 0.0511838 ; 0.00994002 ; 0.0151009 ; 100.189;
9 ; 14 ; 19 ; 0.0333489 ; -0.0223612 ; 0.00815469 ; 100.779;
10 ; 14 ; 19 ; 0.0703106 ; -0.0256258 ; 0.0138686 ; 99.8967;
11 ; 14 ; 19 ; 0.0621545 ; -0.00448471 ; 0.0330627 ; 102.2;
12 ; 14 ; 19 ; 0.0155375 ; 0.0600814 ; 0.0379101 ; 102.087;
13 ; 14 ; 19 ; 0.188183 ; 0.0225494 ; 0.0288345 ; 103.962;
14 ; 14 ; 19 ; 0.147651 ; 0.00680079 ; -0.0285377 ; 103.568;
15 ; 14 ; 19 ; 0.160104 ; -0.0246272 ; -0.0462877 ; 102.683;
16 ; 14 ; 19 ; 0.0611072 ; -0.0392298 ; -0.0357154 ; 102.368;
17 ; 14 ; 19 ; 0.110178 ; -0.032225 ; 0.0497125 ; 100.774;
18 ; 14 ; 19 ; 0.126907 ; 0.00998083 ; 0.0178915 ; 100.947;
19 ; 14 ; 19 ; 0.117397 ; 0.0260244 ; 0.0216199 ; 100.372;
20 ; 14 ; 19 ; 0.062703 ; -0.0419304 ; 0.0122556 ; 102.197;
21 ; 14 ; 19 ; 0.074974 ; -0.130635 ; -0.0133114 ; 106.62;
4 ; 15 ; 19 ; 0.111487 ; -0.109656 ; 0.181325 ; 103.15;
5 ; 15 ; 19 ; 0.0783563 ; 0.00636622 ; -0.00940263 ; 102.495;
6 ; 15 ; 19 ; 0.0785044 ; 0.0234098 ; -0.00970357 ; 100.467;
7 ; 15 ; 19 ; 0.100062 ; 0.027335 ; 0.0264542 ; 100.266;
8 ; 15 ; 19 ; 0.0923937 ; 0.0513021 ; 0.0475735 ; 100.25;
9 ; 15 ; 19 ; 0.0503866 ; 0.0801495 ; -0.0293787 ; 104.244;
10 ; 15 ; 19 ; 0.0584763 ; -0.00720896 ; -0.0152466 ; 102.702;
11 ; 15 ; 19 ; 0.0837996 ; -0.0408491 ; -0.00471808 ; 103.161;
12 ; 15 ; 19 ; 0.0602451 ; -0.0312985 ; 0.0372701 ; 103.168;
13 ; 15 ; 19 ; 0.138402 ; -0.109331 ; 0.0479312 ; 103.308;
14 ; 15 ; 19 ; 0.171977 ; -0.0571819 ; 0.0240983 ; 103.681;
15 ; 15 ; 19 ; 0.162737 ; -0.0712626 ; -0.00942645 ; 102.623;
16 ; 15 ; 19 ; 0.185158 ; -0.054058 ; -0.0409582 ; 100.905;
17 ; 15 ; 19 ; 0.0994522 ; -0.0261597 ; -0.00836835 ; 99.1391;
18 ; 15 ; 19 ; 0.1268 ; -0.00852332 ; 0.0226226 ; 100.474;
19 ; 15 ; 19 ; 0.131541 ; 0.0217966 ; 0.0336197 ; 100.512;
20 ; 15 ; 19 ; 0.112083 ; 0.0708082 ; 0.0408375 ; 100.1;
21 ; 15 ; 19 ; 0.0122034 ; -0.148493 ; -0.188389 ; 99.7;
4 ; 16 ; 19 ; -0.0717927 ; 0.0137509 ; -0.127706 ; 100.47;
5 ; 16 ; 19 ; 0.0651537 ; 0.0213462 ; 0.0245636 ; 101.396;
6 ; 16 ; 19 ; 0.0953744 ; 0.0252611 ; 0.0145629 ; 100.732;
7 ; 16 ; 19 ; 0.115607 ; 0.0230755 ; 0.0275269 ; 100.476;
8 ; 16 ; 19 ; 0.133832 ; 0.0415563 ; 0.0567641 ; 100.523;
9 ; 16 ; 19 ; 0.117704 ; 0.146739 ; -0.0555891 ; 101.051;
10 ; 16 ; 19 ; 0.100419 ; 0.066078 ; -0.0435966 ; 102.418;
11 ; 16 ; 19 ; 0.117665 ; 0.00256832 ; -0.0428136 ; 101.906;
12 ; 16 ; 19 ; 0.117322 ; -0.0399403 ; -0.0188299 ; 103.17;
13 ; 16 ; 19 ; 0.135013 ; -0.100225 ; 0.050644 ; 102.255;
14 ; 16 ; 19 ; 0.139285 ; -0.109072 ; 0.0454126 ; 103.543;
15 ; 16 ; 19 ; 0.0975603 ; -0.0944959 ; 0.0218248 ; 103.083;
16 ; 16 ; 19 ; 0.113608 ; -0.0749608 ; 0.006275 ; 101.76;
17 ; 16 ; 19 ; 0.0730157 ; -0.0427358 ; -0.0339329 ; 101.384;
18 ; 16 ; 19 ; 0.100909 ; -0.0387282 ; -0.0136082 ; 101.115;
19 ; 16 ; 19 ; 0.104865 ; -0.0481871 ; -0.00733912 ; 101.197;
20 ; 16 ; 19 ; 0.135623 ; -0.00919251 ; 0.000927079 ; 100.291;
21 ; 16 ; 19 ; 0.0902437 ; 0.0325244 ; 0.0172806 ; 101.99;
4 ; 17 ; 19 ; 0.0519679 ; -0.0625755 ; 0.0507243 ; 101.88;
5 ; 17 ; 19 ; -0.0530801 ; 0.0521838 ; -0.0888799 ; 102.486;
6 ; 17 ; 19 ; 0.0428289 ; 0.0276843 ; -0.0160974 ; 101.643;
7 ; 17 ; 19 ; 0.0849842 ; 0.0165037 ; 0.0182113 ; 101.078;
8 ; 17 ; 19 ; 0.093943 ; 0.0147061 ; 0.0363819 ; 100.876;
9 ; 17 ; 19 ; 0.0562446 ; 0.0740792 ; 0.00395311 ; 99.0739;
10 ; 17 ; 19 ; 0.109298 ; 0.0906522 ; -0.0226475 ; 100.481;
11 ; 17 ; 19 ; 0.115931 ; 0.0316394 ; -0.0082237 ; 100.37;
12 ; 17 ; 19 ; 0.117447 ; 0.0126861 ; -0.0393991 ; 100.194;
13 ; 17 ; 19 ; 0.134799 ; -0.05877 ; 0.00478014 ; 102.061;
14 ; 17 ; 19 ; 0.120659 ; -0.0903195 ; 0.0279399 ; 102.747;
15 ; 17 ; 19 ; 0.0634284 ; -0.0660301 ; 0.0165016 ; 102.89;
16 ; 17 ; 19 ; 0.0133242 ; -0.0508343 ; 0.00800971 ; 102.726;
17 ; 17 ; 19 ; 0.08887 ; -0.0727994 ; -0.106523 ; 102.071;
18 ; 17 ; 19 ; 0.0797501 ; -0.0523585 ; -0.0510986 ; 101.749;
19 ; 17 ; 19 ; 0.0849015 ; -0.051213 ; -0.0166237 ; 101.616;
20 ; 17 ; 19 ; 0.0950402 ; -0.0877709 ; -0.0154206 ; 101.742;
21 ; 17 ; 19 ; 0.155629 ; -0.0833476 ; 0.0114913 ; 102.27;
4 ; 18 ; 19 ; -0.0788115 ; -0.0683826 ; 0.0563817 ; 101.75;
5 ; 18 ; 19 ; -0.09612 ; 0.0698485 ; -0.161156 ; 105.32;
6 ; 18 ; 19 ; -0.00533521 ; 0.0277623 ; -0.0477306 ; 101.545;
7 ; 18 ; 19 ; 0.0622376 ; 0.0166917 ; 0.0048634 ; 100.704;
8 ; 18 ; 19 ; 0.0811432 ; 0.0443493 ; 0.0487101 ; 99.7211;
9 ; 18 ; 19 ; 0.000338791 ; 0.00393157 ; 0.0433224 ; 100.4;
10 ; 18 ; 19 ; 0.0887843 ; 0.0860706 ; 0.00433455 ; 99.2286;
11 ; 18 ; 19 ; 0.103159 ; 0.0313594 ; 0.0326373 ; 99.9611;
12 ; 18 ; 19 ; 0.119208 ; -0.00812476 ; 0.00597742 ; 100.296;
13 ; 18 ; 19 ; 0.0843464 ; -0.0665836 ; -0.0371315 ; 101.15;
14 ; 18 ; 19 ; 0.136982 ; -0.056207 ; 0.0176096 ; 102.626;
15 ; 18 ; 19 ; 0.0746164 ; -0.0318665 ; 0.0138795 ; 102.85;
16 ; 18 ; 19 ; 0.0491877 ; 0.00411792 ; -0.00864932 ; 102.786;
17 ; 18 ; 19 ; 0.125069 ; -0.0799079 ; -0.185609 ; 100.14;
18 ; 18 ; 19 ; 0.0656862 ; -0.0544281 ; -0.0612227 ; 101.888;
19 ; 18 ; 19 ; 0.0781624 ; -0.0341288 ; -0.0167067 ; 100.9;
20 ; 18 ; 19 ; 0.120109 ; -0.0659927 ; -0.0212205 ; 100.139;
21 ; 18 ; 19 ; 0.195694 ; -0.154085 ; -0.000238236 ; 102.98;
4 ; 19 ; 19 ; -0.00520561 ; 0.135818 ; -0.173744 ; 102.64;
5 ; 19 ; 19 ; 0.0936781 ; -0.0071192 ; -0.00665264 ; 102.006;
6 ; 19 ; 19 ; 0.0767446 ; -0.00758718 ; -0.0168848 ; 101.555;
7 ; 19 ; 19 ; 0.0856239 ; 0.0147321 ; -0.0543456 ; 101.218;
8 ; 19 ; 19 ; 0.0930285 ; 0.150294 ; -0.12719 ; 104.63;
9 ; 19 ; 19 ; 0.0740797 ; -0.00627327 ; 0.0819766 ; 98.424;
10 ; 19 ; 19 ; 0.0960125 ; 0.0110537 ; 0.051518 ; 97.1833;
11 ; 19 ; 19 ; 0.122413 ; 0.0193778 ; 0.0223507 ; 100.538;
12 ; 19 ; 19 ; 0.106619 ; 0.00103849 ; -0.0299435 ; 105.02;
13 ; 19 ; 19 ; 0.0481895 ; 0.0470255 ; -0.0428836 ; 102.46;
14 ; 19 ; 19 ; 0.0334496 ; -0.0119229 ; 0.00159815 ; 102.597;
15 ; 19 ; 19 ; 0.063152 ; -0.068344 ; 0.0459382 ; 102.57;
16 ; 19 ; 19 ; 0.0709569 ; -0.054375 ; 0.170347 ; 104.98;
17 ; 19 ; 19 ; 0.0994155 ; -0.0987051 ; -0.0110295 ; 100.595;
18 ; 19 ; 19 ; 0.153917 ; -0.0830476 ; -0.0391507 ; 99.9727;
19 ; 19 ; 19 ; 0.175785 ; 0.00298672 ; -0.00989319 ; 100.657;
20 ; 19 ; 19 ; 0.295729 ; 0.0850344 ; 0.0694042 ; 104.97;
21 ; 19 ; 19 ; 0.0728464 ; 0.0581619 ; 0.16102 ; 98.73;
4 ; 20 ; 19 ; 0.0292089 ; 0.0307677 ; 0.0419622 ; 106.17;
5 ; 20 ; 19 ; 0.0812557 ; 0.0930873 ; -0.0664263 ; 103.322;
6 ; 20 ; 19 ; 0.0927538 ; 0.0138351 ; -0.024741 ; 101.857;
7 ; 20 ; 19 ; 0.109949 ; -0.00356964 ; -0.0372846 ; 101.571;
8 ; 20 ; 19 ; 0.117472 ; 0.0731959 ; -0.0896389 ; 101.894;
9 ; 20 ; 19 ; -0.0055119 ; -0.0452296 ; 0.0611891 ; 100.026;
10 ; 20 ; 19 ; 0.0645865 ; 0.0100459 ; 0.0265641 ; 98.0944;
11 ; 20 ; 19 ; 0.120238 ; 0.0362288 ; 0.00866666 ; 100.163;
12 ; 20 ; 19 ; 0.126679 ; 0.0221789 ; 0.0030161 ; 102.283;
13 ; 20 ; 19 ; 0.0815801 ; -0.0160417 ; 0.0168679 ; 100.538;
14 ; 20 ; 19 ; 0.0593329 ; -0.00850769 ; -0.000774378 ; 101.755;
15 ; 20 ; 19 ; 0.0873046 ; -0.0537774 ; 0.0120742 ; 101.868;
16 ; 20 ; 19 ; 0.0819632 ; -0.0821441 ; 0.0812801 ; 103.335;
17 ; 20 ; 19 ; 0.115593 ; -0.072937 ; -0.0468319 ; 101.735;
18 ; 20 ; 19 ; 0.146886 ; -0.0641899 ; -0.048318 ; 101.392;
19 ; 20 ; 19 ; 0.163175 ; 0.0189018 ; -0.0273879 ; 101.433;
20 ; 20 ; 19 ; 0.188575 ; 0.0590472 ; 0.0108394 ; 101.994;
21 ; 20 ; 19 ; 0.16948 ; 0.101495 ; -0.102 ; 102.03;
4 ; 21 ; 19 ; 0.0120148 ; 0.0519578 ; 0.0367498 ; 110.72;
5 ; 21 ; 19 ; 0.0910257 ; 0.192658 ; -0.0900111 ; 102.56;
6 ; 21 ; 19 ; 0.105027 ; 0.0216771 ; -0.0346029 ; 102.588;
7 ; 21 ; 19 ; 0.13705 ; -0.0311009 ; -0.024627 ; 101.445;
8 ; 21 ; 19 ; 0.134806 ; -0.0102089 ; -0.0357124 ; 100.918;
9 ; 21 ; 19 ; -0.0486732 ; -0.037851 ; 0.00924423 ; 101.7;
10 ; 21 ; 19 ; 0.0345145 ; -0.000414845 ; 0.0193136 ; 99.0432;
11 ; 21 ; 19 ; 0.116948 ; 0.0501411 ; 0.00807255 ; 99.5907;
12 ; 21 ; 19 ; 0.160059 ; 0.0665873 ; 0.0504165 ; 100.771;
13 ; 21 ; 19 ; 0.0842295 ; -0.099724 ; 0.0792651 ; 98.85;
14 ; 21 ; 19 ; 0.0884095 ; 0.00326738 ; -0.00914433 ; 101.393;
15 ; 21 ; 19 ; 0.110263 ; -0.04418 ; -0.0283862 ; 101.322;
16 ; 21 ; 19 ; 0.102165 ; -0.094862 ; -0.0300453 ; 101.481;
17 ; 21 ; 19 ; 0.102275 ; -0.0238769 ; -0.0105515 ; 103.76;
18 ; 21 ; 19 ; 0.13951 ; -0.052 ; -0.0823116 ; 102.082;
19 ; 21 ; 19 ; 0.137428 ; 0.0259961 ; -0.0684205 ; 101.252;
20 ; 21 ; 19 ; 0.0603429 ; 0.0235794 ; -0.0344129 ; 99.1913;
21 ; 21 ; 19 ; 0.171339 ; -0.00754242 ; -0.000996175 ; 103.58;
4 ; 4 ; 20 ; 0.106645 ; -0.0455567 ; 0.0195708 ; 96.76;
5 ; 4 ; 20 ; 0.100545 ; -0.0144098 ; -0.0366155 ; 101.691;
6 ; 4 ; 20 ; 0.0517385 ; -0.0363696 ; -0.0101246 ; 101.639;
7 ; 4 ; 20 ; -0.0102835 ; 0.0521735 ; 0.0405082 ; 101.313;
8 ; 4 ; 20 ; -0.0576086 ; 0.239649 ; 0.0777426 ; 102.26;
9 ; 4 ; 20 ; 0.101768 ; 0.0556608 ; 0.0536621 ; 102.73;
10 ; 4 ; 20 ; 0.0642804 ; 0.0236951 ; 0.00378389 ; 103.589;
11 ; 4 ; 20 ; 0.0343888 ; -0.0172536 ; 0.000501107 ; 103.644;
12 ; 4 ; 20 ; 0.0266355 ; 0.0337014 ; 0.0152645 ; 103.6;
13 ; 4 ; 20 ; 0.025887 ; 0.0330069 ; 0.0720881 ; 102.586;
14 ; 4 ; 20 ; 0.0073734 ; 0.00619583 ; 0.0143933 ; 101.815;
15 ; 4 ; 20 ; 0.0199378 ; -0.0140199 ; -0.00197707 ; 102.5;
16 ; 4 ; 20 ; 0.0988479 ; -0.0417787 ; 0.0756549 ; 107.92;
17 ; 4 ; 20 ; 0.027847 ; -0.00938003 ; 0.0165049 ; 100.022;
18 ; 4 ; 20 ; 0.0944739 ; -0.0249681 ; -0.0244457 ; 102.615;
19 ; 4 ; 20 ; 0.0864601 ; -0.00812448 ; -0.0402864 ; 104.176;
20 ; 4 ; 20 ; 0.0698426 ; 0.0583621 ; -0.0538189 ; 103.69;
21 ; 4 ; 20 ; 0.0838012 ; 0.00437795 ; 0.0621962 ; 103.34;
4 ; 5 ; 20 ; 0.161356 ; -0.0684182 ; -0.0207981 ; 101.05;
5 ; 5 ; 20 ; 0.0710423 ; -0.0981099 ; -0.0549945 ; 100.948;
6 ; 5 ; 20 ; 0.0342274 ; -0.0626021 ; -0.0300095 ; 101.555;
7 ; 5 ; 20 ; -0.016004 ; 0.0146698 ; 0.0218297 ; 101.626;
8 ; 5 ; 20 ; -0.0521406 ; 0.153802 ; 0.0709966 ; 101.46;
9 ; 5 ; 20 ; 0.0386577 ; 0.058926 ; 0.0529107 ; 101.512;
10 ; 5 ; 20 ; 0.0611535 ; 0.0316726 ; 0.0099361 ; 102.783;
11 ; 5 ; 20 ; 0.0531433 ; -0.00799543 ; -0.0294241 ; 102.823;
12 ; 5 ; 20 ; 0.039424 ; -0.00809965 ; -0.00784472 ; 104.24;
13 ; 5 ; 20 ; 0.111939 ; 0.0454434 ; 0.069173 ; 101.127;
14 ; 5 ; 20 ; 0.038189 ; 0.0319637 ; 0.0273469 ; 101.323;
15 ; 5 ; 20 ; 0.0132321 ; 0.00562666 ; 0.0103248 ; 101.942;
16 ; 5 ; 20 ; 0.0551708 ; -0.0165753 ; 0.0263702 ; 104.496;
17 ; 5 ; 20 ; 0.0113153 ; -0.0600413 ; 0.0118537 ; 103.711;
18 ; 5 ; 20 ; 0.0643539 ; -0.0434527 ; 0.00313747 ; 102.032;
19 ; 5 ; 20 ; 0.0576552 ; -0.022902 ; -0.0251249 ; 102.278;
20 ; 5 ; 20 ; 0.0665285 ; 0.0353007 ; -0.0352336 ; 103.571;
21 ; 5 ; 20 ; 0.15155 ; 0.000595898 ; -0.0319572 ; 99.59;
4 ; 6 ; 20 ; 0.166764 ; 0.024967 ; 0.0303393 ; 100.78;
5 ; 6 ; 20 ; 0.0609182 ; -0.121642 ; -0.0287124 ; 100.65;
6 ; 6 ; 20 ; 0.0169736 ; -0.0833973 ; -0.0605096 ; 101.372;
7 ; 6 ; 20 ; -0.0197457 ; -0.0250746 ; 0.00218071 ; 101.822;
8 ; 6 ; 20 ; 0.0140879 ; 0.0333664 ; 0.0250533 ; 101.389;
9 ; 6 ; 20 ; -0.00802835 ; 0.048769 ; 0.0794596 ; 100.29;
10 ; 6 ; 20 ; 0.0605571 ; 0.043807 ; 0.0106067 ; 102.107;
11 ; 6 ; 20 ; 0.0717235 ; -0.00483727 ; -0.0570441 ; 102.479;
12 ; 6 ; 20 ; 0.0853313 ; -0.043481 ; -0.0821509 ; 102.277;
13 ; 6 ; 20 ; 0.202844 ; 0.0563744 ; 0.0344067 ; 101.2;
14 ; 6 ; 20 ; 0.0473261 ; 0.0553609 ; 0.0582086 ; 100.588;
15 ; 6 ; 20 ; -0.00369355 ; 0.0281859 ; 0.0279576 ; 100.778;
16 ; 6 ; 20 ; -0.00113524 ; -0.00815226 ; -0.0131755 ; 101.59;
17 ; 6 ; 20 ; -0.00248261 ; -0.0799192 ; 0.0558933 ; 105.63;
18 ; 6 ; 20 ; 0.0257058 ; -0.0641548 ; 0.0172511 ; 101.545;
19 ; 6 ; 20 ; 0.024362 ; -0.0379271 ; -0.00755259 ; 100.84;
20 ; 6 ; 20 ; 0.0384515 ; -0.00167258 ; -0.0130129 ; 102.304;
21 ; 6 ; 20 ; 0.0548086 ; 0.025592 ; 0.102164 ; 99.5;
4 ; 7 ; 20 ; -0.117909 ; -0.038179 ; -0.0157852 ; 101.35;
5 ; 7 ; 20 ; 0.0680724 ; -0.0214451 ; -0.0259634 ; 102.799;
6 ; 7 ; 20 ; 0.114172 ; 0.0167407 ; 0.0464921 ; 103.396;
7 ; 7 ; 20 ; 0.0944113 ; 0.0238044 ; 0.0722349 ; 103.708;
8 ; 7 ; 20 ; 0.0555194 ; 0.00835326 ; 0.135102 ; 101.09;
9 ; 7 ; 20 ; 0.0933329 ; 0.0463416 ; -0.0132987 ; 102.092;
10 ; 7 ; 20 ; 0.113777 ; 0.00532523 ; -0.0144875 ; 101.401;
11 ; 7 ; 20 ; 0.122657 ; -0.0225308 ; -0.0470478 ; 102.772;
12 ; 7 ; 20 ; 0.11445 ; -0.028119 ; 0.0131404 ; 104.28;
13 ; 7 ; 20 ; 0.062399 ; 0.0801955 ; 0.00165756 ; 102.06;
14 ; 7 ; 20 ; 0.0855821 ; 0.050866 ; -0.00177933 ; 103.261;
15 ; 7 ; 20 ; 0.0708209 ; 0.00323823 ; -0.0299916 ; 102.068;
16 ; 7 ; 20 ; -0.00670523 ; 0.01664 ; -0.0281728 ; 102;
17 ; 7 ; 20 ; 0.128549 ; -0.0208787 ; -0.0126508 ; 98.9014;
18 ; 7 ; 20 ; 0.121223 ; -0.0493083 ; 0.080167 ; 100.21;
19 ; 7 ; 20 ; 0.0885094 ; -0.0861327 ; 0.0555743 ; 101.263;
20 ; 7 ; 20 ; 0.0215141 ; 0.0709311 ; -0.10315 ; 102.64;
21 ; 7 ; 20 ; 0.176235 ; 0.0743306 ; -0.0535463 ; 102.9;
4 ; 8 ; 20 ; 0.137076 ; 0.137274 ; 0.136098 ; 104.4;
5 ; 8 ; 20 ; 0.121095 ; -0.0261089 ; -0.0261685 ; 102.011;
6 ; 8 ; 20 ; 0.113339 ; 0.0100999 ; 0.0232086 ; 103.267;
7 ; 8 ; 20 ; 0.0972419 ; 0.0382332 ; 0.0234248 ; 103.868;
8 ; 8 ; 20 ; 0.0592611 ; 0.0265758 ; 0.0793335 ; 102.641;
9 ; 8 ; 20 ; 0.0301701 ; -0.0197725 ; -0.0662407 ; 102.286;
10 ; 8 ; 20 ; 0.0828041 ; 0.000171119 ; -0.0435356 ; 101.695;
11 ; 8 ; 20 ; 0.0865351 ; -0.0118839 ; -0.0649735 ; 102.586;
12 ; 8 ; 20 ; 0.110649 ; -0.0260015 ; -0.0251525 ; 104.223;
13 ; 8 ; 20 ; 0.102702 ; -0.00723062 ; -0.0248464 ; 101.153;
14 ; 8 ; 20 ; 0.102977 ; 0.0311286 ; -0.00111602 ; 102.532;
15 ; 8 ; 20 ; 0.0829272 ; 0.00505722 ; -0.00929597 ; 102.199;
16 ; 8 ; 20 ; 0.0393852 ; 0.0127954 ; -0.0452134 ; 101.128;
17 ; 8 ; 20 ; 0.0406818 ; -0.0192298 ; 0.00160636 ; 102.398;
18 ; 8 ; 20 ; 0.0858435 ; -0.0412774 ; 0.0633968 ; 101.101;
19 ; 8 ; 20 ; 0.0748063 ; -0.0785669 ; 0.0545573 ; 101.674;
20 ; 8 ; 20 ; 0.0658541 ; -0.0506942 ; -0.00146241 ; 101.686;
21 ; 8 ; 20 ; 0.0608209 ; 0.0535763 ; -0.0792485 ; 102.22;
4 ; 9 ; 20 ; 0.0963025 ; 0.094573 ; 0.167535 ; 101.4;
5 ; 9 ; 20 ; 0.0554389 ; 0.00174326 ; -0.00396289 ; 101.042;
6 ; 9 ; 20 ; 0.0919042 ; 0.0018782 ; -0.0128373 ; 102.41;
7 ; 9 ; 20 ; 0.0802365 ; 0.0514911 ; -0.0351958 ; 103.345;
8 ; 9 ; 20 ; 0.064336 ; 0.0912711 ; -0.0456428 ; 103.977;
9 ; 9 ; 20 ; -0.0170671 ; -0.0878025 ; -0.0604257 ; 101.256;
10 ; 9 ; 20 ; 0.0295732 ; -0.018024 ; -0.0496295 ; 101.387;
11 ; 9 ; 20 ; 0.0382843 ; 0.00808685 ; -0.0450209 ; 101.156;
12 ; 9 ; 20 ; 0.0451935 ; -0.020522 ; -0.0784088 ; 102.917;
13 ; 9 ; 20 ; 0.128816 ; 0.0115066 ; -0.045727 ; 99.7481;
14 ; 9 ; 20 ; 0.116798 ; 0.0194109 ; -0.0170226 ; 101.192;
15 ; 9 ; 20 ; 0.10635 ; 0.0210686 ; -0.000684933 ; 102.01;
16 ; 9 ; 20 ; 0.0807319 ; 0.00442454 ; -0.0141716 ; 102.131;
17 ; 9 ; 20 ; -0.00770136 ; -0.0369554 ; -0.0265918 ; 101.886;
18 ; 9 ; 20 ; 0.0413902 ; -0.0447015 ; 0.0108046 ; 101.761;
19 ; 9 ; 20 ; 0.0695569 ; -0.0659214 ; 0.0372368 ; 102.411;
20 ; 9 ; 20 ; 0.0843293 ; -0.117809 ; 0.0710018 ; 101.141;
21 ; 9 ; 20 ; 0.110251 ; -0.0442286 ; -0.0463173 ; 98.5;
4 ; 10 ; 20 ; -0.0215662 ; -0.0941604 ; -0.048793 ; 102.06;
5 ; 10 ; 20 ; 0.0650038 ; -0.0123223 ; -0.036956 ; 99.5984;
6 ; 10 ; 20 ; 0.0672089 ; -0.00696459 ; -0.0164869 ; 100.804;
7 ; 10 ; 20 ; 0.0600484 ; 0.0310572 ; -0.0322374 ; 101.237;
8 ; 10 ; 20 ; 0.0484981 ; 0.098598 ; -0.0818171 ; 102.794;
9 ; 10 ; 20 ; 0.000701311 ; -0.0674672 ; -0.0131583 ; 100.974;
10 ; 10 ; 20 ; 0.0139603 ; -0.0420934 ; -0.0129358 ; 100.859;
11 ; 10 ; 20 ; 0.0222832 ; -0.00300125 ; 0.017323 ; 100.001;
12 ; 10 ; 20 ; -0.00383333 ; 0.0149373 ; -0.011444 ; 99.8088;
13 ; 10 ; 20 ; 0.0615131 ; 0.0532958 ; 0.0105294 ; 99.2412;
14 ; 10 ; 20 ; 0.104453 ; 0.0527983 ; 0.00118793 ; 100.504;
15 ; 10 ; 20 ; 0.106665 ; 0.0519874 ; 0.0282139 ; 101.016;
16 ; 10 ; 20 ; 0.0951408 ; 0.0208573 ; 0.0215288 ; 103.612;
17 ; 10 ; 20 ; 0.0133779 ; -0.022598 ; 0.021088 ; 100.542;
18 ; 10 ; 20 ; 0.0302741 ; -0.00962638 ; 0.023587 ; 101.939;
19 ; 10 ; 20 ; 0.0684748 ; -0.00291154 ; 0.0256231 ; 103.079;
20 ; 10 ; 20 ; 0.0619939 ; -0.0289064 ; 0.0162314 ; 102.687;
21 ; 10 ; 20 ; -0.0338144 ; -0.038303 ; -0.149217 ; 97.9;
4 ; 11 ; 20 ; 0.152744 ; 0.0980478 ; 0.0678604 ; 103.63;
5 ; 11 ; 20 ; 0.157559 ; 0.0223731 ; -0.00970361 ; 101;
6 ; 11 ; 20 ; 0.0934137 ; -0.0198253 ; -0.01931 ; 100.078;
7 ; 11 ; 20 ; 0.0712442 ; -0.0236457 ; -0.0254557 ; 100.145;
8 ; 11 ; 20 ; 0.0475269 ; 0.010965 ; -0.0338437 ; 100.458;
9 ; 11 ; 20 ; 0.00627105 ; -0.0703439 ; 0.046663 ; 98.3255;
10 ; 11 ; 20 ; 0.0152869 ; -0.0486743 ; 0.0273327 ; 100.815;
11 ; 11 ; 20 ; 0.028803 ; -0.00941999 ; 0.0464724 ; 101.435;
12 ; 11 ; 20 ; 0.0211302 ; 0.00922079 ; 0.0667693 ; 99.7215;
13 ; 11 ; 20 ; 0.0359326 ; 0.0787726 ; -0.00791667 ; 101.499;
14 ; 11 ; 20 ; 0.0800875 ; 0.0797802 ; 0.0269864 ; 100.721;
15 ; 11 ; 20 ; 0.101884 ; 0.0583568 ; 0.0601855 ; 99.2435;
16 ; 11 ; 20 ; 0.118276 ; 0.0635934 ; 0.0379233 ; 100.868;
17 ; 11 ; 20 ; 0.0606382 ; -0.0420122 ; 0.0644104 ; 100.292;
18 ; 11 ; 20 ; 0.045136 ; -0.00296785 ; 0.0403961 ; 101.16;
19 ; 11 ; 20 ; 0.0747719 ; 0.0241396 ; 0.01704 ; 101.468;
20 ; 11 ; 20 ; 0.091561 ; -0.00684126 ; 0.0260801 ; 102.714;
21 ; 11 ; 20 ; 0.200003 ; 0.0176649 ; -0.0977694 ; 98.94;
4 ; 12 ; 20 ; -0.150408 ; 0.0157027 ; 0.0430143 ; 104.19;
5 ; 12 ; 20 ; 0.193136 ; 0.0738706 ; 0.014301 ; 102.7;
6 ; 12 ; 20 ; 0.122115 ; -0.0275912 ; -0.020234 ; 100.071;
7 ; 12 ; 20 ; 0.0922688 ; -0.0498805 ; -0.033025 ; 99.9683;
8 ; 12 ; 20 ; 0.0742856 ; -0.0150192 ; -0.0229441 ; 100.091;
9 ; 12 ; 20 ; -0.0228332 ; -0.100835 ; 0.10856 ; 95.61;
10 ; 12 ; 20 ; 0.0181134 ; -0.0477638 ; 0.0267723 ; 101.214;
11 ; 12 ; 20 ; 0.0265273 ; -0.014716 ; 0.0331179 ; 102.991;
12 ; 12 ; 20 ; 0.0375785 ; -0.00388128 ; 0.056665 ; 100.881;
13 ; 12 ; 20 ; 0.042431 ; 0.0950678 ; -0.0556594 ; 103.22;
14 ; 12 ; 20 ; 0.0768229 ; 0.0839137 ; 0.0518579 ; 101.018;
15 ; 12 ; 20 ; 0.0970708 ; 0.0532759 ; 0.0956377 ; 98.4626;
16 ; 12 ; 20 ; 0.0859474 ; 0.0581989 ; 0.0731907 ; 98.7478;
17 ; 12 ; 20 ; 0.0967107 ; -0.0978161 ; 0.0318425 ; 99.36;
18 ; 12 ; 20 ; 0.0470489 ; 0.0116912 ; 0.0674257 ; 101.186;
19 ; 12 ; 20 ; 0.0673108 ; 0.0430164 ; 0.0202556 ; 100.452;
20 ; 12 ; 20 ; 0.103489 ; 0.030243 ; -0.0185154 ; 100.028;
21 ; 12 ; 20 ; 0.0985019 ; -0.0669559 ; 0.150442 ; 98.57;
4 ; 13 ; 20 ; -0.0178859 ; 0.0395279 ; -0.100658 ; 105.69;
5 ; 13 ; 20 ; 0.0486375 ; 0.070248 ; -0.0294708 ; 100.135;
6 ; 13 ; 20 ; 0.0451126 ; 0.11371 ; -0.019548 ; 102.284;
7 ; 13 ; 20 ; 0.0942556 ; 0.11404 ; -0.027267 ; 103.315;
8 ; 13 ; 20 ; 0.00462485 ; 0.0850797 ; 0.0197557 ; 102.17;
9 ; 13 ; 20 ; 0.0798601 ; -0.0265559 ; -0.0012891 ; 101.416;
10 ; 13 ; 20 ; 0.0304034 ; -0.0270262 ; 0.0174982 ; 101.376;
11 ; 13 ; 20 ; 0.0245847 ; -0.0320651 ; 0.0817868 ; 99.9279;
12 ; 13 ; 20 ; 0.103348 ; -0.0699398 ; 0.242883 ; 100.89;
13 ; 13 ; 20 ; 0.0787384 ; -0.045725 ; 0.0195773 ; 101.992;
14 ; 13 ; 20 ; 0.073332 ; 0.0248632 ; -0.0204328 ; 101.346;
15 ; 13 ; 20 ; 0.0822622 ; 0.0478076 ; -0.0573011 ; 103.394;
16 ; 13 ; 20 ; 0.0565885 ; -0.00129363 ; -0.030566 ; 108.72;
17 ; 13 ; 20 ; 0.0829103 ; -0.00852864 ; 0.0215697 ; 101.69;
18 ; 13 ; 20 ; 0.107856 ; 0.0131009 ; 0.0122602 ; 102.885;
19 ; 13 ; 20 ; 0.0702598 ; -0.0270456 ; -0.0236938 ; 102.993;
20 ; 13 ; 20 ; 0.119807 ; -0.112273 ; -0.118628 ; 107.44;
21 ; 13 ; 20 ; 0.247189 ; -0.0142733 ; -0.0485111 ; 101.53;
4 ; 14 ; 20 ; 0.176322 ; 0.105496 ; 0.12962 ; 97.38;
5 ; 14 ; 20 ; 0.0936854 ; 0.0723781 ; -0.0200957 ; 100.594;
6 ; 14 ; 20 ; 0.0706518 ; 0.10162 ; -0.0153093 ; 102.203;
7 ; 14 ; 20 ; 0.111569 ; 0.115576 ; -0.0205948 ; 103.078;
8 ; 14 ; 20 ; 0.0943385 ; 0.0834279 ; -0.011471 ; 102.483;
9 ; 14 ; 20 ; 0.106492 ; 0.00638909 ; 0.0479455 ; 101.305;
10 ; 14 ; 20 ; 0.0539361 ; -0.0170513 ; 0.0225661 ; 101.227;
11 ; 14 ; 20 ; 0.0363354 ; -0.0295839 ; 0.0537132 ; 100.171;
12 ; 14 ; 20 ; 0.0465999 ; -0.0416478 ; 0.127582 ; 99.7588;
13 ; 14 ; 20 ; 0.0581821 ; -0.0116223 ; 0.0490642 ; 101.719;
14 ; 14 ; 20 ; 0.0703505 ; 0.0199824 ; 0.00244636 ; 101.364;
15 ; 14 ; 20 ; 0.0916766 ; 0.0470688 ; -0.0187449 ; 102.377;
16 ; 14 ; 20 ; 0.058758 ; 0.038413 ; -0.0689658 ; 105.79;
17 ; 14 ; 20 ; 0.0934068 ; -0.00335221 ; 0.0771696 ; 101.003;
18 ; 14 ; 20 ; 0.0990396 ; 0.00208327 ; 0.0311397 ; 102.436;
19 ; 14 ; 20 ; 0.0729251 ; -0.0217021 ; 0.00195244 ; 102.984;
20 ; 14 ; 20 ; 0.0793417 ; -0.0545075 ; -0.066169 ; 104.064;
21 ; 14 ; 20 ; 0.173527 ; 0.0194082 ; -0.0559343 ; 99.57;
4 ; 15 ; 20 ; 0.00384175 ; -0.0417757 ; -0.0402364 ; 103.38;
5 ; 15 ; 20 ; 0.0622519 ; -0.0428792 ; -0.0102793 ; 100.572;
6 ; 15 ; 20 ; 0.0944415 ; 0.0400717 ; -0.0143834 ; 102.066;
7 ; 15 ; 20 ; 0.132853 ; 0.0684153 ; -0.0196858 ; 102.399;
8 ; 15 ; 20 ; 0.170869 ; 0.111343 ; -0.0120569 ; 102.977;
9 ; 15 ; 20 ; 0.118749 ; 0.0304422 ; 0.0259416 ; 101.731;
10 ; 15 ; 20 ; 0.0934075 ; 0.00187747 ; 0.0235664 ; 101.424;
11 ; 15 ; 20 ; 0.0617805 ; -0.0214977 ; 0.014575 ; 100.553;
12 ; 15 ; 20 ; 0.0228331 ; -0.0125767 ; -0.0229964 ; 99.5716;
13 ; 15 ; 20 ; 0.0253643 ; -0.00719188 ; -0.00736652 ; 102.01;
14 ; 15 ; 20 ; 0.0602252 ; 0.00876867 ; 0.00582109 ; 101.132;
15 ; 15 ; 20 ; 0.0712179 ; 0.04232 ; 0.0182215 ; 100.405;
16 ; 15 ; 20 ; 0.113836 ; 0.0671991 ; -0.0093958 ; 101.416;
17 ; 15 ; 20 ; 0.0306012 ; -0.00662353 ; -0.0106275 ; 100.979;
18 ; 15 ; 20 ; 0.0463378 ; -0.0108498 ; 0.038358 ; 101.682;
19 ; 15 ; 20 ; 0.0385256 ; -0.0208379 ; 0.0179382 ; 102.594;
20 ; 15 ; 20 ; 0.0721439 ; 0.00104137 ; 0.0178448 ; 102.624;
21 ; 15 ; 20 ; 0.0906044 ; 0.0493707 ; -0.0221875 ; 103.77;
4 ; 16 ; 20 ; 0.0691716 ; 0.0832584 ; -0.111173 ; 101.08;
5 ; 16 ; 20 ; 0.0541301 ; -0.0248549 ; 0.00720911 ; 101.503;
6 ; 16 ; 20 ; 0.0771645 ; -0.0228402 ; 0.00521027 ; 101.613;
7 ; 16 ; 20 ; 0.109439 ; -0.0090099 ; 0.00281223 ; 101.794;
8 ; 16 ; 20 ; 0.133046 ; 0.0647834 ; 0.00976681 ; 102.377;
9 ; 16 ; 20 ; 0.101455 ; -0.0454589 ; -0.0552916 ; 102.056;
10 ; 16 ; 20 ; 0.100365 ; -0.0114947 ; -0.00269552 ; 101.698;
11 ; 16 ; 20 ; 0.0707168 ; -0.0235796 ; -0.00195556 ; 101.517;
12 ; 16 ; 20 ; 0.0890191 ; -0.033019 ; 0.00531576 ; 100.763;
13 ; 16 ; 20 ; 0.0632582 ; -0.0580677 ; -0.1147 ; 99.8615;
14 ; 16 ; 20 ; 0.0546811 ; -0.00947947 ; -0.0415317 ; 100.426;
15 ; 16 ; 20 ; 0.0549661 ; 0.0134454 ; 0.0100604 ; 100.076;
16 ; 16 ; 20 ; 0.0851007 ; 0.0385313 ; 0.0774494 ; 99.8034;
17 ; 16 ; 20 ; 0.0184406 ; -0.00224408 ; -0.034868 ; 101.645;
18 ; 16 ; 20 ; 0.0257451 ; -0.00906934 ; -0.0022032 ; 101.947;
19 ; 16 ; 20 ; 0.0225887 ; -0.0355079 ; -0.012291 ; 102.836;
20 ; 16 ; 20 ; 0.0560785 ; -0.0442596 ; -0.0010915 ; 104.954;
21 ; 16 ; 20 ; 0.0649588 ; -0.0444835 ; -0.131349 ; 100.7;
4 ; 17 ; 20 ; 0.0470382 ; 0.110025 ; 0.0315747 ; 102.75;
5 ; 17 ; 20 ; 0.110506 ; 0.0380524 ; -0.0208929 ; 102.127;
6 ; 17 ; 20 ; 0.0614851 ; -0.0153837 ; -0.0135292 ; 102.438;
7 ; 17 ; 20 ; 0.073762 ; -0.0455626 ; -0.0112007 ; 101.827;
8 ; 17 ; 20 ; 0.124719 ; -0.048613 ; -0.00654064 ; 101.072;
9 ; 17 ; 20 ; 0.121988 ; -0.0950624 ; -0.0687013 ; 102.634;
10 ; 17 ; 20 ; 0.0850105 ; -0.0406897 ; -0.0445995 ; 101.631;
11 ; 17 ; 20 ; 0.0501414 ; -0.0199944 ; -0.0358942 ; 101.581;
12 ; 17 ; 20 ; 0.0628322 ; -0.0426848 ; -0.00113115 ; 102.331;
13 ; 17 ; 20 ; 0.0556005 ; -0.0242722 ; -0.101783 ; 100.522;
14 ; 17 ; 20 ; 0.0683241 ; -0.0338874 ; -0.100917 ; 99.7981;
15 ; 17 ; 20 ; 0.073374 ; -0.0335952 ; -0.039396 ; 99.9681;
16 ; 17 ; 20 ; 0.0301284 ; -0.00120791 ; 0.0134632 ; 100.72;
17 ; 17 ; 20 ; 0.0321486 ; -0.0305494 ; -0.0335372 ; 101.563;
18 ; 17 ; 20 ; 0.0162084 ; 0.00887039 ; -0.0308916 ; 101.729;
19 ; 17 ; 20 ; 0.0115673 ; -0.00503774 ; -0.0408491 ; 101.57;
20 ; 17 ; 20 ; -0.00862358 ; -0.0635521 ; -0.0561315 ; 102.771;
21 ; 17 ; 20 ; 0.125263 ; -0.0236926 ; -0.0204221 ; 104.28;
4 ; 18 ; 20 ; 0.166573 ; 0.0366423 ; 0.0573034 ; 100.2;
5 ; 18 ; 20 ; 0.139949 ; 0.0417155 ; -0.0564535 ; 102.8;
6 ; 18 ; 20 ; 0.0611417 ; 0.0135668 ; -0.0211199 ; 102.94;
7 ; 18 ; 20 ; 0.0537684 ; -0.0371691 ; -0.0130513 ; 102.046;
8 ; 18 ; 20 ; 0.122767 ; -0.0398928 ; 0.0209124 ; 100.234;
9 ; 18 ; 20 ; 0.14106 ; -0.0902115 ; -0.0505184 ; 103.79;
10 ; 18 ; 20 ; 0.0752237 ; -0.0593518 ; -0.0650977 ; 101.305;
11 ; 18 ; 20 ; 0.0348106 ; -0.0200145 ; -0.0583029 ; 101.619;
12 ; 18 ; 20 ; 0.0568926 ; -0.0285049 ; -0.0528318 ; 103.378;
13 ; 18 ; 20 ; 0.0424456 ; 0.0318779 ; -0.0601487 ; 102.43;
14 ; 18 ; 20 ; 0.0790715 ; -0.0461283 ; -0.114985 ; 99.583;
15 ; 18 ; 20 ; 0.107097 ; -0.0605835 ; -0.0509041 ; 100.093;
16 ; 18 ; 20 ; 0.126241 ; -0.0531265 ; 0.0146655 ; 101.516;
17 ; 18 ; 20 ; 0.00354012 ; -0.051394 ; -0.0427412 ; 101.3;
18 ; 18 ; 20 ; 0.0352243 ; 0.0162178 ; -0.0371024 ; 101.63;
19 ; 18 ; 20 ; 0.0305934 ; 0.0179397 ; -0.0444383 ; 101.105;
20 ; 18 ; 20 ; 0.0297347 ; -0.0358867 ; -0.030221 ; 102.493;
21 ; 18 ; 20 ; 0.15222 ; -0.0272768 ; -0.0887912 ; 107.06;
4 ; 19 ; 20 ; 0.105618 ; 0.100459 ; -0.155347 ; 104.03;
5 ; 19 ; 20 ; 0.107214 ; -0.0370577 ; -0.0595862 ; 101.048;
6 ; 19 ; 20 ; 0.0994857 ; 0.0152379 ; -0.0466942 ; 102.073;
7 ; 19 ; 20 ; 0.077007 ; 0.0317197 ; -0.0980867 ; 101.47;
8 ; 19 ; 20 ; -0.0122553 ; 0.00337478 ; -0.141047 ; 103.7;
9 ; 19 ; 20 ; 0.00174704 ; 0.0739008 ; -0.00914572 ; 102.996;
10 ; 19 ; 20 ; 0.0178609 ; 0.0778695 ; -0.00730851 ; 102.758;
11 ; 19 ; 20 ; 0.0395208 ; 0.033794 ; -0.00330463 ; 103.001;
12 ; 19 ; 20 ; 0.00164838 ; -0.0695002 ; -0.0296076 ; 102.37;
13 ; 19 ; 20 ; 0.148733 ; -0.0380267 ; -0.0136308 ; 102.724;
14 ; 19 ; 20 ; 0.0929206 ; -0.0436879 ; -0.0102792 ; 103.446;
15 ; 19 ; 20 ; 0.0808069 ; -0.040395 ; 0.025306 ; 101.785;
16 ; 19 ; 20 ; 0.108576 ; -0.0712847 ; 0.131633 ; 100.94;
17 ; 19 ; 20 ; 0.108507 ; -0.000782545 ; -0.0173596 ; 102.541;
18 ; 19 ; 20 ; 0.0992236 ; 0.0101261 ; 0.0138801 ; 102.133;
19 ; 19 ; 20 ; 0.0895683 ; 0.0299048 ; 0.04045 ; 101.516;
20 ; 19 ; 20 ; 0.0989178 ; -0.00541242 ; 0.112685 ; 99.44;
21 ; 19 ; 20 ; 0.0438454 ; -0.0975265 ; 0.0727106 ; 105.66;
4 ; 20 ; 20 ; -0.0587679 ; 0.128731 ; -0.00979766 ; 103.95;
5 ; 20 ; 20 ; 0.0218656 ; -0.0534798 ; -0.0212772 ; 103.01;
6 ; 20 ; 20 ; 0.0772911 ; -0.0231435 ; -0.0296073 ; 102.616;
7 ; 20 ; 20 ; 0.0773947 ; -0.00876452 ; -0.0684643 ; 101.498;
8 ; 20 ; 20 ; 0.0515815 ; 0.011052 ; -0.118743 ; 102.045;
9 ; 20 ; 20 ; 0.0669861 ; -0.0658312 ; 0.00076048 ; 103.934;
10 ; 20 ; 20 ; 0.0471358 ; 0.0236539 ; -0.0110464 ; 102.897;
11 ; 20 ; 20 ; 0.0630255 ; 0.0301073 ; -0.0040778 ; 103.084;
12 ; 20 ; 20 ; 0.026769 ; -0.000463259 ; -0.0166737 ; 103.444;
13 ; 20 ; 20 ; 0.135167 ; -0.0555339 ; -0.0179623 ; 104.341;
14 ; 20 ; 20 ; 0.0955986 ; -0.0247918 ; -0.0176874 ; 103.65;
15 ; 20 ; 20 ; 0.072259 ; 0.00268881 ; 0.0172703 ; 101.411;
16 ; 20 ; 20 ; 0.104129 ; -0.0351011 ; 0.0840891 ; 100.487;
17 ; 20 ; 20 ; 0.1442 ; 0.0172775 ; -0.0424272 ; 101.376;
18 ; 20 ; 20 ; 0.102923 ; 0.0164752 ; -0.023315 ; 101.984;
19 ; 20 ; 20 ; 0.110187 ; 0.0274327 ; -0.0080852 ; 102.073;
20 ; 20 ; 20 ; 0.0707065 ; 0.034115 ; 0.0613108 ; 100.758;
21 ; 20 ; 20 ; 0.254523 ; 0.175381 ; 0.108298 ; 101.24;
4 ; 21 ; 20 ; 0.0878446 ; -0.0938625 ; -0.0206985 ; 104.93;
5 ; 21 ; 20 ; -0.047413 ; -0.0410755 ; 0.036824 ; 105.05;
6 ; 21 ; 20 ; 0.0705746 ; -0.0646662 ; -0.0318409 ; 102.708;
7 ; 21 ; 20 ; 0.0994456 ; -0.0459766 ; -0.0557411 ; 101.231;
8 ; 21 ; 20 ; 0.0894706 ; -0.00402881 ; -0.0592062 ; 99.1976;
9 ; 21 ; 20 ; 0.0702116 ; -0.172086 ; -0.0114982 ; 104.04;
10 ; 21 ; 20 ; 0.084749 ; -0.018638 ; -0.00422008 ; 103.108;
11 ; 21 ; 20 ; 0.0921801 ; 0.0383261 ; -0.00474033 ; 103.327;
12 ; 21 ; 20 ; 0.0750629 ; 0.0491888 ; 0.0250396 ; 103.841;
13 ; 21 ; 20 ; 0.111855 ; -0.0879707 ; -0.0184076 ; 104.56;
14 ; 21 ; 20 ; 0.120565 ; -0.00096212 ; -0.0235639 ; 103.839;
15 ; 21 ; 20 ; 0.0829283 ; 0.0415921 ; -0.000938825 ; 101.257;
16 ; 21 ; 20 ; 0.0737357 ; 0.00800524 ; 0.0333342 ; 98.9097;
17 ; 21 ; 20 ; 0.175189 ; 0.0350616 ; -0.00948267 ; 101.45;
18 ; 21 ; 20 ; 0.0951819 ; 0.0182252 ; -0.0713309 ; 101.719;
19 ; 21 ; 20 ; 0.112889 ; 0.0320874 ; -0.0636837 ; 102.793;
20 ; 21 ; 20 ; 0.0952395 ; 0.0476944 ; 0.0208074 ; 102.562;
21 ; 21 ; 20 ; 0.0153966 ; -0.00985995 ; 0.0330774 ; 98.85;
4 ; 4 ; 21 ; 0.0716019 ; 0.068751 ; 0.0899341 ; 96.4;
5 ; 4 ; 21 ; 0.0661592 ; 0.117357 ; -0.0341082 ; 102.78;
6 ; 4 ; 21 ; -0.0740605 ; 0.0520247 ; 0.138133 ; 102.93;
7 ; 4 ; 21 ; 0.09867 ; 0.118113 ; -0.0134352 ; 102.5;
8 ; 4 ; 21 ; 0.0175357 ; -0.0374693 ; -0.00796387 ; 102.08;
9 ; 4 ; 21 ; -0.0169251 ; -0.04625 ; 0.00816708 ; 100.69;
10 ; 4 ; 21 ; 0.111698 ; 0.156362 ; 0.0227788 ; 99.13;
11 ; 4 ; 21 ; 0.0295803 ; 0.0531747 ; 0.00588573 ; 105.79;
12 ; 4 ; 21 ; 0.10876 ; 0.0579626 ; -0.0652797 ; 98.79;
13 ; 4 ; 21 ; -0.0126968 ; -0.102023 ; 0.0631831 ; 103.74;
14 ; 4 ; 21 ; -0.014474 ; 0.0719972 ; 0.0181987 ; 96.16;
15 ; 4 ; 21 ; -0.0439042 ; -0.0956775 ; -0.0622938 ; 103.69;
16 ; 4 ; 21 ; 0.0820967 ; -0.105602 ; 0.0858862 ; 101.32;
17 ; 4 ; 21 ; 0.0695328 ; 0.00803311 ; -0.0880488 ; 103.82;
18 ; 4 ; 21 ; 0.0863523 ; 0.00307752 ; -0.118894 ; 106.01;
19 ; 4 ; 21 ; 0.0556332 ; 0.151975 ; -0.203 ; 99.7;
20 ; 4 ; 21 ; 0.126112 ; 0.0830108 ; -0.016663 ; 101.67;
21 ; 4 ; 21 ; -0.0466557 ; 0.135798 ; 0.0409643 ; 99.09;
4 ; 5 ; 21 ; -0.0492983 ; -0.00429905 ; 0.0717706 ; 100.26;
5 ; 5 ; 21 ; 0.0131795 ; 0.0945755 ; 0.0174812 ; 100.16;
6 ; 5 ; 21 ; -0.0351513 ; 0.0461535 ; 0.0989615 ; 101.346;
7 ; 5 ; 21 ; 0.0425027 ; 0.0580043 ; -0.00523279 ; 101.509;
8 ; 5 ; 21 ; -0.00787485 ; -0.0153719 ; -0.027394 ; 101.743;
9 ; 5 ; 21 ; -0.165319 ; 0.0987403 ; -0.0299329 ; 93.97;
10 ; 5 ; 21 ; 0.0259191 ; 0.117135 ; 0.00260245 ; 98.5421;
11 ; 5 ; 21 ; 0.0158194 ; 0.0458927 ; 0.00566445 ; 104.827;
12 ; 5 ; 21 ; 0.0509867 ; 0.0245547 ; -0.0382425 ; 99.5483;
13 ; 5 ; 21 ; -0.0606911 ; -0.0969191 ; -0.00145955 ; 102.15;
14 ; 5 ; 21 ; 0.00339275 ; 0.017721 ; -0.00863101 ; 98.9197;
15 ; 5 ; 21 ; 0.0578977 ; -0.033556 ; -0.0377514 ; 103.14;
16 ; 5 ; 21 ; 0.110574 ; -0.0614344 ; 0.0743822 ; 101.592;
17 ; 5 ; 21 ; 0.0806902 ; 0.00762612 ; -0.0201703 ; 94.21;
18 ; 5 ; 21 ; 0.0665863 ; 0.00208893 ; -0.0699124 ; 102.285;
19 ; 5 ; 21 ; 0.0423364 ; 0.097134 ; -0.141324 ; 101.341;
20 ; 5 ; 21 ; 0.111082 ; 0.0899025 ; -0.0535551 ; 101.437;
21 ; 5 ; 21 ; 0.112009 ; -0.0975074 ; -0.136284 ; 102.36;
4 ; 6 ; 21 ; 0.0673047 ; -0.143927 ; 0.0167773 ; 96.56;
5 ; 6 ; 21 ; 0.158148 ; 0.110504 ; 0.0443936 ; 97.57;
6 ; 6 ; 21 ; 0.067995 ; 0.0138635 ; 0.0259979 ; 100.15;
7 ; 6 ; 21 ; 0.0341695 ; -0.050175 ; 0.00583405 ; 101.81;
8 ; 6 ; 21 ; 0.0318834 ; 0.019083 ; -0.015725 ; 100.636;
9 ; 6 ; 21 ; -0.0551534 ; -0.141013 ; 0.0326891 ; 103.7;
10 ; 6 ; 21 ; 0.00350318 ; -0.00919732 ; -0.00984729 ; 100.261;
11 ; 6 ; 21 ; 0.0763373 ; 0.0178558 ; -0.00996272 ; 102.358;
12 ; 6 ; 21 ; -0.00617725 ; 0.000941727 ; -0.0302456 ; 100.792;
13 ; 6 ; 21 ; 0.0521703 ; -0.129398 ; 0.141881 ; 106.89;
14 ; 6 ; 21 ; 0.0374656 ; -0.0387164 ; 0.0476149 ; 103.178;
15 ; 6 ; 21 ; 0.143281 ; 0.0765485 ; 0.0350987 ; 102.44;
16 ; 6 ; 21 ; 0.141736 ; 0.01936 ; 0.0247035 ; 101.728;
17 ; 6 ; 21 ; 0.102202 ; 0.143708 ; -0.0122179 ; 98.21;
18 ; 6 ; 21 ; 0.0508102 ; 0.0584928 ; -0.00675818 ; 98.3628;
19 ; 6 ; 21 ; 0.00862227 ; 0.0314012 ; -0.0707179 ; 103.335;
20 ; 6 ; 21 ; 0.0440642 ; 0.0363339 ; -0.0936285 ; 102.516;
21 ; 6 ; 21 ; 0.0888035 ; -0.114384 ; 0.147701 ; 101.83;
4 ; 7 ; 21 ; -0.103738 ; -0.12766 ; 0.154538 ; 101.86;
5 ; 7 ; 21 ; 0.0152934 ; -0.0207264 ; 0.00725855 ; 101.67;
6 ; 7 ; 21 ; 0.0726303 ; -0.137201 ; -0.126879 ; 104.47;
7 ; 7 ; 21 ; 0.15879 ; 0.149283 ; 0.0976995 ; 101.61;
8 ; 7 ; 21 ; 0.197003 ; 0.00186496 ; -0.0766499 ; 104.06;
9 ; 7 ; 21 ; 0.315787 ; -0.0768028 ; -0.127741 ; 105.08;
10 ; 7 ; 21 ; 0.114183 ; 0.0488105 ; -0.179443 ; 99.55;
11 ; 7 ; 21 ; 0.0426084 ; -0.0309666 ; -0.0668882 ; 105.17;
12 ; 7 ; 21 ; 0.176319 ; 0.0014439 ; -0.00914075 ; 101.68;
13 ; 7 ; 21 ; 0.0369309 ; -0.0214936 ; -0.126916 ; 97.9;
14 ; 7 ; 21 ; 0.138595 ; 0.0707783 ; -0.106034 ; 102.79;
15 ; 7 ; 21 ; 0.119087 ; 0.109745 ; 0.0554007 ; 101.65;
16 ; 7 ; 21 ; 0.110184 ; 0.0792131 ; 0.0925029 ; 99.61;
17 ; 7 ; 21 ; 0.176039 ; 0.0744749 ; 0.144445 ; 102.5;
18 ; 7 ; 21 ; 0.0710325 ; -0.0362891 ; 0.0637822 ; 103.81;
19 ; 7 ; 21 ; 0.153141 ; -0.0380319 ; 0.0600183 ; 99.6;
20 ; 7 ; 21 ; 0.209617 ; -0.117411 ; -0.0526696 ; 101.58;
21 ; 7 ; 21 ; -0.0187514 ; -0.0185525 ; -0.109831 ; 98.9;
4 ; 8 ; 21 ; -0.0696963 ; -0.0717891 ; -0.142007 ; 100.48;
5 ; 8 ; 21 ; -0.0563037 ; 0.0062109 ; 0.0299557 ; 101.05;
6 ; 8 ; 21 ; 0.0195442 ; -0.0721284 ; -0.0131151 ; 101.812;
7 ; 8 ; 21 ; 0.0650844 ; 0.0765032 ; 0.128093 ; 100.105;
8 ; 8 ; 21 ; 0.0990808 ; 0.0122434 ; -0.0365081 ; 102.711;
9 ; 8 ; 21 ; -0.000195838 ; 0.122595 ; -0.118112 ; 100.74;
10 ; 8 ; 21 ; 0.0791685 ; 0.0596638 ; -0.124061 ; 99.5507;
11 ; 8 ; 21 ; 0.0810518 ; -0.0332948 ; -0.0794646 ; 102.988;
12 ; 8 ; 21 ; 0.168977 ; -0.0272023 ; -0.0592616 ; 100.823;
13 ; 8 ; 21 ; 0.216568 ; -0.0124544 ; -0.0750918 ; 108.82;
14 ; 8 ; 21 ; 0.154934 ; 0.02332 ; -0.050229 ; 104.249;
15 ; 8 ; 21 ; 0.142295 ; 0.0528268 ; 0.0403 ; 102.162;
16 ; 8 ; 21 ; 0.150949 ; 0.0729548 ; 0.0127724 ; 101.259;
17 ; 8 ; 21 ; 0.00545676 ; 0.0715377 ; -0.0616717 ; 102.65;
18 ; 8 ; 21 ; 0.0587569 ; 0.0376291 ; 0.0263191 ; 102.124;
19 ; 8 ; 21 ; 0.122473 ; 0.0250378 ; 0.049799 ; 99.1666;
20 ; 8 ; 21 ; 0.160189 ; -0.0799409 ; -0.0289446 ; 101.284;
21 ; 8 ; 21 ; 0.0484096 ; -0.046938 ; -0.0138309 ; 99.76;
4 ; 9 ; 21 ; 0.12105 ; -0.176973 ; 0.0458638 ; 102.96;
5 ; 9 ; 21 ; 0.163679 ; -0.0686608 ; 0.00601924 ; 102.11;
6 ; 9 ; 21 ; 0.0266093 ; -0.00727997 ; 0.0871728 ; 99.8361;
7 ; 9 ; 21 ; -0.0147667 ; -0.00182534 ; 0.12305 ; 99.0859;
8 ; 9 ; 21 ; -0.020425 ; 0.0129125 ; 0.0258163 ; 100.554;
9 ; 9 ; 21 ; 0.124788 ; -0.0152961 ; -0.0531052 ; 102.59;
10 ; 9 ; 21 ; 0.0625295 ; 0.0483174 ; -0.0393228 ; 101.214;
11 ; 9 ; 21 ; 0.0818771 ; -0.0304953 ; -0.0534368 ; 100.85;
12 ; 9 ; 21 ; 0.0834328 ; -0.0843764 ; -0.0883433 ; 99.5084;
13 ; 9 ; 21 ; 0.160648 ; 0.00759697 ; 0.0944063 ; 101.5;
14 ; 9 ; 21 ; 0.159033 ; 0.00465139 ; 0.025797 ; 103.632;
15 ; 9 ; 21 ; 0.113217 ; 0.0344349 ; -0.0116458 ; 102.058;
16 ; 9 ; 21 ; 0.107657 ; 0.0483277 ; -0.10397 ; 102.562;
17 ; 9 ; 21 ; 0.0618589 ; 0.0559795 ; -0.0142418 ; 101.81;
18 ; 9 ; 21 ; 0.0798938 ; 0.0805808 ; -0.0396989 ; 101.496;
19 ; 9 ; 21 ; 0.146262 ; 0.0432103 ; 0.0103093 ; 100.639;
20 ; 9 ; 21 ; 0.147618 ; -0.0323944 ; 0.0172178 ; 101.542;
21 ; 9 ; 21 ; 0.0972825 ; 0.0847886 ; -0.0615499 ; 106.75;
4 ; 10 ; 21 ; 0.190456 ; -0.126901 ; -0.0868418 ; 102.15;
5 ; 10 ; 21 ; 0.143619 ; -0.0456101 ; 0.00709464 ; 104.5;
6 ; 10 ; 21 ; 0.121558 ; -0.0312843 ; 0.052353 ; 102.427;
7 ; 10 ; 21 ; 0.118682 ; 0.00525914 ; 0.0830447 ; 101.088;
8 ; 10 ; 21 ; 0.111883 ; -0.0134785 ; 0.0236055 ; 101.11;
9 ; 10 ; 21 ; -0.074739 ; 0.0545455 ; 0.0155833 ; 101.92;
10 ; 10 ; 21 ; 0.0369113 ; 0.00480781 ; 0.00567569 ; 103.082;
11 ; 10 ; 21 ; 0.0459363 ; -0.0373576 ; 0.0228202 ; 102.893;
12 ; 10 ; 21 ; 0.00401914 ; -0.0544123 ; -0.0099493 ; 101.937;
13 ; 10 ; 21 ; 0.166528 ; -0.188827 ; 0.0374193 ; 103.31;
14 ; 10 ; 21 ; 0.140883 ; -0.0154616 ; 0.0083432 ; 101.436;
15 ; 10 ; 21 ; 0.0626802 ; 0.0703673 ; -0.0628273 ; 101.02;
16 ; 10 ; 21 ; 0.0217757 ; 0.0332196 ; -0.0800479 ; 100.605;
17 ; 10 ; 21 ; 0.00635829 ; -0.0295903 ; 0.0124688 ; 97.38;
18 ; 10 ; 21 ; 0.118964 ; 0.0188799 ; -0.0435239 ; 100.677;
19 ; 10 ; 21 ; 0.206637 ; -0.00662761 ; -0.0405521 ; 101.284;
20 ; 10 ; 21 ; 0.172598 ; -0.0247446 ; -0.0113888 ; 101.216;
21 ; 10 ; 21 ; 0.0306598 ; -0.108696 ; -0.195604 ; 99.31;
4 ; 11 ; 21 ; 0.171917 ; 0.00424753 ; 0.0190725 ; 103.96;
5 ; 11 ; 21 ; 0.187558 ; 0.0603677 ; -0.0520785 ; 98.8;
6 ; 11 ; 21 ; 0.133068 ; 0.0342036 ; 0.0140677 ; 101.011;
7 ; 11 ; 21 ; 0.156155 ; 0.0476276 ; 0.0281058 ; 100.461;
8 ; 11 ; 21 ; 0.181119 ; 0.00862152 ; 0.00644809 ; 101.782;
9 ; 11 ; 21 ; 0.120496 ; 0.047798 ; -0.147728 ; 97.93;
10 ; 11 ; 21 ; 0.0107086 ; -0.0188346 ; -0.0228746 ; 102.386;
11 ; 11 ; 21 ; 0.0555817 ; -0.0307372 ; 0.0383291 ; 103.117;
12 ; 11 ; 21 ; 0.042767 ; 0.0130144 ; 0.0278044 ; 102.709;
13 ; 11 ; 21 ; 0.0607428 ; 0.124162 ; -0.00775513 ; 101.53;
14 ; 11 ; 21 ; 0.136438 ; -0.01806 ; -0.0400535 ; 102.166;
15 ; 11 ; 21 ; 0.121887 ; 0.021368 ; -0.0850793 ; 101.75;
16 ; 11 ; 21 ; 0.0741184 ; -3.14679e-05 ; -0.0302032 ; 99.385;
17 ; 11 ; 21 ; -0.0509903 ; 0.0573617 ; -0.00471806 ; 97.45;
18 ; 11 ; 21 ; 0.0585101 ; 0.0049499 ; 0.0124335 ; 98.1737;
19 ; 11 ; 21 ; 0.118296 ; -0.00137362 ; -0.0113031 ; 100.396;
20 ; 11 ; 21 ; 0.0787974 ; -0.00767346 ; -0.0488749 ; 101.012;
21 ; 11 ; 21 ; 0.0828274 ; -0.0198602 ; -0.146549 ; 104.59;
4 ; 12 ; 21 ; 0.134919 ; 0.157542 ; 0.0343962 ; 103.29;
5 ; 12 ; 21 ; 0.106454 ; -0.0231738 ; 0.0526273 ; 103.42;
6 ; 12 ; 21 ; 0.0869429 ; 0.101082 ; -0.0552909 ; 99.8497;
7 ; 12 ; 21 ; 0.00808556 ; 0.110608 ; -0.0793673 ; 101.4;
8 ; 12 ; 21 ; 0.0364998 ; 0.0479854 ; 0.0240081 ; 103.445;
9 ; 12 ; 21 ; 0.0525917 ; -0.082386 ; 0.0511017 ; 96.08;
10 ; 12 ; 21 ; 0.0752969 ; -0.0271451 ; -0.0518955 ; 100.35;
11 ; 12 ; 21 ; 0.040474 ; 0.0171703 ; 0.00897256 ; 101.52;
12 ; 12 ; 21 ; 0.0173492 ; 0.0436786 ; 0.0577031 ; 99.8739;
13 ; 12 ; 21 ; 0.0423875 ; 0.134962 ; 0.0536697 ; 103.72;
14 ; 12 ; 21 ; 0.102721 ; 0.0830429 ; -0.00168287 ; 102.628;
15 ; 12 ; 21 ; 0.146972 ; -0.00598858 ; -0.0522492 ; 102.727;
16 ; 12 ; 21 ; 0.131286 ; -0.0370293 ; -0.0631891 ; 101.798;
17 ; 12 ; 21 ; 0.225322 ; 0.0903138 ; 0.0330152 ; 99.02;
18 ; 12 ; 21 ; 0.0628157 ; -0.00438025 ; 0.0518697 ; 98.7906;
19 ; 12 ; 21 ; 0.0542462 ; -0.00863156 ; 0.046128 ; 101.171;
20 ; 12 ; 21 ; 0.0665853 ; 0.0442551 ; -0.0667999 ; 102.393;
21 ; 12 ; 21 ; -0.0116803 ; 0.0222997 ; 0.0226568 ; 99.71;
4 ; 13 ; 21 ; 0.0240584 ; 0.0349098 ; -0.0707487 ; 100.16;
5 ; 13 ; 21 ; 0.0945862 ; 0.0195866 ; -0.127302 ; 98.91;
6 ; 13 ; 21 ; 0.147164 ; 0.0560018 ; 0.246693 ; 100.23;
7 ; 13 ; 21 ; -0.0318373 ; -0.161889 ; 0.0212261 ; 100.39;
8 ; 13 ; 21 ; 0.0279572 ; 0.0248506 ; -0.0304645 ; 102.52;
9 ; 13 ; 21 ; 0.0560129 ; -0.0541513 ; -0.062429 ; 99.96;
10 ; 13 ; 21 ; 0.269315 ; -0.0266611 ; -0.197808 ; 97.47;
11 ; 13 ; 21 ; 0.160146 ; 0.12263 ; 0.134598 ; 99.92;
12 ; 13 ; 21 ; 0.0304686 ; -0.00975285 ; 0.119659 ; 101.07;
13 ; 13 ; 21 ; 0.112899 ; 0.0490716 ; 0.0187612 ; 98.91;
14 ; 13 ; 21 ; -0.0408574 ; 0.0741651 ; 0.104904 ; 94.55;
15 ; 13 ; 21 ; 0.0722306 ; -0.0406664 ; 0.0678592 ; 96.92;
16 ; 13 ; 21 ; -0.0369965 ; -0.0221437 ; -0.13326 ; 96.97;
17 ; 13 ; 21 ; 0.076787 ; -0.00334118 ; 0.0237726 ; 106;
18 ; 13 ; 21 ; 0.226275 ; 0.0116971 ; -0.052706 ; 103.58;
19 ; 13 ; 21 ; 0.174749 ; 0.156735 ; -0.0340731 ; 102.58;
20 ; 13 ; 21 ; -0.0157978 ; -0.0269281 ; -0.0579826 ; 100.32;
21 ; 13 ; 21 ; 0.0900497 ; 0.0245796 ; -0.0122995 ; 95.68;
4 ; 14 ; 21 ; 0.0867697 ; 0.0575846 ; -0.00365964 ; 99.54;
5 ; 14 ; 21 ; 0.326956 ; -0.0623439 ; -0.00783559 ; 96.97;
6 ; 14 ; 21 ; 0.204625 ; 0.00349086 ; 0.136613 ; 99.8881;
7 ; 14 ; 21 ; 0.0581194 ; -0.120188 ; 0.030511 ; 100.439;
8 ; 14 ; 21 ; 0.0709123 ; 0.0040162 ; -0.00507767 ; 101.23;
9 ; 14 ; 21 ; 0.0630817 ; 0.00812636 ; -0.0369917 ; 104.09;
10 ; 14 ; 21 ; 0.202494 ; 0.0140087 ; -0.134403 ; 99.9488;
11 ; 14 ; 21 ; 0.167359 ; 0.0787977 ; 0.0831932 ; 101.452;
12 ; 14 ; 21 ; 0.0701643 ; 0.00676241 ; 0.105207 ; 102.823;
13 ; 14 ; 21 ; 0.0133671 ; -0.0143589 ; -0.0151467 ; 102.08;
14 ; 14 ; 21 ; -0.00715171 ; 0.0485747 ; 0.0218003 ; 97.5993;
15 ; 14 ; 21 ; 0.0822823 ; -0.0114705 ; -0.0433961 ; 98.2637;
16 ; 14 ; 21 ; 0.0353956 ; -0.0363106 ; -0.115553 ; 98.1369;
17 ; 14 ; 21 ; 0.109902 ; 0.0607571 ; -0.020825 ; 104.24;
18 ; 14 ; 21 ; 0.189587 ; 0.0243354 ; -0.0280769 ; 103.654;
19 ; 14 ; 21 ; 0.156418 ; 0.101477 ; -0.0285784 ; 102.639;
20 ; 14 ; 21 ; 0.00532101 ; 0.0532423 ; -0.0757089 ; 99.8929;
21 ; 14 ; 21 ; 0.0669349 ; 0.101771 ; -0.163296 ; 103.29;
4 ; 15 ; 21 ; 0.0693505 ; -0.15421 ; -0.103768 ; 101.18;
5 ; 15 ; 21 ; 0.0744071 ; -0.0432118 ; -0.0568391 ; 105.18;
6 ; 15 ; 21 ; 0.186324 ; -0.0614692 ; -0.0503632 ; 101.997;
7 ; 15 ; 21 ; 0.118306 ; -0.0506248 ; -0.0344585 ; 101.373;
8 ; 15 ; 21 ; 0.116744 ; 0.00754847 ; -0.0103462 ; 100.271;
9 ; 15 ; 21 ; 0.0857538 ; 0.101705 ; 0.166037 ; 102.67;
10 ; 15 ; 21 ; 0.102285 ; 0.0435154 ; 0.0398092 ; 101.969;
11 ; 15 ; 21 ; 0.103115 ; -0.00630806 ; 0.0491644 ; 101.852;
12 ; 15 ; 21 ; 0.0719842 ; 0.0259218 ; 0.0514857 ; 104.157;
13 ; 15 ; 21 ; 0.199835 ; -0.0200612 ; -0.183647 ; 104.57;
14 ; 15 ; 21 ; 0.0624149 ; 0.0180205 ; -0.0902105 ; 102.989;
15 ; 15 ; 21 ; 0.0447267 ; -0.0163513 ; -0.057766 ; 101.727;
16 ; 15 ; 21 ; 0.0775767 ; -0.0923996 ; -0.00357945 ; 101.366;
17 ; 15 ; 21 ; -0.0598187 ; 0.0121778 ; -0.202371 ; 103.73;
18 ; 15 ; 21 ; 0.083938 ; -0.0217587 ; -0.0374675 ; 103.078;
19 ; 15 ; 21 ; 0.132289 ; -0.043142 ; -0.0180639 ; 101.842;
20 ; 15 ; 21 ; 0.0882077 ; 0.0968668 ; -0.0775545 ; 100.079;
21 ; 15 ; 21 ; 0.0440434 ; 0.115656 ; 0.108675 ; 103.25;
4 ; 16 ; 21 ; -0.010359 ; 0.0288727 ; 0.103264 ; 106.45;
5 ; 16 ; 21 ; -0.0530245 ; -0.0902099 ; 0.178911 ; 99.96;
6 ; 16 ; 21 ; 0.0505809 ; -0.0684714 ; -0.0355347 ; 103.514;
7 ; 16 ; 21 ; 0.0722445 ; -0.0524353 ; -0.0699797 ; 101.886;
8 ; 16 ; 21 ; 0.102916 ; -0.0221655 ; -0.0175471 ; 100.09;
9 ; 16 ; 21 ; 0.168569 ; -0.0751691 ; -0.0437396 ; 102.16;
10 ; 16 ; 21 ; 0.066451 ; 0.00273887 ; 0.0990668 ; 100.907;
11 ; 16 ; 21 ; -0.017066 ; -0.0263335 ; 0.0554273 ; 98.9832;
12 ; 16 ; 21 ; 0.020948 ; 0.00512989 ; 0.00173967 ; 100.853;
13 ; 16 ; 21 ; 0.171085 ; 0.167786 ; -0.0197985 ; 96.94;
14 ; 16 ; 21 ; 0.112229 ; 0.0482212 ; -0.0835071 ; 102.28;
15 ; 16 ; 21 ; -0.00244102 ; -0.0433112 ; 0.0428335 ; 103.291;
16 ; 16 ; 21 ; -0.00758346 ; -0.109124 ; 0.0833397 ; 103.387;
17 ; 16 ; 21 ; 0.0019401 ; -0.0262869 ; -0.0027709 ; 97.13;
18 ; 16 ; 21 ; 0.00701792 ; -0.0596614 ; -0.0163673 ; 100.595;
19 ; 16 ; 21 ; 0.0981166 ; -0.0630401 ; 0.0243882 ; 101.193;
20 ; 16 ; 21 ; 0.126325 ; 0.0337275 ; 0.00350672 ; 101.778;
21 ; 16 ; 21 ; 0.152672 ; 0.051743 ; 0.142508 ; 97.58;
4 ; 17 ; 21 ; -0.0453843 ; -0.0706509 ; -0.0677744 ; 95.01;
5 ; 17 ; 21 ; 0.114107 ; 0.113468 ; -0.0218454 ; 99.25;
6 ; 17 ; 21 ; 0.0388372 ; -0.0542595 ; 0.052424 ; 100.554;
7 ; 17 ; 21 ; 0.0781901 ; -0.112609 ; 0.0167919 ; 101.061;
8 ; 17 ; 21 ; 0.0701736 ; -0.0947989 ; -0.00261646 ; 100.592;
9 ; 17 ; 21 ; 0.170414 ; -0.0100907 ; -0.103226 ; 106.27;
10 ; 17 ; 21 ; 0.0848287 ; 0.00399499 ; -0.0200279 ; 102.526;
11 ; 17 ; 21 ; 0.0138942 ; 0.0145059 ; -0.00254744 ; 98.7261;
12 ; 17 ; 21 ; 0.0639017 ; -0.023527 ; 0.00529148 ; 99.3557;
13 ; 17 ; 21 ; 0.053819 ; 0.0596905 ; 0.028423 ; 101.9;
14 ; 17 ; 21 ; 0.0881018 ; 0.0684672 ; -0.0109541 ; 99.8468;
15 ; 17 ; 21 ; 0.0214007 ; -0.00769326 ; 0.00481166 ; 101.674;
16 ; 17 ; 21 ; -0.0139686 ; -0.0398271 ; 0.0214305 ; 102.579;
17 ; 17 ; 21 ; 0.060009 ; -0.0720842 ; -0.013061 ; 104.97;
18 ; 17 ; 21 ; 0.00998835 ; -0.0369865 ; 0.0290595 ; 100.698;
19 ; 17 ; 21 ; 0.0133012 ; -0.0172679 ; 0.0195866 ; 101.883;
20 ; 17 ; 21 ; 0.0830966 ; -0.0236488 ; 0.0629326 ; 101.7;
21 ; 17 ; 21 ; 0.24703 ; -0.0467118 ; 0.00598845 ; 97.26;
4 ; 18 ; 21 ; -0.0611286 ; -0.0275643 ; 0.131926 ; 98.03;
5 ; 18 ; 21 ; -0.00771324 ; 0.0933913 ; 0.0130404 ; 100.62;
6 ; 18 ; 21 ; 0.0486101 ; -0.0015248 ; 0.0517496 ; 99.8841;
7 ; 18 ; 21 ; 0.084921 ; -0.118491 ; 0.0349268 ; 100.124;
8 ; 18 ; 21 ; 0.0835432 ; -0.089659 ; -0.0596965 ; 100.872;
9 ; 18 ; 21 ; 0.142982 ; 0.114526 ; 0.0660115 ; 103.05;
10 ; 18 ; 21 ; 0.114853 ; 0.0699527 ; -0.00191883 ; 104.3;
11 ; 18 ; 21 ; 0.103262 ; 0.0657409 ; 0.00734903 ; 101.309;
12 ; 18 ; 21 ; 0.119507 ; 0.00524977 ; 0.0107677 ; 100.58;
13 ; 18 ; 21 ; 0.0228294 ; 0.019274 ; -0.0483577 ; 101.51;
14 ; 18 ; 21 ; 0.0687552 ; 0.0472767 ; -0.0144245 ; 102.164;
15 ; 18 ; 21 ; 0.0801037 ; 0.0394067 ; -0.0218057 ; 102.906;
16 ; 18 ; 21 ; 0.0585538 ; 0.0232477 ; -0.0281133 ; 102.593;
17 ; 18 ; 21 ; 0.18077 ; 0.0455724 ; 0.0707891 ; 102.06;
18 ; 18 ; 21 ; 0.0517284 ; -0.0178599 ; 0.00264932 ; 102.756;
19 ; 18 ; 21 ; -0.015996 ; 0.0106998 ; -0.036446 ; 101.705;
20 ; 18 ; 21 ; 0.0771954 ; -0.0165019 ; 0.0423482 ; 99.7697;
21 ; 18 ; 21 ; 0.073948 ; 0.0972673 ; 0.00394564 ; 104.22;
4 ; 19 ; 21 ; -0.000319619 ; 0.0737936 ; 0.163088 ; 101.83;
5 ; 19 ; 21 ; 0.0882445 ; -0.0524084 ; 0.0132427 ; 103.2;
6 ; 19 ; 21 ; 0.036724 ; 0.0224217 ; -0.00506561 ; 102.58;
7 ; 19 ; 21 ; 0.0798901 ; 0.121345 ; -0.121452 ; 98.31;
8 ; 19 ; 21 ; 0.116968 ; -0.107344 ; -0.00625273 ; 104.69;
9 ; 19 ; 21 ; 0.0590718 ; -0.0351522 ; 0.0984071 ; 98.62;
10 ; 19 ; 21 ; 0.208208 ; 0.0349203 ; 0.0549489 ; 103.09;
11 ; 19 ; 21 ; 0.139833 ; -0.0151004 ; 0.156102 ; 96.28;
12 ; 19 ; 21 ; -0.00164476 ; 0.00660422 ; -0.0164335 ; 104.73;
13 ; 19 ; 21 ; 0.072745 ; -0.0435721 ; 0.0315047 ; 100.05;
14 ; 19 ; 21 ; 0.116366 ; 0.031789 ; 0.0486387 ; 106.52;
15 ; 19 ; 21 ; 0.0153949 ; 0.0442705 ; 0.132472 ; 101.4;
16 ; 19 ; 21 ; -0.0674481 ; 0.0538525 ; -0.119342 ; 103.15;
17 ; 19 ; 21 ; 0.0212637 ; -0.0616465 ; 0.152119 ; 98.04;
18 ; 19 ; 21 ; 0.140792 ; 0.0828025 ; 0.204942 ; 98.52;
19 ; 19 ; 21 ; 0.116744 ; 0.0379348 ; -0.0397246 ; 102.06;
20 ; 19 ; 21 ; 0.0313878 ; 0.016212 ; -0.0226844 ; 95.64;
21 ; 19 ; 21 ; 0.207643 ; 0.108931 ; -0.0778744 ; 103.93;
4 ; 20 ; 21 ; -0.106101 ; -0.073935 ; 0.116222 ; 106.35;
5 ; 20 ; 21 ; -0.0897683 ; -0.0460879 ; -0.0481799 ; 98.46;
6 ; 20 ; 21 ; 0.0161685 ; -0.00317202 ; -0.0486642 ; 101.112;
7 ; 20 ; 21 ; 0.0600143 ; 0.0523828 ; -0.104681 ; 100.338;
8 ; 20 ; 21 ; 0.066515 ; -0.0831138 ; 0.00934227 ; 105.468;
9 ; 20 ; 21 ; 0.132153 ; 0.116337 ; 0.0775797 ; 102.35;
10 ; 20 ; 21 ; 0.183356 ; 0.0416563 ; 0.0403691 ; 101.271;
11 ; 20 ; 21 ; 0.10416 ; -0.0171757 ; 0.117818 ; 96.8914;
12 ; 20 ; 21 ; -0.0159024 ; -0.0301648 ; 0.0334728 ; 102.941;
13 ; 20 ; 21 ; 0.19264 ; -0.00923074 ; 0.113171 ; 99.97;
14 ; 20 ; 21 ; 0.103767 ; -0.00171733 ; 0.0427301 ; 103.624;
15 ; 20 ; 21 ; 0.00893546 ; -0.0227145 ; 0.0523181 ; 100.134;
16 ; 20 ; 21 ; 0.0177038 ; 0.0281503 ; -0.0755968 ; 102.069;
17 ; 20 ; 21 ; 0.0460978 ; -0.0534276 ; 0.024423 ; 103.59;
18 ; 20 ; 21 ; 0.109377 ; 0.0239664 ; 0.131989 ; 101.236;
19 ; 20 ; 21 ; 0.0768377 ; 0.0153384 ; 0.0181573 ; 103.324;
20 ; 20 ; 21 ; 0.00603215 ; 0.0094419 ; -0.019631 ; 99.0179;
21 ; 20 ; 21 ; 0.0429738 ; -0.0521002 ; -0.052627 ; 104.58;
4 ; 21 ; 21 ; 0.0638067 ; 0.00951497 ; 0.0676721 ; 101.23;
5 ; 21 ; 21 ; 0.0213108 ; 0.0907793 ; 0.0392579 ; 96.77;
6 ; 21 ; 21 ; -0.00311023 ; -0.00577949 ; -0.0398337 ; 99.1647;
7 ; 21 ; 21 ; 0.0334727 ; -0.0181471 ; -0.0537468 ; 101.684;
8 ; 21 ; 21 ; 0.0462505 ; -0.035619 ; -0.0282235 ; 102.918;
9 ; 21 ; 21 ; -0.0748469 ; -0.000509452 ; 0.193149 ; 100.72;
10 ; 21 ; 21 ; 0.0561351 ; 0.0464043 ; 0.0472573 ; 99.6842;
11 ; 21 ; 21 ; 0.0388261 ; -0.0144741 ; 0.027868 ; 99.9418;
12 ; 21 ; 21 ; 0.0161291 ; -0.125145 ; 0.0725056 ; 102.638;
13 ; 21 ; 21 ; -0.0332104 ; -0.157966 ; 0.0202356 ; 101.43;
14 ; 21 ; 21 ; 0.0573984 ; -0.0466505 ; -0.0165568 ; 102.175;
15 ; 21 ; 21 ; 0.0444986 ; -0.046103 ; -0.0596478 ; 101.508;
16 ; 21 ; 21 ; 0.0942204 ; 0.00673621 ; 0.0132949 ; 101.084;
17 ; 21 ; 21 ; 0.0410855 ; 0.0364369 ; 0.00843955 ; 102.83;
18 ; 21 ; 21 ; 0.0836779 ; -0.0352144 ; 0.0222501 ; 103.609;
19 ; 21 ; 21 ; 0.0860291 ; -0.0161787 ; 0.0500664 ; 102.953;
20 ; 21 ; 21 ; 0.0243057 ; 0.0302628 ; 0.0355642 ; 100.661;
21 ; 21 ; 21 ; 0.094031 ; -0.00426581 ; -0.072625 ; 96.47;
