4 ; 4 ; 4 ; 0.884209 ; -0.0119783 ; -0.0118487 ; 101.805;
5 ; 4 ; 4 ; 0.877662 ; -0.00190435 ; -5.04288e-05 ; 101.339;
6 ; 4 ; 4 ; 0.866027 ; -0.00808326 ; 0.0134077 ; 101.749;
7 ; 4 ; 4 ; 0.867756 ; 0.0118097 ; 0.0197246 ; 101.743;
8 ; 4 ; 4 ; 0.861321 ; 0.00825624 ; -0.00605514 ; 102.131;
9 ; 4 ; 4 ; 0.862094 ; 0.00234254 ; -0.00114098 ; 100.934;
10 ; 4 ; 4 ; 0.855124 ; 0.00432263 ; -0.0107259 ; 101.443;
11 ; 4 ; 4 ; 0.857001 ; 0.0195247 ; 0.0124442 ; 101.899;
12 ; 4 ; 4 ; 0.869717 ; -0.00177109 ; 0.000969172 ; 101.679;
13 ; 4 ; 4 ; 0.854773 ; 0.0152035 ; 0.00298958 ; 101.29;
14 ; 4 ; 4 ; 0.86719 ; 0.00455369 ; -0.011399 ; 102.036;
15 ; 4 ; 4 ; 0.876007 ; 0.00227512 ; 0.0176688 ; 101.536;
16 ; 4 ; 4 ; 0.856711 ; 0.00982378 ; 0.0166299 ; 101.857;
17 ; 4 ; 4 ; 0.871796 ; -0.00276047 ; 0.0155414 ; 101.835;
18 ; 4 ; 4 ; 0.877762 ; -0.0135241 ; 0.00983836 ; 101.655;
19 ; 4 ; 4 ; 0.880878 ; -0.0145581 ; -0.0167967 ; 101.099;
20 ; 4 ; 4 ; 0.858254 ; -0.00372847 ; 0.00300908 ; 101.42;
21 ; 4 ; 4 ; 0.886811 ; -0.00274241 ; 0.00698343 ; 101.797;
4 ; 5 ; 4 ; 0.876168 ; 0.00529252 ; 0.0206091 ; 101.855;
5 ; 5 ; 4 ; 0.87092 ; 0.00976775 ; -0.004513 ; 100.596;
6 ; 5 ; 4 ; 0.847245 ; -0.0106734 ; -0.00305151 ; 101.741;
7 ; 5 ; 4 ; 0.875415 ; 0.00631367 ; 0.0155651 ; 100.987;
8 ; 5 ; 4 ; 0.873531 ; 0.0172435 ; 0.00713491 ; 101.382;
9 ; 5 ; 4 ; 0.858345 ; -0.00521244 ; -0.0130889 ; 101.441;
10 ; 5 ; 4 ; 0.852563 ; -0.00657534 ; 0.0155472 ; 100.964;
11 ; 5 ; 4 ; 0.868478 ; -0.0048384 ; 0.00731354 ; 101.833;
12 ; 5 ; 4 ; 0.858576 ; -0.0117967 ; -0.000387912 ; 101.072;
13 ; 5 ; 4 ; 0.87819 ; -0.01365 ; -0.00374362 ; 100.994;
14 ; 5 ; 4 ; 0.873802 ; -0.00972353 ; 0.0280346 ; 101.795;
15 ; 5 ; 4 ; 0.867015 ; -0.0158211 ; -0.00285386 ; 101.167;
16 ; 5 ; 4 ; 0.854294 ; 0.00936635 ; 0.00843413 ; 100.934;
17 ; 5 ; 4 ; 0.878534 ; -0.0131057 ; 0.00380823 ; 101.43;
18 ; 5 ; 4 ; 0.858469 ; -0.00745872 ; 0.00225682 ; 101.604;
19 ; 5 ; 4 ; 0.860519 ; -0.0243191 ; -0.00387429 ; 101.668;
20 ; 5 ; 4 ; 0.860095 ; 0.0212511 ; -0.019469 ; 101.172;
21 ; 5 ; 4 ; 0.844129 ; 0.00147587 ; -0.00132755 ; 101.365;
4 ; 6 ; 4 ; 0.858786 ; 0.00843266 ; 0.00897047 ; 101.247;
5 ; 6 ; 4 ; 0.841363 ; -0.00537123 ; 0.0118614 ; 101.463;
6 ; 6 ; 4 ; 0.858592 ; -0.00039085 ; 0.00456555 ; 101.912;
7 ; 6 ; 4 ; 0.852548 ; -0.000831582 ; -0.00576122 ; 101.768;
8 ; 6 ; 4 ; 0.869068 ; 0.0260791 ; -0.00597346 ; 101.587;
9 ; 6 ; 4 ; 0.876885 ; 0.0142045 ; 0.0132712 ; 101.055;
10 ; 6 ; 4 ; 0.848941 ; 0.00727316 ; -0.00615465 ; 101.288;
11 ; 6 ; 4 ; 0.870097 ; 0.00658176 ; -0.00395531 ; 101.871;
12 ; 6 ; 4 ; 0.851111 ; -0.0139707 ; 0.0037773 ; 101.561;
13 ; 6 ; 4 ; 0.859046 ; -0.00494675 ; 0.00801568 ; 101.464;
14 ; 6 ; 4 ; 0.856698 ; 0.00658827 ; 0.0200454 ; 101.484;
15 ; 6 ; 4 ; 0.857184 ; 0.00255451 ; 0.00251328 ; 101.797;
16 ; 6 ; 4 ; 0.879605 ; -0.00873391 ; 0.0126545 ; 101.982;
17 ; 6 ; 4 ; 0.858443 ; -0.0197928 ; -0.0266699 ; 101.516;
18 ; 6 ; 4 ; 0.855565 ; -0.00842537 ; -0.00283338 ; 101.834;
19 ; 6 ; 4 ; 0.851917 ; -0.00652262 ; -0.00985227 ; 101.498;
20 ; 6 ; 4 ; 0.859269 ; 0.00970084 ; -0.00385403 ; 101.24;
21 ; 6 ; 4 ; 0.859598 ; 0.00288165 ; -0.0061897 ; 100.584;
4 ; 7 ; 4 ; 0.8533 ; 0.0091179 ; -0.00181932 ; 102.083;
5 ; 7 ; 4 ; 0.857374 ; 0.00050897 ; 0.00388157 ; 101.066;
6 ; 7 ; 4 ; 0.852722 ; 0.00317758 ; -0.00257022 ; 100.919;
7 ; 7 ; 4 ; 0.852215 ; -0.0134304 ; -0.0103811 ; 101.402;
8 ; 7 ; 4 ; 0.850862 ; -0.0108511 ; 0.00303928 ; 101.845;
9 ; 7 ; 4 ; 0.85725 ; 0.00774902 ; -0.0130286 ; 100.621;
10 ; 7 ; 4 ; 0.854881 ; -0.0072097 ; 0.000794435 ; 101.306;
11 ; 7 ; 4 ; 0.842742 ; -0.0128152 ; 0.0024552 ; 101.357;
12 ; 7 ; 4 ; 0.857228 ; 0.0160025 ; 0.00922117 ; 101.643;
13 ; 7 ; 4 ; 0.85555 ; -0.00495013 ; 0.00220669 ; 100.935;
14 ; 7 ; 4 ; 0.864816 ; -0.00257341 ; -0.0084816 ; 101.7;
15 ; 7 ; 4 ; 0.8734 ; -0.00749222 ; 0.000363674 ; 100.895;
16 ; 7 ; 4 ; 0.868485 ; -0.00417294 ; -0.00138601 ; 101.584;
17 ; 7 ; 4 ; 0.858461 ; -0.00683861 ; -0.0142956 ; 100.957;
18 ; 7 ; 4 ; 0.856649 ; 0.0197633 ; 0.00096163 ; 101.17;
19 ; 7 ; 4 ; 0.866642 ; 0.00366944 ; -0.00257403 ; 101.483;
20 ; 7 ; 4 ; 0.862901 ; 0.000766514 ; 0.00817301 ; 101.604;
21 ; 7 ; 4 ; 0.87001 ; -0.00949882 ; -0.00726731 ; 101.975;
4 ; 8 ; 4 ; 0.859081 ; -0.00278322 ; 0.0238614 ; 101.582;
5 ; 8 ; 4 ; 0.866768 ; 0.00654461 ; -0.0071941 ; 101.277;
6 ; 8 ; 4 ; 0.862566 ; 0.00835185 ; 0.0198083 ; 101.003;
7 ; 8 ; 4 ; 0.858312 ; 0.00423028 ; -0.0144881 ; 100.866;
8 ; 8 ; 4 ; 0.856335 ; -0.00773702 ; 0.00627559 ; 100.751;
9 ; 8 ; 4 ; 0.843083 ; -0.0120238 ; 0.00118481 ; 101.424;
10 ; 8 ; 4 ; 0.858104 ; 0.0126165 ; 0.0099392 ; 101.619;
11 ; 8 ; 4 ; 0.856331 ; -0.0113505 ; -0.0099935 ; 101.197;
12 ; 8 ; 4 ; 0.856719 ; 0.00530166 ; 0.00193632 ; 101.202;
13 ; 8 ; 4 ; 0.848229 ; -0.00759416 ; 0.0169311 ; 101.412;
14 ; 8 ; 4 ; 0.862184 ; -0.00157704 ; 0.0246559 ; 101.879;
15 ; 8 ; 4 ; 0.858617 ; -0.0221858 ; 0.000982476 ; 101.778;
16 ; 8 ; 4 ; 0.856077 ; -0.0124704 ; -0.00551803 ; 101.269;
17 ; 8 ; 4 ; 0.855314 ; 0.001093 ; 0.0252886 ; 101.539;
18 ; 8 ; 4 ; 0.856528 ; -0.00772378 ; 0.00876203 ; 101.957;
19 ; 8 ; 4 ; 0.872693 ; -0.000477492 ; 0.00186839 ; 101.601;
20 ; 8 ; 4 ; 0.859929 ; -0.00858198 ; -0.000703649 ; 102.039;
21 ; 8 ; 4 ; 0.853976 ; -0.00378833 ; 0.00474245 ; 100.798;
4 ; 9 ; 4 ; 0.848139 ; -0.00695753 ; 0.00616461 ; 101.579;
5 ; 9 ; 4 ; 0.886503 ; 0.0193733 ; 0.00404026 ; 101.25;
6 ; 9 ; 4 ; 0.870684 ; -0.00221194 ; -0.00763612 ; 101.246;
7 ; 9 ; 4 ; 0.871261 ; 0.0105381 ; -0.0103633 ; 101.082;
8 ; 9 ; 4 ; 0.853633 ; -0.019059 ; 0.00810612 ; 101.784;
9 ; 9 ; 4 ; 0.852795 ; -0.0276431 ; 0.00425145 ; 100.907;
10 ; 9 ; 4 ; 0.848858 ; 0.00950978 ; 0.0103297 ; 101.827;
11 ; 9 ; 4 ; 0.856886 ; -0.00915267 ; 0.00990706 ; 101.92;
12 ; 9 ; 4 ; 0.851996 ; 0.000985386 ; 0.00722885 ; 101.535;
13 ; 9 ; 4 ; 0.857356 ; -0.0245059 ; 0.0179724 ; 101.891;
14 ; 9 ; 4 ; 0.858401 ; 0.000842369 ; -0.0158543 ; 101.617;
15 ; 9 ; 4 ; 0.843745 ; 0.00275357 ; 0.0114056 ; 101.619;
16 ; 9 ; 4 ; 0.84861 ; -0.00894703 ; 0.0048416 ; 101.412;
17 ; 9 ; 4 ; 0.863592 ; -0.0129647 ; 0.0199591 ; 100.65;
18 ; 9 ; 4 ; 0.843211 ; 0.00956801 ; 0.0161345 ; 100.618;
19 ; 9 ; 4 ; 0.870679 ; 0.012952 ; -0.0120197 ; 100.944;
20 ; 9 ; 4 ; 0.863673 ; -0.00217143 ; 0.022767 ; 101.388;
21 ; 9 ; 4 ; 0.864064 ; -0.00829641 ; 0.000934551 ; 102.234;
4 ; 10 ; 4 ; 0.871504 ; -0.00704675 ; 0.016219 ; 102.082;
5 ; 10 ; 4 ; 0.869347 ; 0.00234266 ; 0.0106498 ; 101.663;
6 ; 10 ; 4 ; 0.881458 ; -0.002278 ; -0.0150588 ; 101.574;
7 ; 10 ; 4 ; 0.858185 ; -0.00655872 ; -0.00628918 ; 101.753;
8 ; 10 ; 4 ; 0.85792 ; -0.00989342 ; 0.0166585 ; 101.518;
9 ; 10 ; 4 ; 0.85232 ; -0.0222172 ; -0.00901956 ; 101.204;
10 ; 10 ; 4 ; 0.849049 ; 0.00409866 ; 0.0166003 ; 101.522;
11 ; 10 ; 4 ; 0.848815 ; -0.00507652 ; -0.0216213 ; 101.493;
12 ; 10 ; 4 ; 0.842489 ; 0.0248567 ; 0.00378781 ; 101.997;
13 ; 10 ; 4 ; 0.853911 ; -0.0109303 ; 0.0127785 ; 101.76;
14 ; 10 ; 4 ; 0.847671 ; 0.0113992 ; 0.000975545 ; 101.358;
15 ; 10 ; 4 ; 0.868502 ; -0.0034296 ; -0.00335381 ; 101.919;
16 ; 10 ; 4 ; 0.851577 ; -0.00880429 ; -0.0188415 ; 101.155;
17 ; 10 ; 4 ; 0.847889 ; 0.00488696 ; 0.00180935 ; 101.449;
18 ; 10 ; 4 ; 0.861871 ; -0.0148118 ; -0.0132044 ; 101.477;
19 ; 10 ; 4 ; 0.861061 ; 0.011237 ; -0.00266655 ; 101.671;
20 ; 10 ; 4 ; 0.843929 ; 0.00688789 ; 0.0165984 ; 101.275;
21 ; 10 ; 4 ; 0.863415 ; -0.00188871 ; -0.00366163 ; 101.797;
4 ; 11 ; 4 ; 0.860271 ; 0.00372417 ; 0.000495129 ; 101.833;
5 ; 11 ; 4 ; 0.861897 ; -0.0250905 ; -0.0189174 ; 101.428;
6 ; 11 ; 4 ; 0.841101 ; 0.000489919 ; 0.000892306 ; 101.185;
7 ; 11 ; 4 ; 0.861418 ; 0.00342288 ; -0.00404721 ; 101.225;
8 ; 11 ; 4 ; 0.860703 ; -0.0139014 ; 0.0191067 ; 102.182;
9 ; 11 ; 4 ; 0.855302 ; -0.000900351 ; 0.000107683 ; 101.692;
10 ; 11 ; 4 ; 0.855743 ; -0.00212734 ; -0.0113522 ; 101.282;
11 ; 11 ; 4 ; 0.842517 ; -0.00386783 ; -0.0185392 ; 101.961;
12 ; 11 ; 4 ; 0.847623 ; -0.00148632 ; 0.00682126 ; 100.815;
13 ; 11 ; 4 ; 0.833618 ; -0.00555018 ; 0.0116211 ; 101.148;
14 ; 11 ; 4 ; 0.837696 ; 0.0154412 ; 0.00798474 ; 101.418;
15 ; 11 ; 4 ; 0.873871 ; -0.000382319 ; 0.0190963 ; 101.147;
16 ; 11 ; 4 ; 0.878913 ; 0.00864269 ; -0.0165017 ; 100.463;
17 ; 11 ; 4 ; 0.877641 ; -0.00232168 ; -0.0130094 ; 101.874;
18 ; 11 ; 4 ; 0.866303 ; -0.0249962 ; 0.00509105 ; 101.779;
19 ; 11 ; 4 ; 0.85617 ; 0.0187576 ; 0.00291739 ; 101.599;
20 ; 11 ; 4 ; 0.840615 ; 0.0174291 ; -0.0129734 ; 101.319;
21 ; 11 ; 4 ; 0.864109 ; -0.00422594 ; -0.0214653 ; 101.013;
4 ; 12 ; 4 ; 0.845812 ; -0.00832613 ; 0.00736493 ; 101.707;
5 ; 12 ; 4 ; 0.863166 ; -0.00881184 ; 0.00285354 ; 101.309;
6 ; 12 ; 4 ; 0.877795 ; -0.0125146 ; -0.0337227 ; 101.283;
7 ; 12 ; 4 ; 0.871267 ; -0.00165282 ; -0.0193842 ; 101.191;
8 ; 12 ; 4 ; 0.854371 ; -0.000900983 ; 0.00827327 ; 101.154;
9 ; 12 ; 4 ; 0.845621 ; 0.0107988 ; 0.0126498 ; 101.49;
10 ; 12 ; 4 ; 0.850637 ; 0.00642231 ; 0.00153044 ; 101.75;
11 ; 12 ; 4 ; 0.860844 ; 0.00516577 ; 0.0126648 ; 101.208;
12 ; 12 ; 4 ; 0.851073 ; 0.00827895 ; -0.000698951 ; 101.148;
13 ; 12 ; 4 ; 0.839482 ; 0.0105752 ; -0.001244 ; 101.229;
14 ; 12 ; 4 ; 0.853108 ; 0.00238763 ; 0.000113068 ; 100.86;
15 ; 12 ; 4 ; 0.841739 ; 0.0106032 ; -0.0116628 ; 102.29;
16 ; 12 ; 4 ; 0.853518 ; 0.0166533 ; 0.00560464 ; 101.483;
17 ; 12 ; 4 ; 0.865364 ; -0.0272173 ; 0.00250565 ; 101.389;
18 ; 12 ; 4 ; 0.850895 ; -0.000627137 ; 0.0101012 ; 101.298;
19 ; 12 ; 4 ; 0.864658 ; -0.0116002 ; -0.0100521 ; 101.247;
20 ; 12 ; 4 ; 0.845356 ; 0.00136008 ; 0.0026763 ; 100.582;
21 ; 12 ; 4 ; 0.85295 ; -0.0156878 ; 0.00258934 ; 101.55;
4 ; 13 ; 4 ; 0.867336 ; -0.00550464 ; 0.00883739 ; 101.163;
5 ; 13 ; 4 ; 0.872568 ; -0.00137652 ; -0.00595154 ; 101.529;
6 ; 13 ; 4 ; 0.866616 ; 0.0124485 ; -0.0050462 ; 102.131;
7 ; 13 ; 4 ; 0.860092 ; -0.00539677 ; 0.022418 ; 101.292;
8 ; 13 ; 4 ; 0.864458 ; -0.00564592 ; 0.00684257 ; 101.76;
9 ; 13 ; 4 ; 0.864564 ; 0.00759089 ; 0.0109077 ; 101.713;
10 ; 13 ; 4 ; 0.854321 ; 0.00865001 ; -0.00574498 ; 101.184;
11 ; 13 ; 4 ; 0.852346 ; 0.0238571 ; -0.00154914 ; 101.262;
12 ; 13 ; 4 ; 0.862913 ; 0.003436 ; -0.0185 ; 101.468;
13 ; 13 ; 4 ; 0.85218 ; -0.00458326 ; -0.0117327 ; 101.569;
14 ; 13 ; 4 ; 0.865032 ; 0.00400944 ; 0.00421175 ; 101.967;
15 ; 13 ; 4 ; 0.857783 ; -0.00500113 ; 0.0160048 ; 101.455;
16 ; 13 ; 4 ; 0.871088 ; 0.00785939 ; -0.0038725 ; 100.913;
17 ; 13 ; 4 ; 0.855484 ; -0.0089189 ; 0.00862033 ; 101.347;
18 ; 13 ; 4 ; 0.844824 ; 0.00878993 ; -0.00127514 ; 101.711;
19 ; 13 ; 4 ; 0.862044 ; 0.000996125 ; -0.000711156 ; 101.796;
20 ; 13 ; 4 ; 0.864935 ; -0.0137064 ; -0.0121082 ; 100.872;
21 ; 13 ; 4 ; 0.861216 ; -0.0116491 ; -0.0131721 ; 101.324;
4 ; 14 ; 4 ; 0.870467 ; -0.00246965 ; -0.00105017 ; 101.246;
5 ; 14 ; 4 ; 0.867184 ; -0.00753024 ; -0.00689427 ; 100.712;
6 ; 14 ; 4 ; 0.868788 ; 0.014348 ; 0.00433396 ; 101.831;
7 ; 14 ; 4 ; 0.856619 ; -0.00348165 ; -0.00415085 ; 101.645;
8 ; 14 ; 4 ; 0.854887 ; 0.00673196 ; -0.00611018 ; 100.935;
9 ; 14 ; 4 ; 0.835001 ; -0.0151999 ; -0.013058 ; 101.605;
10 ; 14 ; 4 ; 0.859323 ; -0.00595326 ; -0.0256295 ; 101.356;
11 ; 14 ; 4 ; 0.850703 ; 0.0253766 ; -0.0219832 ; 101.629;
12 ; 14 ; 4 ; 0.861332 ; -0.00419649 ; 0.0127044 ; 101.303;
13 ; 14 ; 4 ; 0.850894 ; -0.00225 ; 0.00175768 ; 101.396;
14 ; 14 ; 4 ; 0.85298 ; -0.0125607 ; 0.00727394 ; 101.243;
15 ; 14 ; 4 ; 0.865236 ; 0.00423192 ; -0.0120287 ; 101.587;
16 ; 14 ; 4 ; 0.853232 ; -0.00889225 ; -0.00193334 ; 101.344;
17 ; 14 ; 4 ; 0.848033 ; -0.0133066 ; -0.0196654 ; 101.353;
18 ; 14 ; 4 ; 0.850221 ; 0.000667308 ; 0.00474954 ; 101.742;
19 ; 14 ; 4 ; 0.861815 ; -0.00875571 ; 0.0228292 ; 101.978;
20 ; 14 ; 4 ; 0.858883 ; 0.0206403 ; -0.00257792 ; 101.547;
21 ; 14 ; 4 ; 0.866891 ; -0.00230794 ; 0.0106103 ; 101.054;
4 ; 15 ; 4 ; 0.866436 ; -0.0036053 ; 0.0100746 ; 102.039;
5 ; 15 ; 4 ; 0.86499 ; -0.00291658 ; -0.00441465 ; 101.012;
6 ; 15 ; 4 ; 0.867956 ; 0.000172195 ; -0.00249143 ; 101.531;
7 ; 15 ; 4 ; 0.860694 ; -0.00157969 ; 0.00669717 ; 101.297;
8 ; 15 ; 4 ; 0.848949 ; 0.00653795 ; -0.00631572 ; 101.33;
9 ; 15 ; 4 ; 0.852718 ; -0.00583926 ; 0.0113923 ; 101.587;
10 ; 15 ; 4 ; 0.864429 ; -0.00136954 ; -0.00170742 ; 101.305;
11 ; 15 ; 4 ; 0.861 ; 0.00405205 ; -0.000416969 ; 101.773;
12 ; 15 ; 4 ; 0.851437 ; -0.00553826 ; 0.000323834 ; 101.669;
13 ; 15 ; 4 ; 0.865374 ; -0.00875636 ; 0.00447088 ; 101.341;
14 ; 15 ; 4 ; 0.843485 ; -0.00739152 ; -0.000411828 ; 101.37;
15 ; 15 ; 4 ; 0.846541 ; -0.0200219 ; 0.0136866 ; 101.353;
16 ; 15 ; 4 ; 0.851063 ; -0.00281449 ; -0.00157114 ; 100.859;
17 ; 15 ; 4 ; 0.841522 ; 0.0099819 ; 0.0151947 ; 101.366;
18 ; 15 ; 4 ; 0.858341 ; -0.00276709 ; -0.000944982 ; 101.42;
19 ; 15 ; 4 ; 0.846024 ; -0.00106707 ; 0.0176902 ; 101.608;
20 ; 15 ; 4 ; 0.856732 ; 0.00712392 ; -0.0113587 ; 101.243;
21 ; 15 ; 4 ; 0.857174 ; -0.0141352 ; 0.0197922 ; 100.929;
4 ; 16 ; 4 ; 0.858106 ; -0.00659974 ; -0.0015405 ; 101.687;
5 ; 16 ; 4 ; 0.858876 ; 0.00536715 ; 0.0157929 ; 100.598;
6 ; 16 ; 4 ; 0.858121 ; 0.0228965 ; 0.00947414 ; 101.656;
7 ; 16 ; 4 ; 0.853868 ; 0.000703357 ; 0.00944597 ; 101.096;
8 ; 16 ; 4 ; 0.879193 ; -0.00167814 ; 0.00207775 ; 101.98;
9 ; 16 ; 4 ; 0.854442 ; -0.0140278 ; -0.00274277 ; 102.055;
10 ; 16 ; 4 ; 0.862819 ; -0.00764273 ; -0.00198615 ; 101.44;
11 ; 16 ; 4 ; 0.855871 ; -0.00637624 ; -0.0330047 ; 101.109;
12 ; 16 ; 4 ; 0.843943 ; -0.0205459 ; -0.0165917 ; 101.059;
13 ; 16 ; 4 ; 0.858545 ; 0.00558034 ; 0.0174796 ; 101.75;
14 ; 16 ; 4 ; 0.866365 ; -0.00797386 ; -0.00496335 ; 101.984;
15 ; 16 ; 4 ; 0.859961 ; -0.0121028 ; 0.0130147 ; 101.226;
16 ; 16 ; 4 ; 0.868224 ; 0.0306485 ; 0.00406641 ; 101.826;
17 ; 16 ; 4 ; 0.83792 ; 0.00234893 ; 0.0114054 ; 101.635;
18 ; 16 ; 4 ; 0.840814 ; 0.00516761 ; 0.00410154 ; 101.203;
19 ; 16 ; 4 ; 0.848888 ; -0.014388 ; -0.000311679 ; 101.325;
20 ; 16 ; 4 ; 0.852637 ; 0.0119563 ; -0.0072522 ; 101.027;
21 ; 16 ; 4 ; 0.868988 ; 0.00561805 ; -0.00928468 ; 101.294;
4 ; 17 ; 4 ; 0.865931 ; -0.0105046 ; -0.0303528 ; 101.636;
5 ; 17 ; 4 ; 0.870452 ; -0.00255656 ; 0.0130329 ; 101.717;
6 ; 17 ; 4 ; 0.849167 ; 0.0210759 ; -0.0275695 ; 101.609;
7 ; 17 ; 4 ; 0.86119 ; -0.000612511 ; -0.00981676 ; 101.356;
8 ; 17 ; 4 ; 0.867142 ; 0.00275553 ; 0.00766618 ; 101.5;
9 ; 17 ; 4 ; 0.855578 ; -0.00200309 ; -0.00247312 ; 101.944;
10 ; 17 ; 4 ; 0.838453 ; 0.0011239 ; -0.0131011 ; 101.662;
11 ; 17 ; 4 ; 0.85029 ; -0.00620183 ; -0.0212442 ; 101.665;
12 ; 17 ; 4 ; 0.866132 ; 0.00941241 ; 0.0105296 ; 101.051;
13 ; 17 ; 4 ; 0.865514 ; -0.00457995 ; -0.00376043 ; 101.49;
14 ; 17 ; 4 ; 0.844988 ; -0.00337609 ; 0.00915008 ; 101.521;
15 ; 17 ; 4 ; 0.86632 ; -0.0165733 ; 0.00610155 ; 101.404;
16 ; 17 ; 4 ; 0.873244 ; 0.0110049 ; -0.0152021 ; 101.914;
17 ; 17 ; 4 ; 0.872746 ; 0.00695791 ; -0.00826658 ; 101.249;
18 ; 17 ; 4 ; 0.860551 ; 0.00188689 ; 0.013289 ; 101.609;
19 ; 17 ; 4 ; 0.841516 ; -0.017934 ; -0.00886165 ; 101.554;
20 ; 17 ; 4 ; 0.856876 ; -0.00061711 ; -0.0218873 ; 101.483;
21 ; 17 ; 4 ; 0.868578 ; -0.0102117 ; 0.00754249 ; 100.884;
4 ; 18 ; 4 ; 0.888106 ; -0.00334159 ; 0.00598602 ; 101.661;
5 ; 18 ; 4 ; 0.872047 ; -0.00586387 ; 0.0122729 ; 101.627;
6 ; 18 ; 4 ; 0.838822 ; 0.0257376 ; -0.00269589 ; 101.724;
7 ; 18 ; 4 ; 0.853996 ; 0.00770594 ; -0.0326393 ; 101.773;
8 ; 18 ; 4 ; 0.869724 ; 0.0072352 ; 0.00830692 ; 102.058;
9 ; 18 ; 4 ; 0.851074 ; 0.00130907 ; -0.00262238 ; 101.277;
10 ; 18 ; 4 ; 0.855409 ; -0.0191521 ; -0.00750966 ; 101.441;
11 ; 18 ; 4 ; 0.866004 ; 0.0132337 ; -0.00820821 ; 101.615;
12 ; 18 ; 4 ; 0.858407 ; 0.0166375 ; 0.00858801 ; 101.55;
13 ; 18 ; 4 ; 0.866853 ; 0.0238957 ; 0.00929955 ; 101.782;
14 ; 18 ; 4 ; 0.855817 ; 0.0132499 ; -0.0104538 ; 101.756;
15 ; 18 ; 4 ; 0.852509 ; 0.000539285 ; 0.00177998 ; 101.215;
16 ; 18 ; 4 ; 0.852863 ; 0.00574708 ; -0.0108818 ; 101.254;
17 ; 18 ; 4 ; 0.876085 ; -0.00239685 ; -0.00110229 ; 100.947;
18 ; 18 ; 4 ; 0.853802 ; 0.0210741 ; 0.00360189 ; 101.595;
19 ; 18 ; 4 ; 0.853459 ; 0.00484218 ; -0.0042589 ; 101.654;
20 ; 18 ; 4 ; 0.853012 ; 0.000859319 ; -0.00500917 ; 101.231;
21 ; 18 ; 4 ; 0.869688 ; -0.0167056 ; -0.000913903 ; 101.16;
4 ; 19 ; 4 ; 0.872366 ; -0.00285894 ; 0.000830876 ; 101.752;
5 ; 19 ; 4 ; 0.875843 ; 0.0090739 ; -0.00570893 ; 101.365;
6 ; 19 ; 4 ; 0.866555 ; 0.00808804 ; 0.0114932 ; 101.349;
7 ; 19 ; 4 ; 0.86659 ; -0.0192325 ; -0.00358674 ; 101.907;
8 ; 19 ; 4 ; 0.871901 ; 0.004853 ; 0.00623644 ; 102.038;
9 ; 19 ; 4 ; 0.869543 ; -0.00191948 ; -0.0067783 ; 101.035;
10 ; 19 ; 4 ; 0.859114 ; 0.00266557 ; -0.00824715 ; 101.737;
11 ; 19 ; 4 ; 0.876221 ; 0.0146749 ; 0.0104759 ; 101.281;
12 ; 19 ; 4 ; 0.840554 ; -0.000517066 ; -0.00633577 ; 101.631;
13 ; 19 ; 4 ; 0.848359 ; -0.0011609 ; 0.00902238 ; 101.178;
14 ; 19 ; 4 ; 0.847984 ; 0.00555407 ; 0.00645676 ; 101.095;
15 ; 19 ; 4 ; 0.850448 ; -0.00170898 ; -0.00125537 ; 101.951;
16 ; 19 ; 4 ; 0.848037 ; -0.00575311 ; -0.00442209 ; 101.18;
17 ; 19 ; 4 ; 0.852242 ; -0.0222852 ; -0.00398674 ; 101.555;
18 ; 19 ; 4 ; 0.849325 ; -0.0179678 ; 0.00519592 ; 101.405;
19 ; 19 ; 4 ; 0.844339 ; 0.00658753 ; 0.00436088 ; 101.695;
20 ; 19 ; 4 ; 0.856696 ; 0.00537256 ; 0.0150508 ; 101.441;
21 ; 19 ; 4 ; 0.860928 ; -0.0104929 ; -0.0118831 ; 101.295;
4 ; 20 ; 4 ; 0.859986 ; 0.00287173 ; 0.00045873 ; 101.935;
5 ; 20 ; 4 ; 0.863055 ; -0.0193005 ; -0.00219324 ; 101.818;
6 ; 20 ; 4 ; 0.86359 ; 0.00548153 ; 0.00846102 ; 101.285;
7 ; 20 ; 4 ; 0.871081 ; 0.0126661 ; 0.0194953 ; 101.545;
8 ; 20 ; 4 ; 0.859086 ; 0.0131657 ; -0.0109844 ; 101.5;
9 ; 20 ; 4 ; 0.86885 ; 0.00467077 ; -0.0152845 ; 101.425;
10 ; 20 ; 4 ; 0.85098 ; -0.00893756 ; 0.00408194 ; 101.381;
11 ; 20 ; 4 ; 0.84961 ; 0.0063415 ; 0.0101986 ; 101.207;
12 ; 20 ; 4 ; 0.851056 ; 0.0195076 ; 0.00972127 ; 101.208;
13 ; 20 ; 4 ; 0.850156 ; -0.00259521 ; -0.00427675 ; 101.015;
14 ; 20 ; 4 ; 0.848749 ; 0.00355411 ; -0.00325307 ; 101.458;
15 ; 20 ; 4 ; 0.84786 ; 0.0035945 ; 0.0110271 ; 101.889;
16 ; 20 ; 4 ; 0.846711 ; -0.0186925 ; -0.00622289 ; 101.876;
17 ; 20 ; 4 ; 0.870394 ; -0.00519908 ; -0.0266035 ; 101.901;
18 ; 20 ; 4 ; 0.843844 ; 0.0110306 ; 0.00351286 ; 101.394;
19 ; 20 ; 4 ; 0.866081 ; 0.0212259 ; -0.00304008 ; 101.249;
20 ; 20 ; 4 ; 0.856699 ; -0.00129776 ; -0.00891542 ; 102.149;
21 ; 20 ; 4 ; 0.875968 ; -7.93678e-05 ; 0.00477547 ; 101.229;
4 ; 21 ; 4 ; 0.883393 ; -0.00753478 ; -0.00386576 ; 101.665;
5 ; 21 ; 4 ; 0.853818 ; -0.0102337 ; -0.00298434 ; 101.36;
6 ; 21 ; 4 ; 0.867502 ; 0.0107214 ; 0.00411005 ; 101.215;
7 ; 21 ; 4 ; 0.859194 ; -0.0018434 ; 0.0038121 ; 101.68;
8 ; 21 ; 4 ; 0.869368 ; 0.0087021 ; -0.0186462 ; 101.409;
9 ; 21 ; 4 ; 0.857193 ; -0.00359364 ; 0.0157299 ; 101.083;
10 ; 21 ; 4 ; 0.857534 ; 0.0100805 ; 0.00104021 ; 101.124;
11 ; 21 ; 4 ; 0.867023 ; 0.0103793 ; 0.00455105 ; 101.642;
12 ; 21 ; 4 ; 0.834495 ; -0.0115098 ; -0.0104875 ; 100.891;
13 ; 21 ; 4 ; 0.841816 ; 0.00316238 ; -0.0207129 ; 101.334;
14 ; 21 ; 4 ; 0.854335 ; 0.00741895 ; 0.0194997 ; 101.058;
15 ; 21 ; 4 ; 0.85742 ; -0.00703799 ; 0.00720655 ; 101.707;
16 ; 21 ; 4 ; 0.860827 ; -0.00431673 ; 0.00279008 ; 101.043;
17 ; 21 ; 4 ; 0.853259 ; -0.00997963 ; 0.00628279 ; 101.358;
18 ; 21 ; 4 ; 0.878202 ; 0.0154964 ; 7.62173e-05 ; 101.496;
19 ; 21 ; 4 ; 0.854116 ; 0.00912297 ; -0.0329627 ; 101.439;
20 ; 21 ; 4 ; 0.847361 ; 0.00495085 ; 0.00266099 ; 102.011;
21 ; 21 ; 4 ; 0.879998 ; -0.0138708 ; -0.00103296 ; 101.523;
4 ; 4 ; 5 ; 0.749491 ; -0.00668455 ; 0.00292764 ; 101.303;
5 ; 4 ; 5 ; 0.761025 ; 0.00351294 ; 0.00564439 ; 101.225;
6 ; 4 ; 5 ; 0.754346 ; -0.0146706 ; 0.0143675 ; 102.085;
7 ; 4 ; 5 ; 0.752735 ; -0.000977474 ; 0.0019001 ; 101.568;
8 ; 4 ; 5 ; 0.749063 ; -0.0180979 ; -0.0178209 ; 101.258;
9 ; 4 ; 5 ; 0.760378 ; -0.00853813 ; 0.00132755 ; 100.988;
10 ; 4 ; 5 ; 0.744187 ; 0.00969971 ; -0.00448413 ; 101.899;
11 ; 4 ; 5 ; 0.736919 ; -0.0135919 ; 0.0123421 ; 101.586;
12 ; 4 ; 5 ; 0.722088 ; -0.0225274 ; 0.0093013 ; 101.699;
13 ; 4 ; 5 ; 0.739436 ; 0.00373334 ; -0.00147224 ; 101.365;
14 ; 4 ; 5 ; 0.75024 ; -0.0110139 ; 0.0188732 ; 101.383;
15 ; 4 ; 5 ; 0.753414 ; -0.0115772 ; 0.00929563 ; 101.671;
16 ; 4 ; 5 ; 0.754165 ; 0.00138586 ; 0.00968979 ; 101.595;
17 ; 4 ; 5 ; 0.744868 ; 0.0058639 ; 0.00366353 ; 101.486;
18 ; 4 ; 5 ; 0.754386 ; -0.00632527 ; 0.0091129 ; 101.694;
19 ; 4 ; 5 ; 0.763095 ; 0.00522158 ; 0.0204839 ; 101.376;
20 ; 4 ; 5 ; 0.745039 ; -0.00888175 ; -0.00844473 ; 102.016;
21 ; 4 ; 5 ; 0.772359 ; 0.00210791 ; -0.0157209 ; 100.725;
4 ; 5 ; 5 ; 0.744593 ; 0.0105786 ; 0.0199335 ; 101.46;
5 ; 5 ; 5 ; 0.766041 ; -0.00895374 ; 0.0191409 ; 101.255;
6 ; 5 ; 5 ; 0.745365 ; -0.0253261 ; -0.0018076 ; 101.377;
7 ; 5 ; 5 ; 0.74992 ; -0.00669739 ; -0.010053 ; 101.616;
8 ; 5 ; 5 ; 0.748138 ; -0.0233764 ; 0.00212783 ; 101.333;
9 ; 5 ; 5 ; 0.740528 ; -0.00417757 ; 0.00239581 ; 100.961;
10 ; 5 ; 5 ; 0.748314 ; 0.00140184 ; 0.0168874 ; 101.579;
11 ; 5 ; 5 ; 0.738858 ; 0.00854269 ; 0.0144289 ; 101.328;
12 ; 5 ; 5 ; 0.746176 ; 0.00847249 ; 0.0226105 ; 101.436;
13 ; 5 ; 5 ; 0.733026 ; 0.012637 ; -0.0162621 ; 101.364;
14 ; 5 ; 5 ; 0.729242 ; -0.0025185 ; -0.0111437 ; 101.441;
15 ; 5 ; 5 ; 0.727687 ; -0.00643871 ; 0.000680887 ; 101.385;
16 ; 5 ; 5 ; 0.743359 ; 0.00200466 ; -0.0087206 ; 101.228;
17 ; 5 ; 5 ; 0.744605 ; 0.0208421 ; 0.00638753 ; 101.562;
18 ; 5 ; 5 ; 0.750886 ; 0.0120861 ; -0.0024247 ; 101.994;
19 ; 5 ; 5 ; 0.751274 ; -1.59905e-05 ; -0.00977227 ; 101.616;
20 ; 5 ; 5 ; 0.766925 ; -0.00016195 ; -0.0134267 ; 100.942;
21 ; 5 ; 5 ; 0.742411 ; -0.0047187 ; -0.0146469 ; 101.896;
4 ; 6 ; 5 ; 0.745615 ; 0.0168219 ; 0.00808538 ; 101.926;
5 ; 6 ; 5 ; 0.730695 ; 0.00288544 ; 0.00371142 ; 101.592;
6 ; 6 ; 5 ; 0.767723 ; 0.000258558 ; 0.0117165 ; 101.152;
7 ; 6 ; 5 ; 0.750803 ; 0.0110845 ; -0.00866842 ; 101.665;
8 ; 6 ; 5 ; 0.728728 ; 0.00532993 ; 0.00270237 ; 102.275;
9 ; 6 ; 5 ; 0.738068 ; 0.00686605 ; 0.00752879 ; 101.346;
10 ; 6 ; 5 ; 0.749464 ; 0.0156721 ; -0.0182991 ; 101.203;
11 ; 6 ; 5 ; 0.740648 ; -0.00561808 ; 0.00754864 ; 101.748;
12 ; 6 ; 5 ; 0.745702 ; 0.00123653 ; 0.00391289 ; 100.665;
13 ; 6 ; 5 ; 0.733326 ; 0.0078957 ; -0.000997931 ; 101.752;
14 ; 6 ; 5 ; 0.751539 ; 0.0164244 ; 0.0194278 ; 101.318;
15 ; 6 ; 5 ; 0.744283 ; 0.00663972 ; -0.00499174 ; 100.808;
16 ; 6 ; 5 ; 0.742176 ; -1.65511e-05 ; 0.000871682 ; 101.261;
17 ; 6 ; 5 ; 0.734101 ; -0.0136013 ; 0.00344431 ; 101.39;
18 ; 6 ; 5 ; 0.749834 ; -0.00993487 ; -0.00502663 ; 101.559;
19 ; 6 ; 5 ; 0.743512 ; 0.00504278 ; -0.00926526 ; 101.033;
20 ; 6 ; 5 ; 0.736176 ; -0.00140629 ; -0.0150814 ; 100.781;
21 ; 6 ; 5 ; 0.73 ; -0.0140902 ; -0.0121965 ; 101.604;
4 ; 7 ; 5 ; 0.746652 ; 0.00797338 ; 0.016463 ; 100.997;
5 ; 7 ; 5 ; 0.75565 ; -0.000873345 ; -0.00232508 ; 101.231;
6 ; 7 ; 5 ; 0.75597 ; -0.0106536 ; 0.022727 ; 101.387;
7 ; 7 ; 5 ; 0.752211 ; 0.00205592 ; 0.00912057 ; 101.159;
8 ; 7 ; 5 ; 0.741936 ; 0.00557803 ; -0.00768723 ; 101.447;
9 ; 7 ; 5 ; 0.737991 ; 0.00363912 ; -0.00307929 ; 101.449;
10 ; 7 ; 5 ; 0.737919 ; 0.000889824 ; 0.0106538 ; 101.41;
11 ; 7 ; 5 ; 0.716361 ; 0.0028288 ; 0.00217162 ; 101.748;
12 ; 7 ; 5 ; 0.745926 ; -0.00983942 ; 0.00407887 ; 101.258;
13 ; 7 ; 5 ; 0.737222 ; -0.00439515 ; 0.00131736 ; 101.46;
14 ; 7 ; 5 ; 0.766673 ; 0.0105292 ; -0.00957493 ; 101.522;
15 ; 7 ; 5 ; 0.761407 ; -0.00342672 ; 0.0133388 ; 101.831;
16 ; 7 ; 5 ; 0.747302 ; 0.0160442 ; 0.000373239 ; 102.144;
17 ; 7 ; 5 ; 0.745433 ; -0.0083954 ; 0.0142948 ; 101.839;
18 ; 7 ; 5 ; 0.747892 ; 0.00381814 ; -0.022882 ; 101.43;
19 ; 7 ; 5 ; 0.746356 ; -0.0139566 ; -0.00621774 ; 101.241;
20 ; 7 ; 5 ; 0.741779 ; -0.0024786 ; -0.00751888 ; 101.01;
21 ; 7 ; 5 ; 0.746881 ; -0.0145595 ; 0.00469403 ; 101.144;
4 ; 8 ; 5 ; 0.7397 ; 0.00556231 ; 0.00435311 ; 101.84;
5 ; 8 ; 5 ; 0.740716 ; 0.00791453 ; 0.00337275 ; 101.757;
6 ; 8 ; 5 ; 0.749061 ; -0.0102718 ; 0.00656973 ; 101.632;
7 ; 8 ; 5 ; 0.751453 ; -0.00866504 ; -0.0106197 ; 101.338;
8 ; 8 ; 5 ; 0.745896 ; -0.0138796 ; -0.00472088 ; 101.841;
9 ; 8 ; 5 ; 0.760995 ; -0.00381122 ; 0.0179638 ; 101.564;
10 ; 8 ; 5 ; 0.747861 ; 0.0145862 ; -0.00185974 ; 101.791;
11 ; 8 ; 5 ; 0.744107 ; -0.00559481 ; 0.0205531 ; 100.898;
12 ; 8 ; 5 ; 0.761835 ; -0.0093608 ; -0.00440503 ; 101.701;
13 ; 8 ; 5 ; 0.736948 ; 0.0184694 ; 0.00704224 ; 101.107;
14 ; 8 ; 5 ; 0.739839 ; -0.00126084 ; 0.00369181 ; 101.396;
15 ; 8 ; 5 ; 0.749373 ; -0.00465066 ; 0.00232162 ; 101.721;
16 ; 8 ; 5 ; 0.73523 ; 0.0139726 ; -0.0150917 ; 101.348;
17 ; 8 ; 5 ; 0.71978 ; 0.0101939 ; 0.00220767 ; 101.224;
18 ; 8 ; 5 ; 0.749652 ; 0.00936752 ; 0.00115462 ; 101.664;
19 ; 8 ; 5 ; 0.742082 ; 0.00907012 ; 0.0105042 ; 101.115;
20 ; 8 ; 5 ; 0.757962 ; -0.00170748 ; 0.00249156 ; 101.331;
21 ; 8 ; 5 ; 0.743115 ; 0.00512157 ; -0.00122819 ; 101.864;
4 ; 9 ; 5 ; 0.760743 ; 0.0108507 ; 0.00122854 ; 101.221;
5 ; 9 ; 5 ; 0.735143 ; 0.00661244 ; 0.0168189 ; 101.599;
6 ; 9 ; 5 ; 0.743603 ; 0.0172742 ; 0.0208893 ; 101.694;
7 ; 9 ; 5 ; 0.749992 ; 0.0021211 ; 0.00355475 ; 101.955;
8 ; 9 ; 5 ; 0.7359 ; 0.00580173 ; 0.0101752 ; 102.001;
9 ; 9 ; 5 ; 0.749547 ; -0.0120225 ; -0.000833607 ; 101.447;
10 ; 9 ; 5 ; 0.749016 ; 0.00328893 ; -0.00940163 ; 102.02;
11 ; 9 ; 5 ; 0.752419 ; 0.00420347 ; 0.00401707 ; 101.544;
12 ; 9 ; 5 ; 0.743285 ; 0.0102429 ; 0.000993971 ; 101.715;
13 ; 9 ; 5 ; 0.743679 ; 0.0170121 ; 0.00495699 ; 101.325;
14 ; 9 ; 5 ; 0.747495 ; -0.0222433 ; -0.0120744 ; 101.854;
15 ; 9 ; 5 ; 0.738932 ; 0.015893 ; -0.00023611 ; 101.362;
16 ; 9 ; 5 ; 0.736337 ; -0.00538495 ; 0.018797 ; 101.512;
17 ; 9 ; 5 ; 0.725702 ; -0.000710265 ; 0.00788316 ; 100.648;
18 ; 9 ; 5 ; 0.736142 ; -0.000608433 ; 0.0112512 ; 101.757;
19 ; 9 ; 5 ; 0.742916 ; 0.00517666 ; -0.0136787 ; 101.198;
20 ; 9 ; 5 ; 0.725476 ; -0.00325576 ; -0.0141188 ; 101.324;
21 ; 9 ; 5 ; 0.740487 ; -0.00567372 ; -0.00581327 ; 101.022;
4 ; 10 ; 5 ; 0.756083 ; 0.00792718 ; 0.00996424 ; 102.104;
5 ; 10 ; 5 ; 0.748155 ; 0.00272239 ; 0.00711724 ; 101.808;
6 ; 10 ; 5 ; 0.755449 ; 0.00788303 ; 0.0174216 ; 101.684;
7 ; 10 ; 5 ; 0.75218 ; 0.000164024 ; -0.00827507 ; 100.929;
8 ; 10 ; 5 ; 0.729288 ; 0.00512393 ; -0.0045573 ; 101.378;
9 ; 10 ; 5 ; 0.737518 ; -0.0212702 ; -0.0105583 ; 102.06;
10 ; 10 ; 5 ; 0.749163 ; 0.00282083 ; 0.00650899 ; 100.924;
11 ; 10 ; 5 ; 0.744618 ; -0.0141829 ; -0.0121003 ; 101.284;
12 ; 10 ; 5 ; 0.751427 ; 0.0265983 ; -0.00565039 ; 101.587;
13 ; 10 ; 5 ; 0.725207 ; 0.000174076 ; -0.00319072 ; 101.761;
14 ; 10 ; 5 ; 0.747829 ; -0.0142015 ; 0.00635412 ; 101.243;
15 ; 10 ; 5 ; 0.738287 ; -0.0142951 ; 0.00770226 ; 101.45;
16 ; 10 ; 5 ; 0.740245 ; -0.0115787 ; -0.0089303 ; 101.305;
17 ; 10 ; 5 ; 0.742654 ; -0.00649434 ; -0.0193815 ; 101.256;
18 ; 10 ; 5 ; 0.723981 ; 0.00198384 ; 0.00281781 ; 101.144;
19 ; 10 ; 5 ; 0.762229 ; 0.0193708 ; 0.000908777 ; 101.794;
20 ; 10 ; 5 ; 0.745543 ; -0.0058903 ; 0.00275901 ; 101.367;
21 ; 10 ; 5 ; 0.754006 ; 0.00568659 ; -0.00776129 ; 100.885;
4 ; 11 ; 5 ; 0.746372 ; -0.0102742 ; 0.0200728 ; 100.814;
5 ; 11 ; 5 ; 0.752814 ; -0.00230476 ; 0.00934592 ; 101.57;
6 ; 11 ; 5 ; 0.734731 ; 0.010321 ; 0.00868281 ; 101.441;
7 ; 11 ; 5 ; 0.746307 ; -0.0162345 ; -0.00284522 ; 101.28;
8 ; 11 ; 5 ; 0.736957 ; -0.017329 ; -0.00179045 ; 101.406;
9 ; 11 ; 5 ; 0.73717 ; -0.0108269 ; -0.00252449 ; 101.613;
10 ; 11 ; 5 ; 0.752123 ; -0.0171294 ; -0.00237396 ; 101.697;
11 ; 11 ; 5 ; 0.746371 ; 0.0037669 ; -0.00459524 ; 101.58;
12 ; 11 ; 5 ; 0.725009 ; 0.000529594 ; -0.0122717 ; 101.702;
13 ; 11 ; 5 ; 0.745438 ; -0.00224432 ; 0.0111802 ; 101.215;
14 ; 11 ; 5 ; 0.745845 ; 0.0137474 ; 0.00547379 ; 101.201;
15 ; 11 ; 5 ; 0.729765 ; -0.0144341 ; 0.0160445 ; 101.156;
16 ; 11 ; 5 ; 0.757636 ; -0.00272128 ; 0.00510679 ; 102.127;
17 ; 11 ; 5 ; 0.746392 ; 0.00475188 ; -0.0124263 ; 100.919;
18 ; 11 ; 5 ; 0.739593 ; 0.00387409 ; -0.00291907 ; 101.738;
19 ; 11 ; 5 ; 0.751416 ; 0.000741407 ; 0.00207835 ; 101.47;
20 ; 11 ; 5 ; 0.750175 ; 0.00626562 ; -0.0163132 ; 100.93;
21 ; 11 ; 5 ; 0.753254 ; 0.00725431 ; -0.00275346 ; 101.091;
4 ; 12 ; 5 ; 0.74871 ; -0.00400717 ; -0.0182573 ; 101.402;
5 ; 12 ; 5 ; 0.766355 ; -0.000555617 ; 0.00584822 ; 101.113;
6 ; 12 ; 5 ; 0.747445 ; 0.00477408 ; -0.000716212 ; 101.435;
7 ; 12 ; 5 ; 0.741371 ; -0.0163336 ; 0.000835445 ; 101.385;
8 ; 12 ; 5 ; 0.732345 ; -0.000196111 ; -0.00228722 ; 101.239;
9 ; 12 ; 5 ; 0.748267 ; 0.0129892 ; 0.0264935 ; 100.903;
10 ; 12 ; 5 ; 0.745821 ; 0.00830746 ; -0.0122431 ; 101.31;
11 ; 12 ; 5 ; 0.740926 ; 0.00840779 ; -0.00471175 ; 101.495;
12 ; 12 ; 5 ; 0.74096 ; 0.0150863 ; 0.000542943 ; 101.877;
13 ; 12 ; 5 ; 0.736795 ; 0.0107314 ; 0.0012521 ; 101.103;
14 ; 12 ; 5 ; 0.734195 ; 0.0170549 ; 0.0118738 ; 100.99;
15 ; 12 ; 5 ; 0.758177 ; -0.0044804 ; -0.0224614 ; 101.081;
16 ; 12 ; 5 ; 0.733625 ; 0.000488862 ; 0.00898636 ; 101.403;
17 ; 12 ; 5 ; 0.747055 ; 0.00290359 ; -0.00436606 ; 101.624;
18 ; 12 ; 5 ; 0.744428 ; 0.0188237 ; -0.00269755 ; 101.109;
19 ; 12 ; 5 ; 0.753067 ; -0.00499973 ; -0.00236149 ; 101.538;
20 ; 12 ; 5 ; 0.750932 ; -0.004167 ; -0.0106693 ; 101.585;
21 ; 12 ; 5 ; 0.753467 ; -0.00940653 ; 0.00263431 ; 101.401;
4 ; 13 ; 5 ; 0.741852 ; -0.0188951 ; -0.00337251 ; 101.784;
5 ; 13 ; 5 ; 0.751128 ; -0.0192922 ; 0.0114192 ; 101.386;
6 ; 13 ; 5 ; 0.757931 ; 0.0025559 ; 0.00946301 ; 101.048;
7 ; 13 ; 5 ; 0.743512 ; 0.0116122 ; 0.00406186 ; 100.731;
8 ; 13 ; 5 ; 0.768348 ; -0.0176848 ; 0.0115795 ; 101.685;
9 ; 13 ; 5 ; 0.771411 ; -0.0050023 ; 0.00483691 ; 100.923;
10 ; 13 ; 5 ; 0.740477 ; -0.00342429 ; 0.00525339 ; 101.794;
11 ; 13 ; 5 ; 0.736024 ; 0.0249132 ; 0.00256415 ; 101.296;
12 ; 13 ; 5 ; 0.741598 ; 0.00855924 ; -0.0241541 ; 101.685;
13 ; 13 ; 5 ; 0.759381 ; 0.00331739 ; -8.42494e-05 ; 101.708;
14 ; 13 ; 5 ; 0.737155 ; 0.00793035 ; 0.00135281 ; 101.727;
15 ; 13 ; 5 ; 0.739541 ; 0.00397831 ; 0.00750766 ; 101.632;
16 ; 13 ; 5 ; 0.73611 ; 0.00760087 ; -0.00377901 ; 101.83;
17 ; 13 ; 5 ; 0.726421 ; 0.0166185 ; -0.00462891 ; 101.862;
18 ; 13 ; 5 ; 0.750336 ; -0.00660523 ; -0.0181377 ; 100.895;
19 ; 13 ; 5 ; 0.757991 ; -0.00138277 ; -0.00462771 ; 101.008;
20 ; 13 ; 5 ; 0.733456 ; -0.00096084 ; -0.0103884 ; 101.659;
21 ; 13 ; 5 ; 0.764454 ; -0.0161182 ; -0.0142666 ; 101.284;
4 ; 14 ; 5 ; 0.739261 ; 0.00208911 ; 0.00474042 ; 101.757;
5 ; 14 ; 5 ; 0.749454 ; -0.0113345 ; 0.0128304 ; 100.815;
6 ; 14 ; 5 ; 0.734294 ; -0.0101395 ; 0.0115503 ; 101.884;
7 ; 14 ; 5 ; 0.764685 ; 0.0106032 ; -0.00173167 ; 101.929;
8 ; 14 ; 5 ; 0.731401 ; -0.00792751 ; -0.00400816 ; 101.333;
9 ; 14 ; 5 ; 0.740526 ; -0.0157144 ; 0.00767645 ; 101.587;
10 ; 14 ; 5 ; 0.747773 ; 0.000235576 ; 0.0103872 ; 101.355;
11 ; 14 ; 5 ; 0.743999 ; 0.0125167 ; -0.0012541 ; 101.19;
12 ; 14 ; 5 ; 0.74224 ; -0.0316559 ; -0.00991325 ; 101.068;
13 ; 14 ; 5 ; 0.7336 ; 0.00293252 ; 0.0206561 ; 101.123;
14 ; 14 ; 5 ; 0.759676 ; 0.0178423 ; -0.00409414 ; 100.995;
15 ; 14 ; 5 ; 0.733239 ; 0.00357626 ; -0.0151916 ; 101.253;
16 ; 14 ; 5 ; 0.718271 ; -0.0111966 ; -0.00900019 ; 101.615;
17 ; 14 ; 5 ; 0.747089 ; 0.00695656 ; -0.0157426 ; 100.46;
18 ; 14 ; 5 ; 0.741831 ; -0.00996827 ; 0.00229092 ; 101.432;
19 ; 14 ; 5 ; 0.748786 ; -0.00291109 ; -0.00113251 ; 101.15;
20 ; 14 ; 5 ; 0.748405 ; 0.025 ; 0.00327462 ; 101.708;
21 ; 14 ; 5 ; 0.746407 ; -0.00387933 ; -0.0244411 ; 101.712;
4 ; 15 ; 5 ; 0.751996 ; 0.0148456 ; -0.000183892 ; 101.201;
5 ; 15 ; 5 ; 0.728451 ; -0.00446509 ; -0.0065078 ; 101.351;
6 ; 15 ; 5 ; 0.761097 ; 0.0114583 ; -0.0135873 ; 101.958;
7 ; 15 ; 5 ; 0.746961 ; 0.0221835 ; -0.00202202 ; 100.765;
8 ; 15 ; 5 ; 0.750441 ; 0.0150353 ; 0.00193878 ; 101.138;
9 ; 15 ; 5 ; 0.738344 ; -0.0091606 ; -0.00812513 ; 101.039;
10 ; 15 ; 5 ; 0.739003 ; 0.00118957 ; -0.00389908 ; 100.996;
11 ; 15 ; 5 ; 0.733077 ; -0.00257338 ; -0.0166706 ; 101.78;
12 ; 15 ; 5 ; 0.751226 ; -0.0224384 ; -0.00414797 ; 101.277;
13 ; 15 ; 5 ; 0.738044 ; -0.00696359 ; 0.00519315 ; 101.128;
14 ; 15 ; 5 ; 0.727355 ; 0.0219081 ; 0.00925303 ; 101.46;
15 ; 15 ; 5 ; 0.740591 ; 0.0170227 ; 0.00358832 ; 101.354;
16 ; 15 ; 5 ; 0.734849 ; 0.00419144 ; -0.0170226 ; 101.283;
17 ; 15 ; 5 ; 0.746809 ; 0.000110794 ; 0.00693964 ; 101.35;
18 ; 15 ; 5 ; 0.722086 ; -0.00150249 ; 0.00853859 ; 101.197;
19 ; 15 ; 5 ; 0.720392 ; 0.00908985 ; 0.00734812 ; 101.485;
20 ; 15 ; 5 ; 0.748668 ; -0.00746968 ; -0.0196683 ; 100.96;
21 ; 15 ; 5 ; 0.770442 ; 0.0150706 ; -0.022576 ; 101.262;
4 ; 16 ; 5 ; 0.758503 ; 0.00234986 ; 0.0237368 ; 101.412;
5 ; 16 ; 5 ; 0.737153 ; -0.00735568 ; 0.0131396 ; 101.354;
6 ; 16 ; 5 ; 0.745173 ; -0.000463445 ; 0.00522112 ; 101.158;
7 ; 16 ; 5 ; 0.757575 ; -0.00760011 ; 0.0115909 ; 101.34;
8 ; 16 ; 5 ; 0.749276 ; -9.02516e-06 ; 0.00256403 ; 101.431;
9 ; 16 ; 5 ; 0.75319 ; -0.0114938 ; 0.00934734 ; 101.47;
10 ; 16 ; 5 ; 0.730361 ; -0.00216698 ; -0.00699532 ; 101.151;
11 ; 16 ; 5 ; 0.722887 ; 0.00799531 ; 0.00382733 ; 101.562;
12 ; 16 ; 5 ; 0.732129 ; -0.00451694 ; -0.0098192 ; 101.495;
13 ; 16 ; 5 ; 0.754833 ; 0.0104718 ; 0.0090035 ; 101.295;
14 ; 16 ; 5 ; 0.72884 ; -0.00778135 ; -0.0116717 ; 101.405;
15 ; 16 ; 5 ; 0.740055 ; 0.0070935 ; 0.00369762 ; 101.556;
16 ; 16 ; 5 ; 0.733983 ; 0.00043206 ; -0.0117087 ; 101.645;
17 ; 16 ; 5 ; 0.73028 ; -0.0101409 ; 0.0159113 ; 101.023;
18 ; 16 ; 5 ; 0.740454 ; 0.0150056 ; -0.00442482 ; 101.201;
19 ; 16 ; 5 ; 0.747934 ; 0.0195605 ; 0.00349306 ; 101.795;
20 ; 16 ; 5 ; 0.7454 ; 0.000602625 ; -0.00948188 ; 101.161;
21 ; 16 ; 5 ; 0.737751 ; -0.000250387 ; 0.00125954 ; 101.934;
4 ; 17 ; 5 ; 0.743867 ; 0.00621113 ; 0.00291561 ; 100.943;
5 ; 17 ; 5 ; 0.748372 ; 0.00582399 ; -0.00178357 ; 101.251;
6 ; 17 ; 5 ; 0.767729 ; -0.00525769 ; 0.0137051 ; 101.301;
7 ; 17 ; 5 ; 0.741819 ; -0.0163007 ; 0.00207795 ; 102.003;
8 ; 17 ; 5 ; 0.75537 ; 0.0151491 ; -0.00719109 ; 101.513;
9 ; 17 ; 5 ; 0.721472 ; 0.00397908 ; 0.00251013 ; 100.814;
10 ; 17 ; 5 ; 0.731172 ; 0.000502888 ; 0.0050384 ; 101.69;
11 ; 17 ; 5 ; 0.731414 ; 0.00507265 ; -0.00796182 ; 101.127;
12 ; 17 ; 5 ; 0.731591 ; 0.00718681 ; 0.00527765 ; 101.482;
13 ; 17 ; 5 ; 0.752757 ; 0.000251654 ; 0.014906 ; 101.766;
14 ; 17 ; 5 ; 0.737282 ; 0.0108534 ; -0.00551995 ; 101.47;
15 ; 17 ; 5 ; 0.730666 ; 0.00587601 ; -0.0100624 ; 101.293;
16 ; 17 ; 5 ; 0.741494 ; 0.000135412 ; -0.00916445 ; 101.537;
17 ; 17 ; 5 ; 0.757897 ; 0.00161349 ; -0.00105308 ; 101.604;
18 ; 17 ; 5 ; 0.746997 ; 0.000757566 ; 0.00448343 ; 101.74;
19 ; 17 ; 5 ; 0.757904 ; 0.00311038 ; -0.013045 ; 101.576;
20 ; 17 ; 5 ; 0.75777 ; -0.0144418 ; -0.00669189 ; 101.32;
21 ; 17 ; 5 ; 0.732467 ; 0.0069142 ; -0.012067 ; 101.024;
4 ; 18 ; 5 ; 0.745784 ; 0.0115501 ; 0.0145028 ; 101.56;
5 ; 18 ; 5 ; 0.738963 ; 0.00930852 ; 0.0146977 ; 101.318;
6 ; 18 ; 5 ; 0.748381 ; 0.000749661 ; 0.00639582 ; 101.327;
7 ; 18 ; 5 ; 0.731747 ; -0.00530156 ; -0.00410854 ; 100.948;
8 ; 18 ; 5 ; 0.717022 ; 0.0101637 ; -0.00843925 ; 101.253;
9 ; 18 ; 5 ; 0.762894 ; 0.00406541 ; -0.00578801 ; 101.345;
10 ; 18 ; 5 ; 0.736403 ; -0.00765124 ; 0.00805335 ; 101.872;
11 ; 18 ; 5 ; 0.747488 ; 0.00238458 ; -0.00797149 ; 101.333;
12 ; 18 ; 5 ; 0.74013 ; 0.00363735 ; 0.00271781 ; 101.203;
13 ; 18 ; 5 ; 0.725275 ; -6.10236e-05 ; 0.0145995 ; 101.67;
14 ; 18 ; 5 ; 0.741684 ; 0.00185222 ; 0.000768953 ; 101.315;
15 ; 18 ; 5 ; 0.754756 ; 0.00934261 ; 0.0126652 ; 101.368;
16 ; 18 ; 5 ; 0.756327 ; -0.0021701 ; -0.00337933 ; 101.382;
17 ; 18 ; 5 ; 0.750985 ; -0.00267428 ; -0.0117578 ; 101.551;
18 ; 18 ; 5 ; 0.764 ; 0.0170765 ; 0.0121484 ; 101.276;
19 ; 18 ; 5 ; 0.731648 ; 0.0166616 ; -0.00331934 ; 101.311;
20 ; 18 ; 5 ; 0.738946 ; -0.00713981 ; 0.00652011 ; 101.244;
21 ; 18 ; 5 ; 0.751956 ; 0.0175132 ; -0.013817 ; 101.435;
4 ; 19 ; 5 ; 0.753349 ; -0.00194026 ; -0.00759268 ; 100.966;
5 ; 19 ; 5 ; 0.744612 ; 0.00725803 ; 0.0123377 ; 101.925;
6 ; 19 ; 5 ; 0.74185 ; -0.00864474 ; 0.00234536 ; 101.296;
7 ; 19 ; 5 ; 0.739771 ; 0.00786872 ; 0.00944053 ; 101.415;
8 ; 19 ; 5 ; 0.742989 ; 0.00923124 ; -0.00128453 ; 101.222;
9 ; 19 ; 5 ; 0.747106 ; -0.00160896 ; -0.00440911 ; 101.317;
10 ; 19 ; 5 ; 0.733098 ; -0.00415296 ; -0.00762435 ; 100.715;
11 ; 19 ; 5 ; 0.742608 ; -0.0113987 ; -0.00279932 ; 100.735;
12 ; 19 ; 5 ; 0.744372 ; -0.0233106 ; 0.0077537 ; 101.24;
13 ; 19 ; 5 ; 0.734108 ; 0.010732 ; -0.00902555 ; 101.107;
14 ; 19 ; 5 ; 0.739927 ; -3.25558e-05 ; -0.0108719 ; 101.269;
15 ; 19 ; 5 ; 0.745268 ; 0.00528969 ; 0.00251185 ; 101.797;
16 ; 19 ; 5 ; 0.737813 ; -0.0169463 ; 0.00653934 ; 101.919;
17 ; 19 ; 5 ; 0.744276 ; -0.0258491 ; -0.00807696 ; 101.144;
18 ; 19 ; 5 ; 0.751125 ; -0.00567972 ; 0.00141166 ; 101.542;
19 ; 19 ; 5 ; 0.769173 ; 0.00115115 ; -0.0133594 ; 101.202;
20 ; 19 ; 5 ; 0.752004 ; 0.0289121 ; -0.0160025 ; 101.214;
21 ; 19 ; 5 ; 0.74358 ; -0.000896888 ; -0.0121233 ; 101.424;
4 ; 20 ; 5 ; 0.756258 ; 0.0123995 ; -0.0121047 ; 100.792;
5 ; 20 ; 5 ; 0.741256 ; -0.0170255 ; 3.7693e-05 ; 101.003;
6 ; 20 ; 5 ; 0.755411 ; 0.00305231 ; -0.00161009 ; 101.48;
7 ; 20 ; 5 ; 0.740428 ; -0.00215899 ; 0.0257996 ; 101.518;
8 ; 20 ; 5 ; 0.763173 ; -0.00955846 ; 0.00145468 ; 101.283;
9 ; 20 ; 5 ; 0.732305 ; 0.0063736 ; -0.00480577 ; 101.963;
10 ; 20 ; 5 ; 0.738779 ; -0.00428091 ; -0.0242525 ; 101.341;
11 ; 20 ; 5 ; 0.739621 ; -0.0125318 ; -0.0111916 ; 101.301;
12 ; 20 ; 5 ; 0.755034 ; -0.0155748 ; -0.00990923 ; 101.435;
13 ; 20 ; 5 ; 0.744159 ; -0.000388784 ; -0.0164138 ; 101.547;
14 ; 20 ; 5 ; 0.742759 ; -0.00698613 ; -0.00365121 ; 102.005;
15 ; 20 ; 5 ; 0.733903 ; 0.00573678 ; -0.00155804 ; 101.585;
16 ; 20 ; 5 ; 0.751492 ; -0.00123312 ; -0.00725626 ; 101.48;
17 ; 20 ; 5 ; 0.752152 ; 0.00838399 ; -0.00711246 ; 101.325;
18 ; 20 ; 5 ; 0.726921 ; 0.00910834 ; -0.0262557 ; 101.83;
19 ; 20 ; 5 ; 0.756463 ; -0.0176973 ; -0.021224 ; 101.535;
20 ; 20 ; 5 ; 0.748898 ; 0.0105304 ; -0.00469866 ; 100.808;
21 ; 20 ; 5 ; 0.75211 ; -0.00974643 ; -0.0249709 ; 101.258;
4 ; 21 ; 5 ; 0.740044 ; 0.0143981 ; 0.00397215 ; 101.686;
5 ; 21 ; 5 ; 0.738514 ; 0.000512198 ; -0.014028 ; 101.436;
6 ; 21 ; 5 ; 0.752833 ; 0.00979923 ; 0.0126356 ; 101.463;
7 ; 21 ; 5 ; 0.746584 ; -0.0108181 ; 0.012387 ; 101.668;
8 ; 21 ; 5 ; 0.739159 ; 0.00992216 ; -0.00255253 ; 101.545;
9 ; 21 ; 5 ; 0.743011 ; 0.00331089 ; 0.0188921 ; 100.944;
10 ; 21 ; 5 ; 0.759236 ; 0.00914099 ; -0.0182292 ; 101.612;
11 ; 21 ; 5 ; 0.752338 ; 0.000648004 ; 0.00404773 ; 101.25;
12 ; 21 ; 5 ; 0.748881 ; -0.0140411 ; -0.0071141 ; 101.83;
13 ; 21 ; 5 ; 0.750831 ; -0.00284538 ; -0.0246781 ; 100.984;
14 ; 21 ; 5 ; 0.750289 ; -0.0027618 ; 0.00925732 ; 101.25;
15 ; 21 ; 5 ; 0.740858 ; 0.0201782 ; -0.0169857 ; 101.663;
16 ; 21 ; 5 ; 0.744512 ; 0.0133766 ; -0.00153298 ; 101.237;
17 ; 21 ; 5 ; 0.744133 ; 0.0100102 ; 0.00335268 ; 101.527;
18 ; 21 ; 5 ; 0.745654 ; -0.00912387 ; 0.00482079 ; 101.777;
19 ; 21 ; 5 ; 0.755826 ; -0.00321829 ; -0.0195855 ; 102.054;
20 ; 21 ; 5 ; 0.744575 ; -0.0125545 ; 0.0106092 ; 101.56;
21 ; 21 ; 5 ; 0.745792 ; -0.0280923 ; 0.00362033 ; 101.683;
4 ; 4 ; 6 ; 0.618731 ; -0.000716139 ; -0.00479701 ; 101.588;
5 ; 4 ; 6 ; 0.64334 ; 0.00298545 ; -0.000753215 ; 101.789;
6 ; 4 ; 6 ; 0.6445 ; 0.0085927 ; 0.0115092 ; 101.67;
7 ; 4 ; 6 ; 0.651986 ; 0.0136034 ; 0.00248045 ; 101.775;
8 ; 4 ; 6 ; 0.639704 ; -0.0159501 ; -0.00293518 ; 101.088;
9 ; 4 ; 6 ; 0.623798 ; -0.014564 ; 2.64938e-05 ; 101.902;
10 ; 4 ; 6 ; 0.642545 ; 0.014161 ; 0.00458856 ; 101.482;
11 ; 4 ; 6 ; 0.666347 ; -0.0107554 ; 0.0203466 ; 101.232;
12 ; 4 ; 6 ; 0.647099 ; -0.0109451 ; 0.00644566 ; 102.102;
13 ; 4 ; 6 ; 0.633118 ; 0.00178452 ; 0.00724914 ; 101.065;
14 ; 4 ; 6 ; 0.631611 ; -0.0195024 ; 0.00061923 ; 101.27;
15 ; 4 ; 6 ; 0.638595 ; -0.0109233 ; -0.0193152 ; 101.793;
16 ; 4 ; 6 ; 0.639261 ; 0.016173 ; 0.00125816 ; 102.389;
17 ; 4 ; 6 ; 0.631758 ; -0.00473773 ; -0.00154486 ; 101.079;
18 ; 4 ; 6 ; 0.632078 ; -0.01702 ; -0.00494259 ; 101.289;
19 ; 4 ; 6 ; 0.635047 ; 0.0108453 ; -0.0181568 ; 101.066;
20 ; 4 ; 6 ; 0.636667 ; 0.00268628 ; -0.0245332 ; 101.393;
21 ; 4 ; 6 ; 0.636266 ; 0.0176258 ; 0.00395212 ; 100.849;
4 ; 5 ; 6 ; 0.641204 ; 0.00373478 ; -0.00714559 ; 102.03;
5 ; 5 ; 6 ; 0.634319 ; -0.00933853 ; -0.0028631 ; 101.865;
6 ; 5 ; 6 ; 0.632485 ; 0.00145075 ; 0.0309558 ; 101.376;
7 ; 5 ; 6 ; 0.617291 ; 0.000719419 ; 0.0108585 ; 101.78;
8 ; 5 ; 6 ; 0.63709 ; 0.0119579 ; -0.00315075 ; 101.625;
9 ; 5 ; 6 ; 0.659178 ; 0.00706448 ; -0.000896361 ; 101.446;
10 ; 5 ; 6 ; 0.643904 ; 0.0192423 ; 0.0195137 ; 101.353;
11 ; 5 ; 6 ; 0.624867 ; -0.00645137 ; 0.0101476 ; 100.648;
12 ; 5 ; 6 ; 0.623044 ; -0.00333235 ; 0.00146709 ; 101.735;
13 ; 5 ; 6 ; 0.652228 ; 0.0258953 ; 0.00243023 ; 101.425;
14 ; 5 ; 6 ; 0.633259 ; 0.00735964 ; 0.00791945 ; 101.87;
15 ; 5 ; 6 ; 0.639844 ; -0.00181808 ; -0.00857854 ; 101.853;
16 ; 5 ; 6 ; 0.633741 ; -0.00227357 ; 0.00853864 ; 101.108;
17 ; 5 ; 6 ; 0.647061 ; 0.00172218 ; 0.00911403 ; 101.169;
18 ; 5 ; 6 ; 0.635266 ; -0.0126474 ; -0.00180093 ; 101.608;
19 ; 5 ; 6 ; 0.630812 ; 0.00848862 ; 0.0123286 ; 101.84;
20 ; 5 ; 6 ; 0.649134 ; 0.00594161 ; -0.0207911 ; 101.743;
21 ; 5 ; 6 ; 0.663377 ; -0.0164656 ; -0.0290118 ; 101.426;
4 ; 6 ; 6 ; 0.633689 ; 0.0217013 ; 0.0177786 ; 102.181;
5 ; 6 ; 6 ; 0.618802 ; 0.016554 ; -0.000321773 ; 101.309;
6 ; 6 ; 6 ; 0.640037 ; -0.00327073 ; 0.0202642 ; 101.178;
7 ; 6 ; 6 ; 0.621231 ; -0.0016234 ; -0.00727841 ; 101.684;
8 ; 6 ; 6 ; 0.638972 ; -0.00587508 ; 0.00507676 ; 101.016;
9 ; 6 ; 6 ; 0.631675 ; -0.0044661 ; -0.00187424 ; 101.007;
10 ; 6 ; 6 ; 0.635886 ; -0.000886195 ; 0.00370663 ; 101.936;
11 ; 6 ; 6 ; 0.623632 ; -0.015241 ; 0.00565237 ; 102.14;
12 ; 6 ; 6 ; 0.620073 ; 0.0100836 ; 0.00436194 ; 101.353;
13 ; 6 ; 6 ; 0.628259 ; -0.00347423 ; 0.0136292 ; 101.211;
14 ; 6 ; 6 ; 0.640311 ; -0.000558644 ; -0.0161095 ; 101.639;
15 ; 6 ; 6 ; 0.630555 ; 0.00674223 ; -0.0215977 ; 101.913;
16 ; 6 ; 6 ; 0.638204 ; 0.00744532 ; 0.001923 ; 100.893;
17 ; 6 ; 6 ; 0.631305 ; 0.00851714 ; 0.0215261 ; 101.699;
18 ; 6 ; 6 ; 0.630184 ; 0.00918117 ; 0.00504339 ; 101.32;
19 ; 6 ; 6 ; 0.629694 ; 0.00269999 ; -0.0275646 ; 101.878;
20 ; 6 ; 6 ; 0.631843 ; 0.00345808 ; 0.00560015 ; 101.564;
21 ; 6 ; 6 ; 0.617065 ; -0.00433223 ; -0.00281904 ; 101.425;
4 ; 7 ; 6 ; 0.618991 ; -0.0024613 ; -0.00314617 ; 101.446;
5 ; 7 ; 6 ; 0.641281 ; 0.00624593 ; -0.00444145 ; 100.986;
6 ; 7 ; 6 ; 0.637964 ; 0.000120624 ; 0.00583585 ; 101.761;
7 ; 7 ; 6 ; 0.637765 ; 0.0130192 ; 0.000870855 ; 101.406;
8 ; 7 ; 6 ; 0.626002 ; 0.0122614 ; 0.00709967 ; 101.549;
9 ; 7 ; 6 ; 0.658583 ; -0.0215673 ; 0.00311877 ; 101.409;
10 ; 7 ; 6 ; 0.613518 ; 0.00642645 ; 0.00842664 ; 101.748;
11 ; 7 ; 6 ; 0.617236 ; -0.012283 ; 0.0083176 ; 101.725;
12 ; 7 ; 6 ; 0.634001 ; -0.00419547 ; 0.00107042 ; 101.309;
13 ; 7 ; 6 ; 0.638169 ; -0.00360953 ; -0.00250768 ; 100.889;
14 ; 7 ; 6 ; 0.641909 ; -0.01254 ; 0.00522633 ; 100.95;
15 ; 7 ; 6 ; 0.64202 ; -0.0040686 ; 0.0138294 ; 101.403;
16 ; 7 ; 6 ; 0.636942 ; -0.00516234 ; -0.00656175 ; 101.482;
17 ; 7 ; 6 ; 0.620474 ; 0.00740118 ; -0.014769 ; 101.218;
18 ; 7 ; 6 ; 0.628429 ; 0.00889454 ; -0.00224704 ; 101.261;
19 ; 7 ; 6 ; 0.618161 ; -0.0130796 ; -0.00551309 ; 101.517;
20 ; 7 ; 6 ; 0.636798 ; 0.00622057 ; -0.0167865 ; 101.607;
21 ; 7 ; 6 ; 0.641519 ; 0.000761567 ; -0.00993485 ; 101.449;
4 ; 8 ; 6 ; 0.631649 ; 0.0243717 ; 0.0175241 ; 101.614;
5 ; 8 ; 6 ; 0.632349 ; 0.00701633 ; 0.0163584 ; 101.608;
6 ; 8 ; 6 ; 0.63464 ; -0.0092728 ; -0.0097759 ; 101.505;
7 ; 8 ; 6 ; 0.651605 ; 0.0133085 ; -0.000966338 ; 100.92;
8 ; 8 ; 6 ; 0.620509 ; 0.00861901 ; 0.0163027 ; 101.23;
9 ; 8 ; 6 ; 0.629468 ; -0.0097628 ; 0.0132832 ; 101.38;
10 ; 8 ; 6 ; 0.62595 ; 0.000868823 ; -0.00111862 ; 100.984;
11 ; 8 ; 6 ; 0.628225 ; -0.0161778 ; 0.0107451 ; 101.534;
12 ; 8 ; 6 ; 0.616426 ; 0.00932943 ; -0.00309288 ; 101.154;
13 ; 8 ; 6 ; 0.623994 ; 0.00023973 ; -0.00254708 ; 101.811;
14 ; 8 ; 6 ; 0.634058 ; 0.0096439 ; 0.005255 ; 101.415;
15 ; 8 ; 6 ; 0.619416 ; 0.0051016 ; -0.002637 ; 101.901;
16 ; 8 ; 6 ; 0.63646 ; 0.0068321 ; -0.0243198 ; 101.752;
17 ; 8 ; 6 ; 0.641335 ; -0.0011821 ; 0.00553348 ; 101.207;
18 ; 8 ; 6 ; 0.64312 ; 0.0116075 ; -0.00744723 ; 101.858;
19 ; 8 ; 6 ; 0.63182 ; -0.00574148 ; 0.011048 ; 100.958;
20 ; 8 ; 6 ; 0.632064 ; 0.0134505 ; -0.0167601 ; 101.992;
21 ; 8 ; 6 ; 0.63387 ; 0.0121934 ; 0.0130107 ; 101.683;
4 ; 9 ; 6 ; 0.636961 ; 0.0157147 ; -0.00445628 ; 102.052;
5 ; 9 ; 6 ; 0.645006 ; -0.00666284 ; 0.019925 ; 101.431;
6 ; 9 ; 6 ; 0.641876 ; -0.00913616 ; 0.0110695 ; 101.5;
7 ; 9 ; 6 ; 0.6422 ; 0.0108502 ; 0.0026142 ; 102.145;
8 ; 9 ; 6 ; 0.638949 ; -0.00674155 ; 0.00347149 ; 101.613;
9 ; 9 ; 6 ; 0.630262 ; 0.00387385 ; -0.0157274 ; 101.835;
10 ; 9 ; 6 ; 0.652771 ; -0.00374406 ; 0.000699356 ; 101.397;
11 ; 9 ; 6 ; 0.633285 ; -0.0140407 ; 0.0131306 ; 101.275;
12 ; 9 ; 6 ; 0.62337 ; 0.00974783 ; 0.000627522 ; 100.98;
13 ; 9 ; 6 ; 0.624347 ; 0.00918868 ; 0.010598 ; 101.607;
14 ; 9 ; 6 ; 0.640947 ; -0.0140684 ; -0.00740634 ; 101.834;
15 ; 9 ; 6 ; 0.622807 ; 0.00833684 ; 0.00278956 ; 101.779;
16 ; 9 ; 6 ; 0.639 ; -0.00436372 ; -0.00127132 ; 101.71;
17 ; 9 ; 6 ; 0.630157 ; 0.0106267 ; -0.0013458 ; 101.608;
18 ; 9 ; 6 ; 0.652916 ; -0.0130256 ; -0.000489496 ; 101.021;
19 ; 9 ; 6 ; 0.622203 ; -0.00240965 ; 0.00483894 ; 101.96;
20 ; 9 ; 6 ; 0.627308 ; 0.00916288 ; -0.0144699 ; 101.077;
21 ; 9 ; 6 ; 0.616191 ; -0.0115504 ; 0.00627362 ; 101.5;
4 ; 10 ; 6 ; 0.645235 ; -0.00412336 ; 0.011149 ; 101.799;
5 ; 10 ; 6 ; 0.644527 ; -0.0066078 ; -0.00276543 ; 101.513;
6 ; 10 ; 6 ; 0.63583 ; 0.00284384 ; 0.00341872 ; 101.322;
7 ; 10 ; 6 ; 0.634591 ; 0.0154455 ; -0.00701944 ; 101.775;
8 ; 10 ; 6 ; 0.652656 ; -0.00912526 ; -0.000567743 ; 101.752;
9 ; 10 ; 6 ; 0.633458 ; 0.00404828 ; -0.0107083 ; 100.95;
10 ; 10 ; 6 ; 0.622417 ; -0.0124567 ; -0.0153967 ; 101.305;
11 ; 10 ; 6 ; 0.635048 ; -0.0122567 ; 0.00646185 ; 102.214;
12 ; 10 ; 6 ; 0.635277 ; 0.00575605 ; 0.000479288 ; 101.373;
13 ; 10 ; 6 ; 0.618836 ; 0.0117002 ; 0.00806343 ; 100.979;
14 ; 10 ; 6 ; 0.622023 ; -0.008357 ; -0.0118844 ; 101.464;
15 ; 10 ; 6 ; 0.651783 ; -0.00860819 ; 0.0124891 ; 101.958;
16 ; 10 ; 6 ; 0.633047 ; 0.00237909 ; 0.0117132 ; 101.467;
17 ; 10 ; 6 ; 0.615845 ; 0.0109965 ; 0.00507073 ; 101.756;
18 ; 10 ; 6 ; 0.642885 ; 0.00607622 ; -0.00736578 ; 101.355;
19 ; 10 ; 6 ; 0.640941 ; 0.00718564 ; 0.00664145 ; 101.151;
20 ; 10 ; 6 ; 0.64266 ; -0.00493681 ; 0.00269904 ; 101.241;
21 ; 10 ; 6 ; 0.6403 ; 0.00669885 ; -0.00866303 ; 101.297;
4 ; 11 ; 6 ; 0.644687 ; 0.00317773 ; 0.00157052 ; 100.902;
5 ; 11 ; 6 ; 0.648431 ; -0.00382994 ; 0.00210291 ; 101.632;
6 ; 11 ; 6 ; 0.658945 ; -0.00504087 ; 0.0132564 ; 101.349;
7 ; 11 ; 6 ; 0.645423 ; 0.0223671 ; 0.00241992 ; 101.245;
8 ; 11 ; 6 ; 0.635863 ; 0.0102486 ; -0.00557968 ; 101.037;
9 ; 11 ; 6 ; 0.627026 ; 0.000663136 ; 0.0213088 ; 101.34;
10 ; 11 ; 6 ; 0.660483 ; -0.0109633 ; 0.0201753 ; 101.217;
11 ; 11 ; 6 ; 0.643033 ; 0.000337203 ; -0.0107654 ; 101.254;
12 ; 11 ; 6 ; 0.638377 ; -0.00040025 ; -0.00413902 ; 101.457;
13 ; 11 ; 6 ; 0.662625 ; 0.00995521 ; 0.00376877 ; 101.772;
14 ; 11 ; 6 ; 0.636896 ; 0.00953886 ; 0.0105042 ; 101.908;
15 ; 11 ; 6 ; 0.630532 ; -0.00204354 ; -0.0175982 ; 101.706;
16 ; 11 ; 6 ; 0.616339 ; -0.00696442 ; -0.00612196 ; 101.294;
17 ; 11 ; 6 ; 0.622163 ; -0.0110537 ; 0.00491612 ; 102.085;
18 ; 11 ; 6 ; 0.648032 ; 0.0167622 ; -0.00473481 ; 100.864;
19 ; 11 ; 6 ; 0.626643 ; 0.00135956 ; -0.00770085 ; 101.7;
20 ; 11 ; 6 ; 0.634939 ; 0.00181701 ; -0.00717601 ; 101.317;
21 ; 11 ; 6 ; 0.641918 ; -0.0222539 ; -0.00880838 ; 101.67;
4 ; 12 ; 6 ; 0.642173 ; 0.0147948 ; -0.0151334 ; 101.108;
5 ; 12 ; 6 ; 0.647328 ; 0.000511734 ; 0.00598734 ; 101.49;
6 ; 12 ; 6 ; 0.642972 ; -0.00951096 ; 0.0164239 ; 102.079;
7 ; 12 ; 6 ; 0.643876 ; -0.0029798 ; -0.00865169 ; 101.556;
8 ; 12 ; 6 ; 0.64508 ; 0.00223092 ; 0.00420942 ; 101.639;
9 ; 12 ; 6 ; 0.638634 ; -0.0024173 ; 0.0216939 ; 101.012;
10 ; 12 ; 6 ; 0.648486 ; -0.00843358 ; 0.0186103 ; 101.316;
11 ; 12 ; 6 ; 0.638062 ; -0.00250628 ; -0.016585 ; 101.932;
12 ; 12 ; 6 ; 0.628691 ; 0.00319386 ; 0.0273585 ; 101.55;
13 ; 12 ; 6 ; 0.630059 ; 0.0253773 ; -0.00559285 ; 100.713;
14 ; 12 ; 6 ; 0.630573 ; 0.00757586 ; -0.00415453 ; 100.979;
15 ; 12 ; 6 ; 0.633228 ; -0.0144173 ; -0.00219849 ; 101.962;
16 ; 12 ; 6 ; 0.624942 ; -0.00223305 ; 0.0277943 ; 101.221;
17 ; 12 ; 6 ; 0.610478 ; 0.000964173 ; -0.0126879 ; 101.522;
18 ; 12 ; 6 ; 0.632836 ; -0.00577391 ; 0.00279506 ; 101.211;
19 ; 12 ; 6 ; 0.645087 ; 0.00698351 ; -0.0115139 ; 101.205;
20 ; 12 ; 6 ; 0.613946 ; 0.000158982 ; -0.00984691 ; 101.416;
21 ; 12 ; 6 ; 0.640102 ; 1.38883e-05 ; -0.0306368 ; 101.293;
4 ; 13 ; 6 ; 0.634961 ; 0.0170872 ; 0.00890104 ; 101.719;
5 ; 13 ; 6 ; 0.629685 ; 0.0037276 ; 0.00827419 ; 101.554;
6 ; 13 ; 6 ; 0.636372 ; -0.00740316 ; 0.00786472 ; 101.821;
7 ; 13 ; 6 ; 0.622887 ; -0.00471395 ; -0.00179924 ; 101.741;
8 ; 13 ; 6 ; 0.651515 ; 0.00669895 ; 0.00210605 ; 101.301;
9 ; 13 ; 6 ; 0.632068 ; -0.0104618 ; 0.0102886 ; 101.757;
10 ; 13 ; 6 ; 0.651754 ; 0.000513021 ; 0.0110444 ; 100.767;
11 ; 13 ; 6 ; 0.637341 ; -0.0187214 ; -0.0123418 ; 101.704;
12 ; 13 ; 6 ; 0.642437 ; 0.000287988 ; -0.0268306 ; 101.937;
13 ; 13 ; 6 ; 0.647787 ; 0.00239416 ; -0.0025041 ; 101.884;
14 ; 13 ; 6 ; 0.622326 ; -0.0063245 ; -0.00152041 ; 101.131;
15 ; 13 ; 6 ; 0.631194 ; -0.00887991 ; 0.013767 ; 101.717;
16 ; 13 ; 6 ; 0.627668 ; 0.0086378 ; 0.00645142 ; 101.542;
17 ; 13 ; 6 ; 0.626743 ; 0.00611496 ; -0.0180377 ; 101.814;
18 ; 13 ; 6 ; 0.635948 ; 0.00703307 ; -0.00551607 ; 101.593;
19 ; 13 ; 6 ; 0.641157 ; -0.00210552 ; -0.0071788 ; 101.816;
20 ; 13 ; 6 ; 0.63089 ; 0.00891993 ; -0.0143362 ; 100.975;
21 ; 13 ; 6 ; 0.633811 ; -0.00737844 ; 0.00140425 ; 101.896;
4 ; 14 ; 6 ; 0.641826 ; 0.00734682 ; -0.00070224 ; 101.38;
5 ; 14 ; 6 ; 0.641471 ; -0.00485242 ; -0.0108515 ; 101.803;
6 ; 14 ; 6 ; 0.622142 ; 0.0128921 ; 0.0123112 ; 101.61;
7 ; 14 ; 6 ; 0.636372 ; -0.00445436 ; -0.00401413 ; 101.568;
8 ; 14 ; 6 ; 0.632922 ; -0.0038358 ; -0.00807168 ; 101.443;
9 ; 14 ; 6 ; 0.618537 ; -0.0153622 ; -0.00276394 ; 101.782;
10 ; 14 ; 6 ; 0.625792 ; -0.00836968 ; 0.00143849 ; 101.273;
11 ; 14 ; 6 ; 0.641328 ; 0.00237868 ; 0.0118027 ; 101.438;
12 ; 14 ; 6 ; 0.628967 ; 0.0129659 ; 0.00871715 ; 101.425;
13 ; 14 ; 6 ; 0.621691 ; -0.0188315 ; 0.00256417 ; 101.545;
14 ; 14 ; 6 ; 0.630939 ; 0.00239335 ; -0.00392029 ; 101.91;
15 ; 14 ; 6 ; 0.646758 ; -0.0129787 ; -0.00158802 ; 101.46;
16 ; 14 ; 6 ; 0.637308 ; -0.00872774 ; 0.00333787 ; 101.829;
17 ; 14 ; 6 ; 0.633038 ; 0.00608628 ; -0.0134807 ; 101.813;
18 ; 14 ; 6 ; 0.633059 ; 0.0037458 ; -0.0262501 ; 102.011;
19 ; 14 ; 6 ; 0.612668 ; -0.00861522 ; -0.00886169 ; 101.424;
20 ; 14 ; 6 ; 0.642535 ; 0.00488763 ; -0.0215842 ; 102.009;
21 ; 14 ; 6 ; 0.628336 ; 0.00197896 ; -0.0164237 ; 101.402;
4 ; 15 ; 6 ; 0.640209 ; -0.0154458 ; 0.00413639 ; 101.886;
5 ; 15 ; 6 ; 0.649847 ; 0.00832363 ; -0.00729336 ; 100.684;
6 ; 15 ; 6 ; 0.630403 ; 0.00782812 ; 0.00449051 ; 101.787;
7 ; 15 ; 6 ; 0.6363 ; -0.00674045 ; 0.0154026 ; 101.279;
8 ; 15 ; 6 ; 0.634809 ; 0.0128714 ; -0.00097933 ; 101.545;
9 ; 15 ; 6 ; 0.618845 ; -0.00433936 ; -0.0049667 ; 101.062;
10 ; 15 ; 6 ; 0.630794 ; -0.0192561 ; 0.00697834 ; 101.912;
11 ; 15 ; 6 ; 0.638924 ; 0.0197526 ; 0.0170349 ; 101.506;
12 ; 15 ; 6 ; 0.636043 ; 0.00573193 ; -0.00483957 ; 101.263;
13 ; 15 ; 6 ; 0.621915 ; -0.014039 ; -0.00750296 ; 101.215;
14 ; 15 ; 6 ; 0.61605 ; 0.00290348 ; 0.022711 ; 101.508;
15 ; 15 ; 6 ; 0.626423 ; 0.00299015 ; -0.0169642 ; 101.423;
16 ; 15 ; 6 ; 0.64075 ; -0.00286574 ; -0.00439971 ; 101.6;
17 ; 15 ; 6 ; 0.624835 ; -0.00314343 ; -0.0135916 ; 101.717;
18 ; 15 ; 6 ; 0.638675 ; -0.00939975 ; -0.00184327 ; 100.84;
19 ; 15 ; 6 ; 0.633762 ; 0.00995883 ; -0.00151772 ; 101.446;
20 ; 15 ; 6 ; 0.633182 ; -0.00307631 ; -0.0084771 ; 101.643;
21 ; 15 ; 6 ; 0.623498 ; 0.00762049 ; 8.03564e-05 ; 101.202;
4 ; 16 ; 6 ; 0.631828 ; 0.000392016 ; 0.0177195 ; 101.683;
5 ; 16 ; 6 ; 0.62764 ; 0.00375235 ; 0.0116684 ; 101.271;
6 ; 16 ; 6 ; 0.629337 ; -0.00812028 ; 0.00221035 ; 101.673;
7 ; 16 ; 6 ; 0.622747 ; 0.00128289 ; 0.00420192 ; 101.972;
8 ; 16 ; 6 ; 0.633811 ; 0.00694828 ; -0.002932 ; 101.21;
9 ; 16 ; 6 ; 0.639318 ; 0.00374988 ; 0.00866338 ; 101.525;
10 ; 16 ; 6 ; 0.646798 ; -0.000785358 ; 0.0174203 ; 101.313;
11 ; 16 ; 6 ; 0.649756 ; -0.00734087 ; -0.00672926 ; 101.478;
12 ; 16 ; 6 ; 0.631054 ; -0.0126215 ; -0.0224878 ; 101.65;
13 ; 16 ; 6 ; 0.649399 ; 0.00229745 ; -0.00334604 ; 102.04;
14 ; 16 ; 6 ; 0.648221 ; -0.00120949 ; 0.00717364 ; 101.511;
15 ; 16 ; 6 ; 0.64034 ; 0.0031242 ; 0.00264676 ; 101.829;
16 ; 16 ; 6 ; 0.624869 ; -0.00838959 ; 0.00796406 ; 101.723;
17 ; 16 ; 6 ; 0.650764 ; 0.00207725 ; -0.0123681 ; 101.85;
18 ; 16 ; 6 ; 0.630008 ; -0.00534061 ; -0.0114462 ; 101.17;
19 ; 16 ; 6 ; 0.627446 ; 0.00919564 ; -0.00592315 ; 101.795;
20 ; 16 ; 6 ; 0.636638 ; 0.017577 ; -0.0176945 ; 101.473;
21 ; 16 ; 6 ; 0.642874 ; 0.00753017 ; -0.00522948 ; 102.071;
4 ; 17 ; 6 ; 0.646463 ; -0.0262975 ; -0.00092294 ; 101.3;
5 ; 17 ; 6 ; 0.662564 ; 0.00713848 ; 7.21067e-05 ; 101.304;
6 ; 17 ; 6 ; 0.640131 ; -0.0152529 ; -0.000238921 ; 101.822;
7 ; 17 ; 6 ; 0.643446 ; -0.00204423 ; 0.00668196 ; 101.088;
8 ; 17 ; 6 ; 0.631671 ; -0.00179999 ; -0.00520689 ; 101.23;
9 ; 17 ; 6 ; 0.619518 ; -0.000519498 ; -0.017562 ; 101.5;
10 ; 17 ; 6 ; 0.635417 ; -0.00635477 ; 0.00415142 ; 101.55;
11 ; 17 ; 6 ; 0.632828 ; 0.00443544 ; -0.0062531 ; 101.866;
12 ; 17 ; 6 ; 0.626367 ; 0.00165425 ; 0.0102701 ; 101.298;
13 ; 17 ; 6 ; 0.635072 ; 0.00511657 ; -0.0121749 ; 101.051;
14 ; 17 ; 6 ; 0.624351 ; 0.0229124 ; -0.011959 ; 100.978;
15 ; 17 ; 6 ; 0.643024 ; 0.0164447 ; -0.00782868 ; 102.025;
16 ; 17 ; 6 ; 0.628796 ; -0.00833378 ; 0.0210841 ; 101.196;
17 ; 17 ; 6 ; 0.644377 ; -0.0139582 ; -0.00504498 ; 101.376;
18 ; 17 ; 6 ; 0.619629 ; 0.00562415 ; -0.0107107 ; 101.102;
19 ; 17 ; 6 ; 0.637536 ; 0.00323604 ; -0.0193165 ; 101.634;
20 ; 17 ; 6 ; 0.627888 ; 0.0101101 ; -0.0122273 ; 101.823;
21 ; 17 ; 6 ; 0.623944 ; 0.00949906 ; -0.00583721 ; 100.892;
4 ; 18 ; 6 ; 0.632454 ; -0.0117324 ; 0.00352557 ; 101.261;
5 ; 18 ; 6 ; 0.637532 ; 0.0120958 ; -0.00307735 ; 101.439;
6 ; 18 ; 6 ; 0.639278 ; 0.00368889 ; 0.0181225 ; 101.021;
7 ; 18 ; 6 ; 0.645185 ; -0.00589208 ; 0.00208912 ; 101.805;
8 ; 18 ; 6 ; 0.626573 ; 0.0160137 ; -0.0116059 ; 101.843;
9 ; 18 ; 6 ; 0.621549 ; 0.0173276 ; -0.00418444 ; 101.136;
10 ; 18 ; 6 ; 0.625586 ; -0.0050937 ; 0.00326193 ; 101.435;
11 ; 18 ; 6 ; 0.636881 ; -0.00354519 ; 0.00420384 ; 101.362;
12 ; 18 ; 6 ; 0.642056 ; -0.0114042 ; 0.0214944 ; 101.496;
13 ; 18 ; 6 ; 0.632289 ; -0.00279603 ; 0.00477901 ; 101.399;
14 ; 18 ; 6 ; 0.621868 ; -0.00952088 ; -0.00931939 ; 101.983;
15 ; 18 ; 6 ; 0.651492 ; 0.000937155 ; -0.00661043 ; 102.148;
16 ; 18 ; 6 ; 0.607669 ; -0.0209732 ; 0.0167004 ; 101.94;
17 ; 18 ; 6 ; 0.618397 ; -0.0307459 ; -0.00610273 ; 101.693;
18 ; 18 ; 6 ; 0.637811 ; -0.0187505 ; 0.0158158 ; 101.471;
19 ; 18 ; 6 ; 0.639637 ; -0.00246113 ; -0.00177567 ; 101.199;
20 ; 18 ; 6 ; 0.634831 ; 0.0143971 ; -0.00707784 ; 101.755;
21 ; 18 ; 6 ; 0.644947 ; -0.0132281 ; -0.00979625 ; 101.034;
4 ; 19 ; 6 ; 0.643434 ; -0.000545135 ; -0.00573613 ; 101.564;
5 ; 19 ; 6 ; 0.64498 ; -0.00133533 ; 0.0120104 ; 101.078;
6 ; 19 ; 6 ; 0.627435 ; -0.00761578 ; 0.0154483 ; 100.691;
7 ; 19 ; 6 ; 0.631325 ; -0.0102162 ; 0.000909139 ; 101.676;
8 ; 19 ; 6 ; 0.627232 ; 0.0154726 ; 0.000353194 ; 101.285;
9 ; 19 ; 6 ; 0.64176 ; 0.00279053 ; -0.0032044 ; 101.738;
10 ; 19 ; 6 ; 0.639026 ; -0.00876318 ; 0.0135467 ; 101.937;
11 ; 19 ; 6 ; 0.639196 ; -0.00864371 ; -0.00654289 ; 101.93;
12 ; 19 ; 6 ; 0.652156 ; -0.00987683 ; -0.0117933 ; 101.606;
13 ; 19 ; 6 ; 0.61514 ; -0.00848861 ; 0.0165752 ; 101.215;
14 ; 19 ; 6 ; 0.631414 ; 0.000464632 ; -0.0103321 ; 101.174;
15 ; 19 ; 6 ; 0.636069 ; -0.00543091 ; -0.0126442 ; 101.616;
16 ; 19 ; 6 ; 0.645522 ; -0.0222618 ; -0.00646192 ; 101.782;
17 ; 19 ; 6 ; 0.628074 ; -0.0121762 ; -0.0025328 ; 100.817;
18 ; 19 ; 6 ; 0.637797 ; -0.0227499 ; -0.00633265 ; 101.533;
19 ; 19 ; 6 ; 0.617045 ; -0.0056321 ; -0.0150779 ; 100.61;
20 ; 19 ; 6 ; 0.611303 ; 0.00827523 ; -0.00589985 ; 101.331;
21 ; 19 ; 6 ; 0.625595 ; -0.00014472 ; -0.012264 ; 101.681;
4 ; 20 ; 6 ; 0.658299 ; 0.0102678 ; -0.0101173 ; 101.653;
5 ; 20 ; 6 ; 0.635389 ; 5.23565e-05 ; 0.0101478 ; 102;
6 ; 20 ; 6 ; 0.665441 ; -0.00797403 ; 0.0127469 ; 101.051;
7 ; 20 ; 6 ; 0.623754 ; 0.0133379 ; 0.0109049 ; 101.362;
8 ; 20 ; 6 ; 0.636658 ; -0.00249311 ; -0.000383447 ; 101.6;
9 ; 20 ; 6 ; 0.651477 ; -0.0203554 ; 0.00178604 ; 100.955;
10 ; 20 ; 6 ; 0.649482 ; -0.0137609 ; -0.00209232 ; 101.39;
11 ; 20 ; 6 ; 0.651346 ; -0.0011629 ; 0.00848611 ; 101.701;
12 ; 20 ; 6 ; 0.644169 ; 0.00388372 ; -0.00621514 ; 101.588;
13 ; 20 ; 6 ; 0.615572 ; 0.0110771 ; -0.0142347 ; 101.165;
14 ; 20 ; 6 ; 0.625052 ; -0.000309571 ; -0.00671084 ; 101.685;
15 ; 20 ; 6 ; 0.619069 ; 0.0277599 ; 0.0106737 ; 101.59;
16 ; 20 ; 6 ; 0.631485 ; -0.013417 ; -0.00906056 ; 101.956;
17 ; 20 ; 6 ; 0.64421 ; 0.00575012 ; 0.00627244 ; 101.548;
18 ; 20 ; 6 ; 0.660083 ; 0.0127172 ; -0.00872008 ; 101.6;
19 ; 20 ; 6 ; 0.641897 ; 0.00464962 ; -0.0175515 ; 101.033;
20 ; 20 ; 6 ; 0.630134 ; 0.000717645 ; -0.00922141 ; 101.462;
21 ; 20 ; 6 ; 0.624587 ; -0.00042454 ; 0.00230371 ; 101.808;
4 ; 21 ; 6 ; 0.633247 ; -0.0118109 ; -0.00815107 ; 101.073;
5 ; 21 ; 6 ; 0.644432 ; -0.0302769 ; -0.0175811 ; 101.776;
6 ; 21 ; 6 ; 0.667302 ; -0.00527811 ; 0.00868577 ; 101.485;
7 ; 21 ; 6 ; 0.640661 ; -0.000406921 ; -0.00303778 ; 102.024;
8 ; 21 ; 6 ; 0.649165 ; -0.000230176 ; -0.00658721 ; 101.566;
9 ; 21 ; 6 ; 0.649075 ; -0.0130013 ; 0.0139515 ; 101.774;
10 ; 21 ; 6 ; 0.648412 ; -0.019296 ; 0.00302777 ; 101.303;
11 ; 21 ; 6 ; 0.638757 ; -0.0053575 ; 0.000741443 ; 102.198;
12 ; 21 ; 6 ; 0.624953 ; 0.00046667 ; 0.0222382 ; 101.16;
13 ; 21 ; 6 ; 0.64331 ; -0.000454702 ; 0.0200463 ; 100.793;
14 ; 21 ; 6 ; 0.647246 ; -0.00463162 ; -0.0188967 ; 101.768;
15 ; 21 ; 6 ; 0.635488 ; 0.0173687 ; -0.00409566 ; 101.557;
16 ; 21 ; 6 ; 0.646973 ; 0.00163318 ; -0.00864368 ; 100.969;
17 ; 21 ; 6 ; 0.630197 ; -0.0155811 ; 0.00852191 ; 101.324;
18 ; 21 ; 6 ; 0.634379 ; -0.00964477 ; -0.00198162 ; 100.963;
19 ; 21 ; 6 ; 0.639735 ; -0.00429998 ; -0.000379432 ; 101.498;
20 ; 21 ; 6 ; 0.631717 ; -0.00189124 ; -0.00349577 ; 101.745;
21 ; 21 ; 6 ; 0.63928 ; -0.00731379 ; -0.00795953 ; 100.828;
4 ; 4 ; 7 ; 0.512405 ; -0.0058676 ; -0.00826752 ; 101.102;
5 ; 4 ; 7 ; 0.545615 ; 0.0155808 ; 0.00258157 ; 101.76;
6 ; 4 ; 7 ; 0.543863 ; 0.00977879 ; 0.0226729 ; 101.517;
7 ; 4 ; 7 ; 0.548992 ; 0.0140027 ; 0.0182471 ; 101.518;
8 ; 4 ; 7 ; 0.542196 ; 0.00927118 ; -0.00948992 ; 100.559;
9 ; 4 ; 7 ; 0.537221 ; 0.0139305 ; -0.00385736 ; 101.156;
10 ; 4 ; 7 ; 0.547772 ; 0.0256585 ; -0.00361082 ; 101.486;
11 ; 4 ; 7 ; 0.53556 ; 0.00176529 ; 0.00908039 ; 101.3;
12 ; 4 ; 7 ; 0.54235 ; -0.0067305 ; 0.00443083 ; 101.79;
13 ; 4 ; 7 ; 0.53673 ; -0.000694956 ; 0.0187658 ; 102.169;
14 ; 4 ; 7 ; 0.538953 ; 0.00358995 ; 0.00668887 ; 101.113;
15 ; 4 ; 7 ; 0.526406 ; 0.0233771 ; -0.00110272 ; 101.793;
16 ; 4 ; 7 ; 0.537333 ; -0.0038118 ; 0.00419742 ; 101.25;
17 ; 4 ; 7 ; 0.540922 ; -0.0250852 ; 0.00747876 ; 101.42;
18 ; 4 ; 7 ; 0.510207 ; -0.0100059 ; 0.00383709 ; 101.63;
19 ; 4 ; 7 ; 0.535292 ; 0.00297229 ; 0.000574178 ; 101.527;
20 ; 4 ; 7 ; 0.524978 ; -0.0117918 ; -0.00914962 ; 101.548;
21 ; 4 ; 7 ; 0.5366 ; 0.00507901 ; -0.00381726 ; 101.223;
4 ; 5 ; 7 ; 0.552206 ; -0.0119828 ; -0.0042926 ; 102.148;
5 ; 5 ; 7 ; 0.546104 ; -0.0244833 ; -0.0078092 ; 101.747;
6 ; 5 ; 7 ; 0.534974 ; -0.0181226 ; 0.00620448 ; 101.469;
7 ; 5 ; 7 ; 0.540242 ; -0.00178981 ; 0.00687011 ; 101.972;
8 ; 5 ; 7 ; 0.542363 ; 0.00344876 ; -0.0123157 ; 101.673;
9 ; 5 ; 7 ; 0.533279 ; 0.0343982 ; -0.00728127 ; 101.123;
10 ; 5 ; 7 ; 0.530654 ; 0.00935716 ; 0.00937515 ; 101.834;
11 ; 5 ; 7 ; 0.532855 ; -0.00502607 ; 0.0184723 ; 101.377;
12 ; 5 ; 7 ; 0.538366 ; -0.00310664 ; 0.0136992 ; 101.488;
13 ; 5 ; 7 ; 0.543605 ; 0.00285051 ; 0.00371339 ; 101.724;
14 ; 5 ; 7 ; 0.54583 ; 0.00302761 ; 0.0108481 ; 101.299;
15 ; 5 ; 7 ; 0.573701 ; -0.00255877 ; 0.00620186 ; 101.353;
16 ; 5 ; 7 ; 0.547827 ; 0.0149832 ; 0.0167458 ; 101.409;
17 ; 5 ; 7 ; 0.557904 ; -0.000114787 ; 0.0110769 ; 101.89;
18 ; 5 ; 7 ; 0.530813 ; -0.00628955 ; -0.0208483 ; 101.644;
19 ; 5 ; 7 ; 0.548908 ; -0.00194713 ; 0.0177783 ; 101.023;
20 ; 5 ; 7 ; 0.502601 ; 0.00582033 ; -0.010622 ; 101.582;
21 ; 5 ; 7 ; 0.525214 ; 0.0179294 ; -0.0110221 ; 101.145;
4 ; 6 ; 7 ; 0.544664 ; 0.000393409 ; 0.0289164 ; 101.55;
5 ; 6 ; 7 ; 0.520748 ; -0.00514399 ; 0.0198922 ; 101.597;
6 ; 6 ; 7 ; 0.531456 ; 0.0179054 ; 0.0162522 ; 101.528;
7 ; 6 ; 7 ; 0.534812 ; 0.00693232 ; -0.00724528 ; 101.525;
8 ; 6 ; 7 ; 0.53959 ; 0.000237775 ; -0.0196543 ; 101.233;
9 ; 6 ; 7 ; 0.522465 ; -0.00831079 ; 0.000558067 ; 101.674;
10 ; 6 ; 7 ; 0.524333 ; -0.0138215 ; 0.00596139 ; 101.766;
11 ; 6 ; 7 ; 0.527526 ; -0.0107177 ; -0.00193769 ; 101.593;
12 ; 6 ; 7 ; 0.538624 ; 0.0086341 ; 0.0228503 ; 100.823;
13 ; 6 ; 7 ; 0.536475 ; 0.0143534 ; 0.00276266 ; 101.927;
14 ; 6 ; 7 ; 0.526015 ; -0.0106109 ; -0.0253133 ; 101.154;
15 ; 6 ; 7 ; 0.528627 ; -0.00915518 ; -0.0176606 ; 101.496;
16 ; 6 ; 7 ; 0.540403 ; 0.0028885 ; -0.00976891 ; 101.292;
17 ; 6 ; 7 ; 0.547185 ; -0.00210908 ; 0.00504748 ; 101.318;
18 ; 6 ; 7 ; 0.532878 ; 0.00850234 ; -0.0142346 ; 101.4;
19 ; 6 ; 7 ; 0.552438 ; -0.00358958 ; 0.000463126 ; 101.357;
20 ; 6 ; 7 ; 0.544951 ; -0.00447792 ; 0.00204314 ; 101.46;
21 ; 6 ; 7 ; 0.549062 ; 0.00507443 ; -0.00340083 ; 101.528;
4 ; 7 ; 7 ; 0.529721 ; -0.016486 ; 0.0179755 ; 101.3;
5 ; 7 ; 7 ; 0.539333 ; -0.00708222 ; -0.00453386 ; 101.215;
6 ; 7 ; 7 ; 0.553351 ; 0.00362854 ; -0.0081075 ; 101.416;
7 ; 7 ; 7 ; 0.537438 ; -0.000721645 ; 0.00216244 ; 101.233;
8 ; 7 ; 7 ; 0.557311 ; 0.0186187 ; 0.00266413 ; 101.272;
9 ; 7 ; 7 ; 0.551811 ; -0.0121738 ; -0.00358783 ; 101.788;
10 ; 7 ; 7 ; 0.538772 ; -0.00107791 ; -0.00910012 ; 101.646;
11 ; 7 ; 7 ; 0.539262 ; -0.00716633 ; -8.85727e-06 ; 101.465;
12 ; 7 ; 7 ; 0.534817 ; -0.00412352 ; -0.011989 ; 101.787;
13 ; 7 ; 7 ; 0.550967 ; 0.0182311 ; 0.00251031 ; 102.001;
14 ; 7 ; 7 ; 0.536358 ; -0.000640175 ; 0.00827417 ; 101.887;
15 ; 7 ; 7 ; 0.542139 ; -0.0078486 ; 0.00770391 ; 101.477;
16 ; 7 ; 7 ; 0.532211 ; -0.000400182 ; 0.0166762 ; 101.594;
17 ; 7 ; 7 ; 0.522726 ; -5.66944e-05 ; 0.0113543 ; 100.931;
18 ; 7 ; 7 ; 0.536243 ; -0.0124391 ; 2.85533e-05 ; 101.474;
19 ; 7 ; 7 ; 0.52302 ; 0.017745 ; -0.00470656 ; 100.888;
20 ; 7 ; 7 ; 0.541963 ; -0.0077937 ; -0.00179621 ; 101.644;
21 ; 7 ; 7 ; 0.543473 ; 0.0127925 ; -0.0175279 ; 101.241;
4 ; 8 ; 7 ; 0.542055 ; -0.012545 ; -0.00839444 ; 102.142;
5 ; 8 ; 7 ; 0.5227 ; -0.01075 ; 0.00969874 ; 101.333;
6 ; 8 ; 7 ; 0.543671 ; 0.0146831 ; 0.0128921 ; 101.697;
7 ; 8 ; 7 ; 0.539052 ; -0.00408694 ; 0.0202752 ; 101.371;
8 ; 8 ; 7 ; 0.528288 ; -0.0277159 ; -0.00073898 ; 102.202;
9 ; 8 ; 7 ; 0.533733 ; -0.00168187 ; 0.00384535 ; 101.412;
10 ; 8 ; 7 ; 0.542926 ; -0.00863056 ; 0.00769942 ; 102.228;
11 ; 8 ; 7 ; 0.532676 ; 0.0107353 ; 0.00848691 ; 101.178;
12 ; 8 ; 7 ; 0.5189 ; 0.0116588 ; 0.0184514 ; 101.812;
13 ; 8 ; 7 ; 0.518057 ; 0.00794273 ; -0.0160753 ; 101.32;
14 ; 8 ; 7 ; 0.538239 ; 0.00247398 ; 0.00214913 ; 101.267;
15 ; 8 ; 7 ; 0.535947 ; 0.0146906 ; -0.000549398 ; 102.136;
16 ; 8 ; 7 ; 0.522162 ; 0.014735 ; -0.0237994 ; 101.603;
17 ; 8 ; 7 ; 0.536053 ; 0.0119312 ; -0.0189656 ; 101.793;
18 ; 8 ; 7 ; 0.527598 ; -0.0232761 ; -0.0284592 ; 101.445;
19 ; 8 ; 7 ; 0.543153 ; 0.00384375 ; -0.00997201 ; 101.456;
20 ; 8 ; 7 ; 0.551584 ; -0.0010418 ; 0.016212 ; 101.159;
21 ; 8 ; 7 ; 0.540733 ; -0.00208164 ; -0.00812108 ; 101.826;
4 ; 9 ; 7 ; 0.535499 ; 0.00403569 ; -0.00652817 ; 102.103;
5 ; 9 ; 7 ; 0.543793 ; 0.0116448 ; 0.0293261 ; 101.139;
6 ; 9 ; 7 ; 0.548991 ; 0.0112243 ; 0.00428071 ; 101.887;
7 ; 9 ; 7 ; 0.555646 ; 0.0193373 ; 0.00645029 ; 101.639;
8 ; 9 ; 7 ; 0.538832 ; -0.00771384 ; 0.000584959 ; 100.918;
9 ; 9 ; 7 ; 0.529272 ; -0.013064 ; 0.017269 ; 101.221;
10 ; 9 ; 7 ; 0.553532 ; 0.00414541 ; -0.00753966 ; 101.585;
11 ; 9 ; 7 ; 0.529417 ; -0.0135681 ; 0.00485916 ; 101.244;
12 ; 9 ; 7 ; 0.544417 ; 0.0165328 ; -0.00158121 ; 101.475;
13 ; 9 ; 7 ; 0.516115 ; 0.013029 ; 0.00433642 ; 101.57;
14 ; 9 ; 7 ; 0.526517 ; -0.0135649 ; 0.0148513 ; 101.2;
15 ; 9 ; 7 ; 0.520638 ; 0.00402075 ; 0.00934797 ; 101.399;
16 ; 9 ; 7 ; 0.53452 ; 0.00782676 ; -0.00849636 ; 101.618;
17 ; 9 ; 7 ; 0.545578 ; -0.00537317 ; -0.0138243 ; 101.105;
18 ; 9 ; 7 ; 0.527303 ; -0.0114293 ; -0.0102227 ; 102.082;
19 ; 9 ; 7 ; 0.537366 ; -0.0186127 ; 0.00419573 ; 101.916;
20 ; 9 ; 7 ; 0.529152 ; -0.00535824 ; -0.0106735 ; 101.389;
21 ; 9 ; 7 ; 0.52526 ; 0.00480507 ; 0.0027259 ; 101.207;
4 ; 10 ; 7 ; 0.550477 ; -0.017031 ; 0.00256512 ; 101.053;
5 ; 10 ; 7 ; 0.533566 ; -0.00615225 ; -0.00614638 ; 101.405;
6 ; 10 ; 7 ; 0.546816 ; -0.000559865 ; 0.0097359 ; 101.58;
7 ; 10 ; 7 ; 0.552243 ; 0.0112943 ; 0.0086148 ; 101.07;
8 ; 10 ; 7 ; 0.544299 ; 0.00481708 ; 0.0158284 ; 101.938;
9 ; 10 ; 7 ; 0.542696 ; -0.00639029 ; 0.00852624 ; 101.454;
10 ; 10 ; 7 ; 0.521543 ; -0.00495938 ; -0.0103074 ; 101.195;
11 ; 10 ; 7 ; 0.534173 ; 0.00677012 ; 0.00524225 ; 101.198;
12 ; 10 ; 7 ; 0.529614 ; 0.00217801 ; -0.00198094 ; 102.489;
13 ; 10 ; 7 ; 0.509289 ; 0.00548367 ; 0.0178331 ; 101.619;
14 ; 10 ; 7 ; 0.533584 ; -0.0026593 ; -0.00868602 ; 102.127;
15 ; 10 ; 7 ; 0.527718 ; 0.0139375 ; 0.00376944 ; 101.464;
16 ; 10 ; 7 ; 0.537939 ; 0.00791931 ; -0.00269556 ; 101.17;
17 ; 10 ; 7 ; 0.531669 ; 0.00767323 ; -1.31322e-06 ; 101.857;
18 ; 10 ; 7 ; 0.534542 ; -0.00147523 ; -0.013857 ; 101.696;
19 ; 10 ; 7 ; 0.529673 ; 0.0023884 ; 0.0227322 ; 101.28;
20 ; 10 ; 7 ; 0.538117 ; -0.0227139 ; -0.0143187 ; 101.624;
21 ; 10 ; 7 ; 0.512609 ; -0.00414925 ; -0.014566 ; 101.507;
4 ; 11 ; 7 ; 0.529722 ; -0.00964862 ; -0.00722803 ; 101.31;
5 ; 11 ; 7 ; 0.534828 ; 0.00137748 ; 0.00354672 ; 101.429;
6 ; 11 ; 7 ; 0.52703 ; 0.0024048 ; 0.018298 ; 101.601;
7 ; 11 ; 7 ; 0.542995 ; 0.00405041 ; 0.00652774 ; 102.168;
8 ; 11 ; 7 ; 0.540491 ; 0.0130103 ; -0.0115395 ; 100.863;
9 ; 11 ; 7 ; 0.54818 ; -0.000417453 ; 0.00121552 ; 101.467;
10 ; 11 ; 7 ; 0.539221 ; 0.00539366 ; 0.011643 ; 101.55;
11 ; 11 ; 7 ; 0.516199 ; 0.00844694 ; -0.00581092 ; 101.133;
12 ; 11 ; 7 ; 0.528691 ; -0.00292522 ; -0.00537446 ; 101.906;
13 ; 11 ; 7 ; 0.539487 ; 0.0105076 ; 0.00413736 ; 101.882;
14 ; 11 ; 7 ; 0.520233 ; 0.00995584 ; -0.00152943 ; 101.118;
15 ; 11 ; 7 ; 0.532336 ; -0.00344924 ; 0.00207144 ; 101.132;
16 ; 11 ; 7 ; 0.53484 ; -0.00290727 ; -0.00902404 ; 102.209;
17 ; 11 ; 7 ; 0.537992 ; -0.00951677 ; -0.00470618 ; 101.627;
18 ; 11 ; 7 ; 0.539013 ; -0.0141618 ; 0.000107973 ; 101.14;
19 ; 11 ; 7 ; 0.519893 ; -0.00998758 ; 0.00187505 ; 101.832;
20 ; 11 ; 7 ; 0.532141 ; -0.00110245 ; -0.0202584 ; 101.963;
21 ; 11 ; 7 ; 0.528794 ; 0.0062258 ; -0.0305235 ; 101.114;
4 ; 12 ; 7 ; 0.546068 ; -0.00420462 ; -0.00821046 ; 101.766;
5 ; 12 ; 7 ; 0.526769 ; -0.00183512 ; -0.00591373 ; 101.091;
6 ; 12 ; 7 ; 0.532853 ; 0.00448904 ; 0.00269788 ; 101.534;
7 ; 12 ; 7 ; 0.526682 ; -0.00428756 ; -0.0106622 ; 101.366;
8 ; 12 ; 7 ; 0.533595 ; 0.0154067 ; 0.00324161 ; 101.088;
9 ; 12 ; 7 ; 0.527546 ; 0.00222858 ; -0.00038728 ; 101.191;
10 ; 12 ; 7 ; 0.539555 ; -0.0030859 ; -0.0166506 ; 101.512;
11 ; 12 ; 7 ; 0.516666 ; 0.00527071 ; -0.00173575 ; 101.025;
12 ; 12 ; 7 ; 0.534794 ; -0.0152013 ; 0.00833733 ; 100.894;
13 ; 12 ; 7 ; 0.546602 ; 0.00065909 ; -0.0131233 ; 101.337;
14 ; 12 ; 7 ; 0.521149 ; 0.00546378 ; 0.0188458 ; 101.771;
15 ; 12 ; 7 ; 0.523127 ; -0.0118719 ; 0.00354627 ; 101.294;
16 ; 12 ; 7 ; 0.528067 ; 0.000516666 ; 0.00669354 ; 101.284;
17 ; 12 ; 7 ; 0.529915 ; -0.00112169 ; -0.0231626 ; 101.204;
18 ; 12 ; 7 ; 0.537526 ; -0.0153405 ; 0.00582985 ; 102.011;
19 ; 12 ; 7 ; 0.53355 ; -0.00120847 ; -0.0120274 ; 101.136;
20 ; 12 ; 7 ; 0.522234 ; 0.00169807 ; -0.0212274 ; 101.141;
21 ; 12 ; 7 ; 0.546214 ; 0.00698464 ; -0.000905187 ; 101.305;
4 ; 13 ; 7 ; 0.539528 ; -0.0143173 ; -0.00956107 ; 101.385;
5 ; 13 ; 7 ; 0.538191 ; 0.00511109 ; -0.000889952 ; 101.259;
6 ; 13 ; 7 ; 0.51638 ; 0.00350033 ; 0.00785239 ; 101.947;
7 ; 13 ; 7 ; 0.554111 ; -0.00811774 ; 0.00835088 ; 102.229;
8 ; 13 ; 7 ; 0.525078 ; 0.02842 ; -0.0108132 ; 101.244;
9 ; 13 ; 7 ; 0.542133 ; -0.00689066 ; 0.0198101 ; 101.566;
10 ; 13 ; 7 ; 0.531267 ; -0.00270807 ; -0.015141 ; 101.878;
11 ; 13 ; 7 ; 0.543261 ; -0.0193106 ; -0.00444923 ; 101.546;
12 ; 13 ; 7 ; 0.568707 ; -0.00244349 ; -0.00527909 ; 101.393;
13 ; 13 ; 7 ; 0.537125 ; 0.00338577 ; 0.0188843 ; 101.445;
14 ; 13 ; 7 ; 0.535501 ; 0.010217 ; -0.0143172 ; 101.524;
15 ; 13 ; 7 ; 0.524886 ; 0.00526352 ; 0.00171483 ; 101.332;
16 ; 13 ; 7 ; 0.527637 ; -0.0137661 ; 0.00546193 ; 101.372;
17 ; 13 ; 7 ; 0.521168 ; -0.00275802 ; -0.00335458 ; 101.227;
18 ; 13 ; 7 ; 0.522926 ; 0.00419818 ; -0.00358392 ; 100.981;
19 ; 13 ; 7 ; 0.542773 ; -0.014212 ; -0.0107268 ; 102.193;
20 ; 13 ; 7 ; 0.545231 ; -0.00998847 ; -0.0206402 ; 101.357;
21 ; 13 ; 7 ; 0.530828 ; 0.0111632 ; 0.011115 ; 101.509;
4 ; 14 ; 7 ; 0.538299 ; 0.00115445 ; 0.00468537 ; 101.761;
5 ; 14 ; 7 ; 0.523971 ; -0.000390351 ; 0.000449069 ; 101.563;
6 ; 14 ; 7 ; 0.535438 ; -0.00542807 ; 0.00654517 ; 100.905;
7 ; 14 ; 7 ; 0.537186 ; 0.000974033 ; 0.00211041 ; 101.42;
8 ; 14 ; 7 ; 0.521022 ; -0.011368 ; -0.00181632 ; 101.693;
9 ; 14 ; 7 ; 0.534655 ; 0.00201123 ; 0.00557658 ; 101.51;
10 ; 14 ; 7 ; 0.554967 ; -0.0112442 ; -0.009181 ; 101.548;
11 ; 14 ; 7 ; 0.525046 ; -0.0101162 ; 0.00481724 ; 102.028;
12 ; 14 ; 7 ; 0.544456 ; -0.00630786 ; 0.0117098 ; 101.853;
13 ; 14 ; 7 ; 0.539051 ; -0.000254216 ; 0.00218126 ; 101.677;
14 ; 14 ; 7 ; 0.534563 ; -0.00827403 ; -0.00288546 ; 101.988;
15 ; 14 ; 7 ; 0.520127 ; 0.0109019 ; -0.0104871 ; 101.198;
16 ; 14 ; 7 ; 0.525411 ; -0.016993 ; -0.00323974 ; 101.498;
17 ; 14 ; 7 ; 0.528639 ; -0.00158728 ; -0.0144651 ; 100.752;
18 ; 14 ; 7 ; 0.557631 ; -0.0205972 ; -0.00959196 ; 101.541;
19 ; 14 ; 7 ; 0.543158 ; -0.00212512 ; -0.0309324 ; 101.33;
20 ; 14 ; 7 ; 0.534312 ; 0.00367046 ; -0.0125874 ; 101.093;
21 ; 14 ; 7 ; 0.531189 ; 0.0247405 ; -0.0116147 ; 101.168;
4 ; 15 ; 7 ; 0.555893 ; 0.0189815 ; 0.000582967 ; 101.225;
5 ; 15 ; 7 ; 0.538526 ; -0.00491115 ; -0.00905759 ; 102.018;
6 ; 15 ; 7 ; 0.532737 ; -0.00050073 ; 0.0102364 ; 101.29;
7 ; 15 ; 7 ; 0.554847 ; -0.0066409 ; 0.00455573 ; 101.652;
8 ; 15 ; 7 ; 0.538098 ; 0.00143132 ; -0.00322663 ; 101.942;
9 ; 15 ; 7 ; 0.519793 ; 0.000576051 ; 0.0112249 ; 101.428;
10 ; 15 ; 7 ; 0.524458 ; -0.0167037 ; 0.016755 ; 101.566;
11 ; 15 ; 7 ; 0.526032 ; 0.0247897 ; 0.00373181 ; 101.71;
12 ; 15 ; 7 ; 0.537911 ; -0.0126883 ; 0.00411189 ; 102.048;
13 ; 15 ; 7 ; 0.542771 ; -0.00124999 ; 0.00651374 ; 101.521;
14 ; 15 ; 7 ; 0.552495 ; -0.0102163 ; 0.00778532 ; 101.052;
15 ; 15 ; 7 ; 0.550269 ; 0.0183045 ; 0.0161068 ; 101.819;
16 ; 15 ; 7 ; 0.55038 ; -0.00504456 ; -0.00371537 ; 101.729;
17 ; 15 ; 7 ; 0.54619 ; 0.0237665 ; -0.0150718 ; 101.588;
18 ; 15 ; 7 ; 0.539019 ; -0.00834906 ; -0.0184714 ; 101.24;
19 ; 15 ; 7 ; 0.51735 ; -0.0162669 ; -0.032721 ; 101.776;
20 ; 15 ; 7 ; 0.524831 ; -0.0132906 ; -0.020245 ; 100.66;
21 ; 15 ; 7 ; 0.523863 ; 0.00479192 ; -0.00101352 ; 101.772;
4 ; 16 ; 7 ; 0.53322 ; 0.0206143 ; 0.00559844 ; 101.29;
5 ; 16 ; 7 ; 0.523194 ; -0.0194294 ; 0.000101663 ; 101.216;
6 ; 16 ; 7 ; 0.549696 ; 0.00622867 ; -0.00073463 ; 101.545;
7 ; 16 ; 7 ; 0.545899 ; 0.00435663 ; -0.013984 ; 101.912;
8 ; 16 ; 7 ; 0.535181 ; -0.00865011 ; 0.00832652 ; 101.149;
9 ; 16 ; 7 ; 0.520591 ; -0.00497373 ; -0.0118212 ; 101.903;
10 ; 16 ; 7 ; 0.536406 ; -0.00829093 ; 0.0141903 ; 101.415;
11 ; 16 ; 7 ; 0.536486 ; 0.0205098 ; -0.00944577 ; 101.914;
12 ; 16 ; 7 ; 0.515729 ; -0.0100901 ; 0.0152144 ; 101.58;
13 ; 16 ; 7 ; 0.529654 ; -0.00542446 ; -0.00936618 ; 100.868;
14 ; 16 ; 7 ; 0.50956 ; -0.0154816 ; -0.00192058 ; 101.132;
15 ; 16 ; 7 ; 0.496847 ; 0.00214513 ; 0.00511955 ; 101.728;
16 ; 16 ; 7 ; 0.527986 ; -0.0167054 ; -0.0126322 ; 101.258;
17 ; 16 ; 7 ; 0.558538 ; 0.012831 ; -0.00572432 ; 102.057;
18 ; 16 ; 7 ; 0.535775 ; 0.00520449 ; -0.00611451 ; 101.696;
19 ; 16 ; 7 ; 0.512935 ; -0.0203837 ; -0.0264231 ; 101.329;
20 ; 16 ; 7 ; 0.545266 ; -0.0232661 ; -0.00493543 ; 101.678;
21 ; 16 ; 7 ; 0.542507 ; 0.00185428 ; -0.00175032 ; 100.793;
4 ; 17 ; 7 ; 0.526379 ; 0.00242739 ; 0.0114596 ; 101.435;
5 ; 17 ; 7 ; 0.539224 ; -0.0118274 ; 0.0104253 ; 101.579;
6 ; 17 ; 7 ; 0.543555 ; -0.0165049 ; 0.0252707 ; 101.352;
7 ; 17 ; 7 ; 0.545042 ; -0.017351 ; 0.00275412 ; 101.344;
8 ; 17 ; 7 ; 0.548577 ; -0.0154757 ; 0.0115505 ; 101.472;
9 ; 17 ; 7 ; 0.539118 ; -0.00996135 ; -0.00679006 ; 101.762;
10 ; 17 ; 7 ; 0.538926 ; -0.019461 ; 0.00922924 ; 101.54;
11 ; 17 ; 7 ; 0.532624 ; 0.0118235 ; -0.0110111 ; 101.191;
12 ; 17 ; 7 ; 0.552903 ; 0.00517437 ; 0.0137559 ; 100.698;
13 ; 17 ; 7 ; 0.535596 ; -0.00550968 ; -0.00952086 ; 101.765;
14 ; 17 ; 7 ; 0.529116 ; -0.0210008 ; -0.0134817 ; 101.596;
15 ; 17 ; 7 ; 0.541621 ; 0.0136608 ; -0.00417313 ; 101.793;
16 ; 17 ; 7 ; 0.504827 ; -0.0245786 ; -0.000632236 ; 100.838;
17 ; 17 ; 7 ; 0.539431 ; 0.00514714 ; -0.00366568 ; 101.278;
18 ; 17 ; 7 ; 0.538458 ; 0.0096918 ; -0.0157748 ; 101.152;
19 ; 17 ; 7 ; 0.544592 ; -0.00429163 ; -0.0289193 ; 101.595;
20 ; 17 ; 7 ; 0.529124 ; 0.0064859 ; -0.0145192 ; 101.44;
21 ; 17 ; 7 ; 0.54217 ; 0.0131577 ; 0.00655934 ; 101.141;
4 ; 18 ; 7 ; 0.546766 ; -0.00792527 ; 0.00670573 ; 101.05;
5 ; 18 ; 7 ; 0.538449 ; 0.00748411 ; 0.00492104 ; 101.686;
6 ; 18 ; 7 ; 0.539076 ; -0.00087523 ; 0.01168 ; 101.568;
7 ; 18 ; 7 ; 0.541774 ; -0.00369638 ; -0.0045436 ; 101.077;
8 ; 18 ; 7 ; 0.544152 ; -0.0151239 ; 0.00304525 ; 101.464;
9 ; 18 ; 7 ; 0.512887 ; 0.00611934 ; 0.0124875 ; 101.422;
10 ; 18 ; 7 ; 0.540969 ; -0.00546946 ; 0.00671851 ; 100.897;
11 ; 18 ; 7 ; 0.535924 ; -0.00258552 ; -0.00193384 ; 101.254;
12 ; 18 ; 7 ; 0.549945 ; 0.0101928 ; 0.0151605 ; 101.811;
13 ; 18 ; 7 ; 0.559054 ; 0.00830698 ; 0.00351323 ; 101.664;
14 ; 18 ; 7 ; 0.526284 ; 0.000644619 ; 0.0116383 ; 101.349;
15 ; 18 ; 7 ; 0.538752 ; -0.0112741 ; 0.00167764 ; 101.652;
16 ; 18 ; 7 ; 0.534814 ; 0.0215533 ; 0.00905342 ; 101.417;
17 ; 18 ; 7 ; 0.529572 ; -0.00420985 ; -0.0124301 ; 101.011;
18 ; 18 ; 7 ; 0.539696 ; -0.0101339 ; -0.00970195 ; 102.307;
19 ; 18 ; 7 ; 0.539755 ; -0.00842814 ; -0.00629739 ; 101.526;
20 ; 18 ; 7 ; 0.54637 ; 0.002525 ; -0.0133784 ; 101.561;
21 ; 18 ; 7 ; 0.542882 ; -0.00810252 ; -0.00426819 ; 101.056;
4 ; 19 ; 7 ; 0.527406 ; -0.00468194 ; 0.00455622 ; 101.524;
5 ; 19 ; 7 ; 0.5397 ; -0.00628011 ; 0.000321137 ; 100.801;
6 ; 19 ; 7 ; 0.54535 ; 0.00604465 ; 0.0152781 ; 101.383;
7 ; 19 ; 7 ; 0.529693 ; -0.0168423 ; -0.0031652 ; 101.744;
8 ; 19 ; 7 ; 0.548957 ; 0.00378061 ; -0.00275152 ; 101.772;
9 ; 19 ; 7 ; 0.533817 ; -0.00399475 ; 0.0152047 ; 101.114;
10 ; 19 ; 7 ; 0.54301 ; -0.0125752 ; 0.00990668 ; 101.724;
11 ; 19 ; 7 ; 0.542366 ; -0.00324363 ; -0.0041844 ; 101.466;
12 ; 19 ; 7 ; 0.528439 ; -0.000671716 ; -0.000662226 ; 101.521;
13 ; 19 ; 7 ; 0.528189 ; 0.00958766 ; -0.0023785 ; 102.306;
14 ; 19 ; 7 ; 0.534215 ; 0.00049276 ; 0.00435247 ; 101.889;
15 ; 19 ; 7 ; 0.532238 ; 0.00419068 ; 0.00187618 ; 101.193;
16 ; 19 ; 7 ; 0.527717 ; 0.000821702 ; 0.0107207 ; 101.674;
17 ; 19 ; 7 ; 0.525285 ; 0.00140537 ; 0.0138273 ; 101.297;
18 ; 19 ; 7 ; 0.52355 ; -0.00114036 ; -0.0027479 ; 101.091;
19 ; 19 ; 7 ; 0.546132 ; 0.0128266 ; -0.0237971 ; 101.299;
20 ; 19 ; 7 ; 0.523588 ; 0.015634 ; -0.0132163 ; 101.306;
21 ; 19 ; 7 ; 0.545808 ; -0.00411715 ; 0.00805308 ; 101.837;
4 ; 20 ; 7 ; 0.540346 ; -0.00539401 ; -0.00495237 ; 101.7;
5 ; 20 ; 7 ; 0.533572 ; -0.0227206 ; 0.0065834 ; 101.789;
6 ; 20 ; 7 ; 0.532977 ; 0.0125851 ; 0.016287 ; 101.478;
7 ; 20 ; 7 ; 0.554403 ; -0.0185713 ; -0.00499865 ; 102.062;
8 ; 20 ; 7 ; 0.555274 ; -0.0175889 ; -0.0150984 ; 101.779;
9 ; 20 ; 7 ; 0.534771 ; 0.0128199 ; 0.00289611 ; 100.812;
10 ; 20 ; 7 ; 0.528224 ; -0.00514166 ; -0.00635464 ; 101.612;
11 ; 20 ; 7 ; 0.540064 ; -0.0024839 ; 0.00920877 ; 101.701;
12 ; 20 ; 7 ; 0.533422 ; -0.00956363 ; -0.00524572 ; 101.721;
13 ; 20 ; 7 ; 0.526177 ; -0.00551015 ; 0.0115618 ; 101.251;
14 ; 20 ; 7 ; 0.53576 ; -0.00208176 ; -0.00803199 ; 101.461;
15 ; 20 ; 7 ; 0.528793 ; -0.00330747 ; 0.00514986 ; 101.266;
16 ; 20 ; 7 ; 0.530478 ; 0.00140452 ; 0.00394977 ; 101.69;
17 ; 20 ; 7 ; 0.548934 ; -0.00201225 ; -0.00647067 ; 101.458;
18 ; 20 ; 7 ; 0.53721 ; -0.0118426 ; -0.012275 ; 101.549;
19 ; 20 ; 7 ; 0.506847 ; 0.0241116 ; -0.00706664 ; 102.056;
20 ; 20 ; 7 ; 0.532388 ; 0.0068205 ; 0.00176555 ; 101.51;
21 ; 20 ; 7 ; 0.536722 ; 0.0101883 ; -0.000459935 ; 100.979;
4 ; 21 ; 7 ; 0.534612 ; -0.00524397 ; 0.0130226 ; 100.994;
5 ; 21 ; 7 ; 0.531247 ; -0.0199624 ; -0.0156921 ; 101.637;
6 ; 21 ; 7 ; 0.539898 ; 0.0038728 ; -0.0129401 ; 101.331;
7 ; 21 ; 7 ; 0.538548 ; -0.0100462 ; -0.00341631 ; 101.192;
8 ; 21 ; 7 ; 0.534374 ; 0.00131606 ; -0.0105159 ; 101.738;
9 ; 21 ; 7 ; 0.545408 ; 0.00558722 ; 0.000939122 ; 101.565;
10 ; 21 ; 7 ; 0.544729 ; -0.0222393 ; 0.0139646 ; 101.838;
11 ; 21 ; 7 ; 0.537731 ; -0.0067743 ; 0.00398076 ; 101.701;
12 ; 21 ; 7 ; 0.529142 ; 0.0210644 ; 0.00281338 ; 101.279;
13 ; 21 ; 7 ; 0.534368 ; 0.00152657 ; 0.0125519 ; 101.307;
14 ; 21 ; 7 ; 0.556694 ; -0.011206 ; -0.00733032 ; 101.05;
15 ; 21 ; 7 ; 0.540983 ; 0.0223309 ; 0.014646 ; 101.553;
16 ; 21 ; 7 ; 0.512848 ; 0.0108992 ; 0.00931312 ; 102.187;
17 ; 21 ; 7 ; 0.532266 ; 0.00548352 ; -0.0110847 ; 101.829;
18 ; 21 ; 7 ; 0.538401 ; -0.0016648 ; 0.00250233 ; 100.894;
19 ; 21 ; 7 ; 0.532359 ; -0.00773122 ; -0.00453194 ; 101.044;
20 ; 21 ; 7 ; 0.532254 ; -0.00202144 ; -0.00116209 ; 101.349;
21 ; 21 ; 7 ; 0.545565 ; 0.000886605 ; 0.00384989 ; 101.189;
4 ; 4 ; 8 ; 0.459884 ; -0.0235398 ; -0.00932708 ; 101.864;
5 ; 4 ; 8 ; 0.454233 ; 0.0080466 ; -0.0169432 ; 101.386;
6 ; 4 ; 8 ; 0.444971 ; -0.00480725 ; -0.0119615 ; 101.42;
7 ; 4 ; 8 ; 0.449004 ; 0.00510692 ; 0.00282224 ; 100.875;
8 ; 4 ; 8 ; 0.459036 ; -0.00394926 ; -0.00504718 ; 101.793;
9 ; 4 ; 8 ; 0.435934 ; -0.0163446 ; 0.00597686 ; 101.045;
10 ; 4 ; 8 ; 0.441255 ; 0.0187147 ; -0.0170282 ; 101.812;
11 ; 4 ; 8 ; 0.433236 ; -0.00128686 ; 0.00346702 ; 101.322;
12 ; 4 ; 8 ; 0.435358 ; -0.00178016 ; -0.0082457 ; 101.263;
13 ; 4 ; 8 ; 0.435561 ; -0.002846 ; 0.0129661 ; 101.661;
14 ; 4 ; 8 ; 0.434726 ; 0.00561524 ; 0.00394833 ; 101.751;
15 ; 4 ; 8 ; 0.447714 ; 0.0108839 ; 0.00454724 ; 101.152;
16 ; 4 ; 8 ; 0.435816 ; -0.00206504 ; 0.0116634 ; 101.702;
17 ; 4 ; 8 ; 0.439283 ; 0.00149368 ; 0.00174434 ; 101.659;
18 ; 4 ; 8 ; 0.444452 ; -0.000739504 ; 0.0145334 ; 101.727;
19 ; 4 ; 8 ; 0.44024 ; -0.00628626 ; -0.00356952 ; 101.332;
20 ; 4 ; 8 ; 0.445696 ; 0.0191899 ; -0.00478891 ; 101.656;
21 ; 4 ; 8 ; 0.426104 ; -0.0187431 ; -0.00736698 ; 101.47;
4 ; 5 ; 8 ; 0.446287 ; -0.0215734 ; 0.00209381 ; 101.041;
5 ; 5 ; 8 ; 0.451528 ; -0.00968448 ; 0.00622897 ; 101.984;
6 ; 5 ; 8 ; 0.444765 ; -0.0149576 ; -0.00467217 ; 101.983;
7 ; 5 ; 8 ; 0.440233 ; -0.00811286 ; -0.00183416 ; 101.802;
8 ; 5 ; 8 ; 0.455184 ; 0.00370036 ; -0.00389998 ; 101.085;
9 ; 5 ; 8 ; 0.454141 ; -0.00335258 ; 0.0129911 ; 100.779;
10 ; 5 ; 8 ; 0.454818 ; 0.00428344 ; 0.0140047 ; 101.521;
11 ; 5 ; 8 ; 0.459213 ; -0.00501952 ; 0.0141473 ; 101.705;
12 ; 5 ; 8 ; 0.446285 ; -0.00728751 ; 0.0180143 ; 101.611;
13 ; 5 ; 8 ; 0.43668 ; -0.00941008 ; -0.00404424 ; 101.903;
14 ; 5 ; 8 ; 0.444889 ; -0.000715352 ; 0.00690376 ; 101.163;
15 ; 5 ; 8 ; 0.451173 ; -0.00406562 ; -0.000754247 ; 101.647;
16 ; 5 ; 8 ; 0.452869 ; 0.00089142 ; -0.00557718 ; 101.475;
17 ; 5 ; 8 ; 0.439566 ; -0.0116945 ; 0.00673926 ; 101.009;
18 ; 5 ; 8 ; 0.438814 ; -0.00582482 ; -0.00855919 ; 102.299;
19 ; 5 ; 8 ; 0.446188 ; -0.0101416 ; 0.0203234 ; 102.266;
20 ; 5 ; 8 ; 0.446712 ; -0.011541 ; -0.00353674 ; 101.03;
21 ; 5 ; 8 ; 0.426321 ; -0.00501171 ; 0.0188481 ; 101.014;
4 ; 6 ; 8 ; 0.4365 ; -0.0120213 ; 5.15595e-05 ; 100.944;
5 ; 6 ; 8 ; 0.463546 ; 0.00495953 ; 0.0057696 ; 101.332;
6 ; 6 ; 8 ; 0.456339 ; -0.00346001 ; 0.0123947 ; 101.69;
7 ; 6 ; 8 ; 0.461922 ; 0.000677354 ; -0.0028718 ; 101.068;
8 ; 6 ; 8 ; 0.448156 ; -0.0203613 ; 0.00058956 ; 101.388;
9 ; 6 ; 8 ; 0.453765 ; -0.00642866 ; 0.00065712 ; 100.556;
10 ; 6 ; 8 ; 0.442547 ; -0.015529 ; 0.00222399 ; 102.02;
11 ; 6 ; 8 ; 0.449168 ; -0.010526 ; 0.00361579 ; 101.42;
12 ; 6 ; 8 ; 0.419926 ; 0.0027705 ; -0.00530674 ; 101.912;
13 ; 6 ; 8 ; 0.430133 ; 0.00353949 ; 0.00114345 ; 101.534;
14 ; 6 ; 8 ; 0.44394 ; 0.00132588 ; -0.0135321 ; 101.741;
15 ; 6 ; 8 ; 0.439887 ; -0.0094649 ; 0.00189934 ; 101.488;
16 ; 6 ; 8 ; 0.463767 ; 0.0036705 ; -0.0256316 ; 101.379;
17 ; 6 ; 8 ; 0.446886 ; -0.00289671 ; -0.00371727 ; 101.367;
18 ; 6 ; 8 ; 0.450134 ; -0.00530407 ; -0.0144487 ; 100.982;
19 ; 6 ; 8 ; 0.444973 ; 0.000833292 ; -0.0178196 ; 101.405;
20 ; 6 ; 8 ; 0.435711 ; -0.0126388 ; -0.00226117 ; 101.926;
21 ; 6 ; 8 ; 0.453097 ; -0.00060334 ; 0.00896757 ; 100.55;
4 ; 7 ; 8 ; 0.445909 ; -0.00900213 ; 0.00863853 ; 101.591;
5 ; 7 ; 8 ; 0.449425 ; 0.00754145 ; 0.00197605 ; 101.259;
6 ; 7 ; 8 ; 0.471813 ; -0.0118297 ; -0.00732442 ; 100.719;
7 ; 7 ; 8 ; 0.465674 ; 0.0101035 ; 0.00410708 ; 100.944;
8 ; 7 ; 8 ; 0.450659 ; -0.00665625 ; -0.00313954 ; 100.929;
9 ; 7 ; 8 ; 0.434071 ; 0.00490696 ; 0.000544239 ; 101.438;
10 ; 7 ; 8 ; 0.426709 ; 0.00414293 ; 0.00733369 ; 101.097;
11 ; 7 ; 8 ; 0.43413 ; 0.000873164 ; 0.0247633 ; 101.294;
12 ; 7 ; 8 ; 0.440664 ; -0.00418632 ; -0.00981599 ; 101.263;
13 ; 7 ; 8 ; 0.454207 ; -0.0172544 ; 0.00510556 ; 101.656;
14 ; 7 ; 8 ; 0.447794 ; -0.0120139 ; 0.0124989 ; 100.596;
15 ; 7 ; 8 ; 0.442022 ; 0.00617959 ; -0.0055294 ; 101.441;
16 ; 7 ; 8 ; 0.429969 ; 0.0203529 ; -0.0203716 ; 101.765;
17 ; 7 ; 8 ; 0.424448 ; -0.0223055 ; 0.00744359 ; 101.413;
18 ; 7 ; 8 ; 0.44692 ; 0.000933254 ; -0.0115487 ; 101.192;
19 ; 7 ; 8 ; 0.462189 ; 0.0129015 ; -0.00244357 ; 100.915;
20 ; 7 ; 8 ; 0.460285 ; -0.00447304 ; -0.0018845 ; 101.723;
21 ; 7 ; 8 ; 0.441053 ; 0.0182621 ; -0.015187 ; 101.813;
4 ; 8 ; 8 ; 0.438243 ; 0.0196425 ; 0.00718155 ; 100.7;
5 ; 8 ; 8 ; 0.454397 ; -0.0139825 ; -0.00275233 ; 101.189;
6 ; 8 ; 8 ; 0.447135 ; -0.00421891 ; -0.00599194 ; 101.685;
7 ; 8 ; 8 ; 0.458679 ; -0.0145502 ; 0.00100059 ; 101.578;
8 ; 8 ; 8 ; 0.448583 ; -0.00804907 ; 0.00698677 ; 101.503;
9 ; 8 ; 8 ; 0.455984 ; 0.000293976 ; 0.00449354 ; 101.707;
10 ; 8 ; 8 ; 0.426366 ; 0.00693864 ; 0.000608839 ; 101.923;
11 ; 8 ; 8 ; 0.42937 ; 0.00242892 ; 0.00140082 ; 101.15;
12 ; 8 ; 8 ; 0.462291 ; 0.00877188 ; 0.00249067 ; 101.565;
13 ; 8 ; 8 ; 0.444001 ; -0.0106202 ; 0.0148922 ; 101.691;
14 ; 8 ; 8 ; 0.431135 ; 0.0019653 ; 0.0150547 ; 101.819;
15 ; 8 ; 8 ; 0.43724 ; 0.0154692 ; 0.00246236 ; 101.312;
16 ; 8 ; 8 ; 0.428007 ; -0.00380835 ; -0.00546462 ; 100.755;
17 ; 8 ; 8 ; 0.446596 ; -0.0095233 ; -0.0192039 ; 101.226;
18 ; 8 ; 8 ; 0.439784 ; -0.0100957 ; -0.0180576 ; 101.399;
19 ; 8 ; 8 ; 0.460238 ; 0.0102214 ; -0.00289028 ; 101.104;
20 ; 8 ; 8 ; 0.457142 ; 0.0184855 ; -0.0160302 ; 101.689;
21 ; 8 ; 8 ; 0.445163 ; 0.00570332 ; -0.0155095 ; 101.238;
4 ; 9 ; 8 ; 0.449491 ; -0.00730089 ; 0.0146248 ; 101.863;
5 ; 9 ; 8 ; 0.429996 ; -0.00112555 ; 0.00413381 ; 102.2;
6 ; 9 ; 8 ; 0.450766 ; -0.0158092 ; 0.00248457 ; 101.954;
7 ; 9 ; 8 ; 0.445892 ; -0.0209704 ; 3.61991e-05 ; 101.891;
8 ; 9 ; 8 ; 0.437529 ; -0.00726831 ; -0.00492315 ; 101.58;
9 ; 9 ; 8 ; 0.459786 ; -0.00691708 ; 0.0016126 ; 101.64;
10 ; 9 ; 8 ; 0.442239 ; -0.000809881 ; 0.0298325 ; 101.243;
11 ; 9 ; 8 ; 0.447566 ; -0.00602668 ; 0.0273454 ; 101.457;
12 ; 9 ; 8 ; 0.455202 ; 0.0109989 ; -0.00840675 ; 100.959;
13 ; 9 ; 8 ; 0.430026 ; 0.0126976 ; -0.00476306 ; 101.393;
14 ; 9 ; 8 ; 0.457468 ; 0.00668949 ; -0.00122765 ; 101.664;
15 ; 9 ; 8 ; 0.464976 ; 0.00313453 ; 0.00653556 ; 101.61;
16 ; 9 ; 8 ; 0.44863 ; -6.42251e-06 ; -0.00297276 ; 101.367;
17 ; 9 ; 8 ; 0.447199 ; -0.00480554 ; -0.00242261 ; 100.468;
18 ; 9 ; 8 ; 0.431149 ; 0.00966024 ; 0.00132653 ; 101.702;
19 ; 9 ; 8 ; 0.448995 ; -0.0081484 ; -0.00377739 ; 101.774;
20 ; 9 ; 8 ; 0.448476 ; -0.0113482 ; -0.0183356 ; 101.252;
21 ; 9 ; 8 ; 0.45193 ; -0.00534142 ; -0.00813661 ; 101.441;
4 ; 10 ; 8 ; 0.428882 ; -0.00342758 ; 0.0012681 ; 101.988;
5 ; 10 ; 8 ; 0.452038 ; 0.00309622 ; -0.00558726 ; 100.634;
6 ; 10 ; 8 ; 0.444408 ; -0.00165017 ; 0.0078584 ; 101.805;
7 ; 10 ; 8 ; 0.464336 ; -0.00440084 ; 0.00710111 ; 101.213;
8 ; 10 ; 8 ; 0.437809 ; 0.0158154 ; 0.0112255 ; 101.695;
9 ; 10 ; 8 ; 0.444026 ; -0.00308512 ; 0.0057083 ; 101.224;
10 ; 10 ; 8 ; 0.451625 ; 0.0140197 ; -0.0169556 ; 101.416;
11 ; 10 ; 8 ; 0.426604 ; -0.00241304 ; 0.00772218 ; 101.645;
12 ; 10 ; 8 ; 0.449012 ; 0.0127631 ; -0.00964145 ; 101.705;
13 ; 10 ; 8 ; 0.458855 ; -0.00945825 ; -0.00442535 ; 101.188;
14 ; 10 ; 8 ; 0.447621 ; -0.0114149 ; -0.00792437 ; 101.451;
15 ; 10 ; 8 ; 0.436552 ; 0.0106554 ; 0.014656 ; 101.806;
16 ; 10 ; 8 ; 0.462013 ; 0.00538804 ; 0.00587654 ; 101.044;
17 ; 10 ; 8 ; 0.463552 ; 0.0290305 ; -0.00653212 ; 100.71;
18 ; 10 ; 8 ; 0.439742 ; 0.0223938 ; -0.0163713 ; 101.26;
19 ; 10 ; 8 ; 0.429025 ; 0.00642011 ; -0.00955036 ; 101.14;
20 ; 10 ; 8 ; 0.447923 ; 0.00751698 ; -0.00533878 ; 101.713;
21 ; 10 ; 8 ; 0.437666 ; -0.019658 ; -0.00582647 ; 101.577;
4 ; 11 ; 8 ; 0.441966 ; 0.00624472 ; -0.0114218 ; 101.259;
5 ; 11 ; 8 ; 0.448396 ; -0.00129479 ; -0.00809567 ; 100.592;
6 ; 11 ; 8 ; 0.465977 ; -0.00738256 ; 0.0110243 ; 101.581;
7 ; 11 ; 8 ; 0.448196 ; -0.0106738 ; 0.0076465 ; 101.604;
8 ; 11 ; 8 ; 0.439156 ; 0.0205611 ; -0.0037899 ; 101.227;
9 ; 11 ; 8 ; 0.445844 ; -0.0265281 ; 0.0182713 ; 101.778;
10 ; 11 ; 8 ; 0.44295 ; -0.0132346 ; -0.00309047 ; 101.181;
11 ; 11 ; 8 ; 0.440279 ; -0.0123959 ; 0.00642047 ; 101.178;
12 ; 11 ; 8 ; 0.443511 ; 0.00866743 ; -0.000468875 ; 101.305;
13 ; 11 ; 8 ; 0.435706 ; 0.00322886 ; 0.00577081 ; 101.303;
14 ; 11 ; 8 ; 0.444212 ; -0.0141851 ; 0.000638593 ; 101.45;
15 ; 11 ; 8 ; 0.446814 ; -0.00461092 ; 0.00497684 ; 101.449;
16 ; 11 ; 8 ; 0.440844 ; 0.0172352 ; 0.0155072 ; 100.898;
17 ; 11 ; 8 ; 0.451615 ; 0.00752441 ; -0.00942683 ; 101.257;
18 ; 11 ; 8 ; 0.446764 ; 0.00610118 ; -0.007104 ; 101.78;
19 ; 11 ; 8 ; 0.455713 ; 0.00579355 ; -0.00922795 ; 101.775;
20 ; 11 ; 8 ; 0.458983 ; -0.00130867 ; -0.0175643 ; 101.231;
21 ; 11 ; 8 ; 0.446015 ; 0.0083288 ; 0.0121266 ; 101.375;
4 ; 12 ; 8 ; 0.439969 ; 0.00198466 ; 0.00026029 ; 101.745;
5 ; 12 ; 8 ; 0.442469 ; -0.00072437 ; 0.0201738 ; 101.328;
6 ; 12 ; 8 ; 0.439479 ; 0.0164833 ; -0.0116503 ; 101.522;
7 ; 12 ; 8 ; 0.424826 ; 0.000799548 ; 0.0209115 ; 101.879;
8 ; 12 ; 8 ; 0.434261 ; -0.000242265 ; -0.00503291 ; 100.613;
9 ; 12 ; 8 ; 0.447006 ; -0.00176298 ; -0.000832158 ; 101.623;
10 ; 12 ; 8 ; 0.435797 ; -0.0134046 ; -0.00284944 ; 101.659;
11 ; 12 ; 8 ; 0.444668 ; 0.0118796 ; 0.0169561 ; 101.509;
12 ; 12 ; 8 ; 0.454519 ; 0.00535995 ; 0.00139476 ; 101.899;
13 ; 12 ; 8 ; 0.451553 ; 0.00673272 ; 0.0055715 ; 101.137;
14 ; 12 ; 8 ; 0.429592 ; 0.000578149 ; -0.0123703 ; 101.171;
15 ; 12 ; 8 ; 0.429571 ; 0.00431236 ; -0.000766567 ; 101.232;
16 ; 12 ; 8 ; 0.448933 ; 0.016307 ; 0.0157451 ; 101.15;
17 ; 12 ; 8 ; 0.42949 ; -0.000812659 ; 0.00856642 ; 101.196;
18 ; 12 ; 8 ; 0.440264 ; 0.00268186 ; -0.00877503 ; 101.617;
19 ; 12 ; 8 ; 0.447372 ; -0.00766421 ; 0.00539783 ; 101.584;
20 ; 12 ; 8 ; 0.448775 ; -0.0126831 ; 0.00151857 ; 101.912;
21 ; 12 ; 8 ; 0.455569 ; 0.00662644 ; 0.0074688 ; 100.846;
4 ; 13 ; 8 ; 0.445492 ; -0.0190155 ; 0.0124201 ; 101.857;
5 ; 13 ; 8 ; 0.444163 ; -0.00158773 ; -0.0149186 ; 101.288;
6 ; 13 ; 8 ; 0.443319 ; 0.0164844 ; 0.00666048 ; 101.337;
7 ; 13 ; 8 ; 0.44496 ; 0.00320085 ; 0.00273338 ; 100.547;
8 ; 13 ; 8 ; 0.439859 ; -0.0166549 ; 0.00814076 ; 100.834;
9 ; 13 ; 8 ; 0.443242 ; 0.00220677 ; 0.0013697 ; 100.829;
10 ; 13 ; 8 ; 0.453843 ; -0.00626056 ; 0.0135503 ; 101.421;
11 ; 13 ; 8 ; 0.438426 ; 0.00745878 ; -0.00716452 ; 101.837;
12 ; 13 ; 8 ; 0.441394 ; -0.00690823 ; 0.0169614 ; 101.557;
13 ; 13 ; 8 ; 0.43726 ; -0.00496079 ; -0.014158 ; 100.927;
14 ; 13 ; 8 ; 0.446478 ; 0.00236577 ; 0.0174795 ; 101.323;
15 ; 13 ; 8 ; 0.447678 ; 0.0031668 ; 0.00219714 ; 101.763;
16 ; 13 ; 8 ; 0.43367 ; -0.00233147 ; 0.00805807 ; 101.427;
17 ; 13 ; 8 ; 0.444175 ; 0.000791175 ; -0.00801944 ; 101.12;
18 ; 13 ; 8 ; 0.423765 ; 0.000688526 ; -0.0150029 ; 101.571;
19 ; 13 ; 8 ; 0.446396 ; 0.00542353 ; 0.000462965 ; 101.912;
20 ; 13 ; 8 ; 0.4456 ; -0.00181654 ; 0.00890852 ; 101.296;
21 ; 13 ; 8 ; 0.441816 ; 0.0131385 ; -0.0154028 ; 101.019;
4 ; 14 ; 8 ; 0.42993 ; -0.0200316 ; 0.022018 ; 101.294;
5 ; 14 ; 8 ; 0.446181 ; 0.00516159 ; 0.0181196 ; 101.2;
6 ; 14 ; 8 ; 0.45635 ; -0.00626 ; -0.0117718 ; 101.778;
7 ; 14 ; 8 ; 0.447816 ; -0.0110037 ; 0.0179666 ; 101.829;
8 ; 14 ; 8 ; 0.452038 ; -0.00198577 ; 0.0331293 ; 101.693;
9 ; 14 ; 8 ; 0.45027 ; 0.000514335 ; -0.00292489 ; 101.447;
10 ; 14 ; 8 ; 0.439834 ; -0.0186326 ; -0.00340103 ; 101.276;
11 ; 14 ; 8 ; 0.436367 ; -0.00070741 ; 0.00360332 ; 101.419;
12 ; 14 ; 8 ; 0.422324 ; -0.00404406 ; 0.00939758 ; 101.364;
13 ; 14 ; 8 ; 0.439208 ; 9.9136e-05 ; -0.00473416 ; 101.073;
14 ; 14 ; 8 ; 0.469426 ; 0.00157387 ; -0.0141613 ; 101.467;
15 ; 14 ; 8 ; 0.461035 ; 0.00940327 ; 0.000214174 ; 101.334;
16 ; 14 ; 8 ; 0.464263 ; 0.0147991 ; -0.0147688 ; 101.91;
17 ; 14 ; 8 ; 0.45975 ; -0.0191749 ; -0.0128287 ; 101.558;
18 ; 14 ; 8 ; 0.45106 ; -0.0140589 ; -0.000915906 ; 101.479;
19 ; 14 ; 8 ; 0.455659 ; -0.00960575 ; -0.00780983 ; 101.461;
20 ; 14 ; 8 ; 0.461916 ; -0.00346397 ; -0.00869618 ; 101;
21 ; 14 ; 8 ; 0.432996 ; 0.00242808 ; -0.00893343 ; 101.57;
4 ; 15 ; 8 ; 0.448019 ; 0.000293546 ; 0.0123256 ; 101.55;
5 ; 15 ; 8 ; 0.444582 ; -0.0106597 ; 0.00442932 ; 102;
6 ; 15 ; 8 ; 0.436967 ; -0.00950549 ; 0.011552 ; 101.007;
7 ; 15 ; 8 ; 0.451871 ; -0.00778616 ; 0.0160918 ; 101.428;
8 ; 15 ; 8 ; 0.448146 ; -0.0061448 ; -0.00305971 ; 101.996;
9 ; 15 ; 8 ; 0.450064 ; -0.01373 ; 0.0249596 ; 101.537;
10 ; 15 ; 8 ; 0.455958 ; -0.00632049 ; 0.00398377 ; 101.792;
11 ; 15 ; 8 ; 0.434574 ; -0.00349527 ; 0.0076102 ; 101.873;
12 ; 15 ; 8 ; 0.434119 ; 0.00764716 ; 0.0118541 ; 101.46;
13 ; 15 ; 8 ; 0.458697 ; 0.0258144 ; 0.00393802 ; 102.04;
14 ; 15 ; 8 ; 0.446892 ; -0.00663688 ; -0.00145537 ; 101.164;
15 ; 15 ; 8 ; 0.438101 ; -0.00459183 ; 0.00478639 ; 101.872;
16 ; 15 ; 8 ; 0.439543 ; -0.0143165 ; -0.00662402 ; 100.98;
17 ; 15 ; 8 ; 0.456273 ; -0.00702363 ; 0.00446897 ; 101.603;
18 ; 15 ; 8 ; 0.425689 ; 0.0048982 ; -0.0114621 ; 101.436;
19 ; 15 ; 8 ; 0.45374 ; -0.0124463 ; -0.0346558 ; 101.105;
20 ; 15 ; 8 ; 0.454247 ; 0.00258275 ; -0.0129676 ; 101.397;
21 ; 15 ; 8 ; 0.444286 ; 0.0132222 ; -0.00821784 ; 101.026;
4 ; 16 ; 8 ; 0.432108 ; -0.0164043 ; 0.00216795 ; 101.375;
5 ; 16 ; 8 ; 0.441056 ; -0.00377957 ; -0.00790405 ; 100.909;
6 ; 16 ; 8 ; 0.440019 ; -0.000957901 ; 0.000710663 ; 101.703;
7 ; 16 ; 8 ; 0.462645 ; -0.0161818 ; 0.0143936 ; 101.247;
8 ; 16 ; 8 ; 0.451835 ; 0.0260992 ; 0.0240547 ; 101.556;
9 ; 16 ; 8 ; 0.455306 ; -0.00164289 ; -0.00152015 ; 101.341;
10 ; 16 ; 8 ; 0.452898 ; -0.00489024 ; -0.00033505 ; 101.162;
11 ; 16 ; 8 ; 0.448116 ; -0.0141777 ; 0.00416313 ; 100.933;
12 ; 16 ; 8 ; 0.44049 ; -0.00392402 ; 0.00646144 ; 101.596;
13 ; 16 ; 8 ; 0.450835 ; -0.00562389 ; 0.00597347 ; 101.106;
14 ; 16 ; 8 ; 0.456485 ; -0.0125458 ; -0.0113608 ; 102.169;
15 ; 16 ; 8 ; 0.451198 ; -0.00264966 ; -0.0148148 ; 101.562;
16 ; 16 ; 8 ; 0.434547 ; 0.00547618 ; 0.00592874 ; 101.326;
17 ; 16 ; 8 ; 0.456575 ; -0.000217454 ; 0.00180419 ; 101.362;
18 ; 16 ; 8 ; 0.447626 ; 0.00671402 ; -0.0214063 ; 101.498;
19 ; 16 ; 8 ; 0.438129 ; -0.0107445 ; -0.0074472 ; 101.245;
20 ; 16 ; 8 ; 0.436669 ; 0.00566332 ; -0.0120087 ; 101.65;
21 ; 16 ; 8 ; 0.442907 ; 0.000617368 ; -0.0122757 ; 101.713;
4 ; 17 ; 8 ; 0.446422 ; -0.00441749 ; -0.00726653 ; 101.292;
5 ; 17 ; 8 ; 0.451532 ; -0.00220771 ; 0.00616515 ; 101.731;
6 ; 17 ; 8 ; 0.447308 ; -5.73506e-06 ; 0.00915201 ; 101.721;
7 ; 17 ; 8 ; 0.444387 ; -0.00677035 ; 0.0181302 ; 101.652;
8 ; 17 ; 8 ; 0.446205 ; 0.00451831 ; 0.00544184 ; 101.387;
9 ; 17 ; 8 ; 0.433412 ; -0.0060339 ; -0.00847595 ; 101.353;
10 ; 17 ; 8 ; 0.445353 ; 0.00615841 ; 0.00757038 ; 100.939;
11 ; 17 ; 8 ; 0.456293 ; -0.00516614 ; -0.000376313 ; 101.399;
12 ; 17 ; 8 ; 0.4562 ; -0.0022913 ; 0.000551124 ; 101.976;
13 ; 17 ; 8 ; 0.440226 ; -0.0104294 ; 0.00578546 ; 101.414;
14 ; 17 ; 8 ; 0.432673 ; -0.0107918 ; -0.00564046 ; 101.688;
15 ; 17 ; 8 ; 0.433484 ; 0.0175409 ; 0.00947997 ; 101.682;
16 ; 17 ; 8 ; 0.438149 ; -0.00497758 ; -0.00388823 ; 101.511;
17 ; 17 ; 8 ; 0.442405 ; -0.00730826 ; 0.00459867 ; 101.114;
18 ; 17 ; 8 ; 0.450691 ; 0.005388 ; -0.0102578 ; 101.029;
19 ; 17 ; 8 ; 0.43633 ; 0.00870279 ; -0.0144319 ; 101.896;
20 ; 17 ; 8 ; 0.45166 ; -0.00227964 ; -0.00114445 ; 101.371;
21 ; 17 ; 8 ; 0.453645 ; 0.0272278 ; 0.00654654 ; 101.831;
4 ; 18 ; 8 ; 0.448351 ; -0.00688211 ; -0.00132228 ; 101.508;
5 ; 18 ; 8 ; 0.447605 ; -0.0027698 ; -0.00409927 ; 101.187;
6 ; 18 ; 8 ; 0.441593 ; -0.00918089 ; 0.0127303 ; 101.49;
7 ; 18 ; 8 ; 0.425828 ; 0.027876 ; 0.0260907 ; 101.159;
8 ; 18 ; 8 ; 0.448256 ; 0.00308581 ; -0.00998886 ; 101.646;
9 ; 18 ; 8 ; 0.47033 ; -0.0264853 ; 0.00572503 ; 101.083;
10 ; 18 ; 8 ; 0.44805 ; 0.00136431 ; -0.00174207 ; 101.615;
11 ; 18 ; 8 ; 0.454327 ; -0.0177261 ; 0.0207195 ; 101.098;
12 ; 18 ; 8 ; 0.444771 ; -0.00607572 ; 0.00631796 ; 101.819;
13 ; 18 ; 8 ; 0.470162 ; 0.0034935 ; 0.00933205 ; 101.313;
14 ; 18 ; 8 ; 0.462831 ; 0.00723294 ; 0.00380191 ; 101.492;
15 ; 18 ; 8 ; 0.48228 ; 0.0146296 ; -0.00418593 ; 100.674;
16 ; 18 ; 8 ; 0.450731 ; 0.00017922 ; -0.00130113 ; 101.531;
17 ; 18 ; 8 ; 0.440286 ; 0.0134448 ; -0.00134627 ; 101.825;
18 ; 18 ; 8 ; 0.435735 ; 0.0154984 ; 0.00345135 ; 101.832;
19 ; 18 ; 8 ; 0.466276 ; -0.0164523 ; 0.00411498 ; 101.028;
20 ; 18 ; 8 ; 0.440092 ; -0.000395937 ; 0.00255502 ; 100.983;
21 ; 18 ; 8 ; 0.451809 ; 0.00277622 ; -0.00171148 ; 101.504;
4 ; 19 ; 8 ; 0.429211 ; 0.00508792 ; -0.0155813 ; 101.106;
5 ; 19 ; 8 ; 0.435477 ; 0.016264 ; -0.0131425 ; 101.651;
6 ; 19 ; 8 ; 0.439141 ; 0.00424344 ; 0.0240862 ; 102.197;
7 ; 19 ; 8 ; 0.444908 ; 0.0191305 ; 0.0188485 ; 101.507;
8 ; 19 ; 8 ; 0.452936 ; 0.00805448 ; 0.00315805 ; 101.117;
9 ; 19 ; 8 ; 0.44291 ; -0.00410136 ; 0.00618238 ; 100.826;
10 ; 19 ; 8 ; 0.451164 ; -0.00923909 ; 0.0111028 ; 100.893;
11 ; 19 ; 8 ; 0.440113 ; 0.00364442 ; -0.0086217 ; 101.554;
12 ; 19 ; 8 ; 0.436858 ; -0.01368 ; 0.0123606 ; 101.202;
13 ; 19 ; 8 ; 0.431815 ; 0.00443759 ; -0.00291428 ; 101.445;
14 ; 19 ; 8 ; 0.424951 ; -0.00512414 ; -0.0103134 ; 101.412;
15 ; 19 ; 8 ; 0.453338 ; -0.0150585 ; 0.0095591 ; 101.632;
16 ; 19 ; 8 ; 0.435932 ; -0.00113032 ; -0.0146889 ; 101.237;
17 ; 19 ; 8 ; 0.451639 ; 0.00400012 ; 0.00651913 ; 101.483;
18 ; 19 ; 8 ; 0.438619 ; -0.00946088 ; 0.000800469 ; 101.452;
19 ; 19 ; 8 ; 0.451432 ; 0.00264685 ; -0.000566048 ; 101.326;
20 ; 19 ; 8 ; 0.439509 ; -0.00868039 ; 6.94604e-05 ; 100.614;
21 ; 19 ; 8 ; 0.430932 ; -0.0221492 ; -0.00083949 ; 100.813;
4 ; 20 ; 8 ; 0.433951 ; 0.006855 ; -0.00863356 ; 101.674;
5 ; 20 ; 8 ; 0.451264 ; -0.0111391 ; 0.00238401 ; 101.261;
6 ; 20 ; 8 ; 0.448193 ; -0.0136018 ; -0.00672024 ; 101.455;
7 ; 20 ; 8 ; 0.456462 ; -0.0140653 ; -0.00410207 ; 101.38;
8 ; 20 ; 8 ; 0.47726 ; 0.000201001 ; -0.0096291 ; 101.624;
9 ; 20 ; 8 ; 0.457781 ; 0.00197951 ; 0.00177344 ; 101.433;
10 ; 20 ; 8 ; 0.446378 ; -0.0169622 ; 0.00272545 ; 101.242;
11 ; 20 ; 8 ; 0.454107 ; 0.00352088 ; 0.000853608 ; 102.059;
12 ; 20 ; 8 ; 0.443136 ; -0.00310961 ; -0.0159814 ; 101.594;
13 ; 20 ; 8 ; 0.445899 ; -0.00414913 ; -0.00263106 ; 101.24;
14 ; 20 ; 8 ; 0.433258 ; 0.00010163 ; -0.01529 ; 101.354;
15 ; 20 ; 8 ; 0.445623 ; -0.0101123 ; -0.0177699 ; 101.738;
16 ; 20 ; 8 ; 0.431716 ; -0.00608474 ; -0.0169691 ; 101.597;
17 ; 20 ; 8 ; 0.463472 ; -0.00930838 ; -0.0067277 ; 101.691;
18 ; 20 ; 8 ; 0.447789 ; 0.0107458 ; -0.00317447 ; 101.493;
19 ; 20 ; 8 ; 0.468332 ; 0.0114222 ; -0.0163886 ; 100.69;
20 ; 20 ; 8 ; 0.439648 ; 0.0101536 ; -0.0123339 ; 101.393;
21 ; 20 ; 8 ; 0.447939 ; 0.0141844 ; 0.00873609 ; 101.499;
4 ; 21 ; 8 ; 0.450026 ; 0.0106899 ; -0.0163915 ; 101.748;
5 ; 21 ; 8 ; 0.441477 ; -0.00798619 ; -0.00500034 ; 101.704;
6 ; 21 ; 8 ; 0.450507 ; -0.00445349 ; -0.00167042 ; 101.314;
7 ; 21 ; 8 ; 0.428658 ; -0.00234645 ; 0.014207 ; 101.385;
8 ; 21 ; 8 ; 0.428971 ; -0.00481081 ; 0.00537658 ; 101.164;
9 ; 21 ; 8 ; 0.442598 ; -0.00194266 ; -0.0128692 ; 101.513;
10 ; 21 ; 8 ; 0.442423 ; -0.0177586 ; -0.0195992 ; 101.612;
11 ; 21 ; 8 ; 0.445249 ; -0.00589927 ; -0.000359482 ; 101.307;
12 ; 21 ; 8 ; 0.440814 ; 0.00207267 ; -0.00979246 ; 101.304;
13 ; 21 ; 8 ; 0.426648 ; 0.0136405 ; -0.00800256 ; 101.326;
14 ; 21 ; 8 ; 0.443177 ; -0.00555141 ; -0.0115262 ; 101.687;
15 ; 21 ; 8 ; 0.43026 ; 0.0165388 ; -0.00461029 ; 101.702;
16 ; 21 ; 8 ; 0.444516 ; -0.0154827 ; -0.00337562 ; 100.644;
17 ; 21 ; 8 ; 0.448292 ; 0.000672155 ; -0.00972217 ; 101.061;
18 ; 21 ; 8 ; 0.427259 ; 0.00162718 ; 0.0035692 ; 101.833;
19 ; 21 ; 8 ; 0.464514 ; -0.0015475 ; 0.00539557 ; 101.341;
20 ; 21 ; 8 ; 0.461036 ; -0.0134528 ; -0.0015167 ; 101.352;
21 ; 21 ; 8 ; 0.447936 ; -0.00879523 ; 0.0051111 ; 101.007;
4 ; 4 ; 9 ; 0.368812 ; -0.0125317 ; 0.0065857 ; 100.475;
5 ; 4 ; 9 ; 0.360204 ; -0.00836026 ; -0.00464387 ; 101.947;
6 ; 4 ; 9 ; 0.348734 ; -0.0126508 ; 0.0181112 ; 101.043;
7 ; 4 ; 9 ; 0.356592 ; -0.00267201 ; 0.00557765 ; 101.873;
8 ; 4 ; 9 ; 0.361706 ; -0.00784501 ; -0.0036543 ; 100.985;
9 ; 4 ; 9 ; 0.37585 ; 0.00903546 ; -0.00895016 ; 101.89;
10 ; 4 ; 9 ; 0.390705 ; -0.00348683 ; -0.0206549 ; 101.284;
11 ; 4 ; 9 ; 0.350578 ; -0.0086471 ; 0.023317 ; 102.449;
12 ; 4 ; 9 ; 0.379803 ; -0.0135122 ; 0.00136935 ; 100.99;
13 ; 4 ; 9 ; 0.357364 ; 0.0100617 ; -0.00201801 ; 101.864;
14 ; 4 ; 9 ; 0.352068 ; -0.000435006 ; 0.010946 ; 101.474;
15 ; 4 ; 9 ; 0.366498 ; 0.000981122 ; 0.00425778 ; 101.478;
16 ; 4 ; 9 ; 0.36796 ; -0.00645639 ; -0.0122246 ; 101.529;
17 ; 4 ; 9 ; 0.364305 ; 0.00517319 ; 0.00737501 ; 101.614;
18 ; 4 ; 9 ; 0.362677 ; 0.00122449 ; 0.000257954 ; 101.185;
19 ; 4 ; 9 ; 0.386776 ; -0.016539 ; 0.00294646 ; 101.501;
20 ; 4 ; 9 ; 0.372436 ; -0.0147834 ; 0.00880406 ; 101.269;
21 ; 4 ; 9 ; 0.37409 ; 0.00722256 ; -0.00472191 ; 101.408;
4 ; 5 ; 9 ; 0.376369 ; -0.00660278 ; -0.0134075 ; 101.95;
5 ; 5 ; 9 ; 0.362581 ; -0.00533587 ; 0.00452147 ; 101.76;
6 ; 5 ; 9 ; 0.373652 ; 0.0186899 ; 0.00800589 ; 101.238;
7 ; 5 ; 9 ; 0.35581 ; -0.0151432 ; -0.00864765 ; 101.358;
8 ; 5 ; 9 ; 0.364162 ; -0.00632339 ; -0.000612654 ; 101.276;
9 ; 5 ; 9 ; 0.364392 ; -0.00499095 ; 0.0016367 ; 101.718;
10 ; 5 ; 9 ; 0.364733 ; 0.0113607 ; -0.0131896 ; 100.847;
11 ; 5 ; 9 ; 0.36029 ; -0.0165099 ; 0.0160195 ; 101.244;
12 ; 5 ; 9 ; 0.362109 ; -0.00401992 ; 0.00135849 ; 101.679;
13 ; 5 ; 9 ; 0.368806 ; 0.00750502 ; 0.000167885 ; 101.257;
14 ; 5 ; 9 ; 0.35602 ; 0.00552219 ; -0.0055245 ; 100.702;
15 ; 5 ; 9 ; 0.347788 ; 0.00297133 ; -0.000317519 ; 101.466;
16 ; 5 ; 9 ; 0.350417 ; 0.0123809 ; -0.0135335 ; 101.241;
17 ; 5 ; 9 ; 0.381511 ; 0.00866018 ; -0.0211813 ; 101.068;
18 ; 5 ; 9 ; 0.361262 ; -0.0116768 ; 0.0230229 ; 101.793;
19 ; 5 ; 9 ; 0.366613 ; -0.0011584 ; 0.00859124 ; 101.26;
20 ; 5 ; 9 ; 0.365498 ; -0.00494568 ; -0.00491467 ; 101.987;
21 ; 5 ; 9 ; 0.381112 ; -0.00527953 ; 0.0100078 ; 101.393;
4 ; 6 ; 9 ; 0.35538 ; -0.00416394 ; 0.0111858 ; 101.747;
5 ; 6 ; 9 ; 0.365534 ; -0.00508628 ; 0.0049028 ; 101.566;
6 ; 6 ; 9 ; 0.360622 ; -0.0035987 ; 0.0104321 ; 100.778;
7 ; 6 ; 9 ; 0.368214 ; -0.00727134 ; 0.0257433 ; 101.994;
8 ; 6 ; 9 ; 0.375375 ; -0.00511828 ; 0.00561524 ; 101.712;
9 ; 6 ; 9 ; 0.376706 ; -0.00262894 ; -0.0012621 ; 101.777;
10 ; 6 ; 9 ; 0.348451 ; 0.0172662 ; 0.00287309 ; 101.43;
11 ; 6 ; 9 ; 0.369835 ; -0.0207891 ; 0.000142002 ; 101.081;
12 ; 6 ; 9 ; 0.371751 ; -0.0219765 ; 0.00309105 ; 101.143;
13 ; 6 ; 9 ; 0.366817 ; -0.00806349 ; 0.0204458 ; 101.721;
14 ; 6 ; 9 ; 0.384277 ; 0.00175116 ; 0.0108423 ; 101.473;
15 ; 6 ; 9 ; 0.362416 ; -0.00263031 ; 0.00547685 ; 101.109;
16 ; 6 ; 9 ; 0.369291 ; 0.00376906 ; -0.00763969 ; 101.376;
17 ; 6 ; 9 ; 0.392009 ; 0.00178448 ; -0.00325259 ; 101.288;
18 ; 6 ; 9 ; 0.370334 ; -0.0120286 ; -0.00295478 ; 100.934;
19 ; 6 ; 9 ; 0.370744 ; -0.00838019 ; -0.0137773 ; 100.825;
20 ; 6 ; 9 ; 0.371963 ; 0.000886892 ; 0.00292895 ; 101.796;
21 ; 6 ; 9 ; 0.37263 ; -0.0184924 ; -0.00419538 ; 101.31;
4 ; 7 ; 9 ; 0.38742 ; -0.0118076 ; 0.00297359 ; 101.204;
5 ; 7 ; 9 ; 0.38185 ; 0.00552117 ; -0.00860417 ; 101.148;
6 ; 7 ; 9 ; 0.378312 ; 0.00556739 ; 0.0127674 ; 100.8;
7 ; 7 ; 9 ; 0.377216 ; -0.0103722 ; 0.0155786 ; 101.578;
8 ; 7 ; 9 ; 0.356872 ; -0.00097851 ; -0.0089581 ; 101.384;
9 ; 7 ; 9 ; 0.364064 ; -0.00791594 ; -0.00594744 ; 101.208;
10 ; 7 ; 9 ; 0.377157 ; 0.0115162 ; -0.000811662 ; 101.536;
11 ; 7 ; 9 ; 0.357374 ; 0.0163225 ; -0.0124877 ; 101.637;
12 ; 7 ; 9 ; 0.359543 ; 0.00821776 ; -0.00124248 ; 101.729;
13 ; 7 ; 9 ; 0.345557 ; -0.00610041 ; 0.010444 ; 102.009;
14 ; 7 ; 9 ; 0.372558 ; 0.00941209 ; 0.00073657 ; 101.022;
15 ; 7 ; 9 ; 0.370165 ; -0.0033626 ; 0.00395315 ; 101.316;
16 ; 7 ; 9 ; 0.347614 ; -0.00435539 ; 0.0200435 ; 101.449;
17 ; 7 ; 9 ; 0.357641 ; -0.0160887 ; 0.00621721 ; 101.209;
18 ; 7 ; 9 ; 0.374083 ; -0.002635 ; -0.0229213 ; 101.869;
19 ; 7 ; 9 ; 0.336981 ; -0.00455577 ; -0.0302362 ; 101.406;
20 ; 7 ; 9 ; 0.355798 ; 0.00456485 ; -0.0133711 ; 101.62;
21 ; 7 ; 9 ; 0.38361 ; 0.0040025 ; -0.0193015 ; 100.894;
4 ; 8 ; 9 ; 0.400895 ; -0.0124332 ; 0.00146711 ; 101.529;
5 ; 8 ; 9 ; 0.368475 ; -0.0123511 ; -0.00496828 ; 101.346;
6 ; 8 ; 9 ; 0.364392 ; -0.010679 ; 0.00034284 ; 101.207;
7 ; 8 ; 9 ; 0.356146 ; -0.0160526 ; -0.00570956 ; 101.358;
8 ; 8 ; 9 ; 0.3528 ; -0.0182023 ; -0.000326881 ; 101.562;
9 ; 8 ; 9 ; 0.358182 ; 0.00125344 ; -0.00997508 ; 102.378;
10 ; 8 ; 9 ; 0.362784 ; 0.0150331 ; 0.0109396 ; 101.667;
11 ; 8 ; 9 ; 0.366187 ; 0.00385075 ; 0.0234456 ; 100.487;
12 ; 8 ; 9 ; 0.336705 ; -0.010993 ; -0.00490926 ; 101.799;
13 ; 8 ; 9 ; 0.368007 ; 0.00438807 ; -0.00536414 ; 101.417;
14 ; 8 ; 9 ; 0.366239 ; -0.00235823 ; 0.0025687 ; 101.084;
15 ; 8 ; 9 ; 0.360138 ; -0.0024786 ; -0.00415409 ; 101.257;
16 ; 8 ; 9 ; 0.371187 ; -0.0180738 ; -0.00277915 ; 101.638;
17 ; 8 ; 9 ; 0.363744 ; 0.0128212 ; -0.00646311 ; 101.816;
18 ; 8 ; 9 ; 0.349422 ; -0.00840828 ; -0.0301801 ; 101.776;
19 ; 8 ; 9 ; 0.35147 ; 0.0101385 ; -0.0108591 ; 102.005;
20 ; 8 ; 9 ; 0.372324 ; 0.000774385 ; 0.000587741 ; 101.785;
21 ; 8 ; 9 ; 0.37024 ; -0.0179689 ; -0.00457678 ; 101.356;
4 ; 9 ; 9 ; 0.377759 ; 0.00674158 ; -0.00220164 ; 100.717;
5 ; 9 ; 9 ; 0.382595 ; -0.00567042 ; 0.0117734 ; 101.847;
6 ; 9 ; 9 ; 0.372419 ; 0.00152365 ; 3.51298e-05 ; 101.365;
7 ; 9 ; 9 ; 0.372203 ; 0.0127478 ; -0.00544573 ; 100.821;
8 ; 9 ; 9 ; 0.36625 ; 0.0227318 ; 0.00494154 ; 101.435;
9 ; 9 ; 9 ; 0.368447 ; 0.0231637 ; 0.00662431 ; 101.14;
10 ; 9 ; 9 ; 0.376466 ; 0.0119311 ; 0.016755 ; 100.98;
11 ; 9 ; 9 ; 0.376201 ; -0.01235 ; 0.0218771 ; 101.526;
12 ; 9 ; 9 ; 0.363137 ; 0.00112549 ; 0.0077097 ; 101.369;
13 ; 9 ; 9 ; 0.348175 ; -0.00767559 ; -0.00514473 ; 101.349;
14 ; 9 ; 9 ; 0.360683 ; 0.0402746 ; 0.00573085 ; 101.48;
15 ; 9 ; 9 ; 0.361632 ; -0.0100782 ; -0.000678365 ; 101.602;
16 ; 9 ; 9 ; 0.365183 ; 0.00607363 ; -0.00220757 ; 101.774;
17 ; 9 ; 9 ; 0.34857 ; 0.00868563 ; -0.00245975 ; 101.498;
18 ; 9 ; 9 ; 0.37363 ; 0.00544287 ; -0.0126613 ; 101.111;
19 ; 9 ; 9 ; 0.368985 ; -0.00433414 ; -0.0137417 ; 101.363;
20 ; 9 ; 9 ; 0.355638 ; 0.00634335 ; -0.00387427 ; 101.83;
21 ; 9 ; 9 ; 0.354731 ; 0.0145432 ; -0.00576376 ; 101.434;
4 ; 10 ; 9 ; 0.361356 ; 0.0127552 ; -0.00932586 ; 100.721;
5 ; 10 ; 9 ; 0.362683 ; -0.0167634 ; 0.0123576 ; 101.284;
6 ; 10 ; 9 ; 0.357773 ; -0.0110001 ; 0.00838513 ; 101.383;
7 ; 10 ; 9 ; 0.374738 ; -0.0144463 ; -0.00757519 ; 101.375;
8 ; 10 ; 9 ; 0.385448 ; -0.0129175 ; 0.00970084 ; 101.398;
9 ; 10 ; 9 ; 0.380061 ; -0.000152507 ; 0.00303694 ; 101.52;
10 ; 10 ; 9 ; 0.367121 ; 0.0151748 ; -0.00469803 ; 101.032;
11 ; 10 ; 9 ; 0.369592 ; 0.00265336 ; 0.00344664 ; 101.059;
12 ; 10 ; 9 ; 0.366996 ; -0.024625 ; -0.00152027 ; 101.942;
13 ; 10 ; 9 ; 0.363044 ; -0.00908596 ; 0.0028104 ; 100.544;
14 ; 10 ; 9 ; 0.363126 ; -0.00018688 ; -0.0104118 ; 101.256;
15 ; 10 ; 9 ; 0.364849 ; -0.0103979 ; 0.0109627 ; 101.904;
16 ; 10 ; 9 ; 0.371155 ; -0.00809759 ; 8.9153e-05 ; 101.611;
17 ; 10 ; 9 ; 0.370128 ; 0.0057037 ; -0.0116156 ; 101.6;
18 ; 10 ; 9 ; 0.368617 ; -0.00427236 ; 0.0294107 ; 101.345;
19 ; 10 ; 9 ; 0.375021 ; -0.00204201 ; -0.00335961 ; 101.6;
20 ; 10 ; 9 ; 0.376228 ; 0.00931937 ; -0.00406248 ; 101.71;
21 ; 10 ; 9 ; 0.378165 ; -0.0131418 ; -0.0116884 ; 100.909;
4 ; 11 ; 9 ; 0.355123 ; 0.0141636 ; -0.0142182 ; 101.597;
5 ; 11 ; 9 ; 0.372695 ; -0.00441198 ; 0.00316623 ; 101.967;
6 ; 11 ; 9 ; 0.351797 ; -0.00187538 ; 0.00342211 ; 101.565;
7 ; 11 ; 9 ; 0.360653 ; 0.00807333 ; -0.00792916 ; 102.217;
8 ; 11 ; 9 ; 0.356609 ; 0.00594598 ; 0.0105188 ; 101.352;
9 ; 11 ; 9 ; 0.364122 ; 0.0107051 ; 0.0113015 ; 101.118;
10 ; 11 ; 9 ; 0.358871 ; -0.00671264 ; 0.00116232 ; 101.512;
11 ; 11 ; 9 ; 0.374007 ; 0.00832194 ; 0.000159722 ; 101.907;
12 ; 11 ; 9 ; 0.372502 ; 0.00313562 ; 0.0184782 ; 101.968;
13 ; 11 ; 9 ; 0.369894 ; 0.00810796 ; 0.00429338 ; 101.036;
14 ; 11 ; 9 ; 0.358067 ; 0.00170802 ; -0.0168768 ; 101.244;
15 ; 11 ; 9 ; 0.377265 ; -0.00454632 ; -0.0195467 ; 102.105;
16 ; 11 ; 9 ; 0.354511 ; 0.00423154 ; 0.00831555 ; 101.218;
17 ; 11 ; 9 ; 0.363498 ; -0.0186753 ; 0.0149935 ; 101.465;
18 ; 11 ; 9 ; 0.348879 ; 0.00328804 ; 0.00423197 ; 101.724;
19 ; 11 ; 9 ; 0.373272 ; 0.0075545 ; 0.00708221 ; 101.442;
20 ; 11 ; 9 ; 0.347799 ; -0.00703329 ; 0.00133475 ; 101.469;
21 ; 11 ; 9 ; 0.359806 ; 0.0162434 ; -5.98173e-05 ; 100.778;
4 ; 12 ; 9 ; 0.366804 ; -0.00150681 ; -0.00770888 ; 100.815;
5 ; 12 ; 9 ; 0.356756 ; 0.00749807 ; 0.00718264 ; 100.95;
6 ; 12 ; 9 ; 0.352501 ; 0.0250256 ; 0.011217 ; 101.499;
7 ; 12 ; 9 ; 0.370257 ; 0.0153781 ; 0.0104572 ; 101.753;
8 ; 12 ; 9 ; 0.380053 ; 0.0146605 ; -0.00465203 ; 101.733;
9 ; 12 ; 9 ; 0.384784 ; 9.69428e-05 ; 0.00221066 ; 101.257;
10 ; 12 ; 9 ; 0.371167 ; -0.00618199 ; 0.00674097 ; 101.68;
11 ; 12 ; 9 ; 0.379121 ; 0.00343437 ; 0.00368363 ; 101.559;
12 ; 12 ; 9 ; 0.345817 ; -0.0164082 ; -0.00124802 ; 101.287;
13 ; 12 ; 9 ; 0.362012 ; 0.0129614 ; 0.0104831 ; 100.944;
14 ; 12 ; 9 ; 0.359838 ; -0.0128865 ; -0.00811311 ; 101.682;
15 ; 12 ; 9 ; 0.368533 ; -0.00616411 ; 0.00382025 ; 101.094;
16 ; 12 ; 9 ; 0.362847 ; 0.00322596 ; -0.00101594 ; 101.647;
17 ; 12 ; 9 ; 0.3697 ; 0.0209494 ; 3.66983e-05 ; 101.681;
18 ; 12 ; 9 ; 0.362407 ; -0.00319325 ; 0.0106091 ; 100.818;
19 ; 12 ; 9 ; 0.377796 ; -0.000407625 ; -0.0234949 ; 101.595;
20 ; 12 ; 9 ; 0.367086 ; 0.00124237 ; -0.0148772 ; 101.429;
21 ; 12 ; 9 ; 0.365484 ; 0.0117926 ; 0.000970007 ; 101.593;
4 ; 13 ; 9 ; 0.350494 ; 0.00763865 ; -0.00323052 ; 100.957;
5 ; 13 ; 9 ; 0.349753 ; 0.00693947 ; 0.00819343 ; 101.781;
6 ; 13 ; 9 ; 0.360293 ; -0.000313745 ; 0.0133957 ; 101.604;
7 ; 13 ; 9 ; 0.366377 ; -0.00294816 ; -0.000964196 ; 101.089;
8 ; 13 ; 9 ; 0.376796 ; 0.000262459 ; 0.0101971 ; 101.022;
9 ; 13 ; 9 ; 0.378791 ; 0.00160016 ; -0.00374752 ; 101.289;
10 ; 13 ; 9 ; 0.377281 ; 0.000287312 ; 0.031727 ; 101.282;
11 ; 13 ; 9 ; 0.362234 ; 0.0126275 ; 0.00756638 ; 101.783;
12 ; 13 ; 9 ; 0.360928 ; 0.0246008 ; -0.0069064 ; 101.494;
13 ; 13 ; 9 ; 0.356237 ; 0.0244735 ; 0.0149307 ; 101.556;
14 ; 13 ; 9 ; 0.36527 ; -0.00545935 ; -0.00793961 ; 101.487;
15 ; 13 ; 9 ; 0.382909 ; 0.00395407 ; 0.0142725 ; 101.424;
16 ; 13 ; 9 ; 0.356972 ; 0.00326136 ; -0.0110841 ; 101.102;
17 ; 13 ; 9 ; 0.374573 ; -0.00418185 ; 0.00592902 ; 101.794;
18 ; 13 ; 9 ; 0.379288 ; -0.0244446 ; -0.0170126 ; 101.401;
19 ; 13 ; 9 ; 0.365869 ; 0.00530746 ; -0.0167557 ; 101.594;
20 ; 13 ; 9 ; 0.363637 ; -0.00186261 ; 0.00908096 ; 100.737;
21 ; 13 ; 9 ; 0.348266 ; -0.00855556 ; -0.00872991 ; 101.305;
4 ; 14 ; 9 ; 0.364105 ; 0.015692 ; 0.022527 ; 101.092;
5 ; 14 ; 9 ; 0.368478 ; -0.00330437 ; 0.00540828 ; 101;
6 ; 14 ; 9 ; 0.3768 ; 0.0017439 ; -0.0194027 ; 101.109;
7 ; 14 ; 9 ; 0.354339 ; -0.00246708 ; -0.0125627 ; 101.82;
8 ; 14 ; 9 ; 0.363941 ; -0.0162935 ; 0.0250522 ; 100.991;
9 ; 14 ; 9 ; 0.348363 ; 0.000600919 ; 0.0278449 ; 101.588;
10 ; 14 ; 9 ; 0.365546 ; -0.0116879 ; -0.00628072 ; 101.16;
11 ; 14 ; 9 ; 0.386212 ; 0.0127729 ; -0.000160352 ; 101.294;
12 ; 14 ; 9 ; 0.390808 ; -0.00170552 ; 0.00758388 ; 101.568;
13 ; 14 ; 9 ; 0.380495 ; 0.000233179 ; -0.0270087 ; 100.753;
14 ; 14 ; 9 ; 0.366377 ; 0.0141475 ; -0.00754038 ; 101.759;
15 ; 14 ; 9 ; 0.374953 ; 0.0083681 ; 0.0166508 ; 101.013;
16 ; 14 ; 9 ; 0.383656 ; -0.0130951 ; -0.00293094 ; 101.349;
17 ; 14 ; 9 ; 0.352954 ; -0.00248942 ; -0.00562124 ; 101.417;
18 ; 14 ; 9 ; 0.381824 ; -0.00073572 ; -0.0104722 ; 100.865;
19 ; 14 ; 9 ; 0.377379 ; -0.0166304 ; -0.000909033 ; 101.413;
20 ; 14 ; 9 ; 0.34983 ; -0.0197435 ; -0.000258469 ; 101.594;
21 ; 14 ; 9 ; 0.377013 ; -0.0230276 ; -0.00712438 ; 100.618;
4 ; 15 ; 9 ; 0.365626 ; -0.00423041 ; -0.00326772 ; 101.106;
5 ; 15 ; 9 ; 0.35047 ; 0.0222406 ; -0.000265484 ; 101.161;
6 ; 15 ; 9 ; 0.35842 ; 0.00860395 ; 0.00364323 ; 101.566;
7 ; 15 ; 9 ; 0.367231 ; -0.0116805 ; 0.0106674 ; 101.86;
8 ; 15 ; 9 ; 0.377169 ; -0.00882072 ; -0.00505791 ; 101.041;
9 ; 15 ; 9 ; 0.374598 ; -0.00174653 ; 0.00425725 ; 101.597;
10 ; 15 ; 9 ; 0.353181 ; -0.000225038 ; -0.003447 ; 101.455;
11 ; 15 ; 9 ; 0.376037 ; -0.00714301 ; 0.015493 ; 102.332;
12 ; 15 ; 9 ; 0.358574 ; 0.010217 ; -0.00690688 ; 101.583;
13 ; 15 ; 9 ; 0.368951 ; 0.0128393 ; 0.0192076 ; 101.15;
14 ; 15 ; 9 ; 0.365256 ; 0.0168975 ; -0.0133688 ; 101.804;
15 ; 15 ; 9 ; 0.346204 ; 0.00908731 ; -0.00160106 ; 101.429;
16 ; 15 ; 9 ; 0.376354 ; -0.00479814 ; 0.0021041 ; 101.194;
17 ; 15 ; 9 ; 0.371725 ; 0.0107581 ; 0.00898316 ; 101.233;
18 ; 15 ; 9 ; 0.378381 ; -0.0150943 ; -0.00625597 ; 101.81;
19 ; 15 ; 9 ; 0.360503 ; -0.00759917 ; -0.0066754 ; 101.48;
20 ; 15 ; 9 ; 0.374496 ; 0.00425594 ; -0.0106855 ; 101.609;
21 ; 15 ; 9 ; 0.370328 ; -0.00757965 ; -0.0207718 ; 101.295;
4 ; 16 ; 9 ; 0.366148 ; 0.00744078 ; -0.005286 ; 101.791;
5 ; 16 ; 9 ; 0.361226 ; -0.00416833 ; 0.00916446 ; 101.746;
6 ; 16 ; 9 ; 0.342703 ; 0.00728739 ; -0.010598 ; 100.94;
7 ; 16 ; 9 ; 0.377048 ; -0.00966312 ; 0.0199989 ; 101.358;
8 ; 16 ; 9 ; 0.361944 ; -0.0155094 ; 0.00821857 ; 101.371;
9 ; 16 ; 9 ; 0.358863 ; 0.00623463 ; 0.0115372 ; 101.481;
10 ; 16 ; 9 ; 0.366749 ; 0.0050297 ; 0.00147081 ; 101.446;
11 ; 16 ; 9 ; 0.365966 ; -0.00026045 ; 0.0119697 ; 101.682;
12 ; 16 ; 9 ; 0.369268 ; -0.000480145 ; 0.0116288 ; 102.255;
13 ; 16 ; 9 ; 0.382602 ; 0.0243121 ; 0.000438867 ; 101.327;
14 ; 16 ; 9 ; 0.357585 ; 0.00346918 ; -0.0218854 ; 101.748;
15 ; 16 ; 9 ; 0.375341 ; 0.0180675 ; 0.00936808 ; 101.937;
16 ; 16 ; 9 ; 0.374588 ; -0.00135152 ; 0.00460502 ; 101.415;
17 ; 16 ; 9 ; 0.387544 ; 0.00990094 ; -0.00540215 ; 101.159;
18 ; 16 ; 9 ; 0.36109 ; -0.0149617 ; -0.0243453 ; 101.721;
19 ; 16 ; 9 ; 0.367015 ; -0.000992112 ; -0.0198561 ; 101.732;
20 ; 16 ; 9 ; 0.349733 ; -0.00130121 ; -0.0115625 ; 101.482;
21 ; 16 ; 9 ; 0.372966 ; -0.000538686 ; -0.0153525 ; 101.764;
4 ; 17 ; 9 ; 0.370188 ; 0.0014475 ; 0.0123439 ; 102.377;
5 ; 17 ; 9 ; 0.360353 ; -0.0148144 ; 0.00198291 ; 101.046;
6 ; 17 ; 9 ; 0.37439 ; 0.0133887 ; -0.000929159 ; 101.525;
7 ; 17 ; 9 ; 0.367025 ; -0.00680454 ; 0.00699561 ; 101.853;
8 ; 17 ; 9 ; 0.362094 ; -0.0107902 ; 0.00341796 ; 101.769;
9 ; 17 ; 9 ; 0.364139 ; -0.00965326 ; 0.00563329 ; 101.484;
10 ; 17 ; 9 ; 0.363357 ; 0.00965078 ; 0.00409282 ; 101.397;
11 ; 17 ; 9 ; 0.364277 ; 0.00611277 ; -0.0130379 ; 101.805;
12 ; 17 ; 9 ; 0.36731 ; -0.011577 ; 0.000667684 ; 101.13;
13 ; 17 ; 9 ; 0.343651 ; -0.000288635 ; -0.00742013 ; 102.068;
14 ; 17 ; 9 ; 0.363842 ; -0.00320871 ; 0.00689781 ; 101.437;
15 ; 17 ; 9 ; 0.360865 ; 0.00461086 ; -0.00474072 ; 101.612;
16 ; 17 ; 9 ; 0.375927 ; 0.00846557 ; -0.0022941 ; 101.872;
17 ; 17 ; 9 ; 0.361259 ; -0.0099234 ; -0.011152 ; 101.612;
18 ; 17 ; 9 ; 0.358414 ; 0.00134074 ; -0.0244393 ; 101.784;
19 ; 17 ; 9 ; 0.359412 ; 0.0050317 ; -0.00149854 ; 101.679;
20 ; 17 ; 9 ; 0.359968 ; -0.00488387 ; -0.0172655 ; 102.251;
21 ; 17 ; 9 ; 0.381431 ; -0.00318053 ; -0.0204516 ; 101.639;
4 ; 18 ; 9 ; 0.358892 ; 0.00731434 ; -0.00831019 ; 101.14;
5 ; 18 ; 9 ; 0.367081 ; -0.00230046 ; -0.0140382 ; 100.737;
6 ; 18 ; 9 ; 0.362358 ; -0.00161634 ; 0.0185592 ; 100.95;
7 ; 18 ; 9 ; 0.366466 ; -0.00504227 ; 0.021454 ; 101.835;
8 ; 18 ; 9 ; 0.364521 ; 0.0159398 ; 0.00226181 ; 101.622;
9 ; 18 ; 9 ; 0.370141 ; -0.0110001 ; 0.0119401 ; 101.785;
10 ; 18 ; 9 ; 0.371636 ; -0.0112049 ; 0.0246018 ; 101.048;
11 ; 18 ; 9 ; 0.381958 ; 0.00954369 ; 0.00488331 ; 101.391;
12 ; 18 ; 9 ; 0.369518 ; 0.00409593 ; 0.00763087 ; 101.41;
13 ; 18 ; 9 ; 0.369872 ; -0.015482 ; -0.00153146 ; 101.684;
14 ; 18 ; 9 ; 0.363347 ; 0.0144866 ; -0.0147222 ; 101.35;
15 ; 18 ; 9 ; 0.361615 ; 0.0155678 ; -0.00881574 ; 101.084;
16 ; 18 ; 9 ; 0.363927 ; 0.00027932 ; 0.00674842 ; 101.21;
17 ; 18 ; 9 ; 0.364139 ; -0.00830132 ; -0.00443479 ; 101.763;
18 ; 18 ; 9 ; 0.364137 ; -0.00280426 ; -0.0164851 ; 101.193;
19 ; 18 ; 9 ; 0.372482 ; 0.00322653 ; -0.02758 ; 101.773;
20 ; 18 ; 9 ; 0.385859 ; 0.0102306 ; -0.0120001 ; 101.46;
21 ; 18 ; 9 ; 0.366405 ; -0.00646903 ; -0.0107829 ; 101.187;
4 ; 19 ; 9 ; 0.357963 ; -0.00661563 ; 0.00067801 ; 101.711;
5 ; 19 ; 9 ; 0.359291 ; -0.00879672 ; -0.00395581 ; 101.809;
6 ; 19 ; 9 ; 0.377335 ; 0.0232177 ; -0.000505026 ; 101.39;
7 ; 19 ; 9 ; 0.364526 ; -0.000913641 ; -0.00500841 ; 102.15;
8 ; 19 ; 9 ; 0.373353 ; 0.0126279 ; -0.0173601 ; 101.039;
9 ; 19 ; 9 ; 0.380521 ; 0.000173092 ; -0.00496748 ; 100.65;
10 ; 19 ; 9 ; 0.354565 ; 0.00226393 ; 0.00455273 ; 101.763;
11 ; 19 ; 9 ; 0.362805 ; 0.0074192 ; -0.0190933 ; 100.777;
12 ; 19 ; 9 ; 0.34384 ; 0.00868279 ; 0.0137099 ; 101.634;
13 ; 19 ; 9 ; 0.351996 ; 0.0251864 ; 0.00406166 ; 100.521;
14 ; 19 ; 9 ; 0.352909 ; -0.0111041 ; -0.00952704 ; 101.479;
15 ; 19 ; 9 ; 0.363928 ; -0.0144911 ; 0.0105923 ; 101.373;
16 ; 19 ; 9 ; 0.372374 ; -0.0106607 ; 0.00416434 ; 101.883;
17 ; 19 ; 9 ; 0.371128 ; 0.0119451 ; 0.0134064 ; 100.913;
18 ; 19 ; 9 ; 0.347502 ; 0.00952835 ; 0.00461433 ; 101.693;
19 ; 19 ; 9 ; 0.37733 ; -0.0151282 ; -0.00578208 ; 100.647;
20 ; 19 ; 9 ; 0.36213 ; -0.000891747 ; -0.000653505 ; 101.509;
21 ; 19 ; 9 ; 0.340266 ; -0.00982819 ; 0.000312194 ; 101.608;
4 ; 20 ; 9 ; 0.357699 ; 0.012308 ; -0.00624087 ; 101.556;
5 ; 20 ; 9 ; 0.351241 ; 0.000221077 ; -0.00803678 ; 101.825;
6 ; 20 ; 9 ; 0.363392 ; 0.0144867 ; 0.0199648 ; 101.358;
7 ; 20 ; 9 ; 0.367567 ; -0.0125825 ; -0.0178191 ; 101.417;
8 ; 20 ; 9 ; 0.374302 ; -0.0112295 ; -0.00170252 ; 101.508;
9 ; 20 ; 9 ; 0.387715 ; -0.00693546 ; 0.0150393 ; 101.691;
10 ; 20 ; 9 ; 0.379719 ; -0.00453771 ; 0.0193004 ; 100.848;
11 ; 20 ; 9 ; 0.380082 ; -0.0212504 ; -0.00340086 ; 101.467;
12 ; 20 ; 9 ; 0.365726 ; 0.0118081 ; -0.00340651 ; 101.125;
13 ; 20 ; 9 ; 0.35746 ; 0.0150579 ; 0.000615092 ; 101.811;
14 ; 20 ; 9 ; 0.348607 ; 0.00955866 ; 0.00907843 ; 101.593;
15 ; 20 ; 9 ; 0.376187 ; -0.00336412 ; -0.00625668 ; 101.333;
16 ; 20 ; 9 ; 0.365912 ; -0.0295528 ; -0.00513735 ; 101.612;
17 ; 20 ; 9 ; 0.366072 ; -0.0134426 ; 0.00347731 ; 101.238;
18 ; 20 ; 9 ; 0.351346 ; 0.000114656 ; 0.00549578 ; 101.278;
19 ; 20 ; 9 ; 0.367093 ; -0.00705053 ; -0.0153967 ; 101.522;
20 ; 20 ; 9 ; 0.35706 ; 0.0135335 ; -0.00612123 ; 100.93;
21 ; 20 ; 9 ; 0.377076 ; -0.00528653 ; -0.025953 ; 101.078;
4 ; 21 ; 9 ; 0.366532 ; 0.00739504 ; -0.00717805 ; 101.625;
5 ; 21 ; 9 ; 0.3616 ; -0.00870778 ; 0.00934522 ; 101.967;
6 ; 21 ; 9 ; 0.355493 ; 0.00208052 ; 0.00972241 ; 101.07;
7 ; 21 ; 9 ; 0.361134 ; -0.00151073 ; -0.025379 ; 101.459;
8 ; 21 ; 9 ; 0.347663 ; 0.00846415 ; -0.00173747 ; 102.263;
9 ; 21 ; 9 ; 0.352372 ; 0.0059718 ; -0.0204047 ; 100.986;
10 ; 21 ; 9 ; 0.363156 ; 0.0033489 ; -0.00504843 ; 101.4;
11 ; 21 ; 9 ; 0.355553 ; 0.000447395 ; 0.00410622 ; 100.831;
12 ; 21 ; 9 ; 0.375347 ; 0.010045 ; -0.000594258 ; 101.611;
13 ; 21 ; 9 ; 0.35203 ; 0.00511552 ; 0.00780531 ; 101.299;
14 ; 21 ; 9 ; 0.357364 ; 0.0175304 ; -0.0142026 ; 101.312;
15 ; 21 ; 9 ; 0.370161 ; 0.000880628 ; -0.0154661 ; 101.374;
16 ; 21 ; 9 ; 0.35036 ; -0.0230062 ; -0.00181961 ; 101.748;
17 ; 21 ; 9 ; 0.369729 ; -0.0197483 ; -0.000320675 ; 102.094;
18 ; 21 ; 9 ; 0.362182 ; 0.0102076 ; -0.00477428 ; 101.499;
19 ; 21 ; 9 ; 0.358098 ; 0.00227772 ; -0.00905596 ; 101.657;
20 ; 21 ; 9 ; 0.372425 ; 0.0135105 ; 0.000793103 ; 100.775;
21 ; 21 ; 9 ; 0.371512 ; 0.00211006 ; 0.0148543 ; 101.671;
4 ; 4 ; 10 ; 0.305921 ; 0.00644594 ; 0.00950327 ; 100.903;
5 ; 4 ; 10 ; 0.288791 ; -0.00136989 ; 0.0142697 ; 101.163;
6 ; 4 ; 10 ; 0.290447 ; 0.00926281 ; 0.000999139 ; 101.952;
7 ; 4 ; 10 ; 0.291176 ; -0.00768777 ; 0.0137782 ; 101.198;
8 ; 4 ; 10 ; 0.304704 ; -0.00543945 ; -0.0129514 ; 101.781;
9 ; 4 ; 10 ; 0.304401 ; -0.00836519 ; -0.0144302 ; 101.6;
10 ; 4 ; 10 ; 0.309672 ; -0.000114267 ; -0.0056615 ; 101.742;
11 ; 4 ; 10 ; 0.295871 ; 0.00772554 ; 0.0102445 ; 100.764;
12 ; 4 ; 10 ; 0.295208 ; -0.0111999 ; 0.00337336 ; 101.644;
13 ; 4 ; 10 ; 0.284825 ; 0.00598738 ; -0.0063074 ; 102.028;
14 ; 4 ; 10 ; 0.278476 ; 0.000248656 ; 0.0108119 ; 101.456;
15 ; 4 ; 10 ; 0.285694 ; -0.0058634 ; 0.00230154 ; 101.163;
16 ; 4 ; 10 ; 0.290536 ; 0.0108255 ; -0.00160304 ; 101.359;
17 ; 4 ; 10 ; 0.290624 ; 0.0144834 ; 0.00314136 ; 101.716;
18 ; 4 ; 10 ; 0.321042 ; -0.0120756 ; 0.00595447 ; 101.584;
19 ; 4 ; 10 ; 0.287394 ; -0.0021709 ; -0.00641293 ; 101.742;
20 ; 4 ; 10 ; 0.299642 ; -0.0048418 ; 0.00355112 ; 101.688;
21 ; 4 ; 10 ; 0.296342 ; -0.00131698 ; -0.00808367 ; 101.895;
4 ; 5 ; 10 ; 0.29441 ; -0.0133959 ; -0.0135645 ; 101.071;
5 ; 5 ; 10 ; 0.302624 ; 0.00408249 ; -0.00293693 ; 101.961;
6 ; 5 ; 10 ; 0.295553 ; -0.00352087 ; -0.00649938 ; 102.11;
7 ; 5 ; 10 ; 0.306533 ; -0.00538825 ; -0.00714291 ; 101.787;
8 ; 5 ; 10 ; 0.302699 ; -0.00260714 ; -0.0125873 ; 100.979;
9 ; 5 ; 10 ; 0.294811 ; -0.005394 ; 0.0153201 ; 100.843;
10 ; 5 ; 10 ; 0.282961 ; 0.0149064 ; 0.000551614 ; 100.91;
11 ; 5 ; 10 ; 0.279106 ; -0.000233545 ; -0.00802666 ; 102.233;
12 ; 5 ; 10 ; 0.299273 ; 0.0106012 ; 1.21795e-05 ; 101.181;
13 ; 5 ; 10 ; 0.301923 ; 0.0129909 ; -0.0050892 ; 101.18;
14 ; 5 ; 10 ; 0.293319 ; -0.000581963 ; -0.00178508 ; 101.858;
15 ; 5 ; 10 ; 0.290687 ; 0.00952833 ; -0.0211324 ; 101.322;
16 ; 5 ; 10 ; 0.304499 ; 0.00209735 ; 0.00529229 ; 101.213;
17 ; 5 ; 10 ; 0.313739 ; 0.000740198 ; -0.0114813 ; 101.344;
18 ; 5 ; 10 ; 0.274507 ; -0.00563707 ; 0.00645815 ; 101.13;
19 ; 5 ; 10 ; 0.298271 ; -0.0097976 ; 0.0118572 ; 101.669;
20 ; 5 ; 10 ; 0.299836 ; -0.0192485 ; 0.000562018 ; 101.2;
21 ; 5 ; 10 ; 0.303288 ; -0.00688998 ; 0.00684077 ; 101.198;
4 ; 6 ; 10 ; 0.292247 ; -0.00109794 ; 0.0156954 ; 101.304;
5 ; 6 ; 10 ; 0.296215 ; 0.00320567 ; 0.00395056 ; 101.246;
6 ; 6 ; 10 ; 0.310083 ; 0.000867532 ; 0.0147558 ; 101.71;
7 ; 6 ; 10 ; 0.31157 ; -0.00423176 ; 0.025843 ; 101.006;
8 ; 6 ; 10 ; 0.310941 ; 0.0179362 ; 0.00751156 ; 101.592;
9 ; 6 ; 10 ; 0.305438 ; 0.00469535 ; -0.00497604 ; 101.873;
10 ; 6 ; 10 ; 0.30685 ; -0.00641141 ; 0.000422874 ; 101.711;
11 ; 6 ; 10 ; 0.300928 ; 0.0124199 ; -0.0124982 ; 101.623;
12 ; 6 ; 10 ; 0.291888 ; 0.000355864 ; 0.0176984 ; 101.168;
13 ; 6 ; 10 ; 0.303308 ; 0.0154983 ; -0.000267317 ; 102.095;
14 ; 6 ; 10 ; 0.287801 ; 0.0176799 ; 0.0232205 ; 101.284;
15 ; 6 ; 10 ; 0.298501 ; -0.00897345 ; 0.019243 ; 101.635;
16 ; 6 ; 10 ; 0.304124 ; 0.00380821 ; -0.0118388 ; 101.514;
17 ; 6 ; 10 ; 0.313541 ; -0.00241837 ; -0.000649862 ; 101.237;
18 ; 6 ; 10 ; 0.29785 ; 0.0163058 ; 0.000887559 ; 101.698;
19 ; 6 ; 10 ; 0.309162 ; 0.00924302 ; -0.00352905 ; 101.335;
20 ; 6 ; 10 ; 0.304418 ; -0.00459437 ; -0.0169824 ; 101.671;
21 ; 6 ; 10 ; 0.295229 ; -0.0269497 ; 0.00363492 ; 102.028;
4 ; 7 ; 10 ; 0.289447 ; -0.0081563 ; 0.0022299 ; 101.844;
5 ; 7 ; 10 ; 0.301161 ; 0.00453236 ; -0.00174609 ; 101.426;
6 ; 7 ; 10 ; 0.297267 ; -0.0118468 ; 0.0184884 ; 101.76;
7 ; 7 ; 10 ; 0.289467 ; -0.0161893 ; -0.00747733 ; 101.957;
8 ; 7 ; 10 ; 0.279576 ; -0.0031178 ; 0.00594567 ; 100.742;
9 ; 7 ; 10 ; 0.29637 ; -0.00502482 ; -0.0095783 ; 101.408;
10 ; 7 ; 10 ; 0.304982 ; 0.00879381 ; -0.00633305 ; 101.612;
11 ; 7 ; 10 ; 0.281804 ; -0.011433 ; 0.00220329 ; 101.599;
12 ; 7 ; 10 ; 0.298921 ; 0.00201636 ; -0.00359663 ; 102.233;
13 ; 7 ; 10 ; 0.283022 ; -0.00618485 ; 0.00730822 ; 101.78;
14 ; 7 ; 10 ; 0.295121 ; 0.0290084 ; -0.0138933 ; 101.052;
15 ; 7 ; 10 ; 0.308082 ; -0.00796138 ; -0.0052467 ; 101.888;
16 ; 7 ; 10 ; 0.316164 ; -0.00479443 ; -3.53818e-05 ; 101.591;
17 ; 7 ; 10 ; 0.294271 ; -0.00571395 ; 0.0022847 ; 101.373;
18 ; 7 ; 10 ; 0.313328 ; -0.00368691 ; -0.005501 ; 101.677;
19 ; 7 ; 10 ; 0.271315 ; 0.00958916 ; -0.00182273 ; 102.264;
20 ; 7 ; 10 ; 0.301405 ; -0.00195214 ; -0.0100607 ; 101.283;
21 ; 7 ; 10 ; 0.310849 ; 0.00306153 ; -0.0216712 ; 101.641;
4 ; 8 ; 10 ; 0.294954 ; -0.00630145 ; -0.00408675 ; 100.848;
5 ; 8 ; 10 ; 0.303147 ; -0.00843871 ; -0.000295132 ; 101.607;
6 ; 8 ; 10 ; 0.291898 ; -0.0022353 ; 0.00920411 ; 101.31;
7 ; 8 ; 10 ; 0.277815 ; 0.000220652 ; 0.00299431 ; 101.095;
8 ; 8 ; 10 ; 0.299732 ; 0.0233263 ; 0.011785 ; 101.627;
9 ; 8 ; 10 ; 0.299769 ; 0.00773779 ; -0.0151389 ; 101.598;
10 ; 8 ; 10 ; 0.293098 ; 0.0100749 ; 0.00352314 ; 101.203;
11 ; 8 ; 10 ; 0.292884 ; -0.0011921 ; 0.0274898 ; 101.357;
12 ; 8 ; 10 ; 0.285982 ; -0.0176187 ; -0.00444735 ; 101.384;
13 ; 8 ; 10 ; 0.282974 ; 0.00125504 ; 0.0068677 ; 101.69;
14 ; 8 ; 10 ; 0.29781 ; 0.0115125 ; 0.012071 ; 101.502;
15 ; 8 ; 10 ; 0.297454 ; -0.0195572 ; -0.0252637 ; 101.416;
16 ; 8 ; 10 ; 0.281704 ; -0.00424508 ; -0.0236082 ; 101.98;
17 ; 8 ; 10 ; 0.316811 ; -0.0101239 ; -0.0182283 ; 101.327;
18 ; 8 ; 10 ; 0.302501 ; 0.0138442 ; -0.0210522 ; 101.505;
19 ; 8 ; 10 ; 0.292036 ; -0.00366073 ; -0.0243267 ; 101.526;
20 ; 8 ; 10 ; 0.286492 ; -0.01116 ; -0.000163188 ; 101.488;
21 ; 8 ; 10 ; 0.284923 ; -0.00369046 ; 0.0128336 ; 101.753;
4 ; 9 ; 10 ; 0.313388 ; 0.0135048 ; -0.0213312 ; 101.962;
5 ; 9 ; 10 ; 0.282966 ; -0.0134979 ; 0.0146537 ; 101.578;
6 ; 9 ; 10 ; 0.285017 ; 0.00368725 ; 0.0116381 ; 101.357;
7 ; 9 ; 10 ; 0.288301 ; 0.0150067 ; 0.00348143 ; 101.786;
8 ; 9 ; 10 ; 0.288753 ; -0.0078243 ; -0.00395567 ; 101.33;
9 ; 9 ; 10 ; 0.285636 ; -0.00567501 ; -0.00385845 ; 100.834;
10 ; 9 ; 10 ; 0.298122 ; 0.00484613 ; -0.000753258 ; 100.904;
11 ; 9 ; 10 ; 0.284503 ; 0.0143498 ; -3.33255e-05 ; 102.428;
12 ; 9 ; 10 ; 0.280093 ; -2.85769e-05 ; -0.0141588 ; 101.266;
13 ; 9 ; 10 ; 0.299639 ; -0.00536681 ; 0.00698422 ; 101.193;
14 ; 9 ; 10 ; 0.292373 ; 0.0129977 ; 0.00560914 ; 101.736;
15 ; 9 ; 10 ; 0.282221 ; 0.0104071 ; -0.0106474 ; 101.04;
16 ; 9 ; 10 ; 0.309647 ; 0.00365324 ; -0.00913088 ; 102.416;
17 ; 9 ; 10 ; 0.295744 ; -0.00629182 ; -0.00952901 ; 101.698;
18 ; 9 ; 10 ; 0.311988 ; -0.0213338 ; -0.0245397 ; 101.909;
19 ; 9 ; 10 ; 0.299267 ; -0.0110178 ; -0.00248751 ; 101.087;
20 ; 9 ; 10 ; 0.282063 ; -0.00874027 ; 0.00212449 ; 101.746;
21 ; 9 ; 10 ; 0.281909 ; -0.00225991 ; -0.00744171 ; 101.674;
4 ; 10 ; 10 ; 0.299765 ; 0.00247428 ; -0.0112369 ; 101.45;
5 ; 10 ; 10 ; 0.283181 ; 0.00345981 ; 0.00115743 ; 101.234;
6 ; 10 ; 10 ; 0.298221 ; 0.00764935 ; 0.000771175 ; 102.168;
7 ; 10 ; 10 ; 0.295649 ; 0.00383844 ; 0.017224 ; 101.132;
8 ; 10 ; 10 ; 0.272166 ; 1.05997e-05 ; 0.00401427 ; 101.718;
9 ; 10 ; 10 ; 0.29744 ; 0.0119056 ; -0.0120013 ; 101.029;
10 ; 10 ; 10 ; 0.300751 ; 0.01375 ; 0.00500736 ; 101.688;
11 ; 10 ; 10 ; 0.303775 ; 0.0104817 ; 0.002874 ; 101.715;
12 ; 10 ; 10 ; 0.284732 ; -0.00903386 ; 0.0274278 ; 100.966;
13 ; 10 ; 10 ; 0.304999 ; -0.00530292 ; 0.0123346 ; 101.944;
14 ; 10 ; 10 ; 0.283607 ; 0.015488 ; -0.00591433 ; 101.791;
15 ; 10 ; 10 ; 0.289122 ; 0.00465226 ; 0.0301881 ; 101.51;
16 ; 10 ; 10 ; 0.30018 ; -0.0128318 ; 0.000813578 ; 101.022;
17 ; 10 ; 10 ; 0.294123 ; -0.0184962 ; -0.0160814 ; 101.931;
18 ; 10 ; 10 ; 0.323594 ; -0.015876 ; -0.00639994 ; 102.291;
19 ; 10 ; 10 ; 0.323686 ; 0.000697346 ; -0.0078949 ; 101.721;
20 ; 10 ; 10 ; 0.305647 ; 0.00473957 ; -0.00507453 ; 101.407;
21 ; 10 ; 10 ; 0.31292 ; -0.00398069 ; -0.0417558 ; 101.77;
4 ; 11 ; 10 ; 0.296818 ; 0.00645854 ; -0.00959934 ; 100.925;
5 ; 11 ; 10 ; 0.317507 ; 0.00161897 ; 0.0117423 ; 101.9;
6 ; 11 ; 10 ; 0.317608 ; -0.0112477 ; -0.000804724 ; 101.268;
7 ; 11 ; 10 ; 0.293517 ; 0.00877796 ; -0.00409769 ; 101.409;
8 ; 11 ; 10 ; 0.297231 ; -0.0147265 ; 0.0215527 ; 101.545;
9 ; 11 ; 10 ; 0.307728 ; 0.0078933 ; 0.0175562 ; 101.428;
10 ; 11 ; 10 ; 0.296415 ; 0.0032143 ; 0.00497765 ; 102.072;
11 ; 11 ; 10 ; 0.295347 ; 0.00904847 ; 0.0118409 ; 100.894;
12 ; 11 ; 10 ; 0.316512 ; -0.00951343 ; 0.00861768 ; 101.597;
13 ; 11 ; 10 ; 0.292459 ; 0.00694279 ; 0.0030963 ; 101.199;
14 ; 11 ; 10 ; 0.283773 ; -0.0103117 ; -0.0162833 ; 102.143;
15 ; 11 ; 10 ; 0.290179 ; 0.00397583 ; -0.00695934 ; 101.483;
16 ; 11 ; 10 ; 0.289261 ; 0.000109277 ; -0.00701624 ; 101.982;
17 ; 11 ; 10 ; 0.299647 ; -0.0104749 ; 0.00741919 ; 101.09;
18 ; 11 ; 10 ; 0.280952 ; -0.00730261 ; -0.015702 ; 101.386;
19 ; 11 ; 10 ; 0.290392 ; 0.00785318 ; -0.00417571 ; 101.462;
20 ; 11 ; 10 ; 0.303393 ; 0.00859423 ; -0.00957633 ; 101.365;
21 ; 11 ; 10 ; 0.307834 ; 0.0165494 ; 0.000763132 ; 102.289;
4 ; 12 ; 10 ; 0.290958 ; 0.00597808 ; -0.00708685 ; 101.768;
5 ; 12 ; 10 ; 0.309734 ; -0.00662958 ; 0.010928 ; 100.9;
6 ; 12 ; 10 ; 0.283533 ; 0.0139646 ; 0.0100648 ; 101.63;
7 ; 12 ; 10 ; 0.291275 ; -0.0186153 ; -0.000277637 ; 101.585;
8 ; 12 ; 10 ; 0.290085 ; 0.00536455 ; -0.0144531 ; 101.451;
9 ; 12 ; 10 ; 0.296867 ; -0.00960819 ; -0.0141761 ; 101.298;
10 ; 12 ; 10 ; 0.306244 ; -0.00614973 ; -0.0108131 ; 100.884;
11 ; 12 ; 10 ; 0.31745 ; -0.00645041 ; 0.00130525 ; 102.351;
12 ; 12 ; 10 ; 0.307724 ; -0.00769985 ; 0.0107745 ; 101.084;
13 ; 12 ; 10 ; 0.310974 ; 0.00519448 ; -0.0205794 ; 101.484;
14 ; 12 ; 10 ; 0.284368 ; -0.0122574 ; -0.0199511 ; 101.789;
15 ; 12 ; 10 ; 0.294035 ; -0.002782 ; -0.00031722 ; 102;
16 ; 12 ; 10 ; 0.301991 ; 0.0123291 ; -0.0256125 ; 101.356;
17 ; 12 ; 10 ; 0.314366 ; -0.00323603 ; -0.0307873 ; 101.789;
18 ; 12 ; 10 ; 0.290068 ; 0.00494383 ; -0.0255098 ; 101.321;
19 ; 12 ; 10 ; 0.312518 ; 0.00391905 ; -0.0253411 ; 101.378;
20 ; 12 ; 10 ; 0.30401 ; 0.00474959 ; -0.0204118 ; 101.147;
21 ; 12 ; 10 ; 0.29928 ; 0.00313259 ; 0.00602493 ; 102.004;
4 ; 13 ; 10 ; 0.27136 ; 0.0109482 ; 0.01425 ; 102.011;
5 ; 13 ; 10 ; 0.292789 ; 0.0031636 ; 0.00276743 ; 101.587;
6 ; 13 ; 10 ; 0.287427 ; 0.00770117 ; 0.0036807 ; 101.38;
7 ; 13 ; 10 ; 0.304153 ; 0.00635291 ; 0.000473238 ; 101.502;
8 ; 13 ; 10 ; 0.307786 ; 0.00974395 ; -0.0128235 ; 101.543;
9 ; 13 ; 10 ; 0.296352 ; 0.006373 ; 0.00881786 ; 101.58;
10 ; 13 ; 10 ; 0.289791 ; 0.00367988 ; 0.0311804 ; 102.122;
11 ; 13 ; 10 ; 0.286486 ; -0.00848805 ; 0.0458718 ; 101.252;
12 ; 13 ; 10 ; 0.308125 ; -1.63167e-06 ; 0.00368285 ; 101.423;
13 ; 13 ; 10 ; 0.311781 ; -4.79183e-05 ; -0.00979806 ; 101.126;
14 ; 13 ; 10 ; 0.293238 ; 0.0118633 ; -0.014894 ; 101.592;
15 ; 13 ; 10 ; 0.29551 ; -0.00348683 ; -0.00312713 ; 101.138;
16 ; 13 ; 10 ; 0.291517 ; 0.00776959 ; -0.00523776 ; 101.551;
17 ; 13 ; 10 ; 0.288654 ; -0.00470854 ; 0.00271253 ; 100.865;
18 ; 13 ; 10 ; 0.296369 ; 0.00703041 ; -0.000554261 ; 101.845;
19 ; 13 ; 10 ; 0.303943 ; 0.00464667 ; -0.0171286 ; 101.815;
20 ; 13 ; 10 ; 0.295016 ; 0.00880895 ; -0.0083858 ; 101.442;
21 ; 13 ; 10 ; 0.303911 ; -0.0174855 ; -0.0070956 ; 101.314;
4 ; 14 ; 10 ; 0.27509 ; 0.0138506 ; 0.00730761 ; 101.147;
5 ; 14 ; 10 ; 0.297412 ; 0.00100201 ; 0.0136485 ; 101.824;
6 ; 14 ; 10 ; 0.29698 ; 0.000608081 ; -0.00823278 ; 101.68;
7 ; 14 ; 10 ; 0.29115 ; -0.00369289 ; 0.0176614 ; 101.283;
8 ; 14 ; 10 ; 0.306054 ; -0.00224688 ; 0.021393 ; 101.072;
9 ; 14 ; 10 ; 0.291629 ; 0.0011065 ; -0.0175388 ; 101.229;
10 ; 14 ; 10 ; 0.297504 ; -0.00784031 ; 0.00746066 ; 102.048;
11 ; 14 ; 10 ; 0.295314 ; -0.0165042 ; -0.00573674 ; 101.266;
12 ; 14 ; 10 ; 0.309313 ; -0.0031183 ; -0.0377733 ; 101.799;
13 ; 14 ; 10 ; 0.300034 ; 0.00529157 ; -0.00285706 ; 101.183;
14 ; 14 ; 10 ; 0.283033 ; -0.011042 ; 0.0157278 ; 101.12;
15 ; 14 ; 10 ; 0.303454 ; 0.0111342 ; 0.00616235 ; 101.785;
16 ; 14 ; 10 ; 0.31024 ; 0.00501802 ; 0.00174334 ; 101.193;
17 ; 14 ; 10 ; 0.310457 ; 0.00155593 ; -0.00769046 ; 101.416;
18 ; 14 ; 10 ; 0.31283 ; 0.0217723 ; 0.00884254 ; 101.266;
19 ; 14 ; 10 ; 0.291629 ; 0.00857304 ; -0.00912907 ; 101.885;
20 ; 14 ; 10 ; 0.298778 ; -0.00422825 ; -0.0047303 ; 101.864;
21 ; 14 ; 10 ; 0.310606 ; 0.00039879 ; -0.0108596 ; 100.888;
4 ; 15 ; 10 ; 0.303114 ; 0.0171749 ; 0.00318336 ; 101.513;
5 ; 15 ; 10 ; 0.278582 ; -0.000414666 ; 0.00170841 ; 100.901;
6 ; 15 ; 10 ; 0.28941 ; 0.0306872 ; 0.000526682 ; 101.565;
7 ; 15 ; 10 ; 0.294417 ; 0.00883119 ; 0.0162716 ; 101.205;
8 ; 15 ; 10 ; 0.31129 ; -0.00410097 ; -0.00641655 ; 101.839;
9 ; 15 ; 10 ; 0.314164 ; 0.0137956 ; 0.00422082 ; 100.802;
10 ; 15 ; 10 ; 0.295375 ; -0.00548265 ; 0.000900859 ; 102.074;
11 ; 15 ; 10 ; 0.287485 ; -0.00058122 ; 0.00103973 ; 100.647;
12 ; 15 ; 10 ; 0.290333 ; 0.0151363 ; 0.0154318 ; 101.685;
13 ; 15 ; 10 ; 0.313171 ; 0.00192896 ; 0.00274782 ; 101.438;
14 ; 15 ; 10 ; 0.277006 ; 0.0326414 ; 0.00322519 ; 101.483;
15 ; 15 ; 10 ; 0.292546 ; 0.0107256 ; 0.00473789 ; 101.675;
16 ; 15 ; 10 ; 0.288161 ; -0.00604416 ; -0.00463164 ; 101.089;
17 ; 15 ; 10 ; 0.276686 ; -0.00563307 ; -0.00759821 ; 101.29;
18 ; 15 ; 10 ; 0.286952 ; 0.00208485 ; -0.0152402 ; 101.835;
19 ; 15 ; 10 ; 0.271954 ; 0.01409 ; -0.0236878 ; 101.816;
20 ; 15 ; 10 ; 0.29155 ; 0.0126379 ; 0.0013969 ; 101.83;
21 ; 15 ; 10 ; 0.278099 ; 0.00772396 ; -0.00169091 ; 101.88;
4 ; 16 ; 10 ; 0.314936 ; -0.00835519 ; -0.00140224 ; 101.143;
5 ; 16 ; 10 ; 0.291093 ; 0.00246865 ; -0.00301201 ; 101.833;
6 ; 16 ; 10 ; 0.287693 ; -0.0225949 ; -0.0183213 ; 101.517;
7 ; 16 ; 10 ; 0.293144 ; -0.00363074 ; 0.00188045 ; 101.724;
8 ; 16 ; 10 ; 0.289369 ; -0.00514511 ; 0.00276593 ; 101.139;
9 ; 16 ; 10 ; 0.29929 ; -0.00404681 ; 0.0108513 ; 101.514;
10 ; 16 ; 10 ; 0.286349 ; -0.00543014 ; 0.00247356 ; 101.543;
11 ; 16 ; 10 ; 0.279803 ; -0.0184091 ; 0.00927873 ; 101.472;
12 ; 16 ; 10 ; 0.289415 ; -0.0132656 ; -0.00694028 ; 100.814;
13 ; 16 ; 10 ; 0.301797 ; 0.00211533 ; -0.00913993 ; 101.752;
14 ; 16 ; 10 ; 0.29719 ; 0.00275278 ; -0.010745 ; 101.808;
15 ; 16 ; 10 ; 0.299931 ; -0.0030016 ; 0.0147742 ; 101.752;
16 ; 16 ; 10 ; 0.294375 ; -0.00378423 ; -0.00151616 ; 101.134;
17 ; 16 ; 10 ; 0.300499 ; 0.00314375 ; -0.0123643 ; 101.165;
18 ; 16 ; 10 ; 0.291217 ; 0.00694491 ; 0.000945094 ; 101.2;
19 ; 16 ; 10 ; 0.287868 ; 0.000821377 ; -0.0118832 ; 101.321;
20 ; 16 ; 10 ; 0.291264 ; -0.0106298 ; -0.00790005 ; 101.878;
21 ; 16 ; 10 ; 0.301135 ; -0.0126752 ; -0.00168951 ; 101.393;
4 ; 17 ; 10 ; 0.298183 ; 0.000846802 ; 0.0122898 ; 100.959;
5 ; 17 ; 10 ; 0.301292 ; 0.000724533 ; -0.00270288 ; 101.489;
6 ; 17 ; 10 ; 0.291889 ; -0.000884154 ; -0.0214353 ; 101.506;
7 ; 17 ; 10 ; 0.30173 ; 0.00197121 ; -0.000857856 ; 101.475;
8 ; 17 ; 10 ; 0.304027 ; -0.0134224 ; 0.00024047 ; 101.692;
9 ; 17 ; 10 ; 0.301997 ; -0.00660184 ; -0.0210096 ; 100.738;
10 ; 17 ; 10 ; 0.285353 ; 0.00846443 ; 0.0020068 ; 101.739;
11 ; 17 ; 10 ; 0.303435 ; 0.00774886 ; -0.00123898 ; 101.245;
12 ; 17 ; 10 ; 0.290206 ; 0.00434656 ; 0.0121238 ; 101.239;
13 ; 17 ; 10 ; 0.301345 ; 0.00166708 ; -0.00120324 ; 100.789;
14 ; 17 ; 10 ; 0.297012 ; 0.00197216 ; 0.0117321 ; 101.701;
15 ; 17 ; 10 ; 0.28159 ; -0.00244453 ; -0.0192745 ; 101.934;
16 ; 17 ; 10 ; 0.29458 ; -0.00258432 ; 0.00198726 ; 101.726;
17 ; 17 ; 10 ; 0.300229 ; -0.00187642 ; -0.00425091 ; 100.754;
18 ; 17 ; 10 ; 0.288922 ; 0.00405528 ; -0.0181073 ; 101.436;
19 ; 17 ; 10 ; 0.285734 ; 0.010366 ; -0.0157313 ; 101.048;
20 ; 17 ; 10 ; 0.295132 ; -0.00740407 ; -0.0219076 ; 101.948;
21 ; 17 ; 10 ; 0.301376 ; 0.00137293 ; -0.000315865 ; 101.346;
4 ; 18 ; 10 ; 0.306008 ; -0.0175237 ; 0.00476613 ; 101.375;
5 ; 18 ; 10 ; 0.296519 ; -0.00166855 ; 0.00211962 ; 101.309;
6 ; 18 ; 10 ; 0.290769 ; -0.00420331 ; 0.000610508 ; 101.402;
7 ; 18 ; 10 ; 0.284402 ; 0.00599004 ; 0.0127883 ; 101.493;
8 ; 18 ; 10 ; 0.295561 ; 0.0105201 ; -0.00510763 ; 101.465;
9 ; 18 ; 10 ; 0.270276 ; -0.0178562 ; -0.00184156 ; 101.326;
10 ; 18 ; 10 ; 0.287249 ; -0.010577 ; -0.0139441 ; 101.693;
11 ; 18 ; 10 ; 0.28796 ; -0.00757697 ; 0.00508964 ; 101.868;
12 ; 18 ; 10 ; 0.269337 ; 0.00780581 ; 0.0104387 ; 101.557;
13 ; 18 ; 10 ; 0.299965 ; -0.00126902 ; -0.00767212 ; 101.064;
14 ; 18 ; 10 ; 0.298886 ; -0.00570685 ; 0.00886101 ; 101.096;
15 ; 18 ; 10 ; 0.303423 ; 0.000771279 ; -0.0184207 ; 101.532;
16 ; 18 ; 10 ; 0.310175 ; 0.0118251 ; 0.00104264 ; 101.05;
17 ; 18 ; 10 ; 0.295453 ; 0.00184678 ; -0.00965791 ; 101.725;
18 ; 18 ; 10 ; 0.291427 ; 0.0013777 ; -0.0152245 ; 101.536;
19 ; 18 ; 10 ; 0.302203 ; 0.00595947 ; -0.00958813 ; 101.597;
20 ; 18 ; 10 ; 0.283497 ; 0.00751834 ; -0.00875 ; 101.631;
21 ; 18 ; 10 ; 0.281524 ; -0.0100576 ; -0.0111933 ; 100.309;
4 ; 19 ; 10 ; 0.306273 ; -0.00200421 ; -0.00554879 ; 100.821;
5 ; 19 ; 10 ; 0.285752 ; -0.00192959 ; -0.0134731 ; 101.658;
6 ; 19 ; 10 ; 0.279948 ; -0.00261754 ; 0.0100127 ; 101.415;
7 ; 19 ; 10 ; 0.292366 ; -0.0129971 ; -0.0129133 ; 101.52;
8 ; 19 ; 10 ; 0.306514 ; 0.00640785 ; 0.0020314 ; 102.054;
9 ; 19 ; 10 ; 0.2941 ; -0.0168848 ; -0.0173827 ; 101.201;
10 ; 19 ; 10 ; 0.297095 ; 0.00292866 ; 0.0117066 ; 101.279;
11 ; 19 ; 10 ; 0.285184 ; 0.00678705 ; -0.0011834 ; 101.448;
12 ; 19 ; 10 ; 0.29605 ; 0.00622516 ; 0.0109164 ; 101.424;
13 ; 19 ; 10 ; 0.304783 ; -4.16601e-05 ; -0.0115649 ; 101.494;
14 ; 19 ; 10 ; 0.291351 ; -0.0209074 ; 4.89046e-05 ; 101.814;
15 ; 19 ; 10 ; 0.295753 ; -0.00692484 ; 0.00696113 ; 101.816;
16 ; 19 ; 10 ; 0.297486 ; 0.0157266 ; 0.000856244 ; 101.392;
17 ; 19 ; 10 ; 0.287286 ; -0.00284335 ; -0.0105207 ; 101.615;
18 ; 19 ; 10 ; 0.300467 ; 0.00321011 ; -0.000542217 ; 102.298;
19 ; 19 ; 10 ; 0.284657 ; 0.00456401 ; -0.0187304 ; 101.643;
20 ; 19 ; 10 ; 0.305676 ; -0.0148484 ; 0.0126317 ; 101.947;
21 ; 19 ; 10 ; 0.30519 ; 0.000813229 ; -0.00819978 ; 101.374;
4 ; 20 ; 10 ; 0.312108 ; -0.00905381 ; 0.00785027 ; 102.205;
5 ; 20 ; 10 ; 0.298875 ; -0.00996714 ; 0.0034987 ; 101.42;
6 ; 20 ; 10 ; 0.299449 ; -0.00812018 ; -0.00802612 ; 101.44;
7 ; 20 ; 10 ; 0.300012 ; 0.00292634 ; 0.00908817 ; 100.822;
8 ; 20 ; 10 ; 0.303121 ; 0.0207297 ; -0.0207189 ; 101.708;
9 ; 20 ; 10 ; 0.30132 ; -0.00514255 ; 0.00180269 ; 101.828;
10 ; 20 ; 10 ; 0.302316 ; 0.0126796 ; -0.0125397 ; 101.038;
11 ; 20 ; 10 ; 0.303031 ; -0.00554851 ; 0.00434321 ; 100.973;
12 ; 20 ; 10 ; 0.286805 ; 0.0160786 ; 0.00923975 ; 101.382;
13 ; 20 ; 10 ; 0.29292 ; 0.00141942 ; 0.00279792 ; 100.872;
14 ; 20 ; 10 ; 0.295212 ; 0.00788444 ; 0.0103462 ; 101.476;
15 ; 20 ; 10 ; 0.285568 ; 0.0061137 ; -0.0143427 ; 101.817;
16 ; 20 ; 10 ; 0.284498 ; -0.00970054 ; -0.00389366 ; 101.109;
17 ; 20 ; 10 ; 0.307431 ; 0.0037516 ; 0.00937548 ; 101.784;
18 ; 20 ; 10 ; 0.301323 ; 0.00377656 ; -0.00829069 ; 101.503;
19 ; 20 ; 10 ; 0.300493 ; 0.0254717 ; -0.019748 ; 101.475;
20 ; 20 ; 10 ; 0.29607 ; -0.0015934 ; -0.00317311 ; 101.108;
21 ; 20 ; 10 ; 0.296679 ; -0.00266114 ; -0.00566676 ; 100.925;
4 ; 21 ; 10 ; 0.304454 ; 0.00231459 ; 0.00327469 ; 101.689;
5 ; 21 ; 10 ; 0.29179 ; -0.000567441 ; -0.0222323 ; 101.953;
6 ; 21 ; 10 ; 0.30829 ; 0.00260493 ; -0.00442849 ; 101.441;
7 ; 21 ; 10 ; 0.291897 ; -0.00245591 ; 0.00291874 ; 101.708;
8 ; 21 ; 10 ; 0.299944 ; 0.00991567 ; 0.0115788 ; 101.613;
9 ; 21 ; 10 ; 0.279327 ; -0.00828319 ; -0.00547191 ; 101.548;
10 ; 21 ; 10 ; 0.297647 ; -0.00471268 ; -0.00367395 ; 101.069;
11 ; 21 ; 10 ; 0.29773 ; -0.000351861 ; -0.00464004 ; 101.301;
12 ; 21 ; 10 ; 0.283024 ; -0.000743294 ; 0.0126886 ; 101.251;
13 ; 21 ; 10 ; 0.288201 ; -0.00385829 ; 0.0114187 ; 101.694;
14 ; 21 ; 10 ; 0.281327 ; 0.00808151 ; 0.0162664 ; 101.818;
15 ; 21 ; 10 ; 0.29811 ; 0.0138688 ; 0.0122288 ; 101.916;
16 ; 21 ; 10 ; 0.283882 ; 0.0118049 ; -0.00369871 ; 101.82;
17 ; 21 ; 10 ; 0.285577 ; -0.0143667 ; 0.00682255 ; 100.748;
18 ; 21 ; 10 ; 0.304315 ; 0.00570259 ; -0.00859564 ; 101.166;
19 ; 21 ; 10 ; 0.288799 ; 0.00719399 ; 0.00277746 ; 101.659;
20 ; 21 ; 10 ; 0.287012 ; -0.0175546 ; -0.0147915 ; 101.407;
21 ; 21 ; 10 ; 0.298725 ; -0.00143228 ; 0.00391669 ; 101.716;
4 ; 4 ; 11 ; 0.231162 ; -0.00577848 ; 0.00731668 ; 101.448;
5 ; 4 ; 11 ; 0.234992 ; 0.0071801 ; 0.0175587 ; 101.65;
6 ; 4 ; 11 ; 0.21534 ; 0.0136217 ; 0.0150346 ; 100.936;
7 ; 4 ; 11 ; 0.235158 ; -0.000879935 ; 0.0105496 ; 101.549;
8 ; 4 ; 11 ; 0.232734 ; -0.0030549 ; -0.00591029 ; 101.421;
9 ; 4 ; 11 ; 0.224017 ; -0.000451778 ; -0.0267332 ; 101.304;
10 ; 4 ; 11 ; 0.234498 ; 0.00561345 ; -0.00184124 ; 102.077;
11 ; 4 ; 11 ; 0.243976 ; 0.00324505 ; -0.0106318 ; 101.173;
12 ; 4 ; 11 ; 0.238261 ; 0.0161113 ; -0.000866496 ; 101.582;
13 ; 4 ; 11 ; 0.236747 ; 0.00509357 ; -0.00655153 ; 101.488;
14 ; 4 ; 11 ; 0.240825 ; 0.0103781 ; -0.0107841 ; 102.245;
15 ; 4 ; 11 ; 0.234346 ; -0.02119 ; 0.013334 ; 101.693;
16 ; 4 ; 11 ; 0.221586 ; 0.00253901 ; 0.0160286 ; 101.526;
17 ; 4 ; 11 ; 0.236772 ; -0.0123821 ; 0.00581421 ; 101.627;
18 ; 4 ; 11 ; 0.242382 ; -0.00149267 ; -0.00686459 ; 101.102;
19 ; 4 ; 11 ; 0.216064 ; -0.0021195 ; -0.0154077 ; 101.184;
20 ; 4 ; 11 ; 0.233246 ; -0.00550866 ; -0.0109259 ; 101.583;
21 ; 4 ; 11 ; 0.230084 ; -0.00149318 ; -0.0113265 ; 101.457;
4 ; 5 ; 11 ; 0.230715 ; 0.000288736 ; -0.00894398 ; 101.449;
5 ; 5 ; 11 ; 0.230921 ; -0.00467405 ; 0.00576072 ; 101.25;
6 ; 5 ; 11 ; 0.225736 ; 0.00267857 ; -0.00387137 ; 102.161;
7 ; 5 ; 11 ; 0.231803 ; -8.95397e-05 ; -0.0236881 ; 101.212;
8 ; 5 ; 11 ; 0.239549 ; 0.00203053 ; 0.0033856 ; 101.836;
9 ; 5 ; 11 ; 0.234771 ; 0.0182096 ; 0.00650371 ; 100.84;
10 ; 5 ; 11 ; 0.256646 ; 0.00680205 ; -0.00114004 ; 101.674;
11 ; 5 ; 11 ; 0.244367 ; -0.00399748 ; 0.0119553 ; 101.545;
12 ; 5 ; 11 ; 0.232662 ; -0.00893014 ; -0.00138646 ; 102.132;
13 ; 5 ; 11 ; 0.249468 ; -0.00615462 ; 0.0369075 ; 100.879;
14 ; 5 ; 11 ; 0.248518 ; 0.00834086 ; 0.0108902 ; 101.345;
15 ; 5 ; 11 ; 0.254104 ; 0.00189763 ; 0.00571616 ; 101.086;
16 ; 5 ; 11 ; 0.224865 ; -0.007123 ; 0.00344158 ; 101.511;
17 ; 5 ; 11 ; 0.234288 ; -0.00745018 ; -0.012997 ; 101.155;
18 ; 5 ; 11 ; 0.235657 ; -0.00287191 ; -0.0113271 ; 102.257;
19 ; 5 ; 11 ; 0.238936 ; -0.0226615 ; 0.00519722 ; 101.717;
20 ; 5 ; 11 ; 0.23901 ; -0.00795899 ; 0.00309689 ; 101.417;
21 ; 5 ; 11 ; 0.247854 ; 0.00476053 ; 0.00963209 ; 101.549;
4 ; 6 ; 11 ; 0.242337 ; -0.00510652 ; -0.0108786 ; 101.168;
5 ; 6 ; 11 ; 0.225349 ; -0.0127731 ; -0.00506656 ; 101.475;
6 ; 6 ; 11 ; 0.23712 ; -0.00685589 ; 0.0266315 ; 101.337;
7 ; 6 ; 11 ; 0.239015 ; 0.00204793 ; -0.000901655 ; 101.644;
8 ; 6 ; 11 ; 0.242099 ; 0.0160391 ; 0.00798616 ; 100.824;
9 ; 6 ; 11 ; 0.218208 ; 0.00999693 ; 0.0168403 ; 102.002;
10 ; 6 ; 11 ; 0.221152 ; -0.015858 ; 0.00136853 ; 101.364;
11 ; 6 ; 11 ; 0.237765 ; -0.00761116 ; -0.000339196 ; 101.122;
12 ; 6 ; 11 ; 0.236464 ; -0.0202659 ; 0.00539983 ; 101.758;
13 ; 6 ; 11 ; 0.223574 ; 0.00396123 ; 0.00104508 ; 101.901;
14 ; 6 ; 11 ; 0.253654 ; -0.00462455 ; -0.0103752 ; 101.032;
15 ; 6 ; 11 ; 0.260177 ; 0.0178727 ; 0.0172517 ; 101.484;
16 ; 6 ; 11 ; 0.225675 ; -0.00051261 ; 0.0225035 ; 101.134;
17 ; 6 ; 11 ; 0.233572 ; -0.00317474 ; -0.00670217 ; 101.136;
18 ; 6 ; 11 ; 0.232307 ; 0.00840616 ; -0.0013139 ; 101.811;
19 ; 6 ; 11 ; 0.253979 ; -0.0117034 ; -0.0105662 ; 101.42;
20 ; 6 ; 11 ; 0.23649 ; -0.00525078 ; -0.00249602 ; 101.435;
21 ; 6 ; 11 ; 0.242631 ; 0.0120896 ; 0.01114 ; 101.68;
4 ; 7 ; 11 ; 0.232232 ; -0.00439022 ; -0.022097 ; 101.875;
5 ; 7 ; 11 ; 0.242055 ; 0.00513881 ; -0.00291103 ; 101.516;
6 ; 7 ; 11 ; 0.241405 ; -0.00272525 ; 0.0275266 ; 101.421;
7 ; 7 ; 11 ; 0.233324 ; -0.00285008 ; -0.00688774 ; 101.78;
8 ; 7 ; 11 ; 0.224053 ; 0.00341173 ; 0.0109178 ; 101.32;
9 ; 7 ; 11 ; 0.229851 ; -0.000957877 ; 0.00360144 ; 101.213;
10 ; 7 ; 11 ; 0.227256 ; 0.0126378 ; -0.0014406 ; 101.874;
11 ; 7 ; 11 ; 0.244678 ; 0.00648461 ; 0.000489384 ; 100.753;
12 ; 7 ; 11 ; 0.248933 ; -0.00704403 ; -0.00336328 ; 101.108;
13 ; 7 ; 11 ; 0.235018 ; -0.00414999 ; 0.0201615 ; 101.717;
14 ; 7 ; 11 ; 0.228473 ; 0.0107563 ; -0.00708913 ; 101.862;
15 ; 7 ; 11 ; 0.246425 ; -0.00703064 ; -0.0037644 ; 101.447;
16 ; 7 ; 11 ; 0.237153 ; -0.0111495 ; -0.019001 ; 101.845;
17 ; 7 ; 11 ; 0.230396 ; -0.0146245 ; -0.00184579 ; 100.971;
18 ; 7 ; 11 ; 0.279115 ; 0.00234694 ; 4.06218e-05 ; 100.822;
19 ; 7 ; 11 ; 0.239018 ; 0.00299523 ; 0.00188108 ; 101.577;
20 ; 7 ; 11 ; 0.234895 ; -0.00530508 ; -0.00280606 ; 101.027;
21 ; 7 ; 11 ; 0.247252 ; -0.00437804 ; -0.0223103 ; 101.17;
4 ; 8 ; 11 ; 0.254976 ; -0.0121929 ; -0.00206757 ; 101.837;
5 ; 8 ; 11 ; 0.254162 ; -0.0121375 ; 0.00470123 ; 100.943;
6 ; 8 ; 11 ; 0.245509 ; -0.00101622 ; 0.0168777 ; 101.858;
7 ; 8 ; 11 ; 0.214663 ; 0.00712061 ; 0.00132327 ; 101.493;
8 ; 8 ; 11 ; 0.214594 ; -0.0111547 ; 0.0265057 ; 101.819;
9 ; 8 ; 11 ; 0.224944 ; -7.78815e-05 ; -0.00108677 ; 101.57;
10 ; 8 ; 11 ; 0.230788 ; 0.00263447 ; 0.0124639 ; 101.439;
11 ; 8 ; 11 ; 0.232266 ; 0.00572164 ; -0.00415924 ; 101.722;
12 ; 8 ; 11 ; 0.232567 ; 0.00183445 ; 0.0176264 ; 101.646;
13 ; 8 ; 11 ; 0.244718 ; -0.00102648 ; 0.00852674 ; 101.494;
14 ; 8 ; 11 ; 0.234372 ; 0.000288926 ; 0.00359725 ; 101.9;
15 ; 8 ; 11 ; 0.239206 ; 0.00430043 ; 0.00662962 ; 102.05;
16 ; 8 ; 11 ; 0.231692 ; 0.0184919 ; -0.0120766 ; 101.115;
17 ; 8 ; 11 ; 0.236399 ; -0.0105098 ; 0.0188508 ; 101.836;
18 ; 8 ; 11 ; 0.230521 ; 0.00474961 ; -0.00194829 ; 101.416;
19 ; 8 ; 11 ; 0.24459 ; 0.00431674 ; -0.0178453 ; 101.646;
20 ; 8 ; 11 ; 0.223012 ; 0.00356491 ; -0.00442875 ; 101.637;
21 ; 8 ; 11 ; 0.216661 ; -0.000106972 ; -0.00978321 ; 101.348;
4 ; 9 ; 11 ; 0.264016 ; 0.000524923 ; 0.00542265 ; 101.383;
5 ; 9 ; 11 ; 0.236125 ; 0.00608753 ; 0.0197281 ; 102.132;
6 ; 9 ; 11 ; 0.225602 ; -0.0109985 ; 0.000455207 ; 101.2;
7 ; 9 ; 11 ; 0.224618 ; 0.0171291 ; -0.00369101 ; 101.819;
8 ; 9 ; 11 ; 0.229255 ; -0.000422109 ; -0.00343163 ; 101.567;
9 ; 9 ; 11 ; 0.247009 ; -0.00211215 ; 0.0017717 ; 101.337;
10 ; 9 ; 11 ; 0.22369 ; -0.0228225 ; -0.00449964 ; 101.579;
11 ; 9 ; 11 ; 0.234082 ; 0.0178582 ; -0.000807708 ; 102.109;
12 ; 9 ; 11 ; 0.246501 ; 0.00292341 ; 0.00961162 ; 100.847;
13 ; 9 ; 11 ; 0.24479 ; -0.00600071 ; 0.0151696 ; 101.527;
14 ; 9 ; 11 ; 0.22284 ; -0.00691949 ; -0.0187306 ; 101.36;
15 ; 9 ; 11 ; 0.237617 ; 0.00520528 ; 0.000256781 ; 101.595;
16 ; 9 ; 11 ; 0.232437 ; -0.00215127 ; 0.001923 ; 101.441;
17 ; 9 ; 11 ; 0.235032 ; -0.00320265 ; -0.0115906 ; 101.921;
18 ; 9 ; 11 ; 0.22859 ; -0.000634573 ; -0.00824333 ; 100.98;
19 ; 9 ; 11 ; 0.235345 ; -0.013994 ; -0.00421351 ; 101.75;
20 ; 9 ; 11 ; 0.228004 ; 0.00703994 ; 0.00906881 ; 101.631;
21 ; 9 ; 11 ; 0.242262 ; -0.00692776 ; -0.00585302 ; 101.754;
4 ; 10 ; 11 ; 0.235268 ; -0.0107205 ; 0.00750906 ; 101.698;
5 ; 10 ; 11 ; 0.234777 ; -0.0257903 ; 0.0171867 ; 101.257;
6 ; 10 ; 11 ; 0.235745 ; 0.00747283 ; -0.00945824 ; 101.213;
7 ; 10 ; 11 ; 0.241363 ; 0.0117701 ; -0.00325174 ; 101.369;
8 ; 10 ; 11 ; 0.227292 ; 0.000267144 ; 0.00107016 ; 101.266;
9 ; 10 ; 11 ; 0.229368 ; -0.00069764 ; -0.0194388 ; 101.909;
10 ; 10 ; 11 ; 0.232928 ; 0.0110884 ; 0.0243167 ; 101.348;
11 ; 10 ; 11 ; 0.247595 ; -0.00978041 ; -0.00776418 ; 101.142;
12 ; 10 ; 11 ; 0.259067 ; 0.00266855 ; -0.00104883 ; 101.719;
13 ; 10 ; 11 ; 0.244101 ; -0.00691215 ; 0.0124128 ; 100.939;
14 ; 10 ; 11 ; 0.241478 ; -0.00653099 ; 0.00453795 ; 101.207;
15 ; 10 ; 11 ; 0.254329 ; -0.000631035 ; 0.00259479 ; 101.304;
16 ; 10 ; 11 ; 0.227183 ; 0.00370514 ; -0.00925243 ; 101.451;
17 ; 10 ; 11 ; 0.251201 ; -0.0248255 ; -0.00342978 ; 100.989;
18 ; 10 ; 11 ; 0.239683 ; 0.0126757 ; 0.00214983 ; 101.692;
19 ; 10 ; 11 ; 0.242717 ; -0.00455968 ; 0.00543544 ; 100.729;
20 ; 10 ; 11 ; 0.242908 ; 0.00150422 ; -0.00253431 ; 101.345;
21 ; 10 ; 11 ; 0.240249 ; -0.00789573 ; -0.0138607 ; 101.49;
4 ; 11 ; 11 ; 0.24425 ; -0.0113449 ; -0.000502163 ; 101.789;
5 ; 11 ; 11 ; 0.23718 ; 0.000466873 ; 0.00545533 ; 101.353;
6 ; 11 ; 11 ; 0.221874 ; -0.0142008 ; 0.00221742 ; 102.095;
7 ; 11 ; 11 ; 0.241843 ; 0.0233799 ; 0.0181897 ; 101.385;
8 ; 11 ; 11 ; 0.246 ; -0.00158783 ; 0.0247854 ; 101.396;
9 ; 11 ; 11 ; 0.234693 ; 0.0115148 ; -0.00758422 ; 101.738;
10 ; 11 ; 11 ; 0.24557 ; 0.0179334 ; 0.00229679 ; 101.425;
11 ; 11 ; 11 ; 0.244177 ; -0.00468176 ; -0.0080461 ; 101.784;
12 ; 11 ; 11 ; 0.22811 ; -0.00514447 ; -0.00881313 ; 101.28;
13 ; 11 ; 11 ; 0.23551 ; 0.0105703 ; -0.0102567 ; 101.361;
14 ; 11 ; 11 ; 0.228717 ; -0.0108959 ; -0.0155025 ; 101.844;
15 ; 11 ; 11 ; 0.252486 ; -0.0113239 ; -0.00635862 ; 101.541;
16 ; 11 ; 11 ; 0.2329 ; 0.0202096 ; -0.00428288 ; 101.714;
17 ; 11 ; 11 ; 0.253891 ; -0.00689759 ; 0.0050612 ; 102.053;
18 ; 11 ; 11 ; 0.259319 ; -0.0021821 ; -0.00399456 ; 101.508;
19 ; 11 ; 11 ; 0.24271 ; -0.00349261 ; 0.00879472 ; 101.772;
20 ; 11 ; 11 ; 0.23728 ; 0.0151859 ; -0.00121617 ; 101.442;
21 ; 11 ; 11 ; 0.251557 ; -0.00421486 ; 0.00472687 ; 101.749;
4 ; 12 ; 11 ; 0.260122 ; 0.00199253 ; -0.00169941 ; 100.906;
5 ; 12 ; 11 ; 0.230874 ; 0.000519023 ; -0.0105827 ; 101.732;
6 ; 12 ; 11 ; 0.220398 ; -0.00776265 ; -0.00511801 ; 101.312;
7 ; 12 ; 11 ; 0.253211 ; -0.0153664 ; -0.0127417 ; 101.316;
8 ; 12 ; 11 ; 0.232589 ; -0.00472466 ; -0.009706 ; 101.484;
9 ; 12 ; 11 ; 0.240209 ; -0.00631171 ; 0.0040887 ; 101.753;
10 ; 12 ; 11 ; 0.241957 ; 0.00939104 ; 0.0208783 ; 101.14;
11 ; 12 ; 11 ; 0.244654 ; -0.00908949 ; 0.00975801 ; 101.504;
12 ; 12 ; 11 ; 0.246935 ; -0.0121733 ; -0.000670811 ; 102.078;
13 ; 12 ; 11 ; 0.240119 ; -0.0145601 ; -0.00848081 ; 100.611;
14 ; 12 ; 11 ; 0.237253 ; 0.0117444 ; -0.0065257 ; 102.152;
15 ; 12 ; 11 ; 0.230791 ; -0.00928845 ; -0.0139245 ; 101.106;
16 ; 12 ; 11 ; 0.229332 ; -0.00524171 ; -0.0223751 ; 101.437;
17 ; 12 ; 11 ; 0.228078 ; -0.0102208 ; 0.00483533 ; 101.09;
18 ; 12 ; 11 ; 0.247843 ; 0.0101273 ; -0.0225027 ; 101.243;
19 ; 12 ; 11 ; 0.248306 ; 0.0184771 ; -0.00901196 ; 100.889;
20 ; 12 ; 11 ; 0.228538 ; -0.00304986 ; -0.024213 ; 101.275;
21 ; 12 ; 11 ; 0.242485 ; -0.0067928 ; -0.0066251 ; 101.939;
4 ; 13 ; 11 ; 0.246885 ; -0.0136682 ; -0.00777752 ; 101.643;
5 ; 13 ; 11 ; 0.242392 ; 0.00628796 ; 0.00110279 ; 101.152;
6 ; 13 ; 11 ; 0.240608 ; -0.0139246 ; 0.0176229 ; 101.85;
7 ; 13 ; 11 ; 0.238923 ; 0.00547639 ; 0.0198009 ; 101.192;
8 ; 13 ; 11 ; 0.259801 ; 0.00329874 ; -0.00352424 ; 101.329;
9 ; 13 ; 11 ; 0.241151 ; 0.0139971 ; 0.00979141 ; 100.867;
10 ; 13 ; 11 ; 0.232417 ; 0.0117968 ; 0.0191914 ; 101.275;
11 ; 13 ; 11 ; 0.236317 ; -0.00253771 ; 0.00186747 ; 101.498;
12 ; 13 ; 11 ; 0.235002 ; -0.0185095 ; 0.00573291 ; 101.47;
13 ; 13 ; 11 ; 0.254389 ; 0.0016619 ; 0.00957415 ; 101.388;
14 ; 13 ; 11 ; 0.240428 ; -0.00608522 ; -0.00731496 ; 101.937;
15 ; 13 ; 11 ; 0.243402 ; 0.00851297 ; 0.00349857 ; 102.019;
16 ; 13 ; 11 ; 0.238532 ; -0.0130534 ; -0.0129824 ; 101.507;
17 ; 13 ; 11 ; 0.233286 ; 0.00686351 ; -0.00948685 ; 101.623;
18 ; 13 ; 11 ; 0.249787 ; 0.00434894 ; 0.00750633 ; 101.715;
19 ; 13 ; 11 ; 0.24982 ; 0.00452123 ; -0.00781802 ; 101.287;
20 ; 13 ; 11 ; 0.25355 ; 0.0101707 ; -0.00576153 ; 100.995;
21 ; 13 ; 11 ; 0.219496 ; -0.0123645 ; 0.00386021 ; 101.842;
4 ; 14 ; 11 ; 0.242733 ; 0.00149057 ; 0.0187555 ; 101.019;
5 ; 14 ; 11 ; 0.234596 ; -0.00448636 ; 0.025419 ; 101.883;
6 ; 14 ; 11 ; 0.237458 ; -0.0141265 ; -0.000307753 ; 101.684;
7 ; 14 ; 11 ; 0.235822 ; 0.00400912 ; 0.00948632 ; 101.757;
8 ; 14 ; 11 ; 0.233587 ; 0.00711443 ; 0.00712885 ; 101.364;
9 ; 14 ; 11 ; 0.246054 ; 0.00612869 ; 0.0144672 ; 101.797;
10 ; 14 ; 11 ; 0.238189 ; -0.00209665 ; -0.00788108 ; 101.653;
11 ; 14 ; 11 ; 0.234757 ; -0.0100334 ; -0.0023565 ; 101.775;
12 ; 14 ; 11 ; 0.233527 ; 0.00359353 ; 0.00194479 ; 101.48;
13 ; 14 ; 11 ; 0.232403 ; 0.00446349 ; 0.0036501 ; 101.197;
14 ; 14 ; 11 ; 0.228292 ; -0.0124051 ; 0.00975472 ; 101.939;
15 ; 14 ; 11 ; 0.251487 ; 0.00999236 ; 0.00809402 ; 101.303;
16 ; 14 ; 11 ; 0.233578 ; 0.00568649 ; -0.00918166 ; 101.26;
17 ; 14 ; 11 ; 0.236791 ; -0.00919191 ; -0.00264418 ; 101.837;
18 ; 14 ; 11 ; 0.247829 ; -0.0201926 ; -0.0150711 ; 101.72;
19 ; 14 ; 11 ; 0.244903 ; 0.00583705 ; -0.0107641 ; 101.798;
20 ; 14 ; 11 ; 0.226021 ; 0.013542 ; -0.00316947 ; 101.324;
21 ; 14 ; 11 ; 0.219958 ; 0.0076909 ; 0.0111705 ; 100.963;
4 ; 15 ; 11 ; 0.235106 ; 0.000468477 ; -0.000724904 ; 101.226;
5 ; 15 ; 11 ; 0.228905 ; -0.0169162 ; -0.00184316 ; 101.176;
6 ; 15 ; 11 ; 0.233854 ; -0.00749344 ; 0.00339582 ; 101.453;
7 ; 15 ; 11 ; 0.226043 ; 0.00545331 ; 0.00505563 ; 101.363;
8 ; 15 ; 11 ; 0.224779 ; -0.012263 ; -0.00683425 ; 101.327;
9 ; 15 ; 11 ; 0.236747 ; -0.0140807 ; 0.0026334 ; 101.671;
10 ; 15 ; 11 ; 0.223704 ; -0.012045 ; -0.0116291 ; 101.4;
11 ; 15 ; 11 ; 0.234912 ; -0.000403802 ; -6.7493e-05 ; 101.713;
12 ; 15 ; 11 ; 0.233618 ; 0.00553722 ; 0.0299116 ; 101.244;
13 ; 15 ; 11 ; 0.240369 ; -0.00609648 ; -0.0181273 ; 101.184;
14 ; 15 ; 11 ; 0.241596 ; -0.00843955 ; 0.00195405 ; 101.378;
15 ; 15 ; 11 ; 0.248629 ; -0.00697673 ; 0.0115866 ; 101.15;
16 ; 15 ; 11 ; 0.243376 ; -0.00449093 ; 0.00513643 ; 100.859;
17 ; 15 ; 11 ; 0.23605 ; 0.0170952 ; -0.0108285 ; 101.096;
18 ; 15 ; 11 ; 0.239508 ; 0.00347716 ; -0.00995396 ; 101.784;
19 ; 15 ; 11 ; 0.221818 ; -0.0018272 ; -0.00498011 ; 101.341;
20 ; 15 ; 11 ; 0.222768 ; 0.00965364 ; 0.00142766 ; 101.993;
21 ; 15 ; 11 ; 0.237325 ; -0.0128137 ; -0.00557403 ; 101.383;
4 ; 16 ; 11 ; 0.228317 ; -0.00574883 ; -0.00392014 ; 101.893;
5 ; 16 ; 11 ; 0.228515 ; -0.00320487 ; -0.0045724 ; 101.034;
6 ; 16 ; 11 ; 0.20545 ; -0.0125751 ; -0.0175927 ; 101.388;
7 ; 16 ; 11 ; 0.233433 ; 0.0117005 ; 0.00643941 ; 101.427;
8 ; 16 ; 11 ; 0.229741 ; 0.00752969 ; -0.0242716 ; 101.332;
9 ; 16 ; 11 ; 0.228915 ; -0.00244261 ; 0.0158264 ; 101.44;
10 ; 16 ; 11 ; 0.246497 ; 0.0147241 ; 0.021719 ; 101.264;
11 ; 16 ; 11 ; 0.244366 ; -0.00892833 ; -0.00641025 ; 100.72;
12 ; 16 ; 11 ; 0.235137 ; 0.00148991 ; 0.00741526 ; 101.82;
13 ; 16 ; 11 ; 0.250264 ; -0.00559069 ; 0.0149045 ; 100.973;
14 ; 16 ; 11 ; 0.244333 ; -0.00241125 ; 0.0164943 ; 101.523;
15 ; 16 ; 11 ; 0.235676 ; 0.00351419 ; 0.0059144 ; 101.008;
16 ; 16 ; 11 ; 0.246416 ; -0.00700533 ; -0.00942719 ; 101.737;
17 ; 16 ; 11 ; 0.230929 ; -0.00617236 ; -0.030352 ; 101.199;
18 ; 16 ; 11 ; 0.242495 ; 0.00354733 ; -0.00267013 ; 101.298;
19 ; 16 ; 11 ; 0.230581 ; 0.000558689 ; -0.0237651 ; 101.542;
20 ; 16 ; 11 ; 0.231322 ; 0.0187203 ; -0.0260513 ; 101.241;
21 ; 16 ; 11 ; 0.234779 ; -0.0151355 ; -0.0104549 ; 101.354;
4 ; 17 ; 11 ; 0.235638 ; 0.00965129 ; -0.00052262 ; 101.252;
5 ; 17 ; 11 ; 0.223502 ; -0.00461972 ; -0.00705132 ; 101.783;
6 ; 17 ; 11 ; 0.229971 ; -0.0103681 ; -0.0177087 ; 101.906;
7 ; 17 ; 11 ; 0.21838 ; 0.00968032 ; 0.0140046 ; 101.889;
8 ; 17 ; 11 ; 0.229528 ; 0.00695834 ; 0.0173699 ; 101.139;
9 ; 17 ; 11 ; 0.228149 ; 0.00228579 ; -0.000811509 ; 101.722;
10 ; 17 ; 11 ; 0.23173 ; 0.0120941 ; -0.000445529 ; 101.665;
11 ; 17 ; 11 ; 0.245313 ; -0.004581 ; 0.000487998 ; 101.983;
12 ; 17 ; 11 ; 0.23775 ; 0.00737083 ; 0.00868958 ; 100.914;
13 ; 17 ; 11 ; 0.24702 ; 0.00628149 ; 0.0064674 ; 101.68;
14 ; 17 ; 11 ; 0.243633 ; -0.00880046 ; 0.0197005 ; 101.811;
15 ; 17 ; 11 ; 0.245705 ; 0.00034519 ; 0.000958059 ; 101.982;
16 ; 17 ; 11 ; 0.237595 ; -0.00720341 ; -0.0277798 ; 101.743;
17 ; 17 ; 11 ; 0.222289 ; -0.00166228 ; 0.00284968 ; 101.155;
18 ; 17 ; 11 ; 0.231982 ; 0.00521091 ; -0.00704697 ; 101.11;
19 ; 17 ; 11 ; 0.249091 ; -0.0154797 ; -0.00735436 ; 101.079;
20 ; 17 ; 11 ; 0.246248 ; -0.0066588 ; -0.00307824 ; 101.138;
21 ; 17 ; 11 ; 0.228005 ; -0.0180308 ; -0.0049384 ; 101.794;
4 ; 18 ; 11 ; 0.231947 ; -0.00284771 ; -0.0115633 ; 101.525;
5 ; 18 ; 11 ; 0.246438 ; -0.0101052 ; 0.00336767 ; 101.333;
6 ; 18 ; 11 ; 0.25847 ; -0.00786841 ; -0.00344353 ; 101.687;
7 ; 18 ; 11 ; 0.215066 ; 0.0189355 ; 0.027035 ; 101.378;
8 ; 18 ; 11 ; 0.237956 ; -0.0191381 ; -0.000251819 ; 101.26;
9 ; 18 ; 11 ; 0.258107 ; 0.0125498 ; 0.00818374 ; 100.959;
10 ; 18 ; 11 ; 0.248828 ; 0.0178649 ; -0.00168379 ; 101.387;
11 ; 18 ; 11 ; 0.231841 ; 0.00209552 ; 0.00309951 ; 101.195;
12 ; 18 ; 11 ; 0.230874 ; -0.0161767 ; -0.00443495 ; 101.871;
13 ; 18 ; 11 ; 0.259141 ; -0.00322351 ; 0.00252743 ; 102.085;
14 ; 18 ; 11 ; 0.246989 ; -0.000469419 ; 0.000676258 ; 102.108;
15 ; 18 ; 11 ; 0.247687 ; 0.0178852 ; -0.00588542 ; 101.96;
16 ; 18 ; 11 ; 0.243167 ; 0.00500238 ; 0.00485644 ; 102.315;
17 ; 18 ; 11 ; 0.233951 ; 0.0213554 ; 0.010646 ; 101.399;
18 ; 18 ; 11 ; 0.229435 ; -0.0242621 ; -0.00360757 ; 101.506;
19 ; 18 ; 11 ; 0.243432 ; -0.00884171 ; 0.000448004 ; 101.704;
20 ; 18 ; 11 ; 0.219942 ; 0.00884875 ; -0.0270039 ; 101.751;
21 ; 18 ; 11 ; 0.22264 ; -0.00613978 ; -0.0166882 ; 101.144;
4 ; 19 ; 11 ; 0.234974 ; -0.00808102 ; 0.0106741 ; 101.536;
5 ; 19 ; 11 ; 0.24293 ; -0.00691293 ; 0.00279034 ; 101.062;
6 ; 19 ; 11 ; 0.253465 ; -0.0152722 ; 0.0174909 ; 101.095;
7 ; 19 ; 11 ; 0.251835 ; 0.0180418 ; -0.00193801 ; 101.822;
8 ; 19 ; 11 ; 0.231743 ; -0.00526671 ; -0.000443486 ; 101.619;
9 ; 19 ; 11 ; 0.228123 ; 0.00650428 ; -0.00207657 ; 102.273;
10 ; 19 ; 11 ; 0.241778 ; 0.00685269 ; 0.0269961 ; 102.195;
11 ; 19 ; 11 ; 0.228846 ; -0.000316484 ; 0.00147755 ; 101.953;
12 ; 19 ; 11 ; 0.213065 ; 0.000299459 ; 0.0111924 ; 101.894;
13 ; 19 ; 11 ; 0.2405 ; 0.00497404 ; 0.00279074 ; 102.328;
14 ; 19 ; 11 ; 0.220496 ; -0.00148433 ; -0.00738646 ; 101.565;
15 ; 19 ; 11 ; 0.237856 ; -0.0214425 ; -0.0138171 ; 101.812;
16 ; 19 ; 11 ; 0.22977 ; -0.00884361 ; -0.0066729 ; 101.723;
17 ; 19 ; 11 ; 0.223512 ; -0.00269629 ; -0.0128092 ; 101.253;
18 ; 19 ; 11 ; 0.224176 ; -0.0143102 ; 0.00485295 ; 100.715;
19 ; 19 ; 11 ; 0.244758 ; 0.014911 ; -0.00367154 ; 101.653;
20 ; 19 ; 11 ; 0.25445 ; 0.0156451 ; -0.00728158 ; 102.115;
21 ; 19 ; 11 ; 0.24771 ; -0.00149403 ; -0.00375378 ; 101.497;
4 ; 20 ; 11 ; 0.218564 ; -0.000179489 ; 0.0011249 ; 101.803;
5 ; 20 ; 11 ; 0.235983 ; -0.00951967 ; -0.00209916 ; 100.549;
6 ; 20 ; 11 ; 0.246381 ; -0.00727646 ; -0.00577451 ; 101.414;
7 ; 20 ; 11 ; 0.247328 ; -0.00557297 ; 0.00332568 ; 101.33;
8 ; 20 ; 11 ; 0.240931 ; 0.0102186 ; -0.00487887 ; 101.729;
9 ; 20 ; 11 ; 0.234017 ; 0.0142836 ; -0.0104065 ; 101.21;
10 ; 20 ; 11 ; 0.234062 ; 0.00152332 ; -0.0112841 ; 101.036;
11 ; 20 ; 11 ; 0.22389 ; 0.000782385 ; 0.0207605 ; 101.547;
12 ; 20 ; 11 ; 0.22096 ; 0.00409679 ; 0.0102646 ; 101.847;
13 ; 20 ; 11 ; 0.23203 ; 0.000395991 ; -0.00341808 ; 100.646;
14 ; 20 ; 11 ; 0.254199 ; 0.00548285 ; 0.000574253 ; 102.123;
15 ; 20 ; 11 ; 0.221616 ; 0.00340039 ; 0.00348248 ; 101.611;
16 ; 20 ; 11 ; 0.230829 ; -0.00701619 ; -0.0043028 ; 101.89;
17 ; 20 ; 11 ; 0.237874 ; -0.0121199 ; 0.0171035 ; 102.071;
18 ; 20 ; 11 ; 0.242483 ; -0.00849783 ; 0.00767739 ; 101.744;
19 ; 20 ; 11 ; 0.25775 ; 0.00234448 ; -0.0102895 ; 101.892;
20 ; 20 ; 11 ; 0.244383 ; 0.0120174 ; -0.0128763 ; 101.264;
21 ; 20 ; 11 ; 0.247041 ; 0.00734544 ; -0.00807218 ; 101.72;
4 ; 21 ; 11 ; 0.234699 ; -0.0100658 ; -0.00957013 ; 101.515;
5 ; 21 ; 11 ; 0.249329 ; 0.00154478 ; -0.0121334 ; 101.56;
6 ; 21 ; 11 ; 0.249313 ; 0.0126928 ; 0.00998419 ; 101.703;
7 ; 21 ; 11 ; 0.234388 ; 0.00675008 ; -0.00928148 ; 101.096;
8 ; 21 ; 11 ; 0.239104 ; 0.00598991 ; 0.0191236 ; 101.607;
9 ; 21 ; 11 ; 0.215977 ; 0.0162013 ; -0.000234134 ; 102.12;
10 ; 21 ; 11 ; 0.239661 ; -0.0142562 ; 0.0103747 ; 101.289;
11 ; 21 ; 11 ; 0.247445 ; 0.00420295 ; -0.000492119 ; 101.894;
12 ; 21 ; 11 ; 0.245991 ; 0.0152713 ; 0.00445287 ; 102.547;
13 ; 21 ; 11 ; 0.22576 ; -0.00279182 ; 0.000170503 ; 101.169;
14 ; 21 ; 11 ; 0.227169 ; -0.0276406 ; 0.00304585 ; 101.653;
15 ; 21 ; 11 ; 0.234799 ; -0.00780196 ; 0.00207332 ; 101.631;
16 ; 21 ; 11 ; 0.235529 ; -0.0175583 ; -0.0281607 ; 101.092;
17 ; 21 ; 11 ; 0.247046 ; 0.00269721 ; 0.0124413 ; 101.597;
18 ; 21 ; 11 ; 0.242387 ; -0.00875195 ; -9.1921e-06 ; 101.504;
19 ; 21 ; 11 ; 0.224665 ; -0.0029133 ; 0.00564565 ; 101.467;
20 ; 21 ; 11 ; 0.22506 ; 0.0172444 ; -0.00750848 ; 101.526;
21 ; 21 ; 11 ; 0.248318 ; 0.0137255 ; 0.000332387 ; 102.12;
4 ; 4 ; 12 ; 0.174096 ; -0.00146691 ; 0.00172405 ; 100.724;
5 ; 4 ; 12 ; 0.182499 ; -0.00493731 ; 0.00677784 ; 101.39;
6 ; 4 ; 12 ; 0.170777 ; -0.0162978 ; 0.00429543 ; 102.183;
7 ; 4 ; 12 ; 0.16942 ; -0.0189942 ; -0.000287141 ; 101.159;
8 ; 4 ; 12 ; 0.173422 ; 0.0214566 ; 0.00509893 ; 101.656;
9 ; 4 ; 12 ; 0.187351 ; 0.00672544 ; 0.0014157 ; 101.602;
10 ; 4 ; 12 ; 0.187913 ; -0.00320779 ; -0.0111891 ; 101.35;
11 ; 4 ; 12 ; 0.187838 ; 0.00349008 ; -0.0169042 ; 100.706;
12 ; 4 ; 12 ; 0.184981 ; -0.00162483 ; -0.0173105 ; 101.337;
13 ; 4 ; 12 ; 0.18609 ; 0.00652495 ; 0.00379841 ; 101.565;
14 ; 4 ; 12 ; 0.169304 ; 0.00569902 ; -0.0181139 ; 100.986;
15 ; 4 ; 12 ; 0.17695 ; 0.00199916 ; 0.00766824 ; 102.2;
16 ; 4 ; 12 ; 0.204225 ; -0.000581403 ; 0.00841595 ; 101.551;
17 ; 4 ; 12 ; 0.184931 ; -0.0053015 ; -0.00621591 ; 101.418;
18 ; 4 ; 12 ; 0.220874 ; 0.00637175 ; 0.00466237 ; 101.689;
19 ; 4 ; 12 ; 0.188126 ; 0.00170418 ; -0.0034976 ; 101.155;
20 ; 4 ; 12 ; 0.178161 ; -0.0043774 ; -0.00316499 ; 101.274;
21 ; 4 ; 12 ; 0.182304 ; 0.0117926 ; -0.00590961 ; 101.287;
4 ; 5 ; 12 ; 0.189685 ; 0.00919161 ; 0.00474433 ; 101.407;
5 ; 5 ; 12 ; 0.182553 ; 0.0107072 ; -0.00306194 ; 101.952;
6 ; 5 ; 12 ; 0.199514 ; -0.00609283 ; 0.00662555 ; 101.526;
7 ; 5 ; 12 ; 0.160489 ; -0.000464621 ; -0.00670217 ; 102.287;
8 ; 5 ; 12 ; 0.169821 ; 0.0106702 ; -0.00697438 ; 101.366;
9 ; 5 ; 12 ; 0.171868 ; 0.00955005 ; 0.0150939 ; 101.179;
10 ; 5 ; 12 ; 0.192765 ; -0.000528655 ; -0.00721671 ; 101.63;
11 ; 5 ; 12 ; 0.175684 ; -0.00388497 ; 0.00624937 ; 101.612;
12 ; 5 ; 12 ; 0.190109 ; -0.0173979 ; -0.00909632 ; 101.598;
13 ; 5 ; 12 ; 0.191968 ; 0.00253653 ; 0.000172109 ; 101.263;
14 ; 5 ; 12 ; 0.194008 ; 0.00330461 ; -0.000630484 ; 101.954;
15 ; 5 ; 12 ; 0.197555 ; -0.00583073 ; 0.0244232 ; 101.095;
16 ; 5 ; 12 ; 0.197945 ; -0.00558468 ; 0.00516312 ; 101.512;
17 ; 5 ; 12 ; 0.193439 ; -0.00446567 ; -0.012104 ; 101.411;
18 ; 5 ; 12 ; 0.179089 ; 0.00262825 ; -0.00767789 ; 101.863;
19 ; 5 ; 12 ; 0.188403 ; -0.00244531 ; 0.0101114 ; 100.728;
20 ; 5 ; 12 ; 0.173978 ; 0.0101558 ; 0.0016464 ; 101.238;
21 ; 5 ; 12 ; 0.162477 ; 0.00540856 ; 0.00486097 ; 101.379;
4 ; 6 ; 12 ; 0.178396 ; 0.00742015 ; -0.00388233 ; 100.972;
5 ; 6 ; 12 ; 0.182791 ; 0.0109386 ; -0.00856519 ; 101.353;
6 ; 6 ; 12 ; 0.199061 ; -0.00752983 ; 0.0167362 ; 101.704;
7 ; 6 ; 12 ; 0.191391 ; -0.000237045 ; 0.0153758 ; 101.578;
8 ; 6 ; 12 ; 0.188419 ; -0.010936 ; -0.00589488 ; 101.104;
9 ; 6 ; 12 ; 0.19233 ; -0.00203063 ; 0.0133972 ; 101.403;
10 ; 6 ; 12 ; 0.186898 ; 0.00445296 ; 0.00846682 ; 101.15;
11 ; 6 ; 12 ; 0.194118 ; 0.0123108 ; -0.00245776 ; 101.909;
12 ; 6 ; 12 ; 0.183513 ; 0.00274344 ; -0.00555168 ; 101.371;
13 ; 6 ; 12 ; 0.183574 ; -0.00894192 ; 0.00251709 ; 101.224;
14 ; 6 ; 12 ; 0.201546 ; -0.0101033 ; -0.00982289 ; 101.334;
15 ; 6 ; 12 ; 0.196866 ; -0.00749314 ; -0.00646841 ; 101.227;
16 ; 6 ; 12 ; 0.195402 ; -0.0187485 ; 0.00165511 ; 101.652;
17 ; 6 ; 12 ; 0.192364 ; 0.0097781 ; -0.00650322 ; 101.871;
18 ; 6 ; 12 ; 0.170138 ; 0.00430844 ; -0.000554712 ; 101.018;
19 ; 6 ; 12 ; 0.184884 ; 0.00513027 ; -0.0148736 ; 102.202;
20 ; 6 ; 12 ; 0.216512 ; 0.0095805 ; 0.000671659 ; 101.027;
21 ; 6 ; 12 ; 0.177488 ; 0.0128229 ; -0.00233655 ; 102.214;
4 ; 7 ; 12 ; 0.167317 ; 0.00958198 ; -0.0069876 ; 101.7;
5 ; 7 ; 12 ; 0.168079 ; 0.0135431 ; 0.00514376 ; 101.574;
6 ; 7 ; 12 ; 0.195897 ; 0.00754674 ; 0.0118088 ; 101.701;
7 ; 7 ; 12 ; 0.174614 ; 0.00162532 ; 0.0139824 ; 101.81;
8 ; 7 ; 12 ; 0.167352 ; -0.00750214 ; 0.00157894 ; 101.54;
9 ; 7 ; 12 ; 0.188926 ; 0.0135288 ; 0.00878023 ; 100.413;
10 ; 7 ; 12 ; 0.188318 ; 0.0146887 ; -0.00232316 ; 101.462;
11 ; 7 ; 12 ; 0.187123 ; 0.00487952 ; 0.0293305 ; 100.967;
12 ; 7 ; 12 ; 0.19699 ; -0.000105578 ; -0.00250399 ; 101.871;
13 ; 7 ; 12 ; 0.184978 ; -0.00646664 ; 0.0158906 ; 101.528;
14 ; 7 ; 12 ; 0.174518 ; -0.00519521 ; 0.00605524 ; 100.772;
15 ; 7 ; 12 ; 0.177247 ; -0.00297176 ; 0.0138485 ; 101.768;
16 ; 7 ; 12 ; 0.1752 ; -0.035068 ; 0.00792872 ; 101.131;
17 ; 7 ; 12 ; 0.172502 ; 0.0213295 ; 0.000660206 ; 101.771;
18 ; 7 ; 12 ; 0.191371 ; 0.00161737 ; -0.000957917 ; 101.22;
19 ; 7 ; 12 ; 0.188371 ; 0.00803094 ; -0.0255299 ; 101.688;
20 ; 7 ; 12 ; 0.183286 ; -0.00557218 ; -0.015389 ; 101.868;
21 ; 7 ; 12 ; 0.202645 ; -0.00191124 ; 0.00476518 ; 100.75;
4 ; 8 ; 12 ; 0.194379 ; 0.00873683 ; 0.00954665 ; 101.137;
5 ; 8 ; 12 ; 0.176649 ; -0.0013077 ; 0.00565167 ; 101.901;
6 ; 8 ; 12 ; 0.184221 ; -0.00808788 ; 0.0108209 ; 101.359;
7 ; 8 ; 12 ; 0.198518 ; 0.0158645 ; 0.0107587 ; 101.941;
8 ; 8 ; 12 ; 0.188808 ; 0.0107653 ; 0.00771596 ; 101.873;
9 ; 8 ; 12 ; 0.180303 ; 0.00455224 ; 0.00680805 ; 101.32;
10 ; 8 ; 12 ; 0.189036 ; 0.010217 ; 0.000408584 ; 100.772;
11 ; 8 ; 12 ; 0.188741 ; 0.00662904 ; -0.00874192 ; 101.132;
12 ; 8 ; 12 ; 0.17874 ; -0.024245 ; 0.00839319 ; 101.745;
13 ; 8 ; 12 ; 0.179834 ; -0.0131259 ; -0.00848849 ; 101.599;
14 ; 8 ; 12 ; 0.179053 ; -0.0152866 ; 0.00785455 ; 102.082;
15 ; 8 ; 12 ; 0.197922 ; -0.0152794 ; 0.015856 ; 101.368;
16 ; 8 ; 12 ; 0.202319 ; -0.0217119 ; 0.000778373 ; 101.564;
17 ; 8 ; 12 ; 0.182162 ; 0.0115741 ; 0.00493169 ; 101.129;
18 ; 8 ; 12 ; 0.194548 ; 0.00948614 ; -0.000806633 ; 101.826;
19 ; 8 ; 12 ; 0.199276 ; -0.00427446 ; -0.00926702 ; 101.547;
20 ; 8 ; 12 ; 0.175864 ; -0.0103656 ; -0.00323674 ; 101.452;
21 ; 8 ; 12 ; 0.196935 ; -0.0104321 ; 0.0125357 ; 101.168;
4 ; 9 ; 12 ; 0.175486 ; 0.00456896 ; -0.0121219 ; 101.666;
5 ; 9 ; 12 ; 0.177467 ; -0.00230275 ; 0.00748936 ; 101.255;
6 ; 9 ; 12 ; 0.191643 ; 0.00409931 ; 0.0197432 ; 101.369;
7 ; 9 ; 12 ; 0.163461 ; -0.00745342 ; -0.0140601 ; 101.131;
8 ; 9 ; 12 ; 0.199696 ; -0.000455873 ; -0.00531503 ; 100.044;
9 ; 9 ; 12 ; 0.185976 ; -0.000181641 ; -0.00367747 ; 101.466;
10 ; 9 ; 12 ; 0.180942 ; 0.00176482 ; 0.0037142 ; 101.5;
11 ; 9 ; 12 ; 0.179027 ; 0.00231883 ; 0.00375397 ; 101.511;
12 ; 9 ; 12 ; 0.190404 ; 0.00449146 ; 0.00874113 ; 101.875;
13 ; 9 ; 12 ; 0.19068 ; 0.0020343 ; 0.0160182 ; 101.615;
14 ; 9 ; 12 ; 0.18874 ; -0.00758061 ; -0.00834038 ; 101.11;
15 ; 9 ; 12 ; 0.186787 ; -0.015862 ; 0.00733315 ; 101.468;
16 ; 9 ; 12 ; 0.179262 ; 0.0124936 ; -0.00403302 ; 102.018;
17 ; 9 ; 12 ; 0.212621 ; -0.00230988 ; 0.00919925 ; 101.453;
18 ; 9 ; 12 ; 0.213906 ; 0.00844225 ; -0.000993893 ; 100.994;
19 ; 9 ; 12 ; 0.176584 ; 0.0108618 ; -0.0119753 ; 101.81;
20 ; 9 ; 12 ; 0.189462 ; 0.0147335 ; 0.010962 ; 101.623;
21 ; 9 ; 12 ; 0.18717 ; 0.0184901 ; -0.00489256 ; 100.846;
4 ; 10 ; 12 ; 0.199098 ; -0.00538263 ; 0.00399742 ; 101.632;
5 ; 10 ; 12 ; 0.176848 ; -0.016868 ; -0.00793722 ; 101.458;
6 ; 10 ; 12 ; 0.203716 ; 0.00782794 ; 0.0153939 ; 101.738;
7 ; 10 ; 12 ; 0.183839 ; 0.00188655 ; 0.00879834 ; 102.091;
8 ; 10 ; 12 ; 0.178992 ; 0.00176566 ; 0.00298893 ; 101.948;
9 ; 10 ; 12 ; 0.158431 ; -0.00234286 ; 0.00303214 ; 101.359;
10 ; 10 ; 12 ; 0.188741 ; 0.0046509 ; -0.00284159 ; 101.499;
11 ; 10 ; 12 ; 0.182065 ; 0.014072 ; 0.000841763 ; 101.172;
12 ; 10 ; 12 ; 0.173681 ; 0.00192651 ; 0.010935 ; 101.184;
13 ; 10 ; 12 ; 0.172716 ; -0.0109359 ; 0.00756483 ; 101.959;
14 ; 10 ; 12 ; 0.196815 ; -0.00742868 ; 0.00866093 ; 101.572;
15 ; 10 ; 12 ; 0.187384 ; -0.00281307 ; 0.00487158 ; 101.504;
16 ; 10 ; 12 ; 0.173427 ; -0.0199367 ; -0.020125 ; 101.768;
17 ; 10 ; 12 ; 0.18479 ; -0.00843491 ; -0.00754311 ; 102.338;
18 ; 10 ; 12 ; 0.192269 ; -0.00988756 ; -0.00440046 ; 101.233;
19 ; 10 ; 12 ; 0.178228 ; -0.0146946 ; 0.000235802 ; 101.041;
20 ; 10 ; 12 ; 0.194868 ; 0.00769891 ; 0.0178738 ; 101.76;
21 ; 10 ; 12 ; 0.200954 ; -0.00945248 ; 0.00824369 ; 101.615;
4 ; 11 ; 12 ; 0.181498 ; -0.00486902 ; -0.00420288 ; 101.334;
5 ; 11 ; 12 ; 0.191924 ; 0.013596 ; 0.00732826 ; 101.686;
6 ; 11 ; 12 ; 0.192662 ; 0.000804494 ; 0.00295421 ; 100.955;
7 ; 11 ; 12 ; 0.183322 ; 0.00514875 ; 0.0138428 ; 102.055;
8 ; 11 ; 12 ; 0.196561 ; 0.00471042 ; 0.0225708 ; 102.052;
9 ; 11 ; 12 ; 0.162182 ; 0.00232759 ; -0.000773765 ; 101.14;
10 ; 11 ; 12 ; 0.199506 ; 0.0133295 ; -0.000998702 ; 100.798;
11 ; 11 ; 12 ; 0.199775 ; -0.00655652 ; -0.00490817 ; 101.409;
12 ; 11 ; 12 ; 0.181597 ; -0.00167856 ; 0.00399974 ; 101.613;
13 ; 11 ; 12 ; 0.205924 ; 0.00459495 ; -0.00848317 ; 101.221;
14 ; 11 ; 12 ; 0.194093 ; -0.0138866 ; -0.0318866 ; 101.907;
15 ; 11 ; 12 ; 0.189222 ; 0.00761071 ; 0.010884 ; 101.904;
16 ; 11 ; 12 ; 0.187359 ; 0.00578844 ; -0.00637888 ; 101.491;
17 ; 11 ; 12 ; 0.16553 ; -0.000502733 ; -0.0282246 ; 101.686;
18 ; 11 ; 12 ; 0.187878 ; -0.00214291 ; -0.015831 ; 101.567;
19 ; 11 ; 12 ; 0.177848 ; 0.00658199 ; -0.00686588 ; 101.534;
20 ; 11 ; 12 ; 0.203666 ; 0.011176 ; -0.0235246 ; 101.364;
21 ; 11 ; 12 ; 0.211243 ; -0.00195655 ; 0.00573241 ; 101.684;
4 ; 12 ; 12 ; 0.176436 ; -0.0122337 ; -0.00811237 ; 101.252;
5 ; 12 ; 12 ; 0.182801 ; 0.0234186 ; 0.00342791 ; 101.43;
6 ; 12 ; 12 ; 0.171342 ; 0.00238202 ; 0.00984053 ; 101.7;
7 ; 12 ; 12 ; 0.197487 ; 0.00959721 ; -0.00456249 ; 100.973;
8 ; 12 ; 12 ; 0.179047 ; 0.0123413 ; 0.00929327 ; 100.805;
9 ; 12 ; 12 ; 0.18094 ; 0.00677443 ; -0.00058363 ; 102.338;
10 ; 12 ; 12 ; 0.175753 ; 0.0048042 ; 0.00286482 ; 102.25;
11 ; 12 ; 12 ; 0.186841 ; 0.0235045 ; 0.0110348 ; 101.644;
12 ; 12 ; 12 ; 0.196711 ; -0.00547469 ; 0.00452508 ; 101.097;
13 ; 12 ; 12 ; 0.192121 ; 0.00938542 ; -0.0303438 ; 101.839;
14 ; 12 ; 12 ; 0.194705 ; -0.0179699 ; 0.00874631 ; 101.401;
15 ; 12 ; 12 ; 0.198612 ; -0.0161006 ; -0.00754963 ; 101.518;
16 ; 12 ; 12 ; 0.179707 ; 0.00996448 ; -0.00903178 ; 102.184;
17 ; 12 ; 12 ; 0.193846 ; -0.0158321 ; 0.00489271 ; 100.978;
18 ; 12 ; 12 ; 0.177691 ; 0.0102997 ; -0.019168 ; 101.457;
19 ; 12 ; 12 ; 0.179789 ; 0.00458457 ; -0.017106 ; 102.044;
20 ; 12 ; 12 ; 0.189045 ; -0.000292728 ; 0.00193962 ; 101.549;
21 ; 12 ; 12 ; 0.193121 ; 0.00882185 ; 0.0144827 ; 101.635;
4 ; 13 ; 12 ; 0.178773 ; -0.00455353 ; -0.00488295 ; 101.083;
5 ; 13 ; 12 ; 0.173026 ; 0.00504677 ; 0.0127487 ; 101.399;
6 ; 13 ; 12 ; 0.205138 ; 0.0222506 ; 0.00725123 ; 101.268;
7 ; 13 ; 12 ; 0.183621 ; -0.0154121 ; 0.00449241 ; 101.098;
8 ; 13 ; 12 ; 0.195871 ; -0.00743763 ; 0.0175149 ; 101.457;
9 ; 13 ; 12 ; 0.181905 ; -0.00631527 ; 0.0209549 ; 101.681;
10 ; 13 ; 12 ; 0.16642 ; 0.0144371 ; 0.00707276 ; 101.207;
11 ; 13 ; 12 ; 0.215633 ; 0.00677142 ; -0.0138129 ; 101.481;
12 ; 13 ; 12 ; 0.207444 ; -0.0128609 ; -0.00935874 ; 101.472;
13 ; 13 ; 12 ; 0.201079 ; 0.0108191 ; -0.0275089 ; 101.79;
14 ; 13 ; 12 ; 0.189137 ; -0.00906436 ; -0.00431697 ; 101.441;
15 ; 13 ; 12 ; 0.187997 ; 0.00863662 ; -0.012712 ; 101.864;
16 ; 13 ; 12 ; 0.182279 ; -0.00942138 ; -0.00364225 ; 101.051;
17 ; 13 ; 12 ; 0.197907 ; 0.00630198 ; -0.0133294 ; 102.171;
18 ; 13 ; 12 ; 0.181791 ; 0.0180257 ; -0.017796 ; 101.549;
19 ; 13 ; 12 ; 0.190092 ; -0.00255232 ; 0.00457717 ; 101.388;
20 ; 13 ; 12 ; 0.184532 ; 0.00602782 ; -0.0105484 ; 101.058;
21 ; 13 ; 12 ; 0.188907 ; 0.00795516 ; 0.0132564 ; 101.049;
4 ; 14 ; 12 ; 0.192454 ; 0.00895431 ; -0.0103755 ; 101.908;
5 ; 14 ; 12 ; 0.19165 ; -0.00300786 ; 0.0130496 ; 100.905;
6 ; 14 ; 12 ; 0.202503 ; -0.0161024 ; 0.00602729 ; 101.564;
7 ; 14 ; 12 ; 0.199581 ; -0.00487825 ; 0.0333 ; 101.469;
8 ; 14 ; 12 ; 0.179576 ; 0.00838616 ; 0.000836044 ; 101.582;
9 ; 14 ; 12 ; 0.167832 ; 0.00860697 ; -0.00299338 ; 101.845;
10 ; 14 ; 12 ; 0.20976 ; 0.00672776 ; 0.00894161 ; 101.389;
11 ; 14 ; 12 ; 0.184016 ; 0.00196306 ; -0.00245686 ; 101.327;
12 ; 14 ; 12 ; 0.183458 ; 0.0085466 ; 0.0311253 ; 101.31;
13 ; 14 ; 12 ; 0.174637 ; -0.00276491 ; 0.00743393 ; 101.276;
14 ; 14 ; 12 ; 0.192898 ; 0.00864503 ; -0.00382002 ; 101.46;
15 ; 14 ; 12 ; 0.19704 ; 0.00830011 ; -0.0290513 ; 102.236;
16 ; 14 ; 12 ; 0.18097 ; -0.00810335 ; -0.00748667 ; 101.521;
17 ; 14 ; 12 ; 0.190875 ; -0.0092249 ; -0.0083753 ; 101.464;
18 ; 14 ; 12 ; 0.192801 ; 0.00342008 ; -0.00829287 ; 101.041;
19 ; 14 ; 12 ; 0.208843 ; -0.00610379 ; -0.0188391 ; 101.619;
20 ; 14 ; 12 ; 0.191822 ; 0.00711264 ; 0.000648359 ; 101.511;
21 ; 14 ; 12 ; 0.196124 ; -0.000918361 ; -0.00314212 ; 101.529;
4 ; 15 ; 12 ; 0.193142 ; 0.0100078 ; 0.00260827 ; 101.458;
5 ; 15 ; 12 ; 0.192458 ; -0.00820164 ; 0.00363407 ; 101.681;
6 ; 15 ; 12 ; 0.185978 ; -0.00924963 ; 0.00481037 ; 101.687;
7 ; 15 ; 12 ; 0.163125 ; -0.0103433 ; 0.00254304 ; 101.339;
8 ; 15 ; 12 ; 0.190801 ; 0.00955909 ; -0.00437461 ; 101.778;
9 ; 15 ; 12 ; 0.178557 ; -0.00945651 ; 0.000792126 ; 101.991;
10 ; 15 ; 12 ; 0.185149 ; -0.00740077 ; 0.00296853 ; 102.005;
11 ; 15 ; 12 ; 0.193497 ; -0.00568505 ; 0.00062359 ; 100.745;
12 ; 15 ; 12 ; 0.185152 ; 0.00886889 ; 0.00358458 ; 102.54;
13 ; 15 ; 12 ; 0.202048 ; -0.00115152 ; -0.0177924 ; 101.038;
14 ; 15 ; 12 ; 0.182895 ; 0.00631504 ; 0.00529766 ; 102.001;
15 ; 15 ; 12 ; 0.159997 ; -0.00278945 ; -0.0109784 ; 101.443;
16 ; 15 ; 12 ; 0.186483 ; 0.00154867 ; -0.00440759 ; 101.444;
17 ; 15 ; 12 ; 0.158635 ; 0.0016069 ; 0.00606365 ; 101.479;
18 ; 15 ; 12 ; 0.186536 ; 0.00446172 ; -0.00206066 ; 101.131;
19 ; 15 ; 12 ; 0.207955 ; -0.0061236 ; 0.00766895 ; 101.195;
20 ; 15 ; 12 ; 0.188667 ; 0.000288582 ; -0.0212817 ; 101.576;
21 ; 15 ; 12 ; 0.204013 ; -0.0171879 ; -0.0142418 ; 101.456;
4 ; 16 ; 12 ; 0.203402 ; 0.00804728 ; -0.00890128 ; 101.746;
5 ; 16 ; 12 ; 0.176044 ; -0.00383698 ; -0.0121575 ; 101.9;
6 ; 16 ; 12 ; 0.187867 ; 0.0196952 ; -0.00324852 ; 101.21;
7 ; 16 ; 12 ; 0.187605 ; -0.00569416 ; 0.00855822 ; 101.097;
8 ; 16 ; 12 ; 0.215092 ; -0.00278611 ; 0.00368501 ; 101.077;
9 ; 16 ; 12 ; 0.182953 ; -0.0125303 ; 0.0203599 ; 101.711;
10 ; 16 ; 12 ; 0.190917 ; 0.00352511 ; 0.0100545 ; 101.505;
11 ; 16 ; 12 ; 0.185126 ; -0.000402919 ; 0.0157992 ; 101.843;
12 ; 16 ; 12 ; 0.184486 ; 0.00764327 ; 0.00474832 ; 101.546;
13 ; 16 ; 12 ; 0.18449 ; -0.00370301 ; 0.0157256 ; 101.817;
14 ; 16 ; 12 ; 0.194719 ; 0.027173 ; 0.00755735 ; 101.399;
15 ; 16 ; 12 ; 0.181057 ; -0.00378458 ; 0.0152042 ; 101.401;
16 ; 16 ; 12 ; 0.190869 ; 0.00419043 ; -0.0149339 ; 102.062;
17 ; 16 ; 12 ; 0.212243 ; 0.0222125 ; 0.00300001 ; 101.679;
18 ; 16 ; 12 ; 0.199159 ; -0.011183 ; 0.000665702 ; 101.978;
19 ; 16 ; 12 ; 0.187734 ; 0.0177344 ; 0.00657003 ; 101.884;
20 ; 16 ; 12 ; 0.177233 ; 0.00338737 ; -0.0293864 ; 101.282;
21 ; 16 ; 12 ; 0.195634 ; -0.0129778 ; 0.00918982 ; 101.899;
4 ; 17 ; 12 ; 0.185637 ; 0.008519 ; 0.0154246 ; 101.186;
5 ; 17 ; 12 ; 0.183058 ; -0.00381261 ; 0.00608544 ; 101.916;
6 ; 17 ; 12 ; 0.176308 ; -0.00104019 ; -0.00150319 ; 101.508;
7 ; 17 ; 12 ; 0.207662 ; -0.00625674 ; 0.000678454 ; 101.105;
8 ; 17 ; 12 ; 0.17852 ; 0.0239159 ; 0.0111512 ; 101.498;
9 ; 17 ; 12 ; 0.188542 ; -0.0134277 ; -0.00773608 ; 101.337;
10 ; 17 ; 12 ; 0.199113 ; 0.00427197 ; -0.000788929 ; 101.777;
11 ; 17 ; 12 ; 0.191864 ; -0.000797814 ; -0.000944354 ; 101.568;
12 ; 17 ; 12 ; 0.186107 ; 0.00715783 ; 0.0213068 ; 101.642;
13 ; 17 ; 12 ; 0.186954 ; -0.00106755 ; -0.0102053 ; 101.061;
14 ; 17 ; 12 ; 0.178525 ; -0.00851106 ; 0.00761878 ; 101.873;
15 ; 17 ; 12 ; 0.19244 ; -0.00813188 ; -0.0120163 ; 101.796;
16 ; 17 ; 12 ; 0.178906 ; 0.00325871 ; 0.0141572 ; 102.113;
17 ; 17 ; 12 ; 0.17149 ; 0.00342389 ; -0.000591274 ; 101.491;
18 ; 17 ; 12 ; 0.18564 ; -0.0145498 ; -0.00597318 ; 101.396;
19 ; 17 ; 12 ; 0.190702 ; -0.00498025 ; -0.00231261 ; 101.831;
20 ; 17 ; 12 ; 0.195102 ; 0.00389132 ; -0.0134194 ; 101.213;
21 ; 17 ; 12 ; 0.203126 ; 0.0035496 ; -0.00399765 ; 101.683;
4 ; 18 ; 12 ; 0.179983 ; 0.0118297 ; -0.00533072 ; 101.766;
5 ; 18 ; 12 ; 0.194687 ; -0.0166591 ; 0.0082606 ; 101.105;
6 ; 18 ; 12 ; 0.188451 ; -0.00115653 ; -0.00461229 ; 101.292;
7 ; 18 ; 12 ; 0.155587 ; 0.0134349 ; -0.00423952 ; 102.048;
8 ; 18 ; 12 ; 0.177816 ; 0.00326843 ; 0.0161062 ; 101.606;
9 ; 18 ; 12 ; 0.170445 ; 0.00531974 ; 0.000279097 ; 101.095;
10 ; 18 ; 12 ; 0.166954 ; 0.00348952 ; -0.00729055 ; 101.803;
11 ; 18 ; 12 ; 0.181599 ; -0.00289366 ; -0.00174561 ; 101.738;
12 ; 18 ; 12 ; 0.195239 ; -0.00839624 ; -0.00677984 ; 101.014;
13 ; 18 ; 12 ; 0.179095 ; -0.00799799 ; 0.00285834 ; 101.255;
14 ; 18 ; 12 ; 0.208695 ; 0.00573716 ; 0.000118505 ; 101.383;
15 ; 18 ; 12 ; 0.202907 ; -0.0281543 ; 0.0128846 ; 101.282;
16 ; 18 ; 12 ; 0.200047 ; -0.0111463 ; -0.00118209 ; 101.602;
17 ; 18 ; 12 ; 0.186655 ; 0.0102158 ; 0.0101346 ; 101.59;
18 ; 18 ; 12 ; 0.183488 ; -0.00322911 ; -0.00616343 ; 101.71;
19 ; 18 ; 12 ; 0.174036 ; 0.0129889 ; -0.00053773 ; 101.264;
20 ; 18 ; 12 ; 0.181598 ; 0.00846614 ; -0.0112672 ; 101.798;
21 ; 18 ; 12 ; 0.193271 ; 0.00853525 ; -0.00351652 ; 101.182;
4 ; 19 ; 12 ; 0.186031 ; -0.00489034 ; 0.00436463 ; 101.487;
5 ; 19 ; 12 ; 0.179055 ; 0.00147686 ; -0.00603811 ; 101.935;
6 ; 19 ; 12 ; 0.178359 ; -0.00100343 ; 0.00120318 ; 101.746;
7 ; 19 ; 12 ; 0.179581 ; 0.0113575 ; -0.022584 ; 101.603;
8 ; 19 ; 12 ; 0.175422 ; 0.00115594 ; -0.013542 ; 101.084;
9 ; 19 ; 12 ; 0.192223 ; 0.000813118 ; 0.00136798 ; 100.658;
10 ; 19 ; 12 ; 0.189573 ; 0.00541243 ; -0.0162461 ; 101.338;
11 ; 19 ; 12 ; 0.208593 ; 0.0115662 ; -0.0132177 ; 101.352;
12 ; 19 ; 12 ; 0.202484 ; 0.00339182 ; 0.0107669 ; 101.893;
13 ; 19 ; 12 ; 0.184489 ; 0.0148127 ; 0.00554127 ; 101.255;
14 ; 19 ; 12 ; 0.194445 ; 0.0186978 ; -0.00247389 ; 101.592;
15 ; 19 ; 12 ; 0.173234 ; -0.00443873 ; 0.00457956 ; 102.034;
16 ; 19 ; 12 ; 0.187582 ; -0.00143411 ; 0.00211997 ; 101.486;
17 ; 19 ; 12 ; 0.189483 ; 0.00359189 ; -0.00708539 ; 101.845;
18 ; 19 ; 12 ; 0.19771 ; -0.00947235 ; -0.0119961 ; 100.838;
19 ; 19 ; 12 ; 0.195461 ; -0.000185243 ; 0.00185729 ; 101.512;
20 ; 19 ; 12 ; 0.183293 ; -0.000803423 ; -0.010037 ; 100.88;
21 ; 19 ; 12 ; 0.193394 ; -0.0172735 ; -0.00256892 ; 101.614;
4 ; 20 ; 12 ; 0.185093 ; 0.00854609 ; -0.00822726 ; 102.045;
5 ; 20 ; 12 ; 0.184073 ; 0.00745739 ; 0.00199548 ; 101.248;
6 ; 20 ; 12 ; 0.199089 ; 0.00473685 ; 0.000689983 ; 101.843;
7 ; 20 ; 12 ; 0.174131 ; 0.0112339 ; 0.0175246 ; 101.383;
8 ; 20 ; 12 ; 0.184182 ; 0.0136066 ; -0.00125976 ; 101.699;
9 ; 20 ; 12 ; 0.177338 ; 0.0255629 ; 0.00340805 ; 101.399;
10 ; 20 ; 12 ; 0.195374 ; -0.0148979 ; 0.000239163 ; 101.416;
11 ; 20 ; 12 ; 0.191628 ; 0.0149505 ; -0.0177873 ; 102.13;
12 ; 20 ; 12 ; 0.205393 ; 0.00611646 ; 0.0167431 ; 101.705;
13 ; 20 ; 12 ; 0.166578 ; 0.0149674 ; 0.0241084 ; 101.188;
14 ; 20 ; 12 ; 0.184742 ; -0.00701526 ; 0.0096129 ; 101.544;
15 ; 20 ; 12 ; 0.190546 ; 0.0203669 ; 0.00792798 ; 101.574;
16 ; 20 ; 12 ; 0.17101 ; -0.0253096 ; -0.0139254 ; 101.006;
17 ; 20 ; 12 ; 0.188604 ; -0.0151812 ; 0.00498967 ; 101.527;
18 ; 20 ; 12 ; 0.176544 ; -0.00468322 ; 2.09862e-05 ; 100.866;
19 ; 20 ; 12 ; 0.182218 ; -0.00946168 ; -0.00562844 ; 101.673;
20 ; 20 ; 12 ; 0.175758 ; -0.00158566 ; -7.4941e-05 ; 101.677;
21 ; 20 ; 12 ; 0.189897 ; 0.00559545 ; 0.00217669 ; 100.956;
4 ; 21 ; 12 ; 0.186681 ; 0.00426062 ; -0.006943 ; 101.933;
5 ; 21 ; 12 ; 0.183611 ; -0.0198988 ; 0.00248003 ; 101.48;
6 ; 21 ; 12 ; 0.191432 ; -0.0177012 ; -0.00299676 ; 101.301;
7 ; 21 ; 12 ; 0.182955 ; 0.0217295 ; -0.00605902 ; 101.354;
8 ; 21 ; 12 ; 0.178197 ; 0.00965121 ; -0.00939179 ; 101.635;
9 ; 21 ; 12 ; 0.195919 ; -0.00272587 ; 0.00830784 ; 101.59;
10 ; 21 ; 12 ; 0.194347 ; -0.00412846 ; -0.00182408 ; 101.942;
11 ; 21 ; 12 ; 0.185653 ; 0.00614042 ; 2.61237e-05 ; 101.043;
12 ; 21 ; 12 ; 0.202793 ; 0.00869554 ; -0.00858729 ; 101.463;
13 ; 21 ; 12 ; 0.201639 ; -0.00900354 ; 0.00266747 ; 101.426;
14 ; 21 ; 12 ; 0.187621 ; 0.00756339 ; 0.00175959 ; 101.512;
15 ; 21 ; 12 ; 0.178914 ; 0.0188045 ; 0.0160141 ; 101.49;
16 ; 21 ; 12 ; 0.180517 ; 0.00450495 ; 0.00349459 ; 101.82;
17 ; 21 ; 12 ; 0.179984 ; 0.00171507 ; 0.0050497 ; 101.354;
18 ; 21 ; 12 ; 0.17177 ; 0.00805527 ; 0.00811648 ; 101.844;
19 ; 21 ; 12 ; 0.189689 ; -0.0114393 ; 0.0106899 ; 101.11;
20 ; 21 ; 12 ; 0.184098 ; -0.00492305 ; 0.00349576 ; 101.064;
21 ; 21 ; 12 ; 0.190271 ; 0.0117913 ; 0.014569 ; 101.39;
4 ; 4 ; 13 ; 0.138122 ; -0.00582042 ; -0.00621975 ; 101.812;
5 ; 4 ; 13 ; 0.134184 ; 0.0171385 ; -0.0101129 ; 101.284;
6 ; 4 ; 13 ; 0.16322 ; 0.00554887 ; 0.00585052 ; 101.477;
7 ; 4 ; 13 ; 0.148268 ; -0.0068011 ; -0.00478561 ; 101.763;
8 ; 4 ; 13 ; 0.146051 ; -0.00725492 ; 0.0174874 ; 101.518;
9 ; 4 ; 13 ; 0.143157 ; -0.00139289 ; 0.0063584 ; 101.657;
10 ; 4 ; 13 ; 0.129099 ; -0.00383704 ; -0.00843425 ; 102.01;
11 ; 4 ; 13 ; 0.148173 ; 0.00543297 ; -0.00541452 ; 101.056;
12 ; 4 ; 13 ; 0.127604 ; 0.000888703 ; -0.00381664 ; 101.457;
13 ; 4 ; 13 ; 0.156131 ; 0.00241775 ; -0.0107502 ; 101.204;
14 ; 4 ; 13 ; 0.152412 ; 0.000758388 ; 0.00210982 ; 101.477;
15 ; 4 ; 13 ; 0.159644 ; -0.00861371 ; -0.0162966 ; 101.099;
16 ; 4 ; 13 ; 0.148416 ; -0.0187875 ; -0.00879355 ; 101.63;
17 ; 4 ; 13 ; 0.154594 ; -0.00398866 ; -0.00254379 ; 101.177;
18 ; 4 ; 13 ; 0.158393 ; 0.0160688 ; 0.0116196 ; 101.201;
19 ; 4 ; 13 ; 0.157269 ; 0.0155154 ; -0.0219875 ; 101.609;
20 ; 4 ; 13 ; 0.150983 ; -0.0165382 ; 0.0125534 ; 101.462;
21 ; 4 ; 13 ; 0.142774 ; -0.00348321 ; 0.0017541 ; 101.329;
4 ; 5 ; 13 ; 0.140355 ; -0.00795351 ; 0.000513893 ; 101.338;
5 ; 5 ; 13 ; 0.149048 ; -0.00163054 ; 0.000840013 ; 101.591;
6 ; 5 ; 13 ; 0.131497 ; -0.00468559 ; -0.000881005 ; 101.184;
7 ; 5 ; 13 ; 0.148453 ; 0.000804134 ; 0.0174601 ; 101.031;
8 ; 5 ; 13 ; 0.148999 ; 0.00280352 ; 0.011291 ; 101.597;
9 ; 5 ; 13 ; 0.144633 ; -0.0107434 ; 0.00337059 ; 101.346;
10 ; 5 ; 13 ; 0.140963 ; -0.00157736 ; -0.00672595 ; 101.046;
11 ; 5 ; 13 ; 0.147364 ; 0.00459514 ; -0.0124432 ; 101.499;
12 ; 5 ; 13 ; 0.138185 ; -0.00693376 ; 0.00100919 ; 101.387;
13 ; 5 ; 13 ; 0.14197 ; 0.000277797 ; -0.00220151 ; 101.97;
14 ; 5 ; 13 ; 0.153602 ; -0.00124628 ; 0.0043456 ; 101.151;
15 ; 5 ; 13 ; 0.143378 ; 0.00390695 ; -0.0184545 ; 101.295;
16 ; 5 ; 13 ; 0.159096 ; 0.0169911 ; 0.00647196 ; 101.986;
17 ; 5 ; 13 ; 0.16265 ; -0.000486812 ; 0.00469721 ; 101.41;
18 ; 5 ; 13 ; 0.153635 ; -0.00127482 ; -0.00451627 ; 101.462;
19 ; 5 ; 13 ; 0.152445 ; 0.0196739 ; 0.00238309 ; 101.557;
20 ; 5 ; 13 ; 0.133883 ; 0.015578 ; -0.00699026 ; 101.601;
21 ; 5 ; 13 ; 0.137176 ; -0.0208209 ; 0.0103697 ; 101.798;
4 ; 6 ; 13 ; 0.159381 ; -0.00996494 ; 0.0162391 ; 101.085;
5 ; 6 ; 13 ; 0.130425 ; 0.00157476 ; -0.0100669 ; 101.83;
6 ; 6 ; 13 ; 0.146944 ; 0.000805648 ; 0.00322062 ; 100.853;
7 ; 6 ; 13 ; 0.172997 ; 0.00365048 ; 0.00679102 ; 101.888;
8 ; 6 ; 13 ; 0.137276 ; -0.00276469 ; 3.28581e-05 ; 101.393;
9 ; 6 ; 13 ; 0.144088 ; -0.0172211 ; 0.00197517 ; 101.04;
10 ; 6 ; 13 ; 0.149041 ; -0.0128991 ; 0.00611974 ; 102.027;
11 ; 6 ; 13 ; 0.152924 ; -0.00602592 ; 0.000299397 ; 101.464;
12 ; 6 ; 13 ; 0.151795 ; 0.00110852 ; -0.00193118 ; 100.991;
13 ; 6 ; 13 ; 0.164263 ; 0.000989067 ; -0.00198839 ; 101.649;
14 ; 6 ; 13 ; 0.150903 ; -0.0229498 ; -0.00221004 ; 101.597;
15 ; 6 ; 13 ; 0.159711 ; 0.0156543 ; 0.0272881 ; 101.726;
16 ; 6 ; 13 ; 0.143834 ; 0.00678078 ; 0.00562565 ; 101.282;
17 ; 6 ; 13 ; 0.137535 ; -0.0130875 ; 0.0092024 ; 101.532;
18 ; 6 ; 13 ; 0.15528 ; 0.0040776 ; -0.0138861 ; 102.378;
19 ; 6 ; 13 ; 0.133992 ; 0.00305195 ; -0.00807275 ; 101.135;
20 ; 6 ; 13 ; 0.139378 ; 0.0186574 ; 0.00302329 ; 101.2;
21 ; 6 ; 13 ; 0.140796 ; 0.00341795 ; 0.00826302 ; 100.771;
4 ; 7 ; 13 ; 0.144757 ; 0.00112933 ; -0.0051283 ; 101.161;
5 ; 7 ; 13 ; 0.135401 ; 0.00118554 ; 0.00607171 ; 101.036;
6 ; 7 ; 13 ; 0.149162 ; -0.00392299 ; 0.0121716 ; 101.224;
7 ; 7 ; 13 ; 0.148375 ; -0.0160743 ; 0.0018839 ; 101.554;
8 ; 7 ; 13 ; 0.160964 ; -0.00221871 ; 0.00896148 ; 101.048;
9 ; 7 ; 13 ; 0.139831 ; 0.0327902 ; -0.00847477 ; 101.637;
10 ; 7 ; 13 ; 0.14116 ; 0.000411483 ; -0.00337248 ; 101.242;
11 ; 7 ; 13 ; 0.15693 ; -0.011541 ; 0.00496699 ; 101.599;
12 ; 7 ; 13 ; 0.132509 ; -0.00743791 ; 0.0127487 ; 101.134;
13 ; 7 ; 13 ; 0.159134 ; 0.00390412 ; -0.00441183 ; 101.512;
14 ; 7 ; 13 ; 0.14587 ; -0.0178605 ; -0.0142169 ; 101.103;
15 ; 7 ; 13 ; 0.13193 ; -0.0119298 ; 0.0140256 ; 101.105;
16 ; 7 ; 13 ; 0.144388 ; 0.00434141 ; 0.00936994 ; 101.83;
17 ; 7 ; 13 ; 0.13906 ; 0.0400503 ; 0.0133445 ; 102.018;
18 ; 7 ; 13 ; 0.166161 ; 0.0101686 ; 0.00327604 ; 100.993;
19 ; 7 ; 13 ; 0.152942 ; 0.0076057 ; 1.08899e-05 ; 101.59;
20 ; 7 ; 13 ; 0.151979 ; -0.0162712 ; -0.0212285 ; 101.722;
21 ; 7 ; 13 ; 0.152302 ; -0.0255915 ; -0.00198174 ; 101.157;
4 ; 8 ; 13 ; 0.136152 ; 0.00620963 ; 0.0124108 ; 102.08;
5 ; 8 ; 13 ; 0.136675 ; 0.0100863 ; 0.0127767 ; 100.77;
6 ; 8 ; 13 ; 0.163864 ; 0.0138983 ; 0.0127195 ; 101.528;
7 ; 8 ; 13 ; 0.142593 ; 0.00439525 ; -0.00558309 ; 102.115;
8 ; 8 ; 13 ; 0.15226 ; -0.0047808 ; -0.00326421 ; 101.627;
9 ; 8 ; 13 ; 0.151165 ; 0.00118327 ; -0.0148223 ; 101.294;
10 ; 8 ; 13 ; 0.129688 ; 0.0313846 ; 0.0130308 ; 101.955;
11 ; 8 ; 13 ; 0.137539 ; -0.00141258 ; 0.0171299 ; 101.71;
12 ; 8 ; 13 ; 0.135421 ; -0.00375562 ; -0.0151783 ; 102.199;
13 ; 8 ; 13 ; 0.146426 ; -0.026368 ; -0.00497388 ; 101.818;
14 ; 8 ; 13 ; 0.128346 ; 0.00403921 ; 0.00940846 ; 101.802;
15 ; 8 ; 13 ; 0.144786 ; -0.0145384 ; 0.0128027 ; 101.696;
16 ; 8 ; 13 ; 0.143927 ; -0.0012126 ; -0.0118473 ; 101.564;
17 ; 8 ; 13 ; 0.141687 ; -0.00600959 ; -0.0178029 ; 101.218;
18 ; 8 ; 13 ; 0.155338 ; -0.000315516 ; -0.0184909 ; 101.381;
19 ; 8 ; 13 ; 0.152851 ; 0.00294701 ; 0.00629578 ; 101.501;
20 ; 8 ; 13 ; 0.138987 ; 0.0133199 ; -0.0194133 ; 101.109;
21 ; 8 ; 13 ; 0.144298 ; 0.011349 ; 0.0056571 ; 101.583;
4 ; 9 ; 13 ; 0.158255 ; -0.00453067 ; 0.00476999 ; 101.333;
5 ; 9 ; 13 ; 0.139165 ; -0.0139188 ; 0.00462032 ; 100.623;
6 ; 9 ; 13 ; 0.146047 ; 0.00713359 ; 0.0168997 ; 101.657;
7 ; 9 ; 13 ; 0.147544 ; 0.0155955 ; -0.00577665 ; 102.215;
8 ; 9 ; 13 ; 0.147928 ; -0.000310409 ; -0.00335508 ; 101.706;
9 ; 9 ; 13 ; 0.143305 ; 0.00929743 ; 0.0108465 ; 101.689;
10 ; 9 ; 13 ; 0.142686 ; 0.00644876 ; -0.0189417 ; 101.233;
11 ; 9 ; 13 ; 0.149984 ; 0.0171596 ; 0.0010815 ; 102.387;
12 ; 9 ; 13 ; 0.149258 ; 0.000548485 ; 0.0085377 ; 101.076;
13 ; 9 ; 13 ; 0.14925 ; 0.00720415 ; 0.00989812 ; 101.354;
14 ; 9 ; 13 ; 0.13407 ; 0.0136902 ; -0.0129906 ; 101.6;
15 ; 9 ; 13 ; 0.156452 ; 0.00228902 ; -0.00134621 ; 101.56;
16 ; 9 ; 13 ; 0.159437 ; 0.006562 ; -0.0104995 ; 101.413;
17 ; 9 ; 13 ; 0.159968 ; 0.000530246 ; 0.00598506 ; 101.03;
18 ; 9 ; 13 ; 0.152691 ; -0.00480289 ; -0.00133234 ; 101.588;
19 ; 9 ; 13 ; 0.152961 ; -0.00461323 ; -0.0192168 ; 100.998;
20 ; 9 ; 13 ; 0.143928 ; -0.00367999 ; -0.00175613 ; 101.778;
21 ; 9 ; 13 ; 0.132814 ; 0.00453612 ; -0.0313776 ; 101.559;
4 ; 10 ; 13 ; 0.142527 ; 0.00970378 ; 0.0035624 ; 101.092;
5 ; 10 ; 13 ; 0.133573 ; 0.0107548 ; 0.0145797 ; 101.862;
6 ; 10 ; 13 ; 0.129492 ; 0.00177777 ; -0.00381279 ; 101.26;
7 ; 10 ; 13 ; 0.148257 ; 0.000644644 ; -0.000964759 ; 100.916;
8 ; 10 ; 13 ; 0.142648 ; -0.0140915 ; -0.00140626 ; 101.804;
9 ; 10 ; 13 ; 0.147945 ; -0.000521488 ; -0.00649203 ; 101.978;
10 ; 10 ; 13 ; 0.151195 ; -0.00173767 ; -0.00273355 ; 101.547;
11 ; 10 ; 13 ; 0.162676 ; 0.0116687 ; 0.00356187 ; 101.417;
12 ; 10 ; 13 ; 0.149771 ; 0.00692617 ; 0.00691966 ; 101.806;
13 ; 10 ; 13 ; 0.155077 ; 0.00924593 ; 0.0147334 ; 101.464;
14 ; 10 ; 13 ; 0.133 ; 0.00465915 ; -0.00753133 ; 101.565;
15 ; 10 ; 13 ; 0.130733 ; 0.00403075 ; -0.0168235 ; 101.224;
16 ; 10 ; 13 ; 0.147688 ; 0.0208483 ; -0.00635292 ; 101.449;
17 ; 10 ; 13 ; 0.158444 ; 0.0086159 ; -0.0167039 ; 101.656;
18 ; 10 ; 13 ; 0.12899 ; 0.0152431 ; -0.0191679 ; 101.781;
19 ; 10 ; 13 ; 0.126683 ; -0.0230268 ; -0.000585961 ; 101.607;
20 ; 10 ; 13 ; 0.158842 ; -0.00155263 ; 0.000588756 ; 101.427;
21 ; 10 ; 13 ; 0.143165 ; -0.00441465 ; 0.00382185 ; 101.84;
4 ; 11 ; 13 ; 0.147735 ; -9.45816e-06 ; -0.000627167 ; 101.091;
5 ; 11 ; 13 ; 0.145451 ; 0.0175306 ; -0.00134494 ; 101.292;
6 ; 11 ; 13 ; 0.124651 ; 0.00132562 ; -0.0133171 ; 101.93;
7 ; 11 ; 13 ; 0.146591 ; 0.0078621 ; 0.00153486 ; 101.832;
8 ; 11 ; 13 ; 0.127714 ; 0.0111416 ; -0.00174781 ; 101.412;
9 ; 11 ; 13 ; 0.138872 ; -0.00867196 ; -0.0141336 ; 101.387;
10 ; 11 ; 13 ; 0.147178 ; 0.00737602 ; -0.00749285 ; 101.22;
11 ; 11 ; 13 ; 0.148185 ; 0.0188964 ; 0.0180341 ; 101.705;
12 ; 11 ; 13 ; 0.139111 ; 0.000168416 ; 0.00288966 ; 101.089;
13 ; 11 ; 13 ; 0.144305 ; -0.00408484 ; 0.00524059 ; 101.669;
14 ; 11 ; 13 ; 0.132462 ; -0.00439681 ; 0.00188951 ; 101.164;
15 ; 11 ; 13 ; 0.133319 ; 0.0161621 ; 0.0131891 ; 101.189;
16 ; 11 ; 13 ; 0.151182 ; -0.00615358 ; -0.0257085 ; 101.837;
17 ; 11 ; 13 ; 0.153864 ; 0.000325682 ; 0.00269259 ; 101.423;
18 ; 11 ; 13 ; 0.141704 ; 0.00662783 ; -0.0100139 ; 101.59;
19 ; 11 ; 13 ; 0.155483 ; -0.00325334 ; -0.0170059 ; 101.741;
20 ; 11 ; 13 ; 0.159019 ; 0.0113641 ; -0.00428982 ; 101.643;
21 ; 11 ; 13 ; 0.150249 ; 0.00166703 ; -0.01622 ; 101.399;
4 ; 12 ; 13 ; 0.149029 ; -0.000933651 ; -0.0074069 ; 101.57;
5 ; 12 ; 13 ; 0.124554 ; 0.00792393 ; -0.00451013 ; 101.628;
6 ; 12 ; 13 ; 0.152047 ; -0.00396289 ; -0.00799942 ; 101.053;
7 ; 12 ; 13 ; 0.131306 ; -0.00219445 ; 0.0191732 ; 101.724;
8 ; 12 ; 13 ; 0.128769 ; -0.00453165 ; -0.00364436 ; 101.525;
9 ; 12 ; 13 ; 0.136533 ; 0.00231842 ; 0.0099396 ; 101.108;
10 ; 12 ; 13 ; 0.130121 ; -0.0203242 ; 0.00231344 ; 101.568;
11 ; 12 ; 13 ; 0.142484 ; -0.00943122 ; -0.000684493 ; 101.247;
12 ; 12 ; 13 ; 0.127729 ; 0.0130939 ; 0.0111638 ; 101.712;
13 ; 12 ; 13 ; 0.142278 ; -0.00128199 ; -0.00905282 ; 101.418;
14 ; 12 ; 13 ; 0.1618 ; 0.00915066 ; -0.00309073 ; 101.427;
15 ; 12 ; 13 ; 0.150962 ; -0.0123585 ; -0.0299999 ; 101.227;
16 ; 12 ; 13 ; 0.138222 ; -0.0117214 ; -0.00700595 ; 101.114;
17 ; 12 ; 13 ; 0.136395 ; 0.0358057 ; -0.00370978 ; 101.625;
18 ; 12 ; 13 ; 0.13542 ; -0.00664931 ; -0.0044242 ; 101.11;
19 ; 12 ; 13 ; 0.144144 ; -0.0108705 ; -0.021603 ; 101.671;
20 ; 12 ; 13 ; 0.170397 ; 0.018601 ; -0.00289929 ; 101.422;
21 ; 12 ; 13 ; 0.148955 ; 0.019201 ; 0.0136084 ; 101.3;
4 ; 13 ; 13 ; 0.154544 ; 0.0126463 ; -0.00401182 ; 101.425;
5 ; 13 ; 13 ; 0.130303 ; -0.00118679 ; -0.000589768 ; 101.123;
6 ; 13 ; 13 ; 0.142854 ; -0.010527 ; -0.000345734 ; 101.832;
7 ; 13 ; 13 ; 0.14186 ; -0.00908114 ; -0.00145186 ; 101.492;
8 ; 13 ; 13 ; 0.150644 ; 0.00877446 ; 0.0136611 ; 101.733;
9 ; 13 ; 13 ; 0.138675 ; 0.00406214 ; 0.0118814 ; 101.289;
10 ; 13 ; 13 ; 0.151549 ; -0.00979936 ; 0.0101407 ; 101.224;
11 ; 13 ; 13 ; 0.141764 ; -0.00891173 ; 0.0183503 ; 101.523;
12 ; 13 ; 13 ; 0.139778 ; 0.00305509 ; 0.00774158 ; 101.127;
13 ; 13 ; 13 ; 0.158623 ; -0.0021658 ; 0.0102756 ; 100.832;
14 ; 13 ; 13 ; 0.145939 ; -0.00605562 ; 0.0028201 ; 101.305;
15 ; 13 ; 13 ; 0.147831 ; -0.00221334 ; -0.00625407 ; 101.098;
16 ; 13 ; 13 ; 0.14573 ; -0.00230481 ; -0.00721911 ; 101.305;
17 ; 13 ; 13 ; 0.150637 ; 0.000430275 ; -0.00894352 ; 101.105;
18 ; 13 ; 13 ; 0.153274 ; -0.0100209 ; -0.00512906 ; 101.695;
19 ; 13 ; 13 ; 0.163544 ; 0.02595 ; -0.0091041 ; 101.427;
20 ; 13 ; 13 ; 0.156706 ; 0.00805995 ; -0.00381149 ; 102.051;
21 ; 13 ; 13 ; 0.143098 ; 0.00491544 ; -0.0121389 ; 101.144;
4 ; 14 ; 13 ; 0.163333 ; 0.0133349 ; -0.00104295 ; 101.493;
5 ; 14 ; 13 ; 0.150673 ; 0.00422215 ; -0.0166694 ; 102.279;
6 ; 14 ; 13 ; 0.146405 ; -0.00925465 ; 0.0102672 ; 101.488;
7 ; 14 ; 13 ; 0.141216 ; -0.00476962 ; 0.00789075 ; 101.942;
8 ; 14 ; 13 ; 0.130732 ; -0.00787396 ; 0.00753347 ; 101.081;
9 ; 14 ; 13 ; 0.132523 ; -0.000579443 ; 0.00693118 ; 101.998;
10 ; 14 ; 13 ; 0.147835 ; -0.00371989 ; 0.00640058 ; 101.822;
11 ; 14 ; 13 ; 0.147142 ; 0.00719116 ; 0.00432462 ; 101.93;
12 ; 14 ; 13 ; 0.148478 ; -0.00722884 ; 0.0131985 ; 101.359;
13 ; 14 ; 13 ; 0.164311 ; -0.0106455 ; -0.00122069 ; 101.072;
14 ; 14 ; 13 ; 0.161575 ; 0.00193712 ; -0.000868666 ; 102.013;
15 ; 14 ; 13 ; 0.162294 ; -0.0110837 ; 0.00389922 ; 101.105;
16 ; 14 ; 13 ; 0.157974 ; -0.00903585 ; -0.0029076 ; 101.761;
17 ; 14 ; 13 ; 0.130732 ; -0.0106739 ; 0.00383758 ; 102.105;
18 ; 14 ; 13 ; 0.140473 ; 0.0158393 ; -0.0046572 ; 101.43;
19 ; 14 ; 13 ; 0.158954 ; -0.00325051 ; 0.00259612 ; 101.689;
20 ; 14 ; 13 ; 0.131291 ; -0.00738694 ; -0.0195672 ; 101.264;
21 ; 14 ; 13 ; 0.143925 ; -0.00457555 ; -0.0160243 ; 101.506;
4 ; 15 ; 13 ; 0.160535 ; -0.00201222 ; -0.0010757 ; 101.6;
5 ; 15 ; 13 ; 0.150073 ; 0.0180343 ; 0.0154638 ; 101.239;
6 ; 15 ; 13 ; 0.139801 ; -0.0100582 ; 0.0077238 ; 101.176;
7 ; 15 ; 13 ; 0.164621 ; 0.00110755 ; 0.00383378 ; 101.602;
8 ; 15 ; 13 ; 0.136677 ; -0.00947747 ; -0.0114735 ; 102.278;
9 ; 15 ; 13 ; 0.15808 ; -0.00353357 ; -0.0143162 ; 101.899;
10 ; 15 ; 13 ; 0.169508 ; -0.0124248 ; -0.0127301 ; 100.995;
11 ; 15 ; 13 ; 0.145617 ; 0.00362826 ; 0.0145153 ; 101.659;
12 ; 15 ; 13 ; 0.151905 ; -0.0180763 ; -0.00475222 ; 101.09;
13 ; 15 ; 13 ; 0.143812 ; 0.00759988 ; 0.00301394 ; 101.034;
14 ; 15 ; 13 ; 0.133384 ; 0.00435042 ; 0.00129644 ; 101.783;
15 ; 15 ; 13 ; 0.142623 ; 0.00969343 ; -0.0085709 ; 101.124;
16 ; 15 ; 13 ; 0.143556 ; -0.00288501 ; -0.00501214 ; 101.721;
17 ; 15 ; 13 ; 0.132904 ; 0.000205678 ; 0.00114443 ; 101.148;
18 ; 15 ; 13 ; 0.13262 ; 0.0111588 ; -0.00396425 ; 101.186;
19 ; 15 ; 13 ; 0.145444 ; -0.000814211 ; -0.0233118 ; 101.503;
20 ; 15 ; 13 ; 0.158651 ; 0.0192029 ; -0.0316073 ; 101.686;
21 ; 15 ; 13 ; 0.161419 ; 0.00804124 ; -0.0164796 ; 101.426;
4 ; 16 ; 13 ; 0.148259 ; -0.00229477 ; 0.00166222 ; 101.527;
5 ; 16 ; 13 ; 0.162553 ; -0.0047843 ; 0.00723612 ; 101.241;
6 ; 16 ; 13 ; 0.15763 ; 0.00141982 ; -0.00273327 ; 101.929;
7 ; 16 ; 13 ; 0.153397 ; -0.0020935 ; 0.00792244 ; 102.07;
8 ; 16 ; 13 ; 0.164696 ; -0.000624671 ; -0.00161029 ; 101.296;
9 ; 16 ; 13 ; 0.138537 ; 0.0131548 ; -0.00981384 ; 101.157;
10 ; 16 ; 13 ; 0.136164 ; 0.00256747 ; 0.0110169 ; 101.898;
11 ; 16 ; 13 ; 0.148005 ; 0.0159812 ; -0.00778904 ; 101.675;
12 ; 16 ; 13 ; 0.136811 ; -0.0214753 ; 0.0104937 ; 101.901;
13 ; 16 ; 13 ; 0.132873 ; -0.00200199 ; -0.0126579 ; 101.4;
14 ; 16 ; 13 ; 0.133069 ; -0.0104323 ; 0.00138305 ; 101.688;
15 ; 16 ; 13 ; 0.141242 ; -0.00426604 ; -0.00695207 ; 101.484;
16 ; 16 ; 13 ; 0.136571 ; 0.00107699 ; -0.00353432 ; 101.199;
17 ; 16 ; 13 ; 0.126325 ; -0.00344328 ; -0.0247378 ; 100.928;
18 ; 16 ; 13 ; 0.129983 ; 0.00968587 ; -0.00431761 ; 100.758;
19 ; 16 ; 13 ; 0.160924 ; 0.0139186 ; -0.0157927 ; 100.919;
20 ; 16 ; 13 ; 0.170896 ; 0.0177514 ; -0.0247583 ; 100.773;
21 ; 16 ; 13 ; 0.135594 ; -0.0153321 ; -0.00644129 ; 101.567;
4 ; 17 ; 13 ; 0.163475 ; 0.0165645 ; 0.0232379 ; 100.881;
5 ; 17 ; 13 ; 0.139795 ; -0.00576427 ; 0.00573226 ; 101.809;
6 ; 17 ; 13 ; 0.132583 ; -0.0114261 ; 0.0143431 ; 101.81;
7 ; 17 ; 13 ; 0.133444 ; -0.0118658 ; -0.00651199 ; 101.529;
8 ; 17 ; 13 ; 0.148707 ; -0.000645757 ; 0.0104905 ; 101.541;
9 ; 17 ; 13 ; 0.14066 ; 0.011022 ; -0.00934802 ; 102.353;
10 ; 17 ; 13 ; 0.13248 ; 0.00714054 ; 0.00729367 ; 100.905;
11 ; 17 ; 13 ; 0.146387 ; 0.00649703 ; 0.00944948 ; 101.642;
12 ; 17 ; 13 ; 0.137446 ; -0.0270738 ; -0.00373532 ; 101.591;
13 ; 17 ; 13 ; 0.148345 ; 0.00281143 ; 0.000236184 ; 101.876;
14 ; 17 ; 13 ; 0.122729 ; -0.000426208 ; -0.00854589 ; 101.38;
15 ; 17 ; 13 ; 0.160598 ; -0.0123588 ; -0.0146942 ; 101.601;
16 ; 17 ; 13 ; 0.138782 ; -0.00587273 ; 0.00577192 ; 101.452;
17 ; 17 ; 13 ; 0.133306 ; 0.00996462 ; 0.00706917 ; 100.753;
18 ; 17 ; 13 ; 0.125216 ; 0.000838403 ; 0.0101042 ; 101.732;
19 ; 17 ; 13 ; 0.138791 ; 0.00882245 ; 0.00988135 ; 101.184;
20 ; 17 ; 13 ; 0.142316 ; 0.0210037 ; -0.00718444 ; 101.712;
21 ; 17 ; 13 ; 0.135581 ; 0.0129236 ; 0.00708645 ; 101.502;
4 ; 18 ; 13 ; 0.155093 ; 0.00981647 ; 0.00198113 ; 102.514;
5 ; 18 ; 13 ; 0.148373 ; -0.00374462 ; 0.00630561 ; 100.49;
6 ; 18 ; 13 ; 0.145681 ; -0.0114533 ; -0.00347755 ; 101.725;
7 ; 18 ; 13 ; 0.140905 ; 0.00890565 ; -0.00763795 ; 101.224;
8 ; 18 ; 13 ; 0.152945 ; -0.00168769 ; 0.00765745 ; 101.858;
9 ; 18 ; 13 ; 0.1414 ; 0.000970231 ; -0.000646957 ; 101.065;
10 ; 18 ; 13 ; 0.142016 ; 0.00332161 ; 0.00655534 ; 101.291;
11 ; 18 ; 13 ; 0.151105 ; 0.00578453 ; 0.000338528 ; 101.863;
12 ; 18 ; 13 ; 0.125346 ; -0.00697509 ; -0.0028431 ; 101.369;
13 ; 18 ; 13 ; 0.145022 ; -0.00439382 ; -0.00917597 ; 101.212;
14 ; 18 ; 13 ; 0.1465 ; 0.00123044 ; -0.00428781 ; 101.852;
15 ; 18 ; 13 ; 0.137135 ; -0.0240673 ; -0.00657366 ; 100.915;
16 ; 18 ; 13 ; 0.145665 ; -0.0197055 ; -0.00758341 ; 100.792;
17 ; 18 ; 13 ; 0.145378 ; 0.0072801 ; -0.00734803 ; 101.151;
18 ; 18 ; 13 ; 0.15919 ; 0.00245639 ; 0.0120501 ; 101.301;
19 ; 18 ; 13 ; 0.148458 ; 0.00344363 ; 0.00223112 ; 101.448;
20 ; 18 ; 13 ; 0.145307 ; 0.000785521 ; -0.0111288 ; 100.833;
21 ; 18 ; 13 ; 0.154212 ; -0.000182435 ; -0.0113544 ; 101.166;
4 ; 19 ; 13 ; 0.134749 ; 0.00748736 ; -0.00534968 ; 101.076;
5 ; 19 ; 13 ; 0.163725 ; 0.00515553 ; 0.00406182 ; 101.939;
6 ; 19 ; 13 ; 0.145495 ; -0.00695631 ; -0.0238239 ; 101.221;
7 ; 19 ; 13 ; 0.148524 ; -0.00317291 ; 0.0122715 ; 102.207;
8 ; 19 ; 13 ; 0.14034 ; 0.0010332 ; -0.00534917 ; 101.292;
9 ; 19 ; 13 ; 0.151631 ; -0.000730934 ; 0.0309383 ; 101.631;
10 ; 19 ; 13 ; 0.14514 ; 0.00891378 ; -0.00561573 ; 101.697;
11 ; 19 ; 13 ; 0.136521 ; 0.0146899 ; 0.0080081 ; 101.664;
12 ; 19 ; 13 ; 0.144702 ; -0.014938 ; 0.00992734 ; 101.654;
13 ; 19 ; 13 ; 0.147616 ; -0.00461845 ; -0.0195151 ; 101.357;
14 ; 19 ; 13 ; 0.142128 ; -0.00373776 ; -0.00456849 ; 100.559;
15 ; 19 ; 13 ; 0.15185 ; 0.00186616 ; -0.0108377 ; 102.014;
16 ; 19 ; 13 ; 0.134626 ; 0.0173709 ; -0.00778044 ; 101.505;
17 ; 19 ; 13 ; 0.145613 ; 0.011872 ; -0.00540647 ; 101.643;
18 ; 19 ; 13 ; 0.144161 ; -0.0106229 ; -0.0168322 ; 101.762;
19 ; 19 ; 13 ; 0.169761 ; -0.0133909 ; -0.00344302 ; 100.878;
20 ; 19 ; 13 ; 0.143613 ; -6.94191e-05 ; -0.0158715 ; 101.874;
21 ; 19 ; 13 ; 0.138925 ; -0.000509954 ; 0.000233676 ; 101.193;
4 ; 20 ; 13 ; 0.149718 ; 0.0137147 ; -0.00839017 ; 101.2;
5 ; 20 ; 13 ; 0.160581 ; -0.000928866 ; 0.00347103 ; 101.477;
6 ; 20 ; 13 ; 0.151422 ; 4.2009e-05 ; -0.0122296 ; 101.661;
7 ; 20 ; 13 ; 0.131853 ; -0.0016126 ; 0.00508681 ; 101.463;
8 ; 20 ; 13 ; 0.128169 ; 0.00196446 ; 0.00256994 ; 102.202;
9 ; 20 ; 13 ; 0.14774 ; 0.00535527 ; 0.00924737 ; 101.436;
10 ; 20 ; 13 ; 0.131404 ; 0.0186984 ; 0.0174303 ; 101.854;
11 ; 20 ; 13 ; 0.138541 ; 0.0109639 ; -0.00388641 ; 101.388;
12 ; 20 ; 13 ; 0.149081 ; 0.0100233 ; 0.00718923 ; 101.53;
13 ; 20 ; 13 ; 0.13717 ; 0.000895906 ; -0.015758 ; 101.109;
14 ; 20 ; 13 ; 0.154551 ; -0.00401343 ; -0.00279115 ; 101.642;
15 ; 20 ; 13 ; 0.13208 ; 0.00925817 ; -0.0116387 ; 101.584;
16 ; 20 ; 13 ; 0.129818 ; 0.0222193 ; -0.000967423 ; 100.805;
17 ; 20 ; 13 ; 0.147099 ; -0.00238842 ; -0.020703 ; 101.908;
18 ; 20 ; 13 ; 0.162296 ; 0.00707605 ; -0.0155617 ; 101.187;
19 ; 20 ; 13 ; 0.153117 ; -0.00138507 ; -0.0037317 ; 101.158;
20 ; 20 ; 13 ; 0.149744 ; -0.0164536 ; -0.00172267 ; 101.52;
21 ; 20 ; 13 ; 0.16137 ; 0.0198563 ; -0.00691646 ; 101.614;
4 ; 21 ; 13 ; 0.142377 ; -0.0100065 ; 0.00315959 ; 101.99;
5 ; 21 ; 13 ; 0.140493 ; -0.000487037 ; 0.0124174 ; 101.566;
6 ; 21 ; 13 ; 0.148406 ; 0.00784681 ; 0.0117886 ; 101.543;
7 ; 21 ; 13 ; 0.14846 ; -0.00244958 ; -0.0116468 ; 101.543;
8 ; 21 ; 13 ; 0.136428 ; 0.00302151 ; -0.0135529 ; 101.12;
9 ; 21 ; 13 ; 0.159695 ; -0.0131836 ; 0.00609574 ; 100.722;
10 ; 21 ; 13 ; 0.151578 ; 0.00371958 ; 0.00363728 ; 101.082;
11 ; 21 ; 13 ; 0.161247 ; 0.0076201 ; -0.00699124 ; 102.026;
12 ; 21 ; 13 ; 0.144029 ; 0.00481718 ; 0.00759399 ; 100.812;
13 ; 21 ; 13 ; 0.143258 ; -0.0122924 ; -0.00912631 ; 101.391;
14 ; 21 ; 13 ; 0.142198 ; 0.00561883 ; 0.0100241 ; 101.966;
15 ; 21 ; 13 ; 0.165051 ; -0.00275413 ; -0.000707344 ; 102.04;
16 ; 21 ; 13 ; 0.155935 ; -0.00893829 ; 0.0194458 ; 101.163;
17 ; 21 ; 13 ; 0.144341 ; 0.000300775 ; -0.00527868 ; 101.872;
18 ; 21 ; 13 ; 0.153825 ; -0.0099807 ; -0.00340897 ; 101.29;
19 ; 21 ; 13 ; 0.14742 ; -0.0106053 ; -0.00970398 ; 101.517;
20 ; 21 ; 13 ; 0.153098 ; 0.0068309 ; -0.00105498 ; 100.981;
21 ; 21 ; 13 ; 0.139054 ; -0.0146874 ; 0.00223143 ; 101.607;
4 ; 4 ; 14 ; 0.0975591 ; 0.000310177 ; -0.00695271 ; 101.269;
5 ; 4 ; 14 ; 0.102425 ; 0.00667533 ; -0.0050087 ; 101.895;
6 ; 4 ; 14 ; 0.107283 ; 0.00167675 ; -0.00477772 ; 101.238;
7 ; 4 ; 14 ; 0.103241 ; 0.00530438 ; -0.00453996 ; 101.235;
8 ; 4 ; 14 ; 0.104438 ; 0.00542364 ; -0.0173141 ; 101.84;
9 ; 4 ; 14 ; 0.10717 ; -0.00269272 ; -0.000173229 ; 101.332;
10 ; 4 ; 14 ; 0.104569 ; -0.00903093 ; -0.0129544 ; 102.004;
11 ; 4 ; 14 ; 0.11932 ; 0.00172293 ; 0.00198798 ; 101.556;
12 ; 4 ; 14 ; 0.117035 ; -0.00201696 ; -0.0066039 ; 102.002;
13 ; 4 ; 14 ; 0.119035 ; 0.00653505 ; 0.0202612 ; 101.593;
14 ; 4 ; 14 ; 0.109694 ; 0.00810105 ; -0.00583515 ; 101.867;
15 ; 4 ; 14 ; 0.117086 ; 0.003683 ; -0.00769734 ; 101.646;
16 ; 4 ; 14 ; 0.116909 ; -0.00372639 ; 0.00558601 ; 100.982;
17 ; 4 ; 14 ; 0.116598 ; 0.00188305 ; -0.013435 ; 102.446;
18 ; 4 ; 14 ; 0.0931441 ; -0.0114749 ; -0.00387592 ; 101.075;
19 ; 4 ; 14 ; 0.1199 ; 0.0113544 ; -0.00499833 ; 101.703;
20 ; 4 ; 14 ; 0.0994465 ; 0.00646564 ; 0.00619554 ; 101.582;
21 ; 4 ; 14 ; 0.120367 ; 0.00464072 ; 0.0139395 ; 101.446;
4 ; 5 ; 14 ; 0.113638 ; -0.0060754 ; 0.010165 ; 101.914;
5 ; 5 ; 14 ; 0.10454 ; 0.0136726 ; 0.00594851 ; 101.258;
6 ; 5 ; 14 ; 0.0991758 ; -0.00491476 ; 0.0197787 ; 101.714;
7 ; 5 ; 14 ; 0.114102 ; 0.00721398 ; -0.0115753 ; 101.422;
8 ; 5 ; 14 ; 0.118881 ; -0.0229929 ; 0.00502284 ; 101.496;
9 ; 5 ; 14 ; 0.12261 ; -0.0046219 ; 0.00252513 ; 101.334;
10 ; 5 ; 14 ; 0.120767 ; 0.00870797 ; 0.00780479 ; 101.457;
11 ; 5 ; 14 ; 0.114442 ; -0.00905999 ; -0.0119859 ; 101.688;
12 ; 5 ; 14 ; 0.118498 ; 0.0108109 ; 0.00408995 ; 101.464;
13 ; 5 ; 14 ; 0.114442 ; 0.00473788 ; 0.00947903 ; 101.853;
14 ; 5 ; 14 ; 0.102584 ; -0.0147344 ; -0.00947215 ; 101.283;
15 ; 5 ; 14 ; 0.0965088 ; 0.00687627 ; -0.00823835 ; 101.743;
16 ; 5 ; 14 ; 0.0921825 ; 0.00127938 ; 0.0108969 ; 101.73;
17 ; 5 ; 14 ; 0.0977282 ; -0.00488565 ; 0.0007934 ; 101.174;
18 ; 5 ; 14 ; 0.104453 ; -0.00419347 ; -0.00470899 ; 101.973;
19 ; 5 ; 14 ; 0.114497 ; -0.00119477 ; 0.0136724 ; 101.624;
20 ; 5 ; 14 ; 0.102174 ; 0.00360053 ; -0.0129684 ; 101.714;
21 ; 5 ; 14 ; 0.0989935 ; 0.0134753 ; -0.0184752 ; 101.232;
4 ; 6 ; 14 ; 0.116232 ; 0.0133103 ; -0.00567291 ; 101.563;
5 ; 6 ; 14 ; 0.117854 ; 0.0108764 ; 0.00654671 ; 100.915;
6 ; 6 ; 14 ; 0.111842 ; 0.00608441 ; 0.0109282 ; 101.644;
7 ; 6 ; 14 ; 0.108402 ; -0.00639815 ; -0.00138112 ; 101.53;
8 ; 6 ; 14 ; 0.142169 ; -0.00818625 ; 0.0134226 ; 101.43;
9 ; 6 ; 14 ; 0.109787 ; -0.00836483 ; 0.0112986 ; 101.268;
10 ; 6 ; 14 ; 0.107107 ; -0.0135788 ; 0.0191616 ; 101.616;
11 ; 6 ; 14 ; 0.127842 ; 0.00344695 ; -0.00998813 ; 101.452;
12 ; 6 ; 14 ; 0.128906 ; -0.0175848 ; -0.00902265 ; 101.837;
13 ; 6 ; 14 ; 0.106725 ; 0.0156243 ; -0.00628166 ; 101.847;
14 ; 6 ; 14 ; 0.112609 ; -0.0155105 ; 0.00253038 ; 101.235;
15 ; 6 ; 14 ; 0.121218 ; 0.00468128 ; 0.00932407 ; 101.683;
16 ; 6 ; 14 ; 0.0965843 ; -0.00125325 ; 0.0214646 ; 101.34;
17 ; 6 ; 14 ; 0.102182 ; -0.00374831 ; -0.0192865 ; 102.102;
18 ; 6 ; 14 ; 0.120791 ; 0.00923952 ; 0.0024139 ; 101.44;
19 ; 6 ; 14 ; 0.09639 ; 0.00822475 ; 0.00499206 ; 100.929;
20 ; 6 ; 14 ; 0.123327 ; 0.0138733 ; -0.00324461 ; 101.568;
21 ; 6 ; 14 ; 0.103363 ; 0.00736269 ; 0.0143281 ; 100.843;
4 ; 7 ; 14 ; 0.0940618 ; 0.00659871 ; -0.000767071 ; 101.538;
5 ; 7 ; 14 ; 0.113954 ; 0.00604034 ; 0.000857657 ; 101.005;
6 ; 7 ; 14 ; 0.100366 ; 0.00934702 ; 0.00535899 ; 101.345;
7 ; 7 ; 14 ; 0.121245 ; -0.00250626 ; 0.00612946 ; 102.172;
8 ; 7 ; 14 ; 0.113053 ; -0.00869403 ; 0.0271869 ; 101.955;
9 ; 7 ; 14 ; 0.120937 ; 0.0122539 ; -0.00246398 ; 100.775;
10 ; 7 ; 14 ; 0.10768 ; -0.00986449 ; -0.012356 ; 101.256;
11 ; 7 ; 14 ; 0.118304 ; -0.00888962 ; 0.0104939 ; 101.696;
12 ; 7 ; 14 ; 0.126207 ; -0.0162397 ; -0.0104962 ; 101.421;
13 ; 7 ; 14 ; 0.111081 ; 0.0063084 ; -0.00324405 ; 101.387;
14 ; 7 ; 14 ; 0.106258 ; -0.0245068 ; 0.0074853 ; 101.548;
15 ; 7 ; 14 ; 0.119343 ; 0.00985457 ; -0.0131359 ; 101.264;
16 ; 7 ; 14 ; 0.102761 ; 0.0103708 ; 0.0155746 ; 101.482;
17 ; 7 ; 14 ; 0.108536 ; 0.00043787 ; -0.00566822 ; 101.357;
18 ; 7 ; 14 ; 0.12243 ; 0.00056062 ; -0.00518487 ; 101.251;
19 ; 7 ; 14 ; 0.114937 ; 0.0125704 ; 0.010907 ; 101.032;
20 ; 7 ; 14 ; 0.116745 ; -0.0170207 ; -0.00046886 ; 101.645;
21 ; 7 ; 14 ; 0.111842 ; 0.00320879 ; 0.0113065 ; 101.783;
4 ; 8 ; 14 ; 0.111473 ; 0.00486878 ; 0.000793394 ; 101.134;
5 ; 8 ; 14 ; 0.111758 ; 0.013333 ; -0.00521854 ; 101.323;
6 ; 8 ; 14 ; 0.10226 ; -0.011264 ; -0.0042295 ; 100.965;
7 ; 8 ; 14 ; 0.0955699 ; -0.00271246 ; -0.0123703 ; 101.474;
8 ; 8 ; 14 ; 0.0959458 ; 0.00736138 ; 0.000221156 ; 101.053;
9 ; 8 ; 14 ; 0.0939419 ; 0.00404056 ; -0.00600366 ; 101.724;
10 ; 8 ; 14 ; 0.104613 ; -0.00286592 ; 0.0132275 ; 101.485;
11 ; 8 ; 14 ; 0.115835 ; 0.00295349 ; 0.00261147 ; 101.202;
12 ; 8 ; 14 ; 0.11835 ; 0.00469193 ; 0.00805317 ; 101.649;
13 ; 8 ; 14 ; 0.088974 ; -0.000362151 ; 0.00161338 ; 101.346;
14 ; 8 ; 14 ; 0.115755 ; 0.000928347 ; -0.0139272 ; 101.508;
15 ; 8 ; 14 ; 0.113789 ; -0.00463025 ; 0.00716156 ; 101.828;
16 ; 8 ; 14 ; 0.105517 ; -0.0107661 ; -0.00873572 ; 100.661;
17 ; 8 ; 14 ; 0.122869 ; 0.0007942 ; -0.0109912 ; 101.247;
18 ; 8 ; 14 ; 0.117264 ; -0.0165613 ; -0.00405628 ; 101.187;
19 ; 8 ; 14 ; 0.10261 ; -0.0193874 ; -0.0160587 ; 101.755;
20 ; 8 ; 14 ; 0.104655 ; -0.00749687 ; -0.019213 ; 101.461;
21 ; 8 ; 14 ; 0.119741 ; 0.00808453 ; -0.00625392 ; 101.412;
4 ; 9 ; 14 ; 0.127563 ; -0.00798436 ; -0.00899214 ; 101.107;
5 ; 9 ; 14 ; 0.108128 ; -0.00617013 ; 0.0175757 ; 102.032;
6 ; 9 ; 14 ; 0.110416 ; -0.0109387 ; 0.00592686 ; 101.561;
7 ; 9 ; 14 ; 0.112375 ; 0.00147076 ; 0.00200929 ; 101.488;
8 ; 9 ; 14 ; 0.0994405 ; 0.00124433 ; -0.0033945 ; 101.248;
9 ; 9 ; 14 ; 0.108044 ; -0.00749773 ; 0.00226725 ; 101.785;
10 ; 9 ; 14 ; 0.131633 ; -0.0137887 ; 0.0052913 ; 102.106;
11 ; 9 ; 14 ; 0.112779 ; 0.00481764 ; 0.00113016 ; 100.438;
12 ; 9 ; 14 ; 0.0982629 ; 2.85504e-05 ; 0.0115271 ; 101.265;
13 ; 9 ; 14 ; 0.102495 ; 0.00246961 ; 0.0110752 ; 101.443;
14 ; 9 ; 14 ; 0.112934 ; 0.0164859 ; 0.00259803 ; 101.972;
15 ; 9 ; 14 ; 0.124108 ; 0.0300822 ; 0.00724061 ; 101.31;
16 ; 9 ; 14 ; 0.121317 ; 0.0154809 ; 0.0154258 ; 101.461;
17 ; 9 ; 14 ; 0.109576 ; -0.00530608 ; -0.0235765 ; 101.548;
18 ; 9 ; 14 ; 0.112935 ; 0.00084883 ; -0.0128641 ; 101.668;
19 ; 9 ; 14 ; 0.111405 ; 0.00510014 ; -0.000915306 ; 101.404;
20 ; 9 ; 14 ; 0.119369 ; -0.00173778 ; 0.00517484 ; 101.77;
21 ; 9 ; 14 ; 0.12506 ; 0.0177591 ; -0.0254697 ; 101.375;
4 ; 10 ; 14 ; 0.117312 ; 0.00656104 ; -0.00423111 ; 101.33;
5 ; 10 ; 14 ; 0.107724 ; 0.0176093 ; -0.00133288 ; 100.856;
6 ; 10 ; 14 ; 0.121507 ; -0.0051312 ; -0.00414085 ; 100.627;
7 ; 10 ; 14 ; 0.1276 ; 0.00827816 ; 0.00292369 ; 101.997;
8 ; 10 ; 14 ; 0.108095 ; -0.00892133 ; -0.018133 ; 101.261;
9 ; 10 ; 14 ; 0.118533 ; 0.00472748 ; 0.02335 ; 101.385;
10 ; 10 ; 14 ; 0.10644 ; -0.00109897 ; 0.00203986 ; 101.344;
11 ; 10 ; 14 ; 0.0895396 ; -0.00180748 ; 0.0196606 ; 101.723;
12 ; 10 ; 14 ; 0.122175 ; -0.00765739 ; -0.00255992 ; 101.381;
13 ; 10 ; 14 ; 0.112414 ; 0.00242948 ; 0.00253687 ; 101.375;
14 ; 10 ; 14 ; 0.114345 ; 0.001076 ; -0.0060956 ; 101.286;
15 ; 10 ; 14 ; 0.116643 ; 0.00506999 ; -0.00544643 ; 101.568;
16 ; 10 ; 14 ; 0.119485 ; -0.00381849 ; 0.00852585 ; 101.258;
17 ; 10 ; 14 ; 0.112259 ; -0.000590575 ; -0.00360755 ; 101.064;
18 ; 10 ; 14 ; 0.112572 ; 0.005429 ; -0.00901465 ; 101.486;
19 ; 10 ; 14 ; 0.105777 ; 0.00303522 ; -0.015252 ; 101.677;
20 ; 10 ; 14 ; 0.109456 ; -0.00427578 ; -0.0161069 ; 102.074;
21 ; 10 ; 14 ; 0.106391 ; -0.000144497 ; 0.00611817 ; 101.596;
4 ; 11 ; 14 ; 0.115331 ; 0.00823179 ; 0.0139911 ; 101.27;
5 ; 11 ; 14 ; 0.106165 ; 0.00619742 ; -0.00904754 ; 101.52;
6 ; 11 ; 14 ; 0.102819 ; -0.0105011 ; 0.00418104 ; 101.179;
7 ; 11 ; 14 ; 0.0956775 ; -0.0117641 ; -0.00577071 ; 101.295;
8 ; 11 ; 14 ; 0.0974881 ; -0.00917498 ; -0.0130624 ; 101.564;
9 ; 11 ; 14 ; 0.111431 ; 0.0027658 ; -0.00197991 ; 100.974;
10 ; 11 ; 14 ; 0.122025 ; 0.0074346 ; -0.00261153 ; 101.939;
11 ; 11 ; 14 ; 0.108593 ; -0.00247214 ; -0.00567731 ; 101.287;
12 ; 11 ; 14 ; 0.120895 ; -0.00795001 ; -0.018379 ; 101.185;
13 ; 11 ; 14 ; 0.117686 ; 0.00871752 ; -0.00767857 ; 101.409;
14 ; 11 ; 14 ; 0.0923485 ; -0.0138419 ; -0.00664009 ; 101.91;
15 ; 11 ; 14 ; 0.0990106 ; 0.00192315 ; 0.00960889 ; 101.47;
16 ; 11 ; 14 ; 0.102517 ; -0.00231524 ; 0.0081908 ; 102.674;
17 ; 11 ; 14 ; 0.0978318 ; -0.023066 ; 0.0165003 ; 102.345;
18 ; 11 ; 14 ; 0.137819 ; 0.00307814 ; -0.00223752 ; 101.852;
19 ; 11 ; 14 ; 0.101951 ; -0.00264577 ; -0.0143719 ; 100.978;
20 ; 11 ; 14 ; 0.103499 ; -0.00153196 ; -0.0311346 ; 101.983;
21 ; 11 ; 14 ; 0.122784 ; -0.00648959 ; -0.0157843 ; 101.492;
4 ; 12 ; 14 ; 0.101959 ; 0.0115203 ; 0.00816564 ; 101.075;
5 ; 12 ; 14 ; 0.119169 ; 0.0196047 ; -0.0102249 ; 101.156;
6 ; 12 ; 14 ; 0.102149 ; 0.00763673 ; 0.00611256 ; 100.467;
7 ; 12 ; 14 ; 0.10131 ; -0.0111917 ; 0.0034002 ; 101.469;
8 ; 12 ; 14 ; 0.118072 ; -0.0183953 ; 0.00522145 ; 101.019;
9 ; 12 ; 14 ; 0.133188 ; -0.00854766 ; 0.00249706 ; 101.78;
10 ; 12 ; 14 ; 0.123882 ; 0.00476846 ; 0.00679598 ; 101.732;
11 ; 12 ; 14 ; 0.101824 ; 0.00444417 ; -0.0168894 ; 102.077;
12 ; 12 ; 14 ; 0.100304 ; -0.00372023 ; 0.0015598 ; 101.686;
13 ; 12 ; 14 ; 0.111005 ; 0.00824673 ; 0.000236374 ; 101.459;
14 ; 12 ; 14 ; 0.109224 ; 0.021691 ; -0.00675756 ; 101.246;
15 ; 12 ; 14 ; 0.12088 ; -0.00450394 ; 0.000800265 ; 101.679;
16 ; 12 ; 14 ; 0.114815 ; -0.00651104 ; 0.00395496 ; 102.09;
17 ; 12 ; 14 ; 0.116422 ; 0.0141016 ; 0.00570737 ; 101.819;
18 ; 12 ; 14 ; 0.106155 ; -0.00823007 ; 0.0105997 ; 101.612;
19 ; 12 ; 14 ; 0.0948061 ; -0.0176706 ; -0.010822 ; 102.687;
20 ; 12 ; 14 ; 0.116184 ; 0.0104142 ; -0.00694716 ; 101.172;
21 ; 12 ; 14 ; 0.112372 ; -0.0182074 ; 0.011418 ; 101.299;
4 ; 13 ; 14 ; 0.118282 ; 0.00245187 ; 0.00267836 ; 101.553;
5 ; 13 ; 14 ; 0.109559 ; -0.00819577 ; -0.000921822 ; 101.52;
6 ; 13 ; 14 ; 0.10247 ; -0.00328713 ; 0.0250732 ; 101.389;
7 ; 13 ; 14 ; 0.0962356 ; 0.00403486 ; -0.0103873 ; 101.785;
8 ; 13 ; 14 ; 0.116721 ; -0.0076361 ; -0.00735947 ; 100.892;
9 ; 13 ; 14 ; 0.102612 ; 0.00728401 ; 0.00976064 ; 100.884;
10 ; 13 ; 14 ; 0.118564 ; -0.00135469 ; 0.00848675 ; 101.28;
11 ; 13 ; 14 ; 0.126211 ; 0.000395595 ; -0.00388111 ; 101.657;
12 ; 13 ; 14 ; 0.11893 ; -0.00565186 ; -0.0091935 ; 102.192;
13 ; 13 ; 14 ; 0.118183 ; 0.0119975 ; 0.000776081 ; 101.763;
14 ; 13 ; 14 ; 0.109332 ; -0.0034537 ; 0.00940854 ; 101.744;
15 ; 13 ; 14 ; 0.114886 ; 0.00271358 ; 0.00565468 ; 100.679;
16 ; 13 ; 14 ; 0.112506 ; 0.00455121 ; -0.00609529 ; 101.45;
17 ; 13 ; 14 ; 0.114047 ; 0.00343882 ; 0.00200554 ; 101.307;
18 ; 13 ; 14 ; 0.120643 ; 0.0108157 ; -0.0140196 ; 101.416;
19 ; 13 ; 14 ; 0.12661 ; 0.00202289 ; -0.00428934 ; 101.567;
20 ; 13 ; 14 ; 0.113969 ; 0.00861311 ; -0.0161566 ; 100.739;
21 ; 13 ; 14 ; 0.118437 ; -0.00752563 ; -0.0102994 ; 101.759;
4 ; 14 ; 14 ; 0.121876 ; 0.00734296 ; 0.000758642 ; 101.491;
5 ; 14 ; 14 ; 0.099803 ; 0.00326792 ; 0.0144494 ; 101.523;
6 ; 14 ; 14 ; 0.120356 ; -0.0188138 ; -0.00483074 ; 101.546;
7 ; 14 ; 14 ; 0.117309 ; -0.00235008 ; 0.01516 ; 101.664;
8 ; 14 ; 14 ; 0.106776 ; -0.00412617 ; -0.011444 ; 101.784;
9 ; 14 ; 14 ; 0.103507 ; -0.00940033 ; -0.010018 ; 101.503;
10 ; 14 ; 14 ; 0.104326 ; 0.00980626 ; 0.0184745 ; 101.504;
11 ; 14 ; 14 ; 0.115432 ; -0.0101767 ; 0.00479688 ; 101.69;
12 ; 14 ; 14 ; 0.122263 ; -0.016374 ; 0.0150558 ; 101.81;
13 ; 14 ; 14 ; 0.108268 ; 0.0198476 ; 0.00887564 ; 101.576;
14 ; 14 ; 14 ; 0.104639 ; -0.0030374 ; -0.0040341 ; 101.531;
15 ; 14 ; 14 ; 0.11574 ; -0.00192449 ; -0.00903082 ; 101.43;
16 ; 14 ; 14 ; 0.110919 ; 0.00785918 ; 0.00858496 ; 100.944;
17 ; 14 ; 14 ; 0.111415 ; -0.0009333 ; 0.00185738 ; 102.062;
18 ; 14 ; 14 ; 0.104019 ; -0.0172556 ; -0.0151255 ; 101.525;
19 ; 14 ; 14 ; 0.121582 ; 0.00399959 ; -0.00774536 ; 101.184;
20 ; 14 ; 14 ; 0.120627 ; 0.0101144 ; -0.00722049 ; 101.22;
21 ; 14 ; 14 ; 0.119484 ; 0.00899093 ; -0.0114375 ; 101.819;
4 ; 15 ; 14 ; 0.107147 ; -0.0130641 ; -0.00609437 ; 101.813;
5 ; 15 ; 14 ; 0.0987708 ; 0.00809272 ; -0.00935934 ; 101.026;
6 ; 15 ; 14 ; 0.0995206 ; -0.00913475 ; -0.0043801 ; 101.708;
7 ; 15 ; 14 ; 0.11332 ; 0.00819474 ; -0.00386959 ; 101.235;
8 ; 15 ; 14 ; 0.0769597 ; -0.0079062 ; 0.00864197 ; 101.648;
9 ; 15 ; 14 ; 0.105804 ; -0.000291648 ; -0.0109049 ; 101.769;
10 ; 15 ; 14 ; 0.110079 ; -0.00408079 ; 0.00420862 ; 100.577;
11 ; 15 ; 14 ; 0.117699 ; 0.00816596 ; 0.0166131 ; 101.693;
12 ; 15 ; 14 ; 0.115423 ; 0.0142015 ; 0.00997055 ; 101.633;
13 ; 15 ; 14 ; 0.120363 ; 0.0105271 ; 0.00535389 ; 102.132;
14 ; 15 ; 14 ; 0.123255 ; -0.00759088 ; -0.00144477 ; 102.075;
15 ; 15 ; 14 ; 0.108464 ; -0.000119793 ; -0.00591486 ; 102.465;
16 ; 15 ; 14 ; 0.097896 ; 0.00256387 ; 0.00587716 ; 101.293;
17 ; 15 ; 14 ; 0.111961 ; 0.0158728 ; -0.0155609 ; 101.525;
18 ; 15 ; 14 ; 0.105895 ; 0.00335026 ; -0.00969104 ; 101.495;
19 ; 15 ; 14 ; 0.108546 ; 0.00701795 ; -0.0223923 ; 101.165;
20 ; 15 ; 14 ; 0.119067 ; 0.00448867 ; -0.029658 ; 100.762;
21 ; 15 ; 14 ; 0.0991984 ; 3.20487e-05 ; -0.00635383 ; 101.81;
4 ; 16 ; 14 ; 0.102713 ; -0.0246455 ; 0.0053719 ; 101.539;
5 ; 16 ; 14 ; 0.110621 ; 0.00263545 ; -0.00832359 ; 100.964;
6 ; 16 ; 14 ; 0.09353 ; -0.00885576 ; -0.00205768 ; 101.822;
7 ; 16 ; 14 ; 0.118101 ; -0.00824728 ; 0.0182363 ; 102.311;
8 ; 16 ; 14 ; 0.103294 ; 0.00570124 ; -0.017397 ; 101.912;
9 ; 16 ; 14 ; 0.1237 ; -0.0129013 ; 0.00374488 ; 101.575;
10 ; 16 ; 14 ; 0.0960049 ; 0.0067897 ; 0.0205511 ; 100.98;
11 ; 16 ; 14 ; 0.117515 ; 0.0164561 ; 0.00487049 ; 101.36;
12 ; 16 ; 14 ; 0.103013 ; -0.000705428 ; 1.29139e-05 ; 101.549;
13 ; 16 ; 14 ; 0.113051 ; -0.00706512 ; -0.00415334 ; 101.91;
14 ; 16 ; 14 ; 0.114595 ; -0.0166694 ; -0.00421317 ; 101.711;
15 ; 16 ; 14 ; 0.123796 ; 0.0102017 ; 0.00438044 ; 101.292;
16 ; 16 ; 14 ; 0.114663 ; 0.0144776 ; -0.00970357 ; 101.946;
17 ; 16 ; 14 ; 0.105191 ; 0.0126285 ; -0.00449627 ; 101.342;
18 ; 16 ; 14 ; 0.119872 ; -0.00323152 ; 0.0050574 ; 101.79;
19 ; 16 ; 14 ; 0.0968772 ; 0.00168821 ; -0.00450708 ; 101.796;
20 ; 16 ; 14 ; 0.115563 ; -0.0150516 ; 0.00811824 ; 101.22;
21 ; 16 ; 14 ; 0.11706 ; 0.00781338 ; 0.0067084 ; 101.487;
4 ; 17 ; 14 ; 0.104471 ; -0.0264395 ; -0.00409063 ; 101.659;
5 ; 17 ; 14 ; 0.104865 ; 0.00256058 ; -0.000563597 ; 101.797;
6 ; 17 ; 14 ; 0.107993 ; 0.0120517 ; 0.00829663 ; 101.737;
7 ; 17 ; 14 ; 0.0993295 ; 0.00952662 ; -0.0110436 ; 101.433;
8 ; 17 ; 14 ; 0.105042 ; 0.0200737 ; -0.00312299 ; 101.023;
9 ; 17 ; 14 ; 0.113768 ; 0.0180951 ; 0.00770638 ; 101.384;
10 ; 17 ; 14 ; 0.106124 ; 0.00528006 ; -0.00629048 ; 101.942;
11 ; 17 ; 14 ; 0.118913 ; -0.0029153 ; 0.00956706 ; 101.685;
12 ; 17 ; 14 ; 0.12086 ; -0.00320408 ; -0.00157461 ; 102.252;
13 ; 17 ; 14 ; 0.114553 ; 7.90349e-05 ; 0.00747681 ; 100.938;
14 ; 17 ; 14 ; 0.110723 ; -0.00305189 ; -0.000357591 ; 101.911;
15 ; 17 ; 14 ; 0.115052 ; -0.00545727 ; 0.00327852 ; 101.555;
16 ; 17 ; 14 ; 0.112209 ; -0.0166587 ; 0.000529082 ; 100.819;
17 ; 17 ; 14 ; 0.111939 ; 0.0161763 ; -0.00936103 ; 101.901;
18 ; 17 ; 14 ; 0.100924 ; 0.0139313 ; -0.03259 ; 101.693;
19 ; 17 ; 14 ; 0.116975 ; 0.012093 ; 0.0015739 ; 101.843;
20 ; 17 ; 14 ; 0.113126 ; -0.00016033 ; 0.00484869 ; 101.303;
21 ; 17 ; 14 ; 0.107357 ; 0.00675685 ; -0.00607532 ; 101.662;
4 ; 18 ; 14 ; 0.122388 ; 0.00850702 ; -0.0021269 ; 101.872;
5 ; 18 ; 14 ; 0.100305 ; -0.00105407 ; 0.0200536 ; 101.432;
6 ; 18 ; 14 ; 0.0965772 ; 0.00418259 ; -0.0197492 ; 101.497;
7 ; 18 ; 14 ; 0.111852 ; 0.0162363 ; -0.0132631 ; 101.398;
8 ; 18 ; 14 ; 0.122574 ; 0.00585424 ; -0.00201649 ; 101.275;
9 ; 18 ; 14 ; 0.103294 ; -0.0120496 ; 0.00197722 ; 101.231;
10 ; 18 ; 14 ; 0.0902634 ; -0.00745679 ; 0.00743783 ; 102.104;
11 ; 18 ; 14 ; 0.0859422 ; 0.0129244 ; -0.000912112 ; 101.635;
12 ; 18 ; 14 ; 0.104777 ; 0.00405322 ; -0.000561607 ; 102.098;
13 ; 18 ; 14 ; 0.105551 ; -0.0020627 ; 0.00917036 ; 101.17;
14 ; 18 ; 14 ; 0.124982 ; 0.00992319 ; 0.00199484 ; 101.637;
15 ; 18 ; 14 ; 0.0903476 ; -0.00836363 ; -0.00952621 ; 101.528;
16 ; 18 ; 14 ; 0.133579 ; -0.00846582 ; 0.00630844 ; 101.726;
17 ; 18 ; 14 ; 0.124002 ; -0.00463993 ; 0.00285437 ; 102.028;
18 ; 18 ; 14 ; 0.107436 ; 0.010147 ; -0.0171591 ; 101.396;
19 ; 18 ; 14 ; 0.100822 ; -0.0111037 ; 0.017203 ; 101.44;
20 ; 18 ; 14 ; 0.119523 ; -0.0132298 ; 0.00593727 ; 101.311;
21 ; 18 ; 14 ; 0.108593 ; 0.0111727 ; -0.0102395 ; 101.006;
4 ; 19 ; 14 ; 0.126127 ; -0.00325303 ; -0.00011214 ; 101.528;
5 ; 19 ; 14 ; 0.0967074 ; -0.0158308 ; 0.0120942 ; 101.429;
6 ; 19 ; 14 ; 0.0988216 ; -0.00455373 ; -0.0101621 ; 101.111;
7 ; 19 ; 14 ; 0.100509 ; -0.0116594 ; 0.0197768 ; 101.122;
8 ; 19 ; 14 ; 0.118306 ; -0.00272728 ; -0.00341013 ; 101.692;
9 ; 19 ; 14 ; 0.121657 ; 0.000201787 ; -0.00836167 ; 101.58;
10 ; 19 ; 14 ; 0.123437 ; -0.00295535 ; 0.00946381 ; 101.359;
11 ; 19 ; 14 ; 0.0892776 ; 0.00541883 ; -0.00422716 ; 101.265;
12 ; 19 ; 14 ; 0.125258 ; 0.0140106 ; -0.0036013 ; 101.979;
13 ; 19 ; 14 ; 0.1124 ; 0.00327234 ; -0.000410767 ; 101.594;
14 ; 19 ; 14 ; 0.108438 ; -0.00572414 ; 0.00941949 ; 101.561;
15 ; 19 ; 14 ; 0.105293 ; 0.00828951 ; -0.0158465 ; 100.92;
16 ; 19 ; 14 ; 0.122686 ; 0.00779064 ; 0.00512191 ; 101.642;
17 ; 19 ; 14 ; 0.123359 ; 0.00569631 ; -0.0141339 ; 101.098;
18 ; 19 ; 14 ; 0.124142 ; 0.00246621 ; -0.0249519 ; 101.307;
19 ; 19 ; 14 ; 0.0996196 ; -0.00609638 ; -0.0113184 ; 101.388;
20 ; 19 ; 14 ; 0.0943701 ; -0.00502893 ; -0.000542916 ; 102.165;
21 ; 19 ; 14 ; 0.116762 ; 0.00549764 ; 0.0075609 ; 101.01;
4 ; 20 ; 14 ; 0.100727 ; 0.0122881 ; 0.0049857 ; 100.805;
5 ; 20 ; 14 ; 0.101068 ; 0.00286195 ; 0.00021014 ; 101.741;
6 ; 20 ; 14 ; 0.107836 ; -0.00147126 ; 0.0108634 ; 101.859;
7 ; 20 ; 14 ; 0.101603 ; -0.00551708 ; -0.00682508 ; 101.858;
8 ; 20 ; 14 ; 0.115176 ; 0.0110802 ; 0.00770053 ; 101.447;
9 ; 20 ; 14 ; 0.1181 ; 0.0192518 ; 0.0166131 ; 101.094;
10 ; 20 ; 14 ; 0.0989182 ; -0.00630002 ; 0.0109328 ; 101.461;
11 ; 20 ; 14 ; 0.0939992 ; 0.0156394 ; -0.00692272 ; 102.672;
12 ; 20 ; 14 ; 0.111308 ; -0.00172864 ; -0.0189252 ; 101.699;
13 ; 20 ; 14 ; 0.109612 ; 0.00124319 ; -0.00034621 ; 101.551;
14 ; 20 ; 14 ; 0.12001 ; 0.00779718 ; 0.000265255 ; 101.664;
15 ; 20 ; 14 ; 0.125529 ; 0.00779313 ; 0.00207688 ; 101.914;
16 ; 20 ; 14 ; 0.109475 ; 0.000840284 ; 0.0128673 ; 101.149;
17 ; 20 ; 14 ; 0.113995 ; -0.0147506 ; 0.0112527 ; 101.679;
18 ; 20 ; 14 ; 0.11194 ; -0.0113003 ; 5.31744e-05 ; 101.327;
19 ; 20 ; 14 ; 0.113727 ; -0.00670848 ; -0.00672858 ; 101.725;
20 ; 20 ; 14 ; 0.0982403 ; -0.0036902 ; -0.0135255 ; 101.23;
21 ; 20 ; 14 ; 0.122134 ; 0.00773409 ; 0.0021234 ; 101.261;
4 ; 21 ; 14 ; 0.113475 ; 0.0241927 ; 0.0187883 ; 101.536;
5 ; 21 ; 14 ; 0.104298 ; 0.00458161 ; 0.0134432 ; 101.424;
6 ; 21 ; 14 ; 0.107338 ; 0.0206016 ; 0.00534481 ; 101.864;
7 ; 21 ; 14 ; 0.106538 ; -0.00681787 ; -0.00347196 ; 100.969;
8 ; 21 ; 14 ; 0.123073 ; -0.00164581 ; 0.00846016 ; 101.498;
9 ; 21 ; 14 ; 0.132478 ; 0.00349545 ; 0.00738122 ; 102.015;
10 ; 21 ; 14 ; 0.106939 ; 0.0092154 ; -0.00490766 ; 102.064;
11 ; 21 ; 14 ; 0.117566 ; 0.00953243 ; 0.00612118 ; 100.66;
12 ; 21 ; 14 ; 0.116458 ; -0.0102574 ; 0.020629 ; 101.096;
13 ; 21 ; 14 ; 0.117238 ; 0.000501068 ; -0.0181207 ; 101.096;
14 ; 21 ; 14 ; 0.120317 ; 0.00483447 ; 0.00803558 ; 101.706;
15 ; 21 ; 14 ; 0.117529 ; 0.00804626 ; 0.00300097 ; 100.96;
16 ; 21 ; 14 ; 0.110459 ; -0.00492468 ; -0.0077874 ; 101.904;
17 ; 21 ; 14 ; 0.107857 ; 0.0076368 ; -0.00308719 ; 102.315;
18 ; 21 ; 14 ; 0.11249 ; -0.0157777 ; -0.00738543 ; 101.56;
19 ; 21 ; 14 ; 0.0868845 ; -0.00422865 ; -0.00244229 ; 101.215;
20 ; 21 ; 14 ; 0.126078 ; 0.00193588 ; -0.00688283 ; 101.262;
21 ; 21 ; 14 ; 0.121527 ; 0.0027328 ; -0.00220096 ; 101;
4 ; 4 ; 15 ; 0.106629 ; -0.00561046 ; -0.0188187 ; 101.252;
5 ; 4 ; 15 ; 0.0802533 ; -0.00483625 ; -0.012476 ; 101.877;
6 ; 4 ; 15 ; 0.0888294 ; -0.00565682 ; 0.00195774 ; 101.887;
7 ; 4 ; 15 ; 0.0847995 ; 0.00907227 ; -0.0103207 ; 101.753;
8 ; 4 ; 15 ; 0.0920463 ; -0.00746754 ; -0.0110485 ; 101.187;
9 ; 4 ; 15 ; 0.0892884 ; -0.00323523 ; 0.00391405 ; 101.581;
10 ; 4 ; 15 ; 0.0996641 ; 0.00595055 ; -0.00450425 ; 101.674;
11 ; 4 ; 15 ; 0.0879987 ; 0.0190031 ; 0.00517806 ; 101.41;
12 ; 4 ; 15 ; 0.0921974 ; 0.0225472 ; 0.00235343 ; 101.094;
13 ; 4 ; 15 ; 0.0926916 ; 0.00804917 ; 0.0145298 ; 101.309;
14 ; 4 ; 15 ; 0.0861337 ; 0.0128081 ; -0.0113724 ; 101.582;
15 ; 4 ; 15 ; 0.0855115 ; -0.0101286 ; -0.00328091 ; 101.889;
16 ; 4 ; 15 ; 0.0844335 ; 0.014239 ; 0.0107751 ; 101.497;
17 ; 4 ; 15 ; 0.0734888 ; -0.010341 ; -0.0125257 ; 101.23;
18 ; 4 ; 15 ; 0.08046 ; 0.00250001 ; -0.013082 ; 101.926;
19 ; 4 ; 15 ; 0.0801192 ; 0.00857016 ; -0.00560442 ; 101.763;
20 ; 4 ; 15 ; 0.108357 ; 0.016634 ; -0.00768936 ; 101.243;
21 ; 4 ; 15 ; 0.0932795 ; -0.0291435 ; 0.0104413 ; 101.484;
4 ; 5 ; 15 ; 0.108616 ; -0.00133082 ; -0.0103974 ; 101.509;
5 ; 5 ; 15 ; 0.0815082 ; -0.00132859 ; -0.00397932 ; 100.95;
6 ; 5 ; 15 ; 0.0860387 ; 0.00196663 ; -0.00649233 ; 101.979;
7 ; 5 ; 15 ; 0.110444 ; 0.00475441 ; -0.00922307 ; 101.717;
8 ; 5 ; 15 ; 0.0868162 ; -0.00740691 ; 0.00358626 ; 101.739;
9 ; 5 ; 15 ; 0.0784387 ; -0.00178557 ; -0.0063011 ; 101.212;
10 ; 5 ; 15 ; 0.0969295 ; -0.0202053 ; -0.0109592 ; 101.652;
11 ; 5 ; 15 ; 0.102319 ; -0.00539075 ; -0.000554233 ; 101.779;
12 ; 5 ; 15 ; 0.099887 ; -0.00410081 ; -0.00224225 ; 101.183;
13 ; 5 ; 15 ; 0.0792545 ; 0.00267372 ; -0.010142 ; 101.045;
14 ; 5 ; 15 ; 0.0768714 ; -0.00274767 ; 0.00570011 ; 101.919;
15 ; 5 ; 15 ; 0.07795 ; -0.0212334 ; 0.0240543 ; 102.149;
16 ; 5 ; 15 ; 0.0955903 ; 0.00157097 ; -0.0115923 ; 101.264;
17 ; 5 ; 15 ; 0.093171 ; -0.000362898 ; -0.0110365 ; 101.567;
18 ; 5 ; 15 ; 0.0818723 ; 0.00163631 ; 0.00483062 ; 101.462;
19 ; 5 ; 15 ; 0.0776166 ; -0.00261152 ; -0.00791766 ; 101.457;
20 ; 5 ; 15 ; 0.09008 ; 0.00626957 ; 0.00911679 ; 101.073;
21 ; 5 ; 15 ; 0.0930782 ; 0.00159337 ; -0.0156038 ; 102.05;
4 ; 6 ; 15 ; 0.0934189 ; -0.00560311 ; 0.00990957 ; 101.417;
5 ; 6 ; 15 ; 0.0802124 ; 0.00285178 ; 0.00223223 ; 101.685;
6 ; 6 ; 15 ; 0.0882081 ; 0.0130579 ; 0.0116569 ; 101.732;
7 ; 6 ; 15 ; 0.0985076 ; 0.0126459 ; -0.00735933 ; 101.64;
8 ; 6 ; 15 ; 0.0821708 ; 0.0132523 ; -0.010339 ; 102.222;
9 ; 6 ; 15 ; 0.0798529 ; -0.0061705 ; -0.00326449 ; 102.005;
10 ; 6 ; 15 ; 0.0913093 ; -0.0130329 ; 0.0114222 ; 101.989;
11 ; 6 ; 15 ; 0.081551 ; -0.0115868 ; 0.00455426 ; 101.336;
12 ; 6 ; 15 ; 0.0803996 ; 0.00327123 ; 0.0153562 ; 101.114;
13 ; 6 ; 15 ; 0.0698461 ; -0.00703102 ; -0.00319815 ; 101.873;
14 ; 6 ; 15 ; 0.0962315 ; 0.005953 ; 0.0231616 ; 101.642;
15 ; 6 ; 15 ; 0.0890779 ; -0.0196821 ; 0.00384691 ; 101.525;
16 ; 6 ; 15 ; 0.0737346 ; 0.00337362 ; -0.00768058 ; 101.776;
17 ; 6 ; 15 ; 0.0981453 ; -0.00157646 ; -0.030699 ; 101.28;
18 ; 6 ; 15 ; 0.0846089 ; -0.000139925 ; 0.00590088 ; 101.733;
19 ; 6 ; 15 ; 0.0853282 ; 0.00335612 ; 0.0007263 ; 101.778;
20 ; 6 ; 15 ; 0.0807392 ; 0.000473492 ; 0.00506087 ; 101.568;
21 ; 6 ; 15 ; 0.0694794 ; -0.00574812 ; 0.00308054 ; 100.934;
4 ; 7 ; 15 ; 0.0577823 ; -0.000173266 ; 0.0174899 ; 101.079;
5 ; 7 ; 15 ; 0.0658763 ; 0.0120905 ; -0.00848152 ; 101.383;
6 ; 7 ; 15 ; 0.0766598 ; -0.00873347 ; -0.0137933 ; 102.004;
7 ; 7 ; 15 ; 0.0828369 ; -0.0171852 ; 0.0123313 ; 101.222;
8 ; 7 ; 15 ; 0.089419 ; 0.00413454 ; 0.00707468 ; 101.161;
9 ; 7 ; 15 ; 0.0813829 ; -0.00691737 ; 0.00240098 ; 100.824;
10 ; 7 ; 15 ; 0.0852471 ; -0.0149793 ; -0.0154616 ; 101.841;
11 ; 7 ; 15 ; 0.0715832 ; 0.00637863 ; 0.00267809 ; 101.74;
12 ; 7 ; 15 ; 0.06402 ; -0.00930615 ; 0.0109891 ; 101.759;
13 ; 7 ; 15 ; 0.0870731 ; 0.00705465 ; 0.00687889 ; 101.601;
14 ; 7 ; 15 ; 0.0930228 ; -0.00605217 ; 0.0121972 ; 101.235;
15 ; 7 ; 15 ; 0.0785769 ; -0.000731093 ; 0.0159654 ; 101.834;
16 ; 7 ; 15 ; 0.0906063 ; 0.00716386 ; -0.00413018 ; 101.098;
17 ; 7 ; 15 ; 0.0908712 ; 0.0128318 ; -0.0141578 ; 101.311;
18 ; 7 ; 15 ; 0.0683544 ; -0.00550928 ; -0.00050915 ; 101.573;
19 ; 7 ; 15 ; 0.0932924 ; -0.00607367 ; -0.0178733 ; 102.028;
20 ; 7 ; 15 ; 0.105386 ; 0.0137411 ; -0.00893258 ; 101.192;
21 ; 7 ; 15 ; 0.0805534 ; -0.00924097 ; -0.000308496 ; 100.997;
4 ; 8 ; 15 ; 0.0921808 ; 0.0148236 ; -0.00493942 ; 101.366;
5 ; 8 ; 15 ; 0.115648 ; -0.00627171 ; -0.0113864 ; 102.038;
6 ; 8 ; 15 ; 0.0697221 ; 0.00953259 ; 0.00237833 ; 101.464;
7 ; 8 ; 15 ; 0.0932563 ; -0.0106399 ; 0.00382591 ; 101.604;
8 ; 8 ; 15 ; 0.0669226 ; -0.00639519 ; 0.0173377 ; 101.412;
9 ; 8 ; 15 ; 0.0942815 ; -0.0144278 ; 0.00877583 ; 101.174;
10 ; 8 ; 15 ; 0.0876043 ; 0.00923856 ; 0.0149213 ; 101.769;
11 ; 8 ; 15 ; 0.0985242 ; 0.0182987 ; 0.00786258 ; 101.45;
12 ; 8 ; 15 ; 0.0750249 ; -0.00507531 ; -0.00325459 ; 101.683;
13 ; 8 ; 15 ; 0.0819691 ; 0.00724841 ; -0.0202472 ; 101.726;
14 ; 8 ; 15 ; 0.0992101 ; 0.00103462 ; -0.0108856 ; 101.302;
15 ; 8 ; 15 ; 0.0756387 ; 0.0149381 ; -0.0109915 ; 101.302;
16 ; 8 ; 15 ; 0.0860305 ; 0.00150718 ; -0.0121798 ; 102.39;
17 ; 8 ; 15 ; 0.0877703 ; 0.00956249 ; 0.00582027 ; 102.081;
18 ; 8 ; 15 ; 0.0961056 ; 0.00353373 ; -0.0117133 ; 101.753;
19 ; 8 ; 15 ; 0.0927758 ; 0.00449519 ; -0.0301613 ; 102.018;
20 ; 8 ; 15 ; 0.087924 ; 0.0159887 ; -0.0182493 ; 100.711;
21 ; 8 ; 15 ; 0.0793526 ; -0.00548541 ; 9.48464e-05 ; 101.8;
4 ; 9 ; 15 ; 0.0773414 ; 0.0100852 ; 0.0114736 ; 101.619;
5 ; 9 ; 15 ; 0.0841531 ; 0.00583122 ; 0.0208703 ; 102.335;
6 ; 9 ; 15 ; 0.0992779 ; 0.00494935 ; -6.71946e-05 ; 101.194;
7 ; 9 ; 15 ; 0.0947219 ; 0.00455033 ; 0.0102579 ; 101.38;
8 ; 9 ; 15 ; 0.0829959 ; -0.0161404 ; 0.00340857 ; 101.268;
9 ; 9 ; 15 ; 0.0891327 ; -0.0102029 ; 0.00208934 ; 101.268;
10 ; 9 ; 15 ; 0.0894997 ; -0.0195336 ; 0.0133832 ; 101.637;
11 ; 9 ; 15 ; 0.0914611 ; -0.0142819 ; 0.00305283 ; 101.257;
12 ; 9 ; 15 ; 0.104663 ; 0.00163429 ; 0.0197916 ; 102.107;
13 ; 9 ; 15 ; 0.0846983 ; -0.0220345 ; 0.0125467 ; 100.924;
14 ; 9 ; 15 ; 0.090249 ; 0.0149666 ; -0.00829034 ; 101.652;
15 ; 9 ; 15 ; 0.0989423 ; 0.004835 ; -0.00709182 ; 101.206;
16 ; 9 ; 15 ; 0.0839168 ; 0.0238025 ; 0.0071515 ; 101.914;
17 ; 9 ; 15 ; 0.0774145 ; -0.00656515 ; -0.00407005 ; 101.417;
18 ; 9 ; 15 ; 0.0966869 ; 0.00514415 ; -0.00763191 ; 101.207;
19 ; 9 ; 15 ; 0.0763193 ; -0.0028048 ; -0.00659368 ; 101.228;
20 ; 9 ; 15 ; 0.090797 ; -0.000907315 ; -0.0161251 ; 101.457;
21 ; 9 ; 15 ; 0.0962587 ; -0.0042433 ; -0.0058421 ; 102.102;
4 ; 10 ; 15 ; 0.0676569 ; -0.0053344 ; -0.00284975 ; 101.643;
5 ; 10 ; 15 ; 0.0770056 ; 0.0209425 ; 0.01714 ; 101.054;
6 ; 10 ; 15 ; 0.0780066 ; -0.0192921 ; -0.0145345 ; 101.497;
7 ; 10 ; 15 ; 0.103116 ; -0.00693616 ; 0.0241018 ; 101.684;
8 ; 10 ; 15 ; 0.0817018 ; 0.00821173 ; -0.00587436 ; 101.564;
9 ; 10 ; 15 ; 0.0834267 ; 0.00105595 ; 0.00417351 ; 100.986;
10 ; 10 ; 15 ; 0.0899097 ; -0.00996699 ; 0.0104802 ; 101.313;
11 ; 10 ; 15 ; 0.0806807 ; -0.0221714 ; -0.00571951 ; 101.855;
12 ; 10 ; 15 ; 0.0932017 ; 0.00546381 ; -0.00211934 ; 101.52;
13 ; 10 ; 15 ; 0.0926356 ; -0.00953522 ; 0.0127629 ; 101.473;
14 ; 10 ; 15 ; 0.0857409 ; -0.00353836 ; -0.00874256 ; 101.163;
15 ; 10 ; 15 ; 0.0889127 ; 0.0112738 ; 0.00554896 ; 101.21;
16 ; 10 ; 15 ; 0.0757568 ; -0.00634917 ; -0.00454773 ; 101.231;
17 ; 10 ; 15 ; 0.0761937 ; 0.000678057 ; 0.00536665 ; 101.396;
18 ; 10 ; 15 ; 0.081403 ; 0.00976931 ; -0.00541527 ; 101.204;
19 ; 10 ; 15 ; 0.0855978 ; 0.00467359 ; 0.016441 ; 101.9;
20 ; 10 ; 15 ; 0.0902979 ; -0.00678296 ; -0.00086242 ; 101.898;
21 ; 10 ; 15 ; 0.0606765 ; 0.0133493 ; 0.0070514 ; 101.112;
4 ; 11 ; 15 ; 0.0749877 ; -0.00259906 ; 7.50311e-05 ; 100.782;
5 ; 11 ; 15 ; 0.069676 ; 0.00708159 ; 0.0163146 ; 101.134;
6 ; 11 ; 15 ; 0.0628684 ; 0.00718659 ; 0.0116837 ; 101.326;
7 ; 11 ; 15 ; 0.0797067 ; -0.00639466 ; -0.00476854 ; 100.938;
8 ; 11 ; 15 ; 0.0918629 ; -0.0075216 ; -0.00649393 ; 101.143;
9 ; 11 ; 15 ; 0.0861995 ; 0.00601051 ; 0.0058816 ; 101.802;
10 ; 11 ; 15 ; 0.0729615 ; 0.019203 ; 0.0183374 ; 101.24;
11 ; 11 ; 15 ; 0.0814086 ; 0.00792669 ; -0.005464 ; 101.424;
12 ; 11 ; 15 ; 0.0791259 ; 0.00263503 ; -0.0030625 ; 101.915;
13 ; 11 ; 15 ; 0.06898 ; 0.00441364 ; 0.0196172 ; 101.481;
14 ; 11 ; 15 ; 0.0797238 ; 0.00387147 ; -0.00506646 ; 101.023;
15 ; 11 ; 15 ; 0.083141 ; -0.00995314 ; 0.00457459 ; 101.859;
16 ; 11 ; 15 ; 0.0879436 ; -0.00258413 ; -0.00834583 ; 101.404;
17 ; 11 ; 15 ; 0.0932172 ; 0.00145028 ; 0.0190791 ; 101.683;
18 ; 11 ; 15 ; 0.0817593 ; 0.00492966 ; -0.00799856 ; 101.846;
19 ; 11 ; 15 ; 0.078138 ; -0.014247 ; -0.007092 ; 101.467;
20 ; 11 ; 15 ; 0.0930166 ; -0.00520259 ; 0.00242046 ; 101.464;
21 ; 11 ; 15 ; 0.0874515 ; 0.0077276 ; 0.0207108 ; 101.231;
4 ; 12 ; 15 ; 0.0853976 ; 0.00389874 ; 0.00933912 ; 101.868;
5 ; 12 ; 15 ; 0.0837726 ; -0.00907761 ; -0.00712505 ; 101.132;
6 ; 12 ; 15 ; 0.0648792 ; 0.0117474 ; -0.00823185 ; 101.928;
7 ; 12 ; 15 ; 0.0744196 ; 0.000282791 ; 0.00951381 ; 101.576;
8 ; 12 ; 15 ; 0.0932951 ; -0.013232 ; 0.00265527 ; 100.995;
9 ; 12 ; 15 ; 0.0914841 ; 0.0179515 ; 0.00753538 ; 101.818;
10 ; 12 ; 15 ; 0.0852154 ; -0.00916842 ; -0.00797356 ; 101.524;
11 ; 12 ; 15 ; 0.099719 ; 0.00940016 ; -0.00578698 ; 101.555;
12 ; 12 ; 15 ; 0.0908506 ; -0.00335555 ; -0.00514999 ; 101.217;
13 ; 12 ; 15 ; 0.082718 ; 0.00437985 ; 0.0192511 ; 101.378;
14 ; 12 ; 15 ; 0.079701 ; 0.00635333 ; 0.0131685 ; 101.347;
15 ; 12 ; 15 ; 0.0875099 ; -0.00202939 ; 0.00399294 ; 101.576;
16 ; 12 ; 15 ; 0.0954317 ; -0.0152469 ; 0.0130999 ; 101.603;
17 ; 12 ; 15 ; 0.094652 ; 0.00695082 ; -0.0136033 ; 101.482;
18 ; 12 ; 15 ; 0.0885438 ; -0.00863137 ; 0.00183382 ; 101.186;
19 ; 12 ; 15 ; 0.0744455 ; 0.00410786 ; -0.0214794 ; 101.282;
20 ; 12 ; 15 ; 0.0760179 ; 0.0120945 ; -0.00125018 ; 101.343;
21 ; 12 ; 15 ; 0.0794187 ; 5.49017e-05 ; -0.0186473 ; 101.655;
4 ; 13 ; 15 ; 0.0886184 ; 0.0122786 ; 0.0166861 ; 101.326;
5 ; 13 ; 15 ; 0.0949491 ; -0.0224126 ; 0.00339877 ; 101.964;
6 ; 13 ; 15 ; 0.0802811 ; 0.00835981 ; -0.000585785 ; 101.413;
7 ; 13 ; 15 ; 0.0778686 ; 0.0153831 ; -0.0165246 ; 101.212;
8 ; 13 ; 15 ; 0.0654003 ; -0.0108327 ; 0.00799482 ; 101.39;
9 ; 13 ; 15 ; 0.0869463 ; 0.0107138 ; 0.00414756 ; 101.493;
10 ; 13 ; 15 ; 0.0681838 ; 0.00259597 ; 0.00652753 ; 101.492;
11 ; 13 ; 15 ; 0.0777898 ; 0.0073226 ; -0.00381433 ; 101.469;
12 ; 13 ; 15 ; 0.088933 ; 0.0105305 ; 0.0115539 ; 100.95;
13 ; 13 ; 15 ; 0.0737281 ; -0.0132611 ; 0.000719099 ; 102.097;
14 ; 13 ; 15 ; 0.0812794 ; 0.00819566 ; -0.00440345 ; 101.804;
15 ; 13 ; 15 ; 0.0830129 ; -0.00571031 ; 0.00909568 ; 101.869;
16 ; 13 ; 15 ; 0.0907515 ; 0.00672214 ; -0.00561576 ; 101.372;
17 ; 13 ; 15 ; 0.0831848 ; -0.000740064 ; -0.00154494 ; 101.75;
18 ; 13 ; 15 ; 0.0728327 ; -0.0011145 ; 0.0159374 ; 101.693;
19 ; 13 ; 15 ; 0.0832743 ; 0.0021773 ; 0.00116332 ; 101.592;
20 ; 13 ; 15 ; 0.0806837 ; 0.00134275 ; -0.0126609 ; 101.811;
21 ; 13 ; 15 ; 0.0943587 ; -0.00679763 ; 0.010159 ; 101.42;
4 ; 14 ; 15 ; 0.085294 ; 0.0101488 ; 0.0121898 ; 101.674;
5 ; 14 ; 15 ; 0.0820437 ; 0.00189653 ; 0.0121595 ; 101.56;
6 ; 14 ; 15 ; 0.070598 ; -0.0177713 ; 0.00605773 ; 101.369;
7 ; 14 ; 15 ; 0.0559501 ; -0.00181135 ; 0.00685224 ; 101.687;
8 ; 14 ; 15 ; 0.0843408 ; -0.0149206 ; -0.000954968 ; 101.622;
9 ; 14 ; 15 ; 0.0780539 ; -0.00284028 ; 0.00437537 ; 101.511;
10 ; 14 ; 15 ; 0.0718649 ; -0.0131395 ; 0.00350635 ; 101.365;
11 ; 14 ; 15 ; 0.0730742 ; 0.00829152 ; 0.0108763 ; 101.27;
12 ; 14 ; 15 ; 0.0733808 ; 0.0164769 ; -0.000607787 ; 101.968;
13 ; 14 ; 15 ; 0.0506766 ; -0.00517301 ; -0.00163582 ; 101.467;
14 ; 14 ; 15 ; 0.0804283 ; -0.00037577 ; -0.00801368 ; 100.846;
15 ; 14 ; 15 ; 0.0692647 ; -0.00628602 ; 0.00692833 ; 101.931;
16 ; 14 ; 15 ; 0.0974073 ; 0.0034784 ; -0.016465 ; 101.636;
17 ; 14 ; 15 ; 0.0996678 ; -0.0262858 ; -0.0019866 ; 101.303;
18 ; 14 ; 15 ; 0.0897796 ; -0.00189934 ; -0.00285569 ; 101.316;
19 ; 14 ; 15 ; 0.0825765 ; -0.00750676 ; -0.0133625 ; 101.309;
20 ; 14 ; 15 ; 0.0936945 ; 0.0109414 ; -0.00437207 ; 101.866;
21 ; 14 ; 15 ; 0.0734636 ; 0.000900025 ; -0.0118068 ; 101.407;
4 ; 15 ; 15 ; 0.108964 ; -0.0124065 ; -0.00534987 ; 101.347;
5 ; 15 ; 15 ; 0.100909 ; -0.0110459 ; 0.0018369 ; 101.491;
6 ; 15 ; 15 ; 0.0923931 ; 0.00161466 ; 0.0110959 ; 101.611;
7 ; 15 ; 15 ; 0.0754721 ; 0.0077778 ; 0.00412805 ; 101.567;
8 ; 15 ; 15 ; 0.0726135 ; -0.00593618 ; 0.0197049 ; 101.194;
9 ; 15 ; 15 ; 0.0667581 ; 0.00995045 ; -0.00105183 ; 101.451;
10 ; 15 ; 15 ; 0.0790869 ; 0.00044293 ; 0.0012421 ; 102.243;
11 ; 15 ; 15 ; 0.0901364 ; 0.0131859 ; 0.00669808 ; 100.696;
12 ; 15 ; 15 ; 0.0672233 ; -0.00875692 ; -0.0088156 ; 101.403;
13 ; 15 ; 15 ; 0.0772673 ; -0.0141261 ; -0.00717911 ; 101.268;
14 ; 15 ; 15 ; 0.0857142 ; 0.010615 ; -0.0113061 ; 102.104;
15 ; 15 ; 15 ; 0.0746946 ; -0.00128067 ; 0.0115507 ; 101.967;
16 ; 15 ; 15 ; 0.0873059 ; 0.00264099 ; -0.0143884 ; 101.65;
17 ; 15 ; 15 ; 0.0809122 ; 0.0132722 ; -0.0039916 ; 101.422;
18 ; 15 ; 15 ; 0.090286 ; -0.0020646 ; -0.00629608 ; 101.198;
19 ; 15 ; 15 ; 0.0974357 ; -0.00241429 ; -0.00234304 ; 102.319;
20 ; 15 ; 15 ; 0.0925132 ; 0.0072632 ; -0.00761843 ; 101.934;
21 ; 15 ; 15 ; 0.0694504 ; 0.0104943 ; 0.00205519 ; 100.827;
4 ; 16 ; 15 ; 0.0887905 ; 0.00397223 ; 0.00784051 ; 101.428;
5 ; 16 ; 15 ; 0.0905159 ; -0.0108436 ; -0.0105934 ; 101.566;
6 ; 16 ; 15 ; 0.088327 ; 0.0100918 ; -0.0172855 ; 101.457;
7 ; 16 ; 15 ; 0.0850807 ; 0.00862756 ; 0.00369794 ; 100.93;
8 ; 16 ; 15 ; 0.0766519 ; 0.0129766 ; 0.00424043 ; 101.384;
9 ; 16 ; 15 ; 0.088318 ; 0.00639415 ; 0.019776 ; 101.825;
10 ; 16 ; 15 ; 0.0672176 ; 0.00384266 ; -0.00902419 ; 101.44;
11 ; 16 ; 15 ; 0.081257 ; 0.0182103 ; 0.00380727 ; 101.702;
12 ; 16 ; 15 ; 0.087229 ; -0.0115255 ; -0.0112366 ; 100.917;
13 ; 16 ; 15 ; 0.0838225 ; -0.00204509 ; -0.0224467 ; 101.821;
14 ; 16 ; 15 ; 0.0874766 ; 0.0126366 ; -0.0113276 ; 101.431;
15 ; 16 ; 15 ; 0.0875479 ; -0.00118238 ; -0.00337658 ; 101.742;
16 ; 16 ; 15 ; 0.0874264 ; 0.00398802 ; -0.00904704 ; 102.261;
17 ; 16 ; 15 ; 0.098485 ; -0.0024659 ; -0.0144369 ; 101.785;
18 ; 16 ; 15 ; 0.0737185 ; -0.0049852 ; -0.00811852 ; 102.034;
19 ; 16 ; 15 ; 0.0883075 ; -0.00497315 ; -0.0110243 ; 101.536;
20 ; 16 ; 15 ; 0.0906992 ; -0.0119098 ; -0.0277211 ; 102.4;
21 ; 16 ; 15 ; 0.0959039 ; 0.00747518 ; -0.00492213 ; 101.798;
4 ; 17 ; 15 ; 0.0868624 ; -0.00268694 ; 0.00426338 ; 102.123;
5 ; 17 ; 15 ; 0.0970332 ; -0.0110827 ; 0.017513 ; 101.693;
6 ; 17 ; 15 ; 0.0836496 ; -0.0138796 ; -0.00115485 ; 101.243;
7 ; 17 ; 15 ; 0.0833886 ; 0.0124828 ; 0.0111944 ; 101.557;
8 ; 17 ; 15 ; 0.0728862 ; 0.0295 ; 0.0103945 ; 101.362;
9 ; 17 ; 15 ; 0.0896562 ; 0.00395009 ; -0.0100246 ; 101.563;
10 ; 17 ; 15 ; 0.0940305 ; 0.0106325 ; 0.0110631 ; 101.022;
11 ; 17 ; 15 ; 0.0918526 ; 0.00814396 ; -0.00592811 ; 101.916;
12 ; 17 ; 15 ; 0.0822453 ; -0.00381977 ; -0.00667329 ; 101.625;
13 ; 17 ; 15 ; 0.0876948 ; -0.0224074 ; -0.00350707 ; 101.492;
14 ; 17 ; 15 ; 0.0877031 ; -0.0104266 ; -0.0042184 ; 101.631;
15 ; 17 ; 15 ; 0.100151 ; 0.00838127 ; -0.00236953 ; 101.241;
16 ; 17 ; 15 ; 0.100905 ; 0.0084382 ; -0.0121442 ; 101.851;
17 ; 17 ; 15 ; 0.0671847 ; -0.000298725 ; -0.0109723 ; 101.12;
18 ; 17 ; 15 ; 0.0915742 ; -0.00122248 ; -0.00705105 ; 101.388;
19 ; 17 ; 15 ; 0.0674284 ; 0.017763 ; -0.000602942 ; 101.394;
20 ; 17 ; 15 ; 0.0778395 ; -0.00422325 ; -0.00447256 ; 101.11;
21 ; 17 ; 15 ; 0.113486 ; -0.00964064 ; 0.0066893 ; 101.411;
4 ; 18 ; 15 ; 0.085228 ; 0.010518 ; -0.0106039 ; 101.443;
5 ; 18 ; 15 ; 0.085956 ; -0.00594465 ; 0.00691544 ; 102.005;
6 ; 18 ; 15 ; 0.0812037 ; -0.0063278 ; -0.00997134 ; 101.339;
7 ; 18 ; 15 ; 0.0793173 ; 0.00260317 ; 0.0207059 ; 101.019;
8 ; 18 ; 15 ; 0.0671547 ; 0.00336159 ; 0.0114639 ; 101.577;
9 ; 18 ; 15 ; 0.0672444 ; -0.0173665 ; 0.00530178 ; 101.548;
10 ; 18 ; 15 ; 0.0761794 ; -0.000655709 ; 0.0266587 ; 101.705;
11 ; 18 ; 15 ; 0.0873189 ; -0.0159339 ; -0.0135376 ; 100.412;
12 ; 18 ; 15 ; 0.0879702 ; 0.0152215 ; 0.000809996 ; 101.692;
13 ; 18 ; 15 ; 0.0929785 ; -0.0218872 ; -0.0165507 ; 101.244;
14 ; 18 ; 15 ; 0.0873035 ; 0.0143 ; 0.00160304 ; 102.165;
15 ; 18 ; 15 ; 0.0856569 ; -0.00448948 ; -0.00492219 ; 101.463;
16 ; 18 ; 15 ; 0.10544 ; -0.00459665 ; 0.00148345 ; 102;
17 ; 18 ; 15 ; 0.0908878 ; -0.00659836 ; 0.00998998 ; 101.17;
18 ; 18 ; 15 ; 0.0843269 ; 0.00527386 ; 0.0208019 ; 101.273;
19 ; 18 ; 15 ; 0.0704258 ; 0.0155915 ; -0.0165385 ; 101.382;
20 ; 18 ; 15 ; 0.0779475 ; 0.00993806 ; -0.0127259 ; 101.383;
21 ; 18 ; 15 ; 0.0866415 ; -0.00689063 ; 0.00304271 ; 101.576;
4 ; 19 ; 15 ; 0.0831481 ; 0.00344564 ; 0.00168028 ; 101.003;
5 ; 19 ; 15 ; 0.107676 ; -0.000438766 ; 0.0085949 ; 101.776;
6 ; 19 ; 15 ; 0.0754782 ; -0.00042864 ; -0.00610314 ; 102.422;
7 ; 19 ; 15 ; 0.0802069 ; 0.0177075 ; -0.00206036 ; 101.798;
8 ; 19 ; 15 ; 0.077206 ; 0.00230227 ; 0.00226768 ; 101.354;
9 ; 19 ; 15 ; 0.0786805 ; -0.0214936 ; 0.00184897 ; 101.721;
10 ; 19 ; 15 ; 0.0792044 ; -0.015636 ; 0.00309376 ; 101.186;
11 ; 19 ; 15 ; 0.066878 ; -0.00594364 ; 0.0282985 ; 101.155;
12 ; 19 ; 15 ; 0.0811297 ; -0.00216835 ; 0.011737 ; 101.609;
13 ; 19 ; 15 ; 0.100701 ; 0.0106879 ; -0.013067 ; 101.182;
14 ; 19 ; 15 ; 0.0929637 ; 0.0251821 ; -0.00645494 ; 101.695;
15 ; 19 ; 15 ; 0.0743577 ; -0.00496815 ; 0.00221145 ; 100.932;
16 ; 19 ; 15 ; 0.0948974 ; -0.0118734 ; -0.0260516 ; 101.132;
17 ; 19 ; 15 ; 0.100378 ; -0.00275617 ; -0.00272445 ; 101.805;
18 ; 19 ; 15 ; 0.0839558 ; 0.00586106 ; -0.0125437 ; 101.503;
19 ; 19 ; 15 ; 0.0815349 ; -0.00918049 ; -0.0148492 ; 101.398;
20 ; 19 ; 15 ; 0.0871709 ; 0.00383687 ; -0.0126676 ; 101.063;
21 ; 19 ; 15 ; 0.107885 ; 0.00875994 ; 0.00848166 ; 102.253;
4 ; 20 ; 15 ; 0.107457 ; -0.0046616 ; -0.00828173 ; 102.109;
5 ; 20 ; 15 ; 0.0636791 ; 0.00358994 ; 0.0152179 ; 100.995;
6 ; 20 ; 15 ; 0.0934476 ; 0.0109775 ; -0.00429195 ; 102.031;
7 ; 20 ; 15 ; 0.0984422 ; 8.99747e-05 ; -0.0241439 ; 101.42;
8 ; 20 ; 15 ; 0.0741506 ; -0.0116966 ; -0.00792393 ; 101.594;
9 ; 20 ; 15 ; 0.0742033 ; -0.00320573 ; 0.0206088 ; 101.745;
10 ; 20 ; 15 ; 0.0739764 ; 0.00545392 ; -0.00352723 ; 101.732;
11 ; 20 ; 15 ; 0.0611541 ; -0.00249048 ; 0.00251429 ; 101.33;
12 ; 20 ; 15 ; 0.0822395 ; 0.00533046 ; -0.00180804 ; 101.588;
13 ; 20 ; 15 ; 0.0896935 ; -0.00698086 ; 0.00154172 ; 101.985;
14 ; 20 ; 15 ; 0.0844732 ; 0.000875659 ; 0.0117859 ; 101.002;
15 ; 20 ; 15 ; 0.0738958 ; -0.00425049 ; -0.00839648 ; 101.43;
16 ; 20 ; 15 ; 0.0897662 ; 0.0164888 ; -0.00348616 ; 101.146;
17 ; 20 ; 15 ; 0.0924652 ; 0.0122076 ; -0.0073293 ; 101.882;
18 ; 20 ; 15 ; 0.0786352 ; -0.00629692 ; -0.0111206 ; 101.398;
19 ; 20 ; 15 ; 0.0800461 ; -0.0143432 ; -0.00393033 ; 101.987;
20 ; 20 ; 15 ; 0.0979957 ; -0.00207938 ; -0.0235041 ; 101.708;
21 ; 20 ; 15 ; 0.0953966 ; 0.00476498 ; 0.0195445 ; 102.16;
4 ; 21 ; 15 ; 0.0729301 ; 0.0150727 ; 0.00769121 ; 101.704;
5 ; 21 ; 15 ; 0.0769622 ; -0.00937136 ; 0.0118274 ; 101.658;
6 ; 21 ; 15 ; 0.0931614 ; 0.00361876 ; -0.0142799 ; 101.227;
7 ; 21 ; 15 ; 0.0984321 ; 0.00195453 ; 0.00437993 ; 101.117;
8 ; 21 ; 15 ; 0.0895479 ; -0.00282786 ; 0.0076652 ; 101.292;
9 ; 21 ; 15 ; 0.0797261 ; 0.00647874 ; 0.00774039 ; 101.351;
10 ; 21 ; 15 ; 0.0747714 ; -0.00216064 ; 0.00954078 ; 101.249;
11 ; 21 ; 15 ; 0.0756765 ; 0.00904243 ; -0.00766798 ; 101.52;
12 ; 21 ; 15 ; 0.0695249 ; 0.0124047 ; -0.00398645 ; 101.336;
13 ; 21 ; 15 ; 0.0869984 ; -0.00485034 ; 0.00174895 ; 101.88;
14 ; 21 ; 15 ; 0.0938975 ; -0.00596144 ; -0.0141492 ; 101.408;
15 ; 21 ; 15 ; 0.0854693 ; 0.00327332 ; -0.0140242 ; 101.332;
16 ; 21 ; 15 ; 0.0887535 ; 0.000526917 ; -0.00437489 ; 101.369;
17 ; 21 ; 15 ; 0.100564 ; 0.0060481 ; -0.00379775 ; 101.15;
18 ; 21 ; 15 ; 0.0866946 ; -0.010303 ; -0.0053683 ; 101.348;
19 ; 21 ; 15 ; 0.0992799 ; -0.00490643 ; -0.00623919 ; 101.751;
20 ; 21 ; 15 ; 0.101572 ; 0.00537132 ; 0.0128859 ; 101.559;
21 ; 21 ; 15 ; 0.0796129 ; -0.0033438 ; -0.00311691 ; 101.146;
4 ; 4 ; 16 ; 0.0734853 ; -0.00248569 ; -0.00249599 ; 101.511;
5 ; 4 ; 16 ; 0.0565967 ; -0.00402367 ; -0.00870383 ; 101.105;
6 ; 4 ; 16 ; 0.0528876 ; 0.00792192 ; -0.0162551 ; 102.016;
7 ; 4 ; 16 ; 0.0477148 ; 0.00635505 ; -0.0189251 ; 101.134;
8 ; 4 ; 16 ; 0.0541981 ; 0.016618 ; -8.17248e-05 ; 101.596;
9 ; 4 ; 16 ; 0.0709241 ; 0.00187449 ; 0.00656602 ; 100.925;
10 ; 4 ; 16 ; 0.0517583 ; 0.0076993 ; -0.0302887 ; 102.183;
11 ; 4 ; 16 ; 0.0567246 ; -0.00425666 ; 0.0183422 ; 101.995;
12 ; 4 ; 16 ; 0.0738513 ; 0.00769054 ; 0.00467929 ; 101.639;
13 ; 4 ; 16 ; 0.0521748 ; 0.00600619 ; 0.00684815 ; 100.509;
14 ; 4 ; 16 ; 0.0467527 ; -0.000372988 ; 0.00678662 ; 101.98;
15 ; 4 ; 16 ; 0.065045 ; 0.00518472 ; -0.00730406 ; 101.215;
16 ; 4 ; 16 ; 0.0563029 ; -0.00158108 ; 6.9763e-05 ; 102.039;
17 ; 4 ; 16 ; 0.0530866 ; 0.0273172 ; -0.00749209 ; 101.237;
18 ; 4 ; 16 ; 0.0631802 ; 0.00920745 ; 0.00551564 ; 101.316;
19 ; 4 ; 16 ; 0.0631624 ; -0.0184799 ; 0.013093 ; 101.329;
20 ; 4 ; 16 ; 0.0722378 ; 0.00944411 ; -0.00764142 ; 101.752;
21 ; 4 ; 16 ; 0.0547467 ; -0.00326514 ; -0.00577683 ; 101.185;
4 ; 5 ; 16 ; 0.0637504 ; 0.000536505 ; 0.000489587 ; 100.93;
5 ; 5 ; 16 ; 0.0630847 ; -0.0109703 ; -0.00385782 ; 101.488;
6 ; 5 ; 16 ; 0.0588596 ; 0.0140844 ; 0.00873155 ; 101.3;
7 ; 5 ; 16 ; 0.0470974 ; 0.00298932 ; 0.00812443 ; 101.706;
8 ; 5 ; 16 ; 0.0487613 ; 0.0058602 ; 0.00619412 ; 101.093;
9 ; 5 ; 16 ; 0.0461793 ; -0.000895322 ; 0.0122597 ; 101.47;
10 ; 5 ; 16 ; 0.0638876 ; 0.0203157 ; -0.00638201 ; 101.563;
11 ; 5 ; 16 ; 0.0653011 ; -0.0137799 ; -0.0032622 ; 101.457;
12 ; 5 ; 16 ; 0.0604259 ; 0.00898676 ; -0.00359231 ; 101.181;
13 ; 5 ; 16 ; 0.0552843 ; -0.00292098 ; -0.00010189 ; 101.944;
14 ; 5 ; 16 ; 0.0617965 ; 0.0168715 ; -0.00766181 ; 101.408;
15 ; 5 ; 16 ; 0.0505564 ; 0.0104712 ; -0.00635661 ; 101.352;
16 ; 5 ; 16 ; 0.0743107 ; 0.0139573 ; -0.00105184 ; 100.834;
17 ; 5 ; 16 ; 0.0565129 ; 0.00319687 ; 0.00908115 ; 100.934;
18 ; 5 ; 16 ; 0.0584264 ; -0.0100229 ; 0.00980695 ; 101.433;
19 ; 5 ; 16 ; 0.0642869 ; -0.00315076 ; -0.00400322 ; 101.432;
20 ; 5 ; 16 ; 0.0512461 ; -0.00689329 ; -0.00622998 ; 101.015;
21 ; 5 ; 16 ; 0.0700047 ; 0.00051462 ; -0.0196657 ; 102.01;
4 ; 6 ; 16 ; 0.0715643 ; 0.00576173 ; 0.00106539 ; 101.885;
5 ; 6 ; 16 ; 0.0590842 ; -0.0183306 ; 0.0027311 ; 101.555;
6 ; 6 ; 16 ; 0.0647005 ; -0.0199376 ; 0.0179504 ; 101.115;
7 ; 6 ; 16 ; 0.0744727 ; 0.0242435 ; 0.00290089 ; 100.982;
8 ; 6 ; 16 ; 0.0438738 ; 0.00410326 ; 0.0178726 ; 100.948;
9 ; 6 ; 16 ; 0.0770456 ; 0.00777735 ; -0.00573697 ; 101.23;
10 ; 6 ; 16 ; 0.0763811 ; 0.00158745 ; -0.00594895 ; 101.257;
11 ; 6 ; 16 ; 0.0502576 ; 0.0109379 ; -0.00506219 ; 101.073;
12 ; 6 ; 16 ; 0.0606308 ; 0.00872862 ; 0.00545469 ; 101.427;
13 ; 6 ; 16 ; 0.0693268 ; 0.00110456 ; -0.00918089 ; 101.573;
14 ; 6 ; 16 ; 0.0767809 ; 0.00187776 ; -0.00133673 ; 100.875;
15 ; 6 ; 16 ; 0.0665267 ; -0.0022596 ; 0.00382958 ; 101.713;
16 ; 6 ; 16 ; 0.0604416 ; 0.00225251 ; -0.0323759 ; 101.968;
17 ; 6 ; 16 ; 0.0681819 ; 0.00136159 ; -2.89385e-05 ; 101.707;
18 ; 6 ; 16 ; 0.0674007 ; -0.0050399 ; -0.0165451 ; 101.618;
19 ; 6 ; 16 ; 0.0714238 ; 0.00439876 ; -0.00944668 ; 101.684;
20 ; 6 ; 16 ; 0.0598419 ; 0.00743416 ; -0.00125111 ; 101.11;
21 ; 6 ; 16 ; 0.0629952 ; 0.0106056 ; -0.00344427 ; 101.775;
4 ; 7 ; 16 ; 0.0626544 ; 0.0156437 ; -0.00155707 ; 101.672;
5 ; 7 ; 16 ; 0.0766243 ; -0.00575741 ; -0.00565604 ; 100.225;
6 ; 7 ; 16 ; 0.0668507 ; -0.0114746 ; -0.0150304 ; 101.836;
7 ; 7 ; 16 ; 0.0606015 ; 0.0075946 ; 0.000476266 ; 100.928;
8 ; 7 ; 16 ; 0.0729812 ; 0.0163022 ; 0.0175259 ; 101.877;
9 ; 7 ; 16 ; 0.0669639 ; 0.0124325 ; 0.00471172 ; 101.657;
10 ; 7 ; 16 ; 0.065314 ; -0.00131039 ; 0.00818325 ; 101.664;
11 ; 7 ; 16 ; 0.0503608 ; 0.00684344 ; 0.00109658 ; 101.477;
12 ; 7 ; 16 ; 0.0593605 ; -0.000191415 ; 0.0292083 ; 101.639;
13 ; 7 ; 16 ; 0.0518268 ; -0.00995963 ; 0.00275886 ; 101.258;
14 ; 7 ; 16 ; 0.0725795 ; 0.0117513 ; -0.0159849 ; 101.218;
15 ; 7 ; 16 ; 0.0708567 ; -0.00841101 ; 0.00756917 ; 101.847;
16 ; 7 ; 16 ; 0.0801689 ; 0.0125703 ; -0.00464319 ; 101.438;
17 ; 7 ; 16 ; 0.0690418 ; -0.00015085 ; -0.00255943 ; 101.761;
18 ; 7 ; 16 ; 0.0524607 ; -0.0107155 ; 0.00905924 ; 101.869;
19 ; 7 ; 16 ; 0.0879074 ; 0.0240274 ; -0.000880121 ; 101.271;
20 ; 7 ; 16 ; 0.0746327 ; -0.00387046 ; 0.0105789 ; 101.232;
21 ; 7 ; 16 ; 0.0648891 ; 0.0133191 ; -0.0220067 ; 101.567;
4 ; 8 ; 16 ; 0.072636 ; -0.0150738 ; -0.00319054 ; 101.195;
5 ; 8 ; 16 ; 0.0602462 ; 0.000265038 ; 0.00984918 ; 101.203;
6 ; 8 ; 16 ; 0.0754632 ; -0.0061304 ; 0.00347542 ; 101.765;
7 ; 8 ; 16 ; 0.0726065 ; 0.00383923 ; -0.00564085 ; 101.491;
8 ; 8 ; 16 ; 0.0629875 ; -0.010683 ; 0.00438971 ; 101.264;
9 ; 8 ; 16 ; 0.058024 ; -0.0155506 ; 0.00803714 ; 101.447;
10 ; 8 ; 16 ; 0.0731457 ; -0.00107352 ; -0.00640513 ; 100.621;
11 ; 8 ; 16 ; 0.0661522 ; 0.0219828 ; -0.000791989 ; 101.634;
12 ; 8 ; 16 ; 0.034918 ; -0.0245152 ; -0.00983145 ; 101.385;
13 ; 8 ; 16 ; 0.0355229 ; -0.00783306 ; -0.0113781 ; 101.141;
14 ; 8 ; 16 ; 0.0660467 ; -0.0182393 ; -0.017427 ; 100.913;
15 ; 8 ; 16 ; 0.0739051 ; 0.00782514 ; 0.0025364 ; 101.667;
16 ; 8 ; 16 ; 0.0570612 ; 0.0228877 ; -0.00520394 ; 101.394;
17 ; 8 ; 16 ; 0.062455 ; 0.0132125 ; 0.0151885 ; 101.291;
18 ; 8 ; 16 ; 0.0788632 ; 0.00194161 ; 0.000806676 ; 101.637;
19 ; 8 ; 16 ; 0.0756633 ; -0.012275 ; 0.0106049 ; 101.16;
20 ; 8 ; 16 ; 0.0611387 ; 0.0131764 ; -0.0126771 ; 101.438;
21 ; 8 ; 16 ; 0.0735812 ; 0.0248959 ; 0.00729776 ; 102.357;
4 ; 9 ; 16 ; 0.0586693 ; 0.0156311 ; -0.00254744 ; 101.285;
5 ; 9 ; 16 ; 0.0647848 ; 0.0189252 ; -0.00651897 ; 101.632;
6 ; 9 ; 16 ; 0.0533918 ; -0.00998808 ; -0.00299104 ; 101.033;
7 ; 9 ; 16 ; 0.0505275 ; -0.00391121 ; 0.00226624 ; 102.057;
8 ; 9 ; 16 ; 0.0645819 ; 0.000902005 ; 0.0036537 ; 101.529;
9 ; 9 ; 16 ; 0.0664463 ; -0.0101217 ; 0.0163743 ; 101.756;
10 ; 9 ; 16 ; 0.0610871 ; -0.0111717 ; -0.00996498 ; 101.334;
11 ; 9 ; 16 ; 0.0600116 ; 0.0236098 ; 0.00481967 ; 101.729;
12 ; 9 ; 16 ; 0.0582151 ; -0.00667486 ; -0.0159343 ; 100.915;
13 ; 9 ; 16 ; 0.072842 ; 0.0079341 ; 0.00174331 ; 101.103;
14 ; 9 ; 16 ; 0.0606397 ; 0.0107691 ; 0.00900696 ; 101.262;
15 ; 9 ; 16 ; 0.0812714 ; -0.0153278 ; 0.000157537 ; 101.523;
16 ; 9 ; 16 ; 0.0560119 ; 0.0109515 ; -0.00619671 ; 101.361;
17 ; 9 ; 16 ; 0.0489121 ; 0.00962426 ; -0.00334116 ; 101.632;
18 ; 9 ; 16 ; 0.0694951 ; 0.0177035 ; 0.0102744 ; 101.316;
19 ; 9 ; 16 ; 0.071155 ; -0.00273221 ; -0.0134292 ; 101.916;
20 ; 9 ; 16 ; 0.082528 ; 0.016948 ; 0.00432995 ; 101.319;
21 ; 9 ; 16 ; 0.096324 ; -0.00413422 ; 0.00373597 ; 101.573;
4 ; 10 ; 16 ; 0.0818239 ; 0.0109755 ; 0.0165347 ; 101.833;
5 ; 10 ; 16 ; 0.0514029 ; 0.000209834 ; 0.0135701 ; 101.461;
6 ; 10 ; 16 ; 0.0534085 ; -0.0202824 ; 0.00941386 ; 101.327;
7 ; 10 ; 16 ; 0.0392713 ; 0.019849 ; 0.014468 ; 101.651;
8 ; 10 ; 16 ; 0.0666723 ; -0.00701867 ; -0.0123632 ; 101.025;
9 ; 10 ; 16 ; 0.0619542 ; -0.00473162 ; 0.0084141 ; 101.371;
10 ; 10 ; 16 ; 0.0650923 ; -0.0135942 ; 0.00399841 ; 101.38;
11 ; 10 ; 16 ; 0.0585911 ; -0.00558541 ; -0.00540461 ; 100.987;
12 ; 10 ; 16 ; 0.0811117 ; 0.00643613 ; 0.0141072 ; 101.75;
13 ; 10 ; 16 ; 0.072169 ; 0.00307076 ; -0.012023 ; 101.51;
14 ; 10 ; 16 ; 0.0684054 ; -0.00563706 ; 0.00626647 ; 101.485;
15 ; 10 ; 16 ; 0.0629043 ; -0.0119463 ; 0.0024452 ; 101.877;
16 ; 10 ; 16 ; 0.0616503 ; 0.00878446 ; -0.00383843 ; 102.272;
17 ; 10 ; 16 ; 0.0669562 ; -0.0214112 ; -0.00921641 ; 101.108;
18 ; 10 ; 16 ; 0.0644083 ; -0.0178035 ; 0.000833502 ; 101.403;
19 ; 10 ; 16 ; 0.0547542 ; -0.00839697 ; 0.00936681 ; 101.699;
20 ; 10 ; 16 ; 0.0474484 ; 0.00073453 ; -0.00321265 ; 101.83;
21 ; 10 ; 16 ; 0.0635041 ; -0.00395881 ; -0.0048617 ; 100.416;
4 ; 11 ; 16 ; 0.0541169 ; -0.00943087 ; -0.000229685 ; 101.44;
5 ; 11 ; 16 ; 0.0435318 ; 0.0112757 ; 0.0110409 ; 101.404;
6 ; 11 ; 16 ; 0.0683136 ; -0.00779695 ; 0.00781176 ; 101.413;
7 ; 11 ; 16 ; 0.0678182 ; -0.00893739 ; -0.0139726 ; 101.719;
8 ; 11 ; 16 ; 0.0693448 ; 0.011718 ; -0.00749961 ; 100.799;
9 ; 11 ; 16 ; 0.0555669 ; -0.0108198 ; 0.000618408 ; 102.012;
10 ; 11 ; 16 ; 0.0686515 ; -0.000993066 ; 0.00301619 ; 101.225;
11 ; 11 ; 16 ; 0.0450111 ; 0.0162841 ; -0.00846804 ; 101.521;
12 ; 11 ; 16 ; 0.0623108 ; 0.0199763 ; 0.0156514 ; 101.237;
13 ; 11 ; 16 ; 0.0545204 ; -0.00512334 ; 0.00966002 ; 101.508;
14 ; 11 ; 16 ; 0.0545582 ; -0.0121562 ; -0.00300354 ; 101.806;
15 ; 11 ; 16 ; 0.0633 ; -0.00616579 ; -0.0150266 ; 101.452;
16 ; 11 ; 16 ; 0.0884902 ; -0.0259534 ; -0.00284503 ; 101.2;
17 ; 11 ; 16 ; 0.0649921 ; -0.00730535 ; 0.015018 ; 101.964;
18 ; 11 ; 16 ; 0.0413233 ; -0.00170203 ; -0.0187596 ; 101.506;
19 ; 11 ; 16 ; 0.0761896 ; 0.00631576 ; -0.0188307 ; 101.524;
20 ; 11 ; 16 ; 0.0684334 ; -0.0101436 ; 0.000257067 ; 101.662;
21 ; 11 ; 16 ; 0.058381 ; -0.00286411 ; 0.0109122 ; 101.682;
4 ; 12 ; 16 ; 0.0786473 ; -0.0091369 ; 0.0194442 ; 101.45;
5 ; 12 ; 16 ; 0.0634979 ; 0.00224258 ; 0.0125945 ; 100.781;
6 ; 12 ; 16 ; 0.0512441 ; -0.00328028 ; 0.00284863 ; 102.231;
7 ; 12 ; 16 ; 0.0432473 ; 0.010284 ; -0.00627962 ; 101.544;
8 ; 12 ; 16 ; 0.0627554 ; 0.00672206 ; -0.0211024 ; 101.154;
9 ; 12 ; 16 ; 0.0516873 ; 0.0105823 ; -0.0132964 ; 102.189;
10 ; 12 ; 16 ; 0.0462109 ; 0.0110971 ; 0.00223991 ; 101.731;
11 ; 12 ; 16 ; 0.0599187 ; -0.00137135 ; -0.0145617 ; 101.507;
12 ; 12 ; 16 ; 0.0545613 ; -0.00970983 ; 0.0128169 ; 100.887;
13 ; 12 ; 16 ; 0.060204 ; 0.0066533 ; 0.0191246 ; 101.378;
14 ; 12 ; 16 ; 0.0683466 ; -0.00497915 ; 0.0106049 ; 101.368;
15 ; 12 ; 16 ; 0.0633478 ; -0.00854812 ; 0.0090437 ; 101.119;
16 ; 12 ; 16 ; 0.079046 ; -0.0126136 ; -0.00106962 ; 101.112;
17 ; 12 ; 16 ; 0.0674999 ; 0.000686635 ; -0.012558 ; 100.846;
18 ; 12 ; 16 ; 0.0641981 ; 0.00346356 ; -0.00346908 ; 101.298;
19 ; 12 ; 16 ; 0.0598585 ; -0.00463137 ; -0.014476 ; 101.573;
20 ; 12 ; 16 ; 0.0617577 ; -0.00550564 ; -0.0116105 ; 101.546;
21 ; 12 ; 16 ; 0.0518854 ; 0.0150501 ; -0.0026154 ; 101.492;
4 ; 13 ; 16 ; 0.0646484 ; -0.00744299 ; 0.0110903 ; 101.264;
5 ; 13 ; 16 ; 0.0620948 ; -0.00680086 ; 0.0140044 ; 101.637;
6 ; 13 ; 16 ; 0.0663888 ; -0.00208125 ; 0.0205148 ; 101.178;
7 ; 13 ; 16 ; 0.07525 ; -0.00274162 ; 0.0242459 ; 101.359;
8 ; 13 ; 16 ; 0.0695591 ; -0.022228 ; 0.00677228 ; 100.621;
9 ; 13 ; 16 ; 0.0696453 ; -0.0140003 ; 0.00726364 ; 101.116;
10 ; 13 ; 16 ; 0.0771748 ; 0.00526438 ; 0.00798831 ; 101.238;
11 ; 13 ; 16 ; 0.0870882 ; 0.0121912 ; -0.0017179 ; 101.754;
12 ; 13 ; 16 ; 0.0776106 ; 0.00988069 ; 0.00382671 ; 101.5;
13 ; 13 ; 16 ; 0.0600992 ; 0.016261 ; -0.0028364 ; 101.784;
14 ; 13 ; 16 ; 0.051021 ; 0.00554944 ; -0.00351665 ; 101.579;
15 ; 13 ; 16 ; 0.0586076 ; 0.00852267 ; 0.00863345 ; 101.192;
16 ; 13 ; 16 ; 0.0683354 ; 0.000848064 ; -0.0190349 ; 101.185;
17 ; 13 ; 16 ; 0.0789364 ; 0.00197859 ; -0.0223568 ; 101.452;
18 ; 13 ; 16 ; 0.0754806 ; 0.013101 ; -0.00854281 ; 101.246;
19 ; 13 ; 16 ; 0.0588233 ; 0.0101513 ; -0.00853758 ; 101.143;
20 ; 13 ; 16 ; 0.0785658 ; -0.00533434 ; -0.00161928 ; 101.288;
21 ; 13 ; 16 ; 0.0592508 ; -0.0122797 ; -0.00351427 ; 101.299;
4 ; 14 ; 16 ; 0.068406 ; 0.00566401 ; 0.00486966 ; 101.257;
5 ; 14 ; 16 ; 0.065858 ; -0.0104999 ; -0.00896061 ; 101.712;
6 ; 14 ; 16 ; 0.0475264 ; -0.00546448 ; 0.0199851 ; 102.087;
7 ; 14 ; 16 ; 0.0714667 ; -0.00930972 ; 0.0189505 ; 101.281;
8 ; 14 ; 16 ; 0.0573845 ; -0.0100301 ; 0.0133896 ; 100.842;
9 ; 14 ; 16 ; 0.0453881 ; -0.0185128 ; 0.00875736 ; 101.074;
10 ; 14 ; 16 ; 0.0592155 ; 0.00470713 ; -0.00441444 ; 101.065;
11 ; 14 ; 16 ; 0.0721971 ; -0.00158797 ; 0.0183045 ; 101.866;
12 ; 14 ; 16 ; 0.0827429 ; -0.00756446 ; -0.0113942 ; 101.875;
13 ; 14 ; 16 ; 0.0712742 ; 0.00158212 ; -0.00113733 ; 101.461;
14 ; 14 ; 16 ; 0.0646444 ; -0.0155956 ; 0.00165738 ; 101.186;
15 ; 14 ; 16 ; 0.0696216 ; -0.0111916 ; 0.0113011 ; 100.961;
16 ; 14 ; 16 ; 0.0763881 ; 0.0285996 ; 0.00873694 ; 100.873;
17 ; 14 ; 16 ; 0.0635437 ; -0.0106647 ; -0.00365963 ; 101.397;
18 ; 14 ; 16 ; 0.080834 ; -0.00678934 ; -0.0144418 ; 100.983;
19 ; 14 ; 16 ; 0.075429 ; -0.00658133 ; 0.00971538 ; 101.724;
20 ; 14 ; 16 ; 0.0653143 ; 0.00600828 ; 0.0150178 ; 101.919;
21 ; 14 ; 16 ; 0.0682046 ; 0.027274 ; 0.00162832 ; 101.301;
4 ; 15 ; 16 ; 0.0681549 ; 0.0112149 ; 0.00530335 ; 101.408;
5 ; 15 ; 16 ; 0.0671632 ; -0.00740284 ; -0.0011347 ; 101.495;
6 ; 15 ; 16 ; 0.0605425 ; 0.0203726 ; 0.0193076 ; 101.571;
7 ; 15 ; 16 ; 0.0675906 ; -0.000204888 ; 0.0240827 ; 101.963;
8 ; 15 ; 16 ; 0.0721083 ; -0.000613134 ; 0.0160279 ; 101.724;
9 ; 15 ; 16 ; 0.0584504 ; -0.00922823 ; 0.025378 ; 101.378;
10 ; 15 ; 16 ; 0.0527961 ; 0.00514151 ; 0.00100949 ; 100.964;
11 ; 15 ; 16 ; 0.0666924 ; 0.00590949 ; -0.00622423 ; 100.989;
12 ; 15 ; 16 ; 0.0606037 ; -0.00282213 ; -0.00616625 ; 101.273;
13 ; 15 ; 16 ; 0.0589616 ; -0.0185279 ; -0.0246601 ; 101.397;
14 ; 15 ; 16 ; 0.0716602 ; 0.00270479 ; -0.00384356 ; 101.468;
15 ; 15 ; 16 ; 0.0494058 ; -0.0091934 ; 0.0124707 ; 101.036;
16 ; 15 ; 16 ; 0.0572716 ; 0.00396584 ; -0.0218415 ; 101.119;
17 ; 15 ; 16 ; 0.0480313 ; -0.00998859 ; -0.0322629 ; 101.364;
18 ; 15 ; 16 ; 0.0709497 ; 0.0207992 ; -0.0280534 ; 101.851;
19 ; 15 ; 16 ; 0.0806845 ; -0.00217391 ; -0.00240288 ; 101.893;
20 ; 15 ; 16 ; 0.0809015 ; 0.00568092 ; 0.00151099 ; 101.235;
21 ; 15 ; 16 ; 0.0747983 ; 0.00143455 ; -0.0223678 ; 101.206;
4 ; 16 ; 16 ; 0.0823943 ; 0.00858966 ; 0.00984846 ; 101.571;
5 ; 16 ; 16 ; 0.0627591 ; -0.00567668 ; 0.0242887 ; 101.217;
6 ; 16 ; 16 ; 0.0741908 ; 0.0156965 ; 0.0128103 ; 101.535;
7 ; 16 ; 16 ; 0.0629173 ; -0.0117017 ; 0.00485722 ; 101.449;
8 ; 16 ; 16 ; 0.0758831 ; -0.0168244 ; -0.000125604 ; 101.422;
9 ; 16 ; 16 ; 0.0612979 ; 0.0128667 ; 0.00913467 ; 101.48;
10 ; 16 ; 16 ; 0.0692608 ; 0.00839468 ; 0.0108697 ; 101.717;
11 ; 16 ; 16 ; 0.0719573 ; 0.0016869 ; 0.00391147 ; 101.725;
12 ; 16 ; 16 ; 0.061241 ; 0.0167223 ; 0.00128525 ; 101.334;
13 ; 16 ; 16 ; 0.0520764 ; -0.00767463 ; -0.00493121 ; 101.373;
14 ; 16 ; 16 ; 0.0644027 ; 0.00170816 ; 0.0102302 ; 101.839;
15 ; 16 ; 16 ; 0.072694 ; 0.0129106 ; 0.00317804 ; 101.205;
16 ; 16 ; 16 ; 0.0797132 ; 0.004908 ; -0.0168299 ; 100.709;
17 ; 16 ; 16 ; 0.0562256 ; 0.0176993 ; -0.0168258 ; 101.779;
18 ; 16 ; 16 ; 0.055728 ; 0.00359109 ; -0.0146999 ; 101.081;
19 ; 16 ; 16 ; 0.0631709 ; 0.000838116 ; -0.00255175 ; 101.433;
20 ; 16 ; 16 ; 0.0737096 ; -0.00364912 ; -0.0113653 ; 101.487;
21 ; 16 ; 16 ; 0.0695368 ; -0.0141214 ; -0.00210521 ; 101.77;
4 ; 17 ; 16 ; 0.0545357 ; 0.00844752 ; 0.00832315 ; 101.618;
5 ; 17 ; 16 ; 0.0845516 ; 0.0139722 ; 0.0123132 ; 101.229;
6 ; 17 ; 16 ; 0.0599758 ; 0.0169308 ; 0.0150415 ; 101.068;
7 ; 17 ; 16 ; 0.061626 ; 0.0067073 ; 0.0123863 ; 101.223;
8 ; 17 ; 16 ; 0.0455075 ; 0.00701126 ; 0.00995965 ; 101.565;
9 ; 17 ; 16 ; 0.0819359 ; -0.00819709 ; -0.00333014 ; 100.471;
10 ; 17 ; 16 ; 0.0655853 ; 0.00663809 ; 0.0130571 ; 101.571;
11 ; 17 ; 16 ; 0.0732118 ; -0.000451689 ; 0.0131645 ; 101.132;
12 ; 17 ; 16 ; 0.070998 ; -0.000533718 ; 0.00861045 ; 101.849;
13 ; 17 ; 16 ; 0.0846607 ; -0.00485665 ; 0.00654817 ; 101.075;
14 ; 17 ; 16 ; 0.0822706 ; 0.00442932 ; 0.00198945 ; 101.768;
15 ; 17 ; 16 ; 0.0659176 ; -0.00023167 ; -0.001732 ; 101.733;
16 ; 17 ; 16 ; 0.0543186 ; -0.0211855 ; -0.00321741 ; 101.633;
17 ; 17 ; 16 ; 0.0702562 ; -0.00638313 ; -0.00151956 ; 101.284;
18 ; 17 ; 16 ; 0.0592487 ; -0.00414536 ; 0.00102735 ; 101.311;
19 ; 17 ; 16 ; 0.0524581 ; -0.00550703 ; 0.00556213 ; 101.409;
20 ; 17 ; 16 ; 0.0591664 ; -0.001288 ; -0.0057529 ; 101.568;
21 ; 17 ; 16 ; 0.058403 ; 0.0118424 ; -0.0142876 ; 101.246;
4 ; 18 ; 16 ; 0.0572669 ; 0.0146373 ; 0.0157641 ; 101.718;
5 ; 18 ; 16 ; 0.064375 ; -0.000520157 ; 0.00447108 ; 101.882;
6 ; 18 ; 16 ; 0.0642968 ; 0.00110191 ; -0.00331874 ; 101.618;
7 ; 18 ; 16 ; 0.0590135 ; 0.000674766 ; -0.00816583 ; 100.962;
8 ; 18 ; 16 ; 0.0636974 ; 0.00444184 ; 0.00674146 ; 101.618;
9 ; 18 ; 16 ; 0.0446126 ; 0.00370492 ; 0.0040182 ; 101.65;
10 ; 18 ; 16 ; 0.0566049 ; 0.0160605 ; 0.0200545 ; 101.644;
11 ; 18 ; 16 ; 0.0578998 ; -0.0244965 ; 0.0124924 ; 101.938;
12 ; 18 ; 16 ; 0.0772869 ; -0.00169347 ; -0.0029317 ; 101.282;
13 ; 18 ; 16 ; 0.0741567 ; -0.0103767 ; 0.00596646 ; 101.991;
14 ; 18 ; 16 ; 0.0715589 ; 0.0167388 ; 0.00647577 ; 100.97;
15 ; 18 ; 16 ; 0.0692227 ; 0.016175 ; -0.0120135 ; 101.531;
16 ; 18 ; 16 ; 0.0581114 ; -0.00369865 ; 0.00939298 ; 101.594;
17 ; 18 ; 16 ; 0.0518831 ; -0.012468 ; 0.00537433 ; 101.099;
18 ; 18 ; 16 ; 0.0599578 ; 0.00151548 ; -0.00189373 ; 102.161;
19 ; 18 ; 16 ; 0.0729747 ; 0.0315676 ; -0.0186856 ; 101.353;
20 ; 18 ; 16 ; 0.0728994 ; -0.00697748 ; -0.0161692 ; 101.758;
21 ; 18 ; 16 ; 0.0773517 ; -0.0047014 ; 0.00545456 ; 101.654;
4 ; 19 ; 16 ; 0.0679492 ; -0.0123858 ; 0.00139581 ; 101.625;
5 ; 19 ; 16 ; 0.0690993 ; -1.88021e-05 ; 0.0205685 ; 100.639;
6 ; 19 ; 16 ; 0.0773912 ; -0.0142441 ; -0.00303837 ; 101.715;
7 ; 19 ; 16 ; 0.049497 ; -0.00966075 ; -0.00507748 ; 101.243;
8 ; 19 ; 16 ; 0.0776544 ; 0.0146846 ; -0.00972289 ; 101.205;
9 ; 19 ; 16 ; 0.0591804 ; 0.00841795 ; -0.013779 ; 101.285;
10 ; 19 ; 16 ; 0.0811015 ; 0.00866112 ; -0.000277285 ; 101.522;
11 ; 19 ; 16 ; 0.067403 ; -0.00901182 ; 0.00262701 ; 101.727;
12 ; 19 ; 16 ; 0.0568431 ; -0.0125099 ; -0.00290177 ; 101.481;
13 ; 19 ; 16 ; 0.0838963 ; -0.0106591 ; -0.00427041 ; 101.885;
14 ; 19 ; 16 ; 0.0746341 ; 0.0163488 ; -0.00570408 ; 101.076;
15 ; 19 ; 16 ; 0.0745779 ; 0.00714589 ; 0.000910192 ; 100.86;
16 ; 19 ; 16 ; 0.0669976 ; -0.00190624 ; -0.0185249 ; 101.271;
17 ; 19 ; 16 ; 0.0564897 ; -0.0149181 ; -0.0119504 ; 101.76;
18 ; 19 ; 16 ; 0.034794 ; 0.00680844 ; -0.00505283 ; 102.043;
19 ; 19 ; 16 ; 0.0581042 ; 0.0134929 ; 0.00197156 ; 101.595;
20 ; 19 ; 16 ; 0.0686597 ; 0.00683592 ; 0.00493511 ; 101.67;
21 ; 19 ; 16 ; 0.0702597 ; 0.0273474 ; 0.0008025 ; 101.266;
4 ; 20 ; 16 ; 0.0662036 ; -0.00401846 ; -0.00235198 ; 102.196;
5 ; 20 ; 16 ; 0.0585173 ; -0.0254523 ; 0.00389105 ; 101.105;
6 ; 20 ; 16 ; 0.0765999 ; 0.00113435 ; -0.000806369 ; 101.247;
7 ; 20 ; 16 ; 0.0716337 ; -0.00646655 ; 0.000177156 ; 101.518;
8 ; 20 ; 16 ; 0.0692694 ; 0.00915864 ; -0.0049012 ; 101.289;
9 ; 20 ; 16 ; 0.0735321 ; -0.00182364 ; -0.0133968 ; 101.978;
10 ; 20 ; 16 ; 0.0632158 ; 0.00883559 ; 0.00190714 ; 100.99;
11 ; 20 ; 16 ; 0.050946 ; 0.0024537 ; -0.00683637 ; 101.666;
12 ; 20 ; 16 ; 0.0609898 ; 0.00503655 ; -0.00393908 ; 101.628;
13 ; 20 ; 16 ; 0.0765975 ; -0.00247471 ; 0.00435443 ; 100.744;
14 ; 20 ; 16 ; 0.0460688 ; -0.0113212 ; 0.0134311 ; 101.232;
15 ; 20 ; 16 ; 0.049083 ; 0.0197359 ; -0.0151456 ; 101.353;
16 ; 20 ; 16 ; 0.0755255 ; 0.00829004 ; -0.00269942 ; 102.055;
17 ; 20 ; 16 ; 0.0828253 ; 0.00249583 ; -0.00731179 ; 100.919;
18 ; 20 ; 16 ; 0.0654057 ; -0.00235147 ; 0.00574991 ; 102.374;
19 ; 20 ; 16 ; 0.0568852 ; -0.00273694 ; -0.00449677 ; 101.789;
20 ; 20 ; 16 ; 0.0532118 ; -0.00465696 ; -0.00950267 ; 101.179;
21 ; 20 ; 16 ; 0.0619137 ; 0.00285055 ; 0.00132578 ; 101.503;
4 ; 21 ; 16 ; 0.0787113 ; 0.00336445 ; 0.00555992 ; 101.028;
5 ; 21 ; 16 ; 0.0776482 ; -0.00778208 ; 0.0104099 ; 101.543;
6 ; 21 ; 16 ; 0.0536406 ; -0.00616522 ; -0.00199296 ; 101.831;
7 ; 21 ; 16 ; 0.0648666 ; 0.0053838 ; -0.0024437 ; 101.558;
8 ; 21 ; 16 ; 0.0690813 ; 0.00280587 ; -0.00316641 ; 101.86;
9 ; 21 ; 16 ; 0.0810197 ; 0.0012989 ; -0.00658618 ; 101.764;
10 ; 21 ; 16 ; 0.0673599 ; 0.0167685 ; -0.00661568 ; 101.875;
11 ; 21 ; 16 ; 0.0661377 ; 0.000338896 ; 0.0102307 ; 101.276;
12 ; 21 ; 16 ; 0.0513322 ; -0.00833587 ; 0.00760627 ; 101.194;
13 ; 21 ; 16 ; 0.0586488 ; -0.00943581 ; -0.0102413 ; 100.897;
14 ; 21 ; 16 ; 0.0683408 ; -0.00540956 ; 0.00443328 ; 101.63;
15 ; 21 ; 16 ; 0.0682152 ; -0.00649674 ; -0.0267498 ; 101.103;
16 ; 21 ; 16 ; 0.0884124 ; 0.00219792 ; -8.41975e-05 ; 101.661;
17 ; 21 ; 16 ; 0.0682388 ; -0.00739407 ; -0.000655922 ; 101.784;
18 ; 21 ; 16 ; 0.0726636 ; 0.00998326 ; -0.00487044 ; 101.286;
19 ; 21 ; 16 ; 0.088833 ; 0.00188552 ; -0.0104005 ; 100.98;
20 ; 21 ; 16 ; 0.0555244 ; 0.00651024 ; 0.00849553 ; 101.149;
21 ; 21 ; 16 ; 0.0732628 ; -0.0264948 ; 0.00968292 ; 101.72;
4 ; 4 ; 17 ; 0.0385543 ; -0.00491582 ; -0.00136652 ; 101.354;
5 ; 4 ; 17 ; 0.0574909 ; -0.00562415 ; -0.00134464 ; 101.279;
6 ; 4 ; 17 ; 0.0338635 ; -0.0185897 ; 0.0049792 ; 101.6;
7 ; 4 ; 17 ; 0.0613985 ; 0.0010666 ; -0.00347015 ; 101.676;
8 ; 4 ; 17 ; 0.0570755 ; 0.000334232 ; 0.00142712 ; 101.892;
9 ; 4 ; 17 ; 0.0309244 ; -0.0155675 ; 0.0115061 ; 101.492;
10 ; 4 ; 17 ; 0.0477316 ; 0.00149081 ; 0.0110369 ; 101.219;
11 ; 4 ; 17 ; 0.0175046 ; -0.0147639 ; -0.00764403 ; 100.824;
12 ; 4 ; 17 ; 0.0528105 ; -0.00893964 ; 0.00547836 ; 101.917;
13 ; 4 ; 17 ; 0.0525266 ; -0.0039373 ; -0.0133378 ; 101.25;
14 ; 4 ; 17 ; 0.0307384 ; 0.0111396 ; -0.012479 ; 100.836;
15 ; 4 ; 17 ; 0.0337317 ; -0.0210467 ; -0.0117276 ; 101.315;
16 ; 4 ; 17 ; 0.0395155 ; -0.0104642 ; -0.016512 ; 101.649;
17 ; 4 ; 17 ; 0.043539 ; 0.0103698 ; 0.0162529 ; 100.991;
18 ; 4 ; 17 ; 0.0282363 ; -0.00324461 ; -0.0107946 ; 101.619;
19 ; 4 ; 17 ; 0.0520494 ; 0.00433976 ; -0.00507359 ; 101.844;
20 ; 4 ; 17 ; 0.0642556 ; -0.00237685 ; -0.0092671 ; 101.685;
21 ; 4 ; 17 ; 0.0428276 ; 0.0142156 ; -0.00490373 ; 101.332;
4 ; 5 ; 17 ; 0.055649 ; -0.0168567 ; 0.00997785 ; 100.736;
5 ; 5 ; 17 ; 0.0504449 ; 0.00763675 ; 0.0151968 ; 101.037;
6 ; 5 ; 17 ; 0.0370215 ; 0.00998408 ; 0.0218234 ; 102.108;
7 ; 5 ; 17 ; 0.0444008 ; -0.00341721 ; -0.0212429 ; 102.12;
8 ; 5 ; 17 ; 0.0419356 ; -0.0025052 ; -0.00158058 ; 101.116;
9 ; 5 ; 17 ; 0.0509866 ; -0.0148093 ; 0.0127819 ; 102.193;
10 ; 5 ; 17 ; 0.0428398 ; 0.016936 ; 0.00904921 ; 100.614;
11 ; 5 ; 17 ; 0.0429252 ; -0.022708 ; 0.0230823 ; 101.237;
12 ; 5 ; 17 ; 0.0429495 ; -0.00513476 ; 0.0043803 ; 101.808;
13 ; 5 ; 17 ; 0.0511139 ; -0.0180129 ; -4.89996e-05 ; 101.321;
14 ; 5 ; 17 ; 0.0562905 ; -0.0137363 ; -0.00423861 ; 101.363;
15 ; 5 ; 17 ; 0.0487865 ; -0.00362593 ; -0.00677177 ; 101.116;
16 ; 5 ; 17 ; 0.0675034 ; -0.0109699 ; -0.00620429 ; 101.523;
17 ; 5 ; 17 ; 0.0427947 ; 0.00696521 ; 0.00657291 ; 101.754;
18 ; 5 ; 17 ; 0.0436543 ; -0.00113879 ; 0.00763992 ; 101.43;
19 ; 5 ; 17 ; 0.0362091 ; -0.0151821 ; -0.00173528 ; 101.496;
20 ; 5 ; 17 ; 0.0532613 ; -0.00860765 ; -0.011199 ; 101.511;
21 ; 5 ; 17 ; 0.0460207 ; 0.02147 ; -0.0193474 ; 101.443;
4 ; 6 ; 17 ; 0.0552631 ; 0.000237969 ; 0.00953483 ; 101.317;
5 ; 6 ; 17 ; 0.0383555 ; 0.000894625 ; -0.0027899 ; 101.019;
6 ; 6 ; 17 ; 0.0471825 ; -0.0121261 ; -0.00373989 ; 101.678;
7 ; 6 ; 17 ; 0.0536726 ; 0.0196166 ; 0.00355784 ; 102.203;
8 ; 6 ; 17 ; 0.0363934 ; -0.00446285 ; 0.00390279 ; 101.353;
9 ; 6 ; 17 ; 0.0340809 ; 0.00358153 ; -7.73913e-05 ; 101.692;
10 ; 6 ; 17 ; 0.048789 ; -0.00178077 ; 0.010697 ; 101.597;
11 ; 6 ; 17 ; 0.0233326 ; 0.0081201 ; 0.0234972 ; 101.509;
12 ; 6 ; 17 ; 0.0368906 ; -0.00324772 ; 0.0142756 ; 101.145;
13 ; 6 ; 17 ; 0.0465603 ; 0.00775146 ; 0.00858721 ; 101.452;
14 ; 6 ; 17 ; 0.0483432 ; -0.00744978 ; -0.00661577 ; 101.707;
15 ; 6 ; 17 ; 0.0522958 ; 0.0126314 ; 0.000603616 ; 101.477;
16 ; 6 ; 17 ; 0.0551242 ; 0.0124367 ; -0.0109074 ; 101.78;
17 ; 6 ; 17 ; 0.0543851 ; -0.0084529 ; -0.0107964 ; 101.258;
18 ; 6 ; 17 ; 0.0578492 ; -0.00668966 ; -0.0140334 ; 101.419;
19 ; 6 ; 17 ; 0.0539621 ; 0.0045564 ; -0.0319453 ; 101.61;
20 ; 6 ; 17 ; 0.0429198 ; 0.00832655 ; 0.0217195 ; 101.277;
21 ; 6 ; 17 ; 0.0466937 ; 0.00696204 ; -0.00219465 ; 100.787;
4 ; 7 ; 17 ; 0.0219853 ; 0.00113379 ; 0.000687401 ; 101.794;
5 ; 7 ; 17 ; 0.0459523 ; -0.00162764 ; 0.0132753 ; 101.598;
6 ; 7 ; 17 ; 0.0384986 ; -0.00815623 ; 0.0114986 ; 101.102;
7 ; 7 ; 17 ; 0.0395567 ; 0.00885094 ; -0.00773541 ; 101.282;
8 ; 7 ; 17 ; 0.0429193 ; -0.00938663 ; 0.00188342 ; 101.879;
9 ; 7 ; 17 ; 0.0346833 ; 0.0108276 ; 0.000828214 ; 101.488;
10 ; 7 ; 17 ; 0.055572 ; -0.00518108 ; 0.016978 ; 101.437;
11 ; 7 ; 17 ; 0.0293208 ; -0.00232299 ; 0.00982775 ; 101.548;
12 ; 7 ; 17 ; 0.035672 ; -0.00582345 ; 0.0183123 ; 101.71;
13 ; 7 ; 17 ; 0.042189 ; -0.00374414 ; -0.0220272 ; 101.577;
14 ; 7 ; 17 ; 0.0443245 ; -0.0058895 ; 0.000328022 ; 101.312;
15 ; 7 ; 17 ; 0.0627583 ; -0.00856625 ; -0.00384316 ; 101.557;
16 ; 7 ; 17 ; 0.0478005 ; -0.0177098 ; 0.00759734 ; 101.71;
17 ; 7 ; 17 ; 0.0472323 ; 0.0249027 ; -0.00400807 ; 101.213;
18 ; 7 ; 17 ; 0.0462305 ; 0.00304866 ; -0.00082408 ; 101.143;
19 ; 7 ; 17 ; 0.0389553 ; 0.00290573 ; -0.00326803 ; 101.494;
20 ; 7 ; 17 ; 0.0555272 ; 0.0032636 ; 0.00712257 ; 101.133;
21 ; 7 ; 17 ; 0.060456 ; 0.0173308 ; -0.0022625 ; 101.716;
4 ; 8 ; 17 ; 0.0381839 ; 0.0101851 ; -0.00284182 ; 101.222;
5 ; 8 ; 17 ; 0.0654862 ; 0.00793727 ; 0.00103266 ; 101.595;
6 ; 8 ; 17 ; 0.0380868 ; 0.0118331 ; -0.00589093 ; 101.342;
7 ; 8 ; 17 ; 0.0476123 ; 0.0094963 ; 0.00494389 ; 101.389;
8 ; 8 ; 17 ; 0.0518659 ; -0.00178579 ; -0.0093869 ; 101.354;
9 ; 8 ; 17 ; 0.0272695 ; -0.00358949 ; 0.00667666 ; 100.431;
10 ; 8 ; 17 ; 0.0543547 ; -0.00630212 ; -0.0069503 ; 101.142;
11 ; 8 ; 17 ; 0.0435464 ; 0.00250484 ; 0.000501268 ; 101.749;
12 ; 8 ; 17 ; 0.0691438 ; -0.0026943 ; 0.00547471 ; 101.237;
13 ; 8 ; 17 ; 0.0526317 ; 0.00560573 ; 0.00788063 ; 101.418;
14 ; 8 ; 17 ; 0.0521083 ; 0.0164355 ; 0.00465771 ; 101.09;
15 ; 8 ; 17 ; 0.0573918 ; 0.00583836 ; -0.00173683 ; 101.756;
16 ; 8 ; 17 ; 0.0653498 ; -0.00205134 ; -0.0213794 ; 101.68;
17 ; 8 ; 17 ; 0.0564723 ; -0.00599018 ; 0.00115455 ; 101.668;
18 ; 8 ; 17 ; 0.047023 ; 0.0044853 ; -0.00553493 ; 101.702;
19 ; 8 ; 17 ; 0.0484927 ; 0.0198993 ; 0.0181302 ; 102.231;
20 ; 8 ; 17 ; 0.0536668 ; 0.0228178 ; -0.0114996 ; 101.443;
21 ; 8 ; 17 ; 0.0396766 ; 0.0018536 ; -0.0109901 ; 101.612;
4 ; 9 ; 17 ; 0.0497551 ; 0.00311068 ; -0.00983102 ; 101.37;
5 ; 9 ; 17 ; 0.051215 ; -0.00800013 ; 0.00901128 ; 101.641;
6 ; 9 ; 17 ; 0.0502114 ; 0.00706094 ; 0.0226034 ; 101.672;
7 ; 9 ; 17 ; 0.0522805 ; -0.00236301 ; -0.00663772 ; 101.41;
8 ; 9 ; 17 ; 0.0378743 ; 0.00247679 ; 0.00673014 ; 101.931;
9 ; 9 ; 17 ; 0.0457969 ; 0.011191 ; -0.0193962 ; 101.457;
10 ; 9 ; 17 ; 0.0415897 ; 0.00890172 ; 0.00421892 ; 101.771;
11 ; 9 ; 17 ; 0.0439198 ; 0.00112474 ; 0.0109311 ; 101.859;
12 ; 9 ; 17 ; 0.0500322 ; -0.0242238 ; -0.00107136 ; 101.104;
13 ; 9 ; 17 ; 0.0536806 ; -0.00788218 ; -0.00696791 ; 101.417;
14 ; 9 ; 17 ; 0.0511466 ; -0.01853 ; -0.00484184 ; 101.984;
15 ; 9 ; 17 ; 0.0477918 ; 0.000564349 ; 0.00534932 ; 101.51;
16 ; 9 ; 17 ; 0.0458124 ; -0.00304678 ; -0.0176898 ; 101.682;
17 ; 9 ; 17 ; 0.0535118 ; -0.00313628 ; 0.00979915 ; 102.118;
18 ; 9 ; 17 ; 0.0467442 ; -0.0176035 ; -0.00729126 ; 100.775;
19 ; 9 ; 17 ; 0.0459982 ; -0.00354827 ; -0.0059936 ; 102.09;
20 ; 9 ; 17 ; 0.0612715 ; 0.0088961 ; 0.00676541 ; 101.71;
21 ; 9 ; 17 ; 0.0486185 ; -0.0107314 ; 0.00279323 ; 101.572;
4 ; 10 ; 17 ; 0.035461 ; 0.0117255 ; 0.00812426 ; 101.322;
5 ; 10 ; 17 ; 0.0514038 ; 0.00748207 ; 0.0180543 ; 101.641;
6 ; 10 ; 17 ; 0.0474199 ; -0.00750808 ; -0.00979969 ; 100.808;
7 ; 10 ; 17 ; 0.0561628 ; 0.0129098 ; -0.00781404 ; 101.77;
8 ; 10 ; 17 ; 0.0426238 ; -0.00248151 ; 0.0119414 ; 101.729;
9 ; 10 ; 17 ; 0.0511815 ; -0.018604 ; 0.000818196 ; 101.752;
10 ; 10 ; 17 ; 0.0290184 ; 0.00384083 ; -0.00367302 ; 101.603;
11 ; 10 ; 17 ; 0.0463075 ; -0.00541457 ; 0.00619022 ; 101.713;
12 ; 10 ; 17 ; 0.0499778 ; -0.0125024 ; -0.00974585 ; 101.402;
13 ; 10 ; 17 ; 0.0555761 ; -0.00545328 ; 0.00463469 ; 101.833;
14 ; 10 ; 17 ; 0.0347769 ; 0.00988946 ; 0.00145812 ; 101.684;
15 ; 10 ; 17 ; 0.0491964 ; -0.00267533 ; -0.0174068 ; 101.56;
16 ; 10 ; 17 ; 0.0561958 ; -0.00987909 ; -0.00258528 ; 102.059;
17 ; 10 ; 17 ; 0.0478355 ; -0.00916545 ; -0.00534308 ; 101.337;
18 ; 10 ; 17 ; 0.0401921 ; -0.00386331 ; 0.00673393 ; 101.587;
19 ; 10 ; 17 ; 0.049248 ; -0.00108719 ; -0.00241832 ; 101.1;
20 ; 10 ; 17 ; 0.0444114 ; -0.00624742 ; -0.0169707 ; 102.008;
21 ; 10 ; 17 ; 0.0276137 ; -0.00590582 ; -0.00240512 ; 101.461;
4 ; 11 ; 17 ; 0.0482375 ; 0.00906622 ; 0.0118151 ; 101.077;
5 ; 11 ; 17 ; 0.0388884 ; -0.0206935 ; 0.020258 ; 101.199;
6 ; 11 ; 17 ; 0.0576653 ; -0.0170715 ; 0.01726 ; 100.781;
7 ; 11 ; 17 ; 0.0313662 ; 0.000268226 ; 0.0088753 ; 101.888;
8 ; 11 ; 17 ; 0.0584047 ; 0.0102066 ; -0.0164898 ; 101.223;
9 ; 11 ; 17 ; 0.0484754 ; -0.010487 ; -0.00897368 ; 101.075;
10 ; 11 ; 17 ; 0.0501599 ; 0.00564089 ; -0.00248259 ; 101.249;
11 ; 11 ; 17 ; 0.0625224 ; -0.00441053 ; -0.014266 ; 101.63;
12 ; 11 ; 17 ; 0.0667069 ; -0.010283 ; 0.0054295 ; 100.759;
13 ; 11 ; 17 ; 0.0477049 ; 0.00155115 ; -0.00710448 ; 101.46;
14 ; 11 ; 17 ; 0.0530548 ; 0.00384542 ; 0.00486233 ; 101.139;
15 ; 11 ; 17 ; 0.0545731 ; 0.00168019 ; -0.00957272 ; 101.592;
16 ; 11 ; 17 ; 0.030752 ; 0.0102161 ; -0.00270312 ; 101.417;
17 ; 11 ; 17 ; 0.0582739 ; -0.0176997 ; 0.00709448 ; 100.478;
18 ; 11 ; 17 ; 0.0469691 ; 0.00555013 ; 0.000204605 ; 101.46;
19 ; 11 ; 17 ; 0.0493297 ; 0.0108228 ; -0.00558512 ; 100.813;
20 ; 11 ; 17 ; 0.0366901 ; 0.00247482 ; -0.000404726 ; 102.145;
21 ; 11 ; 17 ; 0.0543691 ; -0.0121109 ; 0.00843532 ; 101.606;
4 ; 12 ; 17 ; 0.0519713 ; -0.0128935 ; 0.00256004 ; 101.218;
5 ; 12 ; 17 ; 0.0472027 ; -0.00547168 ; 0.00953619 ; 101.488;
6 ; 12 ; 17 ; 0.0674918 ; 0.000457284 ; 0.0188 ; 101.063;
7 ; 12 ; 17 ; 0.0428852 ; 0.00127599 ; 0.00873342 ; 100.714;
8 ; 12 ; 17 ; 0.0544083 ; 0.00156384 ; 0.00784024 ; 101.797;
9 ; 12 ; 17 ; 0.0400605 ; 0.00535007 ; 0.00772821 ; 101.412;
10 ; 12 ; 17 ; 0.0370979 ; 0.00571408 ; -0.00170359 ; 101.291;
11 ; 12 ; 17 ; 0.0712985 ; 0.000340732 ; -0.0085181 ; 101.339;
12 ; 12 ; 17 ; 0.0440534 ; -0.00646181 ; 0.00651879 ; 101.55;
13 ; 12 ; 17 ; 0.0474253 ; 0.00285798 ; 0.0118646 ; 101.757;
14 ; 12 ; 17 ; 0.0459051 ; 0.0061133 ; 0.00948526 ; 101.69;
15 ; 12 ; 17 ; 0.0339056 ; 0.0064299 ; -0.00254975 ; 100.831;
16 ; 12 ; 17 ; 0.050818 ; -0.0168456 ; -0.00959182 ; 101.596;
17 ; 12 ; 17 ; 0.0372311 ; 0.0158744 ; -0.00812993 ; 101.034;
18 ; 12 ; 17 ; 0.032112 ; -0.00563567 ; -0.011838 ; 101.202;
19 ; 12 ; 17 ; 0.0486259 ; 0.00595363 ; 0.00454122 ; 101.446;
20 ; 12 ; 17 ; 0.0543086 ; -5.43769e-05 ; -0.00646462 ; 102.079;
21 ; 12 ; 17 ; 0.0278911 ; -0.00973783 ; -0.001045 ; 101.292;
4 ; 13 ; 17 ; 0.0676185 ; -0.00567424 ; 0.0103916 ; 101.491;
5 ; 13 ; 17 ; 0.0440493 ; 0.00296408 ; -0.00747772 ; 101.3;
6 ; 13 ; 17 ; 0.037707 ; 0.00667905 ; 0.00783185 ; 101.879;
7 ; 13 ; 17 ; 0.0331805 ; 0.0170789 ; -0.0037128 ; 101.079;
8 ; 13 ; 17 ; 0.0443281 ; -0.0116131 ; 0.00875079 ; 101.764;
9 ; 13 ; 17 ; 0.0250725 ; -0.00887751 ; 0.0109553 ; 101.163;
10 ; 13 ; 17 ; 0.0372522 ; 0.00964313 ; 0.00728622 ; 101.328;
11 ; 13 ; 17 ; 0.0514689 ; -0.00650568 ; -0.018215 ; 101.234;
12 ; 13 ; 17 ; 0.0436529 ; 0.0193026 ; 0.00563737 ; 101.773;
13 ; 13 ; 17 ; 0.0473255 ; 0.0251385 ; 0.00614533 ; 101.162;
14 ; 13 ; 17 ; 0.050732 ; 0.00500116 ; -0.00182555 ; 101.511;
15 ; 13 ; 17 ; 0.0497009 ; -0.0127077 ; -0.00606597 ; 101.643;
16 ; 13 ; 17 ; 0.0339539 ; 0.0137808 ; -0.0220897 ; 101.249;
17 ; 13 ; 17 ; 0.039552 ; 0.0134854 ; 0.00232337 ; 101.415;
18 ; 13 ; 17 ; 0.0477791 ; -0.0167507 ; -0.00479474 ; 101.423;
19 ; 13 ; 17 ; 0.0572251 ; -0.00875764 ; -0.00928752 ; 101.48;
20 ; 13 ; 17 ; 0.0435641 ; -0.00930735 ; -0.0167768 ; 101.261;
21 ; 13 ; 17 ; 0.0459998 ; -0.0111035 ; 0.00492674 ; 101.981;
4 ; 14 ; 17 ; 0.0400071 ; 0.00657947 ; -0.00363989 ; 101.609;
5 ; 14 ; 17 ; 0.0250163 ; 0.0108202 ; 0.00157232 ; 100.917;
6 ; 14 ; 17 ; 0.0299574 ; -0.0123797 ; -0.00308947 ; 101.787;
7 ; 14 ; 17 ; 0.0430386 ; 0.00960815 ; 0.00476126 ; 102.19;
8 ; 14 ; 17 ; 0.0480307 ; 0.0136416 ; -0.0214694 ; 100.299;
9 ; 14 ; 17 ; 0.0445467 ; 0.00548166 ; 4.54966e-05 ; 101.251;
10 ; 14 ; 17 ; 0.0280402 ; -0.0133986 ; -0.0166213 ; 101.25;
11 ; 14 ; 17 ; 0.0595992 ; 0.00477911 ; -0.00525815 ; 101.651;
12 ; 14 ; 17 ; 0.0602511 ; 0.00178713 ; -0.0123761 ; 101.762;
13 ; 14 ; 17 ; 0.0476115 ; 0.0114781 ; -0.00377025 ; 100.963;
14 ; 14 ; 17 ; 0.0420883 ; -0.00431162 ; -0.00613731 ; 102.143;
15 ; 14 ; 17 ; 0.0468612 ; 0.0111673 ; 0.00749414 ; 100.714;
16 ; 14 ; 17 ; 0.0502205 ; 0.00111811 ; 0.000981579 ; 101.665;
17 ; 14 ; 17 ; 0.0376033 ; 0.0188983 ; -0.0163309 ; 101.877;
18 ; 14 ; 17 ; 0.0512566 ; -0.00140665 ; 0.000975511 ; 101.748;
19 ; 14 ; 17 ; 0.0618008 ; -0.00196288 ; 0.0050878 ; 101.122;
20 ; 14 ; 17 ; 0.0479199 ; -0.021805 ; -0.0145702 ; 101.288;
21 ; 14 ; 17 ; 0.0453533 ; -0.0110688 ; -0.0107571 ; 101.162;
4 ; 15 ; 17 ; 0.0526255 ; -0.00815173 ; -0.0167369 ; 101.25;
5 ; 15 ; 17 ; 0.0365343 ; -0.00746747 ; -0.00334122 ; 101.818;
6 ; 15 ; 17 ; 0.0424906 ; -0.0161184 ; 0.0169688 ; 101.892;
7 ; 15 ; 17 ; 0.0549478 ; -0.0159644 ; -0.00225975 ; 101.438;
8 ; 15 ; 17 ; 0.0479409 ; -0.00233525 ; 0.00816441 ; 101.534;
9 ; 15 ; 17 ; 0.0282543 ; -0.00285176 ; -0.00115681 ; 101.182;
10 ; 15 ; 17 ; 0.0442775 ; 0.00260187 ; 0.00455786 ; 101.687;
11 ; 15 ; 17 ; 0.0558291 ; 0.00404661 ; 0.00436879 ; 101.611;
12 ; 15 ; 17 ; 0.0536476 ; -0.0145779 ; 0.0064817 ; 101.514;
13 ; 15 ; 17 ; 0.0415984 ; 0.0203817 ; -0.00305385 ; 101.663;
14 ; 15 ; 17 ; 0.0560786 ; -0.0157793 ; -0.00566158 ; 101.616;
15 ; 15 ; 17 ; 0.0423763 ; -0.00753933 ; -0.00531671 ; 101.449;
16 ; 15 ; 17 ; 0.0498535 ; 0.00702721 ; -0.012338 ; 101.546;
17 ; 15 ; 17 ; 0.0496236 ; 0.0208439 ; -0.00368117 ; 101.313;
18 ; 15 ; 17 ; 0.0508629 ; 0.00354904 ; -0.0164872 ; 101.899;
19 ; 15 ; 17 ; 0.0652976 ; -0.00885877 ; -0.014906 ; 101.287;
20 ; 15 ; 17 ; 0.0451016 ; 0.00629636 ; 0.012122 ; 101.179;
21 ; 15 ; 17 ; 0.0504345 ; 0.00340897 ; -0.0131189 ; 101.717;
4 ; 16 ; 17 ; 0.0441922 ; 0.0092599 ; -0.00378663 ; 101.496;
5 ; 16 ; 17 ; 0.0461021 ; 0.0219458 ; 0.0194225 ; 101.777;
6 ; 16 ; 17 ; 0.0621002 ; -0.00596214 ; -0.00555192 ; 102.114;
7 ; 16 ; 17 ; 0.0518577 ; -0.000985629 ; -0.00801593 ; 101.111;
8 ; 16 ; 17 ; 0.034024 ; -0.000154156 ; 0.0201976 ; 101.373;
9 ; 16 ; 17 ; 0.0330953 ; -0.00570237 ; 0.0053646 ; 101.283;
10 ; 16 ; 17 ; 0.047066 ; -0.0102111 ; 0.00658804 ; 101.121;
11 ; 16 ; 17 ; 0.0323327 ; -0.013483 ; -0.00701919 ; 101.214;
12 ; 16 ; 17 ; 0.046028 ; -0.0209112 ; 0.00289411 ; 101.032;
13 ; 16 ; 17 ; 0.0397702 ; 0.0033169 ; 0.0108383 ; 100.815;
14 ; 16 ; 17 ; 0.0421038 ; -0.00927601 ; 0.00487638 ; 102.047;
15 ; 16 ; 17 ; 0.034994 ; 0.0236583 ; 0.00180336 ; 101.118;
16 ; 16 ; 17 ; 0.0620707 ; -0.00282281 ; -0.0139408 ; 102.203;
17 ; 16 ; 17 ; 0.0648093 ; -0.00647595 ; -0.00769783 ; 102.126;
18 ; 16 ; 17 ; 0.0532936 ; 0.0109035 ; -0.00249914 ; 101.508;
19 ; 16 ; 17 ; 0.0305467 ; -0.00339081 ; 0.0180206 ; 101.634;
20 ; 16 ; 17 ; 0.0338816 ; -0.00882857 ; 0.00841863 ; 101.514;
21 ; 16 ; 17 ; 0.0373399 ; -0.00437109 ; -0.0023869 ; 101.551;
4 ; 17 ; 17 ; 0.0496729 ; 0.00173137 ; -0.00473525 ; 102.075;
5 ; 17 ; 17 ; 0.0351391 ; 0.0145949 ; 0.00207776 ; 101.296;
6 ; 17 ; 17 ; 0.0537779 ; 0.0106015 ; 0.00846011 ; 101.596;
7 ; 17 ; 17 ; 0.0373155 ; 0.0160681 ; 0.00704682 ; 101.582;
8 ; 17 ; 17 ; 0.0473458 ; 0.00552614 ; 0.00085376 ; 101.617;
9 ; 17 ; 17 ; 0.0526538 ; -0.000295477 ; 0.0114334 ; 101.597;
10 ; 17 ; 17 ; 0.0336777 ; 0.0159307 ; -3.15724e-05 ; 101.975;
11 ; 17 ; 17 ; 0.0591335 ; -0.0108782 ; -0.00381989 ; 101.032;
12 ; 17 ; 17 ; 0.0498758 ; -0.0223351 ; -0.000543392 ; 101.435;
13 ; 17 ; 17 ; 0.0490536 ; 0.00241616 ; -0.0039352 ; 100.468;
14 ; 17 ; 17 ; 0.0358424 ; 0.0047276 ; -0.00288834 ; 101.815;
15 ; 17 ; 17 ; 0.0425318 ; 0.00547874 ; -0.00294935 ; 101.896;
16 ; 17 ; 17 ; 0.0439684 ; -0.00482511 ; -0.0125097 ; 101.515;
17 ; 17 ; 17 ; 0.0409392 ; -0.0118751 ; -0.0116152 ; 101.84;
18 ; 17 ; 17 ; 0.059239 ; 0.000200466 ; -0.00958973 ; 101.456;
19 ; 17 ; 17 ; 0.0599824 ; -0.00620051 ; 0.00597758 ; 101.662;
20 ; 17 ; 17 ; 0.0613191 ; -0.0170539 ; 0.0111636 ; 100.62;
21 ; 17 ; 17 ; 0.0364535 ; -0.00776783 ; 0.0153535 ; 101.095;
4 ; 18 ; 17 ; 0.0461773 ; -0.00639497 ; -0.0037713 ; 101.097;
5 ; 18 ; 17 ; 0.0500068 ; 0.00591345 ; 0.00352792 ; 101.18;
6 ; 18 ; 17 ; 0.0638466 ; -0.000795368 ; -0.00474862 ; 101.087;
7 ; 18 ; 17 ; 0.0387689 ; -0.000727404 ; -0.00011013 ; 101.87;
8 ; 18 ; 17 ; 0.0299177 ; 0.00228989 ; 0.00972441 ; 101.814;
9 ; 18 ; 17 ; 0.0387077 ; 0.00064469 ; -0.000700962 ; 101.242;
10 ; 18 ; 17 ; 0.0527071 ; -0.0059265 ; -0.0199708 ; 101.709;
11 ; 18 ; 17 ; 0.0614185 ; -0.0231125 ; -0.00228816 ; 101.649;
12 ; 18 ; 17 ; 0.0495605 ; -0.000789477 ; -0.00925252 ; 101.266;
13 ; 18 ; 17 ; 0.0442694 ; 0.0113211 ; -0.00156064 ; 101.144;
14 ; 18 ; 17 ; 0.0577318 ; 0.0090871 ; -0.014687 ; 101.612;
15 ; 18 ; 17 ; 0.0664631 ; 0.0207672 ; 0.0134462 ; 101.798;
16 ; 18 ; 17 ; 0.0470454 ; -0.00379197 ; -0.0125654 ; 101.875;
17 ; 18 ; 17 ; 0.0340735 ; 0.0147734 ; 0.00633898 ; 101.794;
18 ; 18 ; 17 ; 0.0543124 ; 0.0117088 ; -0.00408889 ; 101.134;
19 ; 18 ; 17 ; 0.0619816 ; 0.0216147 ; -0.0178507 ; 100.935;
20 ; 18 ; 17 ; 0.0531324 ; 0.00647121 ; -0.0118782 ; 101.161;
21 ; 18 ; 17 ; 0.0386586 ; 0.0110101 ; 0.00421698 ; 101.186;
4 ; 19 ; 17 ; 0.0397562 ; -0.0118852 ; 0.0196893 ; 101.094;
5 ; 19 ; 17 ; 0.0723925 ; 0.00499415 ; -0.00122996 ; 102.06;
6 ; 19 ; 17 ; 0.0489765 ; 0.00790114 ; 0.0113596 ; 101.49;
7 ; 19 ; 17 ; 0.0463609 ; 0.00610865 ; 0.0103812 ; 101.971;
8 ; 19 ; 17 ; 0.0615658 ; -0.0192122 ; 0.00317199 ; 100.762;
9 ; 19 ; 17 ; 0.041611 ; -0.00719387 ; 0.00811781 ; 101.205;
10 ; 19 ; 17 ; 0.0423827 ; -0.00775298 ; -0.0040738 ; 101.621;
11 ; 19 ; 17 ; 0.0626684 ; -0.00417801 ; -0.00593504 ; 102.002;
12 ; 19 ; 17 ; 0.0441183 ; -0.00329247 ; 0.00245509 ; 101.551;
13 ; 19 ; 17 ; 0.0435856 ; -0.0121919 ; 0.00494156 ; 100.975;
14 ; 19 ; 17 ; 0.0456336 ; 0.00923724 ; 0.00217996 ; 101.499;
15 ; 19 ; 17 ; 0.0564173 ; -0.000926792 ; 0.00177548 ; 101.762;
16 ; 19 ; 17 ; 0.0517734 ; 0.000837231 ; -0.0153511 ; 101.27;
17 ; 19 ; 17 ; 0.0384559 ; 0.019477 ; 0.000183307 ; 101.628;
18 ; 19 ; 17 ; 0.0422351 ; 0.0187963 ; 0.0183968 ; 101.455;
19 ; 19 ; 17 ; 0.0627344 ; 0.00448521 ; -0.00874372 ; 101.24;
20 ; 19 ; 17 ; 0.0325752 ; 0.00536249 ; -0.00667915 ; 100.993;
21 ; 19 ; 17 ; 0.0471208 ; 0.000725842 ; -0.0181413 ; 101.431;
4 ; 20 ; 17 ; 0.0608227 ; -0.0115152 ; -0.00017125 ; 101.094;
5 ; 20 ; 17 ; 0.047687 ; -0.00357316 ; 0.00715213 ; 101.239;
6 ; 20 ; 17 ; 0.026699 ; -0.00352677 ; 0.00887083 ; 101.543;
7 ; 20 ; 17 ; 0.0619696 ; -0.00630841 ; -0.0011833 ; 101.231;
8 ; 20 ; 17 ; 0.0307627 ; 0.00872028 ; 0.00410242 ; 101.628;
9 ; 20 ; 17 ; 0.0467038 ; 0.00759626 ; -0.00736806 ; 101.827;
10 ; 20 ; 17 ; 0.0607777 ; -0.00386131 ; 0.00289699 ; 101.545;
11 ; 20 ; 17 ; 0.0594007 ; -0.00447371 ; 0.0123134 ; 101.114;
12 ; 20 ; 17 ; 0.0550418 ; -0.0100238 ; -0.00237415 ; 101.621;
13 ; 20 ; 17 ; 0.0374698 ; -0.00695412 ; -0.0108227 ; 101.932;
14 ; 20 ; 17 ; 0.0405978 ; 0.016788 ; -0.0106125 ; 101.215;
15 ; 20 ; 17 ; 0.0495817 ; -0.00663785 ; 0.00646072 ; 101.297;
16 ; 20 ; 17 ; 0.027731 ; -0.00222441 ; -0.00566392 ; 101.925;
17 ; 20 ; 17 ; 0.0385341 ; 0.00977835 ; -0.0232213 ; 102.335;
18 ; 20 ; 17 ; 0.0484019 ; 0.0138285 ; 0.0193942 ; 101.702;
19 ; 20 ; 17 ; 0.0632356 ; -0.0132373 ; 0.00253851 ; 101.123;
20 ; 20 ; 17 ; 0.0489435 ; -0.0113095 ; -0.00357389 ; 101.421;
21 ; 20 ; 17 ; 0.0452617 ; -0.0151479 ; 0.00103989 ; 101.78;
4 ; 21 ; 17 ; 0.0632309 ; -0.00789971 ; -0.00256689 ; 100.807;
5 ; 21 ; 17 ; 0.0522807 ; 0.0100203 ; -0.00899002 ; 101.66;
6 ; 21 ; 17 ; 0.0407484 ; -0.00944463 ; -0.00563186 ; 100.976;
7 ; 21 ; 17 ; 0.0466758 ; -0.00802221 ; 0.0147585 ; 101.498;
8 ; 21 ; 17 ; 0.0505767 ; -0.00453925 ; 0.0111972 ; 101.048;
9 ; 21 ; 17 ; 0.047736 ; -0.00130498 ; 0.00777155 ; 101.597;
10 ; 21 ; 17 ; 0.0559364 ; 0.00699703 ; 0.00786011 ; 101.176;
11 ; 21 ; 17 ; 0.0520823 ; 0.00874662 ; -0.000474706 ; 101.463;
12 ; 21 ; 17 ; 0.0493265 ; 0.00181817 ; 0.0173316 ; 100.985;
13 ; 21 ; 17 ; 0.0371252 ; 0.00703397 ; -0.0201851 ; 101.376;
14 ; 21 ; 17 ; 0.0549761 ; 0.00726148 ; 0.00223278 ; 101.239;
15 ; 21 ; 17 ; 0.0357145 ; 0.00636942 ; 0.026565 ; 101.535;
16 ; 21 ; 17 ; 0.0547296 ; -0.0103903 ; -0.00535413 ; 101.542;
17 ; 21 ; 17 ; 0.0448997 ; 2.48624e-05 ; -0.00155255 ; 101.138;
18 ; 21 ; 17 ; 0.0444496 ; -0.00630259 ; 0.0138575 ; 101.586;
19 ; 21 ; 17 ; 0.0536913 ; -0.00741175 ; -0.0228513 ; 101.55;
20 ; 21 ; 17 ; 0.0381776 ; 0.0100954 ; 0.017569 ; 101.043;
21 ; 21 ; 17 ; 0.0446208 ; 0.0104222 ; -0.00918756 ; 101.836;
4 ; 4 ; 18 ; 0.0409584 ; -0.00429624 ; 0.00832412 ; 101.781;
5 ; 4 ; 18 ; 0.0320437 ; 0.0119364 ; -0.00471388 ; 101.788;
6 ; 4 ; 18 ; 0.0300179 ; -0.00115894 ; 4.3455e-05 ; 102.204;
7 ; 4 ; 18 ; 0.0124036 ; 0.000403535 ; 0.00611062 ; 101.166;
8 ; 4 ; 18 ; 0.0170829 ; 0.00142918 ; -0.0194712 ; 101.026;
9 ; 4 ; 18 ; 0.0234323 ; -0.0223283 ; -0.0154214 ; 101.573;
10 ; 4 ; 18 ; 0.0358173 ; -0.00883375 ; 0.0185082 ; 101.744;
11 ; 4 ; 18 ; 0.0241158 ; -0.0151647 ; 0.00912446 ; 101.319;
12 ; 4 ; 18 ; 0.0373829 ; 0.00257438 ; 0.00690668 ; 100.916;
13 ; 4 ; 18 ; 0.032457 ; 0.00267946 ; -0.00109522 ; 101.636;
14 ; 4 ; 18 ; 0.0119157 ; 0.00220611 ; 0.00567269 ; 101.536;
15 ; 4 ; 18 ; 0.012392 ; -0.00418316 ; -0.00534564 ; 101.07;
16 ; 4 ; 18 ; 0.0333951 ; -0.00726422 ; 0.0138206 ; 101.101;
17 ; 4 ; 18 ; 0.0420436 ; 0.0221553 ; -0.00290179 ; 101.439;
18 ; 4 ; 18 ; 0.0322384 ; -0.00557129 ; -0.0230326 ; 101.29;
19 ; 4 ; 18 ; 0.0326518 ; -0.00686451 ; -0.0164504 ; 101.89;
20 ; 4 ; 18 ; 0.0414536 ; -0.00534871 ; -0.00468844 ; 101.61;
21 ; 4 ; 18 ; 0.0282317 ; 0.000902659 ; -0.000419601 ; 101.909;
4 ; 5 ; 18 ; 0.0405419 ; -0.00449538 ; 0.000938602 ; 101.788;
5 ; 5 ; 18 ; 0.0304783 ; 0.0170719 ; 0.00800872 ; 101.537;
6 ; 5 ; 18 ; 0.036475 ; 0.00276376 ; 0.0116808 ; 100.945;
7 ; 5 ; 18 ; 0.0305565 ; 0.000205573 ; 0.00614737 ; 101.53;
8 ; 5 ; 18 ; 0.0203141 ; 0.00435267 ; -0.0110631 ; 102.039;
9 ; 5 ; 18 ; 0.0551156 ; 0.00926703 ; 0.00255404 ; 101.926;
10 ; 5 ; 18 ; 0.0282572 ; -0.00327725 ; -0.00453515 ; 101.585;
11 ; 5 ; 18 ; 0.0518412 ; -0.0106867 ; -0.00281226 ; 101.678;
12 ; 5 ; 18 ; 0.0362283 ; 0.00242421 ; 0.00935864 ; 101.32;
13 ; 5 ; 18 ; 0.0483216 ; -0.00677361 ; -0.00694827 ; 101.449;
14 ; 5 ; 18 ; 0.0293397 ; 0.00696582 ; -0.007625 ; 101.104;
15 ; 5 ; 18 ; 0.0387151 ; 0.00179099 ; -0.00244742 ; 101.652;
16 ; 5 ; 18 ; 0.0349116 ; -0.0150296 ; -0.00458782 ; 101.992;
17 ; 5 ; 18 ; 0.0358361 ; -0.00331747 ; 0.00070967 ; 101.475;
18 ; 5 ; 18 ; 0.0206452 ; 0.0118269 ; -0.000967575 ; 102.303;
19 ; 5 ; 18 ; 0.0452658 ; 0.0128215 ; -0.0162974 ; 101.77;
20 ; 5 ; 18 ; 0.0615214 ; 0.00975207 ; 0.0136876 ; 101.581;
21 ; 5 ; 18 ; 0.0322202 ; 0.0266896 ; 0.00489559 ; 101.514;
4 ; 6 ; 18 ; 0.0426421 ; -0.0156329 ; 0.0108777 ; 100.895;
5 ; 6 ; 18 ; 0.0455102 ; -0.00950028 ; 0.0146848 ; 100.87;
6 ; 6 ; 18 ; 0.0382898 ; -0.0173787 ; 0.00256965 ; 101.486;
7 ; 6 ; 18 ; 0.0286336 ; 0.000795566 ; 0.0176696 ; 101.856;
8 ; 6 ; 18 ; 0.0369806 ; -0.00284454 ; 0.0146704 ; 101.241;
9 ; 6 ; 18 ; 0.0344188 ; 0.00562755 ; 0.0153262 ; 101.616;
10 ; 6 ; 18 ; 0.0457407 ; -0.00924152 ; 0.0134135 ; 101.508;
11 ; 6 ; 18 ; 0.023588 ; -0.0243217 ; 0.00714078 ; 101.967;
12 ; 6 ; 18 ; 0.0418739 ; 0.00239045 ; 0.0125877 ; 101.662;
13 ; 6 ; 18 ; 0.0469661 ; -0.0056956 ; 0.00146799 ; 101.973;
14 ; 6 ; 18 ; 0.0270069 ; 0.0102662 ; -0.0143288 ; 101.738;
15 ; 6 ; 18 ; 0.0368285 ; -0.00710476 ; -0.00423932 ; 101.548;
16 ; 6 ; 18 ; 0.0330849 ; -0.00134703 ; 0.00465176 ; 101.967;
17 ; 6 ; 18 ; 0.0193329 ; -0.0014561 ; -0.00580694 ; 101.444;
18 ; 6 ; 18 ; 0.0333783 ; 0.00334647 ; -0.00965673 ; 101.34;
19 ; 6 ; 18 ; 0.0421332 ; -0.00258652 ; -0.0242283 ; 102.167;
20 ; 6 ; 18 ; 0.0386665 ; 0.0130892 ; 0.00407024 ; 101.146;
21 ; 6 ; 18 ; 0.0255686 ; 0.0172719 ; -0.00152024 ; 100.859;
4 ; 7 ; 18 ; 0.0342057 ; 0.00536724 ; -0.00235264 ; 101.525;
5 ; 7 ; 18 ; 0.0219445 ; -0.00016089 ; 0.0116824 ; 101.777;
6 ; 7 ; 18 ; 0.027898 ; -0.0102919 ; -0.0123589 ; 101.492;
7 ; 7 ; 18 ; 0.0283107 ; 0.0108469 ; 0.00324121 ; 101.03;
8 ; 7 ; 18 ; 0.04213 ; -0.0121057 ; -0.00634232 ; 100.936;
9 ; 7 ; 18 ; 0.0235502 ; -0.00697002 ; -0.00190012 ; 101.911;
10 ; 7 ; 18 ; 0.0100867 ; -0.0119325 ; -0.017427 ; 101.244;
11 ; 7 ; 18 ; 0.0434439 ; -0.0083616 ; 0.00319876 ; 101.879;
12 ; 7 ; 18 ; 0.0376942 ; 0.00389223 ; 0.00725775 ; 101.026;
13 ; 7 ; 18 ; 0.0323706 ; -0.00214598 ; -0.00110132 ; 101.947;
14 ; 7 ; 18 ; 0.027816 ; -0.00131541 ; -0.00112828 ; 101.94;
15 ; 7 ; 18 ; 0.0314901 ; 0.00270765 ; 0.00509973 ; 101.381;
16 ; 7 ; 18 ; 0.042517 ; -0.00965993 ; 0.00898473 ; 101.264;
17 ; 7 ; 18 ; 0.0207989 ; -0.0110281 ; 0.000995787 ; 102.103;
18 ; 7 ; 18 ; 0.0393504 ; -0.00937806 ; -0.0207475 ; 101.349;
19 ; 7 ; 18 ; 0.032967 ; -0.00381968 ; 0.0142891 ; 101.435;
20 ; 7 ; 18 ; 0.0289539 ; 0.00241409 ; 0.00523438 ; 101.203;
21 ; 7 ; 18 ; 0.029322 ; -0.010048 ; -0.00141527 ; 101.491;
4 ; 8 ; 18 ; 0.023806 ; -0.0116153 ; -0.0207833 ; 101.774;
5 ; 8 ; 18 ; 0.0262856 ; -0.00729335 ; -0.00355163 ; 100.752;
6 ; 8 ; 18 ; 0.0310602 ; 0.00836212 ; 0.00333506 ; 100.766;
7 ; 8 ; 18 ; 0.0323868 ; -0.0073831 ; 0.00520777 ; 101.491;
8 ; 8 ; 18 ; 0.0259452 ; 0.00480673 ; 0.00390275 ; 101.439;
9 ; 8 ; 18 ; 0.0234997 ; -0.0087933 ; 0.0157595 ; 101.945;
10 ; 8 ; 18 ; 0.0317977 ; 0.000210191 ; 0.00069913 ; 101.153;
11 ; 8 ; 18 ; 0.0365534 ; -0.00197168 ; -0.00894079 ; 101.821;
12 ; 8 ; 18 ; 0.0445299 ; -0.00584459 ; -0.0101431 ; 101.564;
13 ; 8 ; 18 ; 0.0509341 ; 0.00869301 ; 0.0222373 ; 101.859;
14 ; 8 ; 18 ; 0.0407732 ; 0.00541683 ; 0.000430607 ; 101.686;
15 ; 8 ; 18 ; 0.045029 ; 0.007203 ; 0.00816448 ; 101.488;
16 ; 8 ; 18 ; 0.0329071 ; -0.0115602 ; -0.00475308 ; 100.843;
17 ; 8 ; 18 ; 0.0410435 ; -0.0371172 ; -0.0131847 ; 101.888;
18 ; 8 ; 18 ; 0.0401164 ; -0.0249522 ; -0.0162862 ; 101.564;
19 ; 8 ; 18 ; 0.0390096 ; 0.0128414 ; -0.00517637 ; 101.756;
20 ; 8 ; 18 ; 0.0314037 ; -0.0165826 ; -0.0102005 ; 101.439;
21 ; 8 ; 18 ; 0.0245389 ; -0.00623597 ; -0.00665691 ; 101.318;
4 ; 9 ; 18 ; 0.0216669 ; -0.00322344 ; 0.00289072 ; 101.691;
5 ; 9 ; 18 ; 0.0303651 ; -0.00675059 ; 0.0131044 ; 100.997;
6 ; 9 ; 18 ; 0.0280409 ; 0.00797506 ; 0.0119371 ; 101.877;
7 ; 9 ; 18 ; 0.0428968 ; -0.00352316 ; 0.0147185 ; 101.106;
8 ; 9 ; 18 ; 0.0309472 ; 0.00120518 ; 0.0152792 ; 101.332;
9 ; 9 ; 18 ; 0.0345218 ; -0.00493078 ; 0.0115999 ; 101.153;
10 ; 9 ; 18 ; 0.0407608 ; 0.0102483 ; 0.0132809 ; 101.463;
11 ; 9 ; 18 ; 0.040445 ; 0.00815003 ; -0.015852 ; 101.28;
12 ; 9 ; 18 ; 0.038463 ; -0.00825925 ; -0.0015981 ; 101.38;
13 ; 9 ; 18 ; 0.0499229 ; 0.00220684 ; 0.00796669 ; 101.953;
14 ; 9 ; 18 ; 0.0337902 ; 0.0131312 ; 0.00362621 ; 101.286;
15 ; 9 ; 18 ; 0.0403983 ; 0.0171161 ; 0.00266466 ; 101.54;
16 ; 9 ; 18 ; 0.029897 ; 0.00882011 ; -0.00180427 ; 101.501;
17 ; 9 ; 18 ; 0.0455526 ; 0.00415825 ; -0.0195406 ; 101.161;
18 ; 9 ; 18 ; 0.0409571 ; -0.01245 ; 0.00575986 ; 101.372;
19 ; 9 ; 18 ; 0.0396481 ; 0.00957206 ; -0.00671083 ; 101.506;
20 ; 9 ; 18 ; 0.0279657 ; 0.00732868 ; -0.00639865 ; 101.405;
21 ; 9 ; 18 ; 0.0405508 ; 0.000318938 ; 0.00434064 ; 101.068;
4 ; 10 ; 18 ; 0.0320539 ; -0.000831262 ; 0.00768964 ; 101.538;
5 ; 10 ; 18 ; 0.0222595 ; -0.00313594 ; 0.0120236 ; 101.299;
6 ; 10 ; 18 ; 0.0144028 ; -0.0121494 ; 0.00819112 ; 101.775;
7 ; 10 ; 18 ; 0.0412355 ; -0.0119904 ; -0.0125275 ; 101.718;
8 ; 10 ; 18 ; 0.0299536 ; 0.0113612 ; -0.00256791 ; 101.628;
9 ; 10 ; 18 ; 0.0327567 ; -0.013521 ; 0.0169315 ; 101.521;
10 ; 10 ; 18 ; 0.0453734 ; 0.000757366 ; 0.00843263 ; 102.019;
11 ; 10 ; 18 ; 0.0255628 ; -0.00763956 ; -0.00281653 ; 101.594;
12 ; 10 ; 18 ; 0.0236781 ; -0.0135242 ; -0.00950343 ; 101.447;
13 ; 10 ; 18 ; 0.028978 ; -0.0108903 ; 0.00565153 ; 101.289;
14 ; 10 ; 18 ; 0.0217682 ; 0.00367299 ; -0.00654122 ; 101.539;
15 ; 10 ; 18 ; 0.0501127 ; 0.00525338 ; 0.00312151 ; 101.795;
16 ; 10 ; 18 ; 0.0450048 ; 0.00257079 ; -0.0257708 ; 101.278;
17 ; 10 ; 18 ; 0.0491552 ; 0.00444008 ; 0.00992932 ; 101.496;
18 ; 10 ; 18 ; 0.0426283 ; 0.0117085 ; -0.00841668 ; 101.583;
19 ; 10 ; 18 ; 0.0526221 ; 0.0110668 ; -0.0166257 ; 101.261;
20 ; 10 ; 18 ; 0.0373877 ; 0.0043312 ; -0.0136854 ; 101.365;
21 ; 10 ; 18 ; 0.0408269 ; 0.00354506 ; -0.00081568 ; 102.12;
4 ; 11 ; 18 ; 0.024958 ; 0.000154317 ; -0.00245384 ; 101.605;
5 ; 11 ; 18 ; 0.037123 ; -0.000679719 ; -0.0113746 ; 101.782;
6 ; 11 ; 18 ; 0.039051 ; -0.00247419 ; -0.000360493 ; 101.05;
7 ; 11 ; 18 ; 0.0394237 ; -0.0182106 ; -0.00317423 ; 101.008;
8 ; 11 ; 18 ; 0.0378778 ; 0.00566427 ; 0.00554895 ; 101.612;
9 ; 11 ; 18 ; 0.0288522 ; -0.0258437 ; -4.04395e-05 ; 101.384;
10 ; 11 ; 18 ; 0.0492379 ; 0.00058644 ; 0.00637765 ; 101.364;
11 ; 11 ; 18 ; 0.0502068 ; 0.000367933 ; 0.000551395 ; 101.586;
12 ; 11 ; 18 ; 0.0395761 ; 0.0105569 ; -0.00295754 ; 101.273;
13 ; 11 ; 18 ; 0.0278731 ; -0.0150618 ; 0.0156364 ; 102.074;
14 ; 11 ; 18 ; 0.0125405 ; 0.00390585 ; 0.00396875 ; 101.132;
15 ; 11 ; 18 ; 0.0283032 ; 0.0164417 ; 0.00727966 ; 101.688;
16 ; 11 ; 18 ; 0.0369602 ; 0.0171397 ; 0.00752088 ; 101.439;
17 ; 11 ; 18 ; 0.0445078 ; -0.011849 ; -0.00324682 ; 102.085;
18 ; 11 ; 18 ; 0.0494455 ; -0.00101144 ; -0.00518943 ; 101.329;
19 ; 11 ; 18 ; 0.0247295 ; 0.0162113 ; 0.00496385 ; 101.884;
20 ; 11 ; 18 ; 0.0291559 ; -0.00579392 ; -0.00129095 ; 101.345;
21 ; 11 ; 18 ; 0.0209329 ; -0.0210053 ; -0.000916879 ; 101.705;
4 ; 12 ; 18 ; 0.0523944 ; -0.00412795 ; -0.00306796 ; 101.124;
5 ; 12 ; 18 ; 0.034808 ; 0.000634552 ; 0.0015471 ; 101.522;
6 ; 12 ; 18 ; 0.0329302 ; -0.00520835 ; 0.0127135 ; 102.161;
7 ; 12 ; 18 ; 0.027181 ; -0.0137268 ; 0.00434806 ; 101.548;
8 ; 12 ; 18 ; 0.0313138 ; 0.00965996 ; 0.0136228 ; 100.484;
9 ; 12 ; 18 ; 0.0268442 ; -0.00246884 ; -0.00193487 ; 101.572;
10 ; 12 ; 18 ; 0.0298818 ; -0.0168298 ; 0.0165571 ; 101.7;
11 ; 12 ; 18 ; 0.0201302 ; 0.00601294 ; -0.0213584 ; 101.612;
12 ; 12 ; 18 ; 0.029698 ; -0.00380294 ; -0.000953926 ; 101.344;
13 ; 12 ; 18 ; 0.0257316 ; 0.00242122 ; 0.00539322 ; 101.511;
14 ; 12 ; 18 ; 0.0300776 ; -0.00238933 ; -0.0016302 ; 101.286;
15 ; 12 ; 18 ; 0.0330329 ; 0.00945985 ; -0.00360749 ; 101.825;
16 ; 12 ; 18 ; 0.0527146 ; 0.000986269 ; -0.000548495 ; 101.487;
17 ; 12 ; 18 ; 0.0498099 ; -0.000670252 ; 0.00140072 ; 101.503;
18 ; 12 ; 18 ; 0.0410656 ; 0.0096741 ; -0.013469 ; 101.854;
19 ; 12 ; 18 ; 0.0290798 ; 0.0141508 ; 0.0111633 ; 102.162;
20 ; 12 ; 18 ; 0.0106745 ; -0.00192656 ; -0.00339203 ; 101.384;
21 ; 12 ; 18 ; 0.0473803 ; 0.00775097 ; -0.00792262 ; 101.35;
4 ; 13 ; 18 ; 0.0432088 ; 0.00652214 ; -0.0134308 ; 102.002;
5 ; 13 ; 18 ; 0.0457849 ; 0.00964571 ; -0.0166299 ; 102.155;
6 ; 13 ; 18 ; 0.0403942 ; 0.00539389 ; 0.00606791 ; 101.385;
7 ; 13 ; 18 ; 0.026044 ; 0.0095138 ; 0.0272717 ; 101.499;
8 ; 13 ; 18 ; 0.0244781 ; 0.0182799 ; 0.00662649 ; 102.017;
9 ; 13 ; 18 ; 0.0326743 ; 0.00109901 ; 0.0141993 ; 101.555;
10 ; 13 ; 18 ; 0.0426851 ; 0.00475755 ; -0.00124201 ; 101.092;
11 ; 13 ; 18 ; 0.0418143 ; 0.00801759 ; -0.00599268 ; 101.57;
12 ; 13 ; 18 ; 0.0210001 ; -0.00246583 ; 0.00377706 ; 101.885;
13 ; 13 ; 18 ; 0.0355153 ; 0.0119715 ; -0.00540676 ; 101.579;
14 ; 13 ; 18 ; 0.0350136 ; 0.00152892 ; 0.00163814 ; 101.664;
15 ; 13 ; 18 ; 0.0479549 ; -0.0046955 ; -0.00450189 ; 100.441;
16 ; 13 ; 18 ; 0.0570913 ; -0.00399215 ; 0.0234642 ; 101.63;
17 ; 13 ; 18 ; 0.044774 ; -0.0018644 ; 0.0112785 ; 101.565;
18 ; 13 ; 18 ; 0.03881 ; 0.00847064 ; -0.0145415 ; 101.455;
19 ; 13 ; 18 ; 0.0490055 ; -0.00718616 ; 0.00326296 ; 101.451;
20 ; 13 ; 18 ; 0.0174185 ; -0.00158152 ; -0.00878856 ; 100.893;
21 ; 13 ; 18 ; 0.0323521 ; 0.00152592 ; -0.00432223 ; 101.102;
4 ; 14 ; 18 ; 0.0437831 ; -0.00212466 ; 0.0157408 ; 100.731;
5 ; 14 ; 18 ; 0.0382039 ; -0.000784827 ; 0.000701137 ; 101.147;
6 ; 14 ; 18 ; 0.0219392 ; 0.0108224 ; -0.0071026 ; 101.402;
7 ; 14 ; 18 ; 0.034229 ; 0.00735601 ; -0.00595616 ; 101.799;
8 ; 14 ; 18 ; 0.0484018 ; 0.0129279 ; -0.014515 ; 101.518;
9 ; 14 ; 18 ; 0.0426759 ; -0.00800479 ; -0.000111032 ; 101.103;
10 ; 14 ; 18 ; 0.0460981 ; -0.00512286 ; -0.00901122 ; 100.943;
11 ; 14 ; 18 ; 0.0340297 ; 0.00132733 ; -0.0113659 ; 101.259;
12 ; 14 ; 18 ; 0.0387472 ; -0.00050946 ; 0.0136853 ; 101.572;
13 ; 14 ; 18 ; 0.0471196 ; -0.00332469 ; 0.00359999 ; 101.527;
14 ; 14 ; 18 ; 0.0163938 ; 0.00740658 ; 0.0152007 ; 101.33;
15 ; 14 ; 18 ; 0.02685 ; 0.0103083 ; -0.000306891 ; 101.366;
16 ; 14 ; 18 ; 0.0511566 ; 0.00167321 ; -0.00640136 ; 101.603;
17 ; 14 ; 18 ; 0.0475659 ; 0.00299439 ; 0.00139112 ; 101.659;
18 ; 14 ; 18 ; 0.0116318 ; -0.00198673 ; 0.0136809 ; 101.148;
19 ; 14 ; 18 ; 0.0301845 ; 0.00145771 ; -0.0184986 ; 101.569;
20 ; 14 ; 18 ; 0.0334112 ; 0.0111314 ; -0.0166672 ; 101.15;
21 ; 14 ; 18 ; 0.0405023 ; 0.000225181 ; -0.0120878 ; 101.957;
4 ; 15 ; 18 ; 0.029693 ; 0.0123065 ; 0.0141437 ; 101.875;
5 ; 15 ; 18 ; 0.0449645 ; -0.00139947 ; 0.00388368 ; 101.708;
6 ; 15 ; 18 ; 0.0266983 ; 0.00327967 ; -0.00747928 ; 101.228;
7 ; 15 ; 18 ; 0.0411658 ; 0.00866898 ; 0.00665152 ; 102.087;
8 ; 15 ; 18 ; 0.0385241 ; -0.01247 ; -0.00804675 ; 101.505;
9 ; 15 ; 18 ; 0.0183585 ; 0.000809285 ; 0.000106963 ; 101.79;
10 ; 15 ; 18 ; 0.0323797 ; -0.00448493 ; 0.00306592 ; 101.286;
11 ; 15 ; 18 ; 0.0297448 ; 0.00498862 ; -0.00197251 ; 101.626;
12 ; 15 ; 18 ; 0.0439574 ; -0.0161578 ; 0.00279251 ; 101.652;
13 ; 15 ; 18 ; 0.0395193 ; 0.00164611 ; -0.00360052 ; 101.389;
14 ; 15 ; 18 ; 0.0414513 ; 0.00089295 ; -0.0224524 ; 101.545;
15 ; 15 ; 18 ; 0.0402805 ; 0.000937797 ; -0.00950102 ; 102.082;
16 ; 15 ; 18 ; 0.059512 ; 0.00156727 ; -0.00909841 ; 101.513;
17 ; 15 ; 18 ; 0.0472329 ; 0.00748734 ; -0.0137154 ; 100.946;
18 ; 15 ; 18 ; 0.0333643 ; 0.00246149 ; -0.000300577 ; 101.568;
19 ; 15 ; 18 ; 0.0403194 ; 0.00263389 ; -0.0113631 ; 101.459;
20 ; 15 ; 18 ; 0.0422897 ; 0.00445147 ; -0.0139037 ; 101.713;
21 ; 15 ; 18 ; 0.0349183 ; -0.00176966 ; 0.00144965 ; 101.793;
4 ; 16 ; 18 ; 0.0278323 ; -0.00576506 ; -0.00898744 ; 101.503;
5 ; 16 ; 18 ; 0.0208039 ; 0.0156683 ; 0.0124822 ; 101.296;
6 ; 16 ; 18 ; 0.0336647 ; -0.0129562 ; 0.00849924 ; 101.956;
7 ; 16 ; 18 ; 0.0108205 ; -0.00556321 ; 0.00312751 ; 101.629;
8 ; 16 ; 18 ; 0.0468697 ; 0.00277805 ; 0.0082128 ; 101.303;
9 ; 16 ; 18 ; 0.0234036 ; -0.00162854 ; -0.000297129 ; 101.621;
10 ; 16 ; 18 ; 0.0434174 ; -0.00648186 ; 0.0180873 ; 101.426;
11 ; 16 ; 18 ; 0.0466024 ; -0.000283783 ; 0.00792325 ; 100.781;
12 ; 16 ; 18 ; 0.0346801 ; -0.0111697 ; -0.00823665 ; 101.615;
13 ; 16 ; 18 ; 0.0231963 ; 0.0113224 ; 0.015739 ; 101.468;
14 ; 16 ; 18 ; 0.0253298 ; -0.00994077 ; -0.00981819 ; 100.843;
15 ; 16 ; 18 ; 0.0256316 ; -0.000228246 ; 0.00890893 ; 101.803;
16 ; 16 ; 18 ; 0.0470471 ; 0.00045739 ; 0.00728659 ; 101.615;
17 ; 16 ; 18 ; 0.0197493 ; 0.000445973 ; 0.00197225 ; 100.857;
18 ; 16 ; 18 ; 0.0479927 ; 0.0229825 ; 0.00666919 ; 101.655;
19 ; 16 ; 18 ; 0.0420478 ; 0.00845971 ; -0.0216092 ; 101.037;
20 ; 16 ; 18 ; 0.0411105 ; -0.00842278 ; -0.0121825 ; 101.636;
21 ; 16 ; 18 ; 0.0481745 ; -0.0168498 ; -0.0104975 ; 101.476;
4 ; 17 ; 18 ; 0.0190361 ; 0.00822864 ; -0.0193294 ; 101.175;
5 ; 17 ; 18 ; 0.0417136 ; 0.00107918 ; 0.0275516 ; 101.428;
6 ; 17 ; 18 ; 0.0316549 ; 0.0031077 ; -0.00532029 ; 101.152;
7 ; 17 ; 18 ; 0.0332085 ; -0.00700279 ; -9.67965e-05 ; 101.067;
8 ; 17 ; 18 ; 0.028663 ; -0.000289475 ; 0.0141088 ; 101.425;
9 ; 17 ; 18 ; 0.0332404 ; -0.00167186 ; 0.0119349 ; 101.464;
10 ; 17 ; 18 ; 0.038905 ; -0.00222755 ; 0.00670799 ; 101.724;
11 ; 17 ; 18 ; 0.0323543 ; 0.0122005 ; 0.0125063 ; 101.628;
12 ; 17 ; 18 ; 0.0560195 ; -0.014601 ; -0.00646121 ; 101.507;
13 ; 17 ; 18 ; 0.0409874 ; 0.0227813 ; -0.00588686 ; 101.646;
14 ; 17 ; 18 ; 0.0313407 ; -0.0211421 ; 0.000961214 ; 101.921;
15 ; 17 ; 18 ; 0.0292855 ; -0.00421421 ; -0.00697743 ; 101.178;
16 ; 17 ; 18 ; 0.0334256 ; -0.0130835 ; -0.00364597 ; 101.811;
17 ; 17 ; 18 ; 0.0272236 ; 0.0149616 ; -0.0178201 ; 100.962;
18 ; 17 ; 18 ; 0.0428749 ; 0.0131324 ; -0.0191167 ; 101.691;
19 ; 17 ; 18 ; 0.0681258 ; 0.020674 ; -0.014751 ; 101.349;
20 ; 17 ; 18 ; 0.0234298 ; 0.0219318 ; -0.00646004 ; 101.548;
21 ; 17 ; 18 ; 0.0369166 ; -0.00542775 ; 0.00129197 ; 101.993;
4 ; 18 ; 18 ; 0.0361649 ; 0.0253703 ; 0.00500776 ; 101.973;
5 ; 18 ; 18 ; 0.0481755 ; -0.0115636 ; 0.0105349 ; 101.536;
6 ; 18 ; 18 ; 0.0432534 ; 0.000153343 ; -0.000830649 ; 101.655;
7 ; 18 ; 18 ; 0.0229594 ; -0.00358451 ; 0.00451034 ; 101.143;
8 ; 18 ; 18 ; 0.0384102 ; 1.19761e-06 ; 0.0143514 ; 101.822;
9 ; 18 ; 18 ; 0.0337799 ; -0.00613756 ; 0.00625547 ; 101.197;
10 ; 18 ; 18 ; 0.0391296 ; 0.00625977 ; 0.0067478 ; 101.386;
11 ; 18 ; 18 ; 0.0454651 ; -0.00802294 ; 0.0207003 ; 100.949;
12 ; 18 ; 18 ; 0.0426492 ; 0.0197186 ; -0.00564558 ; 101.042;
13 ; 18 ; 18 ; 0.0311211 ; -0.0169276 ; 0.015557 ; 101.846;
14 ; 18 ; 18 ; 0.0398118 ; 0.00258917 ; 0.0114855 ; 101.7;
15 ; 18 ; 18 ; 0.0180176 ; 0.0189852 ; -0.00948216 ; 101.473;
16 ; 18 ; 18 ; 0.0419351 ; -0.00881357 ; -0.000452833 ; 100.985;
17 ; 18 ; 18 ; 0.0277578 ; 0.00595096 ; -0.0170988 ; 101.444;
18 ; 18 ; 18 ; 0.0400591 ; 0.00717466 ; 0.00362545 ; 101.407;
19 ; 18 ; 18 ; 0.0342924 ; -0.0155596 ; -0.00368358 ; 101.545;
20 ; 18 ; 18 ; 0.0351005 ; -0.00500957 ; 0.00401344 ; 101.618;
21 ; 18 ; 18 ; 0.0332443 ; -0.000727741 ; -0.0102554 ; 100.969;
4 ; 19 ; 18 ; 0.0193164 ; 0.00892567 ; 0.00301299 ; 101.841;
5 ; 19 ; 18 ; 0.0281785 ; 0.0170616 ; 0.0172319 ; 101.623;
6 ; 19 ; 18 ; 0.0236819 ; -0.00861327 ; 0.0100336 ; 101.44;
7 ; 19 ; 18 ; 0.0227544 ; -0.00693375 ; -0.0117893 ; 101.087;
8 ; 19 ; 18 ; 0.0186702 ; -0.0121842 ; 0.00532892 ; 101.432;
9 ; 19 ; 18 ; 0.0211569 ; -0.0142542 ; -0.00375193 ; 101.585;
10 ; 19 ; 18 ; 0.0326798 ; 0.0071238 ; 0.00985005 ; 101.244;
11 ; 19 ; 18 ; 0.0375103 ; -0.0104347 ; -0.0144091 ; 101.461;
12 ; 19 ; 18 ; 0.0257091 ; 0.0177156 ; -0.00714746 ; 101.523;
13 ; 19 ; 18 ; 0.0491156 ; -0.00579273 ; 0.00425928 ; 101.609;
14 ; 19 ; 18 ; 0.0338203 ; -0.00177555 ; 0.00232017 ; 102.171;
15 ; 19 ; 18 ; 0.034687 ; 0.000721541 ; -0.00938293 ; 101.328;
16 ; 19 ; 18 ; 0.0377312 ; -0.00179381 ; -0.00767922 ; 102.057;
17 ; 19 ; 18 ; 0.0387585 ; 0.0170425 ; 0.00800203 ; 101.372;
18 ; 19 ; 18 ; 0.0365835 ; -0.0034905 ; 0.0225447 ; 101.648;
19 ; 19 ; 18 ; 0.0348905 ; -0.00742472 ; 0.00619643 ; 101.562;
20 ; 19 ; 18 ; 0.0416416 ; -0.00688056 ; -0.00224146 ; 100.654;
21 ; 19 ; 18 ; 0.0349857 ; 0.00333665 ; -0.0112712 ; 101.232;
4 ; 20 ; 18 ; 0.0458519 ; 0.00846876 ; 0.00951685 ; 101.46;
5 ; 20 ; 18 ; 0.0283601 ; -0.0118574 ; 0.0123802 ; 102.652;
6 ; 20 ; 18 ; 0.0296487 ; 0.0160907 ; -0.014658 ; 101.581;
7 ; 20 ; 18 ; 0.0217879 ; 0.00176447 ; -0.0113997 ; 101.432;
8 ; 20 ; 18 ; 0.0342948 ; -0.0163653 ; 0.000124119 ; 101.281;
9 ; 20 ; 18 ; 0.0297132 ; 0.011923 ; 0.00686555 ; 101.735;
10 ; 20 ; 18 ; 0.0141151 ; 0.000285166 ; 0.0024091 ; 101.211;
11 ; 20 ; 18 ; 0.0541691 ; 0.00321939 ; 0.0101158 ; 101.184;
12 ; 20 ; 18 ; 0.0389745 ; 0.00515347 ; -0.0194153 ; 102.019;
13 ; 20 ; 18 ; 0.0408361 ; 0.0148794 ; -0.00978434 ; 101.513;
14 ; 20 ; 18 ; 0.0355572 ; 0.0133936 ; -0.00694097 ; 101.786;
15 ; 20 ; 18 ; 0.0464243 ; 0.0124378 ; -0.00909098 ; 101.141;
16 ; 20 ; 18 ; 0.0426993 ; 0.00696132 ; -0.0231265 ; 101.547;
17 ; 20 ; 18 ; 0.0268532 ; 0.0160234 ; -0.0108381 ; 101.548;
18 ; 20 ; 18 ; 0.0235297 ; 0.00111728 ; 0.00482844 ; 101.649;
19 ; 20 ; 18 ; 0.023879 ; -0.0153288 ; 0.0135984 ; 101.631;
20 ; 20 ; 18 ; 0.0184537 ; 0.00089417 ; -0.0101063 ; 101.441;
21 ; 20 ; 18 ; 0.0363307 ; -0.00867 ; -0.0121541 ; 101.378;
4 ; 21 ; 18 ; 0.0371531 ; 0.0223355 ; -0.020516 ; 101.836;
5 ; 21 ; 18 ; 0.0273861 ; 0.00239426 ; 0.000918428 ; 100.642;
6 ; 21 ; 18 ; 0.0310229 ; -0.00331537 ; -0.0284177 ; 101.474;
7 ; 21 ; 18 ; 0.0380014 ; -0.0124484 ; -0.00508347 ; 101.76;
8 ; 21 ; 18 ; 0.0296462 ; -0.0222058 ; 0.00643 ; 101.098;
9 ; 21 ; 18 ; 0.0405239 ; 0.00954059 ; -0.00948131 ; 101.416;
10 ; 21 ; 18 ; 0.0284884 ; -0.00475732 ; -0.00393025 ; 101.523;
11 ; 21 ; 18 ; 0.033451 ; 0.0012082 ; 0.0082207 ; 101.735;
12 ; 21 ; 18 ; 0.0415596 ; 0.000370932 ; 0.00364392 ; 101.236;
13 ; 21 ; 18 ; 0.0241031 ; 0.0071864 ; 0.0079973 ; 101.698;
14 ; 21 ; 18 ; 0.0562664 ; 0.0103156 ; -0.00537179 ; 101.529;
15 ; 21 ; 18 ; 0.0267656 ; 0.0346832 ; 0.00670191 ; 102.068;
16 ; 21 ; 18 ; 0.0591872 ; -0.00824224 ; -0.00204231 ; 101.389;
17 ; 21 ; 18 ; 0.0431393 ; -0.00228491 ; 0.000937692 ; 101.425;
18 ; 21 ; 18 ; 0.0350404 ; -0.0069301 ; 0.00632684 ; 102.311;
19 ; 21 ; 18 ; 0.0442359 ; -0.00116316 ; -0.00934955 ; 101.065;
20 ; 21 ; 18 ; 0.0272926 ; 0.00869437 ; 0.00625905 ; 101.362;
21 ; 21 ; 18 ; 0.0137113 ; 0.00565493 ; 0.00484013 ; 101.513;
4 ; 4 ; 19 ; 0.0267264 ; -0.00947733 ; -0.0115306 ; 101.317;
5 ; 4 ; 19 ; 0.0333213 ; -0.0165225 ; -0.0142058 ; 101.018;
6 ; 4 ; 19 ; 0.0322908 ; 0.00810677 ; 0.00489941 ; 101.79;
7 ; 4 ; 19 ; 0.0301259 ; -0.005049 ; -0.0139745 ; 101.273;
8 ; 4 ; 19 ; 0.0251827 ; -0.007388 ; -0.00576995 ; 101.178;
9 ; 4 ; 19 ; 0.0444611 ; 0.00786662 ; 0.0149758 ; 101.823;
10 ; 4 ; 19 ; 0.0223026 ; 0.0102481 ; 0.00996408 ; 101.423;
11 ; 4 ; 19 ; 0.0171756 ; 0.00713398 ; -0.0138823 ; 101.342;
12 ; 4 ; 19 ; 0.0132125 ; -0.00343161 ; 0.00300056 ; 101.056;
13 ; 4 ; 19 ; 0.029499 ; 0.00135792 ; -0.0162458 ; 101.781;
14 ; 4 ; 19 ; 0.0224763 ; 0.0142956 ; 0.0110823 ; 101.153;
15 ; 4 ; 19 ; 0.0449696 ; -0.00788484 ; -0.00282133 ; 101.493;
16 ; 4 ; 19 ; 0.0346703 ; 0.00562944 ; -0.00820966 ; 101.956;
17 ; 4 ; 19 ; 0.0186203 ; 0.0195738 ; 0.00264441 ; 101.755;
18 ; 4 ; 19 ; 0.0330776 ; -0.0069707 ; -0.00615072 ; 101.963;
19 ; 4 ; 19 ; 0.0152694 ; 0.00741853 ; -0.00824339 ; 101.242;
20 ; 4 ; 19 ; 0.0382671 ; -0.00513126 ; -0.00825036 ; 101.729;
21 ; 4 ; 19 ; 0.0306106 ; 0.00183522 ; 0.00554891 ; 101.948;
4 ; 5 ; 19 ; 0.0189178 ; -0.0138311 ; 0.0285571 ; 101.992;
5 ; 5 ; 19 ; 0.0396322 ; -0.0125767 ; 0.00494814 ; 101.695;
6 ; 5 ; 19 ; 0.0138742 ; -0.00185226 ; 0.0108451 ; 101.942;
7 ; 5 ; 19 ; 0.00808486 ; 0.016812 ; 0.00700382 ; 100.727;
8 ; 5 ; 19 ; 0.0405662 ; -0.00221091 ; -0.0315499 ; 101.658;
9 ; 5 ; 19 ; 0.0281489 ; 0.0120881 ; -0.00317985 ; 102.553;
10 ; 5 ; 19 ; 0.032099 ; -0.00795935 ; -0.000496309 ; 101.04;
11 ; 5 ; 19 ; 0.0180191 ; 0.000985749 ; 0.0266434 ; 101.772;
12 ; 5 ; 19 ; 0.0264874 ; -0.0190006 ; 0.00974386 ; 101.636;
13 ; 5 ; 19 ; 0.0289879 ; -0.0179871 ; 0.00770591 ; 101.396;
14 ; 5 ; 19 ; 0.0413615 ; -0.0186894 ; 0.00285395 ; 101.716;
15 ; 5 ; 19 ; 0.0317156 ; -0.00200633 ; 2.01222e-05 ; 101.045;
16 ; 5 ; 19 ; 0.0290189 ; 0.0235151 ; -0.0116479 ; 101.805;
17 ; 5 ; 19 ; 0.038239 ; -0.00910432 ; 5.28772e-06 ; 101.637;
18 ; 5 ; 19 ; 0.0291776 ; -0.0169817 ; -0.0209039 ; 101.131;
19 ; 5 ; 19 ; 0.023505 ; 0.0213924 ; -0.0139349 ; 101.713;
20 ; 5 ; 19 ; 0.0145569 ; 0.00441243 ; -0.0109569 ; 101.475;
21 ; 5 ; 19 ; 0.0424229 ; 0.00149544 ; 0.013842 ; 101.246;
4 ; 6 ; 19 ; 0.0293237 ; -0.0011081 ; 0.0101454 ; 101.088;
5 ; 6 ; 19 ; 0.0304462 ; 0.00294432 ; 0.000351653 ; 100.855;
6 ; 6 ; 19 ; 0.0339589 ; -0.00462632 ; -0.00321247 ; 101.797;
7 ; 6 ; 19 ; 0.0295058 ; 0.000232977 ; -0.00392724 ; 101.728;
8 ; 6 ; 19 ; 0.0207289 ; 0.0155705 ; -0.00569108 ; 102.322;
9 ; 6 ; 19 ; 0.049895 ; 0.00613686 ; -0.0128567 ; 100.926;
10 ; 6 ; 19 ; 0.00443432 ; -0.0221613 ; -0.0043627 ; 101.536;
11 ; 6 ; 19 ; 0.0168385 ; -0.0251974 ; -0.00502622 ; 101.562;
12 ; 6 ; 19 ; 0.0304414 ; -0.0184642 ; -0.00361859 ; 101.623;
13 ; 6 ; 19 ; 0.0503741 ; 0.00201664 ; -0.0128536 ; 101.09;
14 ; 6 ; 19 ; 0.042101 ; -0.00613858 ; 0.00567741 ; 101.347;
15 ; 6 ; 19 ; 0.0335904 ; -0.0222045 ; 0.010711 ; 101.751;
16 ; 6 ; 19 ; 0.0293596 ; 0.016994 ; -0.00811784 ; 101.514;
17 ; 6 ; 19 ; 0.00862952 ; 0.0035746 ; -0.00710626 ; 102.402;
18 ; 6 ; 19 ; 0.0316112 ; 0.00145342 ; 0.0119448 ; 101.762;
19 ; 6 ; 19 ; 0.0264289 ; 0.010208 ; 0.000443317 ; 101.396;
20 ; 6 ; 19 ; 0.0284135 ; -0.00295685 ; 0.00326645 ; 101.721;
21 ; 6 ; 19 ; 0.0252511 ; -0.00993012 ; 0.00463195 ; 101.416;
4 ; 7 ; 19 ; 0.0250217 ; 0.00293308 ; -0.00123537 ; 101.295;
5 ; 7 ; 19 ; 0.0127686 ; 0.0056105 ; 0.00428787 ; 101.606;
6 ; 7 ; 19 ; 0.021156 ; -0.00449288 ; 0.0101094 ; 101.784;
7 ; 7 ; 19 ; 0.0186083 ; -0.00273178 ; 0.000822216 ; 101.885;
8 ; 7 ; 19 ; 0.0246898 ; -0.00337693 ; 0.0174885 ; 101.422;
9 ; 7 ; 19 ; 0.0357613 ; 0.0113433 ; 0.0166181 ; 101.74;
10 ; 7 ; 19 ; 0.0157765 ; -0.00127847 ; 0.00112923 ; 101.948;
11 ; 7 ; 19 ; 0.0323843 ; -0.0136032 ; -0.00541202 ; 102.191;
12 ; 7 ; 19 ; 0.0250171 ; -0.000992507 ; -0.00799112 ; 101.26;
13 ; 7 ; 19 ; 0.0230572 ; 0.00644489 ; -0.0182064 ; 101.964;
14 ; 7 ; 19 ; 0.0181458 ; 0.000740021 ; 0.0113976 ; 101.498;
15 ; 7 ; 19 ; 0.0070672 ; -0.00297696 ; 0.00270062 ; 101.362;
16 ; 7 ; 19 ; 0.0192555 ; -0.0245329 ; 0.00075323 ; 101.815;
17 ; 7 ; 19 ; 0.0211419 ; -0.00597276 ; 0.00336553 ; 101.105;
18 ; 7 ; 19 ; 0.0352886 ; -0.0111181 ; 0.00546958 ; 101.657;
19 ; 7 ; 19 ; 0.016683 ; -0.002925 ; -0.000878613 ; 101.647;
20 ; 7 ; 19 ; 0.0175373 ; 0.00188336 ; 0.00163778 ; 101.109;
21 ; 7 ; 19 ; 0.0366889 ; -0.0197227 ; -0.00116895 ; 100.708;
4 ; 8 ; 19 ; 0.020824 ; -0.00692083 ; 0.0172317 ; 101.41;
5 ; 8 ; 19 ; 0.0301446 ; -0.0152195 ; 0.00191658 ; 101.799;
6 ; 8 ; 19 ; 0.0197722 ; 0.00855742 ; 0.0229224 ; 101.962;
7 ; 8 ; 19 ; 0.02354 ; -0.0265235 ; -0.00492968 ; 101.879;
8 ; 8 ; 19 ; 0.0297107 ; 0.00666931 ; 0.00535525 ; 101.524;
9 ; 8 ; 19 ; 0.016841 ; -0.00535677 ; 0.0105835 ; 101.047;
10 ; 8 ; 19 ; 0.017284 ; 0.0121385 ; -0.0151667 ; 101.376;
11 ; 8 ; 19 ; 0.0449583 ; 0.00604041 ; -0.00688205 ; 101.361;
12 ; 8 ; 19 ; 0.0405774 ; -0.0198819 ; -0.00789147 ; 101.234;
13 ; 8 ; 19 ; 0.0367166 ; 0.0172034 ; -0.00610663 ; 101.8;
14 ; 8 ; 19 ; 0.0202716 ; -0.0105144 ; -0.00902193 ; 101.37;
15 ; 8 ; 19 ; 0.0357868 ; -0.0141248 ; 0.0102868 ; 101.589;
16 ; 8 ; 19 ; 0.0266991 ; -0.0111819 ; 0.0110237 ; 101.118;
17 ; 8 ; 19 ; 0.0246425 ; -0.00544875 ; 0.000250012 ; 101.209;
18 ; 8 ; 19 ; 0.0388635 ; -0.00661315 ; 0.0119529 ; 102.06;
19 ; 8 ; 19 ; 0.0551713 ; 0.00901902 ; 0.0100495 ; 101.726;
20 ; 8 ; 19 ; 0.0444349 ; 0.000111775 ; -0.00953632 ; 102.584;
21 ; 8 ; 19 ; 0.0209501 ; -0.00247509 ; -0.0109894 ; 101.329;
4 ; 9 ; 19 ; 0.0176531 ; -0.00935536 ; 0.00592946 ; 101.411;
5 ; 9 ; 19 ; 0.00690413 ; -0.0159643 ; 0.00916639 ; 101.373;
6 ; 9 ; 19 ; 0.0102187 ; -0.00605729 ; 0.00109726 ; 102.043;
7 ; 9 ; 19 ; 0.0369417 ; -0.00153882 ; 0.00982157 ; 101.376;
8 ; 9 ; 19 ; 0.0285904 ; 0.0140223 ; -0.00136952 ; 101.411;
9 ; 9 ; 19 ; 0.0167636 ; 0.00085 ; -0.00772165 ; 101.492;
10 ; 9 ; 19 ; 0.039616 ; 0.00869412 ; -0.000389033 ; 102.073;
11 ; 9 ; 19 ; 0.0300625 ; 0.00191608 ; -0.00379759 ; 102.084;
12 ; 9 ; 19 ; 0.0287824 ; -0.00375454 ; -0.00116337 ; 102.011;
13 ; 9 ; 19 ; 0.0276255 ; 0.000243884 ; -0.00111252 ; 101.583;
14 ; 9 ; 19 ; 0.0428733 ; 0.0126706 ; 0.00367593 ; 101.57;
15 ; 9 ; 19 ; 0.0472225 ; 0.00849243 ; -0.00562282 ; 101.516;
16 ; 9 ; 19 ; 0.0412391 ; -0.0137495 ; 0.00323275 ; 102.436;
17 ; 9 ; 19 ; 0.0276868 ; -0.0115339 ; 0.00343363 ; 100.927;
18 ; 9 ; 19 ; 0.0210334 ; 0.000556445 ; -0.00516081 ; 102.211;
19 ; 9 ; 19 ; 0.0463814 ; 0.0172985 ; -0.00288347 ; 101.578;
20 ; 9 ; 19 ; 0.0319445 ; 0.00622921 ; -0.00831607 ; 101.443;
21 ; 9 ; 19 ; 0.0318002 ; 0.00620717 ; -0.00248371 ; 102.107;
4 ; 10 ; 19 ; 0.00815634 ; -0.0103353 ; 0.0087196 ; 101.063;
5 ; 10 ; 19 ; 0.00351869 ; 0.019887 ; 0.0148253 ; 101.396;
6 ; 10 ; 19 ; 0.0102051 ; -0.00301358 ; 0.00277622 ; 101.445;
7 ; 10 ; 19 ; 0.0482741 ; 0.019004 ; 0.00751123 ; 101.208;
8 ; 10 ; 19 ; 0.0219154 ; 0.00211319 ; 0.00277338 ; 101.162;
9 ; 10 ; 19 ; 0.0277458 ; 0.000722818 ; -0.00338563 ; 101.48;
10 ; 10 ; 19 ; 0.0337705 ; -0.0190204 ; -0.00441541 ; 100.833;
11 ; 10 ; 19 ; 0.0263917 ; -0.000298763 ; -0.0102695 ; 101.688;
12 ; 10 ; 19 ; 0.023253 ; 0.0114316 ; 0.00263108 ; 101.426;
13 ; 10 ; 19 ; 0.0207291 ; 0.0016317 ; 0.00984837 ; 102.035;
14 ; 10 ; 19 ; 0.050804 ; 0.00633388 ; 0.00064114 ; 102.012;
15 ; 10 ; 19 ; 0.0324801 ; 0.00750217 ; 0.00695741 ; 101.091;
16 ; 10 ; 19 ; 0.00878609 ; -0.00548761 ; -0.0132455 ; 101.63;
17 ; 10 ; 19 ; 0.0235781 ; -0.024733 ; -0.00232342 ; 101.193;
18 ; 10 ; 19 ; 0.0382957 ; 0.00966578 ; 0.0066375 ; 101.632;
19 ; 10 ; 19 ; 0.0283457 ; 0.00415759 ; -0.00750912 ; 101.458;
20 ; 10 ; 19 ; 0.0209821 ; 0.0111011 ; -0.0171975 ; 101.49;
21 ; 10 ; 19 ; 0.0291874 ; -0.00620094 ; -0.00805268 ; 101.355;
4 ; 11 ; 19 ; 0.0268501 ; -0.0131394 ; 0.00320377 ; 101.528;
5 ; 11 ; 19 ; 0.0191672 ; 0.0137423 ; -0.0111131 ; 101.39;
6 ; 11 ; 19 ; 0.0266729 ; 0.0162262 ; 0.0185201 ; 101.334;
7 ; 11 ; 19 ; 0.0145476 ; -0.0018823 ; 0.0131645 ; 102.002;
8 ; 11 ; 19 ; 0.045601 ; -0.00965385 ; -0.0072142 ; 101.874;
9 ; 11 ; 19 ; 0.0241009 ; -0.000170955 ; -0.0105876 ; 101.362;
10 ; 11 ; 19 ; 0.0259571 ; -0.00928397 ; -0.00593921 ; 101.767;
11 ; 11 ; 19 ; 0.0220535 ; -0.0110538 ; -0.00719154 ; 101.007;
12 ; 11 ; 19 ; 0.0231265 ; 0.00675574 ; -0.00566877 ; 101.07;
13 ; 11 ; 19 ; 0.0510645 ; -0.00235217 ; 0.0141545 ; 101.449;
14 ; 11 ; 19 ; 0.021789 ; -0.00907475 ; 0.000489908 ; 101.454;
15 ; 11 ; 19 ; 0.0316348 ; 7.76546e-05 ; -0.00434193 ; 101.007;
16 ; 11 ; 19 ; 0.0234236 ; 0.0101863 ; 0.0126744 ; 101.487;
17 ; 11 ; 19 ; 0.00967614 ; -0.0185576 ; -0.0115508 ; 101.542;
18 ; 11 ; 19 ; 0.0301912 ; 0.00759192 ; -0.0148956 ; 101.083;
19 ; 11 ; 19 ; 0.0303823 ; 0.00673907 ; -0.0153238 ; 101.75;
20 ; 11 ; 19 ; 0.0379681 ; 0.0138402 ; -0.00378575 ; 102.107;
21 ; 11 ; 19 ; 0.030083 ; 0.00549595 ; -0.00860616 ; 101.439;
4 ; 12 ; 19 ; 0.0109824 ; 0.00664575 ; -0.00580927 ; 101.086;
5 ; 12 ; 19 ; 0.0360784 ; -0.0207524 ; 0.00532072 ; 101.939;
6 ; 12 ; 19 ; 0.0255362 ; -0.0173828 ; 0.0144851 ; 101.768;
7 ; 12 ; 19 ; 0.0254478 ; -0.000517644 ; 0.00680234 ; 101.212;
8 ; 12 ; 19 ; 0.0528612 ; -0.00858259 ; 0.01849 ; 101.705;
9 ; 12 ; 19 ; 0.0372932 ; -0.0381999 ; -0.0178389 ; 101.015;
10 ; 12 ; 19 ; 0.0393435 ; 0.00324721 ; 1.57871e-05 ; 101.572;
11 ; 12 ; 19 ; 0.0268867 ; -0.0158571 ; 0.00165601 ; 101.885;
12 ; 12 ; 19 ; 0.0241288 ; 6.62082e-05 ; 0.0129128 ; 101.058;
13 ; 12 ; 19 ; 0.0339264 ; -0.00479581 ; -0.00440827 ; 101.705;
14 ; 12 ; 19 ; 0.0277875 ; -0.00824384 ; -0.00234299 ; 101.377;
15 ; 12 ; 19 ; 0.0197505 ; 0.0216788 ; -0.00195752 ; 101.55;
16 ; 12 ; 19 ; 0.045141 ; 0.00767042 ; -0.00739888 ; 101.676;
17 ; 12 ; 19 ; 0.0379028 ; -0.0212126 ; -0.0148541 ; 101.424;
18 ; 12 ; 19 ; 0.0467685 ; -0.00374264 ; -0.00312985 ; 101.913;
19 ; 12 ; 19 ; 0.00415971 ; -0.00192371 ; -0.0107342 ; 101.373;
20 ; 12 ; 19 ; 0.0149395 ; 0.0191483 ; 0.0161418 ; 101.099;
21 ; 12 ; 19 ; 0.0238683 ; -0.00242207 ; -0.000496172 ; 101.405;
4 ; 13 ; 19 ; 0.0237016 ; -0.0192164 ; -0.00347357 ; 101.277;
5 ; 13 ; 19 ; 0.015922 ; -0.0110971 ; -0.0134794 ; 100.936;
6 ; 13 ; 19 ; 0.0200191 ; 0.0113002 ; 0.0177785 ; 101.67;
7 ; 13 ; 19 ; 0.014717 ; -0.00530824 ; 0.000263313 ; 101.214;
8 ; 13 ; 19 ; 0.0390048 ; -0.00816182 ; 0.00473801 ; 101.976;
9 ; 13 ; 19 ; 0.0130732 ; -0.0167049 ; -0.0104144 ; 101.689;
10 ; 13 ; 19 ; 0.0181307 ; -0.0119974 ; 0.00350831 ; 101.104;
11 ; 13 ; 19 ; 0.0231596 ; 0.00773388 ; 0.0196438 ; 100.885;
12 ; 13 ; 19 ; 0.0207355 ; 0.00858957 ; 0.00180071 ; 101.665;
13 ; 13 ; 19 ; 0.0119225 ; 0.0154432 ; -0.00173385 ; 101.499;
14 ; 13 ; 19 ; 0.0273601 ; -0.00027307 ; -0.00163514 ; 101.466;
15 ; 13 ; 19 ; 0.0296075 ; -0.00412106 ; 0.00239927 ; 101.149;
16 ; 13 ; 19 ; 0.0234191 ; -0.00704182 ; 0.00632301 ; 101.754;
17 ; 13 ; 19 ; 0.0296259 ; -0.00450585 ; 0.0192501 ; 101.408;
18 ; 13 ; 19 ; 0.0332062 ; 0.00534588 ; -0.0179715 ; 101.412;
19 ; 13 ; 19 ; 0.037847 ; 0.0088799 ; -0.0214933 ; 101.343;
20 ; 13 ; 19 ; 0.0441813 ; 0.0178836 ; -0.00880307 ; 101.508;
21 ; 13 ; 19 ; 0.0313188 ; -0.0207389 ; -0.00466285 ; 101.999;
4 ; 14 ; 19 ; 0.0391292 ; 0.00410655 ; 0.0127517 ; 101.385;
5 ; 14 ; 19 ; 0.0153802 ; 0.0104335 ; -0.00764228 ; 101.388;
6 ; 14 ; 19 ; 0.0298812 ; 0.00619425 ; -0.0103082 ; 101.11;
7 ; 14 ; 19 ; 0.0293363 ; 0.00743023 ; 0.00983769 ; 102.397;
8 ; 14 ; 19 ; 0.0403751 ; 0.00207492 ; 0.00644404 ; 101.445;
9 ; 14 ; 19 ; 0.0311573 ; -0.0133794 ; -0.00629883 ; 101.412;
10 ; 14 ; 19 ; 0.0305454 ; -0.00888473 ; 0.0103981 ; 101.903;
11 ; 14 ; 19 ; 0.0234379 ; -0.00317362 ; -0.00742654 ; 101.61;
12 ; 14 ; 19 ; 0.0302102 ; 0.0103642 ; 0.000276818 ; 101.205;
13 ; 14 ; 19 ; 0.0306413 ; 0.00514582 ; -0.00494089 ; 100.923;
14 ; 14 ; 19 ; 0.0343855 ; -0.0141608 ; 0.0195233 ; 101.655;
15 ; 14 ; 19 ; 0.0359983 ; 0.00138748 ; 0.000334033 ; 101.62;
16 ; 14 ; 19 ; 0.0143907 ; -0.0052356 ; 0.000304859 ; 100.778;
17 ; 14 ; 19 ; 0.0216313 ; -0.00101202 ; 0.00346875 ; 101.615;
18 ; 14 ; 19 ; 0.00627412 ; 0.00491321 ; -0.0111716 ; 101.697;
19 ; 14 ; 19 ; 0.0133264 ; 0.00303916 ; -0.0213687 ; 101.491;
20 ; 14 ; 19 ; 0.0228118 ; 0.00158839 ; -0.0140492 ; 101.668;
21 ; 14 ; 19 ; 0.0326929 ; -0.000110307 ; -0.0057247 ; 101.419;
4 ; 15 ; 19 ; 0.0188576 ; 0.00553724 ; -0.00325118 ; 101.23;
5 ; 15 ; 19 ; 0.02211 ; 0.0043148 ; 0.0139605 ; 101.299;
6 ; 15 ; 19 ; 0.0329132 ; -0.00821478 ; -0.0146024 ; 101.2;
7 ; 15 ; 19 ; 0.0143758 ; 0.0148409 ; -0.00187927 ; 101.813;
8 ; 15 ; 19 ; 0.0294745 ; 0.005073 ; 0.0153829 ; 101.707;
9 ; 15 ; 19 ; 0.0274254 ; -0.00997085 ; -0.0124246 ; 101.494;
10 ; 15 ; 19 ; 0.00932258 ; 0.00573046 ; 0.0144158 ; 102.095;
11 ; 15 ; 19 ; 0.0331851 ; -0.00786589 ; -0.00340183 ; 102.235;
12 ; 15 ; 19 ; 0.0453171 ; -0.00751188 ; 0.0102398 ; 101.473;
13 ; 15 ; 19 ; 0.0405627 ; -0.00535368 ; 0.0078091 ; 101.741;
14 ; 15 ; 19 ; 0.0152262 ; -0.0203977 ; -0.0264451 ; 101.301;
15 ; 15 ; 19 ; 0.0274505 ; 0.00633961 ; 0.00792002 ; 101.403;
16 ; 15 ; 19 ; 0.0355833 ; 0.00244239 ; -0.00284107 ; 101.143;
17 ; 15 ; 19 ; 0.0211676 ; 0.00295542 ; 0.000499234 ; 101.044;
18 ; 15 ; 19 ; 0.0252702 ; 0.0235299 ; -0.0216336 ; 101.339;
19 ; 15 ; 19 ; 0.0163938 ; -0.00112792 ; -0.0202395 ; 101.573;
20 ; 15 ; 19 ; 0.0364105 ; 0.00971298 ; -0.00187488 ; 101.543;
21 ; 15 ; 19 ; 0.0253387 ; 0.00616716 ; -0.0253948 ; 101.571;
4 ; 16 ; 19 ; 0.0225066 ; 0.0112663 ; 0.00556633 ; 101.439;
5 ; 16 ; 19 ; 0.00972887 ; -0.00576172 ; 0.0100784 ; 101.028;
6 ; 16 ; 19 ; 0.00784401 ; -0.00346451 ; 0.00927425 ; 101.442;
7 ; 16 ; 19 ; 0.00569466 ; 0.0081954 ; -0.0168158 ; 101.187;
8 ; 16 ; 19 ; 0.0101165 ; 0.00040135 ; -0.0168395 ; 101.238;
9 ; 16 ; 19 ; 0.0262136 ; -0.000266157 ; 0.00900866 ; 101.024;
10 ; 16 ; 19 ; 0.0284972 ; -0.0100425 ; 0.0124241 ; 101.728;
11 ; 16 ; 19 ; 0.0374981 ; -0.00375208 ; 0.00743956 ; 101.308;
12 ; 16 ; 19 ; 0.0518866 ; -0.00529599 ; -0.00256543 ; 101.263;
13 ; 16 ; 19 ; 0.0409106 ; 0.0175047 ; -0.00506239 ; 101.346;
14 ; 16 ; 19 ; 0.0318999 ; -0.00803257 ; -0.000580236 ; 101.99;
15 ; 16 ; 19 ; 0.0267953 ; -0.0104244 ; 0.000290351 ; 100.854;
16 ; 16 ; 19 ; 0.0162687 ; -0.00431713 ; -0.00798661 ; 101.642;
17 ; 16 ; 19 ; 0.0250762 ; 0.00577892 ; 0.0146529 ; 101.15;
18 ; 16 ; 19 ; 0.0291525 ; 0.0194563 ; 0.0167529 ; 101.888;
19 ; 16 ; 19 ; 0.0265341 ; 0.000502275 ; -0.0115949 ; 101.496;
20 ; 16 ; 19 ; 0.0381798 ; -0.0121317 ; -0.0203767 ; 102.189;
21 ; 16 ; 19 ; 0.0155089 ; 0.0159332 ; -0.00658284 ; 102.047;
4 ; 17 ; 19 ; 0.0245241 ; 0.0161608 ; -0.019023 ; 101.518;
5 ; 17 ; 19 ; 0.0179306 ; 0.00358493 ; 0.00892461 ; 102.327;
6 ; 17 ; 19 ; 0.0219594 ; 0.00502426 ; 0.0145993 ; 101.208;
7 ; 17 ; 19 ; 0.00903513 ; 0.0190983 ; -0.0179771 ; 101.529;
8 ; 17 ; 19 ; 0.0338853 ; -0.0284082 ; 0.00658682 ; 101.688;
9 ; 17 ; 19 ; 0.0301548 ; -0.0169821 ; 0.021686 ; 101.847;
10 ; 17 ; 19 ; 0.0430265 ; -0.019695 ; -0.00189187 ; 102.06;
11 ; 17 ; 19 ; 0.0153216 ; 0.0107942 ; -0.00767415 ; 101.684;
12 ; 17 ; 19 ; 0.0416873 ; -0.00963129 ; -0.0125516 ; 101.226;
13 ; 17 ; 19 ; 0.0319739 ; -0.00670112 ; -0.012739 ; 101.579;
14 ; 17 ; 19 ; 0.0357831 ; -0.0143778 ; 0.0154745 ; 102.359;
15 ; 17 ; 19 ; 0.0292275 ; 0.00713248 ; -0.0146609 ; 100.799;
16 ; 17 ; 19 ; 0.0430463 ; 0.0143907 ; 4.41361e-05 ; 101.14;
17 ; 17 ; 19 ; 0.0533975 ; -0.00777595 ; 0.0132642 ; 101.877;
18 ; 17 ; 19 ; 0.0245838 ; 0.0154589 ; -0.0152275 ; 101.589;
19 ; 17 ; 19 ; 0.0338059 ; -0.0115701 ; -0.00194687 ; 101.798;
20 ; 17 ; 19 ; 0.02632 ; -0.0126597 ; -0.0159378 ; 101.216;
21 ; 17 ; 19 ; 0.0240667 ; 0.0202888 ; -0.024327 ; 101.778;
4 ; 18 ; 19 ; 0.0207548 ; 0.0194151 ; -0.00916196 ; 101.742;
5 ; 18 ; 19 ; 0.0307762 ; -0.00665255 ; 0.0103193 ; 101.18;
6 ; 18 ; 19 ; 0.0308342 ; 0.00509762 ; 0.00192867 ; 101.648;
7 ; 18 ; 19 ; 0.0212956 ; 0.00866039 ; 0.014974 ; 101.102;
8 ; 18 ; 19 ; 0.0219545 ; 8.01071e-05 ; 0.0137021 ; 101.16;
9 ; 18 ; 19 ; 0.0204987 ; -9.41813e-06 ; -0.000966215 ; 101.777;
10 ; 18 ; 19 ; 0.0347288 ; 0.0230377 ; 0.00855079 ; 101.249;
11 ; 18 ; 19 ; 0.0230543 ; 0.0115481 ; -0.00616107 ; 101.185;
12 ; 18 ; 19 ; 0.0407585 ; -0.00895852 ; -0.00575008 ; 101.327;
13 ; 18 ; 19 ; 0.0146765 ; 0.0163262 ; 0.0113847 ; 101.439;
14 ; 18 ; 19 ; 0.0416708 ; -0.0101521 ; 0.000661494 ; 101.736;
15 ; 18 ; 19 ; 0.0359829 ; 0.0116099 ; 0.0084598 ; 101.389;
16 ; 18 ; 19 ; 0.0525176 ; -0.0103981 ; -0.0151244 ; 101.917;
17 ; 18 ; 19 ; 0.0390058 ; -0.00956371 ; -0.00394506 ; 101.783;
18 ; 18 ; 19 ; 0.0160194 ; 0.0154485 ; -0.0208577 ; 101.773;
19 ; 18 ; 19 ; 0.0235987 ; -0.00427016 ; -0.00930818 ; 100.837;
20 ; 18 ; 19 ; 0.0321526 ; -0.000708817 ; 0.00863591 ; 101.582;
21 ; 18 ; 19 ; 0.0162421 ; 0.0105986 ; -0.000910473 ; 101.65;
4 ; 19 ; 19 ; 0.0194053 ; -0.00630016 ; 0.0110281 ; 101.35;
5 ; 19 ; 19 ; 0.012929 ; -0.0104586 ; 0.0024689 ; 101.311;
6 ; 19 ; 19 ; 0.0108018 ; 0.014987 ; 0.000814497 ; 100.76;
7 ; 19 ; 19 ; 0.0219346 ; -0.0061587 ; 0.0040062 ; 101.373;
8 ; 19 ; 19 ; 0.0233705 ; 0.000891197 ; 0.00201134 ; 101.487;
9 ; 19 ; 19 ; 0.0228191 ; -0.0105533 ; -0.00900412 ; 101.175;
10 ; 19 ; 19 ; 0.0226058 ; 0.00643676 ; -0.0191863 ; 101.185;
11 ; 19 ; 19 ; 0.039002 ; -0.000531447 ; 0.00487379 ; 100.533;
12 ; 19 ; 19 ; 0.0468448 ; 0.00142397 ; -0.00109805 ; 101.886;
13 ; 19 ; 19 ; 0.0290384 ; -0.00283826 ; 0.0129451 ; 101.418;
14 ; 19 ; 19 ; 0.024981 ; -0.00449029 ; -0.00319138 ; 101.366;
15 ; 19 ; 19 ; 0.0430351 ; -0.00430729 ; 0.000271856 ; 101.658;
16 ; 19 ; 19 ; 0.030168 ; 0.00546485 ; 0.018037 ; 102.042;
17 ; 19 ; 19 ; 0.0267763 ; 0.00157702 ; -0.0100903 ; 101.356;
18 ; 19 ; 19 ; 0.0455033 ; 0.0273726 ; 0.00728469 ; 100.911;
19 ; 19 ; 19 ; 0.0319841 ; -0.00815347 ; -0.00837889 ; 101.938;
20 ; 19 ; 19 ; 0.0409527 ; 0.0136921 ; -0.00577236 ; 101.465;
21 ; 19 ; 19 ; 0.0129583 ; 0.00447592 ; -0.00180772 ; 101.586;
4 ; 20 ; 19 ; 0.0198308 ; -0.000130137 ; 0.00613304 ; 101.991;
5 ; 20 ; 19 ; 0.0379702 ; 0.0015003 ; 0.0159969 ; 101.071;
6 ; 20 ; 19 ; 0.0255823 ; -0.00246392 ; -0.00625471 ; 100.868;
7 ; 20 ; 19 ; 0.0189791 ; -0.000140601 ; 0.0170806 ; 101.973;
8 ; 20 ; 19 ; 0.0292413 ; -0.0025813 ; -0.00295684 ; 100.938;
9 ; 20 ; 19 ; 0.0323623 ; -0.00897903 ; -0.00496737 ; 102.232;
10 ; 20 ; 19 ; 0.030865 ; 0.018338 ; 0.011079 ; 101.894;
11 ; 20 ; 19 ; 0.0353851 ; -0.0153513 ; 0.00251859 ; 101.858;
12 ; 20 ; 19 ; 0.0297373 ; 0.00137403 ; 0.00629027 ; 101.242;
13 ; 20 ; 19 ; 0.0361625 ; 0.00616851 ; 0.00172329 ; 101.594;
14 ; 20 ; 19 ; 0.0238477 ; -0.00201722 ; -0.00598086 ; 101.508;
15 ; 20 ; 19 ; 0.0226873 ; 0.00372942 ; 0.00215347 ; 102.405;
16 ; 20 ; 19 ; 0.00921645 ; 0.0171206 ; 0.00851966 ; 101.805;
17 ; 20 ; 19 ; 0.025012 ; -0.00767648 ; 0.0119999 ; 101.57;
18 ; 20 ; 19 ; 0.0111289 ; -0.00593743 ; 0.00196733 ; 100.963;
19 ; 20 ; 19 ; 0.0153457 ; 0.0147595 ; -0.0172427 ; 102.002;
20 ; 20 ; 19 ; 0.0322622 ; -0.00914411 ; -0.00869174 ; 101.311;
21 ; 20 ; 19 ; 0.016691 ; -0.00467518 ; 0.00319575 ; 102.192;
4 ; 21 ; 19 ; 0.0176393 ; 0.0208737 ; 0.00496257 ; 101.705;
5 ; 21 ; 19 ; 0.0244669 ; 0.00203579 ; -0.00094061 ; 101.736;
6 ; 21 ; 19 ; 0.0274526 ; -0.00681419 ; 0.0111388 ; 100.769;
7 ; 21 ; 19 ; 0.0208517 ; 0.028754 ; 0.00498327 ; 100.77;
8 ; 21 ; 19 ; 0.0335823 ; 0.00248787 ; -0.00895741 ; 101.694;
9 ; 21 ; 19 ; 0.0274265 ; 0.000151937 ; 0.0199423 ; 101.771;
10 ; 21 ; 19 ; 0.0131744 ; -0.00486783 ; 0.000520515 ; 100.961;
11 ; 21 ; 19 ; 0.0211326 ; 0.00683454 ; 0.00804575 ; 101.311;
12 ; 21 ; 19 ; 0.0243869 ; 0.00427909 ; 0.00421202 ; 101.808;
13 ; 21 ; 19 ; 0.0268306 ; -0.0126363 ; -0.0109873 ; 101.69;
14 ; 21 ; 19 ; 0.0124387 ; 0.0184223 ; -0.0083031 ; 102.2;
15 ; 21 ; 19 ; 0.0253598 ; -0.0131856 ; 0.0132806 ; 101.965;
16 ; 21 ; 19 ; 0.0185586 ; -0.00609028 ; 0.00356921 ; 101.317;
17 ; 21 ; 19 ; 0.0350115 ; 0.00435947 ; -7.72614e-05 ; 101.928;
18 ; 21 ; 19 ; 0.0352964 ; 0.00489664 ; 0.00281391 ; 101.733;
19 ; 21 ; 19 ; 0.0144044 ; 0.00117291 ; -0.00913472 ; 101.497;
20 ; 21 ; 19 ; 0.0345504 ; -0.0123346 ; 0.0124981 ; 101.384;
21 ; 21 ; 19 ; 0.0116366 ; -0.00560185 ; 0.00218242 ; 101.11;
4 ; 4 ; 20 ; 0.0074268 ; -0.000334933 ; -0.00712591 ; 101.237;
5 ; 4 ; 20 ; 0.0165788 ; -0.0221486 ; 0.0131698 ; 101.443;
6 ; 4 ; 20 ; 0.00807357 ; -0.000185085 ; -0.00237483 ; 102.096;
7 ; 4 ; 20 ; 0.012497 ; 0.00483904 ; -0.0112741 ; 102.138;
8 ; 4 ; 20 ; 0.0329358 ; -0.00349853 ; -0.00140886 ; 101.492;
9 ; 4 ; 20 ; 0.00369238 ; 0.0104449 ; -0.00544795 ; 101.741;
10 ; 4 ; 20 ; 0.0206007 ; 0.017059 ; 0.00176594 ; 101.768;
11 ; 4 ; 20 ; -0.00173801 ; -0.010306 ; 0.0019637 ; 101.928;
12 ; 4 ; 20 ; 0.00852623 ; -0.00934742 ; -0.0112098 ; 101.55;
13 ; 4 ; 20 ; 0.0200291 ; 0.00602785 ; 0.00544848 ; 101.572;
14 ; 4 ; 20 ; -0.00143435 ; -0.0200298 ; -0.00403661 ; 101.058;
15 ; 4 ; 20 ; 0.0257465 ; -0.0096037 ; 0.0166066 ; 101.744;
16 ; 4 ; 20 ; 0.0127005 ; -0.00663411 ; 0.00556792 ; 100.979;
17 ; 4 ; 20 ; 0.0212896 ; 0.0098347 ; 0.0109124 ; 101.209;
18 ; 4 ; 20 ; 0.0227901 ; 0.0046282 ; -0.000393272 ; 101.988;
19 ; 4 ; 20 ; 0.0335736 ; 0.000823873 ; 0.0109786 ; 101.241;
20 ; 4 ; 20 ; 0.0265396 ; 0.0179736 ; -0.0141258 ; 101.661;
21 ; 4 ; 20 ; 0.0339774 ; -0.0179236 ; 0.000218007 ; 101.813;
4 ; 5 ; 20 ; 0.00343964 ; -0.00982734 ; -0.000760305 ; 101.498;
5 ; 5 ; 20 ; 0.028067 ; 7.6446e-05 ; 0.00467432 ; 101.655;
6 ; 5 ; 20 ; 0.034244 ; -0.00275269 ; 0.013013 ; 101.123;
7 ; 5 ; 20 ; 0.0299778 ; 0.000572687 ; 0.0105541 ; 101.65;
8 ; 5 ; 20 ; 0.0219035 ; -0.000928762 ; 0.0115634 ; 101.608;
9 ; 5 ; 20 ; 0.0160565 ; -0.00609359 ; -0.00575318 ; 101.84;
10 ; 5 ; 20 ; 0.0262513 ; 0.0156258 ; -0.0236418 ; 101.786;
11 ; 5 ; 20 ; 0.0398326 ; -0.00685005 ; 0.0149849 ; 101.781;
12 ; 5 ; 20 ; 0.0364601 ; -0.0114886 ; 0.00650985 ; 101.599;
13 ; 5 ; 20 ; 0.0351382 ; 0.0110057 ; 0.00978901 ; 101.053;
14 ; 5 ; 20 ; 0.00884542 ; -0.0018499 ; 0.00624862 ; 101.633;
15 ; 5 ; 20 ; 0.00448834 ; -0.00363237 ; -0.00141407 ; 101.41;
16 ; 5 ; 20 ; 0.00105294 ; 0.00829758 ; 0.010058 ; 101.21;
17 ; 5 ; 20 ; 0.0201716 ; -0.0103003 ; 0.00732165 ; 101.81;
18 ; 5 ; 20 ; 0.0395105 ; -0.00228207 ; -0.00861637 ; 101.281;
19 ; 5 ; 20 ; 0.0113471 ; -0.0124116 ; -0.00289164 ; 101.523;
20 ; 5 ; 20 ; 0.0295177 ; 0.000664467 ; 0.000345815 ; 101.449;
21 ; 5 ; 20 ; 0.0136308 ; 0.00206117 ; -0.00897109 ; 101.633;
4 ; 6 ; 20 ; 0.0408298 ; -0.0128792 ; 0.00117994 ; 100.976;
5 ; 6 ; 20 ; 0.00951183 ; -0.0121304 ; 0.00985853 ; 101.512;
6 ; 6 ; 20 ; 0.0102161 ; 0.00240723 ; 0.00811623 ; 101.801;
7 ; 6 ; 20 ; 0.0162857 ; -0.00992478 ; -0.009178 ; 102.123;
8 ; 6 ; 20 ; 0.0198569 ; -0.00599412 ; -0.0211404 ; 101.219;
9 ; 6 ; 20 ; 0.0189822 ; -0.0124279 ; -0.0143775 ; 101.441;
10 ; 6 ; 20 ; 0.00675072 ; 0.0120313 ; -0.00627609 ; 101.17;
11 ; 6 ; 20 ; 0.0286803 ; -0.00214559 ; 0.0110149 ; 100.974;
12 ; 6 ; 20 ; 0.0249207 ; -0.0196328 ; -0.00317848 ; 101.584;
13 ; 6 ; 20 ; 0.0229069 ; 0.0065598 ; -0.00789794 ; 102.326;
14 ; 6 ; 20 ; 0.0203502 ; -0.00284482 ; -1.8351e-05 ; 102.209;
15 ; 6 ; 20 ; 0.026383 ; 0.0147735 ; -0.0118922 ; 101.116;
16 ; 6 ; 20 ; 0.0276555 ; 0.0086395 ; 0.0102086 ; 101.477;
17 ; 6 ; 20 ; 0.0245241 ; -0.00196945 ; -0.0018476 ; 101.042;
18 ; 6 ; 20 ; 0.027803 ; -0.00230844 ; -0.000365653 ; 101.522;
19 ; 6 ; 20 ; 0.0394376 ; -0.00677554 ; -0.00619609 ; 101.349;
20 ; 6 ; 20 ; 0.0394291 ; -0.0281288 ; 0.00165378 ; 101.155;
21 ; 6 ; 20 ; 0.0162048 ; -0.00332031 ; -0.0119085 ; 101.49;
4 ; 7 ; 20 ; 0.00977453 ; -0.00174237 ; -0.00398055 ; 101.889;
5 ; 7 ; 20 ; 0.031186 ; -0.0139954 ; -0.00689765 ; 101.175;
6 ; 7 ; 20 ; 0.0354242 ; -0.00199123 ; -0.0204381 ; 101.035;
7 ; 7 ; 20 ; 0.0104934 ; -0.00378612 ; 0.00883871 ; 101.402;
8 ; 7 ; 20 ; 0.00770234 ; 0.000412858 ; 0.00459801 ; 101.626;
9 ; 7 ; 20 ; 0.00410192 ; -0.0108438 ; 0.00916845 ; 100.789;
10 ; 7 ; 20 ; -0.0027225 ; -0.0035867 ; 0.00287505 ; 100.792;
11 ; 7 ; 20 ; 0.0228053 ; -0.0107003 ; -0.00218536 ; 101.415;
12 ; 7 ; 20 ; 0.0351204 ; 0.00252634 ; 0.0122502 ; 101.447;
13 ; 7 ; 20 ; 0.033063 ; -0.0050452 ; 0.0134093 ; 101.854;
14 ; 7 ; 20 ; 0.0250843 ; 0.00976604 ; 0.00385841 ; 101.863;
15 ; 7 ; 20 ; 0.0347045 ; -0.0029312 ; -0.000718738 ; 101.553;
16 ; 7 ; 20 ; 0.011333 ; -0.00809282 ; -0.0115688 ; 101.304;
17 ; 7 ; 20 ; -0.00113934 ; -0.00498814 ; 0.00899813 ; 101.77;
18 ; 7 ; 20 ; 0.0308093 ; -0.00423147 ; -0.0162913 ; 101.428;
19 ; 7 ; 20 ; 0.0148084 ; 0.00434574 ; 0.0315328 ; 102.038;
20 ; 7 ; 20 ; 0.0336322 ; 0.00965186 ; -0.0255439 ; 101.412;
21 ; 7 ; 20 ; 0.00737182 ; -0.0215479 ; -0.00757914 ; 101.473;
4 ; 8 ; 20 ; 0.0213662 ; 0.0162276 ; 0.00875089 ; 101.424;
5 ; 8 ; 20 ; 0.0195651 ; -0.0195416 ; 0.00718703 ; 100.893;
6 ; 8 ; 20 ; 0.00843477 ; -0.00441947 ; 0.0072959 ; 101.432;
7 ; 8 ; 20 ; 0.0126977 ; -0.0138076 ; 0.0229085 ; 101.564;
8 ; 8 ; 20 ; 0.0172761 ; -0.000214609 ; -0.0117858 ; 102.138;
9 ; 8 ; 20 ; 0.0192785 ; -0.0137163 ; -9.65097e-05 ; 101.641;
10 ; 8 ; 20 ; 0.0210391 ; -0.00519677 ; -0.01149 ; 101.625;
11 ; 8 ; 20 ; 0.00271731 ; -0.000285386 ; -0.00485654 ; 101.337;
12 ; 8 ; 20 ; 0.0205752 ; -0.016882 ; -0.00165147 ; 101.069;
13 ; 8 ; 20 ; 0.0260329 ; 5.60237e-05 ; -0.00211442 ; 101.14;
14 ; 8 ; 20 ; 0.0249329 ; -0.00461401 ; 0.0124715 ; 101.674;
15 ; 8 ; 20 ; 0.0290058 ; 0.00137071 ; 0.0105429 ; 101.439;
16 ; 8 ; 20 ; 0.0289739 ; 0.00735445 ; 0.0135683 ; 101.027;
17 ; 8 ; 20 ; 0.0243498 ; -0.00369552 ; 0.0213654 ; 100.928;
18 ; 8 ; 20 ; 0.00831731 ; -0.00482211 ; 0.00803849 ; 100.642;
19 ; 8 ; 20 ; 0.00144768 ; -0.00974879 ; 0.0117633 ; 101.577;
20 ; 8 ; 20 ; 0.0283678 ; 0.00211961 ; -0.00514821 ; 101.699;
21 ; 8 ; 20 ; 0.00749596 ; 0.00153295 ; -0.00417016 ; 101.629;
4 ; 9 ; 20 ; 0.0271001 ; -0.00253234 ; -0.0107811 ; 101.202;
5 ; 9 ; 20 ; 0.0248251 ; 0.0061992 ; 0.00152545 ; 101.951;
6 ; 9 ; 20 ; 0.00878003 ; -0.00505639 ; 0.022154 ; 101.096;
7 ; 9 ; 20 ; 0.0101718 ; -0.00590909 ; -0.00433826 ; 101.866;
8 ; 9 ; 20 ; 0.0337703 ; 0.00808392 ; 0.00410505 ; 101.102;
9 ; 9 ; 20 ; 0.0132587 ; 0.0139377 ; 0.00782318 ; 101.488;
10 ; 9 ; 20 ; 0.0532642 ; -0.00411974 ; -0.012455 ; 101.818;
11 ; 9 ; 20 ; 0.0113698 ; -0.000660391 ; 0.0119315 ; 101.926;
12 ; 9 ; 20 ; 0.0159941 ; -0.0197355 ; -0.00374482 ; 101.429;
13 ; 9 ; 20 ; 0.00450975 ; 0.0124525 ; 0.013064 ; 101.637;
14 ; 9 ; 20 ; 0.0378583 ; -0.013452 ; 0.0059629 ; 101.133;
15 ; 9 ; 20 ; 0.0500551 ; -0.000729445 ; -0.00474539 ; 101.382;
16 ; 9 ; 20 ; 0.000626841 ; 0.0100029 ; -0.000312347 ; 101.401;
17 ; 9 ; 20 ; 0.029056 ; 0.0175265 ; 0.0120622 ; 101.157;
18 ; 9 ; 20 ; 0.0262911 ; 0.0101373 ; 0.0272723 ; 101.463;
19 ; 9 ; 20 ; 0.0259285 ; -0.000959198 ; -0.0182439 ; 101.651;
20 ; 9 ; 20 ; 0.0205202 ; 0.00637066 ; -0.0210503 ; 101.5;
21 ; 9 ; 20 ; 0.0215838 ; -0.00657028 ; 0.000419539 ; 101.395;
4 ; 10 ; 20 ; 0.0122011 ; 0.0100175 ; 0.00188469 ; 101.531;
5 ; 10 ; 20 ; 0.00773294 ; -0.0066681 ; 0.0060859 ; 101.794;
6 ; 10 ; 20 ; 0.0234785 ; 0.00448121 ; 0.00183932 ; 101.026;
7 ; 10 ; 20 ; 0.0312425 ; 0.00400986 ; -0.0064101 ; 102.176;
8 ; 10 ; 20 ; 0.0394702 ; -0.00375811 ; 0.00110211 ; 101.727;
9 ; 10 ; 20 ; 0.0394108 ; 0.0144576 ; -0.0116609 ; 101.675;
10 ; 10 ; 20 ; 0.0492184 ; 0.0124507 ; -0.0267913 ; 100.925;
11 ; 10 ; 20 ; 0.0257252 ; -0.00926388 ; 0.00243419 ; 101.641;
12 ; 10 ; 20 ; 0.0357127 ; -0.000340317 ; -0.0147312 ; 101.646;
13 ; 10 ; 20 ; 0.0262411 ; 0.0180333 ; -0.0036644 ; 101.801;
14 ; 10 ; 20 ; 0.0198712 ; 0.00588419 ; 0.0191975 ; 101.358;
15 ; 10 ; 20 ; 0.0431009 ; 0.0159675 ; 0.00523066 ; 102.108;
16 ; 10 ; 20 ; 0.0188269 ; 0.0051697 ; -0.0025182 ; 101.284;
17 ; 10 ; 20 ; 0.0333571 ; 0.00134817 ; 0.00756787 ; 102.212;
18 ; 10 ; 20 ; 0.0379394 ; -0.00368803 ; -0.0201715 ; 101.446;
19 ; 10 ; 20 ; -0.00177504 ; 0.00314337 ; 0.00768422 ; 101.705;
20 ; 10 ; 20 ; 0.0026571 ; 0.0174014 ; -0.00283872 ; 101.181;
21 ; 10 ; 20 ; 0.0128394 ; -0.0182157 ; -0.0250013 ; 101.379;
4 ; 11 ; 20 ; 0.025301 ; -0.00229418 ; 0.0195547 ; 101.826;
5 ; 11 ; 20 ; 0.00783085 ; -0.00397162 ; 0.0111132 ; 101.526;
6 ; 11 ; 20 ; 0.00710685 ; -0.00885889 ; 0.00505978 ; 101.495;
7 ; 11 ; 20 ; 0.0157507 ; -0.0129075 ; 0.00327672 ; 101.71;
8 ; 11 ; 20 ; 0.00141412 ; -0.000683626 ; -0.0138844 ; 101.163;
9 ; 11 ; 20 ; 0.0421562 ; -0.00532428 ; 0.0139717 ; 101.39;
10 ; 11 ; 20 ; 0.0146606 ; -0.00513909 ; 0.0039283 ; 101.119;
11 ; 11 ; 20 ; 0.00992014 ; -0.00881584 ; 0.0078349 ; 101.502;
12 ; 11 ; 20 ; 0.0279019 ; -0.0061953 ; -0.010117 ; 101.249;
13 ; 11 ; 20 ; 0.034332 ; 0.00228916 ; 0.0186721 ; 101.499;
14 ; 11 ; 20 ; 0.0307531 ; -0.00342746 ; 0.0103994 ; 101.346;
15 ; 11 ; 20 ; 0.0185702 ; -0.00248223 ; 0.0246044 ; 101.96;
16 ; 11 ; 20 ; 0.0192956 ; 0.015123 ; -0.00132917 ; 101.253;
17 ; 11 ; 20 ; 0.0172298 ; -0.000795433 ; 0.0214344 ; 100.92;
18 ; 11 ; 20 ; 0.0216902 ; 0.021316 ; 0.00254796 ; 102.092;
19 ; 11 ; 20 ; 0.013941 ; -0.0136904 ; -0.00376565 ; 101.549;
20 ; 11 ; 20 ; 0.0208082 ; -0.000292042 ; 0.00603122 ; 101.704;
21 ; 11 ; 20 ; 0.0207885 ; -0.0216994 ; -0.0165392 ; 100.915;
4 ; 12 ; 20 ; 0.00307833 ; 0.000785672 ; -0.00431908 ; 101.125;
5 ; 12 ; 20 ; 0.0250461 ; 0.00422145 ; 0.00217213 ; 101.176;
6 ; 12 ; 20 ; 0.00560748 ; -0.00255607 ; 0.00296305 ; 101.829;
7 ; 12 ; 20 ; 0.0258798 ; -0.00307443 ; 0.00490969 ; 101.453;
8 ; 12 ; 20 ; 0.0167719 ; 0.010032 ; -0.00411767 ; 101.629;
9 ; 12 ; 20 ; 0.0332258 ; -0.00372098 ; -0.0145587 ; 100.947;
10 ; 12 ; 20 ; 0.0360898 ; -0.00274413 ; -0.00606342 ; 101.294;
11 ; 12 ; 20 ; 0.0313486 ; 0.00943185 ; 0.000854817 ; 101.88;
12 ; 12 ; 20 ; 0.0169197 ; 0.0180235 ; -0.0100818 ; 101.241;
13 ; 12 ; 20 ; 0.0259441 ; 0.00819593 ; 0.000678958 ; 101.507;
14 ; 12 ; 20 ; 0.0234827 ; 0.0124267 ; -0.00989513 ; 101.386;
15 ; 12 ; 20 ; 0.0370592 ; 0.0140799 ; -0.00321975 ; 101.831;
16 ; 12 ; 20 ; 0.0138731 ; -0.0198004 ; 0.00833108 ; 100.852;
17 ; 12 ; 20 ; 0.0117881 ; -0.0027261 ; 0.0160264 ; 101.641;
18 ; 12 ; 20 ; 0.0347622 ; 0.0184472 ; -0.00153403 ; 100.893;
19 ; 12 ; 20 ; 0.0291697 ; 0.00472389 ; -0.0124125 ; 101.55;
20 ; 12 ; 20 ; 0.0256576 ; -0.0174919 ; -0.0165258 ; 100.75;
21 ; 12 ; 20 ; 0.00929909 ; 0.00761212 ; -0.0148679 ; 101.594;
4 ; 13 ; 20 ; 0.0326983 ; 0.00460508 ; 0.0104346 ; 101.663;
5 ; 13 ; 20 ; 0.0197537 ; 0.0220995 ; -0.0108145 ; 101.078;
6 ; 13 ; 20 ; -0.0147144 ; -0.00774889 ; -0.00221433 ; 101.091;
7 ; 13 ; 20 ; 0.00924633 ; -0.00725604 ; -0.003055 ; 101.625;
8 ; 13 ; 20 ; 0.0219423 ; 0.00895712 ; -0.00373457 ; 101.104;
9 ; 13 ; 20 ; 0.0208698 ; -0.0147024 ; -7.34886e-05 ; 101.331;
10 ; 13 ; 20 ; 0.0350664 ; -0.0101485 ; -0.0118988 ; 101.535;
11 ; 13 ; 20 ; 0.0426109 ; -0.0223338 ; -0.015174 ; 101.99;
12 ; 13 ; 20 ; 0.0249918 ; -0.00359487 ; 0.00303048 ; 101.828;
13 ; 13 ; 20 ; 0.000435299 ; -0.0187536 ; 0.00255244 ; 101.038;
14 ; 13 ; 20 ; 0.0296286 ; 0.000374248 ; 0.0195024 ; 100.981;
15 ; 13 ; 20 ; 0.0154828 ; 0.0223981 ; -0.00428621 ; 101.762;
16 ; 13 ; 20 ; 0.012819 ; 0.00615362 ; -0.0246795 ; 100.973;
17 ; 13 ; 20 ; 0.0207592 ; 0.0174977 ; -0.0152041 ; 101.902;
18 ; 13 ; 20 ; 0.0229055 ; -0.0198802 ; -0.00583169 ; 101.729;
19 ; 13 ; 20 ; 0.0288416 ; 0.000573039 ; 0.0100951 ; 101.463;
20 ; 13 ; 20 ; -0.00106089 ; 0.00528226 ; 0.00455186 ; 101.093;
21 ; 13 ; 20 ; -0.0191814 ; 0.00724394 ; -0.00250918 ; 101.854;
4 ; 14 ; 20 ; 0.03537 ; -0.000116545 ; 0.0116141 ; 101.103;
5 ; 14 ; 20 ; 0.0197576 ; 0.00382778 ; -0.00972914 ; 101.52;
6 ; 14 ; 20 ; 0.01568 ; -0.0127427 ; -0.0119496 ; 101.779;
7 ; 14 ; 20 ; 0.0342292 ; -0.016404 ; 0.0146509 ; 101.932;
8 ; 14 ; 20 ; 0.0344544 ; 0.0232463 ; 0.0175012 ; 101.395;
9 ; 14 ; 20 ; 0.0395722 ; -0.00158221 ; -0.00103418 ; 101.579;
10 ; 14 ; 20 ; 0.0154691 ; -0.00533117 ; -0.0149296 ; 102.066;
11 ; 14 ; 20 ; 0.013798 ; 0.0013315 ; -0.0230115 ; 101.337;
12 ; 14 ; 20 ; 0.0233965 ; 0.0124593 ; -0.0343264 ; 101.979;
13 ; 14 ; 20 ; 0.0182718 ; 0.00198465 ; -0.00388973 ; 101.924;
14 ; 14 ; 20 ; 0.0295331 ; -0.00771211 ; 0.00712659 ; 101.573;
15 ; 14 ; 20 ; 0.0213066 ; 0.00390187 ; 0.00645128 ; 101.212;
16 ; 14 ; 20 ; 0.0107166 ; 0.0243953 ; -0.00419018 ; 101.925;
17 ; 14 ; 20 ; 0.0338654 ; 0.0287562 ; 0.00415199 ; 101.689;
18 ; 14 ; 20 ; 0.0161446 ; 0.000580766 ; 0.0152244 ; 101.496;
19 ; 14 ; 20 ; 0.0237454 ; 0.0179574 ; -0.0131232 ; 101.014;
20 ; 14 ; 20 ; 0.00946298 ; 0.00438069 ; 0.00956712 ; 100.862;
21 ; 14 ; 20 ; 0.0220813 ; 0.0166052 ; -0.0206425 ; 101.44;
4 ; 15 ; 20 ; 0.0123864 ; -0.0058745 ; 0.00371398 ; 101.793;
5 ; 15 ; 20 ; 0.025549 ; -0.00154754 ; -0.00480926 ; 101.293;
6 ; 15 ; 20 ; 0.0293922 ; 0.0130403 ; -0.00708629 ; 101.154;
7 ; 15 ; 20 ; 0.018382 ; 0.00219496 ; 0.00493048 ; 101.349;
8 ; 15 ; 20 ; 0.0126833 ; 0.0144943 ; 0.0197525 ; 101.334;
9 ; 15 ; 20 ; 0.0214278 ; -0.025063 ; -0.0137305 ; 100.787;
10 ; 15 ; 20 ; 0.0231584 ; 0.00279655 ; 0.0062841 ; 101.863;
11 ; 15 ; 20 ; -0.000647536 ; 0.0070294 ; 0.0171144 ; 101.908;
12 ; 15 ; 20 ; 0.0347484 ; -0.00412985 ; 0.00154872 ; 101.542;
13 ; 15 ; 20 ; 0.0431265 ; 0.0148972 ; -0.000744908 ; 100.9;
14 ; 15 ; 20 ; 0.0301148 ; -0.000874755 ; -0.0056067 ; 102.048;
15 ; 15 ; 20 ; 0.0390573 ; -0.0181107 ; 0.0134137 ; 101.501;
16 ; 15 ; 20 ; 0.0378027 ; -0.00635722 ; -0.00854311 ; 101.606;
17 ; 15 ; 20 ; 0.0281792 ; 0.00307163 ; -0.00198087 ; 102.199;
18 ; 15 ; 20 ; 0.0323618 ; -0.0209829 ; -0.0103351 ; 101.566;
19 ; 15 ; 20 ; 0.0113649 ; 0.000791305 ; -0.0129041 ; 101.914;
20 ; 15 ; 20 ; -0.000138711 ; -0.00112312 ; 0.000462041 ; 102.139;
21 ; 15 ; 20 ; 0.00477135 ; 0.0183526 ; -0.000171137 ; 101.469;
4 ; 16 ; 20 ; 0.0167811 ; 0.0157751 ; 0.014832 ; 101.729;
5 ; 16 ; 20 ; 0.0336112 ; -0.0215301 ; 0.00463962 ; 101.821;
6 ; 16 ; 20 ; 0.0131343 ; 0.00507346 ; 0.00814109 ; 101.731;
7 ; 16 ; 20 ; 0.0159148 ; 0.00679902 ; 0.00490187 ; 101.969;
8 ; 16 ; 20 ; 0.0207903 ; 0.0140987 ; 0.00621616 ; 101.498;
9 ; 16 ; 20 ; 0.0236511 ; -0.0077666 ; -0.0087329 ; 100.983;
10 ; 16 ; 20 ; 0.0198832 ; -0.00564886 ; -0.018188 ; 101.153;
11 ; 16 ; 20 ; 0.0317196 ; 0.0103706 ; 0.0168858 ; 101.817;
12 ; 16 ; 20 ; 0.0303401 ; 0.00176697 ; 0.00101392 ; 101.902;
13 ; 16 ; 20 ; 0.0285373 ; 0.0144445 ; 0.00406829 ; 101.524;
14 ; 16 ; 20 ; 0.0356239 ; -0.00933338 ; 0.002377 ; 101.925;
15 ; 16 ; 20 ; 0.0256149 ; -0.00829533 ; -0.0127697 ; 101.2;
16 ; 16 ; 20 ; 0.0256248 ; 0.00054759 ; 0.00900537 ; 101.231;
17 ; 16 ; 20 ; 0.037767 ; 0.0105786 ; 0.00247869 ; 101.601;
18 ; 16 ; 20 ; 0.0302826 ; 0.0221305 ; 0.00653035 ; 101.701;
19 ; 16 ; 20 ; 0.030538 ; -0.00947592 ; 0.0244828 ; 102.139;
20 ; 16 ; 20 ; 0.00525608 ; 0.00304057 ; -0.00744011 ; 101.443;
21 ; 16 ; 20 ; 0.0168324 ; 0.0223759 ; 0.013156 ; 101.718;
4 ; 17 ; 20 ; 0.0251908 ; -0.00752091 ; -0.00243509 ; 101.045;
5 ; 17 ; 20 ; 0.0100643 ; -0.00755023 ; -0.0011624 ; 101.456;
6 ; 17 ; 20 ; 0.0152235 ; -0.00229475 ; 0.00617149 ; 101.36;
7 ; 17 ; 20 ; 0.00864916 ; -0.0243249 ; -0.01406 ; 101.338;
8 ; 17 ; 20 ; 0.0272546 ; -0.0175008 ; -0.00224898 ; 101.655;
9 ; 17 ; 20 ; 0.0291757 ; -0.0160432 ; 0.0206309 ; 100.687;
10 ; 17 ; 20 ; 0.0150586 ; -0.00111494 ; 0.0140456 ; 101.516;
11 ; 17 ; 20 ; 0.0347943 ; 0.0255279 ; 0.00629524 ; 101.352;
12 ; 17 ; 20 ; 0.0221358 ; -0.00480503 ; -0.00508111 ; 101.839;
13 ; 17 ; 20 ; 0.0286184 ; 0.0119813 ; 0.0119792 ; 101.612;
14 ; 17 ; 20 ; 0.0229515 ; 0.00616668 ; -0.0148886 ; 101.045;
15 ; 17 ; 20 ; 0.038713 ; -0.00630274 ; -0.0130401 ; 101.664;
16 ; 17 ; 20 ; 0.0287894 ; -0.00134462 ; -0.00198979 ; 101.187;
17 ; 17 ; 20 ; 0.0306189 ; -0.0131365 ; -0.0122245 ; 101.862;
18 ; 17 ; 20 ; 0.0205387 ; 0.00785726 ; -0.00150526 ; 101.191;
19 ; 17 ; 20 ; 0.0308164 ; 0.0168967 ; -0.00907017 ; 101.568;
20 ; 17 ; 20 ; 0.0146097 ; -0.00202739 ; -0.00274944 ; 101.467;
21 ; 17 ; 20 ; 0.00975421 ; 0.00570026 ; 0.00506095 ; 101.133;
4 ; 18 ; 20 ; 0.00820448 ; -0.000736848 ; 0.0355804 ; 101.901;
5 ; 18 ; 20 ; 0.0327122 ; -0.00424608 ; 0.0133561 ; 101.797;
6 ; 18 ; 20 ; 0.0270384 ; -0.0265785 ; -0.000740191 ; 101.476;
7 ; 18 ; 20 ; 0.0137329 ; 0.00335225 ; 0.00401676 ; 101.957;
8 ; 18 ; 20 ; 0.00440479 ; -0.0065131 ; 0.0108627 ; 102.077;
9 ; 18 ; 20 ; 0.0116237 ; -0.0276673 ; 0.00396086 ; 101.312;
10 ; 18 ; 20 ; 0.0209181 ; -0.0052751 ; -0.0191075 ; 101.775;
11 ; 18 ; 20 ; 0.0127196 ; -0.00615595 ; -0.0187137 ; 101.083;
12 ; 18 ; 20 ; 0.0170954 ; 0.000123609 ; 0.00765798 ; 101.414;
13 ; 18 ; 20 ; 0.0285067 ; 0.00762507 ; -0.00807117 ; 101.415;
14 ; 18 ; 20 ; -0.000210524 ; 0.00639702 ; 0.0129358 ; 101.722;
15 ; 18 ; 20 ; 0.0191308 ; -2.87077e-05 ; -0.0058855 ; 101.571;
16 ; 18 ; 20 ; 0.0319231 ; 0.00139937 ; 0.0131862 ; 101.527;
17 ; 18 ; 20 ; 0.0238188 ; 0.000296258 ; 0.0033077 ; 101.544;
18 ; 18 ; 20 ; 0.0217479 ; -0.0028795 ; 0.00741381 ; 101.664;
19 ; 18 ; 20 ; 0.0143786 ; 0.0144391 ; -0.0193684 ; 101.797;
20 ; 18 ; 20 ; 0.0147912 ; 0.000256375 ; 0.00364428 ; 102.48;
21 ; 18 ; 20 ; 0.0164081 ; -0.00349739 ; 0.00363056 ; 100.745;
4 ; 19 ; 20 ; -0.00609921 ; -0.00796111 ; 0.00113552 ; 100.853;
5 ; 19 ; 20 ; 0.0122662 ; 0.00339839 ; 0.00865301 ; 101.784;
6 ; 19 ; 20 ; 0.00982304 ; -0.0125793 ; 0.00651585 ; 101.662;
7 ; 19 ; 20 ; 0.031215 ; -0.0163 ; -0.0029551 ; 101.093;
8 ; 19 ; 20 ; 0.0101379 ; 0.000780711 ; 0.00647364 ; 101.187;
9 ; 19 ; 20 ; 0.0162367 ; -0.000597418 ; 0.000132815 ; 101.422;
10 ; 19 ; 20 ; 0.0179559 ; -0.014281 ; 0.00194999 ; 101.544;
11 ; 19 ; 20 ; 0.0232423 ; 0.0110841 ; 0.005059 ; 101.823;
12 ; 19 ; 20 ; 0.0362218 ; -0.001188 ; 0.00048541 ; 100.827;
13 ; 19 ; 20 ; 0.0184753 ; -0.00470324 ; 0.00318122 ; 101.762;
14 ; 19 ; 20 ; 0.0243524 ; 0.0012439 ; -0.00632696 ; 100.94;
15 ; 19 ; 20 ; 0.0235628 ; -0.018287 ; 0.00730087 ; 101.786;
16 ; 19 ; 20 ; 0.0218599 ; 0.00303322 ; -0.00294002 ; 101.702;
17 ; 19 ; 20 ; 0.024928 ; 0.00774674 ; -0.00985186 ; 101.599;
18 ; 19 ; 20 ; 0.0246376 ; -0.0229524 ; -0.012639 ; 101.432;
19 ; 19 ; 20 ; 0.0142884 ; 0.00686998 ; -0.0112385 ; 101.505;
20 ; 19 ; 20 ; 0.0309474 ; 0.000458855 ; -0.0177223 ; 101.606;
21 ; 19 ; 20 ; 0.0231702 ; -0.00142249 ; -0.012097 ; 101.748;
4 ; 20 ; 20 ; 0.0306239 ; 0.00209571 ; -0.00438055 ; 101.089;
5 ; 20 ; 20 ; 0.0093305 ; 0.00861903 ; -0.00227442 ; 101.149;
6 ; 20 ; 20 ; 0.0413163 ; 0.00289713 ; -0.021004 ; 101.213;
7 ; 20 ; 20 ; 0.027205 ; -0.0177661 ; 0.000483272 ; 101.915;
8 ; 20 ; 20 ; 0.0229614 ; -0.00272149 ; -0.00983827 ; 101.597;
9 ; 20 ; 20 ; 0.0355817 ; 0.00279006 ; -0.000203569 ; 101.47;
10 ; 20 ; 20 ; 0.0284202 ; 0.00636014 ; 0.00722363 ; 100.956;
11 ; 20 ; 20 ; 0.0189441 ; -0.0101934 ; -0.00681977 ; 101.72;
12 ; 20 ; 20 ; 0.0167431 ; -0.0111994 ; 0.00674 ; 101.451;
13 ; 20 ; 20 ; 0.0258814 ; 0.00715398 ; 0.00780467 ; 101.197;
14 ; 20 ; 20 ; 0.0167244 ; -0.0140308 ; 0.0082923 ; 101.555;
15 ; 20 ; 20 ; 0.0153742 ; -0.00193079 ; 0.00502835 ; 101.569;
16 ; 20 ; 20 ; 0.0256235 ; 0.00166892 ; 0.00657648 ; 101.165;
17 ; 20 ; 20 ; 0.0127944 ; -0.0062807 ; -0.00157912 ; 101.228;
18 ; 20 ; 20 ; 0.011895 ; 0.0280303 ; 0.00600853 ; 101.501;
19 ; 20 ; 20 ; 0.00801105 ; 0.0146747 ; -0.00348006 ; 101.564;
20 ; 20 ; 20 ; 0.0225272 ; -0.0243395 ; 0.0121189 ; 102.043;
21 ; 20 ; 20 ; 0.02362 ; -0.0151926 ; 0.011103 ; 101.723;
4 ; 21 ; 20 ; 0.0254142 ; -0.00563318 ; 0.0155538 ; 101.147;
5 ; 21 ; 20 ; 0.0259542 ; 0.00357719 ; -0.0044162 ; 101.786;
6 ; 21 ; 20 ; 0.0349126 ; -0.00777952 ; 0.00979003 ; 101.392;
7 ; 21 ; 20 ; 0.0352594 ; 0.00413059 ; -0.00218426 ; 101.143;
8 ; 21 ; 20 ; 0.0208059 ; 0.00452633 ; 0.00890423 ; 101.129;
9 ; 21 ; 20 ; 0.01619 ; 6.79863e-05 ; -0.0147128 ; 101.588;
10 ; 21 ; 20 ; 0.0135242 ; -0.00578763 ; 0.0146312 ; 101.746;
11 ; 21 ; 20 ; 0.0212772 ; -0.00432267 ; -0.00681857 ; 101.679;
12 ; 21 ; 20 ; 0.0126995 ; 0.00502921 ; 0.00466146 ; 101.94;
13 ; 21 ; 20 ; 0.0358401 ; 0.0023212 ; -0.00431876 ; 101.474;
14 ; 21 ; 20 ; 0.0275688 ; -0.00137531 ; 0.00348686 ; 101.423;
15 ; 21 ; 20 ; 0.00732075 ; -0.00486021 ; 0.0156612 ; 101.694;
16 ; 21 ; 20 ; 0.0167256 ; -0.0363006 ; -0.0040554 ; 101.25;
17 ; 21 ; 20 ; 0.0278497 ; -0.0211992 ; 0.00107921 ; 101.596;
18 ; 21 ; 20 ; 0.0236035 ; 0.00112111 ; 0.0191847 ; 102.036;
19 ; 21 ; 20 ; 0.0236054 ; 0.0227049 ; -0.0256399 ; 101.741;
20 ; 21 ; 20 ; 0.0148436 ; -0.0121097 ; 0.0165978 ; 100.914;
21 ; 21 ; 20 ; 0.00903826 ; -0.022445 ; 0.0112816 ; 101.056;
4 ; 4 ; 21 ; 0.0204554 ; 0.0126272 ; 0.0153593 ; 101.333;
5 ; 4 ; 21 ; 0.008 ; 0.000422307 ; 0.0217776 ; 101.307;
6 ; 4 ; 21 ; 0.0332285 ; -0.000630832 ; 0.00875528 ; 101.468;
7 ; 4 ; 21 ; 0.0225934 ; 0.0082105 ; 0.00479965 ; 101.048;
8 ; 4 ; 21 ; 0.0429126 ; -0.0125663 ; 0.0116655 ; 101.167;
9 ; 4 ; 21 ; 0.0281366 ; 0.0200555 ; 0.0100996 ; 101.277;
10 ; 4 ; 21 ; 0.011819 ; 0.0226424 ; 0.00457304 ; 101.454;
11 ; 4 ; 21 ; 0.0182754 ; 0.0128845 ; 0.0103078 ; 101.831;
12 ; 4 ; 21 ; 0.00757806 ; 0.00786824 ; -0.00317077 ; 101.66;
13 ; 4 ; 21 ; 0.0235363 ; 0.0144654 ; 0.00882309 ; 100.744;
14 ; 4 ; 21 ; 0.0174677 ; 0.0148208 ; -0.00349933 ; 101.504;
15 ; 4 ; 21 ; 0.0124301 ; -0.0068396 ; 0.00431155 ; 100.69;
16 ; 4 ; 21 ; 0.00612134 ; 0.0204801 ; -0.00644632 ; 102.313;
17 ; 4 ; 21 ; 0.0265227 ; -0.0108871 ; -0.0100231 ; 101.692;
18 ; 4 ; 21 ; 0.0415243 ; 0.0131206 ; -0.0119374 ; 101.778;
19 ; 4 ; 21 ; 0.03933 ; 0.00994435 ; 0.00145912 ; 100.89;
20 ; 4 ; 21 ; 0.0202493 ; 0.00203706 ; -0.00251011 ; 102.212;
21 ; 4 ; 21 ; -0.00427427 ; -0.0148069 ; -0.0192116 ; 100.886;
4 ; 5 ; 21 ; 0.00353351 ; 0.00845465 ; -0.0130287 ; 101.464;
5 ; 5 ; 21 ; 0.0256838 ; -0.0109537 ; -0.00418931 ; 101.003;
6 ; 5 ; 21 ; 0.0313808 ; -0.0037725 ; 0.0155034 ; 101.649;
7 ; 5 ; 21 ; 0.0448246 ; -0.00834458 ; -0.00864249 ; 101.621;
8 ; 5 ; 21 ; 0.0290518 ; 0.00790072 ; 0.00478193 ; 101.801;
9 ; 5 ; 21 ; 0.0176556 ; 0.00763234 ; -0.00776721 ; 101.683;
10 ; 5 ; 21 ; 0.0166293 ; 0.00137446 ; -0.0141314 ; 101.526;
11 ; 5 ; 21 ; 0.0213303 ; -0.00711649 ; 0.000220065 ; 101.512;
12 ; 5 ; 21 ; 0.0222439 ; 0.018532 ; 0.0134604 ; 101.588;
13 ; 5 ; 21 ; 0.0144501 ; -0.0118589 ; 0.00458041 ; 101.298;
14 ; 5 ; 21 ; 0.00722716 ; 0.00642741 ; -0.00296748 ; 102.142;
15 ; 5 ; 21 ; 0.0198156 ; -0.010539 ; 0.00325153 ; 101.758;
16 ; 5 ; 21 ; 0.0154753 ; 0.000255992 ; 0.0101547 ; 101.913;
17 ; 5 ; 21 ; 0.0178134 ; 0.00391181 ; -0.0123165 ; 100.674;
18 ; 5 ; 21 ; 0.0192588 ; 0.00289447 ; 0.00612288 ; 101.746;
19 ; 5 ; 21 ; 0.0246814 ; 0.0103584 ; 0.0145076 ; 101.716;
20 ; 5 ; 21 ; 0.0197154 ; -0.00405311 ; -0.00145248 ; 101.073;
21 ; 5 ; 21 ; 0.0077889 ; 0.0105029 ; -0.0125649 ; 101.565;
4 ; 6 ; 21 ; -0.00139101 ; 0.00705345 ; 0.00125831 ; 101.544;
5 ; 6 ; 21 ; 0.00959686 ; 0.00311392 ; -0.0116471 ; 101.479;
6 ; 6 ; 21 ; 0.0179826 ; -0.00383529 ; 0.00268595 ; 100.371;
7 ; 6 ; 21 ; 0.0139193 ; 0.00128525 ; 0.0142546 ; 102.075;
8 ; 6 ; 21 ; 0.0167212 ; -0.00642107 ; -0.0174385 ; 101.723;
9 ; 6 ; 21 ; 0.0114433 ; -0.00816407 ; 0.0138042 ; 100.961;
10 ; 6 ; 21 ; 0.0191198 ; 0.0070102 ; -0.00369996 ; 101.149;
11 ; 6 ; 21 ; 0.0219847 ; -0.00209811 ; 0.000264422 ; 101.565;
12 ; 6 ; 21 ; 0.0241697 ; 0.0129818 ; -0.0165133 ; 101.08;
13 ; 6 ; 21 ; 0.017663 ; 0.0102217 ; 0.00912191 ; 100.896;
14 ; 6 ; 21 ; 0.0303623 ; -0.00862812 ; -0.0011055 ; 101.622;
15 ; 6 ; 21 ; 0.0128127 ; 0.00939856 ; -0.00683016 ; 101.461;
16 ; 6 ; 21 ; 0.0485464 ; 0.0120847 ; 0.00739421 ; 101.468;
17 ; 6 ; 21 ; 0.0108053 ; -0.0108928 ; -0.0109539 ; 101.704;
18 ; 6 ; 21 ; 0.0114915 ; -0.00912989 ; -0.0138924 ; 101.401;
19 ; 6 ; 21 ; 0.0244885 ; -0.00451259 ; -0.0142979 ; 101.279;
20 ; 6 ; 21 ; 0.0259662 ; 0.0126357 ; 0.00142531 ; 101.262;
21 ; 6 ; 21 ; 0.0164752 ; 0.00221825 ; -0.0134658 ; 101.59;
4 ; 7 ; 21 ; -0.00847142 ; 0.0192715 ; 0.0208569 ; 101.061;
5 ; 7 ; 21 ; -0.0144781 ; 0.0169526 ; 0.0255686 ; 101.509;
6 ; 7 ; 21 ; 0.0139585 ; 0.000175929 ; -0.0215309 ; 102.236;
7 ; 7 ; 21 ; 0.0152701 ; 0.00265118 ; -0.00403672 ; 101.532;
8 ; 7 ; 21 ; 0.0130851 ; 0.0041706 ; -0.00193105 ; 101.458;
9 ; 7 ; 21 ; 0.00783551 ; -0.00987433 ; -0.00473041 ; 101.478;
10 ; 7 ; 21 ; 0.0138646 ; 0.00517216 ; -0.00926773 ; 101.693;
11 ; 7 ; 21 ; 0.0317241 ; -0.00131094 ; -0.0104046 ; 101.109;
12 ; 7 ; 21 ; 0.0326124 ; 0.00453198 ; 0.00229729 ; 101.715;
13 ; 7 ; 21 ; 0.0306146 ; 0.00460887 ; -0.00822391 ; 101.132;
14 ; 7 ; 21 ; 0.0248921 ; -0.0192683 ; 0.015877 ; 101.322;
15 ; 7 ; 21 ; 0.00541937 ; 0.00664517 ; -0.00618727 ; 101.729;
16 ; 7 ; 21 ; 0.0294413 ; 0.00106439 ; 0.0211486 ; 101.538;
17 ; 7 ; 21 ; 0.0276457 ; -0.0213161 ; -0.0189127 ; 101.493;
18 ; 7 ; 21 ; 0.0271496 ; -0.0106197 ; -0.0220941 ; 100.815;
19 ; 7 ; 21 ; 0.0159977 ; 0.012248 ; 0.00736303 ; 101.541;
20 ; 7 ; 21 ; 0.0261819 ; -0.00632225 ; -0.0165918 ; 101.63;
21 ; 7 ; 21 ; 0.025364 ; -0.00424414 ; 0.000745551 ; 102.133;
4 ; 8 ; 21 ; 0.0338687 ; 0.00938963 ; 0.0100444 ; 100.889;
5 ; 8 ; 21 ; 0.0286159 ; -0.00166711 ; -0.000215606 ; 101.736;
6 ; 8 ; 21 ; 0.0106341 ; -0.0191099 ; -0.00473723 ; 101.184;
7 ; 8 ; 21 ; 0.0246802 ; -0.0255784 ; -0.00857184 ; 101.752;
8 ; 8 ; 21 ; 0.0200553 ; 0.00643589 ; -0.000586207 ; 101.536;
9 ; 8 ; 21 ; 0.00987502 ; -0.0113888 ; -0.00738405 ; 101.519;
10 ; 8 ; 21 ; 0.00760197 ; -0.0105183 ; -0.00319343 ; 101.581;
11 ; 8 ; 21 ; 0.0313983 ; -0.00372488 ; 0.00545662 ; 100.966;
12 ; 8 ; 21 ; 0.0248698 ; 0.0203866 ; 0.00339719 ; 101.395;
13 ; 8 ; 21 ; 0.0315662 ; 0.00264509 ; -0.000913507 ; 101.432;
14 ; 8 ; 21 ; 0.0448571 ; -0.00190156 ; -0.00292641 ; 100.876;
15 ; 8 ; 21 ; 0.0308763 ; -0.0253373 ; -0.00645014 ; 101.402;
16 ; 8 ; 21 ; 0.0193153 ; -0.0251967 ; 0.00652426 ; 101.418;
17 ; 8 ; 21 ; 0.0156888 ; -0.0142639 ; 0.00761457 ; 101.394;
18 ; 8 ; 21 ; 0.0302637 ; -0.00799438 ; 0.00305171 ; 100.92;
19 ; 8 ; 21 ; 0.0180823 ; 0.0116359 ; 0.00132086 ; 101.658;
20 ; 8 ; 21 ; 0.011187 ; 0.0126989 ; -0.00485299 ; 101.186;
21 ; 8 ; 21 ; 0.0194482 ; 0.00602448 ; 0.00625424 ; 101.529;
4 ; 9 ; 21 ; 0.0174052 ; 0.00373828 ; -0.00610483 ; 101.33;
5 ; 9 ; 21 ; 0.0241465 ; 0.00977086 ; 0.0130933 ; 101.6;
6 ; 9 ; 21 ; 0.0407396 ; -0.00525606 ; 0.0201903 ; 101.177;
7 ; 9 ; 21 ; 0.0154021 ; 0.00549276 ; -0.00247427 ; 101.354;
8 ; 9 ; 21 ; 0.0324523 ; -0.00519552 ; 0.00677203 ; 101.913;
9 ; 9 ; 21 ; 0.0171594 ; -0.00339418 ; 0.00565993 ; 101.479;
10 ; 9 ; 21 ; 0.035139 ; 0.00157292 ; 0.0172943 ; 101.761;
11 ; 9 ; 21 ; 0.0230133 ; -0.0123962 ; -0.000742357 ; 101.292;
12 ; 9 ; 21 ; 0.0157686 ; 0.0124371 ; -0.0187482 ; 100.651;
13 ; 9 ; 21 ; 0.0402632 ; -0.0141805 ; 0.00722936 ; 101.388;
14 ; 9 ; 21 ; 0.0251663 ; 0.0102844 ; -0.0187746 ; 101.674;
15 ; 9 ; 21 ; 0.0107444 ; 0.00311296 ; -0.00449915 ; 101.816;
16 ; 9 ; 21 ; 0.0238597 ; 0.0146614 ; -0.000417216 ; 101.841;
17 ; 9 ; 21 ; 0.00612949 ; 0.000551637 ; 0.000222453 ; 102.007;
18 ; 9 ; 21 ; 0.0349614 ; 0.00853108 ; -0.00952914 ; 101.666;
19 ; 9 ; 21 ; 0.0268589 ; -0.00576369 ; -0.00497696 ; 101.782;
20 ; 9 ; 21 ; 0.0128115 ; 0.00521406 ; -0.0165462 ; 101.23;
21 ; 9 ; 21 ; 0.00967808 ; 0.00453541 ; -0.00112328 ; 102.039;
4 ; 10 ; 21 ; 0.00452857 ; -0.00788923 ; -0.00537235 ; 101.814;
5 ; 10 ; 21 ; 0.0181233 ; 0.0109963 ; -0.00626707 ; 101.351;
6 ; 10 ; 21 ; 0.0237401 ; -0.00218643 ; -0.0135052 ; 101.543;
7 ; 10 ; 21 ; 0.0214438 ; -0.00891717 ; -0.0181637 ; 101.506;
8 ; 10 ; 21 ; 0.00938198 ; -0.00342217 ; 0.00118692 ; 101.632;
9 ; 10 ; 21 ; 0.0190721 ; -0.000717317 ; 0.00238472 ; 101.305;
10 ; 10 ; 21 ; 0.0299607 ; -0.0124822 ; 0.000410661 ; 101.763;
11 ; 10 ; 21 ; 0.0306257 ; -0.00755654 ; 0.0176902 ; 101.364;
12 ; 10 ; 21 ; 0.0207216 ; -0.00801182 ; -0.0169478 ; 101.44;
13 ; 10 ; 21 ; 0.00656235 ; 0.00892456 ; 0.00421277 ; 101.211;
14 ; 10 ; 21 ; 0.0323156 ; -0.000823534 ; 0.0233582 ; 101.691;
15 ; 10 ; 21 ; 0.0296978 ; -0.00152837 ; 0.00790072 ; 101.936;
16 ; 10 ; 21 ; 0.0266881 ; 0.0246279 ; -0.0106802 ; 101.166;
17 ; 10 ; 21 ; 0.0236254 ; -0.00380026 ; 0.00598653 ; 101.819;
18 ; 10 ; 21 ; 0.0223773 ; 0.00991191 ; -0.0235212 ; 101.191;
19 ; 10 ; 21 ; 0.0194575 ; 0.00725578 ; -0.0152465 ; 101.342;
20 ; 10 ; 21 ; 0.00816925 ; -0.0069057 ; -0.00495651 ; 102.027;
21 ; 10 ; 21 ; 0.0122411 ; -0.00498649 ; -0.00917602 ; 101.32;
4 ; 11 ; 21 ; 0.0275624 ; -0.0133578 ; 0.00148665 ; 100.914;
5 ; 11 ; 21 ; 0.0134602 ; 0.00462602 ; -0.00747465 ; 101.978;
6 ; 11 ; 21 ; 0.0233901 ; -0.00362145 ; -0.0031065 ; 101.236;
7 ; 11 ; 21 ; 0.0253117 ; -0.00196932 ; 0.0197738 ; 101.539;
8 ; 11 ; 21 ; 0.0237058 ; 0.0091601 ; 0.0209938 ; 101.887;
9 ; 11 ; 21 ; 0.0385773 ; 0.0120517 ; -0.0120481 ; 101.548;
10 ; 11 ; 21 ; 0.0191061 ; 0.0104694 ; -0.00327302 ; 101.167;
11 ; 11 ; 21 ; 0.0245865 ; 0.00742188 ; -0.00277923 ; 101.189;
12 ; 11 ; 21 ; 0.0189523 ; -0.00354026 ; 0.0047239 ; 101.793;
13 ; 11 ; 21 ; 0.0112742 ; 0.0117171 ; 0.0158578 ; 101.527;
14 ; 11 ; 21 ; 0.0230115 ; -0.00362808 ; 0.0161539 ; 101.542;
15 ; 11 ; 21 ; 0.0403224 ; -0.00956901 ; 0.0178177 ; 101.473;
16 ; 11 ; 21 ; 0.0276133 ; -0.00547779 ; 0.015076 ; 101.136;
17 ; 11 ; 21 ; 0.0133129 ; 0.0182832 ; -0.0154423 ; 101.418;
18 ; 11 ; 21 ; 0.0298486 ; -0.000322431 ; -0.000967155 ; 101.722;
19 ; 11 ; 21 ; 0.0226351 ; -0.00685112 ; 0.00220189 ; 101.072;
20 ; 11 ; 21 ; 0.0276249 ; -0.00282023 ; -0.00391089 ; 101.78;
21 ; 11 ; 21 ; -0.00309065 ; -0.00156539 ; -0.0129843 ; 101.633;
4 ; 12 ; 21 ; 0.0082069 ; 0.0106788 ; -0.00485338 ; 101.17;
5 ; 12 ; 21 ; 0.0205331 ; 0.00257062 ; 0.020873 ; 101.408;
6 ; 12 ; 21 ; 0.0267152 ; -0.00325833 ; 0.00827987 ; 101.744;
7 ; 12 ; 21 ; 0.0230493 ; -0.000396048 ; -0.00745459 ; 101.231;
8 ; 12 ; 21 ; 0.0364668 ; 0.00237089 ; -0.00561794 ; 101.459;
9 ; 12 ; 21 ; 0.0246763 ; 0.00228784 ; 0.0124038 ; 100.82;
10 ; 12 ; 21 ; 0.0168296 ; 0.0300629 ; -0.000899961 ; 101.865;
11 ; 12 ; 21 ; 0.020122 ; 0.022718 ; 0.00531519 ; 101.726;
12 ; 12 ; 21 ; 0.0178863 ; 0.0158294 ; 0.0218687 ; 101.737;
13 ; 12 ; 21 ; 0.000505927 ; 0.00737258 ; 0.00305812 ; 100.991;
14 ; 12 ; 21 ; 0.0325088 ; 0.0163022 ; 0.0148265 ; 101.728;
15 ; 12 ; 21 ; -0.00173216 ; 0.0093094 ; 0.0132031 ; 100.833;
16 ; 12 ; 21 ; 0.0252692 ; -0.00312911 ; 0.00765953 ; 100.948;
17 ; 12 ; 21 ; 0.00963872 ; 5.70548e-05 ; -0.00683239 ; 101.597;
18 ; 12 ; 21 ; 0.0238279 ; -0.00150877 ; 0.0065008 ; 101.342;
19 ; 12 ; 21 ; 0.0244256 ; 0.020551 ; -0.00638603 ; 100.898;
20 ; 12 ; 21 ; 0.024839 ; -0.0004152 ; -0.0168439 ; 101.63;
21 ; 12 ; 21 ; 0.012972 ; -0.00810379 ; -0.00719532 ; 101.095;
4 ; 13 ; 21 ; 0.010945 ; 0.0236595 ; 0.00564866 ; 101.521;
5 ; 13 ; 21 ; 0.0214087 ; 0.0159071 ; 0.0115482 ; 101.173;
6 ; 13 ; 21 ; 0.0110783 ; 0.00634204 ; -0.0111036 ; 101.117;
7 ; 13 ; 21 ; 0.0091491 ; 0.00672882 ; -0.0181017 ; 101.272;
8 ; 13 ; 21 ; 0.0363206 ; 9.02887e-05 ; -0.0170279 ; 102.181;
9 ; 13 ; 21 ; 0.0163086 ; -0.00385481 ; 0.00312469 ; 101.549;
10 ; 13 ; 21 ; 0.0207511 ; 0.0162348 ; -0.0143894 ; 101.027;
11 ; 13 ; 21 ; 0.0185349 ; 0.0107582 ; -0.00282947 ; 101.348;
12 ; 13 ; 21 ; 0.0123436 ; -0.0059988 ; 0.00517984 ; 101.396;
13 ; 13 ; 21 ; 0.0112748 ; 0.000295686 ; -0.0077018 ; 101.563;
14 ; 13 ; 21 ; 0.0261224 ; -0.000470032 ; -0.00222946 ; 101.77;
15 ; 13 ; 21 ; 0.0309554 ; -0.00825618 ; -0.00260162 ; 101.567;
16 ; 13 ; 21 ; 0.0321558 ; -0.00202584 ; -0.000675521 ; 101.726;
17 ; 13 ; 21 ; 0.0269736 ; -0.0132711 ; -0.0107978 ; 101.557;
18 ; 13 ; 21 ; 0.0205308 ; -0.0069727 ; 0.0289532 ; 101.198;
19 ; 13 ; 21 ; 0.0246947 ; 0.00458991 ; -0.0058 ; 102.025;
20 ; 13 ; 21 ; 0.0239755 ; -0.00813995 ; 0.00111409 ; 102.1;
21 ; 13 ; 21 ; 0.00124265 ; -0.000627291 ; 0.00156692 ; 101.25;
4 ; 14 ; 21 ; 0.00731274 ; -0.00496669 ; -0.00184873 ; 101.862;
5 ; 14 ; 21 ; 0.0121959 ; -0.0138342 ; 0.00687651 ; 101.111;
6 ; 14 ; 21 ; 0.00222391 ; 0.00702525 ; 0.00793703 ; 102.156;
7 ; 14 ; 21 ; 0.0180168 ; 0.00356688 ; -0.0090122 ; 101.024;
8 ; 14 ; 21 ; 0.0460406 ; 0.00746632 ; -0.0167159 ; 100.762;
9 ; 14 ; 21 ; 0.0203598 ; 0.00792479 ; -0.00107789 ; 101.052;
10 ; 14 ; 21 ; 0.00628998 ; -0.00909615 ; 0.00919043 ; 101.729;
11 ; 14 ; 21 ; 0.0204552 ; -0.0114327 ; -0.00765468 ; 101.21;
12 ; 14 ; 21 ; 0.0121332 ; -0.0311439 ; -0.0112366 ; 101.669;
13 ; 14 ; 21 ; 0.0269309 ; 0.00889331 ; 1.26633e-05 ; 100.764;
14 ; 14 ; 21 ; 0.0158779 ; 0.0063965 ; 0.0128178 ; 101.322;
15 ; 14 ; 21 ; 0.0189107 ; -0.0137721 ; 0.0151527 ; 101.318;
16 ; 14 ; 21 ; 0.0366937 ; -0.0108714 ; 0.0144073 ; 101.682;
17 ; 14 ; 21 ; 0.0171993 ; -0.004766 ; -0.00524119 ; 101.389;
18 ; 14 ; 21 ; 0.0386477 ; 0.00112923 ; -0.00131867 ; 101.627;
19 ; 14 ; 21 ; 0.0246786 ; 0.00569041 ; -0.0100545 ; 101.187;
20 ; 14 ; 21 ; 0.0205965 ; 0.00583579 ; -0.00451914 ; 102.03;
21 ; 14 ; 21 ; 0.0146155 ; 0.0170693 ; -0.020535 ; 101.554;
4 ; 15 ; 21 ; -0.00606457 ; 0.00875109 ; 0.00787199 ; 101.713;
5 ; 15 ; 21 ; 0.0037495 ; -0.00107198 ; 0.00599175 ; 101.244;
6 ; 15 ; 21 ; 0.0288389 ; 0.0246635 ; 0.00371407 ; 101.546;
7 ; 15 ; 21 ; 0.01249 ; 0.00179895 ; -0.00663706 ; 101.384;
8 ; 15 ; 21 ; 0.0313012 ; 0.0113248 ; -0.00694848 ; 101.126;
9 ; 15 ; 21 ; 0.026925 ; 0.000577492 ; -0.00847112 ; 101.952;
10 ; 15 ; 21 ; 0.0198303 ; -0.00613975 ; -0.0146441 ; 101.065;
11 ; 15 ; 21 ; 0.0156793 ; 0.0193227 ; -0.0129566 ; 101.44;
12 ; 15 ; 21 ; 0.0289612 ; -0.00740782 ; -6.72542e-05 ; 101.563;
13 ; 15 ; 21 ; 0.0246696 ; -0.0023314 ; 0.00322816 ; 101.33;
14 ; 15 ; 21 ; 0.0172111 ; 0.00258072 ; 0.00105393 ; 101.576;
15 ; 15 ; 21 ; 0.0094213 ; -0.00773086 ; 0.00917394 ; 101.716;
16 ; 15 ; 21 ; 0.012288 ; -0.00383521 ; -0.0119906 ; 101.625;
17 ; 15 ; 21 ; 0.0283984 ; 0.00352872 ; -0.01218 ; 101.865;
18 ; 15 ; 21 ; 0.0111194 ; -0.017178 ; 0.00482666 ; 101.692;
19 ; 15 ; 21 ; 0.0177631 ; 0.00745005 ; -0.000760808 ; 101.985;
20 ; 15 ; 21 ; 0.0187498 ; -0.00806862 ; -0.000565868 ; 101.173;
21 ; 15 ; 21 ; 0.0182071 ; -0.00387557 ; -0.00834642 ; 101.496;
4 ; 16 ; 21 ; 0.00619793 ; -0.00340998 ; -0.00370769 ; 101.633;
5 ; 16 ; 21 ; 0.0175554 ; 0.00692599 ; -0.0252274 ; 101.17;
6 ; 16 ; 21 ; 0.00175797 ; 0.00666663 ; -0.00899839 ; 100.499;
7 ; 16 ; 21 ; 0.00158269 ; 0.00555566 ; 0.0136504 ; 101.789;
8 ; 16 ; 21 ; 0.0259079 ; 0.00877574 ; 0.00672555 ; 101.977;
9 ; 16 ; 21 ; 0.0337938 ; 0.0166819 ; -0.00279531 ; 101.009;
10 ; 16 ; 21 ; 0.0203016 ; -0.00244762 ; 0.00648995 ; 101.572;
11 ; 16 ; 21 ; 0.0131909 ; 0.00918814 ; -0.00534899 ; 101.355;
12 ; 16 ; 21 ; 0.0306056 ; 0.00567053 ; 0.00633407 ; 101.093;
13 ; 16 ; 21 ; 0.0196705 ; 0.00451099 ; 0.0115064 ; 101.392;
14 ; 16 ; 21 ; 0.035291 ; -0.00339631 ; -0.0120335 ; 100.952;
15 ; 16 ; 21 ; 0.0240731 ; 0.00547253 ; -0.00569004 ; 101.52;
16 ; 16 ; 21 ; 0.0198877 ; -0.00298632 ; 0.00569298 ; 101.1;
17 ; 16 ; 21 ; 0.0410242 ; -0.00415696 ; 0.00452403 ; 101.471;
18 ; 16 ; 21 ; 0.0109668 ; -0.00257848 ; 0.00726088 ; 101.562;
19 ; 16 ; 21 ; 0.0189576 ; -0.00796838 ; -0.00214645 ; 101.654;
20 ; 16 ; 21 ; 0.0112595 ; -0.0105769 ; -0.00659768 ; 101.865;
21 ; 16 ; 21 ; 0.00722111 ; -0.0195822 ; -0.00652565 ; 101.131;
4 ; 17 ; 21 ; 0.0111459 ; 0.00782747 ; 0.0154923 ; 100.858;
5 ; 17 ; 21 ; 0.0215238 ; 0.00379275 ; -0.0157215 ; 101.654;
6 ; 17 ; 21 ; 0.0222769 ; 0.0104685 ; -0.00665585 ; 100.867;
7 ; 17 ; 21 ; 0.00280844 ; -0.0287787 ; 0.00939566 ; 101.627;
8 ; 17 ; 21 ; 0.0214291 ; 0.00732424 ; 0.0122159 ; 101.122;
9 ; 17 ; 21 ; 0.0215338 ; -0.00421134 ; 0.0199892 ; 101.511;
10 ; 17 ; 21 ; 0.0284355 ; 0.00694936 ; 0.00381843 ; 101.699;
11 ; 17 ; 21 ; 0.018814 ; -0.0071416 ; -0.0124383 ; 101.237;
12 ; 17 ; 21 ; 0.0455358 ; -0.0154439 ; -0.0163198 ; 100.592;
13 ; 17 ; 21 ; 0.0297522 ; 0.0177464 ; 0.00805588 ; 100.995;
14 ; 17 ; 21 ; 0.0169409 ; 0.00412295 ; -0.000894942 ; 102.565;
15 ; 17 ; 21 ; 0.0300227 ; -0.00424624 ; -0.00391705 ; 101.711;
16 ; 17 ; 21 ; 0.0237205 ; -0.0138817 ; 0.0144566 ; 101.561;
17 ; 17 ; 21 ; 0.0281762 ; 0.00228887 ; -0.00544163 ; 101.373;
18 ; 17 ; 21 ; 0.0360454 ; 0.00680467 ; 0.0103504 ; 101.946;
19 ; 17 ; 21 ; 0.0395234 ; -0.0145364 ; -0.00694509 ; 101.326;
20 ; 17 ; 21 ; 0.0246092 ; -0.00528799 ; 0.0150867 ; 101.019;
21 ; 17 ; 21 ; 0.0141855 ; 0.000219164 ; 0.0095426 ; 100.877;
4 ; 18 ; 21 ; 0.0112919 ; -0.00962184 ; 0.0087717 ; 101.058;
5 ; 18 ; 21 ; 0.0287475 ; 3.03234e-05 ; 0.0115208 ; 100.768;
6 ; 18 ; 21 ; 0.0316087 ; 0.00818218 ; 0.0197632 ; 101.732;
7 ; 18 ; 21 ; 0.0155586 ; -0.0190077 ; 0.0123801 ; 101.401;
8 ; 18 ; 21 ; 0.0183672 ; -0.00839843 ; 0.00374117 ; 101.537;
9 ; 18 ; 21 ; 0.00612795 ; 0.00552607 ; 9.46955e-05 ; 101.468;
10 ; 18 ; 21 ; 0.0339 ; 0.0124921 ; -0.00281028 ; 101.62;
11 ; 18 ; 21 ; 0.0233049 ; -0.0181875 ; -0.00146097 ; 101.404;
12 ; 18 ; 21 ; 0.0209061 ; -0.0307545 ; 0.0070333 ; 101.822;
13 ; 18 ; 21 ; 0.0203374 ; 0.00722385 ; 0.00429784 ; 101.662;
14 ; 18 ; 21 ; 0.0363332 ; -0.00107525 ; -0.0132848 ; 101.498;
15 ; 18 ; 21 ; 0.0351379 ; -0.00300466 ; 0.0183838 ; 100.992;
16 ; 18 ; 21 ; 0.0345862 ; -0.0123004 ; 0.000817465 ; 101.811;
17 ; 18 ; 21 ; 0.0202212 ; -0.00773139 ; 0.0073517 ; 101.253;
18 ; 18 ; 21 ; 0.023391 ; 0.000614254 ; -0.00135583 ; 101.91;
19 ; 18 ; 21 ; 0.0207964 ; -0.00714056 ; 0.00667125 ; 101.872;
20 ; 18 ; 21 ; 0.0211428 ; -0.00803045 ; -0.00127497 ; 101.25;
21 ; 18 ; 21 ; 0.0304262 ; 0.0096151 ; 0.00699205 ; 101.658;
4 ; 19 ; 21 ; 0.013182 ; 0.00407437 ; 0.00100256 ; 101.612;
5 ; 19 ; 21 ; 0.0172206 ; 0.00473119 ; -0.00109822 ; 101.19;
6 ; 19 ; 21 ; 0.0344556 ; -0.00185 ; -0.000287688 ; 100.879;
7 ; 19 ; 21 ; 0.0162559 ; -0.00684842 ; -0.000453973 ; 101.073;
8 ; 19 ; 21 ; 0.0127676 ; -0.000960538 ; 0.000481655 ; 101.13;
9 ; 19 ; 21 ; 0.0228823 ; -0.00347852 ; 0.00243723 ; 101.43;
10 ; 19 ; 21 ; 0.0408816 ; 0.0102115 ; -0.0110555 ; 102.142;
11 ; 19 ; 21 ; 0.0217514 ; 0.0179962 ; 0.0066971 ; 100.759;
12 ; 19 ; 21 ; 0.0112141 ; 0.00764138 ; 0.0019579 ; 101.621;
13 ; 19 ; 21 ; 0.0229093 ; 0.0144938 ; 0.000993493 ; 101.233;
14 ; 19 ; 21 ; 0.00843225 ; -0.00550632 ; 0.00413486 ; 101.764;
15 ; 19 ; 21 ; 0.00906274 ; -0.00447487 ; 0.00841766 ; 101.206;
16 ; 19 ; 21 ; 0.0349628 ; -0.0102205 ; -0.0165405 ; 101.469;
17 ; 19 ; 21 ; 0.0149585 ; -0.0118687 ; 0.00330039 ; 101.514;
18 ; 19 ; 21 ; 0.0215346 ; -0.000834902 ; 0.0188721 ; 101.686;
19 ; 19 ; 21 ; 0.0312889 ; -0.0102101 ; 0.00220624 ; 101.554;
20 ; 19 ; 21 ; 0.0229469 ; -0.000867521 ; 0.0122492 ; 101.635;
21 ; 19 ; 21 ; -0.000723242 ; 0.0200826 ; -0.0110414 ; 101.85;
4 ; 20 ; 21 ; 0.0196629 ; 0.0108285 ; 0.00885636 ; 100.942;
5 ; 20 ; 21 ; 0.0336057 ; 0.011415 ; 0.00498183 ; 101.367;
6 ; 20 ; 21 ; 0.0261131 ; -0.00361437 ; -0.012861 ; 102.129;
7 ; 20 ; 21 ; 0.0350795 ; -0.00205718 ; -0.0188374 ; 101.694;
8 ; 20 ; 21 ; 0.0240514 ; -0.0117759 ; 0.00478486 ; 101.585;
9 ; 20 ; 21 ; 0.0135651 ; -0.0177389 ; -0.0058135 ; 101.231;
10 ; 20 ; 21 ; 0.0298481 ; 0.00689171 ; 0.017339 ; 101.172;
11 ; 20 ; 21 ; 0.0140425 ; 0.00426171 ; 0.00168305 ; 101.315;
12 ; 20 ; 21 ; 0.0222661 ; -0.0181347 ; -0.0171821 ; 100.448;
13 ; 20 ; 21 ; 0.0319966 ; -0.0113061 ; -0.00704714 ; 101.678;
14 ; 20 ; 21 ; 0.0258116 ; 0.00611046 ; -0.00524231 ; 100.833;
15 ; 20 ; 21 ; 0.0282376 ; -0.0169086 ; -0.0037907 ; 101.05;
16 ; 20 ; 21 ; 0.0142857 ; -0.0139428 ; 0.0121352 ; 101.892;
17 ; 20 ; 21 ; 0.0136757 ; -0.0278359 ; 0.00888977 ; 101.398;
18 ; 20 ; 21 ; 0.0216856 ; -0.00952562 ; -0.0032089 ; 101.132;
19 ; 20 ; 21 ; 0.0359201 ; 0.0138851 ; -0.00294019 ; 101.994;
20 ; 20 ; 21 ; 0.0128607 ; -0.00519135 ; -0.0104114 ; 101.148;
21 ; 20 ; 21 ; 0.0177146 ; -0.00532729 ; 0.00127077 ; 101.326;
4 ; 21 ; 21 ; 0.0195908 ; 0.0133828 ; -0.0133608 ; 101.173;
5 ; 21 ; 21 ; 0.0187083 ; -0.00913317 ; 0.00600572 ; 101.158;
6 ; 21 ; 21 ; 0.0292481 ; -0.0134335 ; -0.0157089 ; 101.503;
7 ; 21 ; 21 ; 0.0131815 ; -0.0120665 ; 0.00645479 ; 101.406;
8 ; 21 ; 21 ; 0.00361181 ; 0.0171533 ; -0.00653236 ; 101.803;
9 ; 21 ; 21 ; 0.00847258 ; 0.0143198 ; -0.0100427 ; 101.154;
10 ; 21 ; 21 ; 0.0189398 ; 0.00426386 ; 0.0101954 ; 101.607;
11 ; 21 ; 21 ; 0.0331346 ; 0.00238561 ; 0.00964229 ; 101.433;
12 ; 21 ; 21 ; 0.0403402 ; -0.0158957 ; 0.00908333 ; 100.965;
13 ; 21 ; 21 ; 0.0239889 ; -0.0118159 ; 0.026029 ; 100.975;
14 ; 21 ; 21 ; 0.0247782 ; 0.0148128 ; 0.0250969 ; 102.082;
15 ; 21 ; 21 ; 0.0238987 ; -0.00553891 ; 0.00330765 ; 101.533;
16 ; 21 ; 21 ; 0.0257001 ; -0.0106052 ; 0.00499082 ; 101.407;
17 ; 21 ; 21 ; 0.0333545 ; -0.00614416 ; 0.000426716 ; 101.417;
18 ; 21 ; 21 ; 0.0237459 ; -0.0123618 ; -0.00451228 ; 101.998;
19 ; 21 ; 21 ; 0.0120747 ; 0.000682559 ; -0.0261784 ; 101.592;
20 ; 21 ; 21 ; 0.00205616 ; 0.0206064 ; 0.00605272 ; 101.313;
21 ; 21 ; 21 ; 0.0108081 ; 0.000654376 ; -0.0022926 ; 101.442;
