4 ; 4 ; 4 ; 0.409115 ; 0.0324117 ; 0.03015 ; 101.082;
5 ; 4 ; 4 ; 0.39048 ; 0.0184835 ; 0.0141194 ; 103.145;
6 ; 4 ; 4 ; 0.392545 ; 0.0247687 ; 0.012307 ; 102.462;
7 ; 4 ; 4 ; 0.401284 ; -0.0144428 ; 0.0185779 ; 102.584;
8 ; 4 ; 4 ; 0.468084 ; -0.0371788 ; 0.00157219 ; 102.225;
9 ; 4 ; 4 ; 0.367615 ; 0.0350343 ; -0.0111365 ; 101.648;
10 ; 4 ; 4 ; 0.386019 ; 0.00364607 ; -0.0275387 ; 102.311;
11 ; 4 ; 4 ; 0.381755 ; 0.0130185 ; -0.0136341 ; 102.869;
12 ; 4 ; 4 ; 0.344898 ; 0.0283593 ; -0.0612419 ; 103.343;
13 ; 4 ; 4 ; 0.373382 ; -0.00205004 ; 0.0324562 ; 100.58;
14 ; 4 ; 4 ; 0.348849 ; -0.0142359 ; -0.0129667 ; 102.925;
15 ; 4 ; 4 ; 0.342856 ; -0.0376283 ; -0.0378367 ; 102.196;
16 ; 4 ; 4 ; 0.334666 ; -0.0630359 ; -0.113244 ; 102.635;
17 ; 4 ; 4 ; 0.354805 ; 0.00208134 ; -0.0450634 ; 101.697;
18 ; 4 ; 4 ; 0.357502 ; -0.0387168 ; -0.0377468 ; 102.554;
19 ; 4 ; 4 ; 0.387015 ; -0.0276991 ; -0.049589 ; 102.472;
20 ; 4 ; 4 ; 0.373113 ; 0.0371202 ; -0.0930491 ; 103.542;
21 ; 4 ; 4 ; 0.412685 ; -0.0411185 ; -0.0184253 ; 101.107;
4 ; 5 ; 4 ; 0.411762 ; 0.0620857 ; 0.0732652 ; 101.355;
5 ; 5 ; 4 ; 0.405968 ; 0.00304259 ; -0.00090139 ; 102.321;
6 ; 5 ; 4 ; 0.386005 ; -0.0373549 ; 0.00418088 ; 101.816;
7 ; 5 ; 4 ; 0.360697 ; -0.00681034 ; 0.0370576 ; 101.472;
8 ; 5 ; 4 ; 0.354374 ; -0.0203134 ; 0.0217448 ; 103.56;
9 ; 5 ; 4 ; 0.403322 ; 0.0675468 ; -0.00985286 ; 102.17;
10 ; 5 ; 4 ; 0.372405 ; 0.0263239 ; 0.00821563 ; 100.381;
11 ; 5 ; 4 ; 0.340311 ; -0.0106335 ; 0.0205467 ; 102.969;
12 ; 5 ; 4 ; 0.399026 ; 0.0479148 ; 0.0454839 ; 102.57;
13 ; 5 ; 4 ; 0.352476 ; -0.0129643 ; 0.00761362 ; 101.493;
14 ; 5 ; 4 ; 0.371951 ; -0.0027389 ; 0.00806237 ; 102.098;
15 ; 5 ; 4 ; 0.365171 ; -0.021283 ; -0.00725009 ; 102.347;
16 ; 5 ; 4 ; 0.346027 ; -0.033838 ; 0.0131594 ; 100.275;
17 ; 5 ; 4 ; 0.382363 ; 0.0306198 ; -0.0299027 ; 101.075;
18 ; 5 ; 4 ; 0.367649 ; 0.0307092 ; -0.0305558 ; 102.578;
19 ; 5 ; 4 ; 0.377253 ; -0.0315208 ; -0.0296549 ; 102.745;
20 ; 5 ; 4 ; 0.420164 ; -0.0127633 ; -0.0175667 ; 101.675;
21 ; 5 ; 4 ; 0.383202 ; -0.0125852 ; -0.0156996 ; 103.292;
4 ; 6 ; 4 ; 0.415159 ; -0.000102619 ; -0.0370133 ; 100.72;
5 ; 6 ; 4 ; 0.421475 ; 0.00662773 ; 0.0010911 ; 101.947;
6 ; 6 ; 4 ; 0.395461 ; -0.0718591 ; -0.00799237 ; 102.03;
7 ; 6 ; 4 ; 0.361901 ; 0.00112277 ; 0.0307272 ; 100.595;
8 ; 6 ; 4 ; 0.427204 ; -0.0380888 ; 0.0481671 ; 100.137;
9 ; 6 ; 4 ; 0.426483 ; 0.0772679 ; 0.00137059 ; 103.115;
10 ; 6 ; 4 ; 0.357462 ; 0.0350587 ; 0.0345653 ; 99.0025;
11 ; 6 ; 4 ; 0.297859 ; -0.0381205 ; 0.0241769 ; 103.135;
12 ; 6 ; 4 ; 0.39597 ; 0.0312223 ; -0.0331098 ; 101.812;
13 ; 6 ; 4 ; 0.343147 ; -0.0100022 ; -0.00745679 ; 102.745;
14 ; 6 ; 4 ; 0.390583 ; 0.0140492 ; 0.0239008 ; 101.617;
15 ; 6 ; 4 ; 0.376143 ; -0.00941909 ; -0.0155735 ; 102.825;
16 ; 6 ; 4 ; 0.420696 ; 0.0171096 ; -0.0140459 ; 100.955;
17 ; 6 ; 4 ; 0.393611 ; 0.0532482 ; -0.0244949 ; 100.815;
18 ; 6 ; 4 ; 0.374198 ; 0.0810593 ; -0.0157581 ; 101.705;
19 ; 6 ; 4 ; 0.358708 ; -0.0262936 ; -0.0303728 ; 102.82;
20 ; 6 ; 4 ; 0.301287 ; -0.0226125 ; -0.0436194 ; 101.303;
21 ; 6 ; 4 ; 0.332092 ; -0.0433948 ; -0.00964506 ; 100.342;
4 ; 7 ; 4 ; 0.411858 ; -0.0213212 ; 0.00732718 ; 102.77;
5 ; 7 ; 4 ; 0.363051 ; -0.0334441 ; 0.0105924 ; 102.163;
6 ; 7 ; 4 ; 0.385572 ; -0.0250091 ; 0.0196469 ; 101.842;
7 ; 7 ; 4 ; 0.385419 ; -0.0315142 ; 0.0393688 ; 100.969;
8 ; 7 ; 4 ; 0.385559 ; -0.0597954 ; 0.0296624 ; 99.615;
9 ; 7 ; 4 ; 0.3724 ; 0.0420511 ; -0.00298787 ; 101.555;
10 ; 7 ; 4 ; 0.379831 ; 0.0299785 ; -0.0207693 ; 102.681;
11 ; 7 ; 4 ; 0.370075 ; 0.05423 ; -0.0564587 ; 102.435;
12 ; 7 ; 4 ; 0.326595 ; 0.0636864 ; -0.0952537 ; 100.255;
13 ; 7 ; 4 ; 0.409278 ; 0.000888653 ; -0.029508 ; 102.411;
14 ; 7 ; 4 ; 0.399375 ; -0.0179841 ; -0.0405771 ; 102.042;
15 ; 7 ; 4 ; 0.388378 ; -0.0325539 ; -0.00344675 ; 101.629;
16 ; 7 ; 4 ; 0.436845 ; -0.016403 ; 0.0285789 ; 100.76;
17 ; 7 ; 4 ; 0.389828 ; -0.01846 ; 0.00849705 ; 102.097;
18 ; 7 ; 4 ; 0.404053 ; -0.0341705 ; -0.000519199 ; 102.571;
19 ; 7 ; 4 ; 0.422624 ; -0.00729672 ; -0.00700914 ; 102.681;
20 ; 7 ; 4 ; 0.428544 ; 0.00542913 ; -0.00195722 ; 102.728;
21 ; 7 ; 4 ; 0.365778 ; 0.0127356 ; -0.0841386 ; 100.167;
4 ; 8 ; 4 ; 0.408768 ; 0.050106 ; -0.0470543 ; 101.287;
5 ; 8 ; 4 ; 0.393098 ; -0.0192034 ; -0.00920279 ; 102.814;
6 ; 8 ; 4 ; 0.387547 ; -0.0454556 ; -0.0123819 ; 102.286;
7 ; 8 ; 4 ; 0.367014 ; -0.00767374 ; 0.0085783 ; 101.104;
8 ; 8 ; 4 ; 0.360375 ; -0.0216672 ; 0.0600044 ; 101.312;
9 ; 8 ; 4 ; 0.380651 ; 0.0265088 ; 0.00298408 ; 102.358;
10 ; 8 ; 4 ; 0.418945 ; 0.0136059 ; -0.00573456 ; 102.827;
11 ; 8 ; 4 ; 0.405342 ; 0.0346643 ; -0.0213925 ; 103.227;
12 ; 8 ; 4 ; 0.382372 ; 0.0703537 ; -0.0828584 ; 103.032;
13 ; 8 ; 4 ; 0.387696 ; -0.000384805 ; -0.0388737 ; 101.793;
14 ; 8 ; 4 ; 0.375036 ; -0.0209873 ; -0.009167 ; 101.871;
15 ; 8 ; 4 ; 0.385131 ; -0.0243462 ; 0.00375218 ; 102.523;
16 ; 8 ; 4 ; 0.322036 ; -0.0482204 ; -0.00272864 ; 101.617;
17 ; 8 ; 4 ; 0.413364 ; -0.0393376 ; -0.0132971 ; 102.081;
18 ; 8 ; 4 ; 0.413634 ; -0.0413517 ; 0.0107865 ; 102.196;
19 ; 8 ; 4 ; 0.419257 ; -0.0228585 ; -0.00706978 ; 101.788;
20 ; 8 ; 4 ; 0.454734 ; -0.018781 ; 0.0055783 ; 101.982;
21 ; 8 ; 4 ; 0.348504 ; 0.000719012 ; 0.0608429 ; 101.857;
4 ; 9 ; 4 ; 0.393606 ; -0.0309433 ; 0.0623343 ; 102.595;
5 ; 9 ; 4 ; 0.428286 ; -0.0122714 ; -0.0368369 ; 103.215;
6 ; 9 ; 4 ; 0.406494 ; -0.0267901 ; -0.0157107 ; 102.199;
7 ; 9 ; 4 ; 0.356299 ; 0.0149202 ; 0.00307597 ; 101.692;
8 ; 9 ; 4 ; 0.351131 ; 0.0630711 ; -0.0201211 ; 100.32;
9 ; 9 ; 4 ; 0.382104 ; 0.0015255 ; 0.0155348 ; 102.128;
10 ; 9 ; 4 ; 0.407416 ; -0.00276217 ; 0.0132394 ; 102.467;
11 ; 9 ; 4 ; 0.418792 ; -0.000256094 ; 0.00544179 ; 103.071;
12 ; 9 ; 4 ; 0.406364 ; 0.0195686 ; 0.0124728 ; 103.54;
13 ; 9 ; 4 ; 0.392137 ; -0.00588255 ; -0.0147219 ; 102.189;
14 ; 9 ; 4 ; 0.376436 ; -0.00477541 ; -0.0229444 ; 101.629;
15 ; 9 ; 4 ; 0.396405 ; -0.0148939 ; -0.0412119 ; 101.317;
16 ; 9 ; 4 ; 0.451846 ; 0.00951449 ; -0.0141733 ; 103.515;
17 ; 9 ; 4 ; 0.417141 ; -0.036702 ; -0.0297946 ; 102.958;
18 ; 9 ; 4 ; 0.396338 ; -0.0304324 ; 0.0110446 ; 102.478;
19 ; 9 ; 4 ; 0.401424 ; -0.0107454 ; 0.00643608 ; 101.445;
20 ; 9 ; 4 ; 0.401586 ; -0.0385296 ; -0.0383034 ; 101.063;
21 ; 9 ; 4 ; 0.298067 ; -0.064199 ; -0.0357159 ; 104.147;
4 ; 10 ; 4 ; 0.428615 ; 0.019782 ; -0.0199561 ; 102.425;
5 ; 10 ; 4 ; 0.402461 ; 0.0228525 ; -0.0277839 ; 102.949;
6 ; 10 ; 4 ; 0.376872 ; -0.00454707 ; -0.00874748 ; 101.656;
7 ; 10 ; 4 ; 0.367285 ; -0.00294542 ; 0.00289209 ; 101.198;
8 ; 10 ; 4 ; 0.327095 ; 0.0244653 ; 0.00610308 ; 101.925;
9 ; 10 ; 4 ; 0.381945 ; -0.0273585 ; -0.0104631 ; 101.248;
10 ; 10 ; 4 ; 0.350448 ; -0.00309652 ; -0.00862053 ; 101.743;
11 ; 10 ; 4 ; 0.379501 ; -0.0163681 ; -0.00715384 ; 102.34;
12 ; 10 ; 4 ; 0.430816 ; -0.0162809 ; 0.016998 ; 103.942;
13 ; 10 ; 4 ; 0.383163 ; 0.0190034 ; -0.00946492 ; 102.019;
14 ; 10 ; 4 ; 0.375447 ; 0.0377866 ; -0.0319094 ; 100.893;
15 ; 10 ; 4 ; 0.401856 ; 0.00465827 ; -0.0427193 ; 99.6429;
16 ; 10 ; 4 ; 0.366182 ; -0.0404922 ; -0.0713879 ; 100.247;
17 ; 10 ; 4 ; 0.377418 ; -0.007041 ; -0.0102729 ; 103.179;
18 ; 10 ; 4 ; 0.354561 ; -0.0162483 ; -0.00670345 ; 101.405;
19 ; 10 ; 4 ; 0.385109 ; 0.00388058 ; 0.0204145 ; 100.894;
20 ; 10 ; 4 ; 0.441954 ; -0.00570019 ; 0.0125332 ; 101.648;
21 ; 10 ; 4 ; 0.383835 ; 0.0081453 ; 0.0388262 ; 101.377;
4 ; 11 ; 4 ; 0.315364 ; 0.0402673 ; -0.00467889 ; 99.4375;
5 ; 11 ; 4 ; 0.387424 ; 0.0188191 ; -0.0197334 ; 101.272;
6 ; 11 ; 4 ; 0.347758 ; -0.0147868 ; -0.00179694 ; 101.161;
7 ; 11 ; 4 ; 0.40508 ; -0.0212788 ; -0.0281995 ; 101.459;
8 ; 11 ; 4 ; 0.420594 ; 0.015219 ; -0.0216144 ; 100.64;
9 ; 11 ; 4 ; 0.375691 ; -0.0276068 ; -0.0259176 ; 101.743;
10 ; 11 ; 4 ; 0.348703 ; -0.000250216 ; -0.00958017 ; 101.743;
11 ; 11 ; 4 ; 0.365582 ; -0.0121131 ; -0.0504177 ; 102.143;
12 ; 11 ; 4 ; 0.403753 ; -0.0284718 ; -0.00469321 ; 101.477;
13 ; 11 ; 4 ; 0.373348 ; 0.0400574 ; 0.0156787 ; 102.569;
14 ; 11 ; 4 ; 0.383769 ; 0.0120451 ; -0.0197888 ; 101.092;
15 ; 11 ; 4 ; 0.41525 ; -0.0420482 ; -0.0324545 ; 99.4552;
16 ; 11 ; 4 ; 0.449604 ; -0.00905365 ; -0.0442801 ; 99.4625;
17 ; 11 ; 4 ; 0.380844 ; 0.0128694 ; 0.000783973 ; 102.833;
18 ; 11 ; 4 ; 0.352171 ; 0.00348537 ; -0.00404423 ; 101.483;
19 ; 11 ; 4 ; 0.343328 ; -0.0039207 ; 0.0361302 ; 101.468;
20 ; 11 ; 4 ; 0.388736 ; 0.0276748 ; 0.0647915 ; 100.917;
21 ; 11 ; 4 ; 0.427547 ; -0.0135805 ; -0.0283407 ; 100.8;
4 ; 12 ; 4 ; 0.370044 ; 0.0323057 ; -0.00684037 ; 100.922;
5 ; 12 ; 4 ; 0.392546 ; -0.0030902 ; -0.0260134 ; 100.305;
6 ; 12 ; 4 ; 0.351554 ; -0.0182987 ; -0.00299548 ; 100.953;
7 ; 12 ; 4 ; 0.429073 ; -0.0200271 ; -0.0458107 ; 102.412;
8 ; 12 ; 4 ; 0.40336 ; -0.015908 ; -0.00407049 ; 99;
9 ; 12 ; 4 ; 0.37705 ; -0.0167522 ; -0.0122629 ; 102.192;
10 ; 12 ; 4 ; 0.366025 ; 0.00543067 ; 0.0139114 ; 101.765;
11 ; 12 ; 4 ; 0.372827 ; -0.00377429 ; -0.0747898 ; 102.3;
12 ; 12 ; 4 ; 0.327061 ; -0.0580047 ; 0.018994 ; 98.5425;
13 ; 12 ; 4 ; 0.365609 ; 0.0353283 ; 0.0501666 ; 103.652;
14 ; 12 ; 4 ; 0.385396 ; -0.0366287 ; -0.0167833 ; 101.87;
15 ; 12 ; 4 ; 0.406764 ; -0.0968788 ; -0.0486972 ; 99.735;
16 ; 12 ; 4 ; 0.383273 ; -0.0969526 ; -0.0243961 ; 100.707;
17 ; 12 ; 4 ; 0.420379 ; 0.00680422 ; 8.20434e-05 ; 103.167;
18 ; 12 ; 4 ; 0.379473 ; 0.0150466 ; 0.00781317 ; 102.678;
19 ; 12 ; 4 ; 0.321151 ; -0.0072785 ; 0.0467278 ; 102.38;
20 ; 12 ; 4 ; 0.331892 ; 0.00865871 ; 0.0249522 ; 101.74;
21 ; 12 ; 4 ; 0.371068 ; 0.00214598 ; -0.0131839 ; 103.145;
4 ; 13 ; 4 ; 0.391908 ; -0.0252649 ; -0.00324522 ; 103.373;
5 ; 13 ; 4 ; 0.413357 ; -0.0249139 ; -0.0125419 ; 101.889;
6 ; 13 ; 4 ; 0.36004 ; -0.0113101 ; -0.00781849 ; 102.157;
7 ; 13 ; 4 ; 0.341057 ; -0.00749905 ; -0.000168452 ; 101.157;
8 ; 13 ; 4 ; 0.339418 ; -0.0193234 ; 0.0521518 ; 101.035;
9 ; 13 ; 4 ; 0.356327 ; -0.0194419 ; 0.0236927 ; 102.308;
10 ; 13 ; 4 ; 0.333123 ; -0.00576301 ; 0.0181974 ; 101.672;
11 ; 13 ; 4 ; 0.324138 ; -0.0142019 ; -0.00247914 ; 101.124;
12 ; 13 ; 4 ; 0.304054 ; -0.0106126 ; -0.00144179 ; 101.278;
13 ; 13 ; 4 ; 0.404339 ; -0.0353487 ; -0.0313967 ; 103.462;
14 ; 13 ; 4 ; 0.393614 ; -0.0355801 ; 0.00107972 ; 102.717;
15 ; 13 ; 4 ; 0.372646 ; -0.0374842 ; -0.00449814 ; 102.203;
16 ; 13 ; 4 ; 0.396241 ; -0.0579162 ; -0.0389538 ; 103.78;
17 ; 13 ; 4 ; 0.325596 ; -0.000957901 ; 0.0241864 ; 101.447;
18 ; 13 ; 4 ; 0.33966 ; 0.0198524 ; 0.0264167 ; 101.632;
19 ; 13 ; 4 ; 0.396997 ; -0.0171228 ; 7.55381e-05 ; 101.691;
20 ; 13 ; 4 ; 0.493562 ; -0.0255226 ; -0.0132794 ; 100.89;
21 ; 13 ; 4 ; 0.414897 ; -0.0623488 ; -0.0220741 ; 102.1;
4 ; 14 ; 4 ; 0.365875 ; -0.0590483 ; 0.078183 ; 101.282;
5 ; 14 ; 4 ; 0.408183 ; -0.00412819 ; 0.0260844 ; 102.873;
6 ; 14 ; 4 ; 0.398799 ; -0.0200739 ; 0.024492 ; 101.648;
7 ; 14 ; 4 ; 0.353158 ; -0.0277525 ; -0.0197419 ; 101.187;
8 ; 14 ; 4 ; 0.369552 ; -0.00675521 ; -0.0154205 ; 101.25;
9 ; 14 ; 4 ; 0.36673 ; 0.0409035 ; 0.0249439 ; 101.529;
10 ; 14 ; 4 ; 0.330949 ; 0.036548 ; 0.00653316 ; 102.249;
11 ; 14 ; 4 ; 0.331206 ; 0.00590514 ; -0.0372039 ; 102.285;
12 ; 14 ; 4 ; 0.342948 ; -0.0360603 ; -0.00784215 ; 101.2;
13 ; 14 ; 4 ; 0.383389 ; -0.0304034 ; -0.0502715 ; 103.684;
14 ; 14 ; 4 ; 0.375674 ; -0.0366444 ; 0.0172837 ; 102.017;
15 ; 14 ; 4 ; 0.371408 ; -0.0386482 ; 0.0202385 ; 101.015;
16 ; 14 ; 4 ; 0.32346 ; -0.0174849 ; -0.013832 ; 100.865;
17 ; 14 ; 4 ; 0.373346 ; 0.0207217 ; 0.00570272 ; 101.903;
18 ; 14 ; 4 ; 0.35573 ; 0.0361908 ; 0.0261607 ; 101.544;
19 ; 14 ; 4 ; 0.387784 ; -0.00615507 ; -0.00848817 ; 101.379;
20 ; 14 ; 4 ; 0.345486 ; -0.0452346 ; -0.0386176 ; 103.15;
21 ; 14 ; 4 ; 0.367573 ; 0.0486 ; -0.00930982 ; 102.705;
4 ; 15 ; 4 ; 0.338393 ; -0.0392622 ; -0.0516851 ; 102.795;
5 ; 15 ; 4 ; 0.409156 ; 0.000699422 ; -0.0105212 ; 101.6;
6 ; 15 ; 4 ; 0.401204 ; -0.033539 ; -0.00381056 ; 101.418;
7 ; 15 ; 4 ; 0.348313 ; -0.0417991 ; -0.0252052 ; 101.77;
8 ; 15 ; 4 ; 0.291425 ; -0.0194998 ; -0.0192476 ; 102.447;
9 ; 15 ; 4 ; 0.368573 ; 0.0300951 ; 0.0414905 ; 102.068;
10 ; 15 ; 4 ; 0.336776 ; 0.029629 ; 0.0304406 ; 102.168;
11 ; 15 ; 4 ; 0.336345 ; 0.0166055 ; -0.00570245 ; 102.922;
12 ; 15 ; 4 ; 0.333559 ; 0.0387138 ; -0.0980643 ; 102.997;
13 ; 15 ; 4 ; 0.381473 ; -0.0334423 ; -0.0100928 ; 102.559;
14 ; 15 ; 4 ; 0.36422 ; -0.0197568 ; 0.0270005 ; 102.298;
15 ; 15 ; 4 ; 0.385808 ; -0.00270836 ; 0.00468558 ; 101.538;
16 ; 15 ; 4 ; 0.403802 ; -0.0307778 ; 0.00229596 ; 101.222;
17 ; 15 ; 4 ; 0.35312 ; 0.0435569 ; -0.00165072 ; 102.148;
18 ; 15 ; 4 ; 0.389919 ; 0.0121566 ; 0.00692888 ; 101.868;
19 ; 15 ; 4 ; 0.435785 ; -0.0220332 ; 0.00440686 ; 100.859;
20 ; 15 ; 4 ; 0.44034 ; -0.0193602 ; -0.0289898 ; 99.475;
21 ; 15 ; 4 ; 0.408623 ; 0.00118253 ; 0.042931 ; 101.06;
4 ; 16 ; 4 ; 0.309827 ; 0.0589267 ; -0.0508637 ; 103.998;
5 ; 16 ; 4 ; 0.415581 ; 0.000706183 ; -0.0233484 ; 101.332;
6 ; 16 ; 4 ; 0.371081 ; -0.0209586 ; 0.00296192 ; 101.934;
7 ; 16 ; 4 ; 0.330441 ; -0.0312012 ; -0.0158985 ; 101.945;
8 ; 16 ; 4 ; 0.321752 ; -0.0168431 ; -0.0404472 ; 102.035;
9 ; 16 ; 4 ; 0.347945 ; 0.0214268 ; 0.0329975 ; 102.756;
10 ; 16 ; 4 ; 0.367408 ; 0.00929172 ; 0.0248554 ; 101.845;
11 ; 16 ; 4 ; 0.383938 ; -0.000651714 ; 0.022124 ; 101.62;
12 ; 16 ; 4 ; 0.354568 ; -0.000450653 ; 0.0517523 ; 104.332;
13 ; 16 ; 4 ; 0.379417 ; -0.0150252 ; 0.00777324 ; 101.961;
14 ; 16 ; 4 ; 0.376578 ; 0.00575147 ; 0.00999596 ; 102.16;
15 ; 16 ; 4 ; 0.367628 ; 0.0306482 ; -0.00199742 ; 102.097;
16 ; 16 ; 4 ; 0.406056 ; 0.0173832 ; -0.0351251 ; 101.748;
17 ; 16 ; 4 ; 0.334001 ; 0.047975 ; 0.0142538 ; 102.37;
18 ; 16 ; 4 ; 0.371376 ; 0.0132997 ; 0.000551241 ; 102.035;
19 ; 16 ; 4 ; 0.402435 ; -0.00545168 ; 0.00471207 ; 101.822;
20 ; 16 ; 4 ; 0.457166 ; -0.0319916 ; 0.0826236 ; 100.295;
21 ; 16 ; 4 ; 0.428845 ; 0.0388629 ; -0.0197794 ; 98.795;
4 ; 17 ; 4 ; 0.389135 ; -0.0128838 ; 0.0350449 ; 103.02;
5 ; 17 ; 4 ; 0.39147 ; -0.0712955 ; 0.0295713 ; 102.042;
6 ; 17 ; 4 ; 0.370616 ; 0.0114109 ; 0.0153028 ; 102.059;
7 ; 17 ; 4 ; 0.340568 ; -0.0190136 ; -0.000933793 ; 103.331;
8 ; 17 ; 4 ; 0.299412 ; -0.0170517 ; -0.0297897 ; 101.688;
9 ; 17 ; 4 ; 0.373419 ; 0.037039 ; 0.00472302 ; 102.332;
10 ; 17 ; 4 ; 0.380763 ; 0.00951773 ; 0.00494431 ; 100.642;
11 ; 17 ; 4 ; 0.400866 ; 0.000587838 ; 0.0190027 ; 101.066;
12 ; 17 ; 4 ; 0.415366 ; -0.0122765 ; 0.0239925 ; 99.94;
13 ; 17 ; 4 ; 0.377409 ; 0.0608842 ; 0.00724938 ; 102.674;
14 ; 17 ; 4 ; 0.39573 ; -0.015093 ; -0.0131691 ; 101.988;
15 ; 17 ; 4 ; 0.419194 ; 0.0174184 ; -0.0186324 ; 101.995;
16 ; 17 ; 4 ; 0.334205 ; 0.00751694 ; 0.0165175 ; 102.042;
17 ; 17 ; 4 ; 0.390549 ; 0.0060104 ; 0.0203356 ; 102.646;
18 ; 17 ; 4 ; 0.375369 ; 0.0120249 ; -0.0444272 ; 102.001;
19 ; 17 ; 4 ; 0.343086 ; 0.00605451 ; -0.0367869 ; 102.457;
20 ; 17 ; 4 ; 0.359924 ; 0.0306194 ; -0.0076089 ; 103.04;
21 ; 17 ; 4 ; 0.381788 ; 0.0292 ; -0.0376374 ; 104.772;
4 ; 18 ; 4 ; 0.359387 ; -0.0114087 ; 0.0171254 ; 101.562;
5 ; 18 ; 4 ; 0.377111 ; -0.131005 ; 0.0562047 ; 102.312;
6 ; 18 ; 4 ; 0.381724 ; 0.0172397 ; -0.00731562 ; 101.887;
7 ; 18 ; 4 ; 0.357016 ; -0.0229591 ; -0.00212574 ; 104.465;
8 ; 18 ; 4 ; 0.330164 ; -0.0432351 ; -0.0254738 ; 101.537;
9 ; 18 ; 4 ; 0.406236 ; 0.0231295 ; -0.00418419 ; 101.972;
10 ; 18 ; 4 ; 0.382795 ; -0.00426915 ; 0.00367866 ; 99.665;
11 ; 18 ; 4 ; 0.392399 ; 0.00312073 ; 0.0271517 ; 101.39;
12 ; 18 ; 4 ; 0.315838 ; 0.0256912 ; -0.041765 ; 101.885;
13 ; 18 ; 4 ; 0.387967 ; 0.093248 ; 0.0194209 ; 102.987;
14 ; 18 ; 4 ; 0.409714 ; -0.0448203 ; -0.0233263 ; 102.155;
15 ; 18 ; 4 ; 0.47379 ; 0.00625478 ; -0.0438116 ; 101.985;
16 ; 18 ; 4 ; 0.453719 ; 0.0408531 ; 0.0520938 ; 101.938;
17 ; 18 ; 4 ; 0.431237 ; -0.0260589 ; 0.0111916 ; 102.39;
18 ; 18 ; 4 ; 0.399917 ; 0.00460711 ; -0.0907628 ; 101.987;
19 ; 18 ; 4 ; 0.327294 ; -0.00174569 ; -0.0605577 ; 102.327;
20 ; 18 ; 4 ; 0.368672 ; 0.00523531 ; -0.0311076 ; 101.498;
21 ; 18 ; 4 ; 0.391059 ; 0.0410836 ; -0.0476127 ; 101.707;
4 ; 19 ; 4 ; 0.42071 ; -0.000380599 ; 0.0152276 ; 101.3;
5 ; 19 ; 4 ; 0.345787 ; -0.00342571 ; 0.0304431 ; 100.733;
6 ; 19 ; 4 ; 0.331541 ; -0.0262295 ; -0.00267915 ; 101.138;
7 ; 19 ; 4 ; 0.365022 ; 0.00786914 ; -0.0425655 ; 101.487;
8 ; 19 ; 4 ; 0.359064 ; 0.019174 ; 0.00964487 ; 100.85;
9 ; 19 ; 4 ; 0.392634 ; 0.00972073 ; -0.00464817 ; 101.337;
10 ; 19 ; 4 ; 0.372756 ; -0.0180115 ; -0.0222346 ; 102.21;
11 ; 19 ; 4 ; 0.37566 ; -0.0167552 ; 0.00956011 ; 102.719;
12 ; 19 ; 4 ; 0.418673 ; 0.0154861 ; 0.0824883 ; 102.812;
13 ; 19 ; 4 ; 0.36722 ; -0.0369207 ; 0.0441807 ; 100.865;
14 ; 19 ; 4 ; 0.387136 ; -0.0260935 ; 0.0418982 ; 100.2;
15 ; 19 ; 4 ; 0.395077 ; -0.019129 ; 0.0102382 ; 100.408;
16 ; 19 ; 4 ; 0.404978 ; -0.0160102 ; -0.0142076 ; 100.087;
17 ; 19 ; 4 ; 0.366373 ; -0.0186998 ; -0.0242243 ; 101.987;
18 ; 19 ; 4 ; 0.32075 ; 0.00039592 ; 0.00277225 ; 101.419;
19 ; 19 ; 4 ; 0.302645 ; -0.00828827 ; 0.0146036 ; 100.68;
20 ; 19 ; 4 ; 0.259687 ; -0.0487875 ; -0.0298679 ; 99.805;
21 ; 19 ; 4 ; 0.331638 ; 0.00755649 ; -0.0439941 ; 103.812;
4 ; 20 ; 4 ; 0.396011 ; -0.0331289 ; 0.0445092 ; 103.382;
5 ; 20 ; 4 ; 0.344402 ; 0.0370673 ; 0.0149563 ; 100.531;
6 ; 20 ; 4 ; 0.364634 ; -0.0129978 ; 0.0165839 ; 101.891;
7 ; 20 ; 4 ; 0.391306 ; 0.0128349 ; -0.0972521 ; 102.671;
8 ; 20 ; 4 ; 0.418527 ; 0.0593545 ; -0.09474 ; 103.062;
9 ; 20 ; 4 ; 0.343273 ; 0.0376533 ; 0.0144071 ; 100.43;
10 ; 20 ; 4 ; 0.33382 ; -0.0616925 ; 0.0426875 ; 102.255;
11 ; 20 ; 4 ; 0.370699 ; 0.0177508 ; -0.014636 ; 101.557;
12 ; 20 ; 4 ; 0.340161 ; 0.00134949 ; -0.0109514 ; 101.732;
13 ; 20 ; 4 ; 0.376048 ; -0.00967645 ; -0.00601792 ; 101.488;
14 ; 20 ; 4 ; 0.405396 ; -0.0482535 ; 0.00519275 ; 101.874;
15 ; 20 ; 4 ; 0.398328 ; -0.0205843 ; 0.0175943 ; 101.557;
16 ; 20 ; 4 ; 0.380555 ; -0.0437531 ; 0.00163694 ; 100.4;
17 ; 20 ; 4 ; 0.381563 ; -0.0204474 ; -0.0289868 ; 102.371;
18 ; 20 ; 4 ; 0.336484 ; 0.0106176 ; -0.0117048 ; 100.979;
19 ; 20 ; 4 ; 0.35943 ; -0.0178939 ; 0.0110683 ; 100.866;
20 ; 20 ; 4 ; 0.334927 ; -0.0290986 ; 0.0340754 ; 100.46;
21 ; 20 ; 4 ; 0.292189 ; 0.0223322 ; 0.0399002 ; 101.603;
4 ; 21 ; 4 ; 0.365433 ; 0.0399026 ; -0.0115087 ; 100.697;
5 ; 21 ; 4 ; 0.329508 ; 0.0628079 ; 0.00252199 ; 100.145;
6 ; 21 ; 4 ; 0.361977 ; 0.00326716 ; 0.0200484 ; 101.99;
7 ; 21 ; 4 ; 0.383558 ; 0.0153685 ; -0.121407 ; 103.49;
8 ; 21 ; 4 ; 0.31388 ; 0.0327292 ; 0.00523541 ; 99.4825;
9 ; 21 ; 4 ; 0.332372 ; 0.0660308 ; 0.0262683 ; 99.2075;
10 ; 21 ; 4 ; 0.342511 ; -0.0883547 ; 0.0578941 ; 102.25;
11 ; 21 ; 4 ; 0.398404 ; 0.0524748 ; -0.0470971 ; 100.89;
12 ; 21 ; 4 ; 0.391407 ; 0.0492285 ; -0.0264148 ; 102.762;
13 ; 21 ; 4 ; 0.360633 ; 0.0361718 ; -0.03506 ; 102.14;
14 ; 21 ; 4 ; 0.423883 ; -0.0587177 ; -0.0303745 ; 103.042;
15 ; 21 ; 4 ; 0.423313 ; -0.0178596 ; 0.0161317 ; 102.46;
16 ; 21 ; 4 ; 0.415739 ; 0.0661826 ; 0.0687094 ; 100.455;
17 ; 21 ; 4 ; 0.363305 ; -0.0350082 ; 0.00769652 ; 102.955;
18 ; 21 ; 4 ; 0.314989 ; 0.00044858 ; 0.012913 ; 100.62;
19 ; 21 ; 4 ; 0.376452 ; -0.0374896 ; -0.0025728 ; 100.948;
20 ; 21 ; 4 ; 0.424862 ; -0.0169296 ; -0.00986607 ; 101.037;
21 ; 21 ; 4 ; 0.32054 ; -0.00638418 ; 0.0187898 ; 101.67;
4 ; 4 ; 5 ; 0.277233 ; -0.0400888 ; 0.0202597 ; 102.667;
5 ; 4 ; 5 ; 0.270731 ; -0.0243397 ; 0.0049995 ; 101.314;
6 ; 4 ; 5 ; 0.264166 ; -0.0156749 ; -0.000636032 ; 101.383;
7 ; 4 ; 5 ; 0.240747 ; -0.000620071 ; -0.00557389 ; 101.359;
8 ; 4 ; 5 ; 0.190251 ; -0.0194818 ; -0.0818406 ; 102.657;
9 ; 4 ; 5 ; 0.271266 ; 0.030323 ; -0.041117 ; 102.56;
10 ; 4 ; 5 ; 0.279991 ; 0.0130391 ; -0.0522562 ; 101.464;
11 ; 4 ; 5 ; 0.245207 ; 0.0259869 ; -0.0223423 ; 100.979;
12 ; 4 ; 5 ; 0.178456 ; 0.0843353 ; 0.071135 ; 102.53;
13 ; 4 ; 5 ; 0.246946 ; -0.0202513 ; 0.0117993 ; 100.536;
14 ; 4 ; 5 ; 0.243714 ; 0.00287076 ; -0.0207077 ; 102.11;
15 ; 4 ; 5 ; 0.234847 ; -0.00496909 ; -0.0352003 ; 101.782;
16 ; 4 ; 5 ; 0.202966 ; -0.0524668 ; -0.0612844 ; 101.445;
17 ; 4 ; 5 ; 0.225534 ; -0.0264913 ; 0.00902331 ; 101.998;
18 ; 4 ; 5 ; 0.243457 ; -0.0169332 ; -0.00889371 ; 101.96;
19 ; 4 ; 5 ; 0.251078 ; -0.00187827 ; -0.0360393 ; 101.308;
20 ; 4 ; 5 ; 0.240468 ; 0.0642426 ; -0.0379496 ; 98.7475;
21 ; 4 ; 5 ; 0.197378 ; 0.00490139 ; 0.0116718 ; 101.547;
4 ; 5 ; 5 ; 0.257143 ; -0.00218552 ; -0.0628109 ; 102.377;
5 ; 5 ; 5 ; 0.268076 ; -0.0358649 ; -0.0237652 ; 102.454;
6 ; 5 ; 5 ; 0.258938 ; -0.0220981 ; 0.00232152 ; 101.625;
7 ; 5 ; 5 ; 0.231912 ; -0.0075203 ; 0.00526242 ; 101.205;
8 ; 5 ; 5 ; 0.213001 ; 0.00633335 ; -0.0322499 ; 101.455;
9 ; 5 ; 5 ; 0.293554 ; 0.0227164 ; 0.0260417 ; 102.008;
10 ; 5 ; 5 ; 0.280937 ; 0.0109683 ; -0.0244992 ; 101.436;
11 ; 5 ; 5 ; 0.249055 ; 0.0127714 ; -0.0117591 ; 101.016;
12 ; 5 ; 5 ; 0.21258 ; 0.0516408 ; 0.0174194 ; 101.368;
13 ; 5 ; 5 ; 0.233446 ; -0.0469169 ; -0.012523 ; 102.25;
14 ; 5 ; 5 ; 0.246873 ; -0.00495251 ; -0.013538 ; 102.103;
15 ; 5 ; 5 ; 0.259293 ; 0.0137326 ; -0.0147886 ; 101.431;
16 ; 5 ; 5 ; 0.222647 ; -0.0228878 ; -0.0317099 ; 101.106;
17 ; 5 ; 5 ; 0.238957 ; -0.0135334 ; 0.00586147 ; 101.905;
18 ; 5 ; 5 ; 0.235881 ; -0.0111091 ; -0.00367477 ; 101.952;
19 ; 5 ; 5 ; 0.248423 ; 0.00238717 ; -0.0285082 ; 101.623;
20 ; 5 ; 5 ; 0.255916 ; 0.011044 ; -0.0526413 ; 100.42;
21 ; 5 ; 5 ; 0.253391 ; 0.0573179 ; 0.00264576 ; 99.22;
4 ; 6 ; 5 ; 0.257241 ; -0.0213879 ; -0.019025 ; 101.948;
5 ; 6 ; 5 ; 0.263091 ; -0.038157 ; -0.036424 ; 104.045;
6 ; 6 ; 5 ; 0.258617 ; -0.0264348 ; 0.00503795 ; 101.445;
7 ; 6 ; 5 ; 0.233607 ; -0.00555857 ; 0.0209817 ; 100.74;
8 ; 6 ; 5 ; 0.231003 ; 0.00136652 ; 0.0168702 ; 100.879;
9 ; 6 ; 5 ; 0.301473 ; 0.0154799 ; 0.0980916 ; 101.737;
10 ; 6 ; 5 ; 0.283017 ; 0.0119021 ; -0.0123222 ; 101.475;
11 ; 6 ; 5 ; 0.258688 ; -0.00299235 ; -0.0173144 ; 100.859;
12 ; 6 ; 5 ; 0.259171 ; 0.0138146 ; -0.00153247 ; 101.064;
13 ; 6 ; 5 ; 0.206788 ; -0.0550275 ; -0.0444272 ; 103.678;
14 ; 6 ; 5 ; 0.254209 ; -0.0160061 ; 0.00281413 ; 101.596;
15 ; 6 ; 5 ; 0.283257 ; 0.0311974 ; 0.0113775 ; 100.909;
16 ; 6 ; 5 ; 0.263542 ; 0.0227586 ; 0.00437339 ; 100.842;
17 ; 6 ; 5 ; 0.241163 ; -0.00611409 ; -0.0124203 ; 102.297;
18 ; 6 ; 5 ; 0.230772 ; -0.00861932 ; 0.00189509 ; 101.765;
19 ; 6 ; 5 ; 0.250504 ; -0.0057668 ; -0.02425 ; 102.21;
20 ; 6 ; 5 ; 0.278491 ; -0.0251019 ; -0.0500923 ; 102.337;
21 ; 6 ; 5 ; 0.105576 ; -0.00731068 ; 0.0708791 ; 102.682;
4 ; 7 ; 5 ; 0.22889 ; -0.00216126 ; 0.0282017 ; 101.547;
5 ; 7 ; 5 ; 0.228129 ; 0.0465541 ; 0.00404648 ; 101.967;
6 ; 7 ; 5 ; 0.236408 ; 0.0288057 ; 0.00184738 ; 101.203;
7 ; 7 ; 5 ; 0.274891 ; 0.0137274 ; 0.0104621 ; 101.303;
8 ; 7 ; 5 ; 0.278873 ; 0.0128782 ; 0.0307965 ; 101.375;
9 ; 7 ; 5 ; 0.255822 ; -0.00566329 ; 0.0265497 ; 101.597;
10 ; 7 ; 5 ; 0.246536 ; -0.00994319 ; 0.0135004 ; 101.245;
11 ; 7 ; 5 ; 0.237986 ; -0.023248 ; 0.00755406 ; 101.795;
12 ; 7 ; 5 ; 0.253032 ; -0.0817335 ; -0.000492498 ; 102.745;
13 ; 7 ; 5 ; 0.259926 ; -0.0386197 ; 0.0050046 ; 102.119;
14 ; 7 ; 5 ; 0.269825 ; -0.021917 ; -0.00328448 ; 102.25;
15 ; 7 ; 5 ; 0.257529 ; 0.0059212 ; -0.0144943 ; 100.899;
16 ; 7 ; 5 ; 0.211753 ; 0.00575951 ; -0.0374301 ; 99.485;
17 ; 7 ; 5 ; 0.259003 ; 0.00368736 ; 0.0185178 ; 102.636;
18 ; 7 ; 5 ; 0.260161 ; -5.87286e-05 ; 0.0128353 ; 102.238;
19 ; 7 ; 5 ; 0.236902 ; -0.00560595 ; 0.00216591 ; 101.483;
20 ; 7 ; 5 ; 0.231597 ; -0.0054855 ; -0.0220682 ; 100.977;
21 ; 7 ; 5 ; 0.237247 ; -0.021025 ; 0.0386319 ; 100.7;
4 ; 8 ; 5 ; 0.308962 ; -0.0131395 ; 0.0513011 ; 100.865;
5 ; 8 ; 5 ; 0.205351 ; 0.024182 ; 0.00415546 ; 101.607;
6 ; 8 ; 5 ; 0.235438 ; 0.0164669 ; 0.00659948 ; 101.254;
7 ; 8 ; 5 ; 0.278613 ; 0.000545619 ; 0.0124193 ; 101.379;
8 ; 8 ; 5 ; 0.292266 ; 0.00241296 ; 0.0193749 ; 101.945;
9 ; 8 ; 5 ; 0.224565 ; 0.0182941 ; 0.00667014 ; 102.187;
10 ; 8 ; 5 ; 0.238708 ; 0.00201925 ; 0.0112606 ; 101.367;
11 ; 8 ; 5 ; 0.235007 ; -0.00787247 ; 0.00611907 ; 101.524;
12 ; 8 ; 5 ; 0.2472 ; -0.0557986 ; 0.00467294 ; 102.133;
13 ; 8 ; 5 ; 0.259626 ; -0.0181727 ; -0.0182639 ; 100.902;
14 ; 8 ; 5 ; 0.264303 ; -0.0137036 ; -0.0106543 ; 101.604;
15 ; 8 ; 5 ; 0.255689 ; 0.0138078 ; -0.0198472 ; 100.728;
16 ; 8 ; 5 ; 0.226923 ; 0.00650419 ; -0.0263542 ; 99.5126;
17 ; 8 ; 5 ; 0.234074 ; -0.0141922 ; 0.0324013 ; 103.313;
18 ; 8 ; 5 ; 0.251807 ; -0.0125657 ; 0.0172562 ; 102.387;
19 ; 8 ; 5 ; 0.242718 ; -0.0210662 ; 0.00475759 ; 101.593;
20 ; 8 ; 5 ; 0.235316 ; -0.0052773 ; -0.00780977 ; 101.22;
21 ; 8 ; 5 ; 0.233042 ; -0.00185437 ; 0.0156586 ; 98.4525;
4 ; 9 ; 5 ; 0.235625 ; -0.0375459 ; -0.0114498 ; 103.755;
5 ; 9 ; 5 ; 0.222612 ; -0.0256763 ; -0.0199825 ; 102.171;
6 ; 9 ; 5 ; 0.23993 ; -0.00116432 ; -0.00138318 ; 102.056;
7 ; 9 ; 5 ; 0.280699 ; -0.0141829 ; 0.00155029 ; 102.346;
8 ; 9 ; 5 ; 0.312904 ; -0.024932 ; 0.0170743 ; 101.978;
9 ; 9 ; 5 ; 0.260816 ; 0.0414246 ; 0.00300691 ; 101.845;
10 ; 9 ; 5 ; 0.240182 ; 0.0227499 ; 0.0110334 ; 101.634;
11 ; 9 ; 5 ; 0.241882 ; 0.0109692 ; 0.0033808 ; 101.281;
12 ; 9 ; 5 ; 0.239891 ; 0.00198074 ; 0.00652417 ; 101.119;
13 ; 9 ; 5 ; 0.243975 ; -0.0470741 ; -0.0392595 ; 100.996;
14 ; 9 ; 5 ; 0.255817 ; -0.00947365 ; -0.0305549 ; 100.757;
15 ; 9 ; 5 ; 0.255579 ; 0.0231158 ; -0.0400732 ; 100.615;
16 ; 9 ; 5 ; 0.245175 ; 0.0159634 ; -0.0263813 ; 100.256;
17 ; 9 ; 5 ; 0.228596 ; 0.00738037 ; 0.00659263 ; 101.923;
18 ; 9 ; 5 ; 0.24117 ; -0.0184706 ; 0.0211915 ; 101.776;
19 ; 9 ; 5 ; 0.254821 ; -0.0336839 ; 0.0153534 ; 101.101;
20 ; 9 ; 5 ; 0.247535 ; -0.0370745 ; 0.000814923 ; 101.479;
21 ; 9 ; 5 ; 0.233036 ; -0.036305 ; -0.0357449 ; 100.993;
4 ; 10 ; 5 ; 0.312659 ; -0.0716591 ; -0.00761355 ; 102.27;
5 ; 10 ; 5 ; 0.249674 ; 0.00601273 ; 0.00298963 ; 102.001;
6 ; 10 ; 5 ; 0.246448 ; -0.00796582 ; -0.00480198 ; 102.296;
7 ; 10 ; 5 ; 0.27007 ; -0.0128552 ; -0.00434666 ; 102.562;
8 ; 10 ; 5 ; 0.296534 ; -0.0234184 ; 0.00127688 ; 102.816;
9 ; 10 ; 5 ; 0.262714 ; 0.03694 ; 0.0143894 ; 102.218;
10 ; 10 ; 5 ; 0.255952 ; 0.0280364 ; 0.0111546 ; 101.835;
11 ; 10 ; 5 ; 0.251524 ; 0.00956804 ; 0.00254702 ; 101.544;
12 ; 10 ; 5 ; 0.252992 ; 0.00763502 ; -0.00395919 ; 101.13;
13 ; 10 ; 5 ; 0.241848 ; -0.0126307 ; 0.00220193 ; 101.53;
14 ; 10 ; 5 ; 0.245586 ; -0.00895286 ; -0.0346811 ; 101.08;
15 ; 10 ; 5 ; 0.255157 ; 0.022914 ; -0.0558301 ; 101.015;
16 ; 10 ; 5 ; 0.250385 ; 0.035639 ; -0.0508711 ; 101.02;
17 ; 10 ; 5 ; 0.264109 ; 0.00346549 ; 0.00545329 ; 100.585;
18 ; 10 ; 5 ; 0.24535 ; -0.0113519 ; 0.0140418 ; 100.708;
19 ; 10 ; 5 ; 0.260275 ; -0.0241734 ; 0.0224447 ; 100.315;
20 ; 10 ; 5 ; 0.264576 ; -0.0545573 ; 0.00928622 ; 100.546;
21 ; 10 ; 5 ; 0.18783 ; -0.0170888 ; -0.0721701 ; 102.248;
4 ; 11 ; 5 ; 0.306184 ; 0.0391995 ; 0.00511395 ; 102.115;
5 ; 11 ; 5 ; 0.24954 ; 0.0517932 ; 0.0125367 ; 102.473;
6 ; 11 ; 5 ; 0.240564 ; 0.0102235 ; 0.0011403 ; 102.188;
7 ; 11 ; 5 ; 0.247807 ; -0.00676965 ; -0.0165604 ; 101.849;
8 ; 11 ; 5 ; 0.26942 ; 0.000405612 ; -0.0180276 ; 103.052;
9 ; 11 ; 5 ; 0.23442 ; 0.015154 ; 0.0258473 ; 101.971;
10 ; 11 ; 5 ; 0.2402 ; 0.00904686 ; 0.0134367 ; 101.845;
11 ; 11 ; 5 ; 0.234152 ; -0.00663975 ; -0.00574337 ; 101.717;
12 ; 11 ; 5 ; 0.246696 ; -0.0193963 ; -0.00641485 ; 101.792;
13 ; 11 ; 5 ; 0.191352 ; 0.0291708 ; 0.00704604 ; 102.072;
14 ; 11 ; 5 ; 0.239235 ; 0.00830838 ; -0.00410209 ; 101.662;
15 ; 11 ; 5 ; 0.273481 ; 0.0214018 ; -0.0265149 ; 101.726;
16 ; 11 ; 5 ; 0.269636 ; 0.0343597 ; -0.0558878 ; 101.186;
17 ; 11 ; 5 ; 0.252704 ; -0.00394966 ; -0.0159338 ; 101.504;
18 ; 11 ; 5 ; 0.255823 ; 0.0127459 ; 0.00232121 ; 100.648;
19 ; 11 ; 5 ; 0.25653 ; 0.0126953 ; 0.0328733 ; 100.521;
20 ; 11 ; 5 ; 0.257782 ; -0.0144015 ; 0.0313163 ; 99.4974;
21 ; 11 ; 5 ; 0.22568 ; 0.0307671 ; 0.0129929 ; 99.7225;
4 ; 12 ; 5 ; 0.303085 ; -0.00211147 ; -0.100165 ; 100.447;
5 ; 12 ; 5 ; 0.243834 ; 0.068744 ; -0.0105524 ; 103.49;
6 ; 12 ; 5 ; 0.23264 ; 0.0190635 ; 0.0137117 ; 101.676;
7 ; 12 ; 5 ; 0.235395 ; -0.00789339 ; -0.0164126 ; 100.869;
8 ; 12 ; 5 ; 0.263949 ; -0.00210679 ; -0.0248523 ; 101.228;
9 ; 12 ; 5 ; 0.22416 ; 0.00812352 ; 0.0342413 ; 101.505;
10 ; 12 ; 5 ; 0.222306 ; -0.00386583 ; 0.0121428 ; 101.775;
11 ; 12 ; 5 ; 0.216442 ; -0.0130126 ; -0.0115466 ; 101.684;
12 ; 12 ; 5 ; 0.205068 ; -0.00238 ; -0.0300967 ; 102.519;
13 ; 12 ; 5 ; 0.152264 ; 0.0264782 ; -0.0153108 ; 102.407;
14 ; 12 ; 5 ; 0.23415 ; 0.0237379 ; 0.0186302 ; 101.932;
15 ; 12 ; 5 ; 0.282856 ; 0.022408 ; -0.00150949 ; 102.089;
16 ; 12 ; 5 ; 0.288173 ; 0.0114041 ; -0.023267 ; 101.783;
17 ; 12 ; 5 ; 0.224367 ; 0.00943085 ; -0.0362843 ; 102.198;
18 ; 12 ; 5 ; 0.259884 ; 0.0190753 ; -0.00403091 ; 101.139;
19 ; 12 ; 5 ; 0.252242 ; 0.0276497 ; 0.0346723 ; 101.064;
20 ; 12 ; 5 ; 0.222385 ; -0.00852771 ; 0.0358708 ; 100.789;
21 ; 12 ; 5 ; 0.187395 ; 0.0350494 ; -0.0512079 ; 102.835;
4 ; 13 ; 5 ; 0.208566 ; 0.0317124 ; 0.0138738 ; 100.172;
5 ; 13 ; 5 ; 0.257622 ; -0.00804617 ; -0.00224635 ; 100.991;
6 ; 13 ; 5 ; 0.233072 ; -0.0123624 ; -0.0138025 ; 101.83;
7 ; 13 ; 5 ; 0.222014 ; 0.00919768 ; -0.00126995 ; 102.964;
8 ; 13 ; 5 ; 0.237069 ; 0.0362199 ; 0.00267217 ; 102.67;
9 ; 13 ; 5 ; 0.23678 ; 0.012853 ; 0.0266988 ; 101.248;
10 ; 13 ; 5 ; 0.214685 ; 0.0144244 ; 0.0240218 ; 101.884;
11 ; 13 ; 5 ; 0.214797 ; 0.0166815 ; -0.00341199 ; 101.253;
12 ; 13 ; 5 ; 0.243809 ; 0.029565 ; -0.0699029 ; 98.8025;
13 ; 13 ; 5 ; 0.225212 ; -0.0146486 ; 0.010049 ; 101.403;
14 ; 13 ; 5 ; 0.229824 ; -0.013588 ; 0.00437992 ; 101.555;
15 ; 13 ; 5 ; 0.23242 ; -0.0116887 ; -0.0184025 ; 102.762;
16 ; 13 ; 5 ; 0.241025 ; -0.0115904 ; -0.0385029 ; 104.42;
17 ; 13 ; 5 ; 0.227499 ; -0.0154589 ; -0.037663 ; 101.581;
18 ; 13 ; 5 ; 0.223671 ; -0.0187936 ; -0.0358551 ; 101.634;
19 ; 13 ; 5 ; 0.239561 ; 0.00400081 ; 0.00736256 ; 101.455;
20 ; 13 ; 5 ; 0.258754 ; 0.0120132 ; 0.0194889 ; 99.9325;
21 ; 13 ; 5 ; 0.255618 ; 0.0921216 ; 0.0390254 ; 102.312;
4 ; 14 ; 5 ; 0.21129 ; -0.0213506 ; 0.047236 ; 101.955;
5 ; 14 ; 5 ; 0.232949 ; 0.021101 ; -0.00235043 ; 101.621;
6 ; 14 ; 5 ; 0.230292 ; -0.00305707 ; -0.00705362 ; 101.79;
7 ; 14 ; 5 ; 0.222049 ; 0.00628129 ; -0.000218425 ; 102.388;
8 ; 14 ; 5 ; 0.223939 ; 0.0179127 ; 0.0134557 ; 103.255;
9 ; 14 ; 5 ; 0.230296 ; -0.00346437 ; -0.00779495 ; 102.342;
10 ; 14 ; 5 ; 0.22611 ; 0.00717622 ; 0.0179021 ; 102.123;
11 ; 14 ; 5 ; 0.227908 ; 0.00710987 ; 0.00594026 ; 101.675;
12 ; 14 ; 5 ; 0.241696 ; 0.0188183 ; -0.0237456 ; 100.056;
13 ; 14 ; 5 ; 0.218143 ; -0.0100111 ; -0.00662334 ; 101.125;
14 ; 14 ; 5 ; 0.227274 ; -0.00697999 ; -2.00501e-05 ; 101.643;
15 ; 14 ; 5 ; 0.233909 ; -0.00510547 ; -0.0130151 ; 102.592;
16 ; 14 ; 5 ; 0.226214 ; -0.00766957 ; -0.0331724 ; 103.686;
17 ; 14 ; 5 ; 0.229232 ; -0.0011297 ; -0.0358044 ; 101.15;
18 ; 14 ; 5 ; 0.226372 ; -0.0090781 ; -0.0269052 ; 101.767;
19 ; 14 ; 5 ; 0.2383 ; 0.00611667 ; 0.0116385 ; 101.924;
20 ; 14 ; 5 ; 0.243805 ; 0.0195798 ; 0.0241294 ; 100.856;
21 ; 14 ; 5 ; 0.272874 ; 0.0658614 ; 0.00591954 ; 99.96;
4 ; 15 ; 5 ; 0.261496 ; -0.022159 ; -0.039584 ; 101.545;
5 ; 15 ; 5 ; 0.206859 ; 0.00639546 ; -0.015719 ; 102.115;
6 ; 15 ; 5 ; 0.215348 ; -0.000685255 ; -0.00450597 ; 101.862;
7 ; 15 ; 5 ; 0.216185 ; -0.000142584 ; -0.00268932 ; 102.006;
8 ; 15 ; 5 ; 0.207323 ; -0.00437347 ; 0.0101232 ; 102.586;
9 ; 15 ; 5 ; 0.23951 ; 0.00162665 ; -0.0179581 ; 102.638;
10 ; 15 ; 5 ; 0.241591 ; 0.00730886 ; 0.000741535 ; 102.279;
11 ; 15 ; 5 ; 0.248552 ; 0.00798189 ; 0.0153046 ; 102.179;
12 ; 15 ; 5 ; 0.243442 ; -0.00562243 ; 0.0277061 ; 101.868;
13 ; 15 ; 5 ; 0.220759 ; -0.0104991 ; 0.00909919 ; 101.498;
14 ; 15 ; 5 ; 0.227539 ; -0.00161085 ; 0.00560912 ; 101.889;
15 ; 15 ; 5 ; 0.240836 ; 0.0079362 ; 0.0122728 ; 102.235;
16 ; 15 ; 5 ; 0.229289 ; 0.00316124 ; -0.010787 ; 102.519;
17 ; 15 ; 5 ; 0.230113 ; 0.0178534 ; -0.00987707 ; 102.081;
18 ; 15 ; 5 ; 0.236282 ; 0.00388236 ; -0.0146202 ; 101.952;
19 ; 15 ; 5 ; 0.243614 ; 0.00951164 ; 0.00754077 ; 102.199;
20 ; 15 ; 5 ; 0.239521 ; 0.0110205 ; 0.0259094 ; 102.598;
21 ; 15 ; 5 ; 0.214363 ; -0.043266 ; -0.0282888 ; 100.45;
4 ; 16 ; 5 ; 0.167058 ; 0.0371618 ; 0.0348627 ; 102.267;
5 ; 16 ; 5 ; 0.217608 ; -0.0271885 ; -0.0168137 ; 102.378;
6 ; 16 ; 5 ; 0.205888 ; -0.0202031 ; -0.00940633 ; 102.096;
7 ; 16 ; 5 ; 0.208608 ; -0.0168479 ; -0.0174705 ; 101.947;
8 ; 16 ; 5 ; 0.209127 ; -0.000457515 ; -0.0158412 ; 101.857;
9 ; 16 ; 5 ; 0.225089 ; 0.00239288 ; -0.0365805 ; 102.535;
10 ; 16 ; 5 ; 0.242147 ; 0.0183608 ; -0.00850288 ; 102.48;
11 ; 16 ; 5 ; 0.243507 ; 0.0324385 ; 0.0156261 ; 102.195;
12 ; 16 ; 5 ; 0.250298 ; 0.00738256 ; 0.0240717 ; 102.199;
13 ; 16 ; 5 ; 0.200177 ; -0.0218115 ; -0.00347298 ; 101.673;
14 ; 16 ; 5 ; 0.216817 ; -0.00831946 ; 0.0165888 ; 101.726;
15 ; 16 ; 5 ; 0.236239 ; 0.0121801 ; 0.0249264 ; 101.647;
16 ; 16 ; 5 ; 0.261366 ; 0.0267833 ; 0.0296901 ; 102.142;
17 ; 16 ; 5 ; 0.242119 ; 0.00310787 ; -0.0101346 ; 102.005;
18 ; 16 ; 5 ; 0.247505 ; 0.0028751 ; -0.00139917 ; 101.791;
19 ; 16 ; 5 ; 0.259522 ; 0.0100254 ; 0.00495176 ; 101.757;
20 ; 16 ; 5 ; 0.257426 ; -0.00752839 ; 0.000276947 ; 102.317;
21 ; 16 ; 5 ; 0.352963 ; -0.035246 ; -0.0180036 ; 102.315;
4 ; 17 ; 5 ; 0.291649 ; 0.0368579 ; 0.0374574 ; 102.46;
5 ; 17 ; 5 ; 0.222455 ; -0.0606003 ; -0.0222952 ; 102.714;
6 ; 17 ; 5 ; 0.214821 ; -0.0416504 ; -0.00927008 ; 102.206;
7 ; 17 ; 5 ; 0.21274 ; -0.0250327 ; -0.0173362 ; 101.779;
8 ; 17 ; 5 ; 0.208021 ; -0.0299202 ; -0.0279665 ; 102.203;
9 ; 17 ; 5 ; 0.231116 ; 0.0586071 ; -0.00653728 ; 102.075;
10 ; 17 ; 5 ; 0.231535 ; 0.0371078 ; -0.00997159 ; 102.194;
11 ; 17 ; 5 ; 0.229829 ; 0.0341767 ; 0.000752313 ; 102.297;
12 ; 17 ; 5 ; 0.22364 ; 0.061558 ; 0.0279115 ; 102.058;
13 ; 17 ; 5 ; 0.248875 ; -0.0261303 ; 0.0118268 ; 100.737;
14 ; 17 ; 5 ; 0.221949 ; -0.0101093 ; 0.00735084 ; 101.29;
15 ; 17 ; 5 ; 0.227122 ; -0.00198962 ; 0.0079688 ; 101.33;
16 ; 17 ; 5 ; 0.241159 ; 0.0248752 ; 0.0235617 ; 101.417;
17 ; 17 ; 5 ; 0.263278 ; -0.0344565 ; -0.00383757 ; 101.496;
18 ; 17 ; 5 ; 0.255701 ; -0.0133709 ; 0.00814519 ; 101.934;
19 ; 17 ; 5 ; 0.252083 ; 0.0152177 ; 0.0111554 ; 101.881;
20 ; 17 ; 5 ; 0.270453 ; 0.0134566 ; -0.00403231 ; 101.519;
21 ; 17 ; 5 ; 0.249389 ; -0.0474578 ; -0.0162977 ; 101.38;
4 ; 18 ; 5 ; 0.257285 ; -0.0760419 ; 0.0636814 ; 102.762;
5 ; 18 ; 5 ; 0.210423 ; -0.0876151 ; -0.0406075 ; 102.725;
6 ; 18 ; 5 ; 0.226477 ; -0.0467535 ; -0.00445688 ; 102.198;
7 ; 18 ; 5 ; 0.218858 ; -0.0279053 ; -0.0149664 ; 101.325;
8 ; 18 ; 5 ; 0.215891 ; -0.0342934 ; -0.0312692 ; 101.208;
9 ; 18 ; 5 ; 0.240324 ; 0.117683 ; 0.0263838 ; 101.483;
10 ; 18 ; 5 ; 0.227275 ; 0.0415089 ; -0.00560254 ; 102.173;
11 ; 18 ; 5 ; 0.22224 ; 0.0240864 ; -0.00569327 ; 102.484;
12 ; 18 ; 5 ; 0.216282 ; 0.0295078 ; 0.0104383 ; 102.4;
13 ; 18 ; 5 ; 0.304131 ; -0.0266619 ; 0.0383476 ; 100.127;
14 ; 18 ; 5 ; 0.223727 ; -0.00771343 ; -0.00558778 ; 100.969;
15 ; 18 ; 5 ; 0.220024 ; -0.0124502 ; -0.0121139 ; 101.215;
16 ; 18 ; 5 ; 0.216351 ; -0.0447394 ; 0.000678762 ; 100.913;
17 ; 18 ; 5 ; 0.277177 ; -0.0549082 ; 0.00414386 ; 101.67;
18 ; 18 ; 5 ; 0.257141 ; -0.021799 ; 0.0155978 ; 102.052;
19 ; 18 ; 5 ; 0.242536 ; 0.0179193 ; 0.0212465 ; 102.249;
20 ; 18 ; 5 ; 0.247488 ; 0.0189929 ; 0.0229895 ; 101.007;
21 ; 18 ; 5 ; 0.257653 ; 0.00163009 ; 0.081716 ; 102.75;
4 ; 19 ; 5 ; 0.230249 ; -0.0393551 ; 0.0473566 ; 103.212;
5 ; 19 ; 5 ; 0.248279 ; -0.0336294 ; 0.0112187 ; 101.98;
6 ; 19 ; 5 ; 0.210632 ; -0.00809329 ; 0.0352497 ; 102.391;
7 ; 19 ; 5 ; 0.199061 ; -0.0130892 ; 0.0391759 ; 102.2;
8 ; 19 ; 5 ; 0.194514 ; -0.0215651 ; -0.0264816 ; 101.975;
9 ; 19 ; 5 ; 0.199676 ; 0.0124243 ; 0.01015 ; 101.052;
10 ; 19 ; 5 ; 0.191754 ; -0.00885603 ; 0.0250554 ; 101.434;
11 ; 19 ; 5 ; 0.204937 ; -0.00807429 ; 0.0202268 ; 102.117;
12 ; 19 ; 5 ; 0.205442 ; 0.0174614 ; 0.00146261 ; 102.945;
13 ; 19 ; 5 ; 0.249197 ; 0.0212639 ; 0.0181248 ; 102.71;
14 ; 19 ; 5 ; 0.239006 ; 0.00108417 ; -0.00341586 ; 101.908;
15 ; 19 ; 5 ; 0.248364 ; -0.0161948 ; -0.0288494 ; 102.173;
16 ; 19 ; 5 ; 0.259953 ; -0.017855 ; -0.0184838 ; 102.36;
17 ; 19 ; 5 ; 0.269712 ; 0.0094924 ; 0.00766082 ; 101.617;
18 ; 19 ; 5 ; 0.264371 ; -0.0197434 ; 0.0106052 ; 101.825;
19 ; 19 ; 5 ; 0.250426 ; -0.0175823 ; 0.00725899 ; 102.144;
20 ; 19 ; 5 ; 0.231887 ; 0.0300618 ; -0.0316192 ; 104.23;
21 ; 19 ; 5 ; 0.234203 ; -0.0358504 ; 0.0181533 ; 103.11;
4 ; 20 ; 5 ; 0.250277 ; -0.0435755 ; 0.0206704 ; 99.155;
5 ; 20 ; 5 ; 0.269955 ; -0.022406 ; -0.0115076 ; 101.179;
6 ; 20 ; 5 ; 0.230687 ; -0.00980508 ; 0.0272364 ; 101.806;
7 ; 20 ; 5 ; 0.220616 ; -0.00977661 ; 0.0428542 ; 101.944;
8 ; 20 ; 5 ; 0.209476 ; -0.0331596 ; 0.0296469 ; 101.876;
9 ; 20 ; 5 ; 0.227244 ; 0.00485928 ; 0.0331767 ; 100.795;
10 ; 20 ; 5 ; 0.201594 ; -0.00216384 ; 0.0266471 ; 101.459;
11 ; 20 ; 5 ; 0.21705 ; -0.00050911 ; 0.0107572 ; 101.833;
12 ; 20 ; 5 ; 0.214362 ; 0.00596335 ; 0.0158134 ; 102.774;
13 ; 20 ; 5 ; 0.238411 ; 0.0421758 ; 0.00311254 ; 102.873;
14 ; 20 ; 5 ; 0.235397 ; 0.017339 ; -0.00568206 ; 102.148;
15 ; 20 ; 5 ; 0.240689 ; -0.00618221 ; -0.0252017 ; 102.276;
16 ; 20 ; 5 ; 0.257325 ; -0.0232993 ; -0.0229691 ; 102.433;
17 ; 20 ; 5 ; 0.291541 ; -0.0275387 ; -0.0179114 ; 101.633;
18 ; 20 ; 5 ; 0.262955 ; -0.0191046 ; -0.0109761 ; 102.011;
19 ; 20 ; 5 ; 0.237318 ; -0.0106595 ; -0.00319991 ; 102.025;
20 ; 20 ; 5 ; 0.240235 ; 0.00348608 ; -0.0090643 ; 102.984;
21 ; 20 ; 5 ; 0.215832 ; 0.0177241 ; 0.0320205 ; 104.38;
4 ; 21 ; 5 ; 0.246837 ; -3.26479e-05 ; 0.0103809 ; 103.708;
5 ; 21 ; 5 ; 0.293503 ; -0.0328862 ; -0.039225 ; 100.507;
6 ; 21 ; 5 ; 0.249916 ; -0.0148013 ; 0.0260609 ; 101.204;
7 ; 21 ; 5 ; 0.243403 ; -0.0176822 ; 0.0586857 ; 101.663;
8 ; 21 ; 5 ; 0.241847 ; -0.0195646 ; 0.063504 ; 101.997;
9 ; 21 ; 5 ; 0.270326 ; -0.0105185 ; 0.0556272 ; 101.062;
10 ; 21 ; 5 ; 0.204563 ; 0.0113144 ; 0.0256489 ; 101.198;
11 ; 21 ; 5 ; 0.224713 ; 0.0076206 ; 0.00792796 ; 101.439;
12 ; 21 ; 5 ; 0.257456 ; -0.0154142 ; 0.000982136 ; 102.099;
13 ; 21 ; 5 ; 0.229441 ; 0.041484 ; -0.014232 ; 103.15;
14 ; 21 ; 5 ; 0.23612 ; 0.0342993 ; -0.00242175 ; 102.558;
15 ; 21 ; 5 ; 0.236283 ; 0.00254147 ; -0.0203393 ; 102.576;
16 ; 21 ; 5 ; 0.258475 ; -0.0260811 ; -0.0337781 ; 102.049;
17 ; 21 ; 5 ; 0.283751 ; -0.0568901 ; -0.0594976 ; 102.02;
18 ; 21 ; 5 ; 0.27233 ; -0.0170919 ; -0.0196195 ; 102.036;
19 ; 21 ; 5 ; 0.235336 ; -0.0121723 ; -0.00458712 ; 101.785;
20 ; 21 ; 5 ; 0.224744 ; -0.000836437 ; 0.024019 ; 101.547;
21 ; 21 ; 5 ; 0.28306 ; -0.0436181 ; 0.0114193 ; 102.332;
4 ; 4 ; 6 ; 0.140996 ; -0.0597484 ; 0.0142396 ; 102.498;
5 ; 4 ; 6 ; 0.143341 ; -0.00337884 ; 0.00843399 ; 102.4;
6 ; 4 ; 6 ; 0.161716 ; -0.0412021 ; 0.0068544 ; 102.448;
7 ; 4 ; 6 ; 0.176728 ; -0.0329189 ; -0.000479303 ; 101.639;
8 ; 4 ; 6 ; 0.170435 ; 0.0487143 ; -0.0330149 ; 101.307;
9 ; 4 ; 6 ; 0.142022 ; 0.0259464 ; -0.0309842 ; 101.453;
10 ; 4 ; 6 ; 0.154193 ; 0.0289852 ; -0.0219444 ; 102.116;
11 ; 4 ; 6 ; 0.165187 ; 0.0171644 ; 0.00180781 ; 102.036;
12 ; 4 ; 6 ; 0.193173 ; -0.0177244 ; 0.0478448 ; 100.242;
13 ; 4 ; 6 ; 0.187019 ; 0.00379781 ; -0.0443408 ; 101.447;
14 ; 4 ; 6 ; 0.186205 ; -0.0265932 ; -0.0476605 ; 101.595;
15 ; 4 ; 6 ; 0.149992 ; -0.0464633 ; -0.0220962 ; 102.892;
16 ; 4 ; 6 ; 0.157453 ; -0.0272778 ; 0.0381757 ; 105.16;
17 ; 4 ; 6 ; 0.141146 ; 0.0200247 ; -0.0101939 ; 102.864;
18 ; 4 ; 6 ; 0.168633 ; 0.0156466 ; 0.0123585 ; 102.177;
19 ; 4 ; 6 ; 0.161752 ; 0.00754624 ; 0.00735604 ; 102.133;
20 ; 4 ; 6 ; 0.14936 ; 0.0273039 ; -0.0262353 ; 103.39;
21 ; 4 ; 6 ; 0.126211 ; -0.0404809 ; 0.0452701 ; 103.238;
4 ; 5 ; 6 ; 0.242877 ; -0.0938215 ; -0.0410714 ; 100.86;
5 ; 5 ; 6 ; 0.136134 ; -0.00883232 ; 0.0221423 ; 101.956;
6 ; 5 ; 6 ; 0.154699 ; -0.025466 ; 0.0146591 ; 102.004;
7 ; 5 ; 6 ; 0.171866 ; -0.0150373 ; 0.0117902 ; 101.554;
8 ; 5 ; 6 ; 0.175497 ; -0.00800886 ; -0.0117594 ; 101.019;
9 ; 5 ; 6 ; 0.17516 ; -0.0420357 ; -0.0374045 ; 100.699;
10 ; 5 ; 6 ; 0.159804 ; -0.00514657 ; -0.014919 ; 101.658;
11 ; 5 ; 6 ; 0.165347 ; 0.004773 ; 0.0058693 ; 101.938;
12 ; 5 ; 6 ; 0.177081 ; 0.0104831 ; 0.0252667 ; 101.111;
13 ; 5 ; 6 ; 0.163208 ; 0.000479105 ; -0.0266199 ; 101.933;
14 ; 5 ; 6 ; 0.170769 ; -0.0252028 ; -0.0297433 ; 101.797;
15 ; 5 ; 6 ; 0.150811 ; -0.04473 ; 0.00155402 ; 102.668;
16 ; 5 ; 6 ; 0.138329 ; -0.0510082 ; 0.0104338 ; 104.042;
17 ; 5 ; 6 ; 0.123371 ; 0.0212626 ; 0.0549194 ; 104.093;
18 ; 5 ; 6 ; 0.161123 ; 0.0108548 ; 0.022163 ; 102.655;
19 ; 5 ; 6 ; 0.169775 ; -0.00335543 ; -0.00536573 ; 102.243;
20 ; 5 ; 6 ; 0.152903 ; 0.00944238 ; -0.000379578 ; 102.801;
21 ; 5 ; 6 ; 0.127854 ; 0.00482008 ; 0.014417 ; 103.63;
4 ; 6 ; 6 ; 0.105789 ; 0.0322617 ; -0.00917921 ; 100.65;
5 ; 6 ; 6 ; 0.135234 ; -0.00337312 ; 0.0270269 ; 101.147;
6 ; 6 ; 6 ; 0.147314 ; -0.0129725 ; 0.0250727 ; 101.609;
7 ; 6 ; 6 ; 0.16867 ; -0.0116375 ; 0.0256555 ; 101.27;
8 ; 6 ; 6 ; 0.190877 ; -0.0268868 ; 0.0185645 ; 101.278;
9 ; 6 ; 6 ; 0.189056 ; -0.0868109 ; -0.0256972 ; 99.7275;
10 ; 6 ; 6 ; 0.167218 ; -0.0357924 ; -0.0139796 ; 101.406;
11 ; 6 ; 6 ; 0.164074 ; -0.0028967 ; 0.0017172 ; 102.063;
12 ; 6 ; 6 ; 0.156776 ; 0.0404893 ; -0.0023693 ; 102.389;
13 ; 6 ; 6 ; 0.126805 ; -0.00215295 ; -0.0222572 ; 102.38;
14 ; 6 ; 6 ; 0.159119 ; -0.0212051 ; -0.0153789 ; 102.055;
15 ; 6 ; 6 ; 0.144491 ; -0.0462333 ; 0.011991 ; 102.337;
16 ; 6 ; 6 ; 0.141528 ; -0.0502229 ; 0.0165301 ; 102.562;
17 ; 6 ; 6 ; 0.142566 ; 0.0192891 ; 0.0962178 ; 104.757;
18 ; 6 ; 6 ; 0.137104 ; 0.0112158 ; 0.0307842 ; 103.213;
19 ; 6 ; 6 ; 0.16603 ; -0.0132285 ; -0.00696878 ; 102.339;
20 ; 6 ; 6 ; 0.164346 ; -0.0170058 ; -0.00488048 ; 102.668;
21 ; 6 ; 6 ; 0.119116 ; 0.00702593 ; -0.0416715 ; 101.502;
4 ; 7 ; 6 ; 0.18066 ; 0.0616059 ; 0.0149084 ; 100.04;
5 ; 7 ; 6 ; 0.177814 ; 0.0169649 ; -0.00161927 ; 101.566;
6 ; 7 ; 6 ; 0.168807 ; 0.0112217 ; 0.0189006 ; 101.761;
7 ; 7 ; 6 ; 0.172675 ; -0.00902988 ; 0.0185673 ; 102.626;
8 ; 7 ; 6 ; 0.174858 ; -0.0466882 ; 0.0206393 ; 103.92;
9 ; 7 ; 6 ; 0.137578 ; 0.0274834 ; 0.0247784 ; 102.914;
10 ; 7 ; 6 ; 0.123579 ; 0.0202995 ; 0.0147957 ; 102.141;
11 ; 7 ; 6 ; 0.116256 ; 0.0158809 ; 0.0101686 ; 101.758;
12 ; 7 ; 6 ; 0.117366 ; -0.0415698 ; 0.0176099 ; 101.49;
13 ; 7 ; 6 ; 0.156217 ; -0.012994 ; 0.0426187 ; 102.042;
14 ; 7 ; 6 ; 0.192468 ; -0.00722305 ; 0.0152655 ; 102.021;
15 ; 7 ; 6 ; 0.180181 ; -0.017231 ; -0.000228627 ; 102.083;
16 ; 7 ; 6 ; 0.145559 ; -0.0392952 ; 0.00777573 ; 101.647;
17 ; 7 ; 6 ; 0.16452 ; 0.0238023 ; -0.00627382 ; 101.341;
18 ; 7 ; 6 ; 0.178924 ; 0.00744422 ; 0.00795562 ; 101.041;
19 ; 7 ; 6 ; 0.16296 ; 0.00902189 ; 0.00977414 ; 101.518;
20 ; 7 ; 6 ; 0.136956 ; 0.048375 ; -0.00604734 ; 102.63;
21 ; 7 ; 6 ; 0.102878 ; -0.00474881 ; 0.0484463 ; 102.425;
4 ; 8 ; 6 ; 0.248846 ; -0.0450967 ; -0.0454656 ; 101.59;
5 ; 8 ; 6 ; 0.196616 ; 0.0283974 ; -0.00678565 ; 101.68;
6 ; 8 ; 6 ; 0.184508 ; 0.0180297 ; 0.00432055 ; 101.784;
7 ; 8 ; 6 ; 0.186785 ; 0.00168632 ; -0.00143119 ; 102.459;
8 ; 8 ; 6 ; 0.183645 ; -0.0312119 ; 0.0143715 ; 103.428;
9 ; 8 ; 6 ; 0.16157 ; -0.00301117 ; -0.0149754 ; 101.793;
10 ; 8 ; 6 ; 0.134612 ; 0.00949569 ; 0.00420527 ; 101.839;
11 ; 8 ; 6 ; 0.121466 ; 0.0157937 ; 0.0036788 ; 101.518;
12 ; 8 ; 6 ; 0.118751 ; -0.00412014 ; 0.0159975 ; 101.791;
13 ; 8 ; 6 ; 0.151366 ; -0.0119824 ; 0.000448834 ; 101.751;
14 ; 8 ; 6 ; 0.182376 ; -0.00853511 ; 0.00692133 ; 101.762;
15 ; 8 ; 6 ; 0.177922 ; -0.0186348 ; 0.00673181 ; 101.845;
16 ; 8 ; 6 ; 0.152855 ; -0.0317638 ; 0.0113288 ; 102.099;
17 ; 8 ; 6 ; 0.168806 ; 0.00590255 ; -0.0346358 ; 101.951;
18 ; 8 ; 6 ; 0.179994 ; 0.0083059 ; -0.00667489 ; 101.367;
19 ; 8 ; 6 ; 0.162545 ; 0.0110654 ; 0.000561268 ; 101.654;
20 ; 8 ; 6 ; 0.148387 ; 0.0331706 ; 0.00381502 ; 102.257;
21 ; 8 ; 6 ; 0.0626282 ; -0.0388173 ; 0.0437077 ; 101.278;
4 ; 9 ; 6 ; 0.197556 ; -0.0631831 ; 0.00924765 ; 102.882;
5 ; 9 ; 6 ; 0.173828 ; 0.0292094 ; -0.0205583 ; 102.072;
6 ; 9 ; 6 ; 0.190149 ; 0.028317 ; -0.0142683 ; 101.912;
7 ; 9 ; 6 ; 0.181435 ; 0.0160763 ; -0.018245 ; 102.34;
8 ; 9 ; 6 ; 0.205391 ; -0.00368052 ; -0.0180863 ; 102.574;
9 ; 9 ; 6 ; 0.165232 ; -0.0298337 ; -0.0181889 ; 101.291;
10 ; 9 ; 6 ; 0.15657 ; -0.000159888 ; -0.00412385 ; 101.616;
11 ; 9 ; 6 ; 0.137635 ; 0.0184434 ; -0.00180077 ; 101.303;
12 ; 9 ; 6 ; 0.11853 ; 0.0375584 ; 0.0120509 ; 101.387;
13 ; 9 ; 6 ; 0.118662 ; 0.00865222 ; -0.0506894 ; 101.556;
14 ; 9 ; 6 ; 0.152345 ; -0.00420826 ; -0.0150821 ; 101.603;
15 ; 9 ; 6 ; 0.167808 ; -0.018496 ; 0.00905116 ; 101.714;
16 ; 9 ; 6 ; 0.161911 ; -0.019445 ; 0.0347995 ; 102.064;
17 ; 9 ; 6 ; 0.170199 ; 0.0191329 ; -0.0191364 ; 102.199;
18 ; 9 ; 6 ; 0.17327 ; 0.016458 ; -0.021562 ; 101.932;
19 ; 9 ; 6 ; 0.155313 ; 0.0170223 ; -0.00960121 ; 101.965;
20 ; 9 ; 6 ; 0.151136 ; 0.0168718 ; 0.0019312 ; 101.85;
21 ; 9 ; 6 ; 0.19083 ; -0.000625001 ; -0.0333516 ; 100.337;
4 ; 10 ; 6 ; 0.169193 ; 0.0245309 ; 0.00530907 ; 101.065;
5 ; 10 ; 6 ; 0.154553 ; 0.0244594 ; -0.0257138 ; 102.138;
6 ; 10 ; 6 ; 0.16715 ; 0.0209398 ; -0.0175016 ; 102.109;
7 ; 10 ; 6 ; 0.147563 ; 0.0154872 ; -0.0151076 ; 102.225;
8 ; 10 ; 6 ; 0.16647 ; 0.00745805 ; -0.0289639 ; 102.471;
9 ; 10 ; 6 ; 0.126043 ; 0.0328404 ; 0.0052881 ; 101.461;
10 ; 10 ; 6 ; 0.153149 ; 0.0117964 ; -0.000901739 ; 101.557;
11 ; 10 ; 6 ; 0.153478 ; 0.0171501 ; -0.00227826 ; 101.439;
12 ; 10 ; 6 ; 0.130978 ; 0.0312248 ; 0.00600173 ; 100.741;
13 ; 10 ; 6 ; 0.126998 ; -0.00149393 ; -0.0491386 ; 102.743;
14 ; 10 ; 6 ; 0.141521 ; -0.00252405 ; -0.0322534 ; 101.891;
15 ; 10 ; 6 ; 0.161461 ; -0.0161257 ; -0.000115061 ; 101.591;
16 ; 10 ; 6 ; 0.160124 ; -0.0242283 ; 0.0360083 ; 101.644;
17 ; 10 ; 6 ; 0.171358 ; 0.0527808 ; -0.00966342 ; 103.038;
18 ; 10 ; 6 ; 0.163881 ; 0.0322822 ; -0.0138328 ; 102.359;
19 ; 10 ; 6 ; 0.146344 ; 0.0197316 ; -0.0053666 ; 102.174;
20 ; 10 ; 6 ; 0.133052 ; 0.0173668 ; -0.0056602 ; 102.111;
21 ; 10 ; 6 ; 0.179835 ; -0.00691147 ; 0.00743511 ; 104.082;
4 ; 11 ; 6 ; 0.0938794 ; 0.026975 ; 0.0264863 ; 101.942;
5 ; 11 ; 6 ; 0.182943 ; 0.00394004 ; -0.0556532 ; 102.158;
6 ; 11 ; 6 ; 0.152511 ; 0.00777804 ; -0.0241872 ; 101.964;
7 ; 11 ; 6 ; 0.131804 ; 0.00540646 ; -0.00890878 ; 102.177;
8 ; 11 ; 6 ; 0.107449 ; 0.0118601 ; -0.00537442 ; 102.108;
9 ; 11 ; 6 ; 0.155088 ; 0.0032982 ; 0.0183488 ; 100.309;
10 ; 11 ; 6 ; 0.137712 ; 0.0206583 ; 0.0144091 ; 101.7;
11 ; 11 ; 6 ; 0.149835 ; 0.0139458 ; 0.0141774 ; 102.275;
12 ; 11 ; 6 ; 0.163254 ; 0.0137165 ; 0.00158531 ; 101.633;
13 ; 11 ; 6 ; 0.117824 ; -0.0321465 ; -0.0414504 ; 102.747;
14 ; 11 ; 6 ; 0.141868 ; -0.00986704 ; -0.032552 ; 102.244;
15 ; 11 ; 6 ; 0.165819 ; -0.00130654 ; -0.00967173 ; 101.405;
16 ; 11 ; 6 ; 0.158673 ; -0.0277619 ; 0.00416005 ; 101.271;
17 ; 11 ; 6 ; 0.175498 ; 0.00578934 ; -0.00936675 ; 102.629;
18 ; 11 ; 6 ; 0.167195 ; 0.0211731 ; -0.00634611 ; 102.237;
19 ; 11 ; 6 ; 0.155043 ; 0.00684227 ; 0.00039305 ; 101.989;
20 ; 11 ; 6 ; 0.13511 ; 0.00552714 ; 0.0116342 ; 102.095;
21 ; 11 ; 6 ; 0.127437 ; 0.0165947 ; 0.00379221 ; 99.5475;
4 ; 12 ; 6 ; 0.180546 ; -0.0577437 ; -0.0446041 ; 104.012;
5 ; 12 ; 6 ; 0.204306 ; -0.00373795 ; -0.0822909 ; 101.998;
6 ; 12 ; 6 ; 0.155844 ; -0.000679496 ; -0.0315077 ; 101.843;
7 ; 12 ; 6 ; 0.139841 ; 0.000709604 ; -0.014581 ; 102.087;
8 ; 12 ; 6 ; 0.142897 ; 0.0140382 ; -0.00985172 ; 102.158;
9 ; 12 ; 6 ; 0.20703 ; -0.0596308 ; 0.0290853 ; 99.5375;
10 ; 12 ; 6 ; 0.12576 ; 0.019584 ; 0.0182344 ; 101.59;
11 ; 12 ; 6 ; 0.142611 ; 0.00950664 ; 0.0212888 ; 102.656;
12 ; 12 ; 6 ; 0.184639 ; -0.00449436 ; 0.0155287 ; 102.366;
13 ; 12 ; 6 ; 0.0876135 ; -0.040875 ; -0.0434094 ; 102.222;
14 ; 12 ; 6 ; 0.150116 ; -0.0178691 ; -0.028189 ; 102.285;
15 ; 12 ; 6 ; 0.172582 ; 0.00709913 ; -0.0102387 ; 101.124;
16 ; 12 ; 6 ; 0.159775 ; 0.00814575 ; -0.00538295 ; 100.156;
17 ; 12 ; 6 ; 0.17745 ; -0.0469497 ; -0.00205548 ; 101.6;
18 ; 12 ; 6 ; 0.175029 ; 0.00895207 ; -0.00673044 ; 102.103;
19 ; 12 ; 6 ; 0.16479 ; -0.00342218 ; 0.000425214 ; 101.79;
20 ; 12 ; 6 ; 0.148843 ; -0.0208971 ; 0.00230615 ; 101.74;
21 ; 12 ; 6 ; 0.145116 ; -0.079608 ; -0.0420418 ; 100.225;
4 ; 13 ; 6 ; 0.190071 ; -0.025984 ; 0.026382 ; 102.74;
5 ; 13 ; 6 ; 0.160803 ; 0.0325531 ; -0.034058 ; 102.354;
6 ; 13 ; 6 ; 0.14657 ; -0.000100794 ; -0.016543 ; 102.815;
7 ; 13 ; 6 ; 0.139613 ; -0.00520668 ; 0.00564114 ; 102.045;
8 ; 13 ; 6 ; 0.109838 ; 0.0219999 ; 0.018297 ; 101.792;
9 ; 13 ; 6 ; 0.145146 ; -0.00982629 ; -0.00685916 ; 101.073;
10 ; 13 ; 6 ; 0.133431 ; -0.0191913 ; -0.00158126 ; 102.017;
11 ; 13 ; 6 ; 0.129176 ; -0.0346008 ; -0.0152545 ; 102.378;
12 ; 13 ; 6 ; 0.121019 ; 0.0234002 ; 0.0145417 ; 103.71;
13 ; 13 ; 6 ; 0.134723 ; 0.0297725 ; 0.0250953 ; 101.986;
14 ; 13 ; 6 ; 0.167098 ; 0.0364911 ; 0.00659867 ; 102.409;
15 ; 13 ; 6 ; 0.183811 ; 0.023328 ; -0.0170078 ; 102.28;
16 ; 13 ; 6 ; 0.16128 ; 0.0474583 ; -0.0382936 ; 102.832;
17 ; 13 ; 6 ; 0.186047 ; 0.00666621 ; -0.0255842 ; 101.549;
18 ; 13 ; 6 ; 0.194764 ; 0.0240677 ; -0.0397475 ; 101.408;
19 ; 13 ; 6 ; 0.202747 ; 0.0105762 ; -0.0257438 ; 101.703;
20 ; 13 ; 6 ; 0.2141 ; -0.0558093 ; -0.0221137 ; 101.465;
21 ; 13 ; 6 ; 0.163078 ; -0.028945 ; -0.0586665 ; 103.792;
4 ; 14 ; 6 ; 0.164385 ; 0.0413094 ; -0.00361451 ; 103.042;
5 ; 14 ; 6 ; 0.181469 ; -0.00599649 ; -0.0149782 ; 101.564;
6 ; 14 ; 6 ; 0.156583 ; -0.00100333 ; -0.00860482 ; 102.165;
7 ; 14 ; 6 ; 0.148797 ; 0.00923112 ; 0.00572968 ; 101.811;
8 ; 14 ; 6 ; 0.128111 ; 0.010063 ; 0.0244833 ; 101.33;
9 ; 14 ; 6 ; 0.132442 ; -0.00974218 ; -0.00626034 ; 101.055;
10 ; 14 ; 6 ; 0.137854 ; -0.00662425 ; -0.00260872 ; 101.914;
11 ; 14 ; 6 ; 0.145724 ; -0.0160844 ; -0.0126736 ; 102.475;
12 ; 14 ; 6 ; 0.122366 ; -0.0153832 ; -0.000788503 ; 102.797;
13 ; 14 ; 6 ; 0.16072 ; 0.0203259 ; 0.000298189 ; 102.283;
14 ; 14 ; 6 ; 0.160517 ; 0.0211236 ; 0.00600043 ; 102.226;
15 ; 14 ; 6 ; 0.171453 ; 0.00875502 ; -0.00568932 ; 102.148;
16 ; 14 ; 6 ; 0.17736 ; 0.0103117 ; -0.0242745 ; 102.172;
17 ; 14 ; 6 ; 0.165362 ; 0.025702 ; -0.00116686 ; 102.307;
18 ; 14 ; 6 ; 0.185669 ; 0.0232076 ; -0.0227948 ; 101.941;
19 ; 14 ; 6 ; 0.193578 ; 0.0114567 ; -0.0193448 ; 102.243;
20 ; 14 ; 6 ; 0.205071 ; -0.0229412 ; -0.0162224 ; 101.635;
21 ; 14 ; 6 ; 0.15967 ; -0.0179784 ; 0.0362796 ; 99.315;
4 ; 15 ; 6 ; 0.141614 ; 0.0507029 ; -0.0516188 ; 100.695;
5 ; 15 ; 6 ; 0.157837 ; -0.0224661 ; 0.0196704 ; 100.485;
6 ; 15 ; 6 ; 0.17252 ; -0.0015906 ; 0.00425876 ; 101.14;
7 ; 15 ; 6 ; 0.170631 ; 0.0212801 ; 0.00449653 ; 101.45;
8 ; 15 ; 6 ; 0.158773 ; 0.0321533 ; 0.0217757 ; 101.195;
9 ; 15 ; 6 ; 0.163817 ; 0.00999985 ; -0.0107308 ; 101.076;
10 ; 15 ; 6 ; 0.155914 ; -0.00106348 ; -0.0125913 ; 101.648;
11 ; 15 ; 6 ; 0.168385 ; -0.00737122 ; -0.00790866 ; 102.422;
12 ; 15 ; 6 ; 0.168898 ; -0.0117786 ; -0.01168 ; 102.567;
13 ; 15 ; 6 ; 0.128206 ; -0.0237509 ; 0.0096601 ; 101.03;
14 ; 15 ; 6 ; 0.147353 ; -0.0057208 ; 0.0185262 ; 101.641;
15 ; 15 ; 6 ; 0.15521 ; -0.00503233 ; 0.0270891 ; 101.875;
16 ; 15 ; 6 ; 0.173686 ; -0.0236907 ; 0.0051151 ; 101.776;
17 ; 15 ; 6 ; 0.158466 ; 0.0088219 ; 0.0159091 ; 101.609;
18 ; 15 ; 6 ; 0.164891 ; 0.0214714 ; 0.000526705 ; 102.317;
19 ; 15 ; 6 ; 0.16444 ; 0.0167595 ; -0.0133592 ; 102.459;
20 ; 15 ; 6 ; 0.186482 ; 0.0127135 ; -0.0181933 ; 102.607;
21 ; 15 ; 6 ; 0.2322 ; 0.0421553 ; 0.0309026 ; 101.11;
4 ; 16 ; 6 ; 0.150124 ; 0.0286284 ; 0.0535875 ; 101.197;
5 ; 16 ; 6 ; 0.179858 ; 0.00287128 ; -0.00632148 ; 100.484;
6 ; 16 ; 6 ; 0.185581 ; -0.00136088 ; 0.0101981 ; 100.67;
7 ; 16 ; 6 ; 0.186897 ; 0.0221526 ; 0.00552946 ; 101.162;
8 ; 16 ; 6 ; 0.183199 ; 0.0480302 ; -0.000928864 ; 101.924;
9 ; 16 ; 6 ; 0.171449 ; 0.00700887 ; -0.0127466 ; 101.123;
10 ; 16 ; 6 ; 0.163431 ; 0.00573529 ; -0.00255228 ; 101.879;
11 ; 16 ; 6 ; 0.160846 ; -0.00721934 ; 0.0104326 ; 102.6;
12 ; 16 ; 6 ; 0.190028 ; 0.00673458 ; 0.00469748 ; 103.139;
13 ; 16 ; 6 ; 0.118391 ; -0.0257182 ; 0.0353064 ; 101.091;
14 ; 16 ; 6 ; 0.127959 ; -0.00968642 ; 0.0335516 ; 101.389;
15 ; 16 ; 6 ; 0.138274 ; 0.0120378 ; 0.0365554 ; 101.853;
16 ; 16 ; 6 ; 0.153044 ; 0.011888 ; 0.0436058 ; 102.372;
17 ; 16 ; 6 ; 0.168506 ; -0.0124462 ; 0.00772217 ; 102.646;
18 ; 16 ; 6 ; 0.16075 ; 0.00851837 ; -0.000261537 ; 102.326;
19 ; 16 ; 6 ; 0.159303 ; 0.00582674 ; -0.0282103 ; 102.292;
20 ; 16 ; 6 ; 0.148567 ; 0.0198458 ; -0.0307575 ; 102.543;
21 ; 16 ; 6 ; 0.120573 ; -0.0310452 ; -0.0094131 ; 102.025;
4 ; 17 ; 6 ; 0.179391 ; 0.0392406 ; 0.0090485 ; 103.062;
5 ; 17 ; 6 ; 0.173503 ; -0.00341476 ; -0.0123328 ; 101.979;
6 ; 17 ; 6 ; 0.19039 ; 0.00467735 ; 0.00381906 ; 101.254;
7 ; 17 ; 6 ; 0.196104 ; 0.0143432 ; 0.00504388 ; 101.347;
8 ; 17 ; 6 ; 0.192367 ; 0.0194124 ; 0.00128307 ; 101.603;
9 ; 17 ; 6 ; 0.146267 ; 0.0215429 ; 0.00669449 ; 102.292;
10 ; 17 ; 6 ; 0.153691 ; 0.00716442 ; 0.00711349 ; 102.064;
11 ; 17 ; 6 ; 0.145095 ; -0.0108073 ; 0.0160023 ; 101.999;
12 ; 17 ; 6 ; 0.132775 ; -0.0341731 ; 0.0230401 ; 102.446;
13 ; 17 ; 6 ; 0.156048 ; 0.0220652 ; 0.00103967 ; 100.663;
14 ; 17 ; 6 ; 0.132892 ; 0.00629256 ; 0.0270363 ; 101.384;
15 ; 17 ; 6 ; 0.137358 ; 0.0100478 ; 0.0172903 ; 101.961;
16 ; 17 ; 6 ; 0.146029 ; 0.0422857 ; 0.035054 ; 101.784;
17 ; 17 ; 6 ; 0.168596 ; -0.0335596 ; -0.0275599 ; 102.785;
18 ; 17 ; 6 ; 0.167439 ; -0.014511 ; -0.00425841 ; 102.369;
19 ; 17 ; 6 ; 0.171721 ; -0.0166333 ; -0.0144474 ; 102.42;
20 ; 17 ; 6 ; 0.162983 ; 0.0121887 ; -0.0582863 ; 101.657;
21 ; 17 ; 6 ; 0.171081 ; 0.0506454 ; -0.0617638 ; 99.02;
4 ; 18 ; 6 ; 0.0944969 ; -0.0394284 ; 0.0399312 ; 98.3925;
5 ; 18 ; 6 ; 0.146535 ; -0.0109875 ; -0.00121666 ; 103.058;
6 ; 18 ; 6 ; 0.192298 ; 0.00665431 ; 0.00108788 ; 101.624;
7 ; 18 ; 6 ; 0.197175 ; 0.015939 ; 0.00589646 ; 101.475;
8 ; 18 ; 6 ; 0.198406 ; 0.00199069 ; 0.00896467 ; 101.498;
9 ; 18 ; 6 ; 0.144826 ; 0.0224297 ; 0.0066079 ; 103;
10 ; 18 ; 6 ; 0.141518 ; 0.0185786 ; 0.0187538 ; 102.276;
11 ; 18 ; 6 ; 0.138773 ; 0.00152343 ; 0.0190425 ; 101.776;
12 ; 18 ; 6 ; 0.145952 ; -0.0269814 ; 0.023724 ; 101.641;
13 ; 18 ; 6 ; 0.182956 ; 0.0453198 ; -0.0325621 ; 99.715;
14 ; 18 ; 6 ; 0.137029 ; 0.0173833 ; 0.0141315 ; 101.543;
15 ; 18 ; 6 ; 0.134259 ; 0.00266515 ; -0.00376469 ; 102.082;
16 ; 18 ; 6 ; 0.148685 ; 0.0048904 ; -0.0303738 ; 101.52;
17 ; 18 ; 6 ; 0.159714 ; -0.0448601 ; -0.0537122 ; 102.005;
18 ; 18 ; 6 ; 0.174906 ; -0.0286654 ; -0.00405501 ; 102.651;
19 ; 18 ; 6 ; 0.18715 ; -0.0328932 ; -0.00235442 ; 102.902;
20 ; 18 ; 6 ; 0.184378 ; -0.0133849 ; -0.0477165 ; 102.102;
21 ; 18 ; 6 ; 0.201889 ; 0.0293708 ; 0.0564359 ; 101.57;
4 ; 19 ; 6 ; 0.111496 ; -0.027113 ; 0.0318799 ; 101.55;
5 ; 19 ; 6 ; 0.125982 ; -0.0205737 ; -0.000414877 ; 102.203;
6 ; 19 ; 6 ; 0.134818 ; -0.0123717 ; 0.0326839 ; 101.962;
7 ; 19 ; 6 ; 0.13984 ; 0.000249944 ; 0.0245033 ; 101.743;
8 ; 19 ; 6 ; 0.0998971 ; 0.0317165 ; -0.0462915 ; 101.837;
9 ; 19 ; 6 ; 0.148093 ; -0.037331 ; 0.0269609 ; 101.729;
10 ; 19 ; 6 ; 0.141458 ; -0.0393341 ; 0.0309545 ; 101.728;
11 ; 19 ; 6 ; 0.153708 ; -0.00803858 ; 0.000564361 ; 102.514;
12 ; 19 ; 6 ; 0.165648 ; 0.0239719 ; -0.00299918 ; 103.447;
13 ; 19 ; 6 ; 0.134765 ; -0.00202352 ; -0.0243707 ; 102.187;
14 ; 19 ; 6 ; 0.145106 ; -0.00694407 ; -0.0118695 ; 103.156;
15 ; 19 ; 6 ; 0.166166 ; -0.0018157 ; -0.0064954 ; 102.101;
16 ; 19 ; 6 ; 0.135981 ; 0.0203754 ; 0.0047885 ; 100.175;
17 ; 19 ; 6 ; 0.161372 ; 0.000376265 ; -0.00608854 ; 101.717;
18 ; 19 ; 6 ; 0.169439 ; -0.0100803 ; 0.00423493 ; 102.111;
19 ; 19 ; 6 ; 0.175681 ; 0.00374267 ; 0.000116297 ; 101.936;
20 ; 19 ; 6 ; 0.145145 ; -0.0079396 ; -0.0137679 ; 100.15;
21 ; 19 ; 6 ; 0.178824 ; 0.0384033 ; 0.0333332 ; 100.787;
4 ; 20 ; 6 ; 0.159661 ; 0.0756012 ; 0.0424975 ; 100.705;
5 ; 20 ; 6 ; 0.115763 ; -0.0174197 ; -0.00606815 ; 101.549;
6 ; 20 ; 6 ; 0.13107 ; -0.012342 ; 0.0220666 ; 101.975;
7 ; 20 ; 6 ; 0.141278 ; -0.00161092 ; 0.0209162 ; 101.852;
8 ; 20 ; 6 ; 0.132565 ; 0.0142031 ; -0.0107161 ; 101.64;
9 ; 20 ; 6 ; 0.19416 ; 0.00942064 ; 0.038262 ; 102.128;
10 ; 20 ; 6 ; 0.164363 ; -0.0184664 ; 0.0352625 ; 101.92;
11 ; 20 ; 6 ; 0.167889 ; -0.00371539 ; 0.00400609 ; 102.3;
12 ; 20 ; 6 ; 0.168949 ; 0.0150113 ; -0.0133984 ; 103;
13 ; 20 ; 6 ; 0.174942 ; -0.0145425 ; -0.0317227 ; 101.178;
14 ; 20 ; 6 ; 0.15336 ; -0.00637601 ; -0.0114407 ; 102.528;
15 ; 20 ; 6 ; 0.148233 ; -0.000330849 ; -0.0071981 ; 102.338;
16 ; 20 ; 6 ; 0.170275 ; -0.00056395 ; -0.0156417 ; 101.397;
17 ; 20 ; 6 ; 0.142899 ; -0.0081114 ; 0.0209866 ; 103.249;
18 ; 20 ; 6 ; 0.1636 ; -0.0137459 ; 0.0118755 ; 102.933;
19 ; 20 ; 6 ; 0.168681 ; 0.00175055 ; 0.0061006 ; 102.778;
20 ; 20 ; 6 ; 0.172384 ; 0.00291027 ; -0.0026158 ; 101.427;
21 ; 20 ; 6 ; 0.0978364 ; -0.00734578 ; -0.0179662 ; 101.007;
4 ; 21 ; 6 ; 0.0755764 ; -0.0211976 ; 0.0350924 ; 104.36;
5 ; 21 ; 6 ; 0.119263 ; -0.0373013 ; -0.0215534 ; 101.472;
6 ; 21 ; 6 ; 0.126398 ; -0.00684069 ; 0.0118365 ; 101.826;
7 ; 21 ; 6 ; 0.146402 ; -0.00223753 ; 0.0223518 ; 101.879;
8 ; 21 ; 6 ; 0.15189 ; -0.0114885 ; 0.0183821 ; 100.938;
9 ; 21 ; 6 ; 0.212612 ; 0.0547701 ; 0.0473312 ; 102.055;
10 ; 21 ; 6 ; 0.186419 ; -0.00161572 ; 0.0339112 ; 102.104;
11 ; 21 ; 6 ; 0.182278 ; -0.00322326 ; 0.00495015 ; 101.998;
12 ; 21 ; 6 ; 0.161162 ; -0.0136371 ; -0.0171831 ; 102.231;
13 ; 21 ; 6 ; 0.209793 ; -0.0222271 ; -0.0192741 ; 100.342;
14 ; 21 ; 6 ; 0.161236 ; -0.0120789 ; -0.015977 ; 101.823;
15 ; 21 ; 6 ; 0.141457 ; -0.00904571 ; -0.0136978 ; 102.694;
16 ; 21 ; 6 ; 0.161136 ; -0.00441081 ; -0.036442 ; 102.496;
17 ; 21 ; 6 ; 0.12117 ; -0.0141314 ; 0.0230739 ; 105.16;
18 ; 21 ; 6 ; 0.166901 ; -0.0132806 ; 0.0220782 ; 103.392;
19 ; 21 ; 6 ; 0.172618 ; 0.00299534 ; 0.0151377 ; 103.537;
20 ; 21 ; 6 ; 0.169856 ; 0.0158701 ; 0.0068793 ; 103.307;
21 ; 21 ; 6 ; 0.162763 ; 0.0139304 ; 0.0224475 ; 101.715;
4 ; 4 ; 7 ; 0.0754139 ; 0.0403214 ; 0.00575578 ; 103.115;
5 ; 4 ; 7 ; 0.0848639 ; 0.0123864 ; 0.00467532 ; 102.153;
6 ; 4 ; 7 ; 0.10637 ; 0.0155195 ; 0.013299 ; 101.782;
7 ; 4 ; 7 ; 0.123678 ; 0.0107607 ; 0.042047 ; 101.924;
8 ; 4 ; 7 ; 0.0905247 ; 0.0283756 ; 0.0471834 ; 103.407;
9 ; 4 ; 7 ; 0.0937489 ; 0.0154098 ; 0.00173952 ; 101.788;
10 ; 4 ; 7 ; 0.0941791 ; -0.000389385 ; -0.00962539 ; 101.92;
11 ; 4 ; 7 ; 0.0813947 ; -0.0037183 ; -0.0103383 ; 102.613;
12 ; 4 ; 7 ; 0.0534323 ; 0.0281617 ; -0.0555501 ; 104.032;
13 ; 4 ; 7 ; 0.0434111 ; -0.0212294 ; -0.00939273 ; 101.994;
14 ; 4 ; 7 ; 0.0324579 ; -0.0192924 ; -0.00367469 ; 101.121;
15 ; 4 ; 7 ; 0.0426956 ; -0.0202284 ; -0.014652 ; 101.153;
16 ; 4 ; 7 ; 0.0607425 ; 0.00196896 ; -0.034841 ; 102.832;
17 ; 4 ; 7 ; 0.113698 ; -0.0355936 ; -0.0113698 ; 102.128;
18 ; 4 ; 7 ; 0.089276 ; -0.0073816 ; 0.0157432 ; 102.597;
19 ; 4 ; 7 ; 0.0580362 ; 0.016086 ; 0.00792521 ; 101.937;
20 ; 4 ; 7 ; 0.0632372 ; 0.00220686 ; -0.0488724 ; 101.165;
21 ; 4 ; 7 ; 0.0734144 ; 0.0500238 ; 0.00051196 ; 99.9925;
4 ; 5 ; 7 ; 0.1101 ; 0.00543888 ; -0.0106172 ; 99.84;
5 ; 5 ; 7 ; 0.116833 ; -0.00579019 ; 0.0116746 ; 101.337;
6 ; 5 ; 7 ; 0.117361 ; 0.0168539 ; 0.0212371 ; 101.672;
7 ; 5 ; 7 ; 0.129369 ; 0.00871612 ; 0.0475575 ; 102.257;
8 ; 5 ; 7 ; 0.120143 ; 0.00901769 ; 0.0460475 ; 103.017;
9 ; 5 ; 7 ; 0.0617699 ; 0.00138441 ; -0.0363241 ; 100.922;
10 ; 5 ; 7 ; 0.0757562 ; -0.00649091 ; -0.0115938 ; 101.622;
11 ; 5 ; 7 ; 0.0675875 ; -0.0020784 ; -0.00109545 ; 102.374;
12 ; 5 ; 7 ; 0.0674438 ; 0.0137999 ; -0.00982728 ; 103.151;
13 ; 5 ; 7 ; 0.086113 ; -0.015214 ; -0.00162765 ; 100.979;
14 ; 5 ; 7 ; 0.0508832 ; -0.0250098 ; -0.0144625 ; 101.358;
15 ; 5 ; 7 ; 0.0529427 ; -0.0338879 ; -0.0271965 ; 101.405;
16 ; 5 ; 7 ; 0.0519248 ; -0.0178265 ; -0.0237425 ; 102.089;
17 ; 5 ; 7 ; 0.0876103 ; -0.0154804 ; -0.0152185 ; 102.876;
18 ; 5 ; 7 ; 0.0899761 ; 0.00280087 ; 0.00609485 ; 102.49;
19 ; 5 ; 7 ; 0.0682094 ; 0.0228207 ; -0.00418314 ; 101.966;
20 ; 5 ; 7 ; 0.0529418 ; 0.00887289 ; -0.0298015 ; 101.621;
21 ; 5 ; 7 ; 0.0624992 ; 0.00438596 ; 0.0175562 ; 104.865;
4 ; 6 ; 7 ; 0.00735866 ; 0.0187635 ; 0.0633988 ; 100.567;
5 ; 6 ; 7 ; 0.119535 ; 0.00182595 ; 0.00151909 ; 101.153;
6 ; 6 ; 7 ; 0.132727 ; 0.0114718 ; 0.0365151 ; 101.654;
7 ; 6 ; 7 ; 0.142984 ; 0.00432347 ; 0.0530987 ; 102.531;
8 ; 6 ; 7 ; 0.11642 ; -0.0173547 ; 0.0410026 ; 103.138;
9 ; 6 ; 7 ; 0.0166336 ; -0.022936 ; -0.0419264 ; 99.7525;
10 ; 6 ; 7 ; 0.069525 ; -0.00733692 ; -0.0132497 ; 101.598;
11 ; 6 ; 7 ; 0.0637486 ; -0.00268862 ; 0.0181665 ; 102.047;
12 ; 6 ; 7 ; 0.0747257 ; -0.000663161 ; 0.0300988 ; 101.822;
13 ; 6 ; 7 ; 0.124467 ; -0.0219786 ; -0.00734341 ; 100.885;
14 ; 6 ; 7 ; 0.0608548 ; -0.0302759 ; -0.0177389 ; 101.441;
15 ; 6 ; 7 ; 0.055651 ; -0.0489645 ; -0.0331845 ; 101.528;
16 ; 6 ; 7 ; 0.0615344 ; -0.0320521 ; -0.0170753 ; 101.042;
17 ; 6 ; 7 ; 0.0847548 ; -0.00297481 ; -0.0389194 ; 102.887;
18 ; 6 ; 7 ; 0.0897999 ; 0.00903936 ; -0.000369385 ; 102.281;
19 ; 6 ; 7 ; 0.0775155 ; 0.0262655 ; -0.00972217 ; 101.96;
20 ; 6 ; 7 ; 0.0576485 ; 0.010994 ; -0.0335265 ; 101.603;
21 ; 6 ; 7 ; 0.00547151 ; -0.0156003 ; -0.0112346 ; 103.522;
4 ; 7 ; 7 ; 0.161982 ; 0.0215341 ; 0.0153147 ; 101.545;
5 ; 7 ; 7 ; 0.0854582 ; 0.0554572 ; 0.0122218 ; 101.514;
6 ; 7 ; 7 ; 0.107094 ; 0.019369 ; 0.00846422 ; 101.25;
7 ; 7 ; 7 ; 0.0914477 ; 0.0149923 ; 0.00869112 ; 100.929;
8 ; 7 ; 7 ; 0.031285 ; 0.0298286 ; -0.0315888 ; 103.167;
9 ; 7 ; 7 ; 0.0883371 ; -0.0159188 ; -2.06746e-05 ; 102.823;
10 ; 7 ; 7 ; 0.0892582 ; -0.0152948 ; -0.000275699 ; 102.1;
11 ; 7 ; 7 ; 0.0720481 ; 0.00466967 ; -0.00862999 ; 102.282;
12 ; 7 ; 7 ; 0.0305857 ; 0.0500212 ; 0.0137193 ; 103.6;
13 ; 7 ; 7 ; 0.0809189 ; 0.0283636 ; 0.0384343 ; 101.708;
14 ; 7 ; 7 ; 0.0832014 ; -0.00384963 ; 0.00745205 ; 101.699;
15 ; 7 ; 7 ; 0.0785455 ; -0.014256 ; -0.0155952 ; 102.438;
16 ; 7 ; 7 ; 0.0938575 ; 0.0146272 ; -0.00908092 ; 103.187;
17 ; 7 ; 7 ; 0.103189 ; 1.02061e-05 ; -0.0223916 ; 102.294;
18 ; 7 ; 7 ; 0.0782579 ; -0.00256868 ; -0.0125582 ; 101.195;
19 ; 7 ; 7 ; 0.0740968 ; 0.00137453 ; -0.00332148 ; 100.959;
20 ; 7 ; 7 ; 0.111733 ; -0.00321164 ; 0.0164794 ; 102.682;
21 ; 7 ; 7 ; 0.0972921 ; -0.00649713 ; -0.0650593 ; 98.3275;
4 ; 8 ; 7 ; 0.0805059 ; -0.0379805 ; -0.0215541 ; 100.785;
5 ; 8 ; 7 ; 0.0922957 ; 0.0135689 ; 0.00975815 ; 102.157;
6 ; 8 ; 7 ; 0.0976814 ; 0.0106805 ; 0.0102892 ; 101.457;
7 ; 8 ; 7 ; 0.083276 ; 0.0120036 ; 0.00951695 ; 101.097;
8 ; 8 ; 7 ; 0.0606372 ; 0.0230486 ; 0.00378806 ; 101.519;
9 ; 8 ; 7 ; 0.0879053 ; -0.00956442 ; -0.000445036 ; 102.05;
10 ; 8 ; 7 ; 0.0915309 ; -0.0136781 ; -0.00231404 ; 102.17;
11 ; 8 ; 7 ; 0.079219 ; 0.00513047 ; -0.00695187 ; 102.155;
12 ; 8 ; 7 ; 0.05458 ; 0.0383419 ; -0.01224 ; 102.489;
13 ; 8 ; 7 ; 0.0943151 ; 0.022341 ; -0.0035664 ; 101.477;
14 ; 8 ; 7 ; 0.0840411 ; -0.00856445 ; 0.00485577 ; 101.656;
15 ; 8 ; 7 ; 0.0853451 ; -0.0271987 ; -0.0045557 ; 102.125;
16 ; 8 ; 7 ; 0.0775916 ; -0.0019791 ; -0.00987268 ; 102.646;
17 ; 8 ; 7 ; 0.102251 ; -0.0061599 ; 0.0269943 ; 101.631;
18 ; 8 ; 7 ; 0.0818188 ; -0.00316161 ; 0.00327597 ; 101.132;
19 ; 8 ; 7 ; 0.0715618 ; 0.000259703 ; 0.00561005 ; 100.91;
20 ; 8 ; 7 ; 0.0894389 ; 0.00909485 ; 0.00036987 ; 101.504;
21 ; 8 ; 7 ; 0.024286 ; 0.0633669 ; 0.0172212 ; 99.7275;
4 ; 9 ; 7 ; 0.108303 ; -0.0706775 ; 0.0469786 ; 102;
5 ; 9 ; 7 ; 0.0888553 ; 0.0217437 ; 0.0290556 ; 103.155;
6 ; 9 ; 7 ; 0.082191 ; 0.0146153 ; 0.018837 ; 102.096;
7 ; 9 ; 7 ; 0.0787501 ; 0.0163245 ; 0.0164549 ; 101.367;
8 ; 9 ; 7 ; 0.0791143 ; 0.0137609 ; 0.0235862 ; 100.601;
9 ; 9 ; 7 ; 0.0613493 ; -0.00966495 ; -0.00288068 ; 101.756;
10 ; 9 ; 7 ; 0.0768193 ; -0.00569657 ; 0.000131757 ; 102.104;
11 ; 9 ; 7 ; 0.0822511 ; 0.00904009 ; 0.00548521 ; 101.907;
12 ; 9 ; 7 ; 0.0864243 ; 0.0216963 ; -0.0234202 ; 101.665;
13 ; 9 ; 7 ; 0.0840372 ; 0.0222013 ; -0.0121728 ; 100.84;
14 ; 9 ; 7 ; 0.0881624 ; -0.00222679 ; -0.000844802 ; 101.368;
15 ; 9 ; 7 ; 0.0951948 ; -0.0297778 ; 0.0052304 ; 101.683;
16 ; 9 ; 7 ; 0.0808934 ; -0.0374137 ; 0.00497796 ; 102.031;
17 ; 9 ; 7 ; 0.0902439 ; 0.0249059 ; -0.00204854 ; 100.611;
18 ; 9 ; 7 ; 0.080767 ; 0.0053404 ; 0.0130405 ; 100.895;
19 ; 9 ; 7 ; 0.0671929 ; 0.000848706 ; 0.0106029 ; 100.847;
20 ; 9 ; 7 ; 0.0582979 ; 0.0104231 ; -0.00357881 ; 100.369;
21 ; 9 ; 7 ; 0.123802 ; 0.0265191 ; -0.0505667 ; 102.965;
4 ; 10 ; 7 ; 0.170189 ; -0.00616077 ; 0.0105786 ; 102.347;
5 ; 10 ; 7 ; 0.11712 ; 0.0249347 ; 0.0433731 ; 101.715;
6 ; 10 ; 7 ; 0.0997065 ; 0.0114262 ; 0.0236099 ; 102.133;
7 ; 10 ; 7 ; 0.0940305 ; 0.0101506 ; 0.00344821 ; 101.722;
8 ; 10 ; 7 ; 0.0882994 ; 0.0158218 ; -0.000248745 ; 101.502;
9 ; 10 ; 7 ; 0.0309182 ; -0.0158497 ; 0.0407439 ; 101.437;
10 ; 10 ; 7 ; 0.0526243 ; -0.00964508 ; 0.0234184 ; 101.666;
11 ; 10 ; 7 ; 0.0658187 ; 0.00980442 ; 0.0374215 ; 101.634;
12 ; 10 ; 7 ; 0.0887909 ; 0.0306505 ; 0.0238036 ; 102.201;
13 ; 10 ; 7 ; 0.074064 ; 0.0192303 ; -0.0246529 ; 101.564;
14 ; 10 ; 7 ; 0.0737889 ; 0.00584543 ; -0.0142809 ; 101.366;
15 ; 10 ; 7 ; 0.0843428 ; -0.0140709 ; -0.00595958 ; 101.483;
16 ; 10 ; 7 ; 0.107731 ; -0.0365205 ; 0.00844463 ; 102.171;
17 ; 10 ; 7 ; 0.0640987 ; 0.0133301 ; -0.00206451 ; 100.927;
18 ; 10 ; 7 ; 0.0747249 ; 0.0215451 ; 0.00506438 ; 101.038;
19 ; 10 ; 7 ; 0.0761402 ; 0.012121 ; 0.0100016 ; 101.212;
20 ; 10 ; 7 ; 0.0596982 ; -0.00232032 ; 0.0151505 ; 100.943;
21 ; 10 ; 7 ; 0.0809504 ; 0.0226375 ; 0.0107452 ; 101.44;
4 ; 11 ; 7 ; 0.125215 ; -0.0584346 ; 0.0686058 ; 102.758;
5 ; 11 ; 7 ; 0.0779038 ; -0.0217342 ; 0.0051962 ; 101.357;
6 ; 11 ; 7 ; 0.103162 ; 0.00821652 ; 0.0143166 ; 101.525;
7 ; 11 ; 7 ; 0.117209 ; 0.0141564 ; -0.00232658 ; 101.466;
8 ; 11 ; 7 ; 0.119925 ; -0.000456829 ; -0.0144777 ; 101.458;
9 ; 11 ; 7 ; 0.0582127 ; -0.0102605 ; 0.0700992 ; 100.99;
10 ; 11 ; 7 ; 0.0596656 ; -0.00716204 ; 0.0394786 ; 101.328;
11 ; 11 ; 7 ; 0.0740291 ; 0.00632459 ; 0.0362549 ; 101.234;
12 ; 11 ; 7 ; 0.0675253 ; 0.0339839 ; 0.043393 ; 101.224;
13 ; 11 ; 7 ; 0.0646887 ; -0.0226621 ; -0.0246713 ; 101.74;
14 ; 11 ; 7 ; 0.0696244 ; 0.00159113 ; -0.0219538 ; 101.685;
15 ; 11 ; 7 ; 0.0778908 ; 0.0171871 ; -0.0233334 ; 101.549;
16 ; 11 ; 7 ; 0.0773323 ; -0.010775 ; -0.0144894 ; 101.58;
17 ; 11 ; 7 ; 0.103535 ; -0.0134815 ; 0.0184278 ; 102.348;
18 ; 11 ; 7 ; 0.0915978 ; 0.0105754 ; 0.0088976 ; 101.39;
19 ; 11 ; 7 ; 0.0950835 ; 0.0172206 ; 0.0184337 ; 101.539;
20 ; 11 ; 7 ; 0.0930724 ; 0.0222463 ; 0.00646548 ; 101.769;
21 ; 11 ; 7 ; 0.131342 ; 0.0161399 ; -0.0377851 ; 101.672;
4 ; 12 ; 7 ; 0.0560201 ; -0.047196 ; -0.00759695 ; 103.935;
5 ; 12 ; 7 ; 0.0162032 ; -0.0345516 ; -0.0323969 ; 102.387;
6 ; 12 ; 7 ; 0.104882 ; -0.00523365 ; 0.00445114 ; 100.996;
7 ; 12 ; 7 ; 0.12585 ; 0.0114728 ; -0.0100791 ; 101.342;
8 ; 12 ; 7 ; 0.127622 ; -0.0129506 ; -0.0258812 ; 101.807;
9 ; 12 ; 7 ; 0.0774815 ; 0.00705691 ; 0.0712537 ; 100.892;
10 ; 12 ; 7 ; 0.076535 ; -0.00907535 ; 0.0451163 ; 101.247;
11 ; 12 ; 7 ; 0.0854979 ; 0.00228349 ; 0.0294741 ; 101.042;
12 ; 12 ; 7 ; 0.0595414 ; 0.0253876 ; 0.0285192 ; 101.13;
13 ; 12 ; 7 ; 0.0711023 ; -0.0501723 ; -0.0114434 ; 101.088;
14 ; 12 ; 7 ; 0.0650956 ; -0.0101325 ; -0.025568 ; 102.027;
15 ; 12 ; 7 ; 0.075396 ; 0.0254737 ; -0.0292797 ; 101.581;
16 ; 12 ; 7 ; 0.0701433 ; 0.0160321 ; -0.030679 ; 101.511;
17 ; 12 ; 7 ; 0.144557 ; -0.0188231 ; 0.0129172 ; 102.857;
18 ; 12 ; 7 ; 0.106345 ; -0.00155979 ; 0.0209497 ; 101.692;
19 ; 12 ; 7 ; 0.106456 ; 0.0185824 ; 0.0303446 ; 101.733;
20 ; 12 ; 7 ; 0.10706 ; 0.030452 ; 0.0157024 ; 102.251;
21 ; 12 ; 7 ; 0.0733312 ; -0.0832731 ; -0.0274965 ; 100.315;
4 ; 13 ; 7 ; 0.118481 ; -0.0637116 ; 0.0358983 ; 100.952;
5 ; 13 ; 7 ; 0.0723913 ; -0.00706259 ; -0.00953529 ; 101.466;
6 ; 13 ; 7 ; 0.085374 ; -0.00859813 ; -0.0245744 ; 101.513;
7 ; 13 ; 7 ; 0.108477 ; 0.0166973 ; -0.0338508 ; 102.963;
8 ; 13 ; 7 ; 0.134134 ; 0.0326229 ; -0.0131407 ; 104;
9 ; 13 ; 7 ; 0.0808617 ; 0.0223433 ; 0.000548473 ; 101.992;
10 ; 13 ; 7 ; 0.0771177 ; 0.0315245 ; -0.00902211 ; 102.496;
11 ; 13 ; 7 ; 0.0844081 ; 0.0365124 ; -0.0092698 ; 101.877;
12 ; 13 ; 7 ; 0.0649595 ; 0.0397037 ; 0.042629 ; 100.43;
13 ; 13 ; 7 ; 0.0902833 ; 0.0181729 ; 0.00310921 ; 101.983;
14 ; 13 ; 7 ; 0.0777122 ; 0.0427225 ; 0.0192221 ; 101.724;
15 ; 13 ; 7 ; 0.0630534 ; 0.0234989 ; -0.0108082 ; 100.853;
16 ; 13 ; 7 ; 0.0812055 ; -0.0458152 ; -0.0937296 ; 98.1075;
17 ; 13 ; 7 ; 0.063706 ; -0.023437 ; -0.02211 ; 103.205;
18 ; 13 ; 7 ; 0.108897 ; -0.0303603 ; -0.00761403 ; 102.583;
19 ; 13 ; 7 ; 0.128445 ; -0.0100067 ; -0.0112442 ; 101.596;
20 ; 13 ; 7 ; 0.142674 ; 0.00345182 ; -0.0010855 ; 101.392;
21 ; 13 ; 7 ; 0.126253 ; -0.0730303 ; -0.0363832 ; 100.135;
4 ; 14 ; 7 ; 0.0527626 ; -0.0242293 ; -0.00639676 ; 102.567;
5 ; 14 ; 7 ; 0.103049 ; -0.00752342 ; 0.0104435 ; 101.512;
6 ; 14 ; 7 ; 0.0929335 ; -0.00895088 ; -0.0122059 ; 101.633;
7 ; 14 ; 7 ; 0.109311 ; 0.0138174 ; -0.0267135 ; 102.685;
8 ; 14 ; 7 ; 0.133718 ; 0.0307765 ; -0.0251449 ; 103.459;
9 ; 14 ; 7 ; 0.09171 ; -0.00616351 ; -0.00430811 ; 101.402;
10 ; 14 ; 7 ; 0.0814217 ; 0.0172087 ; -0.00202958 ; 102.17;
11 ; 14 ; 7 ; 0.0820636 ; 0.025144 ; -0.00163134 ; 101.977;
12 ; 14 ; 7 ; 0.0803397 ; 0.0408994 ; 0.0130883 ; 101.281;
13 ; 14 ; 7 ; 0.111894 ; 0.00045014 ; 0.00240509 ; 102.106;
14 ; 14 ; 7 ; 0.0901286 ; 0.0260739 ; 0.00577336 ; 101.827;
15 ; 14 ; 7 ; 0.0743172 ; 0.0149354 ; -0.0173861 ; 101.157;
16 ; 14 ; 7 ; 0.0735987 ; -0.0202654 ; -0.0562164 ; 99.7251;
17 ; 14 ; 7 ; 0.0769304 ; -0.0354033 ; 0.010702 ; 102.089;
18 ; 14 ; 7 ; 0.101749 ; -0.0257715 ; -0.00605213 ; 102.131;
19 ; 14 ; 7 ; 0.114769 ; -0.00884325 ; -0.015495 ; 101.519;
20 ; 14 ; 7 ; 0.127999 ; 0.00578305 ; -0.0120163 ; 101.478;
21 ; 14 ; 7 ; 0.138522 ; 0.00629544 ; -0.0165912 ; 103.677;
4 ; 15 ; 7 ; 0.0824404 ; 0.0234546 ; -0.1169 ; 103.215;
5 ; 15 ; 7 ; 0.108062 ; -0.0373235 ; 0.0281972 ; 101.036;
6 ; 15 ; 7 ; 0.104793 ; -0.0181193 ; 0.00294877 ; 101.648;
7 ; 15 ; 7 ; 0.114882 ; 0.00408488 ; -0.0147931 ; 102.021;
8 ; 15 ; 7 ; 0.126791 ; 0.0180613 ; -0.0302299 ; 102.628;
9 ; 15 ; 7 ; 0.0676442 ; -0.0209401 ; 0.0216564 ; 101.486;
10 ; 15 ; 7 ; 0.0795724 ; 0.00432677 ; 0.00952259 ; 101.554;
11 ; 15 ; 7 ; 0.0800664 ; 0.0200648 ; 0.00573201 ; 101.802;
12 ; 15 ; 7 ; 0.0855279 ; 0.0270656 ; -0.00423733 ; 102.236;
13 ; 15 ; 7 ; 0.120641 ; -0.0192327 ; -0.00674714 ; 102.958;
14 ; 15 ; 7 ; 0.104862 ; -0.000245258 ; 0.00181214 ; 102.277;
15 ; 15 ; 7 ; 0.087816 ; 0.00483018 ; -0.00980244 ; 102.016;
16 ; 15 ; 7 ; 0.0803603 ; 0.00238169 ; -0.0234408 ; 101.701;
17 ; 15 ; 7 ; 0.126228 ; -0.0172996 ; 0.00917246 ; 101.277;
18 ; 15 ; 7 ; 0.0981851 ; -0.0115142 ; -0.00408122 ; 101.718;
19 ; 15 ; 7 ; 0.0905051 ; -0.00224362 ; -0.0146006 ; 101.48;
20 ; 15 ; 7 ; 0.103281 ; 0.00544013 ; -0.0233084 ; 101.447;
21 ; 15 ; 7 ; 0.130257 ; 0.0605483 ; -0.0448336 ; 101.902;
4 ; 16 ; 7 ; 0.0522927 ; -0.0664352 ; -0.0397089 ; 104.212;
5 ; 16 ; 7 ; 0.0927479 ; -0.0336638 ; 0.00484574 ; 101.455;
6 ; 16 ; 7 ; 0.101589 ; -0.0235542 ; 0.0104437 ; 101.378;
7 ; 16 ; 7 ; 0.10685 ; -0.00098934 ; -0.00386747 ; 101.741;
8 ; 16 ; 7 ; 0.130766 ; 0.00929288 ; -0.0195905 ; 102.027;
9 ; 16 ; 7 ; 0.0516376 ; -0.0261972 ; 0.0342592 ; 101.393;
10 ; 16 ; 7 ; 0.0645094 ; -0.0114571 ; 0.0195745 ; 101.291;
11 ; 16 ; 7 ; 0.0687016 ; 0.0131361 ; 0.00962752 ; 101.475;
12 ; 16 ; 7 ; 0.0775325 ; 0.0239683 ; 0.00672204 ; 101.524;
13 ; 16 ; 7 ; 0.106124 ; -0.0141049 ; 0.00133898 ; 102.57;
14 ; 16 ; 7 ; 0.108938 ; -0.00702222 ; -0.000576263 ; 102.648;
15 ; 16 ; 7 ; 0.0971068 ; 0.0141503 ; 0.00395991 ; 102.429;
16 ; 16 ; 7 ; 0.0882848 ; -0.000127511 ; -0.00304406 ; 102.302;
17 ; 16 ; 7 ; 0.115041 ; -0.0294972 ; -0.0373151 ; 102.069;
18 ; 16 ; 7 ; 0.104618 ; -0.00983077 ; -0.0141984 ; 101.485;
19 ; 16 ; 7 ; 0.077427 ; -0.00269422 ; -0.0126707 ; 101.022;
20 ; 16 ; 7 ; 0.0749938 ; 0.0055018 ; -0.00591854 ; 101.342;
21 ; 16 ; 7 ; 0.0107366 ; 0.0321014 ; -0.0741109 ; 103.167;
4 ; 17 ; 7 ; 0.0814011 ; 0.00486483 ; -0.0614116 ; 99.44;
5 ; 17 ; 7 ; 0.10299 ; -0.0344233 ; 0.00464588 ; 102.49;
6 ; 17 ; 7 ; 0.0971274 ; -0.0188708 ; 0.000705101 ; 101.741;
7 ; 17 ; 7 ; 0.0890444 ; 0.00295221 ; -0.0103724 ; 102.032;
8 ; 17 ; 7 ; 0.10918 ; 0.0196053 ; -0.013281 ; 102.185;
9 ; 17 ; 7 ; 0.0855839 ; 0.00987095 ; 0.0455978 ; 101.57;
10 ; 17 ; 7 ; 0.075199 ; 0.00223782 ; 0.0108657 ; 101.525;
11 ; 17 ; 7 ; 0.0780126 ; 0.0118804 ; -0.00934483 ; 101.751;
12 ; 17 ; 7 ; 0.0764511 ; 0.021241 ; -0.00641243 ; 101.594;
13 ; 17 ; 7 ; 0.110934 ; 0.0233794 ; -0.00332099 ; 103.099;
14 ; 17 ; 7 ; 0.111499 ; 0.00597884 ; 0.0061177 ; 102.716;
15 ; 17 ; 7 ; 0.113649 ; 0.0180655 ; 0.0186358 ; 102.301;
16 ; 17 ; 7 ; 0.0831188 ; 0.0369473 ; 0.0290981 ; 102.155;
17 ; 17 ; 7 ; 0.0718435 ; -0.0410541 ; -0.053853 ; 102.52;
18 ; 17 ; 7 ; 0.0881522 ; -0.0222843 ; -0.0277303 ; 101.717;
19 ; 17 ; 7 ; 0.0722812 ; -0.00883148 ; -0.00465864 ; 100.834;
20 ; 17 ; 7 ; 0.0495543 ; 0.00873901 ; -0.00527127 ; 100.318;
21 ; 17 ; 7 ; 0.0909668 ; -0.0135345 ; -0.046742 ; 102.042;
4 ; 18 ; 7 ; 0.103295 ; -0.0614127 ; 0.04081 ; 103.642;
5 ; 18 ; 7 ; 0.115585 ; -0.0495143 ; 0.0112295 ; 102.998;
6 ; 18 ; 7 ; 0.0946911 ; -0.0114023 ; -0.00167453 ; 102.059;
7 ; 18 ; 7 ; 0.0760014 ; 0.00823734 ; -0.0145106 ; 102.331;
8 ; 18 ; 7 ; 0.0777492 ; 0.0154195 ; -0.0177137 ; 102.992;
9 ; 18 ; 7 ; 0.106934 ; 0.0563967 ; 0.0537586 ; 101.795;
10 ; 18 ; 7 ; 0.0874591 ; 0.00475662 ; 0.0055053 ; 101.741;
11 ; 18 ; 7 ; 0.0829652 ; 0.00327151 ; -0.0179646 ; 102.13;
12 ; 18 ; 7 ; 0.0835738 ; -0.00678461 ; -0.00575996 ; 102.691;
13 ; 18 ; 7 ; 0.121463 ; 0.0475849 ; 0.00849456 ; 103.925;
14 ; 18 ; 7 ; 0.116847 ; 0.0136888 ; -0.00131451 ; 102.628;
15 ; 18 ; 7 ; 0.127357 ; 0.0172197 ; 0.016061 ; 102.001;
16 ; 18 ; 7 ; 0.128338 ; 0.018984 ; 0.0127464 ; 101.314;
17 ; 18 ; 7 ; 0.0568347 ; -0.0367258 ; -0.0469011 ; 102.677;
18 ; 18 ; 7 ; 0.0740476 ; -0.0337227 ; -0.0348349 ; 101.65;
19 ; 18 ; 7 ; 0.0713249 ; -0.0154136 ; -0.00340306 ; 100.664;
20 ; 18 ; 7 ; 0.0627002 ; 0.00308813 ; 0.00200997 ; 100.593;
21 ; 18 ; 7 ; 0.11719 ; -0.0283785 ; -0.0034335 ; 99.31;
4 ; 19 ; 7 ; 0.0735544 ; 0.043123 ; 0.0322979 ; 100.377;
5 ; 19 ; 7 ; 0.0734518 ; 0.0198336 ; 0.000874785 ; 101.826;
6 ; 19 ; 7 ; 0.0896565 ; 0.00828164 ; 0.0262272 ; 101.573;
7 ; 19 ; 7 ; 0.125377 ; -0.00342124 ; 0.0261269 ; 101.375;
8 ; 19 ; 7 ; 0.134584 ; -0.00491607 ; -0.0472301 ; 101.38;
9 ; 19 ; 7 ; 0.0693174 ; 0.0236137 ; -0.0134735 ; 101.711;
10 ; 19 ; 7 ; 0.0678783 ; 0.025165 ; 0.0035858 ; 101.544;
11 ; 19 ; 7 ; 0.0675211 ; 0.0083453 ; 0.014411 ; 100.587;
12 ; 19 ; 7 ; 0.0292256 ; -0.00979657 ; -0.0211816 ; 99.7225;
13 ; 19 ; 7 ; 0.0822844 ; 0.023526 ; -0.0130175 ; 101.651;
14 ; 19 ; 7 ; 0.10906 ; 0.00180411 ; -0.0111473 ; 101.646;
15 ; 19 ; 7 ; 0.106419 ; -0.00900975 ; -0.0117214 ; 101.079;
16 ; 19 ; 7 ; 0.0996749 ; 0.00920697 ; -0.028539 ; 100.487;
17 ; 19 ; 7 ; 0.103974 ; 0.025455 ; 0.027635 ; 100.636;
18 ; 19 ; 7 ; 0.0871947 ; 0.0178114 ; 0.0322619 ; 100.641;
19 ; 19 ; 7 ; 0.0954738 ; 0.0243318 ; 0.0287915 ; 101.109;
20 ; 19 ; 7 ; 0.0809595 ; 0.0615379 ; -0.0271458 ; 101.217;
21 ; 19 ; 7 ; 0.0720897 ; -0.0229819 ; -0.0416781 ; 100.567;
4 ; 20 ; 7 ; 0.0076735 ; 0.00671607 ; -0.01021 ; 100.16;
5 ; 20 ; 7 ; 0.0731453 ; -0.029783 ; -0.00838603 ; 101.623;
6 ; 20 ; 7 ; 0.0928453 ; -0.00524622 ; 0.0160143 ; 101.595;
7 ; 20 ; 7 ; 0.121112 ; -0.0108176 ; 0.0255707 ; 101.823;
8 ; 20 ; 7 ; 0.14695 ; -0.0125627 ; 0.00385022 ; 101.478;
9 ; 20 ; 7 ; 0.0689569 ; -0.0147297 ; 0.0217213 ; 101.15;
10 ; 20 ; 7 ; 0.0714313 ; 0.00892983 ; 0.00443112 ; 101.378;
11 ; 20 ; 7 ; 0.0732534 ; 0.0073174 ; 0.0039954 ; 100.975;
12 ; 20 ; 7 ; 0.0643343 ; 0.00401715 ; 0.0054603 ; 100.324;
13 ; 20 ; 7 ; 0.075083 ; 0.0499814 ; -0.0373863 ; 100.867;
14 ; 20 ; 7 ; 0.108462 ; 0.0120117 ; -0.0152346 ; 101.663;
15 ; 20 ; 7 ; 0.113697 ; -0.0111225 ; 0.000991644 ; 101.351;
16 ; 20 ; 7 ; 0.106954 ; 0.00203115 ; -0.0181925 ; 100.788;
17 ; 20 ; 7 ; 0.0576062 ; 0.0289855 ; 0.024086 ; 100.254;
18 ; 20 ; 7 ; 0.0836735 ; 0.0235999 ; 0.0238769 ; 100.682;
19 ; 20 ; 7 ; 0.105901 ; 0.023242 ; 0.0146099 ; 101.261;
20 ; 20 ; 7 ; 0.101321 ; 0.0446855 ; 0.00695592 ; 101.391;
21 ; 20 ; 7 ; 0.0499095 ; -0.00974578 ; 0.0755262 ; 101.872;
4 ; 21 ; 7 ; 0.106876 ; -0.00593673 ; -0.0746603 ; 102.665;
5 ; 21 ; 7 ; 0.0703869 ; -0.0624353 ; -0.00521151 ; 100.847;
6 ; 21 ; 7 ; 0.0965427 ; -0.014685 ; 0.00273415 ; 101.881;
7 ; 21 ; 7 ; 0.122023 ; -0.0134414 ; 0.0328535 ; 102.231;
8 ; 21 ; 7 ; 0.114102 ; -0.0213545 ; 0.0477177 ; 102.465;
9 ; 21 ; 7 ; 0.0835167 ; -0.0286531 ; 0.0403792 ; 100.835;
10 ; 21 ; 7 ; 0.070378 ; -0.00729298 ; 0.0105635 ; 101.269;
11 ; 21 ; 7 ; 0.0811944 ; 0.00946633 ; 0.00450253 ; 101.368;
12 ; 21 ; 7 ; 0.0837976 ; 0.00849921 ; 0.0233969 ; 101.611;
13 ; 21 ; 7 ; 0.0724822 ; 0.0652411 ; -0.0673196 ; 100.305;
14 ; 21 ; 7 ; 0.102254 ; 0.028865 ; -0.0140908 ; 101.551;
15 ; 21 ; 7 ; 0.118956 ; -0.00695462 ; 0.0122652 ; 101.496;
16 ; 21 ; 7 ; 0.106144 ; -0.00231361 ; 0.0188788 ; 101.258;
17 ; 21 ; 7 ; 0.0424678 ; 0.0304505 ; 0.0149542 ; 100.317;
18 ; 21 ; 7 ; 0.0839715 ; 0.0296868 ; 0.0213641 ; 100.54;
19 ; 21 ; 7 ; 0.118688 ; 0.0224696 ; 0.0131653 ; 101.303;
20 ; 21 ; 7 ; 0.133639 ; 0.0160639 ; 0.0299493 ; 101.431;
21 ; 21 ; 7 ; 0.0967315 ; 0.0164608 ; -0.0089257 ; 101.562;
4 ; 4 ; 8 ; 0.0651437 ; -0.0333166 ; 0.11754 ; 102.292;
5 ; 4 ; 8 ; 0.0937172 ; -0.0690736 ; 0.0760685 ; 101.942;
6 ; 4 ; 8 ; 0.0290104 ; 0.0432344 ; -0.0115575 ; 100.62;
7 ; 4 ; 8 ; 0.0125813 ; -0.050098 ; 0.0919925 ; 101.385;
8 ; 4 ; 8 ; 0.0138816 ; 0.0047534 ; 0.0472996 ; 99.8125;
9 ; 4 ; 8 ; 0.113471 ; -0.0116515 ; 0.0307508 ; 103.673;
10 ; 4 ; 8 ; 0.136552 ; -0.00583074 ; -0.0667849 ; 100.895;
11 ; 4 ; 8 ; 0.0780728 ; -0.0247837 ; 0.00445262 ; 104.507;
12 ; 4 ; 8 ; 0.0997761 ; -0.051564 ; -0.0241931 ; 101.457;
13 ; 4 ; 8 ; 0.0915067 ; 0.048006 ; -0.0157039 ; 101.507;
14 ; 4 ; 8 ; 0.0794006 ; -0.00077904 ; -0.035811 ; 103.542;
15 ; 4 ; 8 ; 0.138181 ; 0.0183358 ; -0.0179346 ; 103.662;
16 ; 4 ; 8 ; 0.0741196 ; -0.0582309 ; -0.0276079 ; 100.77;
17 ; 4 ; 8 ; 0.0866174 ; -0.0514065 ; -0.0168518 ; 102.975;
18 ; 4 ; 8 ; 0.0380966 ; -0.112404 ; -0.0768588 ; 98.805;
19 ; 4 ; 8 ; -0.00695161 ; -0.0315745 ; 0.0208312 ; 105.515;
20 ; 4 ; 8 ; 0.0352084 ; 0.0592934 ; -0.0120218 ; 101.213;
21 ; 4 ; 8 ; 0.0292589 ; -0.0174055 ; -0.00755272 ; 99.9975;
4 ; 5 ; 8 ; 0.0625377 ; -0.0223413 ; 0.0611774 ; 105.145;
5 ; 5 ; 8 ; 0.0331843 ; 0.0190715 ; -0.00460233 ; 102.01;
6 ; 5 ; 8 ; 0.0167468 ; 0.0257923 ; -0.0127705 ; 100.476;
7 ; 5 ; 8 ; -0.004151 ; -0.0308713 ; 0.0378963 ; 100.806;
8 ; 5 ; 8 ; 0.0216338 ; 0.00951135 ; 0.0336555 ; 100.769;
9 ; 5 ; 8 ; 0.131841 ; -0.00596414 ; 0.0388838 ; 101.46;
10 ; 5 ; 8 ; 0.129498 ; -0.00547194 ; -0.0397213 ; 101.005;
11 ; 5 ; 8 ; 0.0797575 ; -0.00457884 ; -0.0106495 ; 103.27;
12 ; 5 ; 8 ; 0.0796506 ; -0.00897804 ; -0.0187593 ; 102.413;
13 ; 5 ; 8 ; 0.0820376 ; -0.0160933 ; -0.0303301 ; 102.167;
14 ; 5 ; 8 ; 0.0860852 ; -0.0109409 ; -0.0192539 ; 102.796;
15 ; 5 ; 8 ; 0.122199 ; -0.0164019 ; -0.0115322 ; 102.415;
16 ; 5 ; 8 ; 0.0810553 ; -0.0614372 ; -0.028066 ; 100.633;
17 ; 5 ; 8 ; 0.0580814 ; 0.0135116 ; -0.00866108 ; 102.808;
18 ; 5 ; 8 ; 0.0236293 ; -0.0469749 ; -0.0431753 ; 100.939;
19 ; 5 ; 8 ; -0.0217594 ; -0.010046 ; 0.0232681 ; 104.13;
20 ; 5 ; 8 ; 0.0109879 ; 0.0373479 ; 0.00408415 ; 100.828;
21 ; 5 ; 8 ; 0.0444365 ; 0.0408356 ; 0.013814 ; 103.632;
4 ; 6 ; 8 ; 0.0655242 ; 0.0157835 ; -0.0294211 ; 101.887;
5 ; 6 ; 8 ; 0.0504229 ; 0.0016833 ; 0.0148537 ; 102.402;
6 ; 6 ; 8 ; 0.028946 ; -0.00249688 ; -0.00228564 ; 101.354;
7 ; 6 ; 8 ; -0.00684296 ; -0.00486671 ; -0.0125114 ; 100.782;
8 ; 6 ; 8 ; 0.0146085 ; 0.0105697 ; 0.00791942 ; 100.986;
9 ; 6 ; 8 ; 0.0461355 ; 0.00306685 ; -0.0429111 ; 100.53;
10 ; 6 ; 8 ; 0.0871168 ; -0.00153904 ; -0.017235 ; 100.916;
11 ; 6 ; 8 ; 0.0636385 ; 0.0146008 ; -0.0261984 ; 101.359;
12 ; 6 ; 8 ; 0.0383204 ; 0.0375321 ; -0.0072554 ; 102.261;
13 ; 6 ; 8 ; -0.0493372 ; -0.00987404 ; -0.0429661 ; 103.432;
14 ; 6 ; 8 ; 0.0482044 ; -0.0251055 ; -0.0216053 ; 102.557;
15 ; 6 ; 8 ; 0.0749034 ; -0.0454945 ; -0.00695879 ; 101.733;
16 ; 6 ; 8 ; 0.0637549 ; -0.0534606 ; -0.000451367 ; 101.065;
17 ; 6 ; 8 ; 0.0595335 ; -0.00654181 ; -0.0295833 ; 101.552;
18 ; 6 ; 8 ; 0.0292364 ; 0.0200218 ; -0.0177089 ; 102.726;
19 ; 6 ; 8 ; -0.0186819 ; 0.00345977 ; -0.00495763 ; 102.052;
20 ; 6 ; 8 ; -0.0110651 ; -0.0136775 ; -0.0031084 ; 101.414;
21 ; 6 ; 8 ; -0.0087876 ; -0.0690032 ; 0.00654054 ; 102.675;
4 ; 7 ; 8 ; 0.0949461 ; 0.026514 ; 0.046787 ; 101.373;
5 ; 7 ; 8 ; 0.0136983 ; 0.0875767 ; 0.0929217 ; 99.345;
6 ; 7 ; 8 ; 0.0282455 ; 0.00396695 ; -0.0446743 ; 101.235;
7 ; 7 ; 8 ; 0.0594029 ; -0.016536 ; 0.0171439 ; 105.08;
8 ; 7 ; 8 ; 0.0642747 ; -0.0314638 ; -0.00507273 ; 102.562;
9 ; 7 ; 8 ; 0.00796578 ; 0.00753095 ; 0.0393957 ; 100.323;
10 ; 7 ; 8 ; 0.0149871 ; 0.0445317 ; -0.0392018 ; 99.975;
11 ; 7 ; 8 ; 0.0660252 ; 0.0697655 ; 0.0525136 ; 103.117;
12 ; 7 ; 8 ; 0.101622 ; 0.0342838 ; -0.0248483 ; 101.135;
13 ; 7 ; 8 ; 0.0270096 ; -0.0165405 ; -0.0329228 ; 100.77;
14 ; 7 ; 8 ; 0.0304182 ; 0.0450152 ; 0.0269968 ; 102.075;
15 ; 7 ; 8 ; 0.0691591 ; -0.0429919 ; 0.0509075 ; 101.04;
16 ; 7 ; 8 ; 0.0548009 ; -0.0273333 ; 0.00699782 ; 101.987;
17 ; 7 ; 8 ; 0.0656629 ; -0.039082 ; -0.00962587 ; 100.94;
18 ; 7 ; 8 ; 0.107743 ; 0.0700739 ; 0.064343 ; 102.7;
19 ; 7 ; 8 ; 0.0850728 ; -0.0220143 ; -0.00031285 ; 101.04;
20 ; 7 ; 8 ; 0.0781347 ; -0.0443927 ; 0.00490509 ; 100.885;
21 ; 7 ; 8 ; 0.0612352 ; 0.0276136 ; -0.0539623 ; 101.635;
4 ; 8 ; 8 ; 0.0628594 ; 0.0610299 ; 0.0552889 ; 101.433;
5 ; 8 ; 8 ; 0.0934413 ; 0.024348 ; -0.00139243 ; 99.7525;
6 ; 8 ; 8 ; 0.0562919 ; -0.00671373 ; -0.0197228 ; 100.86;
7 ; 8 ; 8 ; 0.070946 ; -0.0240496 ; 0.0204663 ; 103.491;
8 ; 8 ; 8 ; 0.0579898 ; -0.0104705 ; 0.000277233 ; 102.382;
9 ; 8 ; 8 ; 0.0335224 ; -0.0221547 ; 0.0569086 ; 100.555;
10 ; 8 ; 8 ; 0.0215634 ; 0.0205136 ; 0.00157875 ; 100.509;
11 ; 8 ; 8 ; 0.0475159 ; 0.0432021 ; 0.0317633 ; 102.451;
12 ; 8 ; 8 ; 0.0965266 ; 0.0206682 ; -0.0272623 ; 101.592;
13 ; 8 ; 8 ; 0.0707394 ; 0.0215659 ; -0.0179597 ; 103.157;
14 ; 8 ; 8 ; 0.0374113 ; 0.0348632 ; -0.00365159 ; 102.686;
15 ; 8 ; 8 ; 0.0489857 ; -0.0221625 ; 0.00532583 ; 101.689;
16 ; 8 ; 8 ; 0.0333356 ; -0.0254861 ; -0.00139259 ; 101.608;
17 ; 8 ; 8 ; 0.00786205 ; -0.0297917 ; 0.058067 ; 103.35;
18 ; 8 ; 8 ; 0.0781964 ; 0.0259888 ; 0.0497638 ; 102.502;
19 ; 8 ; 8 ; 0.0675711 ; -0.0320292 ; -0.00868385 ; 101.643;
20 ; 8 ; 8 ; 0.0570564 ; -0.0391817 ; -0.0231408 ; 101.607;
21 ; 8 ; 8 ; 0.035569 ; 0.013989 ; -0.0528775 ; 101.513;
4 ; 9 ; 8 ; 0.122307 ; 0.0368812 ; 0.0432616 ; 99.765;
5 ; 9 ; 8 ; 0.024684 ; 0.00593617 ; 0.0197712 ; 100.875;
6 ; 9 ; 8 ; 0.059026 ; -0.0193309 ; 0.0217066 ; 101.217;
7 ; 9 ; 8 ; 0.0681422 ; -0.0143051 ; 0.0323166 ; 102.162;
8 ; 9 ; 8 ; 0.0693154 ; 0.0390229 ; -0.00275728 ; 102.409;
9 ; 9 ; 8 ; 0.0292126 ; 0.00767648 ; -0.0149212 ; 98.7625;
10 ; 9 ; 8 ; 0.0377757 ; -0.00816627 ; 0.0243906 ; 100.916;
11 ; 9 ; 8 ; 0.0520268 ; -0.00995942 ; 0.0230636 ; 102.109;
12 ; 9 ; 8 ; 0.0897375 ; -0.00409179 ; 0.015993 ; 101.825;
13 ; 9 ; 8 ; 0.0479851 ; 0.0624337 ; -0.0407617 ; 99.885;
14 ; 9 ; 8 ; 0.0459843 ; 0.0263213 ; -0.0368799 ; 102.315;
15 ; 9 ; 8 ; 0.0289246 ; -0.00563948 ; -0.0296405 ; 101.615;
16 ; 9 ; 8 ; 0.0210217 ; 0.000651519 ; -0.00356195 ; 100.414;
17 ; 9 ; 8 ; 0.0774359 ; -0.0148905 ; 0.0080143 ; 102.862;
18 ; 9 ; 8 ; 0.0469894 ; -0.0224889 ; 0.0259177 ; 102.17;
19 ; 9 ; 8 ; 0.0419617 ; -0.0359475 ; -0.00576312 ; 102.578;
20 ; 9 ; 8 ; 0.0445913 ; -0.0367722 ; -0.0459921 ; 103.051;
21 ; 9 ; 8 ; 0.0286152 ; -0.0469774 ; -0.000958869 ; 101.042;
4 ; 10 ; 8 ; 0.0349472 ; 0.0673653 ; 0.0784794 ; 105.647;
5 ; 10 ; 8 ; 0.0374891 ; -0.0142564 ; -0.0282725 ; 101.37;
6 ; 10 ; 8 ; 0.0326126 ; -0.0275451 ; 0.0132778 ; 102.233;
7 ; 10 ; 8 ; 0.0545011 ; -0.0192301 ; 0.0250173 ; 102.885;
8 ; 10 ; 8 ; 0.0758037 ; 0.0276788 ; 0.0054863 ; 102.439;
9 ; 10 ; 8 ; -0.00949251 ; -0.0660926 ; -0.0190031 ; 102.085;
10 ; 10 ; 8 ; 0.0383786 ; -0.0300209 ; -0.00689692 ; 101.751;
11 ; 10 ; 8 ; 0.0757591 ; -0.0433146 ; 0.0257543 ; 102.758;
12 ; 10 ; 8 ; 0.0790341 ; -0.0265132 ; 0.0531251 ; 101.382;
13 ; 10 ; 8 ; 0.0459812 ; 0.00763557 ; -0.028881 ; 100.328;
14 ; 10 ; 8 ; 0.0417261 ; 0.0392779 ; -0.0481526 ; 101.228;
15 ; 10 ; 8 ; 0.0347167 ; 0.0108332 ; -0.0461777 ; 101.552;
16 ; 10 ; 8 ; 0.0487518 ; 0.0239935 ; -0.0172107 ; 100.373;
17 ; 10 ; 8 ; -0.00593902 ; 0.0090955 ; 0.0462367 ; 101.153;
18 ; 10 ; 8 ; 0.0430808 ; -0.0119948 ; 0.0292961 ; 101.508;
19 ; 10 ; 8 ; 0.0554841 ; -0.0365368 ; -0.00612615 ; 101.793;
20 ; 10 ; 8 ; 0.0745699 ; -0.0394206 ; -0.0499939 ; 102.854;
21 ; 10 ; 8 ; 0.0807463 ; -0.0455016 ; 0.0306421 ; 100.325;
4 ; 11 ; 8 ; 0.0510978 ; 0.0187692 ; -0.0471823 ; 102.642;
5 ; 11 ; 8 ; 0.0543908 ; -0.0104038 ; 0.0621052 ; 100.805;
6 ; 11 ; 8 ; 0.0574955 ; -0.0175519 ; 0.00749864 ; 101.827;
7 ; 11 ; 8 ; 0.0673997 ; -0.0320844 ; -0.00151781 ; 102.174;
8 ; 11 ; 8 ; 0.0489262 ; -0.0241022 ; 0.0115965 ; 101.913;
9 ; 11 ; 8 ; 0.0699415 ; -0.0134618 ; -0.0550253 ; 102.497;
10 ; 11 ; 8 ; 0.033758 ; -0.037198 ; -0.0186694 ; 102.642;
11 ; 11 ; 8 ; 0.0357263 ; -0.0223403 ; -0.0024723 ; 102.604;
12 ; 11 ; 8 ; 0.0409874 ; -0.00292265 ; 0.0158793 ; 101.747;
13 ; 11 ; 8 ; 0.0379979 ; -0.0186622 ; -0.0429724 ; 101.02;
14 ; 11 ; 8 ; 0.0395037 ; 0.020734 ; -0.0526516 ; 101.879;
15 ; 11 ; 8 ; 0.048357 ; 0.0269682 ; -0.0632776 ; 102.562;
16 ; 11 ; 8 ; 0.0660561 ; 0.0239978 ; -0.0183716 ; 101.622;
17 ; 11 ; 8 ; 0.0766333 ; -0.0445228 ; -0.0211509 ; 98.975;
18 ; 11 ; 8 ; 0.0558556 ; -0.0197743 ; 0.0266087 ; 100.456;
19 ; 11 ; 8 ; 0.0879283 ; -0.0436991 ; -0.015703 ; 100.999;
20 ; 11 ; 8 ; 0.0941272 ; -0.0236201 ; -0.0478965 ; 102.377;
21 ; 11 ; 8 ; 0.0093328 ; 0.0194849 ; 0.0290996 ; 102.317;
4 ; 12 ; 8 ; 0.0701727 ; 0.0224509 ; 0.0262676 ; 102.398;
5 ; 12 ; 8 ; 0.0719084 ; -0.00521353 ; -0.0121189 ; 104.14;
6 ; 12 ; 8 ; 0.0577491 ; 0.00583968 ; -0.00074166 ; 101.959;
7 ; 12 ; 8 ; 0.0402438 ; -0.0040685 ; -0.0193553 ; 101.201;
8 ; 12 ; 8 ; 0.0212589 ; -0.00821948 ; 0.00396238 ; 101.342;
9 ; 12 ; 8 ; 0.0289588 ; -0.00508666 ; -0.00304788 ; 101.05;
10 ; 12 ; 8 ; 0.0462052 ; -0.0141198 ; -0.0236682 ; 101.793;
11 ; 12 ; 8 ; 0.0204748 ; 0.010096 ; -0.00848765 ; 102.335;
12 ; 12 ; 8 ; 0.0246456 ; 0.0240745 ; -0.00683813 ; 101.834;
13 ; 12 ; 8 ; 0.0735865 ; 0.0246685 ; -0.0147992 ; 100.452;
14 ; 12 ; 8 ; 0.0539961 ; -4.00664e-05 ; -0.04069 ; 101.869;
15 ; 12 ; 8 ; 0.0699618 ; 0.0195554 ; -0.0446822 ; 102.631;
16 ; 12 ; 8 ; 0.0857529 ; 0.0416302 ; -0.0178449 ; 102.072;
17 ; 12 ; 8 ; 0.0562529 ; -0.00612881 ; 0.0399732 ; 105.29;
18 ; 12 ; 8 ; 0.0851401 ; -0.0165389 ; 0.0119437 ; 101.968;
19 ; 12 ; 8 ; 0.106445 ; -0.00465254 ; 0.00805412 ; 101.874;
20 ; 12 ; 8 ; 0.0897401 ; 0.00840621 ; 0.0122532 ; 102.338;
21 ; 12 ; 8 ; 0.0614788 ; 0.0476657 ; 0.00350371 ; 100.18;
4 ; 13 ; 8 ; 0.101986 ; 0.0332522 ; 0.0372501 ; 102.457;
5 ; 13 ; 8 ; 0.0567781 ; 0.0181331 ; -0.121391 ; 100.772;
6 ; 13 ; 8 ; 0.0844001 ; -0.010684 ; -0.0674954 ; 101.495;
7 ; 13 ; 8 ; 0.0683452 ; -0.0382593 ; 0.0144939 ; 102.483;
8 ; 13 ; 8 ; 0.128513 ; -0.0217113 ; 0.0164651 ; 100.757;
9 ; 13 ; 8 ; 0.0307261 ; -0.0488116 ; -0.0100473 ; 100.993;
10 ; 13 ; 8 ; -0.0693567 ; 0.04591 ; 0.0209164 ; 102.965;
11 ; 13 ; 8 ; 0.0136489 ; 0.0512178 ; 0.0753432 ; 101.895;
12 ; 13 ; 8 ; -0.0370763 ; 0.0170083 ; 0.0395142 ; 100.88;
13 ; 13 ; 8 ; 0.0684469 ; 0.111734 ; 0.0624524 ; 101.998;
14 ; 13 ; 8 ; -0.00277421 ; -0.00980781 ; -0.0324019 ; 102.1;
15 ; 13 ; 8 ; 0.106145 ; 0.0521173 ; -0.00440041 ; 100.207;
16 ; 13 ; 8 ; 0.0120932 ; -0.0106422 ; -0.0666132 ; 103.087;
17 ; 13 ; 8 ; 0.1261 ; -0.00887165 ; -0.0612023 ; 102.277;
18 ; 13 ; 8 ; 0.0840319 ; 0.0109417 ; -0.0667227 ; 100.188;
19 ; 13 ; 8 ; 0.0636715 ; 0.0670144 ; 0.026239 ; 101.94;
20 ; 13 ; 8 ; 0.0523437 ; 0.0444289 ; -0.0136032 ; 98;
21 ; 13 ; 8 ; 0.0554354 ; -0.0337758 ; -0.0855934 ; 101.45;
4 ; 14 ; 8 ; 0.0914365 ; 0.00543112 ; -0.0412149 ; 102.567;
5 ; 14 ; 8 ; 0.0220318 ; -0.0469074 ; 0.0529389 ; 102.012;
6 ; 14 ; 8 ; 0.0654991 ; -0.0176221 ; -0.0213464 ; 102.273;
7 ; 14 ; 8 ; 0.0649875 ; -0.0165866 ; 0.00880545 ; 103.027;
8 ; 14 ; 8 ; 0.0882494 ; -0.00705744 ; 0.00967473 ; 101.476;
9 ; 14 ; 8 ; 0.0406269 ; 0.0221176 ; -0.0756101 ; 101.985;
10 ; 14 ; 8 ; -0.0229582 ; 0.0382137 ; -0.0132659 ; 101.918;
11 ; 14 ; 8 ; 0.0266123 ; 0.0422606 ; 0.034148 ; 101.074;
12 ; 14 ; 8 ; 0.0151344 ; 0.00737441 ; 0.0172604 ; 101.304;
13 ; 14 ; 8 ; 0.0519726 ; -0.0378307 ; -0.00767517 ; 102.14;
14 ; 14 ; 8 ; 0.0249523 ; -0.0110379 ; -0.0103039 ; 102.195;
15 ; 14 ; 8 ; 0.0923172 ; 0.0132996 ; -0.00183189 ; 101.398;
16 ; 14 ; 8 ; 0.0257055 ; -0.0358769 ; -0.0474236 ; 102.766;
17 ; 14 ; 8 ; -0.00594817 ; -0.00232987 ; -0.000708825 ; 100.008;
18 ; 14 ; 8 ; 0.0620459 ; -0.000309145 ; -0.0322418 ; 100.315;
19 ; 14 ; 8 ; 0.0656873 ; 0.00703932 ; 0.0157049 ; 101.825;
20 ; 14 ; 8 ; 0.0590136 ; -0.00514452 ; -0.0276599 ; 100.08;
21 ; 14 ; 8 ; 0.0740165 ; -0.0542195 ; -0.0755459 ; 102.118;
4 ; 15 ; 8 ; -0.0497901 ; -0.0246667 ; -0.00754772 ; 101.515;
5 ; 15 ; 8 ; 0.0587475 ; 0.0053259 ; -0.0273041 ; 102.33;
6 ; 15 ; 8 ; 0.0551078 ; -0.0153342 ; 0.0247302 ; 102.415;
7 ; 15 ; 8 ; 0.0668393 ; 0.00358537 ; 0.0253586 ; 102.144;
8 ; 15 ; 8 ; 0.0562881 ; 0.0188724 ; 0.0133099 ; 101.163;
9 ; 15 ; 8 ; 0.0673993 ; 0.078273 ; -0.00352869 ; 101.817;
10 ; 15 ; 8 ; 0.0439647 ; 0.03643 ; -0.0438973 ; 100.968;
11 ; 15 ; 8 ; 0.0392158 ; 0.0294623 ; -0.0175533 ; 101.182;
12 ; 15 ; 8 ; 0.0665059 ; 0.016802 ; 0.0117421 ; 102.262;
13 ; 15 ; 8 ; 0.00777457 ; -0.0243671 ; -0.0448367 ; 102.08;
14 ; 15 ; 8 ; 0.0346356 ; -0.013191 ; -0.000902909 ; 102.01;
15 ; 15 ; 8 ; 0.0387196 ; -0.00159189 ; 0.00320529 ; 101.991;
16 ; 15 ; 8 ; 0.0336256 ; -0.0236776 ; -0.0200338 ; 101.642;
17 ; 15 ; 8 ; 0.0342105 ; 0.0370517 ; -0.0383198 ; 100.357;
18 ; 15 ; 8 ; 0.0502427 ; 0.00408456 ; -0.0212848 ; 100.825;
19 ; 15 ; 8 ; 0.0685619 ; -0.038931 ; -0.0265534 ; 101.865;
20 ; 15 ; 8 ; 0.0662583 ; -0.0478441 ; -0.0388629 ; 101.636;
21 ; 15 ; 8 ; 0.0800355 ; 0.0270406 ; -0.00183571 ; 101.55;
4 ; 16 ; 8 ; 0.067927 ; -0.0111432 ; -0.0149761 ; 102.705;
5 ; 16 ; 8 ; 0.0478349 ; -0.028256 ; 0.0446543 ; 100.717;
6 ; 16 ; 8 ; 0.0543885 ; -0.0134093 ; 0.0219051 ; 101.12;
7 ; 16 ; 8 ; 0.0549193 ; -0.0313057 ; 0.049264 ; 100.681;
8 ; 16 ; 8 ; 0.0708159 ; -0.0078362 ; 0.0331359 ; 100.753;
9 ; 16 ; 8 ; 0.0671822 ; 0.0301876 ; 0.040612 ; 103.515;
10 ; 16 ; 8 ; 0.0723368 ; 0.0356296 ; -0.001785 ; 102.325;
11 ; 16 ; 8 ; 0.0466585 ; 0.0307674 ; -0.0119808 ; 102.623;
12 ; 16 ; 8 ; 0.0466926 ; 0.0381472 ; -0.00241985 ; 102.307;
13 ; 16 ; 8 ; 0.0775325 ; 0.0614636 ; -0.0838412 ; 103.528;
14 ; 16 ; 8 ; 0.025411 ; 0.0203118 ; -0.0431917 ; 102.554;
15 ; 16 ; 8 ; 0.00643149 ; 0.0392645 ; -0.0146076 ; 102.044;
16 ; 16 ; 8 ; 0.0232387 ; 0.0190481 ; -0.0148968 ; 101.385;
17 ; 16 ; 8 ; 0.0609805 ; -0.0779817 ; -0.0297501 ; 101.657;
18 ; 16 ; 8 ; 0.0567328 ; -0.0195578 ; -0.0418708 ; 101.883;
19 ; 16 ; 8 ; 0.0433098 ; -0.0132752 ; -0.0430654 ; 102.2;
20 ; 16 ; 8 ; 0.0511767 ; -0.0226286 ; -0.022165 ; 100.548;
21 ; 16 ; 8 ; 0.0256365 ; -0.0272774 ; -0.0304031 ; 102.58;
4 ; 17 ; 8 ; 0.0256469 ; -0.0325955 ; 0.054698 ; 99.5675;
5 ; 17 ; 8 ; 0.00624212 ; 0.0261971 ; -0.014747 ; 102.367;
6 ; 17 ; 8 ; 0.0284719 ; -0.0237302 ; 0.00796804 ; 101.114;
7 ; 17 ; 8 ; 0.0209344 ; -0.042441 ; 0.0162007 ; 100.835;
8 ; 17 ; 8 ; 0.0437547 ; -0.0234332 ; 0.0163765 ; 101.566;
9 ; 17 ; 8 ; 0.115034 ; -0.00341944 ; 0.0849535 ; 102.21;
10 ; 17 ; 8 ; 0.0868616 ; 0.0112536 ; 0.0380189 ; 103.212;
11 ; 17 ; 8 ; 0.0550294 ; 0.0248395 ; 0.00612206 ; 102.722;
12 ; 17 ; 8 ; 0.0437431 ; 0.00920239 ; -0.00251775 ; 101.857;
13 ; 17 ; 8 ; -0.00682071 ; 0.00630971 ; -0.0250158 ; 99.3;
14 ; 17 ; 8 ; 0.0341866 ; 0.0428333 ; -0.0485371 ; 101.897;
15 ; 17 ; 8 ; 0.0274964 ; 0.0295979 ; -0.0370065 ; 101.878;
16 ; 17 ; 8 ; 0.0261799 ; 0.0141088 ; -0.0228411 ; 101.771;
17 ; 17 ; 8 ; -0.000699325 ; -0.0370072 ; 0.0022538 ; 103.22;
18 ; 17 ; 8 ; 0.0331873 ; -0.05684 ; -0.00778842 ; 101.76;
19 ; 17 ; 8 ; 0.0247285 ; -0.0193539 ; -0.0038587 ; 101.031;
20 ; 17 ; 8 ; 0.025079 ; 0.00825724 ; 0.00124298 ; 101.155;
21 ; 17 ; 8 ; 0.00842762 ; 0.0274787 ; -0.000183096 ; 100.767;
4 ; 18 ; 8 ; 0.0607313 ; 0.0266016 ; 0.012928 ; 101.605;
5 ; 18 ; 8 ; 0.0632667 ; 0.00113303 ; -0.0190248 ; 99.7525;
6 ; 18 ; 8 ; 0.041508 ; -0.0241043 ; -0.0224591 ; 100.791;
7 ; 18 ; 8 ; 0.0176872 ; -0.0224499 ; -0.0173325 ; 100.684;
8 ; 18 ; 8 ; 0.0102703 ; 0.00948979 ; -0.00450875 ; 101.476;
9 ; 18 ; 8 ; 0.0151038 ; 0.0300476 ; -0.00766877 ; 105.582;
10 ; 18 ; 8 ; 0.0496682 ; 0.00314084 ; 0.0184615 ; 103.267;
11 ; 18 ; 8 ; 0.0365135 ; -0.00522153 ; 0.0161281 ; 101.83;
12 ; 18 ; 8 ; 0.0220533 ; -0.0286606 ; 0.0368347 ; 100.872;
13 ; 18 ; 8 ; 0.0196211 ; 0.045522 ; -0.0256524 ; 101.31;
14 ; 18 ; 8 ; 0.0220756 ; 0.0222123 ; -0.0178804 ; 100.991;
15 ; 18 ; 8 ; 0.0460342 ; 0.0129795 ; -0.00444325 ; 100.956;
16 ; 18 ; 8 ; 0.0541511 ; 0.0275303 ; -0.00193224 ; 100.948;
17 ; 18 ; 8 ; 0.0637164 ; -0.0159043 ; -0.017736 ; 101.873;
18 ; 18 ; 8 ; 0.0368297 ; -0.0176735 ; 0.00988019 ; 101.465;
19 ; 18 ; 8 ; 0.0445345 ; -0.0227182 ; 0.0131043 ; 101.123;
20 ; 18 ; 8 ; 0.0281064 ; -0.00182597 ; 0.000169428 ; 102.405;
21 ; 18 ; 8 ; 0.065516 ; 0.0290788 ; 0.0249841 ; 101.427;
4 ; 19 ; 8 ; 0.039405 ; -0.0179224 ; 0.0448106 ; 104.255;
5 ; 19 ; 8 ; 0.063843 ; -0.00539368 ; 0.0236326 ; 101.14;
6 ; 19 ; 8 ; -0.00765457 ; -0.0409215 ; -0.0215186 ; 98.9275;
7 ; 19 ; 8 ; 0.0796506 ; -0.0475533 ; -0.0326331 ; 101.792;
8 ; 19 ; 8 ; 0.0978155 ; -0.00558891 ; 0.0197389 ; 102.115;
9 ; 19 ; 8 ; 0.112581 ; -0.00792262 ; 0.0281137 ; 102.782;
10 ; 19 ; 8 ; 0.0477202 ; 0.0465323 ; 0.0578631 ; 102.12;
11 ; 19 ; 8 ; -0.0787372 ; -0.0708427 ; 0.000920603 ; 101.617;
12 ; 19 ; 8 ; 0.0205513 ; 0.0123398 ; -0.0356243 ; 100.485;
13 ; 19 ; 8 ; 0.0912238 ; -0.062612 ; 0.0491608 ; 100.965;
14 ; 19 ; 8 ; -0.0394611 ; 0.0128566 ; -0.00973292 ; 103.445;
15 ; 19 ; 8 ; 0.0721828 ; -0.0269259 ; 0.0196875 ; 99.6025;
16 ; 19 ; 8 ; 0.121271 ; -0.0344904 ; -0.00887595 ; 102.505;
17 ; 19 ; 8 ; 0.001349 ; -0.0200497 ; -0.00297946 ; 101.482;
18 ; 19 ; 8 ; 0.0161641 ; 0.0120999 ; 0.0540176 ; 102.382;
19 ; 19 ; 8 ; -0.0100865 ; -0.00694385 ; 0.0682415 ; 101.012;
20 ; 19 ; 8 ; 0.0042212 ; -0.0236362 ; -0.0254779 ; 102.33;
21 ; 19 ; 8 ; -0.0256985 ; 0.0126492 ; -0.0281187 ; 102.745;
4 ; 20 ; 8 ; 0.0121602 ; -0.0734165 ; 0.0225533 ; 102.36;
5 ; 20 ; 8 ; 0.0326227 ; -0.0189794 ; 0.038004 ; 101.15;
6 ; 20 ; 8 ; 0.0268916 ; -0.0185136 ; 0.00440798 ; 99.7679;
7 ; 20 ; 8 ; 0.0724234 ; -0.0203922 ; -0.0141002 ; 102.017;
8 ; 20 ; 8 ; 0.0628304 ; -0.00946777 ; 0.0151647 ; 102.849;
9 ; 20 ; 8 ; 0.111007 ; 0.0140948 ; -0.0612862 ; 99.56;
10 ; 20 ; 8 ; 0.0628125 ; 0.0203224 ; 0.018059 ; 101.316;
11 ; 20 ; 8 ; -0.0430638 ; -0.04459 ; 0.00524567 ; 101.979;
12 ; 20 ; 8 ; 0.00455154 ; 0.0212752 ; -0.000237193 ; 101.476;
13 ; 20 ; 8 ; 0.0569676 ; 0.0302282 ; 0.0169498 ; 102.195;
14 ; 20 ; 8 ; 0.0165197 ; 0.0166417 ; 0.0107414 ; 102.785;
15 ; 20 ; 8 ; 0.0674098 ; -0.0239533 ; 0.0422702 ; 101.006;
16 ; 20 ; 8 ; 0.0784927 ; -0.0422632 ; 0.0115014 ; 102.136;
17 ; 20 ; 8 ; 0.0279227 ; -0.0167513 ; 0.0361891 ; 100.285;
18 ; 20 ; 8 ; 0.0203414 ; -0.0045399 ; 0.039848 ; 101.925;
19 ; 20 ; 8 ; -0.00356425 ; -0.0126998 ; 0.0336282 ; 100.84;
20 ; 20 ; 8 ; -0.00822672 ; -0.0174749 ; -0.0301075 ; 101.169;
21 ; 20 ; 8 ; 0.0107324 ; -0.0265838 ; 0.0422982 ; 101.772;
4 ; 21 ; 8 ; 0.0774561 ; 0.00254136 ; -0.0339794 ; 102.225;
5 ; 21 ; 8 ; 0.0302379 ; -0.00107853 ; 0.0500257 ; 100.505;
6 ; 21 ; 8 ; 0.0447353 ; -0.00074777 ; 0.0289508 ; 100.922;
7 ; 21 ; 8 ; 0.0528646 ; 0.00964279 ; 0.00406397 ; 102.528;
8 ; 21 ; 8 ; 0.0329045 ; 0.00509691 ; -0.000928358 ; 103.798;
9 ; 21 ; 8 ; 0.032571 ; -0.070445 ; -0.0680853 ; 102.897;
10 ; 21 ; 8 ; 0.0823606 ; -0.0368022 ; -0.0337461 ; 101.197;
11 ; 21 ; 8 ; 0.0398117 ; -0.0122471 ; 0.0125814 ; 101.6;
12 ; 21 ; 8 ; 0.0123561 ; 0.0315202 ; 0.0309296 ; 101.842;
13 ; 21 ; 8 ; 0.0686961 ; -0.0195251 ; 0.00939864 ; 103.15;
14 ; 21 ; 8 ; 0.0798708 ; 0.0161819 ; 0.0322631 ; 102.329;
15 ; 21 ; 8 ; 0.0572265 ; -0.00215335 ; 0.0461963 ; 102.308;
16 ; 21 ; 8 ; 0.0289146 ; -0.0370691 ; 0.0200643 ; 101.371;
17 ; 21 ; 8 ; 0.00965048 ; -0.0331646 ; -0.0661104 ; 103;
18 ; 21 ; 8 ; 0.0198994 ; -0.0196722 ; -0.000462453 ; 101.863;
19 ; 21 ; 8 ; 0.0130658 ; -0.0106886 ; 0.00574041 ; 101.403;
20 ; 21 ; 8 ; 0.0102235 ; -0.000277398 ; -0.0125315 ; 101.053;
21 ; 21 ; 8 ; 0.0111204 ; -0.00757476 ; 0.0499684 ; 101.797;
4 ; 4 ; 9 ; 0.0522919 ; -0.103944 ; -0.0402303 ; 102.91;
5 ; 4 ; 9 ; 0.017301 ; 0.00248268 ; 0.032406 ; 101.811;
6 ; 4 ; 9 ; 0.00446177 ; 0.0238757 ; -0.000312227 ; 102.504;
7 ; 4 ; 9 ; 0.0270589 ; 0.00100008 ; 0.00639588 ; 102.098;
8 ; 4 ; 9 ; 0.0171489 ; 0.0535664 ; 0.0132384 ; 100.627;
9 ; 4 ; 9 ; 0.0162375 ; -0.0168028 ; 0.00514188 ; 101.588;
10 ; 4 ; 9 ; -0.00364216 ; 0.00271623 ; -0.0187002 ; 101.011;
11 ; 4 ; 9 ; 0.0149806 ; 0.0264058 ; -0.0161017 ; 102.057;
12 ; 4 ; 9 ; -0.0110679 ; 0.0304646 ; 0.0242866 ; 101.942;
13 ; 4 ; 9 ; 0.0536719 ; -0.00619383 ; 0.0169792 ; 101.922;
14 ; 4 ; 9 ; 0.0151769 ; 0.00912781 ; 0.0229085 ; 103.091;
15 ; 4 ; 9 ; -0.0358847 ; 0.00969025 ; 0.0254753 ; 102.449;
16 ; 4 ; 9 ; -0.109764 ; -0.0435385 ; -0.0349708 ; 102.712;
17 ; 4 ; 9 ; 0.0223178 ; -0.0312919 ; -0.0337969 ; 101.289;
18 ; 4 ; 9 ; 0.0162984 ; -0.0110509 ; -0.000902378 ; 101.62;
19 ; 4 ; 9 ; 0.00463981 ; -0.0135709 ; -0.0294862 ; 102.964;
20 ; 4 ; 9 ; 0.0131247 ; 0.0877702 ; -0.0501128 ; 102.802;
21 ; 4 ; 9 ; 0.00494112 ; -0.0407255 ; -0.0309176 ; 103.365;
4 ; 5 ; 9 ; 0.090316 ; 0.0606212 ; 0.0206921 ; 99.6475;
5 ; 5 ; 9 ; 0.0254343 ; -0.0258346 ; 0.010893 ; 101.17;
6 ; 5 ; 9 ; 0.0408431 ; 0.009605 ; 0.0223494 ; 101.191;
7 ; 5 ; 9 ; 0.00184103 ; -0.0212376 ; 0.0122312 ; 102.283;
8 ; 5 ; 9 ; 0.0450697 ; -0.0948363 ; 0.0382218 ; 102.015;
9 ; 5 ; 9 ; 0.0552163 ; 0.00697056 ; 0.0020665 ; 102.198;
10 ; 5 ; 9 ; -0.0265398 ; -0.0325763 ; 0.0185204 ; 101.744;
11 ; 5 ; 9 ; -0.00482101 ; 0.011034 ; -0.0171195 ; 101.222;
12 ; 5 ; 9 ; 0.075431 ; 0.0372108 ; -0.0525404 ; 104.427;
13 ; 5 ; 9 ; 0.0555473 ; 0.0105751 ; 0.00576091 ; 100.634;
14 ; 5 ; 9 ; 0.0527507 ; -0.00476127 ; -0.0408483 ; 101.805;
15 ; 5 ; 9 ; 0.0636006 ; 0.0262457 ; 0.0305706 ; 101.02;
16 ; 5 ; 9 ; -0.00730367 ; 0.0718172 ; 0.085115 ; 100.718;
17 ; 5 ; 9 ; 0.0250808 ; -0.0285924 ; -0.00489425 ; 101.78;
18 ; 5 ; 9 ; 0.0253687 ; -0.0348994 ; 0.0168146 ; 100.143;
19 ; 5 ; 9 ; 0.0200819 ; -0.0601285 ; -0.0500832 ; 102.284;
20 ; 5 ; 9 ; -0.0417094 ; -0.0918818 ; -0.0642524 ; 103.59;
21 ; 5 ; 9 ; 0.0266389 ; 0.0043803 ; 0.00313123 ; 101.463;
4 ; 6 ; 9 ; -0.0554751 ; -0.00118706 ; 0.045519 ; 100.915;
5 ; 6 ; 9 ; 0.0418015 ; -0.0406286 ; -0.0273306 ; 101.102;
6 ; 6 ; 9 ; 0.0647993 ; -0.00473402 ; 0.0205955 ; 100.237;
7 ; 6 ; 9 ; -0.02938 ; -0.00734467 ; 0.00459395 ; 102.025;
8 ; 6 ; 9 ; 0.0313973 ; 0.0336937 ; 0.0260198 ; 101.8;
9 ; 6 ; 9 ; 0.100978 ; 0.0331957 ; -0.000815495 ; 100.995;
10 ; 6 ; 9 ; -0.0313986 ; -0.0461011 ; 0.0440456 ; 101.21;
11 ; 6 ; 9 ; -0.038338 ; -0.00282284 ; -0.00437085 ; 99.9125;
12 ; 6 ; 9 ; 0.128927 ; -0.0138841 ; -0.0405325 ; 102.66;
13 ; 6 ; 9 ; 0.0321562 ; 0.02829 ; -0.0145202 ; 100.555;
14 ; 6 ; 9 ; 0.0459782 ; 0.0209018 ; -0.0998448 ; 101.482;
15 ; 6 ; 9 ; 0.118333 ; 0.0367496 ; 0.00989058 ; 100.52;
16 ; 6 ; 9 ; 0.0330465 ; 0.00690023 ; -0.0241434 ; 100.79;
17 ; 6 ; 9 ; 0.0513911 ; -0.0174741 ; 0.0270868 ; 102.715;
18 ; 6 ; 9 ; 0.0297793 ; -0.0387487 ; 0.0326087 ; 99.0125;
19 ; 6 ; 9 ; 0.0371859 ; -0.0572428 ; -0.0711624 ; 101.362;
20 ; 6 ; 9 ; 0.0154923 ; -0.0303202 ; -0.0271627 ; 101.75;
21 ; 6 ; 9 ; 0.0464189 ; -0.0380367 ; 0.0158491 ; 101.53;
4 ; 7 ; 9 ; -0.0150212 ; -0.0538892 ; -0.0200183 ; 102.632;
5 ; 7 ; 9 ; 0.00589583 ; 0.00797317 ; 0.0317565 ; 102.958;
6 ; 7 ; 9 ; 0.0140377 ; 0.04275 ; 0.0180569 ; 102.31;
7 ; 7 ; 9 ; 0.0271166 ; 0.0339809 ; 0.0003778 ; 101.519;
8 ; 7 ; 9 ; 0.0413538 ; 0.00540703 ; 0.004056 ; 100.76;
9 ; 7 ; 9 ; 0.0283092 ; 0.00213863 ; 0.0333042 ; 102.297;
10 ; 7 ; 9 ; 0.00276268 ; 0.0120094 ; 0.0271116 ; 102.537;
11 ; 7 ; 9 ; 0.0135011 ; 0.0176138 ; -0.0128016 ; 102.26;
12 ; 7 ; 9 ; 0.00939375 ; -0.0709655 ; -0.0353021 ; 101.04;
13 ; 7 ; 9 ; 0.0522647 ; 0.0144173 ; -0.0070532 ; 102.153;
14 ; 7 ; 9 ; 0.0452416 ; 0.0399527 ; 0.0121305 ; 101.707;
15 ; 7 ; 9 ; 0.0461568 ; 0.0349378 ; 0.015613 ; 101.316;
16 ; 7 ; 9 ; 0.113915 ; 0.0522297 ; 0.0667178 ; 103.127;
17 ; 7 ; 9 ; 0.0372608 ; 0.00747334 ; 0.0470102 ; 101.677;
18 ; 7 ; 9 ; 0.0518146 ; -0.0109239 ; -0.0166712 ; 101.691;
19 ; 7 ; 9 ; 0.0520603 ; 0.0342251 ; -0.00493479 ; 102.498;
20 ; 7 ; 9 ; 0.0762698 ; 0.102202 ; 0.0127967 ; 101.19;
21 ; 7 ; 9 ; -0.014779 ; 0.0028186 ; -0.0588021 ; 102.612;
4 ; 8 ; 9 ; 0.0108358 ; 0.0264776 ; -0.0157029 ; 103.548;
5 ; 8 ; 9 ; 0.0388143 ; -0.024054 ; 0.0293509 ; 101.671;
6 ; 8 ; 9 ; 0.0276835 ; -0.00394362 ; 0.0240001 ; 101.415;
7 ; 8 ; 9 ; 0.00434607 ; -0.000531306 ; 0.0185517 ; 101.733;
8 ; 8 ; 9 ; -0.000513583 ; 0.0195394 ; 0.00336708 ; 101.982;
9 ; 8 ; 9 ; -0.0124838 ; 0.0124755 ; 0.00232545 ; 101.401;
10 ; 8 ; 9 ; 0.00610744 ; -0.00065037 ; 0.0261795 ; 101.452;
11 ; 8 ; 9 ; 0.0164801 ; -0.00910268 ; 0.00450196 ; 100.836;
12 ; 8 ; 9 ; 0.0268509 ; 0.0454479 ; -0.0468769 ; 101.792;
13 ; 8 ; 9 ; 0.0477089 ; 0.0230284 ; 0.00400936 ; 102.786;
14 ; 8 ; 9 ; 0.0511092 ; 0.0427568 ; 0.0180785 ; 102.477;
15 ; 8 ; 9 ; 0.0513722 ; 0.0394364 ; -0.00510019 ; 101.299;
16 ; 8 ; 9 ; 0.00411728 ; 0.0122367 ; -0.0354037 ; 101.08;
17 ; 8 ; 9 ; 0.0353609 ; 0.0259497 ; 0.0217809 ; 102.041;
18 ; 8 ; 9 ; 0.0507004 ; 0.0423444 ; -0.00168 ; 101.782;
19 ; 8 ; 9 ; 0.0486732 ; 0.035428 ; -0.0103236 ; 102.119;
20 ; 8 ; 9 ; 0.0212255 ; 0.0500149 ; 0.061356 ; 104.097;
21 ; 8 ; 9 ; -0.0120833 ; 0.0169959 ; -0.0346387 ; 102.778;
4 ; 9 ; 9 ; 0.00749961 ; 0.0446028 ; -0.0439282 ; 103.66;
5 ; 9 ; 9 ; 0.0540258 ; -0.0151932 ; 0.037571 ; 100.742;
6 ; 9 ; 9 ; 0.0458461 ; -0.0216701 ; 0.029874 ; 100.04;
7 ; 9 ; 9 ; 0.02367 ; -0.0258692 ; 0.0406976 ; 101.328;
8 ; 9 ; 9 ; 0.00938372 ; -0.0351114 ; 0.00986339 ; 102.575;
9 ; 9 ; 9 ; -0.00198769 ; 0.00200354 ; -0.00783053 ; 101.455;
10 ; 9 ; 9 ; 0.00164595 ; 0.0156642 ; 0.00248684 ; 101.971;
11 ; 9 ; 9 ; 0.00991879 ; -0.00955245 ; 0.0319869 ; 101.864;
12 ; 9 ; 9 ; 0.00487205 ; -0.074753 ; -0.00347982 ; 98.915;
13 ; 9 ; 9 ; 0.0311257 ; 0.00715705 ; 0.00345167 ; 102.301;
14 ; 9 ; 9 ; 0.0335491 ; -0.000566502 ; 0.0144479 ; 102.028;
15 ; 9 ; 9 ; 0.0595939 ; 0.00834507 ; -0.00878557 ; 101.698;
16 ; 9 ; 9 ; 0.106672 ; 0.0419856 ; -0.0299714 ; 100.96;
17 ; 9 ; 9 ; -0.00680263 ; 0.0255869 ; 0.0128919 ; 101.65;
18 ; 9 ; 9 ; 0.0172562 ; 0.0173741 ; 0.0139976 ; 101.128;
19 ; 9 ; 9 ; 0.0584008 ; 0.0280569 ; -0.0339686 ; 101.556;
20 ; 9 ; 9 ; 0.0533494 ; -0.0165727 ; -0.05567 ; 100.6;
21 ; 9 ; 9 ; 0.0538483 ; -0.0655609 ; -0.058702 ; 102.99;
4 ; 10 ; 9 ; 0.00711262 ; 0.00667979 ; -0.035715 ; 101.73;
5 ; 10 ; 9 ; 0.0457423 ; -0.00243806 ; 0.0139031 ; 100.784;
6 ; 10 ; 9 ; 0.0632539 ; -0.0199293 ; 0.00867292 ; 100.788;
7 ; 10 ; 9 ; 0.0483426 ; 0.0173194 ; 0.0205597 ; 100.801;
8 ; 10 ; 9 ; 0.037466 ; -0.0126439 ; 0.0901981 ; 103.385;
9 ; 10 ; 9 ; 0.0276943 ; -0.0157644 ; -0.01267 ; 101.437;
10 ; 10 ; 9 ; 0.0244739 ; 0.00423065 ; -0.0290816 ; 102.397;
11 ; 10 ; 9 ; 0.0410497 ; 0.015181 ; -0.0114 ; 102.101;
12 ; 10 ; 9 ; 0.0202646 ; 0.00287942 ; 0.0899579 ; 103.665;
13 ; 10 ; 9 ; 0.0182303 ; 0.00247728 ; 0.0115919 ; 100.82;
14 ; 10 ; 9 ; 0.0350573 ; -0.0161038 ; 0.00286659 ; 101.201;
15 ; 10 ; 9 ; 0.0659535 ; -0.00886251 ; -0.024201 ; 100.965;
16 ; 10 ; 9 ; 0.0662491 ; -0.0212488 ; -0.0238443 ; 102.037;
17 ; 10 ; 9 ; 0.00683119 ; 0.0150262 ; 0.0182422 ; 101.712;
18 ; 10 ; 9 ; 0.0211031 ; -0.0207538 ; 0.0219129 ; 101.977;
19 ; 10 ; 9 ; 0.054823 ; 0.000932336 ; -0.0229199 ; 101.958;
20 ; 10 ; 9 ; 0.0693385 ; 0.0880828 ; -0.0920268 ; 103.347;
21 ; 10 ; 9 ; 0.0940842 ; -0.0183569 ; -0.0147889 ; 103.523;
4 ; 11 ; 9 ; 0.0272169 ; -0.0417936 ; 0.0119243 ; 102.303;
5 ; 11 ; 9 ; 0.062553 ; -0.0146267 ; 0.0579565 ; 101.293;
6 ; 11 ; 9 ; 0.0668321 ; -0.0339609 ; -0.0188596 ; 102.354;
7 ; 11 ; 9 ; 0.0446079 ; 0.0144152 ; -0.016955 ; 101.474;
8 ; 11 ; 9 ; 0.0199751 ; 0.0972882 ; -0.0220161 ; 98.6625;
9 ; 11 ; 9 ; 0.0216711 ; -0.0775298 ; 0.024192 ; 101.337;
10 ; 11 ; 9 ; 0.0548839 ; 0.00232808 ; -0.0468316 ; 101.837;
11 ; 11 ; 9 ; 0.0774318 ; 0.00173926 ; -8.24225e-05 ; 100.194;
12 ; 11 ; 9 ; 0.0629494 ; 0.0332943 ; -0.0481568 ; 100.312;
13 ; 11 ; 9 ; 0.0341658 ; 0.0123723 ; 0.0508951 ; 100.552;
14 ; 11 ; 9 ; 0.0770167 ; -0.0386398 ; -0.0131915 ; 100.271;
15 ; 11 ; 9 ; 0.0440504 ; 3.86899e-05 ; -0.0305033 ; 101.136;
16 ; 11 ; 9 ; 0.0789424 ; -0.0116542 ; -0.0539305 ; 99.4275;
17 ; 11 ; 9 ; 0.0486253 ; 0.0104087 ; 0.0116499 ; 102.783;
18 ; 11 ; 9 ; 0.0351576 ; 0.0156849 ; -0.00389358 ; 102.194;
19 ; 11 ; 9 ; -0.0117563 ; 0.0313104 ; -0.039351 ; 101.136;
20 ; 11 ; 9 ; 0.0492361 ; -0.0198102 ; -0.0305189 ; 100.13;
21 ; 11 ; 9 ; -0.0451816 ; 0.0604882 ; -0.0302182 ; 100.765;
4 ; 12 ; 9 ; 0.0128799 ; 0.0457019 ; 0.0628717 ; 103.252;
5 ; 12 ; 9 ; 0.0777448 ; -0.0207434 ; 0.10932 ; 101.5;
6 ; 12 ; 9 ; 0.0700531 ; -0.043758 ; -0.0243501 ; 102.817;
7 ; 12 ; 9 ; 0.0451189 ; -0.0173024 ; -0.0256914 ; 102.392;
8 ; 12 ; 9 ; 0.0714783 ; 0.031554 ; -0.0204055 ; 103.01;
9 ; 12 ; 9 ; 0.00814376 ; -0.126486 ; 0.070754 ; 101.745;
10 ; 12 ; 9 ; 0.0629603 ; 0.0160496 ; -0.0471753 ; 101.715;
11 ; 12 ; 9 ; 0.088937 ; -0.00574972 ; 0.0453607 ; 99.5725;
12 ; 12 ; 9 ; 0.0237243 ; 0.0128915 ; 0.0261451 ; 101.207;
13 ; 12 ; 9 ; 0.0438862 ; 0.00501041 ; 0.0765182 ; 100.295;
14 ; 12 ; 9 ; 0.0990147 ; -0.0742924 ; -0.0201808 ; 99.335;
15 ; 12 ; 9 ; 0.0104041 ; -0.00446571 ; -0.0288991 ; 101.807;
16 ; 12 ; 9 ; 0.0307226 ; 0.114315 ; -0.025857 ; 100.31;
17 ; 12 ; 9 ; 0.0600355 ; 0.00785044 ; 0.012605 ; 103.537;
18 ; 12 ; 9 ; 0.0289141 ; 0.0443879 ; -0.0288175 ; 101.73;
19 ; 12 ; 9 ; -0.0683994 ; 0.0732352 ; -0.0664563 ; 100.547;
20 ; 12 ; 9 ; -0.0491252 ; -0.00439626 ; 0.0385398 ; 103.282;
21 ; 12 ; 9 ; -0.0161474 ; 0.0559654 ; 0.00145822 ; 100.792;
4 ; 13 ; 9 ; 0.0222734 ; 0.0490831 ; -0.0165288 ; 101.028;
5 ; 13 ; 9 ; 0.00530594 ; -0.0284048 ; -0.002319 ; 101.991;
6 ; 13 ; 9 ; 0.0463727 ; 0.00356513 ; 0.0132718 ; 102.561;
7 ; 13 ; 9 ; 0.0714449 ; 0.0292239 ; 0.0359762 ; 102.178;
8 ; 13 ; 9 ; 0.036018 ; -0.0178406 ; 0.083101 ; 103.135;
9 ; 13 ; 9 ; 0.0508651 ; -0.00881249 ; 0.0117533 ; 101.685;
10 ; 13 ; 9 ; 0.0474337 ; -0.021288 ; 0.0192631 ; 101.648;
11 ; 13 ; 9 ; 0.0493085 ; 0.00638196 ; 0.0135646 ; 103.056;
12 ; 13 ; 9 ; 0.0584414 ; 0.0074867 ; -0.0182532 ; 104.295;
13 ; 13 ; 9 ; 0.0389335 ; -0.0198761 ; 0.00577545 ; 101.217;
14 ; 13 ; 9 ; 0.0636747 ; -0.0273578 ; 0.035229 ; 102.108;
15 ; 13 ; 9 ; 0.049635 ; 0.00443685 ; 0.0279643 ; 102.834;
16 ; 13 ; 9 ; 0.0822145 ; 0.00498528 ; -0.0394254 ; 101.707;
17 ; 13 ; 9 ; 0.023928 ; -0.00610432 ; 0.0243262 ; 101.712;
18 ; 13 ; 9 ; 0.00387059 ; -0.00559889 ; -0.00466671 ; 102.082;
19 ; 13 ; 9 ; 0.00289994 ; -0.014555 ; -0.00591697 ; 101.979;
20 ; 13 ; 9 ; 0.00677187 ; 0.0139006 ; 0.0436049 ; 100.952;
21 ; 13 ; 9 ; -0.00443779 ; 0.000414424 ; -0.0232045 ; 100.915;
4 ; 14 ; 9 ; 0.0140211 ; 0.0155377 ; -0.0221274 ; 101.465;
5 ; 14 ; 9 ; 0.0208504 ; -0.00770732 ; 0.0167414 ; 102.868;
6 ; 14 ; 9 ; 0.0265152 ; 0.00693232 ; -0.00852929 ; 103.301;
7 ; 14 ; 9 ; 0.0256419 ; 0.0291556 ; 0.0191901 ; 102.412;
8 ; 14 ; 9 ; 0.0795261 ; 0.0359594 ; 0.00528138 ; 100.418;
9 ; 14 ; 9 ; -0.00297045 ; -0.00194734 ; 0.0158862 ; 102.435;
10 ; 14 ; 9 ; -0.0125839 ; -0.00422748 ; 0.00625099 ; 101.633;
11 ; 14 ; 9 ; -0.0111461 ; 0.013276 ; 0.00439344 ; 102.388;
12 ; 14 ; 9 ; 0.041969 ; 0.0645547 ; 0.042579 ; 103.808;
13 ; 14 ; 9 ; 0.0425782 ; -0.0281227 ; 0.00279057 ; 100.645;
14 ; 14 ; 9 ; 0.0559615 ; -0.039186 ; 0.0160152 ; 102.556;
15 ; 14 ; 9 ; 0.0406797 ; -0.00654778 ; 0.0141963 ; 103.28;
16 ; 14 ; 9 ; 0.00867518 ; 0.0511973 ; 0.0602727 ; 103.762;
17 ; 14 ; 9 ; 0.0250877 ; -0.0141278 ; -0.0274567 ; 101.565;
18 ; 14 ; 9 ; -0.0175255 ; -0.0230963 ; -0.0203096 ; 102.413;
19 ; 14 ; 9 ; 0.0158723 ; -0.0470501 ; -0.0396723 ; 103.338;
20 ; 14 ; 9 ; -0.00905621 ; -0.0879536 ; -0.0198626 ; 103.058;
21 ; 14 ; 9 ; -0.00816175 ; 0.0014765 ; 0.0257801 ; 102.177;
4 ; 15 ; 9 ; 0.0795102 ; -0.0118065 ; 0.0567003 ; 101.212;
5 ; 15 ; 9 ; 0.036818 ; 0.00268668 ; 0.0123729 ; 102.809;
6 ; 15 ; 9 ; 0.0354411 ; -0.0286437 ; 0.0223674 ; 103.577;
7 ; 15 ; 9 ; 0.0258474 ; -0.00397177 ; 0.0304556 ; 102.772;
8 ; 15 ; 9 ; -0.0182518 ; 0.0224165 ; 0.0701029 ; 102.745;
9 ; 15 ; 9 ; -0.0105455 ; 0.00919897 ; 0.0447639 ; 102.315;
10 ; 15 ; 9 ; 0.0144897 ; 0.0143281 ; 0.0221001 ; 101.273;
11 ; 15 ; 9 ; 0.0178502 ; -0.00233293 ; -0.0320383 ; 100.696;
12 ; 15 ; 9 ; -0.0372324 ; -0.0214575 ; 0.000655981 ; 102.155;
13 ; 15 ; 9 ; 0.0427063 ; -0.0280957 ; -0.0293127 ; 101.461;
14 ; 15 ; 9 ; 0.0452727 ; -0.0119666 ; -0.00758315 ; 101.886;
15 ; 15 ; 9 ; 0.0351735 ; 0.0118066 ; -0.0144384 ; 102.402;
16 ; 15 ; 9 ; 0.064339 ; -0.0117737 ; -0.0108297 ; 102.04;
17 ; 15 ; 9 ; 0.0266623 ; -0.00891762 ; -0.0559392 ; 101.412;
18 ; 15 ; 9 ; 0.0279031 ; -0.0039844 ; -0.0196562 ; 101.972;
19 ; 15 ; 9 ; 0.0481176 ; 0.00700939 ; -0.0232892 ; 101.975;
20 ; 15 ; 9 ; 0.0834443 ; -0.0526511 ; -0.124268 ; 103.558;
21 ; 15 ; 9 ; 0.0123486 ; -0.0141294 ; -0.0545907 ; 101.082;
4 ; 16 ; 9 ; 0.0276833 ; -0.0232024 ; 0.0174477 ; 100.36;
5 ; 16 ; 9 ; 0.0208483 ; 0.0325827 ; 0.0140598 ; 102.116;
6 ; 16 ; 9 ; 0.0247387 ; -0.00997705 ; 0.0214378 ; 102.227;
7 ; 16 ; 9 ; 0.0464869 ; -0.0205804 ; 0.0112424 ; 102.359;
8 ; 16 ; 9 ; 0.041957 ; 0.0144328 ; 0.00649223 ; 100.895;
9 ; 16 ; 9 ; 0.0012143 ; 0.00105215 ; 0.0355439 ; 101.87;
10 ; 16 ; 9 ; 0.0457123 ; -0.00898907 ; 0.0121391 ; 102.111;
11 ; 16 ; 9 ; 0.0351861 ; -0.0139525 ; -0.0212333 ; 100.966;
12 ; 16 ; 9 ; 0.0607562 ; -0.0585685 ; -0.0769409 ; 98.7375;
13 ; 16 ; 9 ; 0.086777 ; -0.0140543 ; -0.0358619 ; 101.956;
14 ; 16 ; 9 ; 0.0692239 ; -0.00842713 ; -0.0155499 ; 101.654;
15 ; 16 ; 9 ; 0.0208265 ; -0.00547228 ; -0.0140219 ; 101.714;
16 ; 16 ; 9 ; -0.00539437 ; 0.0209243 ; -0.0370408 ; 102.488;
17 ; 16 ; 9 ; 0.0191696 ; 0.0160653 ; -0.0434016 ; 100.497;
18 ; 16 ; 9 ; 0.0203719 ; 0.0221964 ; -0.0196683 ; 100.475;
19 ; 16 ; 9 ; -0.00311822 ; 0.0372728 ; 0.000994021 ; 101.018;
20 ; 16 ; 9 ; 0.0273019 ; 0.0570853 ; 0.00300862 ; 98.8975;
21 ; 16 ; 9 ; 0.0396537 ; -0.047774 ; 0.00123693 ; 102.145;
4 ; 17 ; 9 ; -0.0527067 ; 0.0515379 ; -0.0760521 ; 97.79;
5 ; 17 ; 9 ; 0.0470448 ; 0.0240204 ; 0.038025 ; 101.384;
6 ; 17 ; 9 ; 0.0515505 ; 0.0219695 ; 0.00747001 ; 102.495;
7 ; 17 ; 9 ; 0.035926 ; -0.0180012 ; -0.00412037 ; 101.721;
8 ; 17 ; 9 ; 0.056209 ; -0.0156741 ; -0.00672009 ; 103.25;
9 ; 17 ; 9 ; -0.0102014 ; 0.024817 ; -0.024528 ; 102.565;
10 ; 17 ; 9 ; 0.0237085 ; 0.000227137 ; -0.0412755 ; 103.933;
11 ; 17 ; 9 ; -0.0422833 ; -0.00532517 ; -0.0142392 ; 101.241;
12 ; 17 ; 9 ; -0.03041 ; -0.0244393 ; 0.0382535 ; 101.032;
13 ; 17 ; 9 ; 0.0537171 ; -0.00986346 ; -0.0350947 ; 101.911;
14 ; 17 ; 9 ; 0.0498732 ; 0.0268186 ; -0.0139435 ; 101.101;
15 ; 17 ; 9 ; 0.0444388 ; -0.0119959 ; -0.00821369 ; 102.44;
16 ; 17 ; 9 ; -0.0050111 ; -0.0390045 ; -0.0391253 ; 101.567;
17 ; 17 ; 9 ; 0.00295904 ; 0.0200942 ; -0.0572897 ; 101.554;
18 ; 17 ; 9 ; -0.0337455 ; 0.0330826 ; -0.00408939 ; 101.295;
19 ; 17 ; 9 ; -0.0211029 ; 0.0260714 ; 0.00519143 ; 102.233;
20 ; 17 ; 9 ; -0.0558705 ; 0.0259895 ; -0.0073602 ; 102.205;
21 ; 17 ; 9 ; 0.0350121 ; 0.0242736 ; -0.0738646 ; 103.14;
4 ; 18 ; 9 ; 0.0275402 ; 0.0105862 ; -0.0429093 ; 102.205;
5 ; 18 ; 9 ; 0.0924745 ; -0.00459993 ; 0.0519278 ; 101.183;
6 ; 18 ; 9 ; 0.08693 ; 0.0274353 ; 0.00223549 ; 103.412;
7 ; 18 ; 9 ; 0.0310163 ; -0.00874608 ; -0.0120863 ; 101.1;
8 ; 18 ; 9 ; 0.0113269 ; 0.00460206 ; -0.039614 ; 102.558;
9 ; 18 ; 9 ; -0.0133881 ; 0.0514407 ; -0.0578609 ; 103.215;
10 ; 18 ; 9 ; 0.0177238 ; 0.0289008 ; -0.0664081 ; 104.997;
11 ; 18 ; 9 ; -0.0789716 ; 0.0066711 ; -0.026713 ; 100.817;
12 ; 18 ; 9 ; 0.0110812 ; 0.0394036 ; -0.026133 ; 103.592;
13 ; 18 ; 9 ; 0.00232805 ; -0.00847527 ; -0.0477455 ; 102.123;
14 ; 18 ; 9 ; 0.0250787 ; 0.0702741 ; -0.000523633 ; 100.967;
15 ; 18 ; 9 ; 0.0648823 ; 0.00998239 ; 0.00253302 ; 103.555;
16 ; 18 ; 9 ; 0.017482 ; 0.0315636 ; -0.122975 ; 103.797;
17 ; 18 ; 9 ; -0.0171766 ; 0.00496633 ; -0.0622023 ; 102.667;
18 ; 18 ; 9 ; -0.0573203 ; 0.0223109 ; 0.0206665 ; 102.65;
19 ; 18 ; 9 ; -0.00188323 ; 0.0155598 ; 0.00773555 ; 103.002;
20 ; 18 ; 9 ; 0.0186971 ; 0.039306 ; -0.0223228 ; 101.278;
21 ; 18 ; 9 ; 0.0503841 ; 0.0307754 ; 0.00799133 ; 101.185;
4 ; 19 ; 9 ; 0.0706183 ; -0.0109831 ; -0.0166727 ; 101.462;
5 ; 19 ; 9 ; 0.0149521 ; 0.0375487 ; -0.00551077 ; 101.494;
6 ; 19 ; 9 ; -0.00424592 ; 0.0398404 ; -0.0106774 ; 101.487;
7 ; 19 ; 9 ; -0.0153901 ; 0.0373105 ; -0.0109474 ; 102.326;
8 ; 19 ; 9 ; 0.0647801 ; 0.0623988 ; 0.023894 ; 104.153;
9 ; 19 ; 9 ; 0.0035656 ; 0.0249037 ; 0.0180613 ; 101.983;
10 ; 19 ; 9 ; -0.0463393 ; -0.00946208 ; 0.0326662 ; 100.716;
11 ; 19 ; 9 ; -0.0586367 ; 0.0128079 ; -0.00174049 ; 100.885;
12 ; 19 ; 9 ; -0.0390305 ; 0.0347228 ; -0.0303756 ; 101.435;
13 ; 19 ; 9 ; -0.0184786 ; -0.0262161 ; 0.0270175 ; 101.786;
14 ; 19 ; 9 ; 0.00925544 ; 0.016259 ; -0.0173375 ; 101.983;
15 ; 19 ; 9 ; 0.0470715 ; 0.0197282 ; -0.0276284 ; 100.766;
16 ; 19 ; 9 ; 0.0880821 ; 0.00936225 ; -0.0567869 ; 98.065;
17 ; 19 ; 9 ; 0.0233005 ; 0.0222608 ; -0.0223964 ; 101.021;
18 ; 19 ; 9 ; 0.0257423 ; 0.0133773 ; -0.00117714 ; 100.857;
19 ; 19 ; 9 ; 0.0123901 ; 0.0091222 ; 0.0182487 ; 101.084;
20 ; 19 ; 9 ; -0.0169094 ; 0.0282175 ; -0.0223744 ; 100.867;
21 ; 19 ; 9 ; 0.0524233 ; -0.0388791 ; 0.055266 ; 100.065;
4 ; 20 ; 9 ; -0.01428 ; -0.0647402 ; 0.0938105 ; 102.82;
5 ; 20 ; 9 ; 0.0386825 ; 0.0224362 ; -0.00966064 ; 101.065;
6 ; 20 ; 9 ; -0.0363785 ; 0.0336308 ; -0.0515273 ; 101.622;
7 ; 20 ; 9 ; 0.000624279 ; 0.0125667 ; -0.022241 ; 103.163;
8 ; 20 ; 9 ; -0.0677802 ; 0.033176 ; -0.0673752 ; 102.327;
9 ; 20 ; 9 ; 0.0438656 ; 0.0685812 ; -0.011797 ; 102.645;
10 ; 20 ; 9 ; -0.0242187 ; 0.0151508 ; 0.0556227 ; 100.18;
11 ; 20 ; 9 ; -0.0122455 ; -0.00978622 ; 0.0162091 ; 101.577;
12 ; 20 ; 9 ; -0.0464171 ; 0.0473513 ; -0.00855189 ; 102.105;
13 ; 20 ; 9 ; -0.0350613 ; 0.0222715 ; 0.0400405 ; 100.965;
14 ; 20 ; 9 ; 0.0306551 ; -0.0153518 ; -0.0401808 ; 102.301;
15 ; 20 ; 9 ; 0.0368975 ; -0.0155352 ; 0.0199656 ; 101.184;
16 ; 20 ; 9 ; 0.0283474 ; -0.0182505 ; 0.0479301 ; 102.575;
17 ; 20 ; 9 ; 0.0183535 ; -0.0237594 ; -0.0689704 ; 101.731;
18 ; 20 ; 9 ; 0.0389351 ; 0.00497877 ; 0.0214499 ; 103.197;
19 ; 20 ; 9 ; 0.0412007 ; 0.0235342 ; 0.00369034 ; 101.886;
20 ; 20 ; 9 ; 0.0214466 ; 0.0210175 ; 0.0433678 ; 102.232;
21 ; 20 ; 9 ; 0.0162027 ; -0.0815151 ; -0.00195 ; 102.52;
4 ; 21 ; 9 ; 0.0139904 ; -0.0834129 ; 0.031309 ; 100.912;
5 ; 21 ; 9 ; 0.0945248 ; 0.0126157 ; 0.00118799 ; 100.648;
6 ; 21 ; 9 ; -0.0376269 ; 0.0173725 ; -0.093037 ; 101.38;
7 ; 21 ; 9 ; 0.0517802 ; -0.0109927 ; -0.0221924 ; 103.89;
8 ; 21 ; 9 ; 0.0448735 ; 0.106968 ; -0.0455024 ; 103.52;
9 ; 21 ; 9 ; 0.0625786 ; 0.0930586 ; -0.0453391 ; 102.905;
10 ; 21 ; 9 ; -0.0138471 ; 0.0229958 ; 0.0610289 ; 100.307;
11 ; 21 ; 9 ; 0.0300431 ; -0.0301854 ; 0.0185265 ; 102.262;
12 ; 21 ; 9 ; 0.0151297 ; -0.0130137 ; -0.0737731 ; 103.827;
13 ; 21 ; 9 ; -0.0213436 ; 0.0376985 ; 0.0303238 ; 101.132;
14 ; 21 ; 9 ; 0.0647831 ; -0.0549865 ; -0.0718919 ; 103.707;
15 ; 21 ; 9 ; 0.0416981 ; -0.0450442 ; 0.0414562 ; 101.265;
16 ; 21 ; 9 ; 0.011602 ; -0.0267434 ; 0.0695718 ; 104.803;
17 ; 21 ; 9 ; 0.02152 ; 0.00142632 ; -0.0950381 ; 102.7;
18 ; 21 ; 9 ; 0.0635493 ; 0.0235505 ; 0.047197 ; 105.155;
19 ; 21 ; 9 ; 0.0620989 ; 0.041472 ; -0.0252588 ; 102.26;
20 ; 21 ; 9 ; 0.057878 ; 0.105838 ; 0.00445511 ; 104.188;
21 ; 21 ; 9 ; 0.00912997 ; -0.0208204 ; 0.0631588 ; 99.8575;
4 ; 4 ; 10 ; -0.032846 ; 0.0367769 ; -0.0729301 ; 102.032;
5 ; 4 ; 10 ; 0.0637043 ; 0.0488728 ; -0.0515025 ; 102.357;
6 ; 4 ; 10 ; 0.0370141 ; 0.0299309 ; -0.051402 ; 102.443;
7 ; 4 ; 10 ; 0.0268499 ; 0.0229403 ; -0.0433808 ; 102.058;
8 ; 4 ; 10 ; 0.0164755 ; -0.00438683 ; -0.040005 ; 99.65;
9 ; 4 ; 10 ; -0.0185156 ; 0.00496781 ; 0.00310854 ; 102.191;
10 ; 4 ; 10 ; 0.00512707 ; -0.00264937 ; -0.010711 ; 101.377;
11 ; 4 ; 10 ; 0.00623435 ; -0.00362578 ; -0.00731314 ; 101.3;
12 ; 4 ; 10 ; -0.0475781 ; 0.00530492 ; -0.0290849 ; 103.73;
13 ; 4 ; 10 ; -0.0142443 ; 0.0196643 ; -0.020482 ; 101.358;
14 ; 4 ; 10 ; -0.0159325 ; -0.00205881 ; -0.00386977 ; 101.726;
15 ; 4 ; 10 ; 0.0085336 ; -0.0138723 ; 0.0333094 ; 102.159;
16 ; 4 ; 10 ; 0.037982 ; 0.0464449 ; 0.00181955 ; 102.537;
17 ; 4 ; 10 ; -0.0240154 ; 0.0136125 ; -0.0440757 ; 101.486;
18 ; 4 ; 10 ; -0.0347572 ; -0.00141529 ; -0.0389555 ; 101.34;
19 ; 4 ; 10 ; -0.0041541 ; 0.022341 ; -0.0412703 ; 101.512;
20 ; 4 ; 10 ; 0.021669 ; 0.0358984 ; -0.00561848 ; 102.1;
21 ; 4 ; 10 ; -0.042086 ; 0.000792783 ; -0.0200308 ; 100.122;
4 ; 5 ; 10 ; -0.00256523 ; 0.0481416 ; 0.0783571 ; 100.68;
5 ; 5 ; 10 ; -0.0018636 ; 0.0265742 ; -0.00705144 ; 102.272;
6 ; 5 ; 10 ; 0.0228356 ; 0.0263368 ; -0.0254387 ; 102.104;
7 ; 5 ; 10 ; 0.019079 ; 0.0167718 ; -0.0234221 ; 101.769;
8 ; 5 ; 10 ; 0.0320519 ; 0.0157717 ; -0.0434306 ; 101.187;
9 ; 5 ; 10 ; -0.0220981 ; 0.0254308 ; 0.0095622 ; 101.571;
10 ; 5 ; 10 ; 0.00395162 ; 0.0187025 ; -0.00521302 ; 101.5;
11 ; 5 ; 10 ; 0.0183824 ; 0.00568479 ; -0.00873215 ; 101.494;
12 ; 5 ; 10 ; -0.00813243 ; 0.00485035 ; -0.0163515 ; 101.972;
13 ; 5 ; 10 ; -0.00102286 ; 0.0294872 ; 0.0042411 ; 100.725;
14 ; 5 ; 10 ; -0.00953666 ; 0.00956621 ; -0.000165017 ; 101.47;
15 ; 5 ; 10 ; 0.0210377 ; -0.0108395 ; 0.0319763 ; 101.987;
16 ; 5 ; 10 ; 0.0301544 ; -0.00247553 ; 0.0507588 ; 102.417;
17 ; 5 ; 10 ; -0.0453586 ; 0.048771 ; -0.0327619 ; 101.776;
18 ; 5 ; 10 ; -0.023798 ; 0.0116962 ; -0.0355127 ; 101.868;
19 ; 5 ; 10 ; 0.0152583 ; 0.0170081 ; -0.0312175 ; 101.797;
20 ; 5 ; 10 ; 0.0230876 ; 0.0440777 ; -0.0331513 ; 101.835;
21 ; 5 ; 10 ; 0.0601711 ; 0.0434541 ; -0.00391192 ; 104.3;
4 ; 6 ; 10 ; -0.115489 ; 0.0174224 ; -0.028903 ; 103.077;
5 ; 6 ; 10 ; -0.0337493 ; 0.0126942 ; 0.0104105 ; 101.7;
6 ; 6 ; 10 ; 0.0134948 ; 0.0277073 ; -0.00514236 ; 102.103;
7 ; 6 ; 10 ; 0.0204362 ; 0.0202523 ; -0.0102352 ; 102.038;
8 ; 6 ; 10 ; 0.0230796 ; 0.0243906 ; -0.040869 ; 102.066;
9 ; 6 ; 10 ; -0.0103368 ; 0.0440182 ; 0.0136445 ; 100.607;
10 ; 6 ; 10 ; -0.00364281 ; 0.0370732 ; 0.00154086 ; 101.82;
11 ; 6 ; 10 ; 0.0273422 ; 0.0173865 ; -0.00551543 ; 101.385;
12 ; 6 ; 10 ; 0.0441684 ; -0.0118097 ; -0.00656866 ; 101.127;
13 ; 6 ; 10 ; -0.00936871 ; 0.0421545 ; 0.0173582 ; 100.357;
14 ; 6 ; 10 ; 0.00305486 ; 0.0111911 ; 0.00752086 ; 101.223;
15 ; 6 ; 10 ; 0.0306576 ; -0.0210954 ; 0.0424884 ; 101.736;
16 ; 6 ; 10 ; 0.039283 ; -0.050362 ; 0.0594243 ; 102.372;
17 ; 6 ; 10 ; -0.0673064 ; 0.0753329 ; -0.0346151 ; 101.215;
18 ; 6 ; 10 ; -0.00761097 ; 0.0299712 ; -0.0322893 ; 102.591;
19 ; 6 ; 10 ; 0.0351631 ; 0.0197338 ; -0.028747 ; 102.05;
20 ; 6 ; 10 ; 0.0254186 ; 0.0207166 ; -0.0242013 ; 101.398;
21 ; 6 ; 10 ; -0.055338 ; -0.0342031 ; 0.0745465 ; 102.278;
4 ; 7 ; 10 ; 0.0387062 ; 0.0820459 ; 0.0259207 ; 101.225;
5 ; 7 ; 10 ; 0.0525854 ; 0.0225784 ; 0.0088189 ; 102.633;
6 ; 7 ; 10 ; 0.0276955 ; 0.00058364 ; 0.0012068 ; 102.339;
7 ; 7 ; 10 ; 0.0178779 ; -0.0273073 ; -0.00518157 ; 102.655;
8 ; 7 ; 10 ; 0.10599 ; 0.0353282 ; 0.00905754 ; 101.545;
9 ; 7 ; 10 ; 0.0123585 ; -0.00448915 ; 0.0254922 ; 101.789;
10 ; 7 ; 10 ; 0.000922246 ; -0.00428982 ; 0.0269003 ; 102.592;
11 ; 7 ; 10 ; 0.00755384 ; -0.00824753 ; 0.00872576 ; 102.654;
12 ; 7 ; 10 ; 0.0673356 ; -0.0211921 ; 0.00180434 ; 101.525;
13 ; 7 ; 10 ; 0.0414699 ; -0.0391832 ; -0.028532 ; 102.07;
14 ; 7 ; 10 ; 0.0318953 ; -0.0569813 ; -0.021244 ; 101.562;
15 ; 7 ; 10 ; 0.00784375 ; -0.0146519 ; -0.0398192 ; 101.922;
16 ; 7 ; 10 ; -0.00922202 ; 0.0411936 ; -0.0423993 ; 101.463;
17 ; 7 ; 10 ; -0.0167935 ; -0.00782061 ; 0.0113372 ; 101.911;
18 ; 7 ; 10 ; 0.0109609 ; -0.025958 ; 0.0361003 ; 101.445;
19 ; 7 ; 10 ; 0.0302263 ; -0.031399 ; 0.055613 ; 100.703;
20 ; 7 ; 10 ; 0.0159366 ; -0.00435015 ; 0.0203987 ; 99.98;
21 ; 7 ; 10 ; 0.0632494 ; 0.0470884 ; -0.0126977 ; 100.433;
4 ; 8 ; 10 ; 0.01826 ; 0.00659334 ; -0.00227853 ; 102.415;
5 ; 8 ; 10 ; 0.0406176 ; 0.00659993 ; 0.00306436 ; 102.768;
6 ; 8 ; 10 ; 0.0195762 ; -0.00998846 ; 0.000196366 ; 102.26;
7 ; 8 ; 10 ; 0.00556722 ; -0.0407953 ; -0.00398958 ; 102.329;
8 ; 8 ; 10 ; 0.0219499 ; -0.0121032 ; 0.00552136 ; 102.316;
9 ; 8 ; 10 ; 0.0351764 ; -0.0171352 ; 0.0292242 ; 100.796;
10 ; 8 ; 10 ; 0.0148656 ; -0.0055367 ; 0.0216926 ; 102.036;
11 ; 8 ; 10 ; 0.0159774 ; -0.00203139 ; 0.00919386 ; 102.444;
12 ; 8 ; 10 ; 0.0304227 ; -0.0214916 ; -0.0194034 ; 102.394;
13 ; 8 ; 10 ; 0.0240882 ; -0.0232887 ; 0.011596 ; 101.256;
14 ; 8 ; 10 ; 0.0342292 ; -0.0373496 ; -0.00844975 ; 101.322;
15 ; 8 ; 10 ; 0.0193964 ; -0.00659455 ; -0.0321967 ; 101.646;
16 ; 8 ; 10 ; -0.00199766 ; 0.0236173 ; -0.0425702 ; 101.481;
17 ; 8 ; 10 ; -0.0214245 ; 0.00773758 ; -0.0399675 ; 101.778;
18 ; 8 ; 10 ; 0.00312317 ; -0.0187548 ; 0.0101628 ; 101.394;
19 ; 8 ; 10 ; 0.0207797 ; -0.0320119 ; 0.0293763 ; 101.039;
20 ; 8 ; 10 ; 0.0365842 ; -0.0297717 ; 0.0521794 ; 100.199;
21 ; 8 ; 10 ; -0.0732635 ; 0.0508758 ; -0.0280975 ; 101.94;
4 ; 9 ; 10 ; -0.0275758 ; 0.0236883 ; -0.00285393 ; 100.535;
5 ; 9 ; 10 ; -0.017802 ; -0.0172879 ; -0.0148924 ; 102.394;
6 ; 9 ; 10 ; 0.00393164 ; -0.0246129 ; -0.00264518 ; 102.221;
7 ; 9 ; 10 ; -0.0102228 ; -0.0449023 ; -0.000543039 ; 101.82;
8 ; 9 ; 10 ; -0.0485772 ; -0.0657241 ; -0.0024945 ; 102.195;
9 ; 9 ; 10 ; 0.0509241 ; 0.0100323 ; 0.0239194 ; 101.277;
10 ; 9 ; 10 ; 0.0254786 ; 0.0038421 ; 0.012088 ; 101.648;
11 ; 9 ; 10 ; 0.0143552 ; 0.0151826 ; 0.000479286 ; 102.562;
12 ; 9 ; 10 ; 0.0122016 ; -0.00114371 ; -0.015151 ; 102.844;
13 ; 9 ; 10 ; -0.0115943 ; 0.00177208 ; 0.0164977 ; 101.198;
14 ; 9 ; 10 ; 0.0192561 ; -0.0079656 ; 0.0089384 ; 101.399;
15 ; 9 ; 10 ; 0.028649 ; -0.00547994 ; -0.0128578 ; 101.663;
16 ; 9 ; 10 ; 0.0343683 ; 0.0128945 ; -0.0375536 ; 101.662;
17 ; 9 ; 10 ; -0.00778671 ; -0.0132427 ; -0.0463104 ; 101.174;
18 ; 9 ; 10 ; -0.00574321 ; -0.0200964 ; -0.0235306 ; 101.32;
19 ; 9 ; 10 ; 0.00844353 ; -0.036607 ; -0.00637658 ; 101.388;
20 ; 9 ; 10 ; 0.0388934 ; -0.0518432 ; 0.0329567 ; 101.154;
21 ; 9 ; 10 ; -0.0215662 ; 0.0925251 ; -0.00774819 ; 103.737;
4 ; 10 ; 10 ; 0.052112 ; 0.0288391 ; 0.0218463 ; 103.817;
5 ; 10 ; 10 ; 0.0273916 ; -0.01433 ; -0.0169521 ; 102.067;
6 ; 10 ; 10 ; 0.00744536 ; -0.0221512 ; -0.0101842 ; 101.968;
7 ; 10 ; 10 ; 0.0162046 ; -0.0152239 ; -0.00697575 ; 101.775;
8 ; 10 ; 10 ; -0.00140037 ; -0.0274109 ; 2.67828e-05 ; 100.73;
9 ; 10 ; 10 ; 0.00930364 ; 0.0320088 ; 0.0075322 ; 102.705;
10 ; 10 ; 10 ; 0.0183719 ; 0.0144736 ; 0.0028237 ; 102.329;
11 ; 10 ; 10 ; 0.0139598 ; 0.0207572 ; -0.00664236 ; 103.048;
12 ; 10 ; 10 ; 0.0212516 ; 0.0290257 ; -0.00113643 ; 102.784;
13 ; 10 ; 10 ; -0.0188172 ; -0.00384445 ; -0.00409121 ; 101.485;
14 ; 10 ; 10 ; -0.00444301 ; -0.00356161 ; 0.0105759 ; 101.684;
15 ; 10 ; 10 ; 0.00716284 ; -0.0135815 ; 0.00206893 ; 102.068;
16 ; 10 ; 10 ; 0.0520519 ; -0.00370397 ; -0.00984898 ; 102.247;
17 ; 10 ; 10 ; -0.0198685 ; -0.00711602 ; -0.0176902 ; 102.08;
18 ; 10 ; 10 ; -0.00601061 ; -0.0178997 ; -0.0204366 ; 101.62;
19 ; 10 ; 10 ; 0.00879368 ; -0.0296866 ; -0.0125622 ; 101.341;
20 ; 10 ; 10 ; 0.0130587 ; -0.0334716 ; -0.0213448 ; 101.595;
21 ; 10 ; 10 ; -0.0693362 ; 0.0652846 ; 0.00975594 ; 98.4775;
4 ; 11 ; 10 ; 0.00386739 ; 0.0147409 ; 0.00387464 ; 99.915;
5 ; 11 ; 10 ; 0.0241764 ; -0.00549686 ; -0.000745773 ; 101.863;
6 ; 11 ; 10 ; 0.0252258 ; -0.0145022 ; -0.00649024 ; 102.342;
7 ; 11 ; 10 ; 0.0367423 ; -0.00604765 ; -0.00541904 ; 102.561;
8 ; 11 ; 10 ; 0.033624 ; 0.0103011 ; -0.00926656 ; 101.82;
9 ; 11 ; 10 ; 0.0260064 ; 0.00999868 ; 0.00276766 ; 101.943;
10 ; 11 ; 10 ; 0.0157872 ; 0.017832 ; -0.00155031 ; 102.775;
11 ; 11 ; 10 ; 0.013191 ; 0.00879405 ; -0.00897141 ; 103.345;
12 ; 11 ; 10 ; 0.0142176 ; 0.0143332 ; -0.0197921 ; 103.538;
13 ; 11 ; 10 ; 0.0104651 ; -0.0318288 ; 0.0104557 ; 101.806;
14 ; 11 ; 10 ; -0.0038754 ; -0.0080707 ; 0.00376931 ; 101.864;
15 ; 11 ; 10 ; -0.00789663 ; -0.0088741 ; 0.00814922 ; 102.019;
16 ; 11 ; 10 ; -0.0100374 ; -0.0311582 ; 0.0155146 ; 102.462;
17 ; 11 ; 10 ; -0.00326754 ; 0.020193 ; 0.0393062 ; 102.69;
18 ; 11 ; 10 ; 0.0045964 ; -0.00102383 ; 0.000725334 ; 102.232;
19 ; 11 ; 10 ; 0.0208294 ; -0.0157557 ; -0.00359777 ; 100.849;
20 ; 11 ; 10 ; 0.0260723 ; -0.0206155 ; 0.0148995 ; 100.577;
21 ; 11 ; 10 ; 0.00317451 ; -0.0472389 ; 0.048222 ; 102.942;
4 ; 12 ; 10 ; 0.0302543 ; -0.0676083 ; -0.0170291 ; 102.965;
5 ; 12 ; 10 ; -0.0110858 ; -0.00909704 ; 0.0103135 ; 102.055;
6 ; 12 ; 10 ; 0.0359646 ; -0.0112943 ; -0.00323784 ; 102.493;
7 ; 12 ; 10 ; 0.0469251 ; -0.011053 ; -0.00486157 ; 102.994;
8 ; 12 ; 10 ; 0.0526661 ; 0.0141953 ; -0.0057268 ; 102.256;
9 ; 12 ; 10 ; 0.0636238 ; -0.00741192 ; 0.0132311 ; 100.767;
10 ; 12 ; 10 ; 0.0227526 ; 0.0129194 ; -0.00339572 ; 102.728;
11 ; 12 ; 10 ; 0.0224863 ; -0.00288361 ; -0.0040969 ; 103.215;
12 ; 12 ; 10 ; 0.0169838 ; -0.0220403 ; 0.00443337 ; 102.617;
13 ; 12 ; 10 ; 0.0219843 ; -0.0470097 ; 0.0241686 ; 102.377;
14 ; 12 ; 10 ; 0.00856964 ; -0.00949539 ; 0.00187112 ; 101.658;
15 ; 12 ; 10 ; -0.0104119 ; 0.00161965 ; 0.00779658 ; 101.692;
16 ; 12 ; 10 ; -0.0313535 ; -0.00292194 ; 0.0193063 ; 101.942;
17 ; 12 ; 10 ; 0.0180533 ; 0.0195906 ; 0.0785462 ; 102.55;
18 ; 12 ; 10 ; 0.00930639 ; 0.0171665 ; 0.00849848 ; 102.586;
19 ; 12 ; 10 ; 0.02615 ; -0.0044862 ; -0.00354224 ; 100.654;
20 ; 12 ; 10 ; 0.0285779 ; -0.0256934 ; 0.0213406 ; 99.7555;
21 ; 12 ; 10 ; 0.0142191 ; -0.0187829 ; -0.0131518 ; 102.38;
4 ; 13 ; 10 ; 0.0272422 ; -0.0607411 ; 0.0669084 ; 102.087;
5 ; 13 ; 10 ; -0.00600726 ; -0.0170876 ; -0.000109625 ; 100.83;
6 ; 13 ; 10 ; -0.00102514 ; -0.0179988 ; 0.014313 ; 100.725;
7 ; 13 ; 10 ; 0.00628485 ; 0.00171931 ; 0.0296445 ; 101.442;
8 ; 13 ; 10 ; 0.0330436 ; -0.0124136 ; 0.0346201 ; 103.082;
9 ; 13 ; 10 ; 0.000163094 ; -0.0139057 ; -0.00167542 ; 102.554;
10 ; 13 ; 10 ; 4.56484e-05 ; -0.0252652 ; -0.0110341 ; 101.987;
11 ; 13 ; 10 ; -0.0156411 ; -0.0039044 ; -0.00794542 ; 102.738;
12 ; 13 ; 10 ; -0.0332661 ; 0.0300024 ; -0.0238041 ; 103.3;
13 ; 13 ; 10 ; -0.0181812 ; -0.0515397 ; 0.0105337 ; 101.056;
14 ; 13 ; 10 ; 0.00984291 ; -0.0329156 ; 0.0162467 ; 100.828;
15 ; 13 ; 10 ; 0.0234485 ; 0.00715675 ; 0.01259 ; 101.308;
16 ; 13 ; 10 ; -0.00570861 ; 0.0482585 ; 0.0209859 ; 100.867;
17 ; 13 ; 10 ; -0.0281801 ; -0.0250709 ; -0.000510188 ; 102.093;
18 ; 13 ; 10 ; -0.0041209 ; -0.0159583 ; -0.0063532 ; 101.565;
19 ; 13 ; 10 ; 0.0121756 ; -0.00620445 ; 0.00781911 ; 101.627;
20 ; 13 ; 10 ; -0.0249509 ; -0.00599516 ; -0.00533791 ; 101.845;
21 ; 13 ; 10 ; 0.0946817 ; 0.00451311 ; 0.036067 ; 102.855;
4 ; 14 ; 10 ; 0.0258516 ; 0.00154232 ; -0.0425331 ; 101.175;
5 ; 14 ; 10 ; 0.00735452 ; 0.00516778 ; 0.0106112 ; 101.496;
6 ; 14 ; 10 ; 0.00743252 ; -0.00396417 ; 0.00691358 ; 101.111;
7 ; 14 ; 10 ; 0.00548042 ; 0.0134153 ; 0.0072337 ; 101.33;
8 ; 14 ; 10 ; 0.0240228 ; 0.00383438 ; 0.0322477 ; 102.305;
9 ; 14 ; 10 ; -0.0012056 ; -0.0367387 ; -0.00322105 ; 101.453;
10 ; 14 ; 10 ; -0.00140332 ; -0.0246316 ; -0.013178 ; 101.81;
11 ; 14 ; 10 ; -0.0097629 ; 0.000308825 ; -0.00890445 ; 102.185;
12 ; 14 ; 10 ; -0.0281965 ; 0.0192255 ; -0.00889263 ; 103.246;
13 ; 14 ; 10 ; 0.0326446 ; -0.0180583 ; -0.0052746 ; 101.841;
14 ; 14 ; 10 ; 0.0198061 ; -0.0262237 ; 0.00466412 ; 101.526;
15 ; 14 ; 10 ; 0.0282009 ; 0.00305383 ; 0.001846 ; 102.027;
16 ; 14 ; 10 ; 0.00600271 ; 0.0428947 ; 0.00473576 ; 101.263;
17 ; 14 ; 10 ; 0.00633549 ; -0.0106242 ; -0.000118403 ; 102.582;
18 ; 14 ; 10 ; 0.00111042 ; -0.0163975 ; -0.00912556 ; 102.058;
19 ; 14 ; 10 ; 0.0187578 ; -0.0131233 ; -0.010507 ; 101.968;
20 ; 14 ; 10 ; -0.000948189 ; 0.00172373 ; -0.00455321 ; 101.665;
21 ; 14 ; 10 ; 0.0539819 ; -0.0106847 ; -0.0238663 ; 101.135;
4 ; 15 ; 10 ; 0.020389 ; 0.0648073 ; -0.0433505 ; 101.715;
5 ; 15 ; 10 ; 0.0220839 ; 0.0282743 ; -0.00482848 ; 101.327;
6 ; 15 ; 10 ; 0.0247619 ; 0.0236764 ; -0.0206928 ; 101.375;
7 ; 15 ; 10 ; 0.013631 ; 0.027927 ; -0.0294789 ; 101.339;
8 ; 15 ; 10 ; 0.009933 ; 0.0355319 ; -0.0113653 ; 101.032;
9 ; 15 ; 10 ; -0.0249133 ; -0.0368656 ; -0.00986607 ; 101.512;
10 ; 15 ; 10 ; -0.00531451 ; -0.0231824 ; -0.0177479 ; 101.722;
11 ; 15 ; 10 ; 0.00308906 ; -0.00364679 ; -0.0198275 ; 101.614;
12 ; 15 ; 10 ; -0.00503228 ; 0.0171462 ; 0.00524089 ; 102.035;
13 ; 15 ; 10 ; 0.0502555 ; 0.00983451 ; -0.0109747 ; 102.491;
14 ; 15 ; 10 ; 0.0382334 ; -0.00977496 ; -0.0108955 ; 102.31;
15 ; 15 ; 10 ; 0.0323687 ; 0.00421622 ; -0.00713929 ; 102.493;
16 ; 15 ; 10 ; 0.0307057 ; 0.0165088 ; -0.0147919 ; 102.655;
17 ; 15 ; 10 ; -0.00522485 ; 0.00934741 ; -0.0220654 ; 103.037;
18 ; 15 ; 10 ; 0.00779397 ; -0.0136718 ; -0.0177227 ; 102.647;
19 ; 15 ; 10 ; 0.0319041 ; -0.0232177 ; -0.0364363 ; 102.455;
20 ; 15 ; 10 ; 0.038462 ; -0.00738264 ; -0.032535 ; 101.865;
21 ; 15 ; 10 ; 0.0206857 ; -0.034606 ; 0.0131002 ; 100.57;
4 ; 16 ; 10 ; -0.0228003 ; 0.0477407 ; 0.00587774 ; 103.025;
5 ; 16 ; 10 ; 0.0253877 ; 0.00694484 ; -0.00538383 ; 101.244;
6 ; 16 ; 10 ; 0.0285856 ; 0.0137243 ; -0.023845 ; 101.256;
7 ; 16 ; 10 ; 0.0238964 ; 0.0111027 ; -0.0349758 ; 101.475;
8 ; 16 ; 10 ; 0.0216138 ; 0.0242823 ; -0.0494127 ; 101.38;
9 ; 16 ; 10 ; 0.00988343 ; -0.0359198 ; 0.0128236 ; 101.617;
10 ; 16 ; 10 ; 0.00489351 ; -0.0244341 ; -0.0156843 ; 101.763;
11 ; 16 ; 10 ; 0.0168486 ; -0.0174974 ; -0.027975 ; 101.624;
12 ; 16 ; 10 ; 0.0254393 ; 0.0066032 ; -0.0347256 ; 101.087;
13 ; 16 ; 10 ; 0.0568397 ; 0.007207 ; 0.00361036 ; 102.805;
14 ; 16 ; 10 ; 0.0542935 ; 0.00859201 ; -0.00604435 ; 102.521;
15 ; 16 ; 10 ; 0.0353773 ; 0.0176894 ; -0.0027931 ; 102.182;
16 ; 16 ; 10 ; 0.0375839 ; 0.00324247 ; -0.00419799 ; 102.472;
17 ; 16 ; 10 ; 0.00043054 ; 0.0203535 ; -0.0295048 ; 102.714;
18 ; 16 ; 10 ; 0.0127272 ; -0.00351508 ; -0.0280869 ; 103.015;
19 ; 16 ; 10 ; 0.026155 ; -0.0205037 ; -0.0377089 ; 102.719;
20 ; 16 ; 10 ; 0.050613 ; -0.0319685 ; -0.0582189 ; 102.398;
21 ; 16 ; 10 ; 0.0723779 ; -0.0251357 ; 0.0121866 ; 103.4;
4 ; 17 ; 10 ; -0.0128709 ; 0.00899618 ; -0.00839791 ; 103.185;
5 ; 17 ; 10 ; 0.0279294 ; -0.0066474 ; 0.0443791 ; 102.361;
6 ; 17 ; 10 ; 0.0138746 ; 0.00318746 ; 0.00198593 ; 101.318;
7 ; 17 ; 10 ; 0.0123251 ; -0.00740006 ; 0.00270267 ; 101.211;
8 ; 17 ; 10 ; 0.0325929 ; -0.0171308 ; -0.0257869 ; 101.97;
9 ; 17 ; 10 ; 0.0409461 ; -0.0405382 ; -0.000781324 ; 100.926;
10 ; 17 ; 10 ; 0.0243263 ; -0.0298783 ; -0.00191292 ; 101.686;
11 ; 17 ; 10 ; 0.0260563 ; -0.0220093 ; -0.0149508 ; 102.223;
12 ; 17 ; 10 ; 0.0257445 ; -0.0196042 ; -0.050907 ; 101.801;
13 ; 17 ; 10 ; 0.0456994 ; 0.00253177 ; 0.00374155 ; 103.503;
14 ; 17 ; 10 ; 0.058241 ; 0.0167661 ; 0.00596969 ; 102.518;
15 ; 17 ; 10 ; 0.0401154 ; 0.0312261 ; 0.00187332 ; 101.593;
16 ; 17 ; 10 ; 0.0199106 ; 0.0273605 ; 0.00108428 ; 101.574;
17 ; 17 ; 10 ; 0.0244575 ; 0.00521125 ; -0.0632476 ; 101.409;
18 ; 17 ; 10 ; 0.0165404 ; 0.00478068 ; -0.0253693 ; 102.196;
19 ; 17 ; 10 ; 0.0152458 ; -0.00651253 ; -0.0163595 ; 102.145;
20 ; 17 ; 10 ; 0.017021 ; -0.0247687 ; -0.0322087 ; 102.303;
21 ; 17 ; 10 ; 0.0835429 ; 0.0633505 ; -0.0371029 ; 101.3;
4 ; 18 ; 10 ; 0.0402374 ; 0.0294257 ; 0.00945385 ; 101.925;
5 ; 18 ; 10 ; 0.0315243 ; 0.0115264 ; 0.0597909 ; 102.795;
6 ; 18 ; 10 ; 0.00243937 ; -0.0058901 ; 0.0282023 ; 101.58;
7 ; 18 ; 10 ; -0.000619377 ; -0.0157758 ; 0.0265808 ; 100.925;
8 ; 18 ; 10 ; 0.0312993 ; -0.0346562 ; 0.0146677 ; 101.256;
9 ; 18 ; 10 ; 0.0377003 ; -0.0410333 ; -0.0210846 ; 100.537;
10 ; 18 ; 10 ; 0.0370681 ; -0.0329941 ; 0.00631035 ; 101.527;
11 ; 18 ; 10 ; 0.0301335 ; -0.0178149 ; -0.00192571 ; 102.402;
12 ; 18 ; 10 ; 0.00981818 ; -0.0080852 ; -0.0354946 ; 102.171;
13 ; 18 ; 10 ; 0.0336484 ; 0.000577829 ; -0.00612478 ; 103.907;
14 ; 18 ; 10 ; 0.0587587 ; 0.018121 ; 0.011862 ; 102.73;
15 ; 18 ; 10 ; 0.0450382 ; 0.0342401 ; -0.00012769 ; 101.647;
16 ; 18 ; 10 ; 0.0173964 ; 0.0116933 ; -0.0199236 ; 101.409;
17 ; 18 ; 10 ; 0.0265743 ; -0.00919806 ; -0.090215 ; 100.197;
18 ; 18 ; 10 ; 0.0203487 ; 0.00762213 ; -0.0215749 ; 101.809;
19 ; 18 ; 10 ; 0.00739803 ; 0.00120743 ; -0.00548306 ; 101.821;
20 ; 18 ; 10 ; -0.00396847 ; -0.00338269 ; -0.0356585 ; 102.218;
21 ; 18 ; 10 ; 0.051903 ; 0.0541471 ; 0.0142033 ; 103.692;
4 ; 19 ; 10 ; 0.0768351 ; -0.0601209 ; -0.0719143 ; 99.175;
5 ; 19 ; 10 ; -0.0102017 ; 0.0259803 ; -0.0068183 ; 102.327;
6 ; 19 ; 10 ; -0.000179487 ; 0.0137036 ; 0.00441033 ; 102.717;
7 ; 19 ; 10 ; 0.0288777 ; -0.00470225 ; 0.020957 ; 101.95;
8 ; 19 ; 10 ; 0.0514803 ; -0.0658462 ; 0.0234283 ; 100.862;
9 ; 19 ; 10 ; 0.0171714 ; -0.0241823 ; 0.00713556 ; 101.884;
10 ; 19 ; 10 ; -0.00834789 ; -0.0364235 ; 0.0201584 ; 101.27;
11 ; 19 ; 10 ; -0.00913103 ; -0.0013269 ; -0.00128373 ; 101.136;
12 ; 19 ; 10 ; 0.0318295 ; 0.01349 ; -0.0486399 ; 99.95;
13 ; 19 ; 10 ; 0.027579 ; -0.00992741 ; 0.00162648 ; 101.03;
14 ; 19 ; 10 ; 0.0160834 ; -0.0188914 ; 0.00146356 ; 101.254;
15 ; 19 ; 10 ; 0.029751 ; -0.0358669 ; 0.018269 ; 102.088;
16 ; 19 ; 10 ; 0.0472659 ; -0.0317323 ; -0.00150351 ; 100.775;
17 ; 19 ; 10 ; 0.0202938 ; -0.0247137 ; 0.0166722 ; 101.544;
18 ; 19 ; 10 ; -0.00207987 ; -0.00710137 ; -0.00786899 ; 101.315;
19 ; 19 ; 10 ; -0.00925578 ; 0.00495045 ; -0.00264942 ; 101.825;
20 ; 19 ; 10 ; 0.0395693 ; 0.0311042 ; 0.0498405 ; 102.688;
21 ; 19 ; 10 ; 0.056246 ; 0.047376 ; 0.00639386 ; 101.942;
4 ; 20 ; 10 ; 0.0711232 ; -0.0416498 ; -0.0251824 ; 102.657;
5 ; 20 ; 10 ; 0.0315437 ; 0.0265399 ; 0.0594924 ; 102.713;
6 ; 20 ; 10 ; 0.0137138 ; 0.00952168 ; 0.0161107 ; 102.454;
7 ; 20 ; 10 ; 0.0338139 ; -0.00821413 ; 0.0169681 ; 101.612;
8 ; 20 ; 10 ; 0.0349436 ; -0.0353658 ; 0.0209983 ; 100.912;
9 ; 20 ; 10 ; -0.00662009 ; -0.0285639 ; -0.00712259 ; 100.986;
10 ; 20 ; 10 ; -0.00725222 ; -0.0384461 ; 0.00815355 ; 101.212;
11 ; 20 ; 10 ; -0.00452061 ; -0.0077739 ; -0.00442719 ; 101.473;
12 ; 20 ; 10 ; 0.00509606 ; 0.0185553 ; -0.0255745 ; 100.955;
13 ; 20 ; 10 ; 0.034423 ; 0.0207599 ; -0.0227049 ; 101.684;
14 ; 20 ; 10 ; 0.0235989 ; -0.0130855 ; -0.00674296 ; 101.473;
15 ; 20 ; 10 ; 0.0356551 ; -0.046003 ; 0.00988171 ; 102.126;
16 ; 20 ; 10 ; 0.0422265 ; -0.0321019 ; 0.0114184 ; 102.186;
17 ; 20 ; 10 ; 0.0183148 ; -0.025797 ; 0.0465943 ; 101.25;
18 ; 20 ; 10 ; 0.00907417 ; -0.00982709 ; 0.00201432 ; 101.287;
19 ; 20 ; 10 ; 0.00656734 ; 0.00165312 ; 1.47082e-05 ; 101.809;
20 ; 20 ; 10 ; 0.0105377 ; 0.00756126 ; 0.0245662 ; 102.685;
21 ; 20 ; 10 ; -0.0372896 ; 0.00390272 ; 0.0105138 ; 101.065;
4 ; 21 ; 10 ; -0.000595198 ; 0.0341076 ; 0.0219854 ; 103.963;
5 ; 21 ; 10 ; 0.0399739 ; 0.00930761 ; 0.0939026 ; 102.697;
6 ; 21 ; 10 ; 0.027321 ; 0.0127617 ; 0.0303794 ; 102.27;
7 ; 21 ; 10 ; 0.0315508 ; -0.000467735 ; 0.0151272 ; 101.417;
8 ; 21 ; 10 ; 0.0274199 ; 0.00503622 ; 0.0165663 ; 100.738;
9 ; 21 ; 10 ; -0.0298551 ; -0.0287654 ; -0.0197409 ; 99.875;
10 ; 21 ; 10 ; -0.00134358 ; -0.0342279 ; -0.000475357 ; 101.393;
11 ; 21 ; 10 ; -0.00422062 ; -0.0131857 ; 0.000324306 ; 101.95;
12 ; 21 ; 10 ; -0.00809966 ; 0.0210251 ; 0.00145683 ; 101.911;
13 ; 21 ; 10 ; 0.0377097 ; 0.0453832 ; -0.0358677 ; 102.19;
14 ; 21 ; 10 ; 0.0336909 ; -0.00583182 ; -0.0125045 ; 102.048;
15 ; 21 ; 10 ; 0.0414616 ; -0.0489602 ; 0.00643621 ; 102.636;
16 ; 21 ; 10 ; 0.0313141 ; -0.0316595 ; 0.00127446 ; 103.541;
17 ; 21 ; 10 ; 0.0188965 ; -0.0399013 ; 0.04573 ; 101.22;
18 ; 21 ; 10 ; 0.0181091 ; -0.0123099 ; 0.0182465 ; 101.434;
19 ; 21 ; 10 ; 0.0138321 ; -0.00658802 ; 0.000908299 ; 101.826;
20 ; 21 ; 10 ; 0.00865913 ; -0.0122738 ; 0.014047 ; 102.779;
21 ; 21 ; 10 ; -0.0509523 ; -0.00140834 ; 0.0773481 ; 98.4525;
4 ; 4 ; 11 ; 0.0556368 ; 0.0248605 ; 0.0314206 ; 102.573;
5 ; 4 ; 11 ; 0.0370437 ; 0.0431473 ; -0.0548898 ; 101.488;
6 ; 4 ; 11 ; 0.0059143 ; 0.0169241 ; -0.0339104 ; 101.883;
7 ; 4 ; 11 ; -0.0131621 ; -0.0127787 ; -0.0230428 ; 102.097;
8 ; 4 ; 11 ; 0.0383433 ; -0.0570028 ; -0.0117969 ; 101.412;
9 ; 4 ; 11 ; -0.0140689 ; 0.0262946 ; 0.0360498 ; 101.823;
10 ; 4 ; 11 ; -0.00575232 ; 0.0193129 ; 0.0251237 ; 102.047;
11 ; 4 ; 11 ; 0.00539971 ; -0.00331285 ; -0.0199848 ; 103.31;
12 ; 4 ; 11 ; 0.0178411 ; 0.0158986 ; -0.0957114 ; 103.855;
13 ; 4 ; 11 ; 0.0206222 ; 0.01398 ; 0.00609241 ; 101.843;
14 ; 4 ; 11 ; 0.0472507 ; 0.0122215 ; 0.00705175 ; 101.863;
15 ; 4 ; 11 ; 0.0646874 ; 0.0377856 ; 0.0050023 ; 101.809;
16 ; 4 ; 11 ; 0.0492904 ; 0.113829 ; -0.0183814 ; 101.485;
17 ; 4 ; 11 ; 0.000329959 ; -0.00402497 ; -0.0166603 ; 101.351;
18 ; 4 ; 11 ; -0.00299676 ; -0.00206294 ; -0.0194661 ; 102.043;
19 ; 4 ; 11 ; -0.00890372 ; 0.00769534 ; -0.0171449 ; 102.271;
20 ; 4 ; 11 ; -0.0241953 ; -0.00420569 ; 0.0170248 ; 101.967;
21 ; 4 ; 11 ; -0.0575265 ; -0.079039 ; -0.00675733 ; 99.645;
4 ; 5 ; 11 ; 0.0555216 ; 0.00252909 ; -0.0344923 ; 101.27;
5 ; 5 ; 11 ; 0.0156189 ; 0.000648698 ; -0.0323489 ; 102.184;
6 ; 5 ; 11 ; 0.00937888 ; 0.0136988 ; -0.0305587 ; 102.202;
7 ; 5 ; 11 ; -0.00865895 ; 0.00133666 ; -0.0274678 ; 102.258;
8 ; 5 ; 11 ; -0.00240687 ; -0.0225785 ; -0.01715 ; 102.081;
9 ; 5 ; 11 ; 0.00780109 ; -0.0121138 ; 0.00171859 ; 100.864;
10 ; 5 ; 11 ; -0.000281017 ; 0.0121505 ; 0.0207061 ; 101.609;
11 ; 5 ; 11 ; 0.00269698 ; 0.00183205 ; -0.00806674 ; 102.894;
12 ; 5 ; 11 ; 0.00418309 ; 0.00364622 ; -0.0577934 ; 103.806;
13 ; 5 ; 11 ; 0.00912216 ; 0.0692066 ; 0.0216733 ; 100.572;
14 ; 5 ; 11 ; 0.0287165 ; 0.0344591 ; 0.0125964 ; 101.526;
15 ; 5 ; 11 ; 0.0439401 ; 0.0231374 ; 0.00816607 ; 101.775;
16 ; 5 ; 11 ; 0.0668852 ; 0.0742728 ; 0.00697521 ; 101.733;
17 ; 5 ; 11 ; -0.00998832 ; 0.00995372 ; -0.0495086 ; 101.348;
18 ; 5 ; 11 ; -0.00659572 ; -0.000705799 ; -0.0256008 ; 101.94;
19 ; 5 ; 11 ; -0.00203216 ; 0.00435152 ; -0.00576307 ; 102.177;
20 ; 5 ; 11 ; -0.0217 ; 0.0159964 ; -0.00550189 ; 102.123;
21 ; 5 ; 11 ; -0.0462984 ; -0.0268282 ; 0.00857796 ; 100.3;
4 ; 6 ; 11 ; -0.0439505 ; -0.100572 ; -0.010335 ; 101.62;
5 ; 6 ; 11 ; -0.0172776 ; -0.00925613 ; -0.00870629 ; 103.023;
6 ; 6 ; 11 ; 0.0201226 ; 0.0127098 ; -0.0342467 ; 102.242;
7 ; 6 ; 11 ; -0.00986753 ; 0.0219553 ; -0.0329766 ; 102.424;
8 ; 6 ; 11 ; -0.0262176 ; 0.0305481 ; -0.0318029 ; 102.983;
9 ; 6 ; 11 ; 0.0294059 ; -0.0305961 ; -0.0116582 ; 100.062;
10 ; 6 ; 11 ; 0.00339131 ; 0.00270825 ; 0.0149146 ; 101.213;
11 ; 6 ; 11 ; -0.00127727 ; 0.00337141 ; 0.00818535 ; 102.54;
12 ; 6 ; 11 ; -0.00310669 ; 0.00636609 ; -0.0158147 ; 103.372;
13 ; 6 ; 11 ; -0.0163258 ; 0.103326 ; 0.027424 ; 99.6825;
14 ; 6 ; 11 ; 0.0218275 ; 0.0520257 ; 0.0204723 ; 101.162;
15 ; 6 ; 11 ; 0.0363358 ; 0.00484035 ; 0.0192446 ; 101.616;
16 ; 6 ; 11 ; 0.0305189 ; -0.00737371 ; 0.00417053 ; 102.412;
17 ; 6 ; 11 ; -0.0478311 ; 0.0119338 ; -0.0861133 ; 101.312;
18 ; 6 ; 11 ; -0.00328748 ; 0.00934983 ; -0.0300707 ; 101.698;
19 ; 6 ; 11 ; 0.000820382 ; 0.0111329 ; -0.0032467 ; 102.077;
20 ; 6 ; 11 ; 0.00213132 ; 0.00988355 ; -0.0114777 ; 101.811;
21 ; 6 ; 11 ; 0.0445428 ; 0.0408411 ; -0.032074 ; 103.105;
4 ; 7 ; 11 ; 0.0169174 ; -0.0264595 ; -0.0151111 ; 101.977;
5 ; 7 ; 11 ; -0.0380218 ; -0.0186139 ; 0.00216247 ; 101.906;
6 ; 7 ; 11 ; -0.0204714 ; -0.0281738 ; 0.0189867 ; 102.226;
7 ; 7 ; 11 ; 0.0161292 ; -0.0388262 ; 0.0169817 ; 102.682;
8 ; 7 ; 11 ; 0.0293854 ; -0.0167054 ; 0.0319197 ; 101.045;
9 ; 7 ; 11 ; 0.0431932 ; 0.0156633 ; 0.00572913 ; 102.337;
10 ; 7 ; 11 ; 0.0358019 ; 0.0323808 ; -0.00564463 ; 102.808;
11 ; 7 ; 11 ; 0.0222759 ; 0.0534016 ; -0.00631289 ; 102.49;
12 ; 7 ; 11 ; 0.0410028 ; 0.14966 ; 0.00450823 ; 100.87;
13 ; 7 ; 11 ; -0.0328089 ; 0.00508494 ; 0.0353451 ; 102.696;
14 ; 7 ; 11 ; -0.0275228 ; 0.00668267 ; 0.0175451 ; 102.742;
15 ; 7 ; 11 ; -0.0282838 ; 0.00249395 ; -0.0205484 ; 101.997;
16 ; 7 ; 11 ; -0.0213314 ; 0.0255248 ; -0.0560993 ; 100.5;
17 ; 7 ; 11 ; -0.0170716 ; 0.00632454 ; -0.0382431 ; 101.59;
18 ; 7 ; 11 ; -0.0510409 ; -0.00267865 ; -0.00897408 ; 101.484;
19 ; 7 ; 11 ; -0.0348823 ; -0.0162711 ; 0.0277067 ; 101.243;
20 ; 7 ; 11 ; 0.00288482 ; -0.0632733 ; 0.0354291 ; 99.8675;
21 ; 7 ; 11 ; -0.0164762 ; -0.0234961 ; -0.00712011 ; 105.165;
4 ; 8 ; 11 ; -0.0117067 ; 0.013323 ; 0.00425887 ; 101.197;
5 ; 8 ; 11 ; -0.00648969 ; -0.031311 ; 0.0406075 ; 101.767;
6 ; 8 ; 11 ; -0.00593584 ; -0.0359352 ; 0.0236227 ; 102.087;
7 ; 8 ; 11 ; 0.0231527 ; -0.0487297 ; 0.0135703 ; 102.448;
8 ; 8 ; 11 ; 0.0233389 ; -0.0305174 ; 0.0175253 ; 102.709;
9 ; 8 ; 11 ; -0.00688132 ; -0.00638858 ; 0.0103957 ; 102.914;
10 ; 8 ; 11 ; 0.0214786 ; 0.0179636 ; -0.00542637 ; 102.8;
11 ; 8 ; 11 ; 0.0158297 ; 0.0332188 ; -0.0170398 ; 102.338;
12 ; 8 ; 11 ; 0.0188281 ; 0.0905063 ; -0.00299852 ; 101.503;
13 ; 8 ; 11 ; -0.0169624 ; 0.00412254 ; -0.0114949 ; 101.534;
14 ; 8 ; 11 ; -0.0210709 ; 0.00690561 ; 0.00735596 ; 102.241;
15 ; 8 ; 11 ; -0.0257011 ; -0.00279788 ; -0.0140905 ; 101.91;
16 ; 8 ; 11 ; -0.0157387 ; 0.00855507 ; -0.0473378 ; 101.413;
17 ; 8 ; 11 ; 0.0174969 ; 0.00228728 ; -0.0388462 ; 100.726;
18 ; 8 ; 11 ; -0.0186653 ; -0.00108824 ; -0.0141262 ; 101.296;
19 ; 8 ; 11 ; -0.0148816 ; -0.00812963 ; 0.0171481 ; 101.253;
20 ; 8 ; 11 ; -0.0128456 ; -0.0409859 ; 0.0372549 ; 100.768;
21 ; 8 ; 11 ; -0.00650066 ; -0.0223992 ; -0.0127718 ; 101.608;
4 ; 9 ; 11 ; -0.0580548 ; 0.0186603 ; -0.048898 ; 104.485;
5 ; 9 ; 11 ; 0.00635424 ; -0.0572441 ; 0.0125397 ; 101.472;
6 ; 9 ; 11 ; 0.00813575 ; -0.0479641 ; 0.0170966 ; 102.055;
7 ; 9 ; 11 ; 0.0188685 ; -0.0573172 ; 0.0092795 ; 102.305;
8 ; 9 ; 11 ; 0.0271633 ; -0.0526697 ; -0.000547831 ; 103.037;
9 ; 9 ; 11 ; -0.00708157 ; -0.0043701 ; 0.012235 ; 101.25;
10 ; 9 ; 11 ; 0.00613741 ; 0.00342448 ; -0.00600637 ; 102.022;
11 ; 9 ; 11 ; 0.0141434 ; 0.00731056 ; -0.0285675 ; 101.649;
12 ; 9 ; 11 ; 0.000742945 ; 0.00799006 ; -0.0407282 ; 101.871;
13 ; 9 ; 11 ; -0.0129058 ; 0.00881691 ; -0.00653368 ; 101.23;
14 ; 9 ; 11 ; -0.0229255 ; 0.00980622 ; -0.0027751 ; 101.495;
15 ; 9 ; 11 ; -0.0303584 ; 0.000993992 ; -0.00394045 ; 101.752;
16 ; 9 ; 11 ; -0.0252131 ; -0.0183024 ; -0.0149308 ; 102.081;
17 ; 9 ; 11 ; 0.0520855 ; 0.0166742 ; -0.0249104 ; 101.388;
18 ; 9 ; 11 ; 0.0268643 ; 0.0092767 ; -0.014608 ; 100.984;
19 ; 9 ; 11 ; 0.00461888 ; 0.00807167 ; -0.00208478 ; 101.457;
20 ; 9 ; 11 ; -0.0108345 ; -0.0022305 ; 0.016821 ; 101.715;
21 ; 9 ; 11 ; -0.0320435 ; -0.0179073 ; 0.0108374 ; 102.805;
4 ; 10 ; 11 ; 0.0261137 ; -0.0339375 ; 0.00140908 ; 101.97;
5 ; 10 ; 11 ; 0.00315784 ; -0.0462117 ; -0.000619838 ; 103.021;
6 ; 10 ; 11 ; 0.00328293 ; -0.0447579 ; 0.0109566 ; 102.357;
7 ; 10 ; 11 ; -0.00362479 ; -0.0384577 ; 0.0163545 ; 102.005;
8 ; 10 ; 11 ; 0.0114982 ; -0.0543205 ; 0.0100206 ; 101.543;
9 ; 10 ; 11 ; 0.0438966 ; 0.0322753 ; 0.0138301 ; 101.39;
10 ; 10 ; 11 ; 0.0217814 ; 0.0133626 ; 0.00423228 ; 101.602;
11 ; 10 ; 11 ; 0.0252915 ; 0.021119 ; -0.0118056 ; 101.602;
12 ; 10 ; 11 ; 0.019824 ; 0.00660932 ; -0.0530138 ; 100.858;
13 ; 10 ; 11 ; 0.0157289 ; -0.0132637 ; 0.0214307 ; 101.064;
14 ; 10 ; 11 ; -0.0168501 ; 0.0102342 ; 0.00419984 ; 101.159;
15 ; 10 ; 11 ; -0.0258972 ; 0.0179628 ; -0.00446342 ; 101.253;
16 ; 10 ; 11 ; -0.0438546 ; 0.00491141 ; 0.0157124 ; 101.609;
17 ; 10 ; 11 ; 0.0183538 ; 0.0313562 ; -0.00251819 ; 101.693;
18 ; 10 ; 11 ; 0.0331308 ; 0.0164095 ; -0.00757875 ; 101.477;
19 ; 10 ; 11 ; 0.0132333 ; 0.0149196 ; -0.00891794 ; 101.776;
20 ; 10 ; 11 ; -0.00879508 ; 0.0128239 ; -0.0253818 ; 102.114;
21 ; 10 ; 11 ; -0.00488246 ; 0.025696 ; 0.0171008 ; 101.445;
4 ; 11 ; 11 ; -0.0297332 ; -0.0154018 ; 0.0145628 ; 101.527;
5 ; 11 ; 11 ; 0.0181458 ; -0.010533 ; 0.0202766 ; 102.293;
6 ; 11 ; 11 ; -0.00184739 ; -0.0210705 ; 0.00738007 ; 102.721;
7 ; 11 ; 11 ; -0.0241366 ; -0.00636848 ; 0.00859423 ; 102.378;
8 ; 11 ; 11 ; -0.0267081 ; -0.0185365 ; 0.0240582 ; 102.064;
9 ; 11 ; 11 ; 0.0407849 ; 0.0507838 ; -0.00965928 ; 102.167;
10 ; 11 ; 11 ; 0.041495 ; 0.031417 ; 0.000467342 ; 102.276;
11 ; 11 ; 11 ; 0.0313768 ; 0.0274813 ; 0.00316341 ; 102.179;
12 ; 11 ; 11 ; 0.0213276 ; 0.0348925 ; -0.00347611 ; 101.628;
13 ; 11 ; 11 ; 0.0498982 ; -0.0400294 ; 0.0105763 ; 102.008;
14 ; 11 ; 11 ; 0.0103773 ; -0.0100781 ; 0.00103827 ; 101.51;
15 ; 11 ; 11 ; -0.00130674 ; 0.0169218 ; -0.0154 ; 101.191;
16 ; 11 ; 11 ; -0.0192925 ; 0.0424918 ; 0.00156732 ; 100.943;
17 ; 11 ; 11 ; 0.0126474 ; 0.00699872 ; -0.0031267 ; 100.742;
18 ; 11 ; 11 ; 0.017491 ; 0.00429555 ; -0.00300585 ; 101.145;
19 ; 11 ; 11 ; 0.00884192 ; 0.00449306 ; -0.00254306 ; 101.46;
20 ; 11 ; 11 ; -0.00635741 ; 0.0126777 ; -0.0246656 ; 102.192;
21 ; 11 ; 11 ; 0.061895 ; 0.0369116 ; 0.00457912 ; 101.928;
4 ; 12 ; 11 ; 0.0390244 ; 0.00197285 ; -0.0259317 ; 102.198;
5 ; 12 ; 11 ; 0.0261533 ; 0.00774346 ; 0.0202746 ; 100.96;
6 ; 12 ; 11 ; 0.00133149 ; -0.0066537 ; 0.0133565 ; 102.762;
7 ; 12 ; 11 ; -0.0266473 ; 0.00896922 ; 0.00264291 ; 102.406;
8 ; 12 ; 11 ; -0.0327699 ; 0.0197329 ; -0.00337865 ; 101.775;
9 ; 12 ; 11 ; 0.0158847 ; 0.0605503 ; -0.0368503 ; 101.6;
10 ; 12 ; 11 ; 0.0484108 ; 0.0365762 ; -0.00157522 ; 103.14;
11 ; 12 ; 11 ; 0.0301774 ; 0.0268257 ; 0.00819426 ; 102.77;
12 ; 12 ; 11 ; 0.0197599 ; 0.0323813 ; 0.00949957 ; 101.525;
13 ; 12 ; 11 ; 0.0551027 ; -0.0484917 ; -0.00611481 ; 102.917;
14 ; 12 ; 11 ; 0.0341714 ; -0.0239723 ; -0.00527741 ; 101.706;
15 ; 12 ; 11 ; 0.0187063 ; 0.00861482 ; -0.0221565 ; 101.163;
16 ; 12 ; 11 ; 0.0105296 ; 0.0226835 ; -0.0269911 ; 100.667;
17 ; 12 ; 11 ; 0.0301701 ; -0.0113279 ; -0.00781372 ; 99.5975;
18 ; 12 ; 11 ; 0.0124899 ; -0.0083527 ; -0.00526842 ; 100.962;
19 ; 12 ; 11 ; 0.013962 ; -0.00390021 ; 0.00265719 ; 101.143;
20 ; 12 ; 11 ; 0.0225175 ; 0.0202607 ; 0.00954162 ; 101.501;
21 ; 12 ; 11 ; 0.0558831 ; -0.0049471 ; -0.00833813 ; 100.335;
4 ; 13 ; 11 ; -0.0396645 ; 0.0270775 ; -0.00915543 ; 102.502;
5 ; 13 ; 11 ; 0.00123508 ; -0.0364712 ; -0.00338095 ; 101.312;
6 ; 13 ; 11 ; 0.0112057 ; -0.0434403 ; -0.0108494 ; 102.209;
7 ; 13 ; 11 ; 0.0236717 ; -0.0274156 ; -0.0205298 ; 102.845;
8 ; 13 ; 11 ; 0.0240703 ; 0.0182774 ; -0.0153118 ; 103.937;
9 ; 13 ; 11 ; 0.0248276 ; -0.0352272 ; 0.00716041 ; 100.939;
10 ; 13 ; 11 ; 0.0189657 ; -0.0360831 ; 0.0307731 ; 100.905;
11 ; 13 ; 11 ; 0.0132296 ; -0.0241236 ; 0.0387572 ; 100.426;
12 ; 13 ; 11 ; -0.0434674 ; 0.0115618 ; 0.0545555 ; 100.463;
13 ; 13 ; 11 ; 0.0266506 ; -0.0193288 ; 0.00436187 ; 102.553;
14 ; 13 ; 11 ; 0.0599931 ; -0.0108444 ; 0.0163692 ; 102.698;
15 ; 13 ; 11 ; 0.051369 ; 0.0204731 ; -0.00181358 ; 102.202;
16 ; 13 ; 11 ; 0.033799 ; 0.0563344 ; -0.042107 ; 102.11;
17 ; 13 ; 11 ; 0.0256087 ; 0.00532262 ; -0.0276136 ; 101.296;
18 ; 13 ; 11 ; 0.00803041 ; 0.00171138 ; -0.0311365 ; 101.275;
19 ; 13 ; 11 ; -0.00194737 ; 0.00891573 ; -0.0269516 ; 100.866;
20 ; 13 ; 11 ; 0.0397752 ; -0.0223722 ; -0.0495294 ; 100.617;
21 ; 13 ; 11 ; 0.063284 ; 0.00104359 ; 0.0126493 ; 101.435;
4 ; 14 ; 11 ; -0.00388842 ; -0.0220602 ; -0.0147365 ; 100.245;
5 ; 14 ; 11 ; 0.0357925 ; -0.0153233 ; 0.0342834 ; 102.811;
6 ; 14 ; 11 ; 0.0195443 ; -0.0261901 ; 0.00568796 ; 102.424;
7 ; 14 ; 11 ; 0.0229328 ; -0.0114465 ; -0.00677924 ; 102.719;
8 ; 14 ; 11 ; 0.0298385 ; -0.00215509 ; -0.0162471 ; 102.819;
9 ; 14 ; 11 ; -0.0122732 ; -0.0101206 ; 0.00239061 ; 99.8146;
10 ; 14 ; 11 ; 0.00315767 ; -0.0236901 ; 0.0149311 ; 100.595;
11 ; 14 ; 11 ; 0.0023262 ; -0.0185851 ; 0.0200564 ; 100.5;
12 ; 14 ; 11 ; -0.00408726 ; -0.0251167 ; 0.0294886 ; 100.047;
13 ; 14 ; 11 ; 0.0217958 ; -0.0355666 ; 0.0131742 ; 102.022;
14 ; 14 ; 11 ; 0.0364871 ; -0.0152815 ; 0.00913907 ; 102.268;
15 ; 14 ; 11 ; 0.0276036 ; 0.0101121 ; -0.00644495 ; 101.876;
16 ; 14 ; 11 ; 0.0384989 ; 0.0399347 ; -0.0230968 ; 101.895;
17 ; 14 ; 11 ; 0.0291754 ; 0.0152023 ; -0.00575394 ; 101.385;
18 ; 14 ; 11 ; 0.0160669 ; 0.00507262 ; -0.0244018 ; 101.195;
19 ; 14 ; 11 ; 0.00312881 ; 0.0113575 ; -0.0224625 ; 100.808;
20 ; 14 ; 11 ; 0.0068472 ; -0.00437385 ; -0.0415271 ; 100.434;
21 ; 14 ; 11 ; 0.0489493 ; -0.0271494 ; -0.101647 ; 102.21;
4 ; 15 ; 11 ; -0.00286139 ; -0.0165956 ; 0.00530684 ; 101.78;
5 ; 15 ; 11 ; 0.0177292 ; -0.00186116 ; 0.0453695 ; 103.343;
6 ; 15 ; 11 ; 0.0236374 ; 0.00214557 ; 0.0257264 ; 102.969;
7 ; 15 ; 11 ; 0.0176658 ; 0.0149435 ; 0.0075098 ; 102.656;
8 ; 15 ; 11 ; 0.0240644 ; -0.00510495 ; -0.00216719 ; 101.955;
9 ; 15 ; 11 ; -0.0204824 ; 0.011731 ; -0.00200087 ; 101.128;
10 ; 15 ; 11 ; -0.017345 ; -0.0103164 ; -0.0035822 ; 100.841;
11 ; 15 ; 11 ; -0.00639646 ; -0.0183187 ; -0.0122857 ; 101.357;
12 ; 15 ; 11 ; 0.00834473 ; -0.0399924 ; 0.000331097 ; 100.608;
13 ; 15 ; 11 ; 0.0147471 ; -0.00598105 ; -0.00308429 ; 101.829;
14 ; 15 ; 11 ; 0.00524777 ; -0.0143743 ; -0.00387483 ; 101.736;
15 ; 15 ; 11 ; -0.00198722 ; -0.00634174 ; -0.00734778 ; 101.418;
16 ; 15 ; 11 ; 0.00541335 ; 0.00735998 ; -0.0120231 ; 101.483;
17 ; 15 ; 11 ; 0.0513062 ; -0.00118994 ; -0.0088719 ; 101.387;
18 ; 15 ; 11 ; 0.030765 ; 0.00477729 ; -0.0144605 ; 101.059;
19 ; 15 ; 11 ; 0.00825294 ; 0.0119864 ; -0.0209676 ; 100.814;
20 ; 15 ; 11 ; -0.0124134 ; 0.010608 ; -0.0164408 ; 100.528;
21 ; 15 ; 11 ; 0.0391357 ; 0.0280923 ; 0.00633298 ; 99.42;
4 ; 16 ; 11 ; -0.0431443 ; -0.0229029 ; 0.0330773 ; 99.78;
5 ; 16 ; 11 ; -0.0164469 ; -0.01257 ; 0.0372011 ; 102.338;
6 ; 16 ; 11 ; 0.010024 ; 0.0131038 ; 0.0245616 ; 103.007;
7 ; 16 ; 11 ; 0.0112439 ; 0.0384826 ; -0.00165953 ; 102.893;
8 ; 16 ; 11 ; 0.0042326 ; 0.028571 ; 0.00454314 ; 102.679;
9 ; 16 ; 11 ; 0.0105179 ; 0.0147056 ; 0.0199865 ; 101.703;
10 ; 16 ; 11 ; -0.00966499 ; 0.0073239 ; -0.00694943 ; 101.932;
11 ; 16 ; 11 ; -0.00129195 ; -0.00567155 ; -0.0189137 ; 102.368;
12 ; 16 ; 11 ; -0.011798 ; -0.0186392 ; -0.0214306 ; 102.665;
13 ; 16 ; 11 ; 0.0230724 ; 0.0377484 ; 0.0159412 ; 102.094;
14 ; 16 ; 11 ; 0.00874341 ; 0.0139227 ; -0.00436431 ; 101.683;
15 ; 16 ; 11 ; 0.00225304 ; 0.0068079 ; -0.00512131 ; 101.429;
16 ; 16 ; 11 ; -0.0144212 ; -0.014628 ; -0.0114941 ; 101.251;
17 ; 16 ; 11 ; -0.00485879 ; -0.0159464 ; 0.000100365 ; 101.8;
18 ; 16 ; 11 ; 0.0276418 ; -0.00726291 ; -0.0134127 ; 101.38;
19 ; 16 ; 11 ; 0.0105587 ; -0.000186035 ; -0.0217922 ; 101.025;
20 ; 16 ; 11 ; 0.00205573 ; 0.00486085 ; -0.0132765 ; 101.068;
21 ; 16 ; 11 ; 0.0385164 ; 0.0284842 ; -0.0298246 ; 102.782;
4 ; 17 ; 11 ; -0.0560741 ; 0.026978 ; -0.000892338 ; 100.625;
5 ; 17 ; 11 ; -0.0051876 ; 0.0154129 ; -0.00660648 ; 101.673;
6 ; 17 ; 11 ; 0.00587499 ; 0.00817475 ; 0.013997 ; 102.52;
7 ; 17 ; 11 ; 0.0162925 ; 0.022897 ; -0.00927138 ; 102.445;
8 ; 17 ; 11 ; 0.0124864 ; 0.0510723 ; -0.0322476 ; 102.755;
9 ; 17 ; 11 ; 0.00243405 ; 0.0107294 ; -0.0288041 ; 101.236;
10 ; 17 ; 11 ; -0.00225864 ; 0.00140528 ; -0.00792279 ; 101.712;
11 ; 17 ; 11 ; 0.00783405 ; -0.00703369 ; -0.00118623 ; 102.09;
12 ; 17 ; 11 ; 0.0146534 ; -0.025082 ; -0.024915 ; 102.76;
13 ; 17 ; 11 ; 0.0196789 ; 0.0408832 ; 0.0315766 ; 102.061;
14 ; 17 ; 11 ; 0.0174476 ; 0.0323905 ; 0.012775 ; 102.032;
15 ; 17 ; 11 ; 0.0142826 ; 0.0225769 ; 0.00204922 ; 102.128;
16 ; 17 ; 11 ; 0.0182686 ; 0.00447967 ; -0.00544963 ; 101.572;
17 ; 17 ; 11 ; -0.0373305 ; -0.0192848 ; 0.016539 ; 101.883;
18 ; 17 ; 11 ; 0.000687185 ; -0.0108863 ; -0.00322708 ; 101.648;
19 ; 17 ; 11 ; 0.01192 ; -0.00208687 ; -0.00739752 ; 101.38;
20 ; 17 ; 11 ; -0.000344864 ; -0.000209812 ; -0.0203037 ; 100.869;
21 ; 17 ; 11 ; -0.0921802 ; 0.0106091 ; -0.0145888 ; 103.505;
4 ; 18 ; 11 ; -0.0231521 ; 0.0716461 ; 0.0147091 ; 102.73;
5 ; 18 ; 11 ; 0.0150609 ; 0.0458042 ; -0.03778 ; 101.815;
6 ; 18 ; 11 ; 0.00924331 ; 0.00455915 ; 0.0112997 ; 102.106;
7 ; 18 ; 11 ; 0.0221912 ; 0.0124573 ; -0.00857761 ; 102.105;
8 ; 18 ; 11 ; 0.0342862 ; 0.0401131 ; -0.037227 ; 102.111;
9 ; 18 ; 11 ; -0.02292 ; 0.00378749 ; -0.06927 ; 101.073;
10 ; 18 ; 11 ; -0.00165262 ; 0.00218023 ; -0.0142334 ; 101.151;
11 ; 18 ; 11 ; 0.00717826 ; -0.00177186 ; 0.0110314 ; 101.511;
12 ; 18 ; 11 ; 0.0268 ; -0.00201724 ; 0.00455534 ; 102.246;
13 ; 18 ; 11 ; 0.0117945 ; 0.0269254 ; 0.0318566 ; 102.017;
14 ; 18 ; 11 ; 0.0179578 ; 0.0385734 ; 0.0239235 ; 102.159;
15 ; 18 ; 11 ; 0.0154339 ; 0.0315432 ; 0.00199175 ; 102.53;
16 ; 18 ; 11 ; 0.0103774 ; 0.0224239 ; -0.00847911 ; 102.502;
17 ; 18 ; 11 ; -0.0276704 ; -0.0189998 ; 0.024624 ; 101.495;
18 ; 18 ; 11 ; -0.0156661 ; -0.00972484 ; 0.00317969 ; 101.821;
19 ; 18 ; 11 ; 0.0157886 ; -0.00121368 ; 0.00495566 ; 101.547;
20 ; 18 ; 11 ; 0.0345543 ; -0.0013154 ; 0.0237054 ; 101.328;
21 ; 18 ; 11 ; -0.0013646 ; 0.0280839 ; -0.00175991 ; 102.01;
4 ; 19 ; 11 ; 0.000426972 ; -0.0168166 ; -0.0081112 ; 103.345;
5 ; 19 ; 11 ; -0.0218892 ; 0.030598 ; 0.00103083 ; 101.117;
6 ; 19 ; 11 ; -0.0089422 ; 0.0302104 ; -0.00101488 ; 101.355;
7 ; 19 ; 11 ; 0.0293876 ; 0.013671 ; -0.0133453 ; 102.499;
8 ; 19 ; 11 ; 0.0734874 ; 0.00882326 ; -0.0383655 ; 103.182;
9 ; 19 ; 11 ; 0.00456361 ; 0.00572745 ; -0.00290033 ; 101.56;
10 ; 19 ; 11 ; -0.00491917 ; -0.00646815 ; 0.00339219 ; 101.176;
11 ; 19 ; 11 ; 0.0182313 ; -0.00173491 ; -0.0060974 ; 101.407;
12 ; 19 ; 11 ; 0.0172578 ; 0.00261938 ; -0.0259737 ; 102.118;
13 ; 19 ; 11 ; 0.0342799 ; -0.0391678 ; -0.000161283 ; 102.048;
14 ; 19 ; 11 ; 0.0216243 ; -0.0239256 ; 0.0215689 ; 101.848;
15 ; 19 ; 11 ; 0.0354706 ; -0.0172544 ; 0.042027 ; 102.019;
16 ; 19 ; 11 ; 0.0215917 ; -0.00163608 ; 0.0657442 ; 101.69;
17 ; 19 ; 11 ; 0.0307997 ; 0.0334495 ; 0.0167283 ; 101.364;
18 ; 19 ; 11 ; 0.0179322 ; 0.0265126 ; 0.0169174 ; 101.725;
19 ; 19 ; 11 ; 0.00494708 ; 0.00591276 ; 0.00135659 ; 101.43;
20 ; 19 ; 11 ; -0.015134 ; -0.0128326 ; -0.0226195 ; 101.315;
21 ; 19 ; 11 ; 0.0216771 ; -0.0123185 ; -0.00533648 ; 98.5975;
4 ; 20 ; 11 ; 0.0686556 ; 0.00918078 ; -0.0666679 ; 104.488;
5 ; 20 ; 11 ; -0.0127838 ; 0.00648862 ; 0.030809 ; 100.783;
6 ; 20 ; 11 ; -0.0101947 ; 0.0190334 ; 0.00523536 ; 101.28;
7 ; 20 ; 11 ; 0.00882899 ; 0.0120192 ; -0.00529096 ; 102.505;
8 ; 20 ; 11 ; 0.0568556 ; 0.0101692 ; -0.0183966 ; 103.106;
9 ; 20 ; 11 ; 0.0237939 ; 0.00236333 ; 0.00819743 ; 101.389;
10 ; 20 ; 11 ; 0.00702768 ; 0.00156885 ; 0.00376249 ; 101.248;
11 ; 20 ; 11 ; 0.0159047 ; 0.0102786 ; -0.00646742 ; 101.265;
12 ; 20 ; 11 ; 0.0337509 ; -8.1684e-06 ; -0.0212412 ; 101.759;
13 ; 20 ; 11 ; 0.0459799 ; -0.01367 ; -0.0180101 ; 102.28;
14 ; 20 ; 11 ; 0.0368729 ; -0.0211743 ; 0.00691756 ; 101.928;
15 ; 20 ; 11 ; 0.0445762 ; -0.0198011 ; 0.0275655 ; 102.004;
16 ; 20 ; 11 ; 0.0335077 ; -0.00717374 ; 0.0433748 ; 101.928;
17 ; 20 ; 11 ; 0.00157939 ; 0.0372444 ; 0.00923906 ; 100.121;
18 ; 20 ; 11 ; 0.0261861 ; 0.024378 ; 0.00617612 ; 101.278;
19 ; 20 ; 11 ; 0.0284306 ; 0.0120919 ; -0.00228228 ; 101.292;
20 ; 20 ; 11 ; 0.00296731 ; -0.00658913 ; -0.0120703 ; 101.089;
21 ; 20 ; 11 ; -0.0636817 ; -0.00846057 ; -0.026575 ; 101.578;
4 ; 21 ; 11 ; -0.0509763 ; -0.0416412 ; -0.0244773 ; 99.9975;
5 ; 21 ; 11 ; 0.0126087 ; -0.0178339 ; 0.0392615 ; 100.78;
6 ; 21 ; 11 ; -0.0160211 ; 0.0106096 ; 0.0165882 ; 101.307;
7 ; 21 ; 11 ; -0.00824738 ; 0.0128576 ; 0.00724748 ; 102.477;
8 ; 21 ; 11 ; 0.0132873 ; 0.0192757 ; 0.0255022 ; 102.826;
9 ; 21 ; 11 ; 0.0396232 ; 0.0114811 ; 0.00906294 ; 101.507;
10 ; 21 ; 11 ; 0.0224056 ; 0.00483023 ; -0.000654084 ; 101.368;
11 ; 21 ; 11 ; 0.0238939 ; 0.0178033 ; -0.00975218 ; 101.159;
12 ; 21 ; 11 ; 0.0244413 ; 0.000536883 ; -0.0176185 ; 101.217;
13 ; 21 ; 11 ; 0.0293326 ; -0.00573498 ; -0.0176544 ; 102.472;
14 ; 21 ; 11 ; 0.0616187 ; -0.018371 ; -0.0151532 ; 102.14;
15 ; 21 ; 11 ; 0.0594467 ; -0.0234158 ; 0.00413499 ; 102.263;
16 ; 21 ; 11 ; 0.0309551 ; -0.0316286 ; 0.0166225 ; 102.135;
17 ; 21 ; 11 ; 0.00588653 ; 0.0500059 ; 0.00639136 ; 99.0875;
18 ; 21 ; 11 ; 0.0295417 ; 0.0182713 ; -0.00404142 ; 100.698;
19 ; 21 ; 11 ; 0.0516508 ; 0.0124315 ; -0.00573134 ; 100.882;
20 ; 21 ; 11 ; 0.0245497 ; 0.029874 ; 0.0100581 ; 100.866;
21 ; 21 ; 11 ; -0.0632187 ; 0.00272751 ; 0.000687981 ; 102.88;
4 ; 4 ; 12 ; 0.0081049 ; 0.0223663 ; 0.0160738 ; 101.072;
5 ; 4 ; 12 ; -0.000465406 ; 0.00763002 ; -0.0218684 ; 101.215;
6 ; 4 ; 12 ; -0.00133326 ; -0.00339524 ; -0.018201 ; 101.327;
7 ; 4 ; 12 ; 0.00165906 ; -0.0196488 ; -0.0257629 ; 101.85;
8 ; 4 ; 12 ; 0.0494143 ; -0.0199642 ; -0.0569661 ; 103.365;
9 ; 4 ; 12 ; -0.03739 ; 0.022803 ; -0.0750912 ; 101.898;
10 ; 4 ; 12 ; -0.0425012 ; 0.00637939 ; -0.0598385 ; 102.827;
11 ; 4 ; 12 ; -0.022752 ; 0.0227886 ; -0.0146925 ; 103.093;
12 ; 4 ; 12 ; -0.0462894 ; 0.0900479 ; 0.0277403 ; 103.287;
13 ; 4 ; 12 ; -0.00313073 ; 0.0280465 ; -0.0203237 ; 100.664;
14 ; 4 ; 12 ; -0.0144779 ; -0.00806356 ; 0.00290096 ; 101.299;
15 ; 4 ; 12 ; -0.0274087 ; -0.0185094 ; -0.000312775 ; 101.897;
16 ; 4 ; 12 ; -0.0434681 ; 0.0425679 ; -0.0176216 ; 101.688;
17 ; 4 ; 12 ; 0.0196091 ; 0.00630732 ; -0.00237893 ; 101.525;
18 ; 4 ; 12 ; 0.00370226 ; -0.00309006 ; 0.00711599 ; 101.609;
19 ; 4 ; 12 ; -0.00898557 ; -0.00950727 ; 0.0242158 ; 101.085;
20 ; 4 ; 12 ; 0.027549 ; -0.00570703 ; -0.00674212 ; 100.525;
21 ; 4 ; 12 ; 0.0403223 ; 0.0838235 ; 0.0368916 ; 100.662;
4 ; 5 ; 12 ; 0.0294709 ; 0.0295545 ; -0.0405254 ; 103.297;
5 ; 5 ; 12 ; 0.00462134 ; -0.0388706 ; 0.0140976 ; 100.87;
6 ; 5 ; 12 ; -0.012211 ; -0.0108596 ; -0.00775146 ; 101.46;
7 ; 5 ; 12 ; -0.023933 ; -0.0107139 ; -0.022236 ; 101.941;
8 ; 5 ; 12 ; 0.0165693 ; -0.0150876 ; -0.0417153 ; 102.183;
9 ; 5 ; 12 ; -0.0187103 ; -0.022885 ; -0.0188414 ; 102.896;
10 ; 5 ; 12 ; -0.0314399 ; -0.0129424 ; -0.041253 ; 102.749;
11 ; 5 ; 12 ; -0.0212734 ; 0.00279031 ; -0.014431 ; 102.722;
12 ; 5 ; 12 ; -0.0148054 ; 0.0575402 ; 0.00508957 ; 102.847;
13 ; 5 ; 12 ; -0.00376131 ; -0.015961 ; -0.00508881 ; 100.738;
14 ; 5 ; 12 ; -0.017098 ; -0.0231233 ; -0.000333761 ; 101.449;
15 ; 5 ; 12 ; -0.0334905 ; -0.0349398 ; -0.00122988 ; 101.962;
16 ; 5 ; 12 ; -0.0234972 ; -0.00588707 ; -0.0109414 ; 102.188;
17 ; 5 ; 12 ; 0.0578058 ; 0.00726642 ; -0.042274 ; 101.655;
18 ; 5 ; 12 ; 0.0174486 ; -0.000896528 ; -0.00486232 ; 101.552;
19 ; 5 ; 12 ; -0.00341358 ; -0.0107816 ; 0.0145793 ; 101.406;
20 ; 5 ; 12 ; 0.00508164 ; -0.00145347 ; 0.020502 ; 100.779;
21 ; 5 ; 12 ; 0.0271465 ; 0.0353558 ; -0.0354023 ; 104.998;
4 ; 6 ; 12 ; -0.0261253 ; -0.0529232 ; 0.034484 ; 102.09;
5 ; 6 ; 12 ; -0.0066865 ; -0.0393993 ; 0.0494055 ; 101.07;
6 ; 6 ; 12 ; -0.0155766 ; -0.0257579 ; -0.00596986 ; 101.365;
7 ; 6 ; 12 ; -0.0466427 ; -0.00779143 ; -0.0210169 ; 101.692;
8 ; 6 ; 12 ; -0.0384727 ; 0.0157431 ; -0.0328647 ; 100.96;
9 ; 6 ; 12 ; 0.00514186 ; -0.0636557 ; 0.0505584 ; 103.46;
10 ; 6 ; 12 ; -0.0222043 ; -0.019774 ; -0.0398045 ; 102.669;
11 ; 6 ; 12 ; -0.0110226 ; -0.0134381 ; -0.027641 ; 102.351;
12 ; 6 ; 12 ; -0.00517511 ; -0.00129482 ; -0.00630834 ; 102.18;
13 ; 6 ; 12 ; 0.0137613 ; -0.0521728 ; 0.0111848 ; 100.802;
14 ; 6 ; 12 ; -0.0264271 ; -0.0372396 ; -0.00408645 ; 101.562;
15 ; 6 ; 12 ; -0.0388038 ; -0.0572448 ; -0.0017312 ; 102.109;
16 ; 6 ; 12 ; -0.00218049 ; -0.0411914 ; 0.013548 ; 102.056;
17 ; 6 ; 12 ; 0.0853822 ; 0.0065238 ; -0.0597039 ; 102.572;
18 ; 6 ; 12 ; 0.0248346 ; 0.00600436 ; -0.0130205 ; 101.167;
19 ; 6 ; 12 ; -0.00390148 ; -0.00471154 ; 0.0108203 ; 101.555;
20 ; 6 ; 12 ; -0.00129843 ; 0.00545401 ; 0.0271587 ; 101.623;
21 ; 6 ; 12 ; 0.0316507 ; 0.0242857 ; 0.0190738 ; 99.46;
4 ; 7 ; 12 ; -0.00777325 ; 0.00565389 ; 0.0143393 ; 100.8;
5 ; 7 ; 12 ; -0.00195285 ; -0.0193839 ; -0.00650127 ; 102.345;
6 ; 7 ; 12 ; 0.00984955 ; 0.00450161 ; -0.00114676 ; 101.813;
7 ; 7 ; 12 ; 0.0306441 ; 0.0212874 ; 0.0180217 ; 101.945;
8 ; 7 ; 12 ; 0.0381783 ; 0.0286973 ; 0.0763293 ; 102.315;
9 ; 7 ; 12 ; 0.00498001 ; 0.012207 ; 0.00392656 ; 101.254;
10 ; 7 ; 12 ; 0.018306 ; -0.00260754 ; 0.00314202 ; 101.648;
11 ; 7 ; 12 ; 0.0133505 ; 0.00389418 ; 0.0147744 ; 102.137;
12 ; 7 ; 12 ; 0.0339504 ; 0.00451033 ; -0.0212329 ; 102.062;
13 ; 7 ; 12 ; -0.0240963 ; -0.0209249 ; -0.0201491 ; 100.322;
14 ; 7 ; 12 ; -0.0223549 ; -0.00610172 ; -0.0245085 ; 100.711;
15 ; 7 ; 12 ; -0.000520531 ; 0.0204478 ; -0.0119354 ; 101.699;
16 ; 7 ; 12 ; -0.0161684 ; 0.0304162 ; -0.00524786 ; 103.03;
17 ; 7 ; 12 ; -0.015235 ; 0.0289139 ; 0.0262529 ; 101.426;
18 ; 7 ; 12 ; -0.0406066 ; 0.0217332 ; 0.0238681 ; 100.89;
19 ; 7 ; 12 ; -0.0403203 ; -0.0025253 ; 0.00494083 ; 100.905;
20 ; 7 ; 12 ; 0.00447519 ; -0.0534998 ; 0.0288196 ; 101.903;
21 ; 7 ; 12 ; 0.0400764 ; -0.0426572 ; 0.0326923 ; 101.178;
4 ; 8 ; 12 ; -0.0417386 ; -0.0137247 ; -0.0289771 ; 100.403;
5 ; 8 ; 12 ; 0.020447 ; -0.0264909 ; -0.0174929 ; 101.555;
6 ; 8 ; 12 ; 0.0162828 ; -0.000831044 ; -0.0025506 ; 101.694;
7 ; 8 ; 12 ; 0.0356531 ; 0.019768 ; 0.0107081 ; 101.946;
8 ; 8 ; 12 ; 0.0323474 ; 0.0318664 ; 0.036643 ; 102.029;
9 ; 8 ; 12 ; -0.0277878 ; 0.00848095 ; 0.00409916 ; 101.832;
10 ; 8 ; 12 ; 0.00714255 ; -0.00387919 ; 0.00284738 ; 101.961;
11 ; 8 ; 12 ; 0.0103284 ; -0.00325473 ; 0.0098706 ; 102.272;
12 ; 8 ; 12 ; 0.00986745 ; 0.0146762 ; 0.00841066 ; 102.376;
13 ; 8 ; 12 ; -0.0164491 ; -0.00326523 ; -0.00200534 ; 101.803;
14 ; 8 ; 12 ; -0.0179038 ; -0.00141546 ; -0.00874055 ; 101.318;
15 ; 8 ; 12 ; -0.00661256 ; 0.017662 ; 0.0073875 ; 101.828;
16 ; 8 ; 12 ; 0.015763 ; 0.026638 ; 0.00324499 ; 102.377;
17 ; 8 ; 12 ; -0.0373455 ; 0.0603962 ; -0.00926215 ; 101.321;
18 ; 8 ; 12 ; -0.039946 ; 0.0299449 ; 0.00658571 ; 101.09;
19 ; 8 ; 12 ; -0.0321216 ; -0.000133544 ; -0.0104258 ; 101.052;
20 ; 8 ; 12 ; -0.0222256 ; -0.0260387 ; -0.00996233 ; 102.161;
21 ; 8 ; 12 ; -0.00518247 ; -0.0227586 ; -0.00761637 ; 99.1575;
4 ; 9 ; 12 ; 0.000757023 ; 0.0111875 ; 0.0312961 ; 100.745;
5 ; 9 ; 12 ; -0.0117544 ; -0.0219779 ; -0.000582058 ; 101.542;
6 ; 9 ; 12 ; 0.00908279 ; -0.00272147 ; -0.00384263 ; 101.772;
7 ; 9 ; 12 ; 0.0223541 ; 0.0126915 ; 0.00359256 ; 102.111;
8 ; 9 ; 12 ; 0.0400108 ; 0.0406243 ; -0.00487194 ; 101.833;
9 ; 9 ; 12 ; -0.026656 ; -0.00471139 ; -0.041766 ; 102.847;
10 ; 9 ; 12 ; -0.00746886 ; -0.00711399 ; -0.0131284 ; 102.368;
11 ; 9 ; 12 ; 0.0100873 ; -0.0123112 ; -0.00622406 ; 102.35;
12 ; 9 ; 12 ; 0.00377075 ; -0.00211206 ; 0.0171734 ; 102.579;
13 ; 9 ; 12 ; -0.0412756 ; -0.00573525 ; -0.00933905 ; 102.036;
14 ; 9 ; 12 ; -0.0217758 ; 0.00297539 ; -0.00734884 ; 101.73;
15 ; 9 ; 12 ; -0.0131301 ; 0.00990112 ; 0.01653 ; 101.572;
16 ; 9 ; 12 ; 0.00779129 ; 0.0245348 ; 0.0331159 ; 101.957;
17 ; 9 ; 12 ; -0.0302456 ; 0.0603321 ; -0.0249414 ; 102.026;
18 ; 9 ; 12 ; -0.0322449 ; 0.0417385 ; -0.0171295 ; 101.662;
19 ; 9 ; 12 ; -0.0259359 ; 0.0109571 ; -0.031388 ; 101.398;
20 ; 9 ; 12 ; -0.0232937 ; -0.00834197 ; -0.0430192 ; 101.674;
21 ; 9 ; 12 ; 0.0663688 ; 0.0140391 ; -0.00159131 ; 103.418;
4 ; 10 ; 12 ; 0.00386667 ; 0.00227502 ; 0.0527471 ; 105.21;
5 ; 10 ; 12 ; 0.0159231 ; -0.0102359 ; 0.0170653 ; 101.421;
6 ; 10 ; 12 ; 0.00365767 ; -0.00875948 ; 0.0056642 ; 101.636;
7 ; 10 ; 12 ; 0.0136437 ; -0.00680108 ; 0.00710289 ; 101.975;
8 ; 10 ; 12 ; 0.0226746 ; 0.0288548 ; 0.0197867 ; 102.385;
9 ; 10 ; 12 ; -0.00437698 ; -0.00223983 ; -0.0281486 ; 102.749;
10 ; 10 ; 12 ; 0.0013103 ; -0.00932918 ; -0.0253513 ; 102.496;
11 ; 10 ; 12 ; 0.0128759 ; -0.0208607 ; -0.0147627 ; 102.083;
12 ; 10 ; 12 ; 0.0319066 ; -0.0255946 ; -0.0147784 ; 102.088;
13 ; 10 ; 12 ; -0.0495265 ; -0.00660677 ; -0.0329686 ; 100.695;
14 ; 10 ; 12 ; -0.0315923 ; 0.0149092 ; -0.014709 ; 101.48;
15 ; 10 ; 12 ; -0.0180145 ; 0.0197217 ; 0.00440047 ; 101.23;
16 ; 10 ; 12 ; -0.030603 ; 0.0137162 ; 0.0301254 ; 101.343;
17 ; 10 ; 12 ; 0.000794247 ; 0.0258014 ; -0.0042817 ; 102.005;
18 ; 10 ; 12 ; -0.0220343 ; 0.0313149 ; -0.0141648 ; 102.119;
19 ; 10 ; 12 ; -0.027267 ; 0.008809 ; -0.0142091 ; 101.726;
20 ; 10 ; 12 ; -0.00758912 ; -0.0101137 ; -0.03681 ; 100.531;
21 ; 10 ; 12 ; -0.000575641 ; 0.0247652 ; -0.0402031 ; 102.37;
4 ; 11 ; 12 ; -0.0728473 ; -0.00158119 ; 0.0235824 ; 102.843;
5 ; 11 ; 12 ; 0.0189593 ; -0.0545475 ; 0.0716677 ; 101.41;
6 ; 11 ; 12 ; 0.0174623 ; -0.0200175 ; 0.0347522 ; 101.541;
7 ; 11 ; 12 ; 0.0233703 ; -0.0137255 ; 0.0238976 ; 101.642;
8 ; 11 ; 12 ; 0.00806942 ; -0.00869335 ; 0.0185278 ; 102.072;
9 ; 11 ; 12 ; -0.0215235 ; -0.0302295 ; 0.0149016 ; 103.857;
10 ; 11 ; 12 ; -0.00640632 ; -0.0051424 ; -0.0103994 ; 102.393;
11 ; 11 ; 12 ; 0.000947454 ; -0.00879875 ; -0.00898167 ; 101.564;
12 ; 11 ; 12 ; 0.0080166 ; -0.0230668 ; 0.000218346 ; 101.879;
13 ; 11 ; 12 ; -0.00684068 ; 0.00451402 ; 0.0285382 ; 101.962;
14 ; 11 ; 12 ; -0.01709 ; 0.0219643 ; -0.014521 ; 101.259;
15 ; 11 ; 12 ; -0.00462279 ; 0.037272 ; -0.0132809 ; 101.335;
16 ; 11 ; 12 ; -0.0028736 ; 0.0232841 ; 0.00229229 ; 100.841;
17 ; 11 ; 12 ; 0.00807956 ; 0.022744 ; 0.0167899 ; 101.879;
18 ; 11 ; 12 ; -0.00492278 ; 0.0140476 ; 0.00113412 ; 102.079;
19 ; 11 ; 12 ; -0.0286197 ; -0.0124789 ; 0.00543816 ; 102.13;
20 ; 11 ; 12 ; -0.0416405 ; -0.00648753 ; -0.0086389 ; 101.481;
21 ; 11 ; 12 ; -0.0300067 ; 0.000905133 ; -0.046811 ; 104.605;
4 ; 12 ; 12 ; 0.0094911 ; -0.0336193 ; 0.00504344 ; 101.615;
5 ; 12 ; 12 ; -0.00849518 ; -0.0831846 ; 0.105063 ; 101.85;
6 ; 12 ; 12 ; 0.035594 ; -0.0314706 ; 0.0531061 ; 101.316;
7 ; 12 ; 12 ; 0.0422545 ; -0.014581 ; 0.0325416 ; 101.347;
8 ; 12 ; 12 ; 0.0383195 ; -0.0113292 ; 0.00798869 ; 101.932;
9 ; 12 ; 12 ; -0.0456914 ; -0.0584157 ; 0.0182111 ; 105.01;
10 ; 12 ; 12 ; -0.0128912 ; -0.00263156 ; 0.00742052 ; 102.398;
11 ; 12 ; 12 ; -0.00841019 ; -0.00299556 ; -0.00163426 ; 101.318;
12 ; 12 ; 12 ; 0.00559841 ; -0.0272263 ; 0.0127155 ; 102.223;
13 ; 12 ; 12 ; 0.0153682 ; 0.00694544 ; 0.0641882 ; 103.337;
14 ; 12 ; 12 ; -0.001662 ; 0.0286014 ; 0.00152901 ; 101.516;
15 ; 12 ; 12 ; 0.000374583 ; 0.0501022 ; -0.0101831 ; 101.72;
16 ; 12 ; 12 ; -0.00569621 ; 0.0341792 ; 0.00794467 ; 103.05;
17 ; 12 ; 12 ; 0.0104237 ; 0.0363787 ; 0.0264562 ; 101.905;
18 ; 12 ; 12 ; 0.00115178 ; 0.00444261 ; 0.00816103 ; 101.9;
19 ; 12 ; 12 ; -0.0248799 ; -0.0303422 ; 0.01555 ; 102.289;
20 ; 12 ; 12 ; -0.0311211 ; -0.0258418 ; 0.036251 ; 102.375;
21 ; 12 ; 12 ; 0.0483893 ; -0.0700852 ; 0.0101423 ; 100.265;
4 ; 13 ; 12 ; -0.0276045 ; -0.0546366 ; -0.0579401 ; 101.857;
5 ; 13 ; 12 ; 0.0291743 ; 0.0111523 ; -0.00176623 ; 102.162;
6 ; 13 ; 12 ; 0.0216649 ; 0.00728399 ; 0.0254716 ; 101.934;
7 ; 13 ; 12 ; 0.00827727 ; -0.018965 ; 0.0252693 ; 101.352;
8 ; 13 ; 12 ; -0.0290768 ; 0.00915738 ; 0.0181188 ; 99.6175;
9 ; 13 ; 12 ; 0.0301988 ; 0.0140602 ; 0.00696547 ; 102.073;
10 ; 13 ; 12 ; 0.0190305 ; 0.0376324 ; 0.0191828 ; 101.598;
11 ; 13 ; 12 ; -0.00365285 ; 0.0553262 ; 0.00328426 ; 101.292;
12 ; 13 ; 12 ; -0.0173744 ; 0.0996606 ; 0.0318452 ; 101.438;
13 ; 13 ; 12 ; 0.0449636 ; 0.00490736 ; 0.0186928 ; 102.171;
14 ; 13 ; 12 ; 0.0252488 ; 0.000548787 ; 0.0305708 ; 101.887;
15 ; 13 ; 12 ; 0.0292202 ; -0.00168441 ; 0.0162158 ; 102.641;
16 ; 13 ; 12 ; 0.125836 ; -0.0289412 ; -0.017762 ; 103.81;
17 ; 13 ; 12 ; 0.0162348 ; 0.0144782 ; 0.00558394 ; 100.605;
18 ; 13 ; 12 ; 0.0107968 ; -0.0100686 ; -0.0101338 ; 101.138;
19 ; 13 ; 12 ; 0.00753612 ; -0.0192034 ; -0.0141329 ; 101.745;
20 ; 13 ; 12 ; -0.0210739 ; -0.0300955 ; -0.0403929 ; 100.277;
21 ; 13 ; 12 ; -0.0070922 ; -0.000691567 ; -0.0310187 ; 104.957;
4 ; 14 ; 12 ; -0.0389813 ; 0.0783561 ; -0.00113769 ; 101.2;
5 ; 14 ; 12 ; 0.00453404 ; 0.0503479 ; 0.0527679 ; 101.712;
6 ; 14 ; 12 ; 0.00731108 ; 0.0147483 ; 0.0369883 ; 101.924;
7 ; 14 ; 12 ; 0.00302663 ; -0.0223543 ; 0.0301945 ; 101.685;
8 ; 14 ; 12 ; -0.00543409 ; -0.0148145 ; 0.0155326 ; 100.782;
9 ; 14 ; 12 ; 0.0177308 ; 0.0301605 ; -0.0370683 ; 101.266;
10 ; 14 ; 12 ; 0.0163287 ; 0.0394539 ; -0.00745387 ; 101.559;
11 ; 14 ; 12 ; -0.00198011 ; 0.050544 ; -0.0156597 ; 101.567;
12 ; 14 ; 12 ; -0.016584 ; 0.0694951 ; 1.1552e-06 ; 101.366;
13 ; 14 ; 12 ; 0.0242428 ; -0.0345931 ; 0.0222929 ; 100.745;
14 ; 14 ; 12 ; 0.0200039 ; -0.0154011 ; 0.023055 ; 101.371;
15 ; 14 ; 12 ; 0.0160847 ; -0.0165155 ; 0.00847348 ; 102;
16 ; 14 ; 12 ; 0.0658101 ; -0.00974146 ; -0.00406495 ; 103.718;
17 ; 14 ; 12 ; -0.00225148 ; 0.0158596 ; -0.0260626 ; 101.229;
18 ; 14 ; 12 ; 0.00547275 ; -0.00889283 ; -0.0186992 ; 101.232;
19 ; 14 ; 12 ; 0.011479 ; -0.0235025 ; -0.0167515 ; 101.779;
20 ; 14 ; 12 ; 0.00474429 ; -0.0270975 ; -0.00653843 ; 101.346;
21 ; 14 ; 12 ; 0.0978019 ; 0.00778698 ; -0.0728056 ; 100.835;
4 ; 15 ; 12 ; 0.0156731 ; -0.0178375 ; 0.0198876 ; 101.707;
5 ; 15 ; 12 ; -0.0187426 ; 0.0563605 ; 0.0554526 ; 102.45;
6 ; 15 ; 12 ; -0.00642796 ; 0.0229309 ; 0.0497994 ; 102.003;
7 ; 15 ; 12 ; -0.00609244 ; -0.0201611 ; 0.0337546 ; 101.787;
8 ; 15 ; 12 ; 0.00948538 ; -0.0502372 ; 0.0164584 ; 102.272;
9 ; 15 ; 12 ; -0.0215583 ; -0.00417284 ; -0.0423889 ; 101.301;
10 ; 15 ; 12 ; 0.00133096 ; 0.0299515 ; -0.0413522 ; 101.661;
11 ; 15 ; 12 ; 0.00206186 ; 0.0386887 ; -0.0376632 ; 101.936;
12 ; 15 ; 12 ; -0.00897638 ; 0.0343944 ; -0.0354533 ; 101.835;
13 ; 15 ; 12 ; 0.00350852 ; -0.0245346 ; -0.000128815 ; 100.631;
14 ; 15 ; 12 ; 0.00822002 ; -0.0264996 ; -0.00131812 ; 100.846;
15 ; 15 ; 12 ; -0.0022923 ; -0.0225644 ; -0.0151837 ; 101.208;
16 ; 15 ; 12 ; -0.00835025 ; -0.0131157 ; -0.00668794 ; 102.106;
17 ; 15 ; 12 ; 0.0234963 ; -0.0192106 ; -0.0407967 ; 101.473;
18 ; 15 ; 12 ; 0.0121191 ; -0.0136108 ; -0.0267834 ; 101.342;
19 ; 15 ; 12 ; 0.0256409 ; -0.0280542 ; -0.0168517 ; 101.706;
20 ; 15 ; 12 ; 0.0329284 ; -0.0362961 ; 0.00708517 ; 102.322;
21 ; 15 ; 12 ; -0.0293612 ; -0.0455347 ; -0.0308314 ; 103.983;
4 ; 16 ; 12 ; -0.0661022 ; 0.0184982 ; -0.0212336 ; 103.44;
5 ; 16 ; 12 ; 0.00860479 ; 0.0707344 ; 0.0247748 ; 101.926;
6 ; 16 ; 12 ; -0.0130766 ; 0.042485 ; 0.0382846 ; 102.038;
7 ; 16 ; 12 ; -0.0202478 ; -0.000630021 ; 0.0204818 ; 101.491;
8 ; 16 ; 12 ; -0.0173165 ; -0.0368384 ; 0.0203362 ; 101.31;
9 ; 16 ; 12 ; -0.0107539 ; -0.0145433 ; -0.0146202 ; 101.09;
10 ; 16 ; 12 ; -0.0102322 ; 0.000988327 ; -0.0241952 ; 101.421;
11 ; 16 ; 12 ; -0.0013891 ; 0.0120086 ; -0.0143897 ; 101.995;
12 ; 16 ; 12 ; 0.013027 ; 0.0416611 ; -0.0233995 ; 102.436;
13 ; 16 ; 12 ; 0.0019989 ; -0.00769651 ; 0.0161294 ; 101.353;
14 ; 16 ; 12 ; 0.00248049 ; -0.0102251 ; -0.00698989 ; 100.871;
15 ; 16 ; 12 ; 0.00620887 ; -0.00150092 ; -0.022792 ; 101.003;
16 ; 16 ; 12 ; -0.00174169 ; -0.0215837 ; -0.0471752 ; 100.864;
17 ; 16 ; 12 ; 0.0406447 ; -0.0121489 ; -0.0189892 ; 102.411;
18 ; 16 ; 12 ; 0.026291 ; -0.0211064 ; -0.0230469 ; 101.937;
19 ; 16 ; 12 ; 0.0262456 ; -0.0380695 ; -0.0154383 ; 101.967;
20 ; 16 ; 12 ; 0.0330164 ; -0.0384861 ; -0.0226036 ; 101.955;
21 ; 16 ; 12 ; -0.00105629 ; 0.039347 ; 0.0125371 ; 99.3875;
4 ; 17 ; 12 ; -0.0391752 ; 0.102259 ; 0.0603508 ; 101.11;
5 ; 17 ; 12 ; 0.0575761 ; 0.085079 ; 0.000528852 ; 100.53;
6 ; 17 ; 12 ; 0.0211752 ; 0.0508049 ; 0.017833 ; 101.695;
7 ; 17 ; 12 ; -0.000421034 ; 0.00539449 ; 0.0093709 ; 101.609;
8 ; 17 ; 12 ; -0.0268408 ; -0.0180577 ; -0.0122294 ; 101.052;
9 ; 17 ; 12 ; 0.0280891 ; 0.0207709 ; 0.0111697 ; 100.877;
10 ; 17 ; 12 ; 0.0034949 ; -0.0129514 ; 0.00681289 ; 101.225;
11 ; 17 ; 12 ; 0.00133946 ; -0.0234004 ; 0.0133588 ; 101.535;
12 ; 17 ; 12 ; 0.00686709 ; 0.00560629 ; 0.00639445 ; 102.431;
13 ; 17 ; 12 ; 0.0196211 ; 0.0349911 ; 0.0325048 ; 100.99;
14 ; 17 ; 12 ; 0.0036283 ; 0.0104832 ; -0.00477561 ; 101.234;
15 ; 17 ; 12 ; 0.00751788 ; 0.010976 ; -0.0213075 ; 101.172;
16 ; 17 ; 12 ; 0.0237082 ; 0.0251581 ; -0.0416235 ; 101.565;
17 ; 17 ; 12 ; 0.054898 ; -0.0398162 ; -0.0433154 ; 101.809;
18 ; 17 ; 12 ; 0.0380554 ; -0.0243807 ; -0.020132 ; 102.141;
19 ; 17 ; 12 ; 0.0162176 ; -0.0424012 ; -0.0150166 ; 102.5;
20 ; 17 ; 12 ; 0.022434 ; -0.0573668 ; -0.00474726 ; 102.544;
21 ; 17 ; 12 ; -0.0925349 ; -0.0209954 ; -0.0574654 ; 99.08;
4 ; 18 ; 12 ; 0.0106642 ; 0.019987 ; -0.0597468 ; 101.395;
5 ; 18 ; 12 ; 0.0926307 ; 0.0714805 ; -0.00688073 ; 100.107;
6 ; 18 ; 12 ; 0.0361409 ; 0.0586922 ; 0.00886839 ; 101.432;
7 ; 18 ; 12 ; 0.0119813 ; 0.00487627 ; 0.00603057 ; 101.944;
8 ; 18 ; 12 ; -0.0119785 ; -0.0160103 ; -0.034436 ; 102.27;
9 ; 18 ; 12 ; 0.038318 ; 0.0448102 ; 0.0203128 ; 101.355;
10 ; 18 ; 12 ; 0.0187121 ; -0.0140829 ; 0.0203747 ; 100.989;
11 ; 18 ; 12 ; 0.00236145 ; -0.0422393 ; 0.0252787 ; 101.273;
12 ; 18 ; 12 ; -0.0235669 ; -0.0334611 ; 0.0165155 ; 102.14;
13 ; 18 ; 12 ; 0.0272741 ; 0.0748868 ; 0.0203323 ; 100.65;
14 ; 18 ; 12 ; 0.006204 ; 0.0142442 ; 0.00323613 ; 101.234;
15 ; 18 ; 12 ; 0.00633494 ; 0.00656158 ; -0.0144317 ; 101.089;
16 ; 18 ; 12 ; 0.028275 ; 0.0334379 ; -0.00807101 ; 101.104;
17 ; 18 ; 12 ; 0.0732076 ; -0.0834542 ; -0.0689419 ; 100.595;
18 ; 18 ; 12 ; 0.036474 ; -0.0228278 ; -0.0231816 ; 102.27;
19 ; 18 ; 12 ; 0.00532733 ; -0.0461391 ; -0.0183798 ; 102.884;
20 ; 18 ; 12 ; -0.0136241 ; -0.0814013 ; 0.00697262 ; 102.685;
21 ; 18 ; 12 ; 0.0415574 ; 0.00655709 ; -0.0138729 ; 100.622;
4 ; 19 ; 12 ; 0.0582275 ; 0.0293438 ; -0.00463343 ; 98.895;
5 ; 19 ; 12 ; 0.0238734 ; 0.0019854 ; 0.00825625 ; 101.982;
6 ; 19 ; 12 ; 0.0111247 ; -0.00168975 ; 0.00638321 ; 101.657;
7 ; 19 ; 12 ; -0.0118324 ; 0.013516 ; 0.0096659 ; 102.093;
8 ; 19 ; 12 ; -0.021014 ; 0.0247606 ; 0.0752165 ; 102.09;
9 ; 19 ; 12 ; 0.00118611 ; 0.0241008 ; -0.00662377 ; 101.626;
10 ; 19 ; 12 ; 0.0187797 ; 0.0219945 ; -0.013727 ; 101.475;
11 ; 19 ; 12 ; 0.0319457 ; -0.0138325 ; -0.0149443 ; 101.51;
12 ; 19 ; 12 ; 0.0207381 ; -0.0725882 ; 0.00338726 ; 102.61;
13 ; 19 ; 12 ; 0.0221412 ; -0.0406104 ; 0.0431562 ; 102.543;
14 ; 19 ; 12 ; 0.00794566 ; -0.0463258 ; 0.0332239 ; 102.452;
15 ; 19 ; 12 ; 0.0245329 ; -0.0324781 ; 0.0293936 ; 101.991;
16 ; 19 ; 12 ; 0.0410292 ; 0.0094865 ; 0.0102572 ; 101.687;
17 ; 19 ; 12 ; 0.0262747 ; 0.0192309 ; 0.00953639 ; 102.43;
18 ; 19 ; 12 ; 0.0103564 ; 0.0272084 ; -0.00451423 ; 103.039;
19 ; 19 ; 12 ; 0.00418794 ; 0.0492798 ; -0.0220834 ; 102.949;
20 ; 19 ; 12 ; 0.0810907 ; 0.00481749 ; -0.0575515 ; 104.01;
21 ; 19 ; 12 ; 0.0271836 ; 0.0374772 ; -0.0353394 ; 103.273;
4 ; 20 ; 12 ; -0.00168978 ; 0.0727747 ; 0.0203889 ; 101.577;
5 ; 20 ; 12 ; 0.0126216 ; 0.00715195 ; 0.0440772 ; 101.199;
6 ; 20 ; 12 ; 0.00337622 ; 0.000287601 ; 0.0126687 ; 101.682;
7 ; 20 ; 12 ; -0.0135245 ; 0.00817886 ; 0.00329867 ; 102.407;
8 ; 20 ; 12 ; -0.0217438 ; 0.0188244 ; 0.0382082 ; 102.264;
9 ; 20 ; 12 ; 0.0083588 ; -0.0106122 ; -0.00751956 ; 101.755;
10 ; 20 ; 12 ; 0.0207361 ; 0.0114023 ; -0.00980178 ; 101.529;
11 ; 20 ; 12 ; 0.0373316 ; -0.00534878 ; -0.0198933 ; 101.932;
12 ; 20 ; 12 ; 0.0246578 ; -0.0421419 ; -0.0090329 ; 102.119;
13 ; 20 ; 12 ; 0.0105757 ; -0.0187025 ; 0.00776396 ; 102.016;
14 ; 20 ; 12 ; 0.00382185 ; -0.032545 ; 0.0329015 ; 102.269;
15 ; 20 ; 12 ; 0.0161674 ; -0.0192274 ; 0.0418053 ; 102.116;
16 ; 20 ; 12 ; 0.0377585 ; -0.0195399 ; 0.0193817 ; 101.75;
17 ; 20 ; 12 ; -0.0292348 ; 0.0155411 ; 0.0527557 ; 101.194;
18 ; 20 ; 12 ; -0.00180356 ; 0.0236113 ; 0.0138719 ; 102.669;
19 ; 20 ; 12 ; 0.0081152 ; 0.0417966 ; -0.00650935 ; 102.72;
20 ; 20 ; 12 ; 0.022749 ; 0.0477994 ; -0.0359449 ; 103.237;
21 ; 20 ; 12 ; -0.0349303 ; 0.013701 ; 0.0743784 ; 103.02;
4 ; 21 ; 12 ; 0.00276946 ; 0.0443293 ; 0.0136 ; 101.102;
5 ; 21 ; 12 ; -0.00576304 ; -0.000663847 ; 0.0539621 ; 101.04;
6 ; 21 ; 12 ; 0.00128084 ; 0.00828851 ; 0.0189123 ; 101.62;
7 ; 21 ; 12 ; -0.0127479 ; 0.00476627 ; -0.00594477 ; 102.665;
8 ; 21 ; 12 ; -0.00992702 ; 0.0187288 ; -0.0243418 ; 102.397;
9 ; 21 ; 12 ; -0.000852975 ; -0.0352387 ; 0.015423 ; 101.9;
10 ; 21 ; 12 ; 0.0246979 ; 0.00427871 ; -0.015269 ; 101.587;
11 ; 21 ; 12 ; 0.0422051 ; 0.00761952 ; -0.0278994 ; 102.163;
12 ; 21 ; 12 ; 0.0245591 ; -0.00159483 ; -0.0276063 ; 102.754;
13 ; 21 ; 12 ; 0.00434986 ; 0.00600623 ; -0.0216109 ; 101.137;
14 ; 21 ; 12 ; 0.00482328 ; -0.0238966 ; 0.0395107 ; 102.374;
15 ; 21 ; 12 ; 0.0105829 ; -0.0182226 ; 0.0564788 ; 102.229;
16 ; 21 ; 12 ; 0.0118795 ; -0.0158506 ; 0.0290089 ; 102.007;
17 ; 21 ; 12 ; -0.0659356 ; 0.0330537 ; 0.103739 ; 100.672;
18 ; 21 ; 12 ; -0.0107653 ; 0.0209169 ; 0.0227092 ; 102.19;
19 ; 21 ; 12 ; 0.00250608 ; 0.0457467 ; 0.00501226 ; 102.404;
20 ; 21 ; 12 ; -0.0117318 ; 0.0524912 ; 0.00930606 ; 102.135;
21 ; 21 ; 12 ; 0.0342406 ; -0.0424154 ; 0.0611347 ; 100.822;
4 ; 4 ; 13 ; 0.084981 ; 0.0729308 ; -0.0205489 ; 102.54;
5 ; 4 ; 13 ; 0.00720142 ; -0.0439567 ; -0.00490823 ; 101.519;
6 ; 4 ; 13 ; -0.022508 ; -0.0282674 ; -0.0175092 ; 101.788;
7 ; 4 ; 13 ; -0.0421828 ; -0.000357645 ; -0.0271188 ; 101.344;
8 ; 4 ; 13 ; -0.0330187 ; 0.0414156 ; -0.0549645 ; 99.365;
9 ; 4 ; 13 ; 0.0210362 ; -0.0117906 ; -0.00461021 ; 100.292;
10 ; 4 ; 13 ; 0.00393831 ; -0.00967081 ; 0.00794358 ; 101.178;
11 ; 4 ; 13 ; -0.0138586 ; 0.0197165 ; 0.0294832 ; 102.093;
12 ; 4 ; 13 ; -0.0488158 ; 0.0536277 ; 0.0399021 ; 103.857;
13 ; 4 ; 13 ; -0.0142057 ; -0.0166499 ; 0.0173543 ; 101.683;
14 ; 4 ; 13 ; -0.0223532 ; -0.0106616 ; 0.0217967 ; 101.197;
15 ; 4 ; 13 ; -0.00084521 ; -0.0293634 ; 0.0257174 ; 101.455;
16 ; 4 ; 13 ; -0.0206499 ; -0.0822112 ; 0.0722625 ; 101.497;
17 ; 4 ; 13 ; -0.0166133 ; 0.0298361 ; 0.0251772 ; 100.733;
18 ; 4 ; 13 ; -0.0032276 ; 0.0120904 ; 0.00567454 ; 100.417;
19 ; 4 ; 13 ; 0.0114084 ; -0.0302041 ; -0.0149048 ; 101.001;
20 ; 4 ; 13 ; 0.0244381 ; -0.097522 ; 0.0235968 ; 101.85;
21 ; 4 ; 13 ; -0.00735871 ; 0.0445022 ; -0.00176074 ; 102.23;
4 ; 5 ; 13 ; 0.0037037 ; 0.0266403 ; 0.000461859 ; 101.672;
5 ; 5 ; 13 ; -0.0394687 ; -0.0150399 ; 0.0305134 ; 102.669;
6 ; 5 ; 13 ; -0.0332594 ; -0.0141949 ; -0.00478981 ; 101.834;
7 ; 5 ; 13 ; -0.0389961 ; 0.0105096 ; -0.0247137 ; 101.611;
8 ; 5 ; 13 ; -0.0484436 ; 0.0246219 ; -0.0212481 ; 100.247;
9 ; 5 ; 13 ; 0.0121419 ; -0.00815998 ; -0.00425842 ; 101.171;
10 ; 5 ; 13 ; 0.00314667 ; -0.00813823 ; -0.00329475 ; 101.049;
11 ; 5 ; 13 ; -0.00150428 ; 0.00748452 ; 0.00986727 ; 101.479;
12 ; 5 ; 13 ; -0.0255766 ; 0.0412228 ; 0.0377625 ; 102.367;
13 ; 5 ; 13 ; -0.0185503 ; -0.0146718 ; 0.018351 ; 100.766;
14 ; 5 ; 13 ; -0.016946 ; -0.00479313 ; 0.031142 ; 101.242;
15 ; 5 ; 13 ; 0.00267725 ; -0.018163 ; 0.0397302 ; 101.909;
16 ; 5 ; 13 ; 0.00544886 ; -0.0445783 ; 0.0283778 ; 101.584;
17 ; 5 ; 13 ; 0.0290353 ; 0.0148085 ; 0.0472851 ; 101.979;
18 ; 5 ; 13 ; 0.00113293 ; 0.0239713 ; 0.0106284 ; 100.95;
19 ; 5 ; 13 ; 0.000194746 ; -0.00507768 ; -0.0213408 ; 101.039;
20 ; 5 ; 13 ; 0.0305944 ; -0.0566051 ; -0.0194669 ; 101.901;
21 ; 5 ; 13 ; -0.0019067 ; 0.0165148 ; -0.014383 ; 102.167;
4 ; 6 ; 13 ; -0.0124207 ; -0.030648 ; 0.0474999 ; 102.54;
5 ; 6 ; 13 ; -0.0638708 ; 0.0153699 ; 0.0532391 ; 103.283;
6 ; 6 ; 13 ; -0.0461859 ; -0.0119718 ; 0.0125577 ; 101.748;
7 ; 6 ; 13 ; -0.0451124 ; 0.00792614 ; -0.00965566 ; 101.878;
8 ; 6 ; 13 ; -0.0336249 ; 0.018046 ; -0.0132554 ; 102.057;
9 ; 6 ; 13 ; -0.00533021 ; 3.6528e-05 ; -0.0142324 ; 101.715;
10 ; 6 ; 13 ; 0.00880469 ; -0.00860105 ; -0.00813441 ; 100.797;
11 ; 6 ; 13 ; 0.0140799 ; -0.00492663 ; -0.0040537 ; 100.62;
12 ; 6 ; 13 ; 0.0319911 ; 0.000896526 ; 0.0138299 ; 101.259;
13 ; 6 ; 13 ; -0.0210004 ; -0.00378666 ; 0.0211078 ; 101.37;
14 ; 6 ; 13 ; -0.00609086 ; -0.00286003 ; 0.0349238 ; 100.938;
15 ; 6 ; 13 ; 0.01486 ; -0.00472213 ; 0.0382842 ; 102.166;
16 ; 6 ; 13 ; 0.0110476 ; 0.000709975 ; 0.00920053 ; 102.093;
17 ; 6 ; 13 ; 0.0521702 ; 0.0127231 ; 0.062909 ; 103.812;
18 ; 6 ; 13 ; 0.00795593 ; 0.0308716 ; 0.0122659 ; 101.22;
19 ; 6 ; 13 ; -0.00464334 ; 0.0226869 ; -0.0351622 ; 101.141;
20 ; 6 ; 13 ; 0.0133136 ; -0.0183947 ; -0.057507 ; 101.937;
21 ; 6 ; 13 ; 0.0336086 ; 0.0288836 ; -0.0663183 ; 102.068;
4 ; 7 ; 13 ; -0.0460685 ; 0.05513 ; 0.117202 ; 100.74;
5 ; 7 ; 13 ; 0.00984997 ; 0.0133516 ; 0.00387658 ; 101.751;
6 ; 7 ; 13 ; 0.016399 ; -0.00746379 ; -0.00375337 ; 101.41;
7 ; 7 ; 13 ; 0.0220955 ; -0.00638088 ; -0.0337045 ; 101.197;
8 ; 7 ; 13 ; 0.043077 ; 0.03218 ; -0.0517338 ; 100.998;
9 ; 7 ; 13 ; 0.0285877 ; -0.0311062 ; -0.00910074 ; 101.946;
10 ; 7 ; 13 ; 0.013144 ; -0.051095 ; -0.0103889 ; 101.736;
11 ; 7 ; 13 ; -0.00404882 ; -0.0130624 ; -0.0203539 ; 101.744;
12 ; 7 ; 13 ; -0.0111165 ; 0.0108451 ; -0.0734732 ; 102.582;
13 ; 7 ; 13 ; -0.0149891 ; -0.0164724 ; -0.0286716 ; 100.347;
14 ; 7 ; 13 ; -0.00158058 ; -0.0110456 ; -0.0310824 ; 100.914;
15 ; 7 ; 13 ; -0.00117977 ; 0.034018 ; -0.0217641 ; 101.764;
16 ; 7 ; 13 ; -0.0307644 ; 0.0581098 ; 0.0149152 ; 102.18;
17 ; 7 ; 13 ; -0.00375556 ; 0.00656287 ; 0.00510973 ; 101.73;
18 ; 7 ; 13 ; 0.000488684 ; -0.0276622 ; 0.00155686 ; 101.938;
19 ; 7 ; 13 ; -0.00848841 ; -0.041223 ; 0.00683137 ; 101.459;
20 ; 7 ; 13 ; 0.0229916 ; -0.0450225 ; 0.0303314 ; 100.002;
21 ; 7 ; 13 ; 0.0105101 ; 0.0238001 ; 0.042194 ; 102.142;
4 ; 8 ; 13 ; -0.0419076 ; 0.011968 ; 0.0121442 ; 102.1;
5 ; 8 ; 13 ; -0.0301014 ; 0.0283147 ; -0.0133576 ; 101.195;
6 ; 8 ; 13 ; 0.000170826 ; 0.00531567 ; -0.0104785 ; 101.608;
7 ; 8 ; 13 ; 0.00944744 ; -0.00206103 ; -0.0323975 ; 101.734;
8 ; 8 ; 13 ; 0.0353649 ; 0.0111515 ; -0.0503244 ; 101.291;
9 ; 8 ; 13 ; 0.00771341 ; -0.0153364 ; -0.0145929 ; 101.38;
10 ; 8 ; 13 ; 0.00873256 ; -0.0324859 ; -0.00877847 ; 101.631;
11 ; 8 ; 13 ; -0.00501803 ; -0.00981428 ; -0.0122923 ; 101.73;
12 ; 8 ; 13 ; -0.0157852 ; 0.0155279 ; -0.0435704 ; 101.841;
13 ; 8 ; 13 ; -0.00612599 ; 0.0162472 ; -0.0136584 ; 100.404;
14 ; 8 ; 13 ; -0.00320124 ; 0.00864298 ; -0.0259183 ; 101.033;
15 ; 8 ; 13 ; 0.000759588 ; 0.0411918 ; -0.0188779 ; 101.666;
16 ; 8 ; 13 ; -0.00280526 ; 0.0546774 ; -0.0141295 ; 102.415;
17 ; 8 ; 13 ; 0.0147686 ; 0.00329456 ; -0.0384075 ; 101.144;
18 ; 8 ; 13 ; 0.00954682 ; -0.0160194 ; -0.0153939 ; 101.44;
19 ; 8 ; 13 ; 0.00545935 ; -0.0248657 ; -0.00291005 ; 101.214;
20 ; 8 ; 13 ; -0.0141256 ; -0.0421666 ; 0.0153575 ; 100.887;
21 ; 8 ; 13 ; -0.0317559 ; -0.0404666 ; -0.000950403 ; 103.032;
4 ; 9 ; 13 ; 0.00109058 ; -0.0138552 ; -0.0627855 ; 103.172;
5 ; 9 ; 13 ; 0.00429832 ; 0.00121925 ; -0.00887507 ; 102.094;
6 ; 9 ; 13 ; -0.00845562 ; 0.00556148 ; -0.0175542 ; 101.654;
7 ; 9 ; 13 ; 0.000660702 ; -0.00498284 ; -0.0319764 ; 101.72;
8 ; 9 ; 13 ; 0.0112324 ; -0.00758148 ; -0.0390208 ; 102.654;
9 ; 9 ; 13 ; 0.0257759 ; 0.0125498 ; -0.0513469 ; 101.567;
10 ; 9 ; 13 ; 0.0104594 ; -0.00107461 ; -0.0186299 ; 101.593;
11 ; 9 ; 13 ; -0.00367751 ; 0.00326367 ; -0.00426977 ; 101.839;
12 ; 9 ; 13 ; -0.0130909 ; -0.00371877 ; 0.00164549 ; 101.217;
13 ; 9 ; 13 ; 0.013893 ; 0.0132502 ; 0.0059811 ; 101.121;
14 ; 9 ; 13 ; 0.00179191 ; 0.0244595 ; -0.0113261 ; 101.021;
15 ; 9 ; 13 ; 0.00661674 ; 0.0346381 ; -0.0025015 ; 101.278;
16 ; 9 ; 13 ; 0.0138275 ; 0.0500292 ; -0.0337324 ; 102.243;
17 ; 9 ; 13 ; 0.00640053 ; 0.0039749 ; 0.00270039 ; 101.643;
18 ; 9 ; 13 ; 0.0112994 ; -0.00340857 ; -0.0212092 ; 101.193;
19 ; 9 ; 13 ; 0.00334374 ; -0.0104854 ; -0.010664 ; 101.451;
20 ; 9 ; 13 ; -0.00626255 ; -0.0177383 ; 0.00207976 ; 101.419;
21 ; 9 ; 13 ; 0.0149991 ; 0.000241981 ; 0.0440006 ; 99.3375;
4 ; 10 ; 13 ; 0.0350911 ; -0.038682 ; 0.00470127 ; 102.365;
5 ; 10 ; 13 ; 0.0475311 ; -0.0347968 ; 0.0548178 ; 101.765;
6 ; 10 ; 13 ; 0.0124803 ; -0.0146892 ; 0.00499046 ; 101.665;
7 ; 10 ; 13 ; 0.0075851 ; -0.0112837 ; -0.0174684 ; 101.396;
8 ; 10 ; 13 ; 0.0111596 ; -0.00684458 ; -0.0325894 ; 101.682;
9 ; 10 ; 13 ; 0.0350078 ; 0.0107177 ; -0.0527257 ; 101.426;
10 ; 10 ; 13 ; 0.0246816 ; 0.00519915 ; -0.0374359 ; 101.669;
11 ; 10 ; 13 ; 0.0110794 ; -0.00749938 ; -0.0156518 ; 101.994;
12 ; 10 ; 13 ; 0.00227286 ; -0.0108018 ; 0.00973031 ; 101.977;
13 ; 10 ; 13 ; 1.12811e-05 ; 0.000672238 ; -0.00716004 ; 101.523;
14 ; 10 ; 13 ; -0.00206187 ; 0.0163327 ; 0.00365342 ; 101.204;
15 ; 10 ; 13 ; -0.00165093 ; 0.00946969 ; 0.0202119 ; 101.172;
16 ; 10 ; 13 ; 0.00236771 ; 0.0197369 ; 0.0145752 ; 101.256;
17 ; 10 ; 13 ; 0.0218045 ; -0.0119343 ; -0.00955622 ; 102.131;
18 ; 10 ; 13 ; 0.00740057 ; -0.0140111 ; -0.0172097 ; 101.62;
19 ; 10 ; 13 ; -0.00179833 ; -0.0198623 ; -0.01965 ; 101.988;
20 ; 10 ; 13 ; 0.00877422 ; -0.0142652 ; 0.00506092 ; 101.61;
21 ; 10 ; 13 ; 0.0410916 ; 0.0203399 ; 0.00584109 ; 102.05;
4 ; 11 ; 13 ; 0.0233614 ; 0.0186151 ; -0.0279294 ; 101.562;
5 ; 11 ; 13 ; 0.0586743 ; -0.0405113 ; 0.0927006 ; 100.962;
6 ; 11 ; 13 ; 0.0351699 ; -0.0358563 ; 0.0373681 ; 101.179;
7 ; 11 ; 13 ; 0.0117571 ; -0.0144188 ; -0.0082631 ; 101.231;
8 ; 11 ; 13 ; 0.0166209 ; -0.0161858 ; -0.028314 ; 100.335;
9 ; 11 ; 13 ; -0.00804805 ; 0.0137219 ; -0.0126363 ; 101.132;
10 ; 11 ; 13 ; 0.0165152 ; -0.00237703 ; -0.0287606 ; 101.437;
11 ; 11 ; 13 ; 0.014792 ; -0.0254679 ; -0.0121665 ; 101.787;
12 ; 11 ; 13 ; 0.00828437 ; -0.0213951 ; -0.00363977 ; 102.178;
13 ; 11 ; 13 ; -0.0400064 ; 0.0342495 ; 0.0396979 ; 101.572;
14 ; 11 ; 13 ; -0.0211294 ; 0.0164152 ; 0.0122411 ; 101.371;
15 ; 11 ; 13 ; -0.0285828 ; -0.00589257 ; 0.0126235 ; 101.225;
16 ; 11 ; 13 ; -0.00360152 ; -0.0188974 ; 0.0362084 ; 101.221;
17 ; 11 ; 13 ; 0.010044 ; -0.0290251 ; -0.0180595 ; 102.591;
18 ; 11 ; 13 ; 0.00686101 ; -0.0284486 ; -0.0104367 ; 101.96;
19 ; 11 ; 13 ; 0.00129574 ; -0.0187276 ; -0.0225246 ; 102.081;
20 ; 11 ; 13 ; -0.0184691 ; -0.0338799 ; -0.0208009 ; 102.701;
21 ; 11 ; 13 ; 0.00586435 ; -0.0349027 ; -0.0164755 ; 100.445;
4 ; 12 ; 13 ; -0.00684479 ; 0.0457321 ; 0.030015 ; 104.882;
5 ; 12 ; 13 ; 0.065766 ; -0.0467695 ; 0.0888676 ; 100.722;
6 ; 12 ; 13 ; 0.0384061 ; -0.0359627 ; 0.0545531 ; 101.054;
7 ; 12 ; 13 ; 0.00715132 ; -0.00991918 ; -0.00193106 ; 101.66;
8 ; 12 ; 13 ; -0.00245106 ; 0.00887195 ; -0.0136775 ; 102.231;
9 ; 12 ; 13 ; -0.0365367 ; 0.0155532 ; 0.00729237 ; 101.282;
10 ; 12 ; 13 ; 0.00559159 ; -0.00744553 ; -0.0158555 ; 101.222;
11 ; 12 ; 13 ; 0.0152883 ; -0.0414342 ; -0.00694088 ; 101.602;
12 ; 12 ; 13 ; 0.0186714 ; -0.0591568 ; -0.00400153 ; 102.273;
13 ; 12 ; 13 ; -0.0475761 ; 0.0597921 ; 0.0869069 ; 101.422;
14 ; 12 ; 13 ; -0.0376615 ; 0.0261579 ; 0.0144649 ; 101.593;
15 ; 12 ; 13 ; -0.0472398 ; -0.00395647 ; 0.00132511 ; 101.381;
16 ; 12 ; 13 ; -0.0459696 ; -0.0250821 ; 0.0250779 ; 101.208;
17 ; 12 ; 13 ; -0.010273 ; -0.0314526 ; 0.0095986 ; 103.185;
18 ; 12 ; 13 ; 0.013705 ; -0.0332863 ; -0.018175 ; 101.816;
19 ; 12 ; 13 ; 0.0186689 ; -0.0101859 ; -0.0279415 ; 101.721;
20 ; 12 ; 13 ; 0.0240028 ; 0.0103133 ; -0.0307322 ; 102.241;
21 ; 12 ; 13 ; -0.0266149 ; 0.0333418 ; 0.00226239 ; 102.8;
4 ; 13 ; 13 ; 0.0222666 ; 0.0512377 ; 0.0361581 ; 101.412;
5 ; 13 ; 13 ; -0.00353681 ; 0.0278715 ; 0.0403178 ; 102.028;
6 ; 13 ; 13 ; -0.0299334 ; 0.0169703 ; 0.0560822 ; 102.66;
7 ; 13 ; 13 ; -0.046563 ; -0.00852133 ; 0.025697 ; 102.156;
8 ; 13 ; 13 ; -0.0967887 ; -0.0373493 ; -0.0194936 ; 100.912;
9 ; 13 ; 13 ; 0.00332934 ; -0.00086437 ; -0.00189862 ; 101.837;
10 ; 13 ; 13 ; 0.00624912 ; 0.00120734 ; -0.0160602 ; 101.86;
11 ; 13 ; 13 ; 0.015637 ; -0.00517369 ; -0.00297062 ; 101.86;
12 ; 13 ; 13 ; 0.00280008 ; -0.0137071 ; 0.0701953 ; 101.49;
13 ; 13 ; 13 ; -0.00318064 ; 0.00789911 ; -0.00959807 ; 101.214;
14 ; 13 ; 13 ; -0.00840026 ; -0.0155772 ; 0.0259802 ; 101.709;
15 ; 13 ; 13 ; 0.00274161 ; -0.011935 ; 0.0484312 ; 101.611;
16 ; 13 ; 13 ; -0.00311985 ; 0.0510757 ; 0.0693227 ; 99.565;
17 ; 13 ; 13 ; 0.0316988 ; -0.00642767 ; 0.0230339 ; 101.986;
18 ; 13 ; 13 ; 0.0107377 ; -0.00605128 ; 0.0202034 ; 101.704;
19 ; 13 ; 13 ; -0.0087166 ; -0.00325393 ; 0.00422776 ; 101.79;
20 ; 13 ; 13 ; -0.000226468 ; 0.00831577 ; -0.0216591 ; 103.527;
21 ; 13 ; 13 ; 0.0302182 ; -0.0307238 ; -0.0118429 ; 99.35;
4 ; 14 ; 13 ; 0.0320011 ; 0.124997 ; -0.0201965 ; 101.827;
5 ; 14 ; 13 ; -0.0165813 ; 0.0201224 ; 0.0459547 ; 101.712;
6 ; 14 ; 13 ; -0.0283186 ; 0.0186287 ; 0.0530476 ; 102.17;
7 ; 14 ; 13 ; -0.0421464 ; 0.0021087 ; 0.0265622 ; 101.859;
8 ; 14 ; 13 ; -0.0682595 ; -0.0165565 ; -0.00304596 ; 101.756;
9 ; 14 ; 13 ; 0.00266959 ; -0.00465461 ; -0.0206225 ; 102.645;
10 ; 14 ; 13 ; 0.0117186 ; -8.31827e-06 ; -0.0157024 ; 102.162;
11 ; 14 ; 13 ; 0.0242358 ; -0.00598371 ; -0.00254835 ; 101.737;
12 ; 14 ; 13 ; 0.00913117 ; -0.00507713 ; 0.0275239 ; 102.287;
13 ; 14 ; 13 ; 0.0108161 ; -0.0110023 ; 0.00629244 ; 101.987;
14 ; 14 ; 13 ; 0.00661349 ; -0.0169672 ; 0.0200314 ; 101.93;
15 ; 14 ; 13 ; 0.017587 ; -0.0159725 ; 0.0363482 ; 101.965;
16 ; 14 ; 13 ; 0.00828547 ; 0.00479488 ; 0.0504129 ; 101.174;
17 ; 14 ; 13 ; 0.0229823 ; -0.023577 ; -0.007026 ; 101.542;
18 ; 14 ; 13 ; 0.0101992 ; -0.0110935 ; 0.0163361 ; 101.677;
19 ; 14 ; 13 ; -0.0144304 ; -0.00578215 ; 0.0162924 ; 101.728;
20 ; 14 ; 13 ; -0.0138265 ; -0.00408795 ; 0.00441386 ; 102.454;
21 ; 14 ; 13 ; -0.0178518 ; -0.0232339 ; -0.0572998 ; 102.532;
4 ; 15 ; 13 ; -0.0106568 ; -0.00372135 ; 0.00510714 ; 101.347;
5 ; 15 ; 13 ; -0.00699601 ; -0.0103842 ; 0.0337361 ; 102.227;
6 ; 15 ; 13 ; -0.0234632 ; 0.0098519 ; 0.0400646 ; 101.821;
7 ; 15 ; 13 ; -0.0348694 ; 0.0115273 ; 0.0194922 ; 101.829;
8 ; 15 ; 13 ; -0.0339869 ; 0.0138425 ; 0.0121902 ; 101.808;
9 ; 15 ; 13 ; -0.0226127 ; 0.0142745 ; 0.0112303 ; 102.089;
10 ; 15 ; 13 ; -0.00101524 ; 0.00233488 ; -0.0029159 ; 102.333;
11 ; 15 ; 13 ; 0.0111975 ; -0.0054353 ; -0.00373417 ; 101.976;
12 ; 15 ; 13 ; 0.0292992 ; -0.00415057 ; -0.00646391 ; 101.733;
13 ; 15 ; 13 ; 0.0300735 ; 0.00516451 ; 0.00120136 ; 101.399;
14 ; 15 ; 13 ; 0.0275951 ; -0.00749918 ; 0.0178773 ; 101.945;
15 ; 15 ; 13 ; 0.0316284 ; -0.0176262 ; 0.0274337 ; 102.36;
16 ; 15 ; 13 ; 0.0255252 ; -0.031072 ; 0.024624 ; 102.984;
17 ; 15 ; 13 ; -0.00214746 ; -0.0200837 ; 0.0103469 ; 102.058;
18 ; 15 ; 13 ; 0.00673501 ; -0.0125252 ; 0.0192774 ; 101.917;
19 ; 15 ; 13 ; -0.00893076 ; -0.00217631 ; 0.0280708 ; 102.073;
20 ; 15 ; 13 ; -0.0393608 ; -0.00890524 ; 0.0402615 ; 101.675;
21 ; 15 ; 13 ; 0.00695172 ; -0.0273901 ; -0.0207821 ; 102.452;
4 ; 16 ; 13 ; -0.102809 ; 0.0511329 ; -0.0385903 ; 101.355;
5 ; 16 ; 13 ; 0.0110054 ; 0.0102773 ; -0.0114704 ; 102.734;
6 ; 16 ; 13 ; -0.00951796 ; 0.00978704 ; 0.0145966 ; 102.209;
7 ; 16 ; 13 ; -0.0232774 ; 0.0152037 ; 0.0108158 ; 102.006;
8 ; 16 ; 13 ; -0.0383676 ; 0.00787977 ; -0.000294409 ; 101.495;
9 ; 16 ; 13 ; -0.00661413 ; -0.00927688 ; 0.0333905 ; 100.94;
10 ; 16 ; 13 ; -0.015104 ; -0.00530087 ; 0.0169741 ; 101.641;
11 ; 16 ; 13 ; -0.0184619 ; -0.0112909 ; 0.00230873 ; 101.795;
12 ; 16 ; 13 ; 0.00226018 ; -0.00909905 ; -0.00208359 ; 101.456;
13 ; 16 ; 13 ; -0.0156417 ; 0.0095328 ; 0.00725322 ; 100.967;
14 ; 16 ; 13 ; 0.0135459 ; 0.00664887 ; 0.0245329 ; 101.719;
15 ; 16 ; 13 ; 0.0190058 ; -0.00800439 ; 0.0368862 ; 102.23;
16 ; 16 ; 13 ; 0.0164349 ; -0.0177687 ; 0.0341115 ; 102.635;
17 ; 16 ; 13 ; -0.0292778 ; -0.0230291 ; 5.29036e-05 ; 101.923;
18 ; 16 ; 13 ; -0.00134199 ; -0.00969389 ; 0.0143517 ; 102.072;
19 ; 16 ; 13 ; 0.00313379 ; 0.00684746 ; 0.010503 ; 102.447;
20 ; 16 ; 13 ; -0.00843477 ; 0.0140107 ; 0.025893 ; 102.66;
21 ; 16 ; 13 ; 0.0515491 ; -0.0684371 ; 0.03601 ; 103.167;
4 ; 17 ; 13 ; 0.043378 ; 0.0117409 ; 0.0606121 ; 103.722;
5 ; 17 ; 13 ; 0.0193551 ; 0.0542936 ; -0.0220402 ; 101.29;
6 ; 17 ; 13 ; 0.00822832 ; 0.0263458 ; 0.00429738 ; 102.184;
7 ; 17 ; 13 ; -0.00102726 ; 0.00869659 ; 0.0169717 ; 102.172;
8 ; 17 ; 13 ; -0.0272809 ; 0.00581553 ; 0.00475231 ; 102.286;
9 ; 17 ; 13 ; 0.0467647 ; -0.0420394 ; 0.0280712 ; 101.008;
10 ; 17 ; 13 ; 0.00476579 ; -0.0183742 ; 0.0205673 ; 101.526;
11 ; 17 ; 13 ; -0.0228754 ; -0.00392917 ; -0.00702169 ; 101.733;
12 ; 17 ; 13 ; -0.0426226 ; -0.000974797 ; -0.0157458 ; 102.519;
13 ; 17 ; 13 ; -0.0326313 ; -0.0187288 ; -0.0280979 ; 100.399;
14 ; 17 ; 13 ; -0.00928512 ; 0.00107688 ; 0.00703746 ; 101.241;
15 ; 17 ; 13 ; -0.00656173 ; -0.0102721 ; 0.0279714 ; 102.059;
16 ; 17 ; 13 ; 0.0032897 ; -0.0333572 ; 0.0396641 ; 102.401;
17 ; 17 ; 13 ; 0.00589016 ; -0.0267059 ; -0.0506788 ; 100.967;
18 ; 17 ; 13 ; 0.0040085 ; -0.00895869 ; -0.00981786 ; 101.919;
19 ; 17 ; 13 ; 0.0108686 ; 0.00524084 ; -0.0232617 ; 102.557;
20 ; 17 ; 13 ; 0.0242305 ; 0.01184 ; -0.00666913 ; 102.387;
21 ; 17 ; 13 ; -0.020132 ; 0.048892 ; -0.0275807 ; 102.845;
4 ; 18 ; 13 ; -0.0227478 ; 0.00981729 ; 0.0106933 ; 103.157;
5 ; 18 ; 13 ; 0.0176639 ; 0.0608612 ; -0.00688402 ; 100.095;
6 ; 18 ; 13 ; 0.0178681 ; 0.0435387 ; 0.00351228 ; 101.878;
7 ; 18 ; 13 ; 0.0125669 ; 0.00870488 ; 0.026141 ; 101.979;
8 ; 18 ; 13 ; 0.00255272 ; -0.0107669 ; -0.00636976 ; 101.929;
9 ; 18 ; 13 ; 0.0590642 ; -0.0447607 ; 0.0266993 ; 101.243;
10 ; 18 ; 13 ; 0.0305372 ; -0.0283235 ; 0.015131 ; 101.652;
11 ; 18 ; 13 ; -0.00910671 ; -0.000194517 ; -0.0113493 ; 101.408;
12 ; 18 ; 13 ; -0.0423087 ; 0.0134442 ; -0.0197289 ; 101.103;
13 ; 18 ; 13 ; -0.011286 ; -0.030424 ; -0.0600543 ; 99.82;
14 ; 18 ; 13 ; -0.0211426 ; -0.00943866 ; -0.00884945 ; 101.139;
15 ; 18 ; 13 ; -0.0167798 ; -0.0135885 ; 0.0161767 ; 102.039;
16 ; 18 ; 13 ; 0.000245285 ; -0.0247666 ; 0.0120121 ; 102.3;
17 ; 18 ; 13 ; 0.0393007 ; -0.0254299 ; -0.0667416 ; 100.63;
18 ; 18 ; 13 ; 0.00952063 ; -0.012116 ; -0.0305366 ; 101.658;
19 ; 18 ; 13 ; 0.00720785 ; 7.20634e-05 ; -0.0397578 ; 102.378;
20 ; 18 ; 13 ; -0.0087951 ; -0.00579403 ; -0.0474669 ; 102.017;
21 ; 18 ; 13 ; 0.051242 ; 0.0637099 ; -0.0584099 ; 100.752;
4 ; 19 ; 13 ; -0.0123721 ; -0.0395696 ; 0.0642762 ; 101.405;
5 ; 19 ; 13 ; 0.00711686 ; 0.00155256 ; -0.0130755 ; 102.389;
6 ; 19 ; 13 ; 0.00785733 ; 0.029363 ; 0.00664177 ; 102.205;
7 ; 19 ; 13 ; -0.00231786 ; 0.0284323 ; -0.0103408 ; 101.554;
8 ; 19 ; 13 ; -0.0821282 ; -0.0921944 ; -0.0392538 ; 99.795;
9 ; 19 ; 13 ; -0.00106981 ; -0.0261487 ; 0.0375061 ; 101.754;
10 ; 19 ; 13 ; -0.0165694 ; -0.0234047 ; -0.00230668 ; 101.723;
11 ; 19 ; 13 ; -0.0081358 ; 0.00831459 ; -0.0546988 ; 102.326;
12 ; 19 ; 13 ; -0.0294396 ; 0.0918384 ; -0.0717393 ; 103.732;
13 ; 19 ; 13 ; -0.0115127 ; -0.038666 ; 0.0223895 ; 100.657;
14 ; 19 ; 13 ; -0.00078446 ; -0.0192982 ; -0.00023049 ; 100.985;
15 ; 19 ; 13 ; -0.0127856 ; 0.0107675 ; -0.0232742 ; 101.502;
16 ; 19 ; 13 ; -0.0230442 ; 0.00928349 ; -0.035569 ; 100.358;
17 ; 19 ; 13 ; 0.0343287 ; -0.0220734 ; 0.03479 ; 99.6835;
18 ; 19 ; 13 ; -0.0109199 ; -0.0106953 ; 0.000110141 ; 99.9336;
19 ; 19 ; 13 ; -0.0241826 ; 0.0133794 ; -0.017881 ; 101.83;
20 ; 19 ; 13 ; -0.0481459 ; 0.0577915 ; -0.0412786 ; 104.312;
21 ; 19 ; 13 ; 0.00277781 ; -0.0652676 ; 0.0249063 ; 102.095;
4 ; 20 ; 13 ; 0.00729539 ; 0.0726355 ; 0.064 ; 99.595;
5 ; 20 ; 13 ; 0.031663 ; -0.00908944 ; -0.00919197 ; 101.817;
6 ; 20 ; 13 ; 0.02355 ; 0.0113178 ; 0.00497917 ; 102.047;
7 ; 20 ; 13 ; 0.0146198 ; 0.0230225 ; -0.0134334 ; 102.071;
8 ; 20 ; 13 ; -0.0310159 ; -0.0136208 ; -0.0313275 ; 100.695;
9 ; 20 ; 13 ; 0.00914674 ; -0.0225569 ; 0.0464321 ; 100.995;
10 ; 20 ; 13 ; -0.0158638 ; -0.0271017 ; 0.0127682 ; 101.732;
11 ; 20 ; 13 ; -0.012706 ; -0.00368613 ; -0.0321376 ; 102.339;
12 ; 20 ; 13 ; 0.00610554 ; 0.0541525 ; -0.0748635 ; 103.019;
13 ; 20 ; 13 ; 0.0435115 ; -0.0248493 ; 0.00187886 ; 100.646;
14 ; 20 ; 13 ; 0.0130733 ; -0.0179199 ; 0.0105042 ; 101.049;
15 ; 20 ; 13 ; -0.00650913 ; 0.00423771 ; -0.00340492 ; 101.745;
16 ; 20 ; 13 ; -0.0186882 ; 0.0124815 ; -0.027439 ; 101.441;
17 ; 20 ; 13 ; 0.0524322 ; -0.0120599 ; 0.0720701 ; 100.382;
18 ; 20 ; 13 ; 0.0119225 ; -0.00585475 ; 0.0175079 ; 100.453;
19 ; 20 ; 13 ; -0.0113619 ; 0.00430462 ; -0.000116703 ; 102.18;
20 ; 20 ; 13 ; -0.01619 ; 0.0300311 ; -0.0193333 ; 103.204;
21 ; 20 ; 13 ; -0.0220696 ; -0.00730605 ; -0.0182187 ; 103.523;
4 ; 21 ; 13 ; -0.0189071 ; -0.00817855 ; -0.031907 ; 102.232;
5 ; 21 ; 13 ; 0.0234751 ; -0.00295966 ; -0.0124864 ; 100.52;
6 ; 21 ; 13 ; 0.0444889 ; -0.00495771 ; -0.00407347 ; 102.16;
7 ; 21 ; 13 ; 0.040016 ; 0.0322391 ; -0.0186254 ; 102.682;
8 ; 21 ; 13 ; 0.00839447 ; 0.0721289 ; -0.0373157 ; 102.028;
9 ; 21 ; 13 ; -0.00140895 ; -0.0272287 ; 0.0642461 ; 100.625;
10 ; 21 ; 13 ; 0.00401098 ; -0.0261032 ; 0.0180291 ; 101.711;
11 ; 21 ; 13 ; 0.00392362 ; -0.0155158 ; -0.0188222 ; 102.191;
12 ; 21 ; 13 ; 0.0181842 ; -0.00158409 ; -0.0402718 ; 102.094;
13 ; 21 ; 13 ; 0.0748543 ; -0.0356843 ; -0.0177261 ; 100.64;
14 ; 21 ; 13 ; 0.0220461 ; -0.0112024 ; 0.0221116 ; 101.117;
15 ; 21 ; 13 ; -0.0012076 ; 0.00177474 ; 0.0146643 ; 102.079;
16 ; 21 ; 13 ; -0.00443024 ; 0.0135775 ; -0.0162221 ; 102.498;
17 ; 21 ; 13 ; 0.0501146 ; 0.00155723 ; 0.0890306 ; 100.965;
18 ; 21 ; 13 ; 0.0451409 ; -0.0067331 ; 0.0420969 ; 100.903;
19 ; 21 ; 13 ; 0.0135469 ; -0.0116546 ; 0.0246135 ; 102.198;
20 ; 21 ; 13 ; 0.0070091 ; -0.0166705 ; 0.0233163 ; 102.38;
21 ; 21 ; 13 ; 0.0332744 ; 0.0171587 ; -0.0149458 ; 102.127;
4 ; 4 ; 14 ; -0.0367975 ; -0.00639622 ; -0.0345464 ; 100.655;
5 ; 4 ; 14 ; -0.00912022 ; 0.00495516 ; -0.0225371 ; 102.07;
6 ; 4 ; 14 ; -0.00818446 ; 0.0127057 ; -0.0113679 ; 102.255;
7 ; 4 ; 14 ; -0.0259577 ; 0.0133805 ; -0.00220513 ; 101.866;
8 ; 4 ; 14 ; -0.0344308 ; -0.00267807 ; -0.0248624 ; 102.228;
9 ; 4 ; 14 ; -0.0512419 ; 0.00905092 ; 0.0112302 ; 101.017;
10 ; 4 ; 14 ; -0.0330589 ; 0.0133742 ; 0.0136264 ; 101.294;
11 ; 4 ; 14 ; -0.00553921 ; 0.00123477 ; -0.00541565 ; 101.918;
12 ; 4 ; 14 ; 0.0101636 ; -0.0224249 ; -0.0444279 ; 101.852;
13 ; 4 ; 14 ; 5.29118e-05 ; -0.00232673 ; 0.0290119 ; 100.969;
14 ; 4 ; 14 ; -0.00295353 ; 0.000366162 ; 0.0486115 ; 101.443;
15 ; 4 ; 14 ; -0.0151629 ; 0.00755841 ; 0.0466023 ; 101.686;
16 ; 4 ; 14 ; -0.0228911 ; 0.0633983 ; 0.0937799 ; 101.593;
17 ; 4 ; 14 ; 0.0121883 ; -0.011343 ; 0.00584946 ; 102.163;
18 ; 4 ; 14 ; 0.00940984 ; -0.0302881 ; 0.0106901 ; 102.421;
19 ; 4 ; 14 ; 0.00407566 ; -0.00662489 ; -0.00393639 ; 102.394;
20 ; 4 ; 14 ; 0.00371783 ; 0.0442023 ; 3.62902e-05 ; 101.62;
21 ; 4 ; 14 ; 0.037981 ; 0.00717058 ; 0.0417409 ; 103.552;
4 ; 5 ; 14 ; 0.00409659 ; 0.0147388 ; -0.04772 ; 104.36;
5 ; 5 ; 14 ; 0.000520761 ; -0.0111009 ; -0.0450659 ; 101.486;
6 ; 5 ; 14 ; -0.00822381 ; 0.00720588 ; -0.0154699 ; 102.296;
7 ; 5 ; 14 ; -0.0242382 ; 0.0177762 ; -0.00441073 ; 101.807;
8 ; 5 ; 14 ; -0.0371536 ; 0.00833343 ; -0.000867242 ; 102.024;
9 ; 5 ; 14 ; 0.00394749 ; -0.0141591 ; 0.0397134 ; 102.439;
10 ; 5 ; 14 ; -0.0130902 ; -0.00232415 ; 0.0216933 ; 102.016;
11 ; 5 ; 14 ; -0.00269982 ; -0.0116938 ; 0.00396622 ; 102.112;
12 ; 5 ; 14 ; 0.000181406 ; -0.00771064 ; -0.0167207 ; 102.013;
13 ; 5 ; 14 ; 0.00605343 ; -0.0147808 ; 0.0191119 ; 101.038;
14 ; 5 ; 14 ; 0.000805167 ; 1.1802e-05 ; 0.0311919 ; 101.854;
15 ; 5 ; 14 ; -0.014285 ; 0.0121897 ; 0.0347556 ; 102.201;
16 ; 5 ; 14 ; -0.0217454 ; 0.0377364 ; 0.0729026 ; 102.194;
17 ; 5 ; 14 ; -0.036656 ; 0.0139643 ; -0.0111383 ; 101.266;
18 ; 5 ; 14 ; -0.00820829 ; -0.0132688 ; 0.0101379 ; 101.784;
19 ; 5 ; 14 ; 0.00180449 ; 0.000296647 ; 0.00012664 ; 102.218;
20 ; 5 ; 14 ; 0.00603261 ; 0.0290898 ; -0.0152503 ; 101.814;
21 ; 5 ; 14 ; -0.0551745 ; -0.000954274 ; 0.0160279 ; 103.385;
4 ; 6 ; 14 ; 0.00645694 ; 0.0650341 ; 0.0150146 ; 100.735;
5 ; 6 ; 14 ; -0.00293987 ; -0.0222938 ; -0.0472871 ; 101.037;
6 ; 6 ; 14 ; -0.0117041 ; 0.00292079 ; -0.0243816 ; 102.436;
7 ; 6 ; 14 ; -0.0261836 ; 0.0224169 ; -0.00298629 ; 101.915;
8 ; 6 ; 14 ; -0.0187328 ; 0.0289763 ; -0.0166488 ; 101.415;
9 ; 6 ; 14 ; 0.0501928 ; -0.0203135 ; 0.0558895 ; 103.1;
10 ; 6 ; 14 ; -0.00634172 ; -0.0165594 ; 0.0344479 ; 102.507;
11 ; 6 ; 14 ; -0.00732152 ; -0.0191376 ; 0.021327 ; 102.229;
12 ; 6 ; 14 ; -0.0178899 ; -0.00778474 ; 0.0108678 ; 101.474;
13 ; 6 ; 14 ; 0.0220136 ; -0.0317243 ; 0.00136264 ; 102.005;
14 ; 6 ; 14 ; 0.000671057 ; 0.00101834 ; 0.0220074 ; 101.974;
15 ; 6 ; 14 ; -0.0151445 ; 0.0109785 ; 0.0289523 ; 102.608;
16 ; 6 ; 14 ; -0.0290818 ; 0.00871434 ; 0.0316284 ; 102.862;
17 ; 6 ; 14 ; -0.0926291 ; 0.0454624 ; -0.0194543 ; 100.11;
18 ; 6 ; 14 ; -0.0193616 ; 0.0035385 ; 0.00289002 ; 101.416;
19 ; 6 ; 14 ; 0.00115315 ; 0.00578035 ; -0.00496297 ; 102.077;
20 ; 6 ; 14 ; 0.00289822 ; 0.0114275 ; -0.0298806 ; 102.434;
21 ; 6 ; 14 ; -0.021927 ; 0.09281 ; -0.0134498 ; 101.657;
4 ; 7 ; 14 ; 0.0596758 ; -0.00393282 ; 0.0471455 ; 102.488;
5 ; 7 ; 14 ; 0.00682952 ; -0.0170813 ; -0.0231649 ; 101.301;
6 ; 7 ; 14 ; 0.0303092 ; -0.00847235 ; -0.0095452 ; 101.658;
7 ; 7 ; 14 ; 0.0195576 ; -0.0165219 ; -0.0234968 ; 102.371;
8 ; 7 ; 14 ; -0.0381559 ; -0.0365338 ; -0.0521251 ; 102.265;
9 ; 7 ; 14 ; -0.0158861 ; -0.0226206 ; 0.0173323 ; 101.037;
10 ; 7 ; 14 ; -0.000477133 ; -0.0207923 ; -0.00119678 ; 101.862;
11 ; 7 ; 14 ; -0.00147797 ; -0.000508284 ; -0.0243865 ; 102.51;
12 ; 7 ; 14 ; -0.0447922 ; 0.103216 ; -0.0136834 ; 102.448;
13 ; 7 ; 14 ; -0.0161128 ; 0.0249207 ; 0.0143111 ; 101.328;
14 ; 7 ; 14 ; -0.026477 ; 0.0452528 ; 0.0356649 ; 100.706;
15 ; 7 ; 14 ; -0.015703 ; 0.0393303 ; 0.0287377 ; 101.246;
16 ; 7 ; 14 ; -0.0267764 ; 0.0338024 ; 0.0548822 ; 101.648;
17 ; 7 ; 14 ; 0.0229391 ; -0.00733631 ; -0.0497608 ; 101.957;
18 ; 7 ; 14 ; 0.0224195 ; 0.012191 ; -0.00155358 ; 101.959;
19 ; 7 ; 14 ; 0.0231361 ; 0.0089893 ; 0.00281442 ; 101.948;
20 ; 7 ; 14 ; 0.0171631 ; 0.0425554 ; -0.0634275 ; 103.892;
21 ; 7 ; 14 ; -0.0292385 ; -0.00776375 ; 0.0713843 ; 103.04;
4 ; 8 ; 14 ; -0.0223393 ; 0.000319894 ; 0.0208777 ; 100.935;
5 ; 8 ; 14 ; -0.00282432 ; -0.0163224 ; -0.0201981 ; 101.967;
6 ; 8 ; 14 ; 0.0155137 ; -0.0142175 ; -0.0147305 ; 102.006;
7 ; 8 ; 14 ; 0.0123371 ; -0.021903 ; -0.0217724 ; 102.625;
8 ; 8 ; 14 ; -0.00206771 ; -0.0232057 ; -0.0370951 ; 102.412;
9 ; 8 ; 14 ; -0.00509264 ; 0.00408531 ; 0.0210412 ; 101.798;
10 ; 8 ; 14 ; 0.000620571 ; -0.0133386 ; 0.00158867 ; 102.007;
11 ; 8 ; 14 ; 0.00374964 ; -0.0051972 ; -0.0185968 ; 102.569;
12 ; 8 ; 14 ; -0.0124041 ; 0.0407699 ; -0.0288563 ; 102.575;
13 ; 8 ; 14 ; -0.0392607 ; 0.0200755 ; -0.00295844 ; 102.256;
14 ; 8 ; 14 ; -0.0294363 ; 0.0327842 ; 0.0290275 ; 101.217;
15 ; 8 ; 14 ; -0.014441 ; 0.0313402 ; 0.0256424 ; 101.411;
16 ; 8 ; 14 ; -0.00713173 ; 0.0282984 ; 0.0256788 ; 101.733;
17 ; 8 ; 14 ; 0.0229796 ; -0.010602 ; -0.0315763 ; 102.614;
18 ; 8 ; 14 ; 0.0161328 ; 0.0037621 ; -0.00201805 ; 101.956;
19 ; 8 ; 14 ; 0.0113502 ; 0.00240895 ; 0.00844583 ; 101.758;
20 ; 8 ; 14 ; 0.0258292 ; 0.0090957 ; -0.0337963 ; 102.494;
21 ; 8 ; 14 ; -0.0046059 ; 0.0738028 ; 0.096931 ; 104.357;
4 ; 9 ; 14 ; -0.066005 ; 0.0499261 ; 0.0531134 ; 100.88;
5 ; 9 ; 14 ; -0.00165049 ; 0.00836309 ; -0.00661656 ; 102.137;
6 ; 9 ; 14 ; -3.00619e-05 ; -0.00429263 ; -0.0120083 ; 102.25;
7 ; 9 ; 14 ; 0.00766217 ; -0.00921713 ; -0.013364 ; 102.737;
8 ; 9 ; 14 ; 0.0157111 ; -0.0223984 ; -0.0112621 ; 103.013;
9 ; 9 ; 14 ; -0.00431362 ; -0.0157534 ; -0.0144018 ; 101.84;
10 ; 9 ; 14 ; 0.000606992 ; -0.0104322 ; 0.000594207 ; 101.887;
11 ; 9 ; 14 ; 0.00743129 ; -0.0128103 ; -0.00961166 ; 102.266;
12 ; 9 ; 14 ; 0.0210852 ; -0.0186855 ; -0.0226896 ; 102.591;
13 ; 9 ; 14 ; -0.0570088 ; -0.0192148 ; 0.0114051 ; 101.922;
14 ; 9 ; 14 ; -0.0399891 ; 0.00394243 ; 0.013846 ; 101.699;
15 ; 9 ; 14 ; -0.0189575 ; 0.0130698 ; 0.0147205 ; 101.683;
16 ; 9 ; 14 ; 0.00545344 ; 0.0162253 ; 0.0024865 ; 101.683;
17 ; 9 ; 14 ; 0.00269281 ; -0.0152069 ; -0.015441 ; 100.871;
18 ; 9 ; 14 ; 0.00182538 ; -0.00608066 ; -0.00838482 ; 101.381;
19 ; 9 ; 14 ; -0.00338707 ; -0.00328354 ; 0.00416499 ; 101.427;
20 ; 9 ; 14 ; 0.00451475 ; -0.0162998 ; 0.0120386 ; 100.978;
21 ; 9 ; 14 ; 0.0515534 ; -0.00594988 ; 0.0682739 ; 99.855;
4 ; 10 ; 14 ; -0.0486677 ; -0.0461576 ; 0.00327008 ; 103.123;
5 ; 10 ; 14 ; 0.030313 ; 0.018692 ; -0.00976506 ; 102.369;
6 ; 10 ; 14 ; 0.00600799 ; 0.00877588 ; -0.00629641 ; 102.242;
7 ; 10 ; 14 ; 0.00163748 ; 0.00531738 ; -0.000693346 ; 102.297;
8 ; 10 ; 14 ; 0.00272874 ; -0.00420731 ; -0.000631479 ; 103.173;
9 ; 10 ; 14 ; -0.0190632 ; -0.0337958 ; -0.0292287 ; 102.492;
10 ; 10 ; 14 ; -0.0150364 ; -0.0193946 ; -0.0107386 ; 102.255;
11 ; 10 ; 14 ; -0.00765382 ; -0.00974807 ; -0.00390657 ; 102.349;
12 ; 10 ; 14 ; 0.0105412 ; 0.00642418 ; 0.00701316 ; 102.197;
13 ; 10 ; 14 ; -0.000188006 ; -0.0223672 ; -0.0162305 ; 102.387;
14 ; 10 ; 14 ; -0.0244526 ; -0.0152827 ; 0.00778483 ; 102.224;
15 ; 10 ; 14 ; -0.00916211 ; -0.000204538 ; 0.015528 ; 102.085;
16 ; 10 ; 14 ; -0.0108625 ; 0.0101103 ; 0.0132158 ; 101.747;
17 ; 10 ; 14 ; 0.0261427 ; -0.00344785 ; -4.97328e-05 ; 101.384;
18 ; 10 ; 14 ; 0.00581664 ; -0.00221519 ; -0.00101274 ; 101.379;
19 ; 10 ; 14 ; -0.00377599 ; 0.00583253 ; -0.00210782 ; 101.709;
20 ; 10 ; 14 ; -0.0176956 ; 0.0110389 ; 0.00373472 ; 101.862;
21 ; 10 ; 14 ; -0.0318606 ; -0.0406455 ; 0.00242392 ; 100.375;
4 ; 11 ; 14 ; 0.0637216 ; -0.0310041 ; 0.0361098 ; 99.8075;
5 ; 11 ; 14 ; 0.0368986 ; 0.0314901 ; -0.00953218 ; 102.769;
6 ; 11 ; 14 ; 0.0111933 ; 0.0126605 ; -0.00626561 ; 102.024;
7 ; 11 ; 14 ; -0.00352707 ; -0.00707827 ; -0.00398388 ; 101.391;
8 ; 11 ; 14 ; 0.0027281 ; 0.0162399 ; 0.0209763 ; 101.8;
9 ; 11 ; 14 ; -0.0290778 ; -0.0157946 ; -0.0445632 ; 102.223;
10 ; 11 ; 14 ; -0.0188183 ; -0.0164371 ; -0.0199825 ; 102.358;
11 ; 11 ; 14 ; -0.0104557 ; -0.00681228 ; -0.00215333 ; 102.55;
12 ; 11 ; 14 ; 0.00483719 ; -0.0030832 ; 0.00586979 ; 102.457;
13 ; 11 ; 14 ; 0.0266191 ; -0.0143046 ; 0.022094 ; 102.17;
14 ; 11 ; 14 ; 0.0172028 ; -0.0147016 ; 0.00342833 ; 102.255;
15 ; 11 ; 14 ; 0.022211 ; -0.00485117 ; 0.00461545 ; 101.917;
16 ; 11 ; 14 ; 0.00893239 ; -0.00324871 ; 0.0179078 ; 102.003;
17 ; 11 ; 14 ; -0.00410588 ; 0.0071314 ; 0.00697423 ; 102.198;
18 ; 11 ; 14 ; 0.00598724 ; 0.000751062 ; -0.0015485 ; 101.58;
19 ; 11 ; 14 ; 0.00318782 ; -0.0028535 ; -0.0120817 ; 101.565;
20 ; 11 ; 14 ; -7.79359e-05 ; 0.0146162 ; -0.00727589 ; 102.145;
21 ; 11 ; 14 ; -0.0188722 ; -0.0226566 ; -0.0678396 ; 101.307;
4 ; 12 ; 14 ; -0.0468848 ; 0.0495422 ; -0.0196063 ; 101.495;
5 ; 12 ; 14 ; 0.0297454 ; 0.0501285 ; 0.00634278 ; 102.572;
6 ; 12 ; 14 ; 0.0090972 ; 0.00334416 ; -0.0135777 ; 102.095;
7 ; 12 ; 14 ; -0.0115186 ; -0.028545 ; -0.0105695 ; 101.035;
8 ; 12 ; 14 ; -0.00827834 ; -0.0156143 ; 0.0155614 ; 100.957;
9 ; 12 ; 14 ; -0.0194773 ; -0.00331393 ; -0.0573917 ; 101.09;
10 ; 12 ; 14 ; -0.0200253 ; -0.00868147 ; -0.0225752 ; 102.623;
11 ; 12 ; 14 ; -0.00980464 ; -0.00370507 ; -0.00045187 ; 102.904;
12 ; 12 ; 14 ; -0.00102808 ; -0.00820445 ; 0.0148556 ; 102.657;
13 ; 12 ; 14 ; 0.00927553 ; -0.012689 ; 0.0752811 ; 101.015;
14 ; 12 ; 14 ; 0.0456676 ; -0.00890581 ; 0.00494377 ; 102.454;
15 ; 12 ; 14 ; 0.0450548 ; -0.00422414 ; 0.00211764 ; 101.786;
16 ; 12 ; 14 ; 0.0114373 ; -0.0278217 ; 0.0201423 ; 101.128;
17 ; 12 ; 14 ; -0.058025 ; 0.0146832 ; -0.000108061 ; 101.265;
18 ; 12 ; 14 ; 0.00784753 ; 0.000188656 ; 0.00155902 ; 102.041;
19 ; 12 ; 14 ; 0.00435887 ; -0.0111452 ; -0.010452 ; 101.509;
20 ; 12 ; 14 ; -0.012724 ; -0.0176684 ; 0.00297842 ; 101.205;
21 ; 12 ; 14 ; 0.0289652 ; -0.0320274 ; -0.0474004 ; 100.855;
4 ; 13 ; 14 ; -0.0268789 ; -0.074736 ; -0.0240501 ; 102.667;
5 ; 13 ; 14 ; -0.0109187 ; -0.0182988 ; 0.00792794 ; 101.889;
6 ; 13 ; 14 ; -0.0136094 ; -0.00734273 ; 0.00923276 ; 101.744;
7 ; 13 ; 14 ; -0.0048719 ; 0.00498639 ; 0.0134843 ; 102.06;
8 ; 13 ; 14 ; 0.0152221 ; -0.0231846 ; -0.00131484 ; 103.995;
9 ; 13 ; 14 ; -0.0133889 ; 0.0628177 ; -0.00672425 ; 102.19;
10 ; 13 ; 14 ; -0.010304 ; 0.0453662 ; -0.033505 ; 102.137;
11 ; 13 ; 14 ; 0.00643662 ; 0.0151407 ; -0.0489411 ; 102.454;
12 ; 13 ; 14 ; 0.0494379 ; -0.00301471 ; -0.0807652 ; 102.888;
13 ; 13 ; 14 ; -0.00393167 ; -0.00839724 ; 0.007448 ; 101.108;
14 ; 13 ; 14 ; 0.0258719 ; -0.0252606 ; 0.0238238 ; 102.341;
15 ; 13 ; 14 ; 0.0255488 ; -0.0302989 ; 0.0295776 ; 102.635;
16 ; 13 ; 14 ; 0.00932117 ; -0.0353035 ; 0.0198121 ; 101.527;
17 ; 13 ; 14 ; 0.0500314 ; -0.0132617 ; -0.0136454 ; 101.516;
18 ; 13 ; 14 ; 0.0296146 ; -0.0188949 ; 0.00563063 ; 101.84;
19 ; 13 ; 14 ; 0.00871679 ; -0.0276197 ; 0.0124011 ; 102.006;
20 ; 13 ; 14 ; 0.0560217 ; -0.018039 ; -0.032443 ; 101.525;
21 ; 13 ; 14 ; -0.00470791 ; -0.0436803 ; -0.0155788 ; 102.83;
4 ; 14 ; 14 ; -0.0138414 ; -0.0451541 ; 0.0521075 ; 101.012;
5 ; 14 ; 14 ; -0.00542095 ; -0.0212254 ; 0.0335548 ; 101.441;
6 ; 14 ; 14 ; -0.0150129 ; -0.0122136 ; 0.0178537 ; 101.837;
7 ; 14 ; 14 ; -0.0146501 ; -0.00329594 ; 0.0138531 ; 102.322;
8 ; 14 ; 14 ; 0.0130173 ; -0.000685556 ; 0.00595979 ; 102.923;
9 ; 14 ; 14 ; 0.00945734 ; 0.015371 ; -0.00307729 ; 101.982;
10 ; 14 ; 14 ; -0.00411679 ; 0.0307415 ; -0.0206215 ; 102.274;
11 ; 14 ; 14 ; 0.00609842 ; 0.0158896 ; -0.0281187 ; 102.805;
12 ; 14 ; 14 ; 0.0280057 ; -0.00328437 ; -0.0596441 ; 102.765;
13 ; 14 ; 14 ; 0.00542601 ; 0.00077884 ; 0.0419973 ; 101.562;
14 ; 14 ; 14 ; 0.0194606 ; -0.0131765 ; 0.029764 ; 102.112;
15 ; 14 ; 14 ; 0.0175131 ; -0.0167099 ; 0.0237354 ; 102.379;
16 ; 14 ; 14 ; 0.00804809 ; -0.0215369 ; 0.0235325 ; 101.988;
17 ; 14 ; 14 ; 0.0128047 ; 0.0029256 ; -0.0445132 ; 101.557;
18 ; 14 ; 14 ; 0.0202015 ; -0.00794673 ; -0.00395254 ; 101.729;
19 ; 14 ; 14 ; 0.00440377 ; -0.015881 ; 0.0183827 ; 101.718;
20 ; 14 ; 14 ; 0.014001 ; -0.0343645 ; 0.00550455 ; 102.185;
21 ; 14 ; 14 ; 0.00736589 ; -0.00387903 ; 0.0144679 ; 102.832;
4 ; 15 ; 14 ; -0.0470698 ; -0.0514221 ; -0.0248057 ; 97.675;
5 ; 15 ; 14 ; -0.00244016 ; -0.0445592 ; 0.0518801 ; 101.465;
6 ; 15 ; 14 ; -0.0148437 ; -0.0221787 ; 0.037357 ; 101.887;
7 ; 15 ; 14 ; -0.028128 ; -0.0158479 ; 0.027073 ; 102.073;
8 ; 15 ; 14 ; -0.0175716 ; -0.00102017 ; 0.00784595 ; 102.317;
9 ; 15 ; 14 ; -0.0062963 ; -0.0515258 ; 0.019527 ; 102.538;
10 ; 15 ; 14 ; -0.00371461 ; -0.00487735 ; 0.00502019 ; 102.401;
11 ; 15 ; 14 ; 0.00359173 ; 0.00859468 ; -0.00503179 ; 102.785;
12 ; 15 ; 14 ; 0.007372 ; 0.0131584 ; -0.00588926 ; 103.256;
13 ; 15 ; 14 ; -0.0121429 ; 0.0130589 ; 0.0561863 ; 102.626;
14 ; 15 ; 14 ; 0.0103565 ; 0.00318225 ; 0.0326275 ; 101.769;
15 ; 15 ; 14 ; 0.0125278 ; 0.00305162 ; 0.00889496 ; 101.919;
16 ; 15 ; 14 ; -0.00108815 ; -0.00386436 ; 0.0158587 ; 101.992;
17 ; 15 ; 14 ; 0.0438779 ; 0.0599431 ; -0.0655126 ; 102.48;
18 ; 15 ; 14 ; 0.0203972 ; 0.0186077 ; -0.028979 ; 101.745;
19 ; 15 ; 14 ; 0.00648723 ; 0.00732717 ; 0.00168329 ; 101.405;
20 ; 15 ; 14 ; -0.0141409 ; -0.025987 ; 0.0479613 ; 101.659;
21 ; 15 ; 14 ; 0.0402741 ; -0.0168293 ; -0.0149611 ; 103.558;
4 ; 16 ; 14 ; -0.0293732 ; 0.0409049 ; 0.00925764 ; 102.23;
5 ; 16 ; 14 ; 0.005898 ; -0.0290981 ; 0.0443377 ; 101.009;
6 ; 16 ; 14 ; -0.0109488 ; -0.0289088 ; 0.0429965 ; 101.36;
7 ; 16 ; 14 ; -0.0275149 ; -0.0223756 ; 0.0356272 ; 101.617;
8 ; 16 ; 14 ; -0.0484585 ; -0.0289666 ; 0.0291797 ; 101.783;
9 ; 16 ; 14 ; -0.0328774 ; -0.0527099 ; 0.0277889 ; 102.218;
10 ; 16 ; 14 ; -0.0134855 ; -0.02917 ; 0.0189922 ; 102.346;
11 ; 16 ; 14 ; 0.00238582 ; 0.00336347 ; -0.000289621 ; 102.326;
12 ; 16 ; 14 ; 0.0107666 ; 0.0223442 ; -0.00623239 ; 102.744;
13 ; 16 ; 14 ; -0.0380128 ; 0.0114071 ; 0.0136104 ; 102.632;
14 ; 16 ; 14 ; -0.00878362 ; 0.0117438 ; 0.0228287 ; 102.267;
15 ; 16 ; 14 ; 0.00971565 ; 0.00788793 ; -0.00399807 ; 101.808;
16 ; 16 ; 14 ; 0.00282534 ; 0.00249427 ; -0.012378 ; 101.871;
17 ; 16 ; 14 ; 0.0134051 ; 0.0553773 ; -0.026781 ; 101.526;
18 ; 16 ; 14 ; 0.0134052 ; 0.0399848 ; -0.0439219 ; 101.688;
19 ; 16 ; 14 ; -0.0104013 ; 0.0201242 ; -0.0368437 ; 101.411;
20 ; 16 ; 14 ; 0.010365 ; 0.00620445 ; 0.00375152 ; 100.59;
21 ; 16 ; 14 ; 0.00720129 ; 0.0468315 ; 0.0215514 ; 102.31;
4 ; 17 ; 14 ; 0.059954 ; -0.0108516 ; -0.000540262 ; 102.785;
5 ; 17 ; 14 ; 0.0367578 ; 0.00610671 ; 0.00563291 ; 101.934;
6 ; 17 ; 14 ; -0.00233218 ; -0.0144824 ; 0.0271593 ; 101.772;
7 ; 17 ; 14 ; -0.0232896 ; -0.0157968 ; 0.0280979 ; 101.804;
8 ; 17 ; 14 ; -0.0211109 ; -0.00248786 ; 0.0402883 ; 100.953;
9 ; 17 ; 14 ; 0.0164372 ; 0.00571627 ; -0.00170325 ; 102.081;
10 ; 17 ; 14 ; -0.00525277 ; -0.00664856 ; 0.0237015 ; 101.999;
11 ; 17 ; 14 ; 0.0104697 ; 0.0161204 ; 0.0247135 ; 101.917;
12 ; 17 ; 14 ; -0.00146753 ; 0.0186732 ; -0.0233817 ; 101.553;
13 ; 17 ; 14 ; -0.0511293 ; 0.0441127 ; -0.0144914 ; 101.92;
14 ; 17 ; 14 ; -0.0177628 ; 0.0235785 ; 0.00230598 ; 101.982;
15 ; 17 ; 14 ; 0.00955393 ; 0.00645038 ; -0.00485319 ; 101.559;
16 ; 17 ; 14 ; 0.0150736 ; 0.0105218 ; -0.0305866 ; 101.674;
17 ; 17 ; 14 ; -0.02707 ; -0.0151867 ; -0.0199066 ; 101.761;
18 ; 17 ; 14 ; -0.00896212 ; 0.024106 ; -0.0293754 ; 101.743;
19 ; 17 ; 14 ; -0.0355836 ; 0.0104759 ; -0.0329617 ; 102.053;
20 ; 17 ; 14 ; -0.0478072 ; -0.0155282 ; -0.0438378 ; 101.771;
21 ; 17 ; 14 ; 0.0143851 ; 0.0241058 ; 0.00915685 ; 100.13;
4 ; 18 ; 14 ; 0.0759145 ; 0.00474105 ; 0.0316602 ; 100.933;
5 ; 18 ; 14 ; 0.053738 ; 0.0132484 ; -0.0170536 ; 103.558;
6 ; 18 ; 14 ; 0.00121847 ; -0.00447411 ; 0.0141342 ; 102.099;
7 ; 18 ; 14 ; -0.0231463 ; -0.0132542 ; 0.0158754 ; 102.352;
8 ; 18 ; 14 ; -0.00692246 ; -0.0140319 ; 0.000740433 ; 102.277;
9 ; 18 ; 14 ; 0.0593919 ; 0.041902 ; -0.0175412 ; 102.355;
10 ; 18 ; 14 ; 0.00711195 ; 0.0150448 ; 0.0241239 ; 101.866;
11 ; 18 ; 14 ; 0.0181577 ; 0.0295183 ; 0.047535 ; 102.055;
12 ; 18 ; 14 ; 0.00326188 ; 0.0219098 ; 0.0310177 ; 102.27;
13 ; 18 ; 14 ; -0.04536 ; 0.0685407 ; -0.0165916 ; 101.255;
14 ; 18 ; 14 ; -0.0239067 ; 0.0335132 ; -0.00549789 ; 101.816;
15 ; 18 ; 14 ; 0.00474811 ; 0.00678523 ; -0.0015774 ; 101.448;
16 ; 18 ; 14 ; 0.000921846 ; -0.00137177 ; -0.000167188 ; 101.374;
17 ; 18 ; 14 ; -0.0221045 ; -0.0581541 ; -0.0357652 ; 102.677;
18 ; 18 ; 14 ; -0.0302498 ; 0.00990283 ; -0.0151301 ; 101.681;
19 ; 18 ; 14 ; -0.0541342 ; 0.00305444 ; -0.0149923 ; 102.34;
20 ; 18 ; 14 ; -0.0783345 ; -0.036515 ; -0.0126983 ; 102.23;
21 ; 18 ; 14 ; -0.0114069 ; 0.0649982 ; -0.0328007 ; 102.368;
4 ; 19 ; 14 ; 0.0227338 ; -0.0162934 ; -0.018889 ; 103.64;
5 ; 19 ; 14 ; 0.00724336 ; -0.00947641 ; -0.0150267 ; 102.089;
6 ; 19 ; 14 ; -0.00400248 ; -0.00557461 ; 0.00204698 ; 102.047;
7 ; 19 ; 14 ; -0.00579212 ; 0.0022607 ; 0.0135194 ; 101.422;
8 ; 19 ; 14 ; 0.0168461 ; -0.0183907 ; 0.0144631 ; 102.662;
9 ; 19 ; 14 ; -0.011514 ; -0.009121 ; 0.0125123 ; 100.508;
10 ; 19 ; 14 ; -0.0370213 ; 0.000157347 ; -0.00258368 ; 100.63;
11 ; 19 ; 14 ; -0.0410074 ; 0.00216211 ; -0.0328945 ; 101.491;
12 ; 19 ; 14 ; -0.0329738 ; -0.0226473 ; -0.117204 ; 102.372;
13 ; 19 ; 14 ; -0.0471576 ; 0.010645 ; 0.00387869 ; 102.238;
14 ; 19 ; 14 ; -0.0296462 ; -0.00630365 ; -0.0175361 ; 102.78;
15 ; 19 ; 14 ; -0.0114414 ; 0.00387631 ; -0.0149692 ; 101.293;
16 ; 19 ; 14 ; -0.0397118 ; 0.00651522 ; 0.0348215 ; 98.39;
17 ; 19 ; 14 ; 0.00979305 ; 0.00153361 ; 0.0163952 ; 101.94;
18 ; 19 ; 14 ; 0.0207426 ; -0.00295961 ; 0.0255505 ; 101.842;
19 ; 19 ; 14 ; 0.0181324 ; 0.00287611 ; 0.00942904 ; 101.881;
20 ; 19 ; 14 ; 0.0399131 ; 0.021939 ; 0.0004644 ; 103.155;
21 ; 19 ; 14 ; 0.030973 ; 0.0116108 ; -0.0664096 ; 103.14;
4 ; 20 ; 14 ; 0.0260981 ; -0.0440105 ; -0.00166844 ; 101.96;
5 ; 20 ; 14 ; 0.00676732 ; -0.036805 ; -0.00309993 ; 101.988;
6 ; 20 ; 14 ; 0.0081548 ; -0.0110387 ; -0.00418254 ; 101.927;
7 ; 20 ; 14 ; 0.00624315 ; 0.00542051 ; 0.00336186 ; 101.407;
8 ; 20 ; 14 ; 0.00352995 ; 0.00424347 ; 0.0123029 ; 101.52;
9 ; 20 ; 14 ; 0.04958 ; 0.0201327 ; 0.0599034 ; 101.044;
10 ; 20 ; 14 ; -0.0146806 ; 0.00294688 ; 0.00736569 ; 100.815;
11 ; 20 ; 14 ; -0.0295264 ; -0.0035527 ; -0.0336593 ; 101.572;
12 ; 20 ; 14 ; -0.0339108 ; 0.00347015 ; -0.0548728 ; 101.857;
13 ; 20 ; 14 ; 0.0170258 ; 0.0519631 ; -0.0294198 ; 102.742;
14 ; 20 ; 14 ; -0.0108629 ; 0.00219965 ; -0.0245655 ; 102.27;
15 ; 20 ; 14 ; -0.0010638 ; -0.00597172 ; -0.0225917 ; 101.202;
16 ; 20 ; 14 ; -0.0165078 ; 0.0214947 ; 0.00181313 ; 100.109;
17 ; 20 ; 14 ; 0.00984494 ; -0.0213092 ; 0.020575 ; 101.631;
18 ; 20 ; 14 ; 0.0257614 ; -0.0118753 ; 0.0309158 ; 101.283;
19 ; 20 ; 14 ; 0.0269134 ; 0.00498646 ; 0.0181392 ; 101.216;
20 ; 20 ; 14 ; 0.0247819 ; 0.0123346 ; -0.0160421 ; 102.118;
21 ; 20 ; 14 ; 0.0401779 ; 0.00456737 ; -0.0600912 ; 102.245;
4 ; 21 ; 14 ; 0.126158 ; -0.0162201 ; 0.0114767 ; 101.593;
5 ; 21 ; 14 ; 0.025993 ; -0.0327866 ; 0.00382876 ; 102.13;
6 ; 21 ; 14 ; 0.0147594 ; -0.0217606 ; -0.00957951 ; 101.424;
7 ; 21 ; 14 ; 0.0120324 ; 0.00899039 ; -0.00692662 ; 100.932;
8 ; 21 ; 14 ; -0.0140638 ; 0.0307261 ; 0.00382795 ; 101.429;
9 ; 21 ; 14 ; 0.0748709 ; 0.0521064 ; 0.113256 ; 101.81;
10 ; 21 ; 14 ; 0.00995827 ; 0.00318619 ; 0.0141299 ; 100.818;
11 ; 21 ; 14 ; -0.0189137 ; 0.000176599 ; -0.0188793 ; 101.454;
12 ; 21 ; 14 ; -0.0229072 ; 0.00482507 ; -0.00952084 ; 101.723;
13 ; 21 ; 14 ; 0.0389346 ; 0.0829948 ; -0.0368974 ; 102.768;
14 ; 21 ; 14 ; 0.0104987 ; 0.0158843 ; -0.0380254 ; 101.906;
15 ; 21 ; 14 ; 0.012232 ; -0.00518185 ; -0.0381506 ; 101.429;
16 ; 21 ; 14 ; 0.0235417 ; 0.025502 ; -0.0478789 ; 102.255;
17 ; 21 ; 14 ; 0.0202466 ; -0.0510465 ; 0.00978802 ; 100.965;
18 ; 21 ; 14 ; 0.0260474 ; -0.0145918 ; 0.0337014 ; 100.853;
19 ; 21 ; 14 ; 0.0317056 ; 0.00427268 ; 0.0182144 ; 100.492;
20 ; 21 ; 14 ; 0.0270451 ; 0.0154524 ; -0.0328833 ; 100.85;
21 ; 21 ; 14 ; 0.0156158 ; -0.0242275 ; -0.0757117 ; 101.297;
4 ; 4 ; 15 ; 0.00604611 ; 0.0395428 ; 0.0273054 ; 99.9525;
5 ; 4 ; 15 ; -0.0390405 ; -0.00136155 ; -0.0297411 ; 102.92;
6 ; 4 ; 15 ; -0.0446726 ; -0.0265611 ; -0.012098 ; 101.743;
7 ; 4 ; 15 ; -0.0173705 ; -0.0488903 ; -0.00488885 ; 102.03;
8 ; 4 ; 15 ; -0.0071372 ; -0.0471311 ; -0.0548594 ; 104.552;
9 ; 4 ; 15 ; 0.0273142 ; 0.0443312 ; 0.00611675 ; 101.683;
10 ; 4 ; 15 ; 0.000410674 ; 0.0427231 ; -0.00733662 ; 101.452;
11 ; 4 ; 15 ; -0.00424615 ; 0.0216954 ; -0.00522275 ; 101.301;
12 ; 4 ; 15 ; 0.0278287 ; -0.0693 ; 0.00986763 ; 101.142;
13 ; 4 ; 15 ; 0.00835273 ; 0.0212453 ; 0.00377674 ; 102.233;
14 ; 4 ; 15 ; 0.0091194 ; 0.019659 ; 0.00736449 ; 102.164;
15 ; 4 ; 15 ; -0.0250171 ; 0.0176459 ; -0.00670027 ; 102.542;
16 ; 4 ; 15 ; -0.0775758 ; 0.00904226 ; -0.0651654 ; 102.08;
17 ; 4 ; 15 ; 0.018871 ; -0.0160165 ; -0.0224687 ; 101.978;
18 ; 4 ; 15 ; 0.0158454 ; -0.017875 ; -0.0450676 ; 102.561;
19 ; 4 ; 15 ; -0.00536404 ; 0.0115056 ; -0.0264437 ; 102.517;
20 ; 4 ; 15 ; -0.0261467 ; 0.0483955 ; 0.0606655 ; 102.182;
21 ; 4 ; 15 ; 0.0715555 ; 0.0262591 ; 0.0296655 ; 101.708;
4 ; 5 ; 15 ; -0.0596495 ; 0.0100776 ; -0.00461317 ; 101.185;
5 ; 5 ; 15 ; -0.0469582 ; 0.0194743 ; -0.0525885 ; 102.406;
6 ; 5 ; 15 ; -0.0398699 ; -0.0185371 ; -0.0189276 ; 101.922;
7 ; 5 ; 15 ; -0.0267603 ; -0.0454373 ; -0.00593542 ; 101.774;
8 ; 5 ; 15 ; 0.00771608 ; -0.0530855 ; -0.0193555 ; 103.533;
9 ; 5 ; 15 ; 0.042053 ; 0.000264694 ; 0.00391868 ; 102.138;
10 ; 5 ; 15 ; 0.0195221 ; 0.0245422 ; -0.0047865 ; 101.955;
11 ; 5 ; 15 ; 0.00548429 ; 0.01987 ; -0.0145183 ; 101.382;
12 ; 5 ; 15 ; 0.0187949 ; 0.0077045 ; 0.00706297 ; 101.217;
13 ; 5 ; 15 ; -0.00988793 ; 0.00292523 ; -0.0217145 ; 102.548;
14 ; 5 ; 15 ; -0.0128504 ; 0.0121642 ; -0.00518511 ; 102.087;
15 ; 5 ; 15 ; -0.0308829 ; 0.0114733 ; -0.0146459 ; 102.317;
16 ; 5 ; 15 ; -0.057676 ; 0.0116171 ; -0.0290044 ; 102.576;
17 ; 5 ; 15 ; -0.00572009 ; 0.0335407 ; -0.026176 ; 101.75;
18 ; 5 ; 15 ; 0.00976033 ; -0.00912019 ; -0.0405979 ; 102.207;
19 ; 5 ; 15 ; 0.00674945 ; -0.000682501 ; -0.0358011 ; 101.995;
20 ; 5 ; 15 ; -0.0242179 ; 0.0316002 ; 0.0125694 ; 102.065;
21 ; 5 ; 15 ; 0.00519563 ; -0.0241882 ; 0.0863408 ; 98.8725;
4 ; 6 ; 15 ; 0.0219844 ; 0.0498597 ; 0.0598553 ; 100.09;
5 ; 6 ; 15 ; -0.00752317 ; 0.0324168 ; -0.0510197 ; 101.545;
6 ; 6 ; 15 ; -0.0431589 ; -0.00899058 ; -0.0334023 ; 102.638;
7 ; 6 ; 15 ; -0.0300747 ; -0.0413037 ; -0.00557041 ; 101.835;
8 ; 6 ; 15 ; -0.00317957 ; -0.0361359 ; 0.00996104 ; 101.515;
9 ; 6 ; 15 ; 0.049694 ; -0.0385322 ; -0.0147307 ; 103.137;
10 ; 6 ; 15 ; 0.0418665 ; 0.0242557 ; 0.00597282 ; 102.318;
11 ; 6 ; 15 ; 0.0153204 ; 0.0431684 ; -0.0134513 ; 101.519;
12 ; 6 ; 15 ; -0.00601401 ; 0.0722268 ; -0.0261542 ; 100.423;
13 ; 6 ; 15 ; -0.022391 ; -0.000675441 ; -0.0204473 ; 103.2;
14 ; 6 ; 15 ; -0.0353171 ; 0.00905703 ; -0.0226302 ; 102.085;
15 ; 6 ; 15 ; -0.034436 ; 0.0124759 ; -0.0178343 ; 102.42;
16 ; 6 ; 15 ; -0.0194564 ; 0.0157723 ; -0.00692348 ; 102.249;
17 ; 6 ; 15 ; -0.0335673 ; 0.0690531 ; -0.00520754 ; 101.047;
18 ; 6 ; 15 ; 0.00687871 ; -0.00113584 ; -0.0410722 ; 102.034;
19 ; 6 ; 15 ; 0.0172758 ; -0.0117508 ; -0.0486707 ; 101.518;
20 ; 6 ; 15 ; 0.00620334 ; 0.00959904 ; -0.051043 ; 101.448;
21 ; 6 ; 15 ; -0.0414189 ; 0.0317726 ; 0.0509373 ; 100.125;
4 ; 7 ; 15 ; -0.0116299 ; 0.0484348 ; -0.000276695 ; 99.525;
5 ; 7 ; 15 ; -0.00951145 ; -0.0161379 ; -6.98153e-05 ; 100.922;
6 ; 7 ; 15 ; -0.0229356 ; -0.0204869 ; -0.0231018 ; 100.972;
7 ; 7 ; 15 ; -0.0201691 ; -0.00843936 ; -0.0224914 ; 102.01;
8 ; 7 ; 15 ; 0.0152348 ; 0.0287522 ; 0.0257715 ; 101.705;
9 ; 7 ; 15 ; -0.00964089 ; 0.00675937 ; -0.0128993 ; 102.21;
10 ; 7 ; 15 ; 0.00893881 ; 0.00216165 ; -0.0439257 ; 101.405;
11 ; 7 ; 15 ; 0.00583287 ; 0.0296422 ; -0.0240024 ; 101.836;
12 ; 7 ; 15 ; -0.00985818 ; 0.0556426 ; 0.0218325 ; 103.185;
13 ; 7 ; 15 ; 0.00837662 ; -0.0178912 ; 0.0101348 ; 101.166;
14 ; 7 ; 15 ; 0.00245961 ; -0.010843 ; 0.00535243 ; 101.272;
15 ; 7 ; 15 ; 0.0110247 ; -0.0121922 ; -0.0148721 ; 101.117;
16 ; 7 ; 15 ; -0.000764381 ; 0.0209008 ; -0.022789 ; 101.633;
17 ; 7 ; 15 ; -0.0200865 ; 0.0598698 ; 0.025036 ; 102.5;
18 ; 7 ; 15 ; -0.0142934 ; 0.0454663 ; 0.0408552 ; 102.787;
19 ; 7 ; 15 ; -0.0162596 ; 0.0351649 ; 0.0169994 ; 102.727;
20 ; 7 ; 15 ; -0.0274217 ; -0.0184521 ; -0.0225302 ; 102.515;
21 ; 7 ; 15 ; -0.00096062 ; -0.0390421 ; -0.0348903 ; 101.767;
4 ; 8 ; 15 ; -0.074002 ; 0.00844255 ; 0.0726922 ; 104.907;
5 ; 8 ; 15 ; -0.00183066 ; -0.029326 ; -0.0465929 ; 100.616;
6 ; 8 ; 15 ; -0.0206296 ; -0.0143116 ; -0.0273797 ; 100.929;
7 ; 8 ; 15 ; -0.02523 ; 0.00561445 ; -0.0176218 ; 101.927;
8 ; 8 ; 15 ; -0.0062596 ; 0.000800933 ; 0.00233822 ; 102.698;
9 ; 8 ; 15 ; 0.00741067 ; 0.0219771 ; 0.0122402 ; 101.157;
10 ; 8 ; 15 ; 0.00989873 ; 0.0145471 ; -0.0218717 ; 101.384;
11 ; 8 ; 15 ; 0.00352721 ; 0.0367135 ; -0.0157314 ; 101.753;
12 ; 8 ; 15 ; -0.00995999 ; 0.0498011 ; -0.0032694 ; 102.532;
13 ; 8 ; 15 ; 0.0258814 ; 0.0111427 ; -0.000196659 ; 101.639;
14 ; 8 ; 15 ; 0.0169473 ; 0.00111985 ; 0.00175333 ; 101.417;
15 ; 8 ; 15 ; 0.0214494 ; 0.00418442 ; -0.00896153 ; 101.294;
16 ; 8 ; 15 ; 0.015478 ; 0.00261945 ; -0.0342511 ; 101.352;
17 ; 8 ; 15 ; -0.00609782 ; 0.0233741 ; 0.0419666 ; 101.905;
18 ; 8 ; 15 ; -0.00911116 ; 0.0308513 ; 0.0452484 ; 102.43;
19 ; 8 ; 15 ; -0.0103515 ; 0.0219353 ; 0.0313274 ; 102.396;
20 ; 8 ; 15 ; -0.0269462 ; 0.00163897 ; -0.0170832 ; 102.768;
21 ; 8 ; 15 ; -0.106483 ; -0.0550901 ; 0.0254567 ; 101.262;
4 ; 9 ; 15 ; 0.0426613 ; 0.0139428 ; 0.000692647 ; 100.933;
5 ; 9 ; 15 ; 0.0195841 ; -0.0127337 ; -0.0227519 ; 101.031;
6 ; 9 ; 15 ; -0.011292 ; -0.00992803 ; -0.0232914 ; 101.076;
7 ; 9 ; 15 ; -0.0298853 ; 0.0114602 ; -0.00270318 ; 101.571;
8 ; 9 ; 15 ; -0.0393221 ; 0.0143908 ; -0.00204205 ; 103.039;
9 ; 9 ; 15 ; 0.00785936 ; 0.0311833 ; 0.012299 ; 101.252;
10 ; 9 ; 15 ; 0.0116018 ; 0.0317086 ; 0.0031182 ; 101.376;
11 ; 9 ; 15 ; 0.0085667 ; 0.0387908 ; -0.00467983 ; 101.592;
12 ; 9 ; 15 ; -0.0146224 ; 0.0423696 ; -0.023353 ; 101.799;
13 ; 9 ; 15 ; 0.0105655 ; 0.0245388 ; -0.00701074 ; 102.291;
14 ; 9 ; 15 ; 0.0276376 ; 0.0162154 ; -0.00152541 ; 101.778;
15 ; 9 ; 15 ; 0.0340773 ; 0.0164114 ; -0.000893292 ; 101.338;
16 ; 9 ; 15 ; 0.0353111 ; 0.0184889 ; -0.0174989 ; 101.514;
17 ; 9 ; 15 ; 0.00489179 ; -0.0114233 ; -0.0054475 ; 101.167;
18 ; 9 ; 15 ; -0.000192098 ; 0.00946098 ; 0.0278792 ; 101.96;
19 ; 9 ; 15 ; -0.00210745 ; 0.00246212 ; 0.0315098 ; 102.143;
20 ; 9 ; 15 ; -0.0111728 ; -4.0707e-05 ; 0.027055 ; 102.447;
21 ; 9 ; 15 ; 0.00337922 ; -0.00724803 ; 0.105879 ; 104.727;
4 ; 10 ; 15 ; 0.0280434 ; -0.0646329 ; -0.0178599 ; 98.7475;
5 ; 10 ; 15 ; 0.0114408 ; -0.0170306 ; 0.018165 ; 101.639;
6 ; 10 ; 15 ; 3.94484e-05 ; -0.00584336 ; 0.00101179 ; 101.277;
7 ; 10 ; 15 ; -0.011817 ; 0.00736893 ; 0.0176452 ; 101.068;
8 ; 10 ; 15 ; -0.0380135 ; 0.0270973 ; 0.0329155 ; 100.999;
9 ; 10 ; 15 ; 0.011734 ; 0.0101503 ; -0.0290144 ; 101.665;
10 ; 10 ; 15 ; 0.0149404 ; 0.0233803 ; -0.0102157 ; 101.565;
11 ; 10 ; 15 ; 0.0189186 ; 0.0226047 ; -0.00588092 ; 101.838;
12 ; 10 ; 15 ; 0.00599946 ; 0.0238284 ; -0.00178432 ; 101.762;
13 ; 10 ; 15 ; 0.0177581 ; 0.00449847 ; -0.00653011 ; 102.556;
14 ; 10 ; 15 ; 0.0274252 ; 0.0165605 ; -0.00117423 ; 102.16;
15 ; 10 ; 15 ; 0.0297885 ; 0.0136271 ; 0.00837928 ; 101.54;
16 ; 10 ; 15 ; 0.03993 ; 0.0297085 ; 0.0128892 ; 101.183;
17 ; 10 ; 15 ; 0.0111179 ; -0.00200673 ; -0.0382368 ; 101.894;
18 ; 10 ; 15 ; 0.0062325 ; -0.00351727 ; -0.00558513 ; 101.688;
19 ; 10 ; 15 ; 0.00404025 ; -0.00398541 ; 0.0103479 ; 101.759;
20 ; 10 ; 15 ; 0.00202398 ; -0.0252028 ; 0.0411816 ; 102.148;
21 ; 10 ; 15 ; 0.0281502 ; -0.0572889 ; 0.0143835 ; 102.63;
4 ; 11 ; 15 ; 0.00634764 ; 0.0139599 ; 0.0117021 ; 101.162;
5 ; 11 ; 15 ; 0.0287252 ; 0.0129515 ; 0.0172931 ; 101.836;
6 ; 11 ; 15 ; 0.0166754 ; 0.00797009 ; 0.0116905 ; 101.623;
7 ; 11 ; 15 ; 0.00995972 ; 0.00826096 ; 0.00871435 ; 101.27;
8 ; 11 ; 15 ; 0.00124045 ; -0.0102644 ; 0.0341726 ; 100.386;
9 ; 11 ; 15 ; 0.00274554 ; -0.0367284 ; -0.0118117 ; 102.158;
10 ; 11 ; 15 ; 0.0124406 ; -0.00562114 ; -0.0194931 ; 102.184;
11 ; 11 ; 15 ; 0.0271059 ; -0.000975335 ; -0.0129676 ; 102.236;
12 ; 11 ; 15 ; 0.0272641 ; -0.00584439 ; 0.00202596 ; 102.05;
13 ; 11 ; 15 ; 0.00343804 ; -0.0559414 ; -0.00186374 ; 100.818;
14 ; 11 ; 15 ; 0.0201695 ; -0.0217275 ; 0.00212182 ; 101.471;
15 ; 11 ; 15 ; 0.0271033 ; -0.000662161 ; 0.0103103 ; 101.206;
16 ; 11 ; 15 ; 0.0280459 ; 0.0016402 ; 0.00800877 ; 101.099;
17 ; 11 ; 15 ; -0.0186215 ; -0.0136011 ; -0.0202982 ; 101.901;
18 ; 11 ; 15 ; -0.00538183 ; 0.00767128 ; -0.0236289 ; 101.59;
19 ; 11 ; 15 ; 0.00727922 ; 0.0174278 ; -0.016738 ; 101.427;
20 ; 11 ; 15 ; 0.00492187 ; -0.0035116 ; -0.00059405 ; 101.758;
21 ; 11 ; 15 ; 0.0256735 ; -0.0227299 ; -0.0293365 ; 104.3;
4 ; 12 ; 15 ; -0.0373827 ; 0.0154689 ; -0.0181064 ; 101.3;
5 ; 12 ; 15 ; 0.0542839 ; 0.0438952 ; 0.00826218 ; 101.9;
6 ; 12 ; 15 ; 0.0239903 ; 0.0212803 ; 0.0113209 ; 101.692;
7 ; 12 ; 15 ; 0.0209398 ; 0.0203746 ; -0.00145072 ; 101.503;
8 ; 12 ; 15 ; 0.0298426 ; 0.0105943 ; -0.0117041 ; 101.306;
9 ; 12 ; 15 ; -0.0125794 ; -0.0552772 ; 0.0126958 ; 102.652;
10 ; 12 ; 15 ; 0.0108716 ; -0.0222311 ; -0.0181813 ; 102.539;
11 ; 12 ; 15 ; 0.0271311 ; -0.00984512 ; -0.0155756 ; 102.488;
12 ; 12 ; 15 ; 0.0334087 ; -0.0214559 ; -0.0119299 ; 102.044;
13 ; 12 ; 15 ; -0.0349483 ; -0.0998679 ; 0.00437397 ; 99.52;
14 ; 12 ; 15 ; 0.0227868 ; -0.0427252 ; 0.00289103 ; 100.948;
15 ; 12 ; 15 ; 0.0277567 ; 6.07531e-05 ; 0.0129643 ; 101.129;
16 ; 12 ; 15 ; 0.0136634 ; 0.0211878 ; -0.0121319 ; 101.898;
17 ; 12 ; 15 ; -0.0475365 ; -0.0242969 ; -0.0129691 ; 101.5;
18 ; 12 ; 15 ; -0.0133959 ; 0.0122293 ; -0.0193324 ; 101.439;
19 ; 12 ; 15 ; 0.0102153 ; 0.0287663 ; -0.0189244 ; 101.035;
20 ; 12 ; 15 ; 0.0487383 ; 0.0147895 ; -0.000939592 ; 100.636;
21 ; 12 ; 15 ; 0.0487424 ; 0.0454784 ; -0.045448 ; 100.047;
4 ; 13 ; 15 ; 0.0334858 ; 0.0496448 ; 0.106133 ; 102.44;
5 ; 13 ; 15 ; 0.0361211 ; 0.0076607 ; -0.00629006 ; 102.913;
6 ; 13 ; 15 ; 0.0326524 ; -0.00575912 ; -0.0164993 ; 102.53;
7 ; 13 ; 15 ; 0.000876334 ; -0.0114176 ; -0.0246499 ; 102.306;
8 ; 13 ; 15 ; -0.0300271 ; -0.0237025 ; -0.0212053 ; 103.1;
9 ; 13 ; 15 ; 0.0231766 ; 0.00644328 ; 0.047335 ; 101.754;
10 ; 13 ; 15 ; -0.00572665 ; -0.00118306 ; 0.0383813 ; 102.276;
11 ; 13 ; 15 ; -0.0208154 ; 0.00449955 ; 0.0167065 ; 101.869;
12 ; 13 ; 15 ; -0.0216958 ; -0.00774514 ; 0.0248146 ; 100.82;
13 ; 13 ; 15 ; -0.039061 ; -0.0140005 ; 0.0104914 ; 101.555;
14 ; 13 ; 15 ; -0.0218145 ; -0.00394842 ; -0.0310517 ; 102.883;
15 ; 13 ; 15 ; -0.00739628 ; -0.00718517 ; -0.0280435 ; 102.594;
16 ; 13 ; 15 ; -0.0525242 ; 0.0061178 ; 0.0412656 ; 99.3975;
17 ; 13 ; 15 ; 0.0151789 ; -0.00116587 ; -0.0239986 ; 101.61;
18 ; 13 ; 15 ; -0.00892317 ; -0.0054857 ; -0.0380255 ; 101.497;
19 ; 13 ; 15 ; -0.0197738 ; 0.0058595 ; -0.0359149 ; 101.302;
20 ; 13 ; 15 ; -0.00890265 ; 0.0798275 ; 0.0172844 ; 101.933;
21 ; 13 ; 15 ; -0.0224297 ; 0.00650668 ; 0.0153374 ; 103.755;
4 ; 14 ; 15 ; 0.0619954 ; 0.0135853 ; 0.0104993 ; 102.037;
5 ; 14 ; 15 ; -0.00187093 ; 0.0127727 ; -0.00965085 ; 102.735;
6 ; 14 ; 15 ; 0.0199397 ; 0.00233482 ; -0.0101996 ; 102.42;
7 ; 14 ; 15 ; 0.00353406 ; -0.0011834 ; -0.0153594 ; 102.028;
8 ; 14 ; 15 ; -0.0139996 ; -0.0118527 ; -0.0241895 ; 102.453;
9 ; 14 ; 15 ; 0.00622701 ; 0.0240966 ; 0.0241548 ; 101.27;
10 ; 14 ; 15 ; -0.00379734 ; 0.00980144 ; 0.0262064 ; 101.891;
11 ; 14 ; 15 ; -0.0194765 ; 0.00974534 ; 0.00761836 ; 101.608;
12 ; 14 ; 15 ; -0.00448819 ; 0.0125784 ; 0.00821485 ; 101.534;
13 ; 14 ; 15 ; -0.0302794 ; 0.0015832 ; -0.0229404 ; 100.949;
14 ; 14 ; 15 ; -0.0234022 ; -0.00526745 ; -0.0261063 ; 102.298;
15 ; 14 ; 15 ; -0.00713957 ; -0.0108323 ; -0.0143354 ; 102.336;
16 ; 14 ; 15 ; -0.00850274 ; -0.017907 ; -0.00457921 ; 101.095;
17 ; 14 ; 15 ; 0.0123787 ; -0.00810489 ; -0.020628 ; 100.999;
18 ; 14 ; 15 ; -0.00251752 ; -0.00923577 ; -0.0336705 ; 101.191;
19 ; 14 ; 15 ; -0.00633789 ; 0.00220597 ; -0.0376054 ; 101.093;
20 ; 14 ; 15 ; -0.0158646 ; 0.0284285 ; -0.0173417 ; 101.483;
21 ; 14 ; 15 ; 0.00957717 ; 0.0146624 ; 0.0577833 ; 106.017;
4 ; 15 ; 15 ; 0.0139447 ; -0.0707696 ; -0.0152715 ; 103.282;
5 ; 15 ; 15 ; -0.0148455 ; 0.0176616 ; 0.0128446 ; 101.885;
6 ; 15 ; 15 ; 0.000958626 ; 0.0169814 ; -0.0032184 ; 102.127;
7 ; 15 ; 15 ; 0.00469018 ; 0.0212036 ; -0.010152 ; 101.761;
8 ; 15 ; 15 ; 0.0129956 ; 0.00497461 ; -0.00253218 ; 101.779;
9 ; 15 ; 15 ; -0.0263376 ; 0.0351415 ; 0.0136454 ; 102.022;
10 ; 15 ; 15 ; -0.0131423 ; 0.0250019 ; 0.0171857 ; 101.489;
11 ; 15 ; 15 ; -0.0191277 ; 0.024136 ; 0.00377924 ; 101.627;
12 ; 15 ; 15 ; -0.00915577 ; 0.0225423 ; -0.013841 ; 101.469;
13 ; 15 ; 15 ; -0.0251814 ; -0.0149825 ; -0.0196284 ; 101.136;
14 ; 15 ; 15 ; -0.0117195 ; -0.0145508 ; -0.0139173 ; 101.51;
15 ; 15 ; 15 ; 0.0129465 ; -0.0224694 ; 0.00316302 ; 101.896;
16 ; 15 ; 15 ; 0.0214269 ; -0.0347764 ; -0.00237883 ; 102.437;
17 ; 15 ; 15 ; 0.0343983 ; -0.00721799 ; -0.0223296 ; 101.47;
18 ; 15 ; 15 ; 0.018614 ; -0.0207688 ; -0.0263047 ; 101.283;
19 ; 15 ; 15 ; 0.0174452 ; -0.0143922 ; -0.0353872 ; 101.52;
20 ; 15 ; 15 ; 0.000155173 ; -0.00811493 ; -0.0473629 ; 100.849;
21 ; 15 ; 15 ; 0.0229407 ; -0.0272427 ; -0.0247205 ; 103.91;
4 ; 16 ; 15 ; 0.0108926 ; -0.0449878 ; 0.0181786 ; 100.285;
5 ; 16 ; 15 ; -0.0229699 ; 0.0034717 ; 0.0111837 ; 101.38;
6 ; 16 ; 15 ; -0.00744305 ; 0.0184265 ; 0.00506747 ; 101.75;
7 ; 16 ; 15 ; 0.0024933 ; 0.031872 ; -0.0124408 ; 101.785;
8 ; 16 ; 15 ; 0.0118837 ; 0.0228987 ; -0.00214963 ; 102.208;
9 ; 16 ; 15 ; -0.0290774 ; 0.0281559 ; -0.00267655 ; 101.715;
10 ; 16 ; 15 ; -0.0247211 ; 0.0285777 ; 0.00808311 ; 101.677;
11 ; 16 ; 15 ; -0.0236276 ; 0.0374072 ; 0.00554246 ; 101.675;
12 ; 16 ; 15 ; -0.0287934 ; 0.0174149 ; -0.00351259 ; 101.462;
13 ; 16 ; 15 ; 0.0112791 ; -0.0256926 ; -0.00561477 ; 102.149;
14 ; 16 ; 15 ; 0.0037862 ; -0.0177263 ; -0.00262779 ; 101.696;
15 ; 16 ; 15 ; 0.0209738 ; -0.0122865 ; 0.0114747 ; 101.307;
16 ; 16 ; 15 ; 0.0301548 ; -0.0293717 ; 0.0394417 ; 101.571;
17 ; 16 ; 15 ; 0.0505082 ; -0.0167198 ; -0.0180536 ; 102.284;
18 ; 16 ; 15 ; 0.0310813 ; -0.0202111 ; -0.0186874 ; 102.098;
19 ; 16 ; 15 ; 0.0219369 ; -0.011008 ; -0.0175784 ; 102.285;
20 ; 16 ; 15 ; 0.0295906 ; -0.000458374 ; -0.0277103 ; 102.086;
21 ; 16 ; 15 ; 0.0505049 ; -0.0201635 ; -0.0565996 ; 100.195;
4 ; 17 ; 15 ; -0.00248604 ; 0.011466 ; -0.00240101 ; 101.52;
5 ; 17 ; 15 ; -0.0111272 ; -0.0157963 ; -0.0185469 ; 102.641;
6 ; 17 ; 15 ; -0.007591 ; 0.010725 ; -0.0120548 ; 102.122;
7 ; 17 ; 15 ; 0.00146752 ; 0.0331985 ; -0.0144331 ; 101.671;
8 ; 17 ; 15 ; 0.00924067 ; 0.037109 ; -0.0342647 ; 102.034;
9 ; 17 ; 15 ; 0.0131908 ; 0.0210923 ; -0.0221358 ; 100.847;
10 ; 17 ; 15 ; -0.0144067 ; 0.0225241 ; -0.00316357 ; 101.623;
11 ; 17 ; 15 ; -0.011767 ; 0.0293341 ; 0.0154443 ; 101.497;
12 ; 17 ; 15 ; -0.0144038 ; 0.0417765 ; 0.00927637 ; 102.345;
13 ; 17 ; 15 ; -0.00498356 ; 0.0133931 ; 0.0579932 ; 102.348;
14 ; 17 ; 15 ; 0.009849 ; -0.0074249 ; 0.0227154 ; 101.859;
15 ; 17 ; 15 ; 0.0176387 ; 0.000913953 ; 0.0168695 ; 100.979;
16 ; 17 ; 15 ; 0.0416406 ; -0.00200048 ; 0.00531988 ; 100.882;
17 ; 17 ; 15 ; 0.00176159 ; -0.0290289 ; 0.0300999 ; 101.697;
18 ; 17 ; 15 ; 0.0246427 ; -0.0182338 ; -0.00200704 ; 102.246;
19 ; 17 ; 15 ; 0.0153633 ; -0.0104854 ; -0.000860044 ; 102.305;
20 ; 17 ; 15 ; -0.000251047 ; -0.0111257 ; -0.00669354 ; 102.53;
21 ; 17 ; 15 ; -0.00675469 ; 0.0336629 ; 0.00739473 ; 102.887;
4 ; 18 ; 15 ; -0.0329072 ; -0.00801639 ; -0.0243047 ; 102.028;
5 ; 18 ; 15 ; 0.00489684 ; -0.0207192 ; -0.0406791 ; 103.715;
6 ; 18 ; 15 ; -0.00833622 ; 0.00472324 ; -0.0203092 ; 102.432;
7 ; 18 ; 15 ; 0.0025499 ; 0.0300386 ; -0.00910914 ; 101.498;
8 ; 18 ; 15 ; 0.0194857 ; 0.0131149 ; 0.00103965 ; 101.285;
9 ; 18 ; 15 ; 0.0285945 ; 0.0184965 ; -0.0206543 ; 100.447;
10 ; 18 ; 15 ; -0.000314639 ; 0.0200229 ; -0.0170151 ; 101.47;
11 ; 18 ; 15 ; -0.00383313 ; 0.0198631 ; 0.0152583 ; 101.108;
12 ; 18 ; 15 ; -0.000783632 ; 0.0265098 ; 0.0261215 ; 101.265;
13 ; 18 ; 15 ; -0.0356029 ; 0.0419544 ; 0.112802 ; 101.958;
14 ; 18 ; 15 ; 0.00386847 ; 0.00369255 ; 0.036864 ; 101.878;
15 ; 18 ; 15 ; 0.00246523 ; 0.0127257 ; 0.0246141 ; 100.778;
16 ; 18 ; 15 ; 0.00795184 ; 0.0300253 ; 0.0192329 ; 100.462;
17 ; 18 ; 15 ; -0.031594 ; -0.0358531 ; 0.0668851 ; 100.875;
18 ; 18 ; 15 ; 0.0135093 ; -0.0133788 ; 0.0082755 ; 101.974;
19 ; 18 ; 15 ; 0.0104919 ; -0.00299851 ; 0.00667073 ; 101.855;
20 ; 18 ; 15 ; -0.0123612 ; -0.00661287 ; 0.00997307 ; 101.826;
21 ; 18 ; 15 ; 0.0588258 ; -0.0012665 ; 0.108582 ; 103.475;
4 ; 19 ; 15 ; -0.0679724 ; -0.0286238 ; -0.0192046 ; 102.608;
5 ; 19 ; 15 ; -0.0218999 ; 0.00580388 ; -0.000361071 ; 101.532;
6 ; 19 ; 15 ; -0.0291783 ; 0.0279373 ; -0.00319283 ; 101.94;
7 ; 19 ; 15 ; -0.00065863 ; 0.0281935 ; -0.00608096 ; 102.059;
8 ; 19 ; 15 ; 0.0688853 ; -0.0113552 ; 0.0176948 ; 101.082;
9 ; 19 ; 15 ; -0.00208128 ; 0.00910806 ; 0.00624804 ; 102.038;
10 ; 19 ; 15 ; 0.00780913 ; 0.0158442 ; -0.013285 ; 102.332;
11 ; 19 ; 15 ; 0.0388291 ; 0.038452 ; -0.00413256 ; 102.838;
12 ; 19 ; 15 ; 0.0260665 ; 0.0398041 ; -0.0033517 ; 103.057;
13 ; 19 ; 15 ; 0.0492071 ; 0.0070432 ; 0.0123654 ; 102.568;
14 ; 19 ; 15 ; 0.0146478 ; -0.00627548 ; -0.0170876 ; 102.075;
15 ; 19 ; 15 ; -0.0123679 ; -0.00349196 ; -0.0236881 ; 101.515;
16 ; 19 ; 15 ; -0.00576745 ; 0.0235092 ; -0.00127594 ; 100.915;
17 ; 19 ; 15 ; -0.0126527 ; 0.00619906 ; 0.0245987 ; 101.846;
18 ; 19 ; 15 ; -0.0124235 ; 0.00764588 ; 0.0469985 ; 101.915;
19 ; 19 ; 15 ; -0.0120389 ; 0.0273774 ; 0.0182442 ; 102.766;
20 ; 19 ; 15 ; 0.0405959 ; 0.0330387 ; -0.0507276 ; 104.075;
21 ; 19 ; 15 ; 0.0134237 ; -0.0335782 ; -0.0555145 ; 100.727;
4 ; 20 ; 15 ; 0.0269781 ; -0.0249338 ; 0.0366927 ; 102.223;
5 ; 20 ; 15 ; -0.00264813 ; -0.0160826 ; 0.0397195 ; 101.258;
6 ; 20 ; 15 ; -0.0186268 ; 0.0229718 ; 0.00976638 ; 101.635;
7 ; 20 ; 15 ; -0.0107325 ; 0.0273811 ; -0.0106336 ; 101.816;
8 ; 20 ; 15 ; 0.0279769 ; 0.0173042 ; -0.0039917 ; 101.765;
9 ; 20 ; 15 ; 0.0235034 ; -0.0326913 ; -0.0012878 ; 101.86;
10 ; 20 ; 15 ; 0.0197405 ; 0.0026624 ; -0.00397163 ; 102.426;
11 ; 20 ; 15 ; 0.0402451 ; 0.0283243 ; 0.00166895 ; 102.89;
12 ; 20 ; 15 ; 0.0547537 ; 0.0473414 ; 0.00196834 ; 103.149;
13 ; 20 ; 15 ; -0.00367902 ; -0.0186721 ; 0.0314116 ; 102.543;
14 ; 20 ; 15 ; 0.00821006 ; -0.00763089 ; -0.00957865 ; 102.32;
15 ; 20 ; 15 ; -0.00772407 ; 0.0051014 ; -0.0350444 ; 101.778;
16 ; 20 ; 15 ; -0.0113238 ; 0.00381654 ; -0.012705 ; 101.332;
17 ; 20 ; 15 ; -0.0583354 ; 0.0228237 ; 0.0161081 ; 102.034;
18 ; 20 ; 15 ; -0.0210391 ; 0.0147315 ; 0.0333035 ; 101.807;
19 ; 20 ; 15 ; -0.007847 ; 0.0283949 ; 0.0124227 ; 102.315;
20 ; 20 ; 15 ; 0.0033902 ; 0.0448692 ; -0.0210285 ; 103.523;
21 ; 20 ; 15 ; -0.00945651 ; -0.0297671 ; -0.0539893 ; 103.16;
4 ; 21 ; 15 ; 0.0659802 ; -0.0304039 ; 0.0681912 ; 101.922;
5 ; 21 ; 15 ; 0.00623422 ; -0.00934024 ; 0.0726532 ; 100.593;
6 ; 21 ; 15 ; -0.00277968 ; 0.0105932 ; 0.0153061 ; 101.573;
7 ; 21 ; 15 ; -0.0194152 ; 0.031174 ; -0.0197312 ; 101.836;
8 ; 21 ; 15 ; -0.0392987 ; 0.017607 ; -0.0270395 ; 102.199;
9 ; 21 ; 15 ; 0.0427683 ; -0.0648889 ; -0.00346405 ; 101.517;
10 ; 21 ; 15 ; 0.0330915 ; -0.00479213 ; 0.00644842 ; 102.61;
11 ; 21 ; 15 ; 0.0488116 ; 0.0252937 ; 0.0071761 ; 103.034;
12 ; 21 ; 15 ; 0.0547067 ; 0.0431765 ; -0.013718 ; 102.157;
13 ; 21 ; 15 ; -0.0186392 ; -0.0470799 ; 0.0421613 ; 103.412;
14 ; 21 ; 15 ; 0.00370357 ; 0.00167809 ; 0.00398303 ; 102.358;
15 ; 21 ; 15 ; -0.00173628 ; 0.0129903 ; -0.0391572 ; 101.965;
16 ; 21 ; 15 ; -0.0154924 ; 0.00832508 ; -0.0490567 ; 101.696;
17 ; 21 ; 15 ; -0.0824906 ; 0.0173522 ; 0.00879075 ; 102.292;
18 ; 21 ; 15 ; -0.0326426 ; 0.0308749 ; 0.0171585 ; 101.695;
19 ; 21 ; 15 ; -0.0141921 ; 0.0361477 ; 0.0101556 ; 101.987;
20 ; 21 ; 15 ; -0.00865948 ; 0.0458517 ; -0.000747 ; 102.797;
21 ; 21 ; 15 ; -0.0676555 ; 0.00451685 ; -0.121128 ; 103.433;
4 ; 4 ; 16 ; 0.0415151 ; -0.039127 ; -0.0627788 ; 103.278;
5 ; 4 ; 16 ; 0.0411662 ; -0.0189542 ; 0.0247004 ; 99.7675;
6 ; 4 ; 16 ; 0.0491991 ; -0.0259812 ; 0.00273174 ; 102.205;
7 ; 4 ; 16 ; 0.090502 ; -0.0537978 ; 0.0367092 ; 99.61;
8 ; 4 ; 16 ; -0.0313155 ; 0.0365979 ; -0.015891 ; 103;
9 ; 4 ; 16 ; 0.0484306 ; 0.0076161 ; 0.0354999 ; 102.915;
10 ; 4 ; 16 ; -0.00295188 ; -0.0721092 ; 0.0505452 ; 101.635;
11 ; 4 ; 16 ; -0.0673466 ; -0.0744166 ; -0.0548861 ; 101.145;
12 ; 4 ; 16 ; -0.070928 ; 0.00783567 ; -0.037019 ; 103.032;
13 ; 4 ; 16 ; -0.027347 ; 0.0401483 ; 0.031225 ; 100.732;
14 ; 4 ; 16 ; -0.0312601 ; -0.0039639 ; -0.0612432 ; 98.2475;
15 ; 4 ; 16 ; -0.0144734 ; 0.00747833 ; 0.048619 ; 102.337;
16 ; 4 ; 16 ; 0.039535 ; 0.0281681 ; 0.0884609 ; 101.708;
17 ; 4 ; 16 ; 0.0157269 ; 0.00524314 ; 0.0567021 ; 104.48;
18 ; 4 ; 16 ; 0.00370382 ; 0.00330499 ; 0.0513585 ; 101.59;
19 ; 4 ; 16 ; -0.0593989 ; -0.0105261 ; 0.0353424 ; 100.962;
20 ; 4 ; 16 ; -0.0265491 ; 0.00657721 ; -0.0232643 ; 103.062;
21 ; 4 ; 16 ; 0.0668778 ; 0.00274077 ; 0.0599929 ; 103.948;
4 ; 5 ; 16 ; -0.0358677 ; 0.0149832 ; -0.0199733 ; 99.1075;
5 ; 5 ; 16 ; -0.065136 ; -0.00969362 ; 0.0535708 ; 101.722;
6 ; 5 ; 16 ; -0.00412928 ; 0.00019996 ; 0.0207786 ; 101.912;
7 ; 5 ; 16 ; 0.0349129 ; -0.0172894 ; 0.0427244 ; 100.467;
8 ; 5 ; 16 ; -0.0120574 ; -0.00538928 ; 0.0192747 ; 102.551;
9 ; 5 ; 16 ; -0.059562 ; 0.0390909 ; -0.0367504 ; 100.49;
10 ; 5 ; 16 ; -0.0141028 ; -0.0287861 ; 0.0178822 ; 101.947;
11 ; 5 ; 16 ; -0.0559871 ; -0.0538497 ; -0.0286079 ; 102.234;
12 ; 5 ; 16 ; -0.0866719 ; -0.0119427 ; -0.0115713 ; 103.102;
13 ; 5 ; 16 ; -0.046272 ; 0.0290787 ; -0.024661 ; 102.472;
14 ; 5 ; 16 ; -0.0393231 ; 0.0138879 ; -0.0380082 ; 100.338;
15 ; 5 ; 16 ; -0.0085159 ; 0.0346983 ; 0.0257188 ; 102.536;
16 ; 5 ; 16 ; 0.03728 ; 0.0294765 ; 0.0391552 ; 101.977;
17 ; 5 ; 16 ; 0.0284595 ; 0.0323645 ; 0.0229656 ; 100.577;
18 ; 5 ; 16 ; 0.0185715 ; 0.0026923 ; 0.0349239 ; 101.266;
19 ; 5 ; 16 ; -0.0323325 ; -0.0201973 ; 0.0180173 ; 101.794;
20 ; 5 ; 16 ; -0.0397662 ; -0.00443771 ; -0.0106819 ; 103.645;
21 ; 5 ; 16 ; 0.0148879 ; -0.0502968 ; -0.0235882 ; 102.885;
4 ; 6 ; 16 ; -0.0700189 ; -0.028075 ; -0.0115969 ; 102.632;
5 ; 6 ; 16 ; -0.0507945 ; 0.0230427 ; 0.0301537 ; 100.257;
6 ; 6 ; 16 ; -0.0446401 ; 0.0253315 ; 0.0419518 ; 101.111;
7 ; 6 ; 16 ; -0.0216644 ; 0.0123685 ; 0.0449378 ; 101.517;
8 ; 6 ; 16 ; -0.0145771 ; -0.0433701 ; 0.0287306 ; 101.903;
9 ; 6 ; 16 ; 0.00486106 ; 0.0427917 ; -0.0129026 ; 99.9025;
10 ; 6 ; 16 ; 0.0113593 ; 0.0303959 ; -0.00954729 ; 101.239;
11 ; 6 ; 16 ; 0.0211628 ; -0.0146518 ; 0.0134206 ; 102.542;
12 ; 6 ; 16 ; -0.0424151 ; -0.0232646 ; 0.0313076 ; 102.089;
13 ; 6 ; 16 ; 0.0172771 ; -0.0480684 ; 0.0319681 ; 102.5;
14 ; 6 ; 16 ; -0.0239977 ; 0.00797499 ; -0.0113999 ; 102.195;
15 ; 6 ; 16 ; 0.00652703 ; 0.0389163 ; -0.0198115 ; 102.012;
16 ; 6 ; 16 ; 0.0300351 ; 0.0148873 ; -0.0182891 ; 102.127;
17 ; 6 ; 16 ; -0.0228483 ; -0.0174924 ; -0.0191608 ; 104.27;
18 ; 6 ; 16 ; 0.0225677 ; -0.00276884 ; 0.00228909 ; 101.111;
19 ; 6 ; 16 ; 0.00913762 ; -0.0095973 ; -0.0098656 ; 101.964;
20 ; 6 ; 16 ; -0.0194024 ; -0.0108236 ; -0.00810525 ; 103.987;
21 ; 6 ; 16 ; -0.0368646 ; -0.0473604 ; -0.0385732 ; 101.475;
4 ; 7 ; 16 ; 0.0198749 ; 0.0411672 ; 0.0144049 ; 101.167;
5 ; 7 ; 16 ; 0.0244042 ; -0.0293644 ; 0.068984 ; 101.058;
6 ; 7 ; 16 ; 0.0148223 ; -0.0148801 ; 0.0361796 ; 103.205;
7 ; 7 ; 16 ; 0.000630284 ; -0.0126696 ; 0.00816253 ; 103.29;
8 ; 7 ; 16 ; -0.0662709 ; 0.00864301 ; -0.0267166 ; 103;
9 ; 7 ; 16 ; -0.00732571 ; 0.0243255 ; 0.037806 ; 102.765;
10 ; 7 ; 16 ; -0.0487703 ; -0.0270708 ; 0.0406966 ; 102.362;
11 ; 7 ; 16 ; -0.0725289 ; 0.045736 ; -0.00904258 ; 100.395;
12 ; 7 ; 16 ; -0.0300864 ; -0.0126953 ; -0.0655512 ; 101.792;
13 ; 7 ; 16 ; 0.000787374 ; 0.00708012 ; 0.0280478 ; 101.752;
14 ; 7 ; 16 ; 0.0285144 ; 0.0614499 ; 0.0257448 ; 101.965;
15 ; 7 ; 16 ; -0.0605237 ; -0.00768793 ; -0.00517579 ; 101.942;
16 ; 7 ; 16 ; 0.0427934 ; -0.0171255 ; 0.00104209 ; 102.548;
17 ; 7 ; 16 ; -0.0200202 ; -0.026716 ; 0.0190221 ; 102.835;
18 ; 7 ; 16 ; 0.00299808 ; 0.040123 ; -0.0369675 ; 102.297;
19 ; 7 ; 16 ; -0.0560539 ; -0.0424395 ; -0.012819 ; 101.12;
20 ; 7 ; 16 ; -0.0578471 ; -0.0265996 ; 0.0196879 ; 99.275;
21 ; 7 ; 16 ; -0.02981 ; -0.0155233 ; 0.0126701 ; 100.342;
4 ; 8 ; 16 ; 0.0161333 ; -0.0164479 ; 0.0604767 ; 101.897;
5 ; 8 ; 16 ; -0.0112269 ; 0.0324929 ; 0.0501736 ; 100.745;
6 ; 8 ; 16 ; 0.014764 ; -0.00398712 ; 0.0285211 ; 102.518;
7 ; 8 ; 16 ; 0.00510528 ; -0.0198638 ; -0.00674979 ; 102.839;
8 ; 8 ; 16 ; -0.0451352 ; 0.00118575 ; -0.0339198 ; 102.947;
9 ; 8 ; 16 ; -0.0278773 ; -0.000524391 ; -0.0464357 ; 98.955;
10 ; 8 ; 16 ; -0.0271127 ; -0.0239257 ; 0.00467831 ; 101.627;
11 ; 8 ; 16 ; -0.0340204 ; 0.0244024 ; -0.00728456 ; 101.715;
12 ; 8 ; 16 ; -0.0255999 ; 0.0052146 ; -0.0328848 ; 102.081;
13 ; 8 ; 16 ; -0.0592438 ; 0.0127392 ; 0.0555125 ; 99.9775;
14 ; 8 ; 16 ; -0.0032927 ; 0.0243928 ; 0.0337583 ; 101.851;
15 ; 8 ; 16 ; -0.0509171 ; -0.000955359 ; -0.00618833 ; 101.875;
16 ; 8 ; 16 ; 0.00110994 ; 0.0186013 ; -0.0254942 ; 101.391;
17 ; 8 ; 16 ; -0.013203 ; -0.0387232 ; 0.0180941 ; 100.317;
18 ; 8 ; 16 ; 0.00224067 ; 0.0231647 ; -0.0135308 ; 101.647;
19 ; 8 ; 16 ; -0.0566602 ; -0.0164902 ; -0.00219526 ; 101.465;
20 ; 8 ; 16 ; -0.0744044 ; -0.0118555 ; 0.0228942 ; 100.266;
21 ; 8 ; 16 ; -0.0744112 ; -0.0285609 ; -0.038262 ; 102.923;
4 ; 9 ; 16 ; 0.0199078 ; 0.0379636 ; -0.0415636 ; 102.315;
5 ; 9 ; 16 ; 0.0230689 ; 0.016123 ; 0.0214164 ; 103.07;
6 ; 9 ; 16 ; 0.0223661 ; 0.00970674 ; 0.0135626 ; 101.995;
7 ; 9 ; 16 ; 0.0161744 ; -0.0138275 ; -0.00268634 ; 101.604;
8 ; 9 ; 16 ; -0.00912506 ; -0.0112218 ; -0.00391705 ; 101.868;
9 ; 9 ; 16 ; 0.018356 ; 0.0437419 ; 0.049992 ; 98.7875;
10 ; 9 ; 16 ; 0.00418549 ; -0.000653483 ; -0.0156085 ; 100.059;
11 ; 9 ; 16 ; 0.000789265 ; -0.00966315 ; -0.0133228 ; 102.063;
12 ; 9 ; 16 ; -0.0207911 ; -0.00582966 ; 0.00235185 ; 102.084;
13 ; 9 ; 16 ; 0.0772871 ; -0.0433714 ; 0.0201497 ; 101.77;
14 ; 9 ; 16 ; -0.0203473 ; -0.0260545 ; 0.0343194 ; 101.6;
15 ; 9 ; 16 ; -0.0489617 ; -0.00745287 ; 0.00145031 ; 101.464;
16 ; 9 ; 16 ; -0.0332811 ; 0.0352873 ; -0.0201136 ; 100.53;
17 ; 9 ; 16 ; -0.0977661 ; 0.0522015 ; 0.0136622 ; 101.917;
18 ; 9 ; 16 ; -0.0239147 ; 0.0157866 ; 0.0228407 ; 100.623;
19 ; 9 ; 16 ; -0.0285181 ; 0.0193504 ; 0.0257325 ; 100.736;
20 ; 9 ; 16 ; -0.0408013 ; -0.00858249 ; 0.019576 ; 100.949;
21 ; 9 ; 16 ; -0.0207284 ; 0.0501278 ; 0.0194964 ; 101.917;
4 ; 10 ; 16 ; 0.000388699 ; -0.0458127 ; -0.0105597 ; 101.782;
5 ; 10 ; 16 ; -0.0550184 ; -0.0271198 ; 0.0679246 ; 103.077;
6 ; 10 ; 16 ; -0.00701501 ; -0.0046456 ; 0.0136781 ; 102.078;
7 ; 10 ; 16 ; -0.00640895 ; -0.0174141 ; 0.0100439 ; 101.235;
8 ; 10 ; 16 ; -0.00366881 ; -0.0400673 ; 0.0162434 ; 101.679;
9 ; 10 ; 16 ; -0.0114236 ; -0.028144 ; -0.0319749 ; 102.575;
10 ; 10 ; 16 ; -0.00752459 ; 0.00586299 ; 0.0125658 ; 100.467;
11 ; 10 ; 16 ; -0.0168478 ; -0.0189886 ; 0.00885123 ; 101.328;
12 ; 10 ; 16 ; -0.0334507 ; -0.0544179 ; 0.0189529 ; 102.147;
13 ; 10 ; 16 ; -0.0527313 ; 0.0175009 ; 0.0235997 ; 99.7575;
14 ; 10 ; 16 ; 0.00387506 ; -0.010804 ; 0.00675688 ; 101.057;
15 ; 10 ; 16 ; -0.0191919 ; -0.0191132 ; -0.00696056 ; 101.025;
16 ; 10 ; 16 ; 0.000801238 ; -0.00204806 ; 0.0140021 ; 101.21;
17 ; 10 ; 16 ; 0.0484214 ; -0.070168 ; 0.0625458 ; 103.91;
18 ; 10 ; 16 ; 0.000194709 ; -0.0134561 ; 0.0227497 ; 101.333;
19 ; 10 ; 16 ; 0.0084565 ; 0.00596439 ; 0.00771884 ; 100.738;
20 ; 10 ; 16 ; -0.00960819 ; -0.0118058 ; -0.00577972 ; 101.108;
21 ; 10 ; 16 ; -0.0777585 ; 0.0535839 ; -0.030095 ; 100.213;
4 ; 11 ; 16 ; -0.00663774 ; -0.0109218 ; -0.000314386 ; 101.705;
5 ; 11 ; 16 ; 0.0350179 ; 0.0105235 ; 0.0933008 ; 102.985;
6 ; 11 ; 16 ; -0.0296825 ; -0.00518402 ; 0.0339061 ; 101.967;
7 ; 11 ; 16 ; -0.0302738 ; -0.0440015 ; -0.00277113 ; 101.97;
8 ; 11 ; 16 ; 0.00074458 ; -0.0720225 ; -0.028251 ; 102.782;
9 ; 11 ; 16 ; -0.012537 ; 0.0167293 ; -0.0208144 ; 103.637;
10 ; 11 ; 16 ; -0.0181853 ; 0.00596953 ; 0.00133651 ; 102.231;
11 ; 11 ; 16 ; -0.0142778 ; 0.0138903 ; 0.0222028 ; 102.206;
12 ; 11 ; 16 ; -0.0260229 ; -0.0269175 ; 0.0293651 ; 102.767;
13 ; 11 ; 16 ; -0.0219578 ; -0.0339405 ; -0.00555177 ; 103.06;
14 ; 11 ; 16 ; -0.0183795 ; 0.00592827 ; -0.00408901 ; 100.931;
15 ; 11 ; 16 ; -0.00370804 ; -0.000757529 ; -0.0208964 ; 100.925;
16 ; 11 ; 16 ; -0.00185218 ; 0.00616948 ; -0.0165493 ; 102.017;
17 ; 11 ; 16 ; 0.00484007 ; -0.0425623 ; 0.0525187 ; 99.4025;
18 ; 11 ; 16 ; 0.0349429 ; -0.0527356 ; 0.020852 ; 101.807;
19 ; 11 ; 16 ; -0.00735052 ; -0.0163061 ; -0.0204218 ; 102.355;
20 ; 11 ; 16 ; -0.0292021 ; -0.00559449 ; -0.0210402 ; 101.765;
21 ; 11 ; 16 ; 0.0589514 ; -0.0261985 ; 0.0114168 ; 102.765;
4 ; 12 ; 16 ; 0.0555894 ; 0.0397265 ; 0.0411446 ; 103.953;
5 ; 12 ; 16 ; -0.0640451 ; 0.0667295 ; 0.0212509 ; 100.595;
6 ; 12 ; 16 ; -0.00435195 ; 0.030453 ; 0.030238 ; 101.86;
7 ; 12 ; 16 ; 0.00251945 ; -0.0143173 ; 0.00340566 ; 101.951;
8 ; 12 ; 16 ; 0.00693939 ; -0.0419764 ; -0.0279021 ; 102.393;
9 ; 12 ; 16 ; -0.00512983 ; -0.0519722 ; -0.028314 ; 102.42;
10 ; 12 ; 16 ; -0.00869662 ; -0.0140007 ; -0.0344388 ; 102.29;
11 ; 12 ; 16 ; -0.00752939 ; 0.00865764 ; -0.0463303 ; 101.937;
12 ; 12 ; 16 ; 0.00162823 ; 0.0415127 ; -0.00722021 ; 102.114;
13 ; 12 ; 16 ; 0.020805 ; 0.106236 ; -0.00827748 ; 100.825;
14 ; 12 ; 16 ; -0.0217747 ; 0.033156 ; -0.0005067 ; 100.981;
15 ; 12 ; 16 ; -0.0192254 ; 0.0287219 ; -0.00873762 ; 100.947;
16 ; 12 ; 16 ; -0.00602189 ; 0.0335997 ; -0.0211098 ; 102.645;
17 ; 12 ; 16 ; 0.0063572 ; -0.0126652 ; 0.027857 ; 100.192;
18 ; 12 ; 16 ; -0.00619329 ; -0.0229054 ; 0.0193183 ; 100.824;
19 ; 12 ; 16 ; -0.0344523 ; -0.0091394 ; -0.00899925 ; 102.366;
20 ; 12 ; 16 ; -0.0231022 ; -0.00677924 ; -0.00836236 ; 102.114;
21 ; 12 ; 16 ; 0.0468997 ; -0.0280731 ; -0.0340986 ; 103.03;
4 ; 13 ; 16 ; -0.0210978 ; 0.0114258 ; 0.0450041 ; 99.6975;
5 ; 13 ; 16 ; 0.0104719 ; -0.0414537 ; 0.0231933 ; 100.677;
6 ; 13 ; 16 ; -0.0372344 ; -0.0179289 ; 0.0522891 ; 99.9425;
7 ; 13 ; 16 ; 0.00872984 ; -0.0102663 ; 0.0382605 ; 100.373;
8 ; 13 ; 16 ; -0.0789231 ; -0.0511668 ; -0.0568832 ; 103.427;
9 ; 13 ; 16 ; -0.0103394 ; -0.038881 ; 0.0131364 ; 99.2625;
10 ; 13 ; 16 ; 0.0922315 ; -0.00182065 ; 0.00130974 ; 99.8975;
11 ; 13 ; 16 ; 0.0173494 ; 0.0102054 ; 0.0795809 ; 102.072;
12 ; 13 ; 16 ; -0.0297533 ; 0.0912425 ; -0.00469383 ; 103.057;
13 ; 13 ; 16 ; -0.0404741 ; 0.0777247 ; -0.00924288 ; 103.77;
14 ; 13 ; 16 ; -0.0388845 ; -0.0842658 ; 0.00600432 ; 100.292;
15 ; 13 ; 16 ; -0.0227548 ; 0.0248173 ; -0.050874 ; 102.235;
16 ; 13 ; 16 ; 0.0346583 ; -0.0329746 ; 0.077629 ; 100.147;
17 ; 13 ; 16 ; -0.0187427 ; 0.0454567 ; -0.0544534 ; 102.845;
18 ; 13 ; 16 ; -0.00187627 ; 0.0454765 ; -0.0243237 ; 101.317;
19 ; 13 ; 16 ; -0.00931957 ; 0.0331466 ; -0.0298735 ; 104.977;
20 ; 13 ; 16 ; 0.00871028 ; 0.0772735 ; 0.0245488 ; 101.795;
21 ; 13 ; 16 ; 0.0120587 ; -0.0282585 ; 0.0621168 ; 101.3;
4 ; 14 ; 16 ; 0.0170369 ; 0.0491897 ; 0.0397362 ; 103.19;
5 ; 14 ; 16 ; 0.0294332 ; -0.046566 ; -0.00904306 ; 101.697;
6 ; 14 ; 16 ; -0.0116686 ; -0.0138649 ; 0.0230941 ; 100.6;
7 ; 14 ; 16 ; -0.00440602 ; 0.0106395 ; 0.029623 ; 101.25;
8 ; 14 ; 16 ; -0.0548565 ; -0.0354551 ; -0.0163748 ; 103.495;
9 ; 14 ; 16 ; -0.0786128 ; 0.0145024 ; 0.0202639 ; 99.3275;
10 ; 14 ; 16 ; 0.0289337 ; -0.00269678 ; 0.003024 ; 100.281;
11 ; 14 ; 16 ; 0.00168181 ; 0.000236263 ; 0.0357446 ; 102.12;
12 ; 14 ; 16 ; -0.020784 ; 0.0569246 ; -0.00122815 ; 102.192;
13 ; 14 ; 16 ; -0.00625 ; -0.0292849 ; 0.0755487 ; 102.205;
14 ; 14 ; 16 ; -0.0223385 ; -0.0591582 ; 0.0304524 ; 101.402;
15 ; 14 ; 16 ; -0.0161621 ; 0.017936 ; -0.0241167 ; 102.573;
16 ; 14 ; 16 ; 0.0103113 ; -0.00870004 ; 0.0267652 ; 100.749;
17 ; 14 ; 16 ; -0.0566912 ; -0.014381 ; -0.0103386 ; 104.787;
18 ; 14 ; 16 ; -0.00101644 ; 0.0350629 ; -0.0304511 ; 102.159;
19 ; 14 ; 16 ; 0.0191553 ; 0.0358682 ; -0.0447477 ; 103.428;
20 ; 14 ; 16 ; 0.0172604 ; 0.0532742 ; 0.00244908 ; 101.83;
21 ; 14 ; 16 ; 0.0148252 ; 0.028862 ; -0.00861038 ; 101.512;
4 ; 15 ; 16 ; -0.00229387 ; 0.095363 ; -0.0586153 ; 102.515;
5 ; 15 ; 16 ; 0.0325454 ; -0.0188324 ; 0.0473248 ; 103.237;
6 ; 15 ; 16 ; 0.0228031 ; -0.00987689 ; 0.0159019 ; 102.166;
7 ; 15 ; 16 ; 8.10427e-05 ; 0.0172755 ; 0.0298186 ; 101.837;
8 ; 15 ; 16 ; -0.00226577 ; -0.0220074 ; 0.0256724 ; 102.201;
9 ; 15 ; 16 ; 0.0361791 ; -0.0317583 ; 7.75754e-05 ; 99.85;
10 ; 15 ; 16 ; -0.0210495 ; 0.001758 ; 0.0024564 ; 100.783;
11 ; 15 ; 16 ; -0.022594 ; 0.0155716 ; -0.0309277 ; 102.159;
12 ; 15 ; 16 ; -0.0101454 ; 0.0241529 ; -0.0245849 ; 101.307;
13 ; 15 ; 16 ; 0.0064333 ; 0.0235273 ; 0.0326644 ; 101.857;
14 ; 15 ; 16 ; 0.000139024 ; -0.019345 ; 0.0542317 ; 102.83;
15 ; 15 ; 16 ; -0.0104298 ; 0.00679677 ; 0.0189876 ; 102.877;
16 ; 15 ; 16 ; -0.0154664 ; 0.0178236 ; -0.0195811 ; 101.402;
17 ; 15 ; 16 ; 0.0211329 ; -0.054089 ; -0.0694702 ; 101.02;
18 ; 15 ; 16 ; 0.00627347 ; -0.00288924 ; -0.0532845 ; 102.628;
19 ; 15 ; 16 ; 0.0275043 ; 0.0268294 ; -0.0496525 ; 102.142;
20 ; 15 ; 16 ; 0.00458837 ; 0.0350025 ; -0.0207184 ; 102.185;
21 ; 15 ; 16 ; 0.078794 ; -0.0361116 ; 0.0282383 ; 103.577;
4 ; 16 ; 16 ; -0.0335989 ; -0.00942639 ; -0.0352407 ; 102.975;
5 ; 16 ; 16 ; 0.0664795 ; 0.0174612 ; 0.0011047 ; 102.567;
6 ; 16 ; 16 ; 0.0441966 ; -0.000253326 ; 0.0189477 ; 102.786;
7 ; 16 ; 16 ; 0.0203203 ; -3.23063e-06 ; 0.0122778 ; 101.693;
8 ; 16 ; 16 ; 0.00449055 ; -0.0126127 ; 0.0116495 ; 101.359;
9 ; 16 ; 16 ; 0.0642042 ; -0.0617435 ; -0.0337842 ; 101.77;
10 ; 16 ; 16 ; 0.0177128 ; -0.0231664 ; -0.0139919 ; 101.618;
11 ; 16 ; 16 ; -0.028572 ; 0.0099554 ; -0.0303025 ; 102.551;
12 ; 16 ; 16 ; -0.00700304 ; 0.0251135 ; -0.0211343 ; 101.899;
13 ; 16 ; 16 ; 0.0385658 ; -0.105308 ; -0.0129473 ; 102.017;
14 ; 16 ; 16 ; 0.00320803 ; -0.0330432 ; 0.0261731 ; 102.415;
15 ; 16 ; 16 ; -0.0149803 ; -0.00928937 ; 0.0381534 ; 102.359;
16 ; 16 ; 16 ; 0.00251373 ; -0.0073133 ; 0.0227889 ; 101.891;
17 ; 16 ; 16 ; -0.0254273 ; -0.00234084 ; 0.00447203 ; 101.517;
18 ; 16 ; 16 ; 0.00963475 ; -0.0313342 ; -0.0420462 ; 101.923;
19 ; 16 ; 16 ; 0.0270597 ; -0.017876 ; -0.0166075 ; 102.413;
20 ; 16 ; 16 ; 0.0246356 ; 0.0179306 ; -0.00634657 ; 102.321;
21 ; 16 ; 16 ; -0.0621275 ; -0.0457654 ; 0.00817823 ; 101.707;
4 ; 17 ; 16 ; 0.00662797 ; 0.0402149 ; -0.018897 ; 101.9;
5 ; 17 ; 16 ; 0.0419758 ; 0.0276062 ; -0.0313697 ; 102.165;
6 ; 17 ; 16 ; 0.0670822 ; 0.00408665 ; -0.0230046 ; 102.393;
7 ; 17 ; 16 ; 0.0359054 ; -0.00609338 ; -0.0224224 ; 102.175;
8 ; 17 ; 16 ; -0.02341 ; 0.0116402 ; -0.00436444 ; 101.914;
9 ; 17 ; 16 ; -0.00708566 ; -0.0920759 ; 0.10173 ; 101.375;
10 ; 17 ; 16 ; 0.0102015 ; -0.0536839 ; -0.00235156 ; 101.978;
11 ; 17 ; 16 ; -0.00657357 ; -0.0245151 ; -0.012782 ; 101.774;
12 ; 17 ; 16 ; 0.00310898 ; -0.00492734 ; 0.00838671 ; 101.436;
13 ; 17 ; 16 ; -0.0078292 ; -0.0256617 ; -0.047689 ; 100.745;
14 ; 17 ; 16 ; 0.00446475 ; -0.0509331 ; -0.0302774 ; 101.366;
15 ; 17 ; 16 ; -0.00647201 ; -0.025839 ; 0.00661815 ; 101.505;
16 ; 17 ; 16 ; 0.0189139 ; -0.00758055 ; 0.0426559 ; 101.823;
17 ; 17 ; 16 ; -0.045912 ; 0.0640086 ; 0.0735463 ; 104.073;
18 ; 17 ; 16 ; -0.0253627 ; 0.00347364 ; 0.0334388 ; 102.57;
19 ; 17 ; 16 ; 0.0134576 ; -0.036516 ; 0.0147051 ; 102.279;
20 ; 17 ; 16 ; 0.0338228 ; -0.0288335 ; -0.0141507 ; 102.306;
21 ; 17 ; 16 ; -0.0428018 ; -0.00305173 ; 0.0356328 ; 103.093;
4 ; 18 ; 16 ; -0.0550001 ; -0.0115279 ; -0.0383263 ; 101.455;
5 ; 18 ; 16 ; -0.0436214 ; 0.0144225 ; -0.027049 ; 102.752;
6 ; 18 ; 16 ; 0.0238293 ; -0.00493372 ; -0.0202141 ; 101.937;
7 ; 18 ; 16 ; 0.0393465 ; -0.000727973 ; -0.00218917 ; 101.694;
8 ; 18 ; 16 ; 0.0125825 ; 0.0313254 ; -0.000741717 ; 102.332;
9 ; 18 ; 16 ; 0.00633004 ; 0.0144503 ; -0.0570191 ; 102.882;
10 ; 18 ; 16 ; 0.00887489 ; -0.0185331 ; -0.0111072 ; 101.469;
11 ; 18 ; 16 ; 0.0263944 ; -0.00403018 ; -0.0326699 ; 100.229;
12 ; 18 ; 16 ; 0.0212078 ; -0.0100206 ; -0.0211482 ; 100.345;
13 ; 18 ; 16 ; 0.013229 ; -0.00130898 ; -0.0424984 ; 101.688;
14 ; 18 ; 16 ; 0.0145334 ; -0.0327129 ; -0.0556898 ; 101.538;
15 ; 18 ; 16 ; 0.0153789 ; -0.0405179 ; -0.030052 ; 102.263;
16 ; 18 ; 16 ; 0.0180948 ; -0.00426532 ; 0.00567307 ; 101.982;
17 ; 18 ; 16 ; -0.0294811 ; 0.0618456 ; 0.0209044 ; 100.007;
18 ; 18 ; 16 ; -0.0365133 ; 0.0315833 ; 0.0504496 ; 102.473;
19 ; 18 ; 16 ; -0.0106194 ; -0.0182334 ; 0.0205784 ; 102.28;
20 ; 18 ; 16 ; -0.000240316 ; -0.0210225 ; -0.0253027 ; 101.397;
21 ; 18 ; 16 ; 0.0183067 ; 0.00942195 ; 0.0500237 ; 105.717;
4 ; 19 ; 16 ; 0.0509962 ; 0.046435 ; -0.0542075 ; 103.507;
5 ; 19 ; 16 ; -0.0240113 ; -0.0316456 ; -0.0221749 ; 100.278;
6 ; 19 ; 16 ; 0.0161193 ; 0.0521485 ; 0.00229088 ; 102.828;
7 ; 19 ; 16 ; 0.0110466 ; 0.00421228 ; -0.0101756 ; 101.895;
8 ; 19 ; 16 ; 0.0180623 ; -0.00282063 ; -0.0500919 ; 102.118;
9 ; 19 ; 16 ; 0.0746998 ; 0.0375237 ; 0.0259532 ; 101.637;
10 ; 19 ; 16 ; 0.0454149 ; -0.0278884 ; 0.0795183 ; 100.307;
11 ; 19 ; 16 ; -0.0385891 ; -0.0256017 ; -0.0853153 ; 100.645;
12 ; 19 ; 16 ; -0.0804091 ; 0.0100439 ; 0.000743286 ; 101.755;
13 ; 19 ; 16 ; 0.0163935 ; -0.0352569 ; -0.00935037 ; 101.82;
14 ; 19 ; 16 ; 0.0671117 ; -0.0426136 ; 0.000104376 ; 101.76;
15 ; 19 ; 16 ; -0.0605949 ; 0.0249665 ; -0.0116781 ; 103.265;
16 ; 19 ; 16 ; 0.0842418 ; -0.07017 ; 0.0515675 ; 102.16;
17 ; 19 ; 16 ; 0.0112687 ; -0.000375233 ; -0.0512456 ; 101.765;
18 ; 19 ; 16 ; -0.0369595 ; -0.0641689 ; 0.0578518 ; 102.097;
19 ; 19 ; 16 ; -0.0657419 ; 0.0232771 ; 0.0197888 ; 103.962;
20 ; 19 ; 16 ; -0.0286099 ; -0.00558494 ; 0.0143617 ; 102.262;
21 ; 19 ; 16 ; -0.029268 ; 0.017325 ; 0.036358 ; 101.373;
4 ; 20 ; 16 ; 0.0849211 ; -0.0172342 ; 0.0166049 ; 101.435;
5 ; 20 ; 16 ; 0.0297358 ; -0.00907827 ; 0.00511364 ; 100.925;
6 ; 20 ; 16 ; 0.0109327 ; 0.0294222 ; 0.00881802 ; 102.292;
7 ; 20 ; 16 ; 0.00671459 ; -0.0104384 ; -0.00690616 ; 102.466;
8 ; 20 ; 16 ; 0.0143476 ; -0.0240446 ; -0.045087 ; 102.579;
9 ; 20 ; 16 ; -0.0778029 ; 0.0448102 ; -0.010589 ; 104.147;
10 ; 20 ; 16 ; 0.00615833 ; -0.00925771 ; 0.030669 ; 101.005;
11 ; 20 ; 16 ; -0.0185669 ; -0.0170302 ; -0.0540103 ; 100.085;
12 ; 20 ; 16 ; -0.0415708 ; 0.00998435 ; 0.0135318 ; 100.797;
13 ; 20 ; 16 ; -0.0156337 ; 0.0261993 ; -0.0520766 ; 102.635;
14 ; 20 ; 16 ; 0.0385056 ; -0.0118819 ; -0.00430616 ; 101.952;
15 ; 20 ; 16 ; -0.0257174 ; 0.0224856 ; 0.00811061 ; 102.783;
16 ; 20 ; 16 ; 0.0303056 ; -0.030861 ; 0.0394072 ; 102.642;
17 ; 20 ; 16 ; 0.00747947 ; -0.0227989 ; -0.00699446 ; 100.207;
18 ; 20 ; 16 ; -0.0255074 ; -0.0364605 ; 0.0485893 ; 101.522;
19 ; 20 ; 16 ; -0.0321364 ; 0.0404353 ; 0.0384694 ; 102.747;
20 ; 20 ; 16 ; -0.00419706 ; 0.0231407 ; 0.0131392 ; 102.162;
21 ; 20 ; 16 ; -0.00494459 ; 0.0180382 ; -0.042068 ; 102.315;
4 ; 21 ; 16 ; -0.0223893 ; -0.0467581 ; 0.0116121 ; 102.305;
5 ; 21 ; 16 ; -0.0982654 ; -0.0273999 ; 0.0459657 ; 101.17;
6 ; 21 ; 16 ; -0.0335735 ; -0.00283928 ; 0.0132653 ; 101.389;
7 ; 21 ; 16 ; -0.00757303 ; -0.0342592 ; -0.0248071 ; 102.14;
8 ; 21 ; 16 ; 0.0110678 ; -0.0590696 ; -0.0398289 ; 102.152;
9 ; 21 ; 16 ; 0.0188802 ; 0.0600854 ; 0.0766451 ; 98.995;
10 ; 21 ; 16 ; -0.0361493 ; 0.0164695 ; -0.000148059 ; 100.573;
11 ; 21 ; 16 ; -0.0213921 ; -0.0189966 ; -0.00629994 ; 100.624;
12 ; 21 ; 16 ; 0.00243648 ; -2.78047e-05 ; 0.0184634 ; 101.714;
13 ; 21 ; 16 ; 0.0042102 ; -0.0303756 ; -0.0303892 ; 101.53;
14 ; 21 ; 16 ; 0.0227669 ; 0.00816949 ; 0.00762017 ; 101.564;
15 ; 21 ; 16 ; 0.036674 ; 0.0318221 ; 0.0331774 ; 101.502;
16 ; 21 ; 16 ; -0.0149597 ; 0.0413466 ; -0.00760997 ; 102.353;
17 ; 21 ; 16 ; 0.00682115 ; -0.0185172 ; -0.0687313 ; 101.665;
18 ; 21 ; 16 ; 0.00194904 ; 0.00968837 ; 0.00456673 ; 100.82;
19 ; 21 ; 16 ; 0.0129793 ; 0.0529183 ; 0.0532835 ; 101.375;
20 ; 21 ; 16 ; 0.0135285 ; 0.0302403 ; 0.0331554 ; 102.895;
21 ; 21 ; 16 ; -0.0290562 ; -0.0385739 ; -0.00314789 ; 100.452;
4 ; 4 ; 17 ; 0.0333379 ; 0.0279445 ; 0.0890642 ; 99.925;
5 ; 4 ; 17 ; -0.0247872 ; 0.0392336 ; 0.0157296 ; 101.567;
6 ; 4 ; 17 ; 0.00383777 ; 0.00302649 ; 0.0579469 ; 101.947;
7 ; 4 ; 17 ; 0.0158588 ; 0.00567568 ; 0.0257318 ; 101.856;
8 ; 4 ; 17 ; 0.0187141 ; 0.00343922 ; -0.0396228 ; 101.248;
9 ; 4 ; 17 ; -0.0361664 ; -0.0284537 ; 0.0113931 ; 101.796;
10 ; 4 ; 17 ; -0.0220231 ; -0.0282073 ; 0.0387458 ; 100.89;
11 ; 4 ; 17 ; 0.00600678 ; -0.0279815 ; 0.0071429 ; 100.928;
12 ; 4 ; 17 ; 0.0296066 ; -0.0187425 ; -0.0161707 ; 102.5;
13 ; 4 ; 17 ; -0.0423413 ; 0.0125186 ; -0.00899365 ; 102.127;
14 ; 4 ; 17 ; -0.0205898 ; 0.0327352 ; -0.0344126 ; 102.312;
15 ; 4 ; 17 ; 0.00480331 ; 0.00973133 ; -0.0185031 ; 102.359;
16 ; 4 ; 17 ; 0.0353301 ; -0.00471185 ; -0.00402324 ; 102.505;
17 ; 4 ; 17 ; -0.0175249 ; -0.0257552 ; 0.0528109 ; 102.108;
18 ; 4 ; 17 ; -0.0248348 ; -0.0597529 ; 0.0362268 ; 102.164;
19 ; 4 ; 17 ; -0.0198995 ; -0.0194798 ; 0.00921882 ; 101.226;
20 ; 4 ; 17 ; 0.0290699 ; 0.0534411 ; -0.0145568 ; 100.427;
21 ; 4 ; 17 ; -0.00472101 ; 0.00615544 ; -0.0690171 ; 102.957;
4 ; 5 ; 17 ; 0.0448169 ; -0.021054 ; 0.0504222 ; 101.392;
5 ; 5 ; 17 ; 0.00469954 ; -0.00941564 ; 0.0017045 ; 102.523;
6 ; 5 ; 17 ; -0.0427718 ; 0.00216779 ; 0.0494962 ; 101.704;
7 ; 5 ; 17 ; -0.0524446 ; -0.0122003 ; -0.00982669 ; 100.61;
8 ; 5 ; 17 ; -0.00485854 ; 0.0316868 ; -0.0219279 ; 102.472;
9 ; 5 ; 17 ; 0.00241381 ; 0.0113128 ; 0.0274968 ; 101.596;
10 ; 5 ; 17 ; -0.00354244 ; -0.0370853 ; 0.0608069 ; 101.124;
11 ; 5 ; 17 ; 0.00887943 ; -0.0101562 ; 0.0364466 ; 101.307;
12 ; 5 ; 17 ; -0.00126436 ; -0.0454937 ; -0.0202158 ; 100.827;
13 ; 5 ; 17 ; -0.0271173 ; 0.0118487 ; -0.00262583 ; 102.418;
14 ; 5 ; 17 ; -0.0182095 ; 0.0136009 ; -0.0242141 ; 101.032;
15 ; 5 ; 17 ; 0.0104287 ; -0.0161894 ; -0.0259025 ; 100.582;
16 ; 5 ; 17 ; -0.0503991 ; -0.0174039 ; 0.0327915 ; 102.125;
17 ; 5 ; 17 ; -0.0128203 ; 0.0225445 ; -2.75596e-05 ; 101.731;
18 ; 5 ; 17 ; -0.00102932 ; -0.0204873 ; -0.0286962 ; 102.286;
19 ; 5 ; 17 ; -0.00362238 ; 0.0138209 ; 0.0286201 ; 102.258;
20 ; 5 ; 17 ; -0.0495906 ; 0.0050381 ; 0.00621732 ; 101.517;
21 ; 5 ; 17 ; -0.00356313 ; -0.0225887 ; 0.0111083 ; 101.137;
4 ; 6 ; 17 ; -0.0691412 ; 0.00399903 ; 0.0199304 ; 100.5;
5 ; 6 ; 17 ; 0.0227853 ; -0.0383719 ; -0.012475 ; 103.94;
6 ; 6 ; 17 ; -0.0777092 ; 0.0111683 ; 0.0378197 ; 101.617;
7 ; 6 ; 17 ; -0.104094 ; -0.0357632 ; -0.04522 ; 99.13;
8 ; 6 ; 17 ; -0.0307095 ; 0.0424788 ; -0.0185817 ; 101.595;
9 ; 6 ; 17 ; 0.0149361 ; 0.0367485 ; 0.0462177 ; 101.945;
10 ; 6 ; 17 ; -0.0068878 ; -0.0542335 ; 0.0772825 ; 101.96;
11 ; 6 ; 17 ; 0.00778036 ; 0.00179436 ; 0.0548682 ; 102.093;
12 ; 6 ; 17 ; 0.0578662 ; -0.0236277 ; -0.0414884 ; 99.9175;
13 ; 6 ; 17 ; -0.0285659 ; 0.012109 ; 0.0294513 ; 102.162;
14 ; 6 ; 17 ; -0.0400934 ; 0.000726419 ; 0.0069699 ; 100.037;
15 ; 6 ; 17 ; 0.0260034 ; -0.0309887 ; -0.0309232 ; 99.4175;
16 ; 6 ; 17 ; 0.0393702 ; -0.0241556 ; 0.0278497 ; 101.387;
17 ; 6 ; 17 ; 0.0062453 ; 0.0754057 ; -0.0415107 ; 101.025;
18 ; 6 ; 17 ; 0.0333741 ; 0.00789787 ; -0.0922103 ; 102.482;
19 ; 6 ; 17 ; 0.0261812 ; 0.0353254 ; 0.0306532 ; 103.312;
20 ; 6 ; 17 ; 0.0363526 ; -0.0776208 ; -0.0985638 ; 102.032;
21 ; 6 ; 17 ; 0.00830352 ; 0.0203256 ; 0.018786 ; 101.412;
4 ; 7 ; 17 ; 0.0186241 ; 0.0461379 ; 0.00676121 ; 103.537;
5 ; 7 ; 17 ; -0.0142219 ; -0.0150536 ; 0.00344559 ; 102.403;
6 ; 7 ; 17 ; 0.0393235 ; 0.00268932 ; 0.00153659 ; 102.608;
7 ; 7 ; 17 ; 0.036295 ; 0.0192453 ; 0.0132204 ; 101.46;
8 ; 7 ; 17 ; 0.00309741 ; 0.0524329 ; 0.0130445 ; 100.465;
9 ; 7 ; 17 ; 0.0187847 ; -0.0197447 ; 0.0256005 ; 102.549;
10 ; 7 ; 17 ; 0.00903356 ; -0.0205557 ; -0.01582 ; 101.371;
11 ; 7 ; 17 ; -0.0262898 ; -0.0378696 ; -0.0475885 ; 101.649;
12 ; 7 ; 17 ; -0.0097294 ; -0.0297395 ; -0.0417088 ; 103.852;
13 ; 7 ; 17 ; -0.0119303 ; -0.0256335 ; 0.0138946 ; 101.013;
14 ; 7 ; 17 ; 0.0245107 ; 0.0289346 ; 0.00130589 ; 101.614;
15 ; 7 ; 17 ; -0.0219525 ; 0.00596061 ; 0.0105201 ; 101.744;
16 ; 7 ; 17 ; -0.0911408 ; -0.0564408 ; 0.0332008 ; 101.698;
17 ; 7 ; 17 ; 0.0179642 ; 0.00226035 ; 0.00536763 ; 101.756;
18 ; 7 ; 17 ; 0.0295266 ; 0.00168455 ; -0.0198361 ; 102.754;
19 ; 7 ; 17 ; 0.0523198 ; 0.0186986 ; -0.00715131 ; 102.378;
20 ; 7 ; 17 ; 0.0827309 ; 0.0396544 ; -0.0372512 ; 101.892;
21 ; 7 ; 17 ; 0.0479829 ; 0.00931257 ; -0.0449432 ; 102.7;
4 ; 8 ; 17 ; -0.0485017 ; 0.032835 ; -0.022947 ; 100.76;
5 ; 8 ; 17 ; -0.00711129 ; 0.00558193 ; -0.0156818 ; 102.004;
6 ; 8 ; 17 ; 0.0237191 ; 0.0015613 ; 0.00047969 ; 102.162;
7 ; 8 ; 17 ; 0.0086557 ; -0.00333525 ; 0.0105298 ; 102.204;
8 ; 8 ; 17 ; -0.0162598 ; -0.000856281 ; 0.0281196 ; 100.007;
9 ; 8 ; 17 ; -0.00402205 ; 0.00252382 ; 0.0304689 ; 102.815;
10 ; 8 ; 17 ; -0.000434346 ; -0.010834 ; -0.0182438 ; 101.663;
11 ; 8 ; 17 ; -0.0167767 ; -0.0285041 ; -0.0173996 ; 102.074;
12 ; 8 ; 17 ; -0.0268956 ; -0.0654207 ; -0.0402693 ; 100.642;
13 ; 8 ; 17 ; 0.00505671 ; -0.0401225 ; -0.0209105 ; 101.901;
14 ; 8 ; 17 ; 0.0255031 ; -0.00833242 ; -0.0139836 ; 101.524;
15 ; 8 ; 17 ; 0.00776785 ; 0.0251491 ; -0.00209634 ; 101.406;
16 ; 8 ; 17 ; -0.0351007 ; -0.00566919 ; 0.0243561 ; 101.347;
17 ; 8 ; 17 ; 9.17797e-05 ; -0.0141148 ; 0.00921075 ; 101.266;
18 ; 8 ; 17 ; 0.00485774 ; -0.0168149 ; -0.00832259 ; 101.273;
19 ; 8 ; 17 ; 0.0194154 ; -0.0129294 ; 0.0322682 ; 102.149;
20 ; 8 ; 17 ; 0.0767445 ; 0.00573819 ; 0.0613794 ; 102.152;
21 ; 8 ; 17 ; 0.0100745 ; -0.0542674 ; -0.0514666 ; 102.07;
4 ; 9 ; 17 ; -0.0593093 ; 0.104245 ; -0.0845321 ; 101.745;
5 ; 9 ; 17 ; 0.0203253 ; 0.0166718 ; -0.0255957 ; 101.859;
6 ; 9 ; 17 ; 0.0305626 ; 0.0131496 ; -0.00172333 ; 102.512;
7 ; 9 ; 17 ; 0.0119959 ; 0.00391682 ; 0.00675864 ; 102.763;
8 ; 9 ; 17 ; -0.0400168 ; -0.021893 ; 0.00238324 ; 104.06;
9 ; 9 ; 17 ; -0.00630072 ; 0.0164545 ; 0.0156233 ; 102.251;
10 ; 9 ; 17 ; 0.00703291 ; 0.00923636 ; -0.0148038 ; 101.841;
11 ; 9 ; 17 ; 0.00934954 ; -0.00318856 ; 0.00474821 ; 101.778;
12 ; 9 ; 17 ; 0.00186909 ; -0.0314991 ; 0.0345263 ; 104.332;
13 ; 9 ; 17 ; 0.0214016 ; -0.0188108 ; -0.0117217 ; 101.582;
14 ; 9 ; 17 ; 0.016032 ; -0.014674 ; 0.0189779 ; 101.55;
15 ; 9 ; 17 ; 0.00725425 ; 0.0347904 ; 0.0245525 ; 102.104;
16 ; 9 ; 17 ; 0.00620194 ; 0.0852011 ; -0.00586919 ; 100.638;
17 ; 9 ; 17 ; -0.0232692 ; -0.0365192 ; -0.00621755 ; 102.063;
18 ; 9 ; 17 ; -0.0107802 ; -0.037594 ; 0.000347763 ; 100.606;
19 ; 9 ; 17 ; 0.0107622 ; -0.0283268 ; 0.0360381 ; 100.994;
20 ; 9 ; 17 ; 0.00203367 ; -0.0365179 ; 0.0980697 ; 102.602;
21 ; 9 ; 17 ; 0.000450209 ; -0.0573922 ; -0.00928024 ; 100.91;
4 ; 10 ; 17 ; 0.0900209 ; -0.0330635 ; -0.0209416 ; 103.912;
5 ; 10 ; 17 ; 0.0158396 ; -0.0101516 ; -0.0160143 ; 102.785;
6 ; 10 ; 17 ; 0.0334584 ; 0.00373397 ; 0.00156911 ; 102.804;
7 ; 10 ; 17 ; 0.0441801 ; 0.014914 ; 0.0123959 ; 101.946;
8 ; 10 ; 17 ; -0.0123843 ; -0.0117226 ; 0.0125254 ; 102.347;
9 ; 10 ; 17 ; 0.0184966 ; 0.0409213 ; 0.0016972 ; 101.03;
10 ; 10 ; 17 ; 0.0361 ; 0.0173104 ; -0.0102169 ; 101.327;
11 ; 10 ; 17 ; 0.014981 ; 0.00911416 ; 0.0101735 ; 100.98;
12 ; 10 ; 17 ; 0.0130103 ; 0.000667207 ; 0.0271155 ; 100.27;
13 ; 10 ; 17 ; -0.0189585 ; -0.0077799 ; -0.0113357 ; 101.795;
14 ; 10 ; 17 ; -0.00713619 ; 0.0114721 ; 0.0284054 ; 101.581;
15 ; 10 ; 17 ; -0.0257191 ; 0.0230369 ; 0.0102952 ; 102.89;
16 ; 10 ; 17 ; 0.0259227 ; 0.0633091 ; 0.0240415 ; 102.953;
17 ; 10 ; 17 ; 0.0169613 ; 0.017093 ; 0.0100862 ; 102.134;
18 ; 10 ; 17 ; 0.044159 ; 0.00885989 ; 0.00199619 ; 100.973;
19 ; 10 ; 17 ; 0.0552972 ; -0.00311766 ; 0.0160538 ; 101.312;
20 ; 10 ; 17 ; 0.0352045 ; -0.0249897 ; 0.0444497 ; 101.152;
21 ; 10 ; 17 ; 0.043684 ; 0.0263573 ; -0.0371279 ; 101.757;
4 ; 11 ; 17 ; 0.0254457 ; 0.0651645 ; 0.039871 ; 101.942;
5 ; 11 ; 17 ; -0.0293864 ; -0.0173126 ; -0.0195663 ; 102.462;
6 ; 11 ; 17 ; -0.0263317 ; -0.00604037 ; -0.00163965 ; 102.448;
7 ; 11 ; 17 ; 0.0155136 ; 0.0223902 ; 0.0102781 ; 100.861;
8 ; 11 ; 17 ; 0.0617298 ; 0.0563069 ; 0.00278134 ; 100.927;
9 ; 11 ; 17 ; -0.0127558 ; 0.0538491 ; -0.00134468 ; 101.975;
10 ; 11 ; 17 ; 0.00853825 ; -0.0151371 ; -0.0164908 ; 99.7881;
11 ; 11 ; 17 ; 0.0198106 ; -0.00760063 ; 0.0215441 ; 99.8471;
12 ; 11 ; 17 ; -0.00121671 ; 0.0460414 ; 0.0338102 ; 101.243;
13 ; 11 ; 17 ; -0.0679108 ; 0.0200941 ; -0.0468693 ; 100.616;
14 ; 11 ; 17 ; -0.031876 ; 0.0352501 ; 0.0343231 ; 102.703;
15 ; 11 ; 17 ; 0.012442 ; 0.0585885 ; -0.0277181 ; 102.758;
16 ; 11 ; 17 ; -0.095103 ; -0.0152726 ; -0.0592994 ; 104.07;
17 ; 11 ; 17 ; 0.0352114 ; 0.0743074 ; 0.0201447 ; 102.412;
18 ; 11 ; 17 ; 0.0610632 ; 0.048473 ; 0.02216 ; 100.004;
19 ; 11 ; 17 ; 0.0547265 ; -0.0272092 ; -0.00492108 ; 102.339;
20 ; 11 ; 17 ; 0.0787591 ; 0.00240298 ; 0.0396575 ; 102.5;
21 ; 11 ; 17 ; 0.0379803 ; 0.0289985 ; 0.0439624 ; 99.555;
4 ; 12 ; 17 ; -0.0540663 ; -0.0204243 ; -0.0081528 ; 102.988;
5 ; 12 ; 17 ; -0.0455954 ; -0.00494473 ; -0.0280553 ; 101.847;
6 ; 12 ; 17 ; -0.0597651 ; 0.00173809 ; -0.00408503 ; 102.502;
7 ; 12 ; 17 ; -0.0139487 ; 0.0266266 ; 0.0100773 ; 100.557;
8 ; 12 ; 17 ; -0.0165121 ; -0.0325767 ; -0.0279106 ; 102.317;
9 ; 12 ; 17 ; -0.0523431 ; 0.0499633 ; 0.00943489 ; 103.477;
10 ; 12 ; 17 ; -0.023367 ; -0.0382692 ; -0.0244256 ; 98.855;
11 ; 12 ; 17 ; 0.0292265 ; -0.0204251 ; 0.0241915 ; 98.695;
12 ; 12 ; 17 ; -0.00357599 ; 0.0511175 ; -0.00898435 ; 101.135;
13 ; 12 ; 17 ; -0.0681587 ; 0.0436768 ; -0.067649 ; 99.3575;
14 ; 12 ; 17 ; -0.0265696 ; 0.0368569 ; 0.0462258 ; 103.775;
15 ; 12 ; 17 ; 0.0686995 ; 0.0932063 ; -0.0346181 ; 102.49;
16 ; 12 ; 17 ; 0.0301343 ; 0.00573699 ; 0.0118887 ; 102.12;
17 ; 12 ; 17 ; 0.0238957 ; 0.087205 ; 0.00130686 ; 102.875;
18 ; 12 ; 17 ; 0.0464205 ; 0.048654 ; 0.0257146 ; 99.385;
19 ; 12 ; 17 ; 0.0357071 ; -0.0627275 ; -0.018043 ; 102.877;
20 ; 12 ; 17 ; -0.00167221 ; -0.0339654 ; 0.0381718 ; 104.94;
21 ; 12 ; 17 ; 0.0333115 ; -0.00731337 ; 0.00848828 ; 101.93;
4 ; 13 ; 17 ; 0.00677101 ; 0.0673621 ; 0.0379984 ; 102.845;
5 ; 13 ; 17 ; -0.0184681 ; -0.039906 ; 0.00974868 ; 102.175;
6 ; 13 ; 17 ; -0.0266814 ; -0.0164954 ; 0.00539128 ; 102.609;
7 ; 13 ; 17 ; -0.00403309 ; -0.00826996 ; -2.52655e-05 ; 101.44;
8 ; 13 ; 17 ; -0.0427362 ; -0.0221791 ; -0.0610639 ; 100.293;
9 ; 13 ; 17 ; 0.0105083 ; 0.0275966 ; 0.0143726 ; 102.558;
10 ; 13 ; 17 ; -0.0262497 ; -0.00337332 ; 0.00752065 ; 101.553;
11 ; 13 ; 17 ; -0.0172921 ; -0.00170656 ; 0.0330188 ; 101.234;
12 ; 13 ; 17 ; -0.0233308 ; -0.029858 ; -0.01735 ; 103.178;
13 ; 13 ; 17 ; 0.0369374 ; 0.0160203 ; 0.015329 ; 102.204;
14 ; 13 ; 17 ; 0.0231902 ; 0.0230264 ; 0.0128012 ; 101.633;
15 ; 13 ; 17 ; 0.0175856 ; -0.00153248 ; 0.00326182 ; 101.833;
16 ; 13 ; 17 ; 0.0322192 ; -0.0350517 ; 0.00690973 ; 101.78;
17 ; 13 ; 17 ; 0.0269055 ; -0.0249307 ; 0.0168241 ; 101.756;
18 ; 13 ; 17 ; 0.0517393 ; -0.0193248 ; -0.0167008 ; 101.889;
19 ; 13 ; 17 ; 0.00673759 ; -0.00824147 ; 0.00746905 ; 101.732;
20 ; 13 ; 17 ; 0.000250033 ; -0.0320724 ; 0.0106732 ; 101.635;
21 ; 13 ; 17 ; 0.0836949 ; -0.0289393 ; 0.0137716 ; 101.767;
4 ; 14 ; 17 ; -0.00159172 ; -0.0374528 ; 0.0273657 ; 101.93;
5 ; 14 ; 17 ; -0.0048599 ; 0.0154705 ; 0.0229247 ; 102.139;
6 ; 14 ; 17 ; -0.0104468 ; 0.022739 ; 0.0199095 ; 102.62;
7 ; 14 ; 17 ; -0.00937122 ; -0.000855672 ; 0.0131853 ; 102.656;
8 ; 14 ; 17 ; 0.0578066 ; -0.0240149 ; 0.0294433 ; 100.675;
9 ; 14 ; 17 ; 0.00486557 ; 0.00319158 ; 0.0132671 ; 101.884;
10 ; 14 ; 17 ; -0.041535 ; 0.0018793 ; 0.00320995 ; 100.795;
11 ; 14 ; 17 ; -0.00482831 ; 0.0167302 ; 0.0453998 ; 101.179;
12 ; 14 ; 17 ; 0.00101874 ; 0.0339376 ; 0.102706 ; 100.323;
13 ; 14 ; 17 ; 0.00111395 ; 0.0370783 ; 0.0229349 ; 102.174;
14 ; 14 ; 17 ; 0.0144774 ; 0.0453817 ; 0.0252288 ; 103.201;
15 ; 14 ; 17 ; 0.0405916 ; 0.0257353 ; -0.000397448 ; 102.263;
16 ; 14 ; 17 ; 0.0341735 ; 0.0307782 ; -0.000601132 ; 102.433;
17 ; 14 ; 17 ; 0.0118321 ; -0.00767424 ; 0.00112307 ; 102.074;
18 ; 14 ; 17 ; 0.0291583 ; 0.00778463 ; -0.0159609 ; 100.8;
19 ; 14 ; 17 ; 0.00166168 ; 0.0218036 ; 0.0101902 ; 101.418;
20 ; 14 ; 17 ; -0.0440174 ; 0.00672835 ; 0.0436967 ; 101.968;
21 ; 14 ; 17 ; -0.00431421 ; 0.0108594 ; -0.0460043 ; 101.445;
4 ; 15 ; 17 ; -0.037505 ; -0.0144305 ; -0.0130441 ; 101.325;
5 ; 15 ; 17 ; -0.0400986 ; 0.028306 ; -0.00598476 ; 101.346;
6 ; 15 ; 17 ; -0.00019051 ; 0.0334848 ; 0.0100591 ; 102.556;
7 ; 15 ; 17 ; 0.0129044 ; 0.0141033 ; 0.0325894 ; 102.308;
8 ; 15 ; 17 ; -0.0749046 ; -0.0151707 ; -0.015872 ; 104.838;
9 ; 15 ; 17 ; 0.00521216 ; 0.000218383 ; -0.00794688 ; 100.21;
10 ; 15 ; 17 ; -0.0230967 ; 0.0156496 ; 0.0236093 ; 99.9071;
11 ; 15 ; 17 ; -0.00891353 ; 0.0263826 ; 0.0579434 ; 101.796;
12 ; 15 ; 17 ; 0.0305484 ; 0.0268569 ; 0.0500243 ; 103.393;
13 ; 15 ; 17 ; -0.0171181 ; 0.0139355 ; -0.00173245 ; 102.771;
14 ; 15 ; 17 ; -0.00312798 ; 0.0394168 ; -0.00160972 ; 102.913;
15 ; 15 ; 17 ; 0.0288966 ; 0.00628148 ; -0.0179194 ; 101.309;
16 ; 15 ; 17 ; 0.0570999 ; 0.0258504 ; -0.00414194 ; 99.6575;
17 ; 15 ; 17 ; 0.00560873 ; 0.00599857 ; -0.0330181 ; 102.238;
18 ; 15 ; 17 ; 0.0401994 ; 0.00934781 ; -0.0299359 ; 100.83;
19 ; 15 ; 17 ; 0.0251489 ; 0.00509472 ; -0.0156008 ; 100.909;
20 ; 15 ; 17 ; -0.00606918 ; 0.00981781 ; 0.0163255 ; 103.5;
21 ; 15 ; 17 ; 0.0239953 ; -0.00213368 ; 0.00197609 ; 101.847;
4 ; 16 ; 17 ; 0.0175465 ; -0.0917846 ; -0.0288698 ; 101.862;
5 ; 16 ; 17 ; -0.0120581 ; 0.0153663 ; -0.00959408 ; 101.934;
6 ; 16 ; 17 ; 0.00308861 ; -0.0159464 ; 0.00745373 ; 102.679;
7 ; 16 ; 17 ; 0.00944534 ; -0.0203364 ; 0.0410151 ; 101.523;
8 ; 16 ; 17 ; 0.0464911 ; 0.0402175 ; 0.100959 ; 98.885;
9 ; 16 ; 17 ; -0.031284 ; -0.00567445 ; 0.00739768 ; 101.257;
10 ; 16 ; 17 ; -0.032535 ; 0.0204745 ; 0.0274165 ; 101.054;
11 ; 16 ; 17 ; -0.0224222 ; 0.0393015 ; 0.0340804 ; 102.026;
12 ; 16 ; 17 ; -0.0259501 ; 0.0296421 ; 0.071143 ; 102.372;
13 ; 16 ; 17 ; -0.0120545 ; -0.00550846 ; -0.00223551 ; 103.291;
14 ; 16 ; 17 ; -0.00477211 ; 0.00765304 ; 0.00615951 ; 102.408;
15 ; 16 ; 17 ; 0.00815686 ; -0.00947268 ; -0.0162218 ; 101.283;
16 ; 16 ; 17 ; 0.0254197 ; -0.0502318 ; -0.0298124 ; 100.57;
17 ; 16 ; 17 ; 0.00238479 ; -0.0227772 ; 0.00699419 ; 102.227;
18 ; 16 ; 17 ; 0.0379921 ; -0.000479154 ; 0.00659501 ; 102.64;
19 ; 16 ; 17 ; 0.0104661 ; 0.0009038 ; -0.0237169 ; 101.612;
20 ; 16 ; 17 ; 0.00388009 ; -0.064895 ; -0.0471792 ; 100.165;
21 ; 16 ; 17 ; -0.00252067 ; -0.00831851 ; -0.00887572 ; 100.888;
4 ; 17 ; 17 ; -0.057609 ; -0.00466845 ; 0.0524003 ; 101.502;
5 ; 17 ; 17 ; 0.0286482 ; 0.015217 ; 0.025745 ; 101.594;
6 ; 17 ; 17 ; -0.0051535 ; -0.0213024 ; 0.00941243 ; 101.984;
7 ; 17 ; 17 ; 0.0208564 ; -0.0411987 ; -0.0241324 ; 101.245;
8 ; 17 ; 17 ; -0.0122024 ; 0.00207199 ; 0.0349324 ; 100.54;
9 ; 17 ; 17 ; -0.0406443 ; -0.0341046 ; -0.0128356 ; 101.746;
10 ; 17 ; 17 ; -0.0169608 ; -0.0282257 ; 0.0561069 ; 103.056;
11 ; 17 ; 17 ; -0.041863 ; 0.0433568 ; 0.018682 ; 101.05;
12 ; 17 ; 17 ; -0.00700212 ; 0.0425575 ; -0.00822444 ; 102.81;
13 ; 17 ; 17 ; -0.0173645 ; -0.0343756 ; -0.00902763 ; 102.403;
14 ; 17 ; 17 ; 0.0265712 ; -0.0069155 ; 0.0138481 ; 103.348;
15 ; 17 ; 17 ; 0.0280273 ; 0.0341297 ; 0.0325312 ; 100.86;
16 ; 17 ; 17 ; -0.0178155 ; -0.00194348 ; -0.0478589 ; 101.367;
17 ; 17 ; 17 ; 0.0140481 ; 0.00976262 ; 0.058417 ; 101.797;
18 ; 17 ; 17 ; 0.0140428 ; -0.0465589 ; 0.0135664 ; 102.173;
19 ; 17 ; 17 ; -5.30537e-05 ; 0.0427113 ; -0.0545601 ; 102.352;
20 ; 17 ; 17 ; -0.065291 ; 0.00421273 ; -0.0409317 ; 101.305;
21 ; 17 ; 17 ; 0.0450966 ; -0.109209 ; -0.0213405 ; 101.817;
4 ; 18 ; 17 ; 0.005131 ; 0.0199141 ; 0.0532728 ; 103.357;
5 ; 18 ; 17 ; 0.0123063 ; 0.0219584 ; 0.0304666 ; 100.32;
6 ; 18 ; 17 ; -0.0270566 ; -0.000183033 ; -0.00664637 ; 101.315;
7 ; 18 ; 17 ; 0.0534162 ; -0.0295962 ; -0.0706906 ; 100.912;
8 ; 18 ; 17 ; 0.000406399 ; -0.0365368 ; -0.0377336 ; 102.675;
9 ; 18 ; 17 ; -0.02359 ; -0.0534057 ; -0.0441876 ; 100.91;
10 ; 18 ; 17 ; 0.00570784 ; -0.0774151 ; 0.0955013 ; 103.62;
11 ; 18 ; 17 ; -0.0626834 ; 0.0397934 ; 0.0401361 ; 100.055;
12 ; 18 ; 17 ; -0.067387 ; -7.41535e-05 ; -0.0280645 ; 103.335;
13 ; 18 ; 17 ; -0.0214328 ; -0.0581847 ; -0.0153629 ; 101.562;
14 ; 18 ; 17 ; 0.0524451 ; -0.0107743 ; 0.0126346 ; 103.36;
15 ; 18 ; 17 ; 0.0490574 ; 0.0600071 ; 0.070489 ; 99.985;
16 ; 18 ; 17 ; -0.00663571 ; 0.0161696 ; -0.00409142 ; 101.483;
17 ; 18 ; 17 ; 0.0251759 ; 0.0472107 ; 0.0693346 ; 101.607;
18 ; 18 ; 17 ; 0.00803246 ; -0.0865227 ; -0.015786 ; 101.597;
19 ; 18 ; 17 ; 0.011403 ; 0.0642198 ; -0.0901282 ; 102.642;
20 ; 18 ; 17 ; 0.0118308 ; -0.0291206 ; -0.036895 ; 103.188;
21 ; 18 ; 17 ; -0.0533072 ; 0.0531272 ; 0.01529 ; 100.373;
4 ; 19 ; 17 ; 0.00186868 ; 0.014343 ; -0.00264052 ; 101.403;
5 ; 19 ; 17 ; -0.0246557 ; -0.0278105 ; 0.00591744 ; 102.947;
6 ; 19 ; 17 ; -0.00894979 ; -0.0114074 ; -0.00608992 ; 101.913;
7 ; 19 ; 17 ; 0.00972264 ; -0.0072873 ; 0.0301207 ; 101.892;
8 ; 19 ; 17 ; -0.0396805 ; 0.0354456 ; 0.111914 ; 99.8675;
9 ; 19 ; 17 ; -0.0256282 ; -0.0427662 ; -0.0334244 ; 101.238;
10 ; 19 ; 17 ; -0.0100035 ; -0.00659075 ; -0.0203135 ; 102.343;
11 ; 19 ; 17 ; -0.0143728 ; -0.0172142 ; 0.000744196 ; 101.706;
12 ; 19 ; 17 ; -0.0426932 ; -0.0665078 ; -0.0137835 ; 99.2775;
13 ; 19 ; 17 ; 0.0116919 ; 0.0491883 ; -0.0268159 ; 102.678;
14 ; 19 ; 17 ; 0.00440238 ; 0.0418036 ; -0.00521979 ; 102.672;
15 ; 19 ; 17 ; 0.0137194 ; 0.0040726 ; 0.0167952 ; 101.983;
16 ; 19 ; 17 ; 0.087097 ; 0.0792492 ; 0.0157071 ; 102.237;
17 ; 19 ; 17 ; -0.00842944 ; -0.00973461 ; -0.0273052 ; 102.17;
18 ; 19 ; 17 ; 0.00669033 ; -0.0460181 ; -0.00204201 ; 102.078;
19 ; 19 ; 17 ; -0.0105019 ; -0.0272879 ; 0.00810155 ; 101.787;
20 ; 19 ; 17 ; 0.0188602 ; 0.0219023 ; -0.0134245 ; 102.52;
21 ; 19 ; 17 ; 0.0304668 ; 0.0166458 ; 0.0424093 ; 102.207;
4 ; 20 ; 17 ; 0.0660743 ; -0.0724086 ; 0.0174686 ; 100.047;
5 ; 20 ; 17 ; -0.0430574 ; -0.0116819 ; 0.0229594 ; 102.599;
6 ; 20 ; 17 ; -0.0343205 ; -0.0370381 ; -0.0201656 ; 101.665;
7 ; 20 ; 17 ; 0.000741749 ; -0.0395869 ; 0.0117807 ; 103.401;
8 ; 20 ; 17 ; 0.0410953 ; -0.0162942 ; 0.0436234 ; 104.355;
9 ; 20 ; 17 ; -0.0859317 ; -0.0603521 ; -0.0107034 ; 100.775;
10 ; 20 ; 17 ; 0.0210193 ; -0.00867048 ; -0.0388593 ; 101.718;
11 ; 20 ; 17 ; -0.00610606 ; -0.00788918 ; 0.044099 ; 100.498;
12 ; 20 ; 17 ; -0.040746 ; -0.0178814 ; 0.028038 ; 101.22;
13 ; 20 ; 17 ; 0.00772024 ; 0.0376491 ; -0.0253891 ; 102.462;
14 ; 20 ; 17 ; 0.0406692 ; 0.0270813 ; -0.00426131 ; 102.198;
15 ; 20 ; 17 ; 0.00457354 ; -0.00184833 ; 0.0389466 ; 101.22;
16 ; 20 ; 17 ; -0.0403637 ; -0.0856507 ; -0.00701885 ; 100.177;
17 ; 20 ; 17 ; 0.00529693 ; 0.0137907 ; -0.0256882 ; 101.964;
18 ; 20 ; 17 ; 0.0262473 ; -0.0587889 ; -0.0227181 ; 101.481;
19 ; 20 ; 17 ; -0.0690063 ; -0.00393304 ; 0.0457436 ; 101.059;
20 ; 20 ; 17 ; -0.104887 ; -0.0467059 ; 0.0228654 ; 102.057;
21 ; 20 ; 17 ; -0.0672946 ; -0.0225908 ; 0.0177324 ; 99.9175;
4 ; 21 ; 17 ; 0.0532238 ; -0.00618574 ; -0.0421967 ; 102.575;
5 ; 21 ; 17 ; -0.0630611 ; -0.000357087 ; 0.0422015 ; 100.98;
6 ; 21 ; 17 ; -0.0515201 ; -0.0213186 ; -0.0334422 ; 100.58;
7 ; 21 ; 17 ; -0.0193555 ; -0.0319974 ; 0.00737461 ; 103.477;
8 ; 21 ; 17 ; 0.0121612 ; 0.0329817 ; -0.0149507 ; 102.587;
9 ; 21 ; 17 ; -0.132011 ; -0.0597507 ; 0.0414558 ; 100.44;
10 ; 21 ; 17 ; 0.0288954 ; -0.0217465 ; -0.0378928 ; 101.347;
11 ; 21 ; 17 ; -0.0100855 ; -0.0181147 ; 0.0701812 ; 98.9825;
12 ; 21 ; 17 ; 0.00776303 ; -0.00627866 ; -0.0126033 ; 102.918;
13 ; 21 ; 17 ; -0.00381829 ; 0.0134376 ; 0.000913121 ; 102.662;
14 ; 21 ; 17 ; 0.0735741 ; 0.0238039 ; 0.00545843 ; 100.972;
15 ; 21 ; 17 ; 0.0270176 ; 0.0410995 ; 0.0605521 ; 100.085;
16 ; 21 ; 17 ; 0.0351267 ; -0.0770708 ; -0.0175713 ; 100.598;
17 ; 21 ; 17 ; 0.0192334 ; 0.0388248 ; -0.00452977 ; 101.917;
18 ; 21 ; 17 ; 0.0478371 ; -0.0442825 ; -0.034502 ; 100.752;
19 ; 21 ; 17 ; -0.0857122 ; 0.0448302 ; 0.0616154 ; 100.552;
20 ; 21 ; 17 ; -0.00617226 ; 0.00347965 ; -0.010004 ; 101.04;
21 ; 21 ; 17 ; -0.0224481 ; -0.0177795 ; -0.0374898 ; 100.85;
4 ; 4 ; 18 ; 0.0314625 ; 0.017134 ; 0.00657096 ; 103.465;
5 ; 4 ; 18 ; 0.0184268 ; 0.00881213 ; 0.043118 ; 101.731;
6 ; 4 ; 18 ; 0.0105789 ; -0.0308595 ; 0.043016 ; 101.698;
7 ; 4 ; 18 ; -0.000972648 ; -0.0306775 ; 0.0175461 ; 101.679;
8 ; 4 ; 18 ; -0.018108 ; 0.00836503 ; -0.0568831 ; 101.327;
9 ; 4 ; 18 ; 0.0275668 ; 0.0077267 ; 0.0110542 ; 102.362;
10 ; 4 ; 18 ; 0.0402511 ; -0.00492697 ; 0.0158554 ; 101.684;
11 ; 4 ; 18 ; 0.0557035 ; -0.0101515 ; -0.0100047 ; 101.754;
12 ; 4 ; 18 ; 0.0709869 ; -0.00718736 ; -0.00825452 ; 101.835;
13 ; 4 ; 18 ; -0.0192296 ; 0.0087407 ; 0.0462908 ; 102.92;
14 ; 4 ; 18 ; -0.0132512 ; 0.0136114 ; 0.042257 ; 102.516;
15 ; 4 ; 18 ; -0.0237779 ; -0.00201505 ; 0.00877043 ; 101.779;
16 ; 4 ; 18 ; -0.0368667 ; -0.0315558 ; -0.0219893 ; 101.625;
17 ; 4 ; 18 ; 0.00653007 ; 0.0205029 ; -0.00415285 ; 101.015;
18 ; 4 ; 18 ; 0.0318658 ; 0.00784717 ; -0.0198178 ; 101.428;
19 ; 4 ; 18 ; 0.0394054 ; -0.0169027 ; -0.00908378 ; 102.067;
20 ; 4 ; 18 ; -0.00814754 ; -0.0428627 ; 0.0319003 ; 102.002;
21 ; 4 ; 18 ; -0.0187566 ; -0.0124983 ; 0.0104103 ; 101.528;
4 ; 5 ; 18 ; -0.0259609 ; -0.000111444 ; 0.0127315 ; 101.35;
5 ; 5 ; 18 ; 0.0157755 ; 0.0186282 ; 0.00558161 ; 102.326;
6 ; 5 ; 18 ; 0.0133814 ; -0.00668404 ; 0.0361051 ; 101.834;
7 ; 5 ; 18 ; 0.00510035 ; -0.0200724 ; 0.0162004 ; 101.826;
8 ; 5 ; 18 ; -0.0112279 ; -0.00135851 ; -0.0134493 ; 101.11;
9 ; 5 ; 18 ; 0.00103445 ; -0.00697073 ; -0.00812716 ; 103.182;
10 ; 5 ; 18 ; 0.0162759 ; -0.00904773 ; 0.00662599 ; 101.946;
11 ; 5 ; 18 ; 0.0297806 ; -0.0140827 ; 2.24889e-05 ; 101.908;
12 ; 5 ; 18 ; 0.0561342 ; -0.0127452 ; -0.0314637 ; 102.062;
13 ; 5 ; 18 ; -0.0554356 ; 0.0277784 ; 0.0396426 ; 101.541;
14 ; 5 ; 18 ; -0.0331147 ; 0.0169023 ; 0.0393818 ; 102.493;
15 ; 5 ; 18 ; -0.0271429 ; 0.00315304 ; 0.00841487 ; 102.103;
16 ; 5 ; 18 ; -0.0386317 ; -0.0176076 ; -0.0147885 ; 101.625;
17 ; 5 ; 18 ; -0.0295649 ; -0.0536062 ; -0.012787 ; 100.235;
18 ; 5 ; 18 ; 0.0130802 ; -0.000165634 ; -0.0243436 ; 101.094;
19 ; 5 ; 18 ; 0.0298503 ; 0.0012423 ; -0.00692785 ; 101.701;
20 ; 5 ; 18 ; 0.0276381 ; -0.0277185 ; 0.00743282 ; 102.139;
21 ; 5 ; 18 ; -0.0641104 ; -0.0129303 ; -0.0764549 ; 100.12;
4 ; 6 ; 18 ; 0.000811117 ; -0.0858161 ; 0.0134389 ; 101.577;
5 ; 6 ; 18 ; -0.00339871 ; 0.0421829 ; 0.00126608 ; 102.032;
6 ; 6 ; 18 ; 0.0222748 ; 0.0180505 ; 0.024533 ; 102.131;
7 ; 6 ; 18 ; 0.0127535 ; -0.00650079 ; 0.0218115 ; 101.815;
8 ; 6 ; 18 ; -0.0119606 ; -0.0237399 ; 0.0135494 ; 101.688;
9 ; 6 ; 18 ; -0.0326788 ; -0.0390508 ; -0.0500681 ; 103.687;
10 ; 6 ; 18 ; -0.00189077 ; 2.31012e-05 ; 0.00059495 ; 102.36;
11 ; 6 ; 18 ; 0.00713417 ; -0.0120691 ; 0.00168389 ; 102.142;
12 ; 6 ; 18 ; 0.00869292 ; -0.0211633 ; -0.0150442 ; 102.71;
13 ; 6 ; 18 ; -0.0963059 ; 0.0497315 ; 0.0188108 ; 100.92;
14 ; 6 ; 18 ; -0.041383 ; 0.0182301 ; 0.0377927 ; 102.412;
15 ; 6 ; 18 ; -0.0289632 ; 0.0114552 ; 0.00805927 ; 102.356;
16 ; 6 ; 18 ; -0.0221876 ; 0.0164736 ; -0.0204305 ; 101.551;
17 ; 6 ; 18 ; -0.0391224 ; -0.100707 ; -0.0196485 ; 99.8575;
18 ; 6 ; 18 ; -0.00380952 ; -0.00515082 ; -0.0275803 ; 100.77;
19 ; 6 ; 18 ; 0.0307765 ; 0.0184939 ; -0.0114614 ; 101.454;
20 ; 6 ; 18 ; 0.0344189 ; 0.00332921 ; -2.67031e-05 ; 101.436;
21 ; 6 ; 18 ; -0.0300336 ; -0.0440867 ; 0.0228676 ; 103.03;
4 ; 7 ; 18 ; -0.0331262 ; -0.10021 ; -0.0732724 ; 100.872;
5 ; 7 ; 18 ; -0.0220459 ; 0.0173257 ; 0.0315703 ; 102.598;
6 ; 7 ; 18 ; -0.00129439 ; 0.0145818 ; 0.0237366 ; 103.125;
7 ; 7 ; 18 ; -0.00324291 ; -0.0149505 ; 0.010966 ; 102.94;
8 ; 7 ; 18 ; -0.037329 ; -0.0618658 ; -0.0469487 ; 101.712;
9 ; 7 ; 18 ; 0.0538857 ; -0.0117063 ; -0.00292554 ; 100.876;
10 ; 7 ; 18 ; 0.0525054 ; 0.00516881 ; 0.0193227 ; 101.581;
11 ; 7 ; 18 ; 0.0415682 ; 0.00838787 ; 0.0309553 ; 101.3;
12 ; 7 ; 18 ; 0.0304208 ; -0.00444272 ; 0.0532027 ; 100.295;
13 ; 7 ; 18 ; 0.0134413 ; -0.0075723 ; 0.00733184 ; 102.688;
14 ; 7 ; 18 ; 0.0301543 ; 0.000510339 ; 0.00438559 ; 102.198;
15 ; 7 ; 18 ; 0.0436136 ; -0.00968395 ; 0.0220895 ; 101.835;
16 ; 7 ; 18 ; 0.0732868 ; -0.0316752 ; 0.0782029 ; 102.605;
17 ; 7 ; 18 ; 0.0154894 ; -0.030269 ; 0.0103734 ; 103.16;
18 ; 7 ; 18 ; -0.0228851 ; -0.0123173 ; 0.0168828 ; 102.623;
19 ; 7 ; 18 ; -0.0238562 ; 0.00226651 ; 0.00306108 ; 101.606;
20 ; 7 ; 18 ; 0.0047292 ; 0.0138322 ; -0.0351565 ; 101.71;
21 ; 7 ; 18 ; 0.0839713 ; -0.0137565 ; 0.00600607 ; 99.3575;
4 ; 8 ; 18 ; 0.0356871 ; 0.0146222 ; -0.0481926 ; 101.912;
5 ; 8 ; 18 ; 0.0110111 ; -0.0101337 ; -0.0253401 ; 102.086;
6 ; 8 ; 18 ; 0.00709533 ; 0.0051319 ; 0.00754843 ; 102.604;
7 ; 8 ; 18 ; 0.00131942 ; -0.0122264 ; 0.00685068 ; 102.537;
8 ; 8 ; 18 ; -0.0030905 ; -0.0331696 ; -0.00776105 ; 102.414;
9 ; 8 ; 18 ; 0.0472556 ; -0.0101679 ; 0.0126576 ; 100.852;
10 ; 8 ; 18 ; 0.0439336 ; 0.00142728 ; 0.0116003 ; 101.439;
11 ; 8 ; 18 ; 0.0360612 ; 0.00584651 ; 0.0215604 ; 101.357;
12 ; 8 ; 18 ; 0.0256468 ; 0.00951749 ; 0.0310321 ; 100.832;
13 ; 8 ; 18 ; 0.0226697 ; -0.00049708 ; 0.00955496 ; 101.9;
14 ; 8 ; 18 ; 0.0241225 ; -0.00126332 ; 0.00474152 ; 102.151;
15 ; 8 ; 18 ; 0.0280299 ; -0.00889605 ; 0.0151702 ; 101.954;
16 ; 8 ; 18 ; 0.0585161 ; -0.0237978 ; 0.0403536 ; 102.189;
17 ; 8 ; 18 ; 0.00244226 ; -0.0166563 ; 0.0192215 ; 103.348;
18 ; 8 ; 18 ; -0.0162708 ; -0.0122076 ; 0.0143282 ; 102.939;
19 ; 8 ; 18 ; -0.0185952 ; 0.000983195 ; -0.000275322 ; 102.155;
20 ; 8 ; 18 ; -0.00686786 ; 0.0104656 ; -0.0177078 ; 101.572;
21 ; 8 ; 18 ; 0.0300741 ; -0.0697939 ; -0.073429 ; 104.328;
4 ; 9 ; 18 ; -0.0196717 ; -0.0327358 ; 0.0894061 ; 101.91;
5 ; 9 ; 18 ; 0.0291794 ; -0.0206002 ; -0.0040559 ; 101.593;
6 ; 9 ; 18 ; 0.0171716 ; -0.00112864 ; 0.00146951 ; 101.824;
7 ; 9 ; 18 ; 0.00579986 ; 0.00374147 ; 0.00797735 ; 101.776;
8 ; 9 ; 18 ; 0.0149037 ; 0.00412924 ; 0.0167995 ; 102.696;
9 ; 9 ; 18 ; 6.11379e-05 ; -0.0119457 ; -0.0181172 ; 102.148;
10 ; 9 ; 18 ; 0.0238903 ; -0.000235092 ; -0.0105074 ; 101.316;
11 ; 9 ; 18 ; 0.0255002 ; 0.0184749 ; -0.0112786 ; 101.295;
12 ; 9 ; 18 ; 0.0224198 ; 0.00855099 ; 0.0120555 ; 101.651;
13 ; 9 ; 18 ; 0.0172292 ; 0.0129716 ; -0.00975412 ; 101.992;
14 ; 9 ; 18 ; 0.0157633 ; 0.00155699 ; 0.00527513 ; 102.036;
15 ; 9 ; 18 ; 0.0132175 ; 0.000341191 ; 0.00798328 ; 101.947;
16 ; 9 ; 18 ; 0.0140553 ; -0.00756933 ; 0.00386287 ; 102.016;
17 ; 9 ; 18 ; -0.0161606 ; -0.00944313 ; 0.00961994 ; 102.151;
18 ; 9 ; 18 ; -0.00504495 ; -0.00902169 ; 0.015795 ; 102.884;
19 ; 9 ; 18 ; -0.00835927 ; 0.00746572 ; 0.00702398 ; 102.795;
20 ; 9 ; 18 ; -0.0172805 ; 0.0102486 ; -0.0173571 ; 102.276;
21 ; 9 ; 18 ; -0.00781165 ; -0.0453658 ; -0.0169614 ; 98.94;
4 ; 10 ; 18 ; -0.0953712 ; -0.0751232 ; -0.00394829 ; 100.317;
5 ; 10 ; 18 ; 0.00709404 ; -0.00441939 ; 0.019673 ; 102.638;
6 ; 10 ; 18 ; 0.0173407 ; 0.0072167 ; 0.00278719 ; 102.036;
7 ; 10 ; 18 ; 0.00385805 ; 0.020753 ; 0.000266753 ; 101.687;
8 ; 10 ; 18 ; -0.0169055 ; 0.0245374 ; -0.0110602 ; 101.526;
9 ; 10 ; 18 ; -0.0139293 ; -0.0376326 ; -0.0186219 ; 102.501;
10 ; 10 ; 18 ; 0.00349611 ; -0.00152756 ; -0.0263853 ; 102.114;
11 ; 10 ; 18 ; 0.0237569 ; 0.0289872 ; -0.0386783 ; 101.57;
12 ; 10 ; 18 ; 0.0313384 ; 0.0239396 ; -0.0110605 ; 101.507;
13 ; 10 ; 18 ; 0.00532552 ; 0.0427985 ; -0.025759 ; 102.237;
14 ; 10 ; 18 ; 0.0147693 ; 0.0262016 ; -0.00314898 ; 102.249;
15 ; 10 ; 18 ; 0.0151058 ; 0.0221186 ; 0.00609522 ; 101.967;
16 ; 10 ; 18 ; 0.00651954 ; 0.0167912 ; 0.0233307 ; 101.728;
17 ; 10 ; 18 ; -0.0144659 ; 0.0138205 ; 0.0380628 ; 101.825;
18 ; 10 ; 18 ; -0.0091518 ; 0.00278282 ; 0.0276491 ; 102.584;
19 ; 10 ; 18 ; -0.00143866 ; 0.0123276 ; 0.0220533 ; 103.304;
20 ; 10 ; 18 ; -0.00601743 ; 0.0266 ; -0.00846365 ; 103.357;
21 ; 10 ; 18 ; 0.0010777 ; -0.0262676 ; -0.0192867 ; 101.732;
4 ; 11 ; 18 ; -0.00526716 ; 0.00653285 ; 0.00927049 ; 103.305;
5 ; 11 ; 18 ; -0.0149351 ; 0.0125987 ; -0.0081716 ; 102.866;
6 ; 11 ; 18 ; 0.000242365 ; 0.0180359 ; 0.00319797 ; 102.447;
7 ; 11 ; 18 ; -0.00342709 ; 0.0257927 ; 0.00535473 ; 102.262;
8 ; 11 ; 18 ; -0.00380782 ; 0.0361981 ; -0.00813008 ; 101.586;
9 ; 11 ; 18 ; -0.0358379 ; -0.0335984 ; -0.0282443 ; 101.36;
10 ; 11 ; 18 ; -0.0122537 ; -0.00771703 ; -0.0209384 ; 101.868;
11 ; 11 ; 18 ; 0.017195 ; 0.0234921 ; -0.030361 ; 101.601;
12 ; 11 ; 18 ; 0.0347244 ; 0.0461793 ; -0.045018 ; 101.4;
13 ; 11 ; 18 ; -0.00978502 ; 0.0305294 ; -0.00353106 ; 100.994;
14 ; 11 ; 18 ; -0.000962392 ; 0.0310813 ; -0.0069615 ; 101.712;
15 ; 11 ; 18 ; 0.00166698 ; 0.0261027 ; -0.0115944 ; 101.512;
16 ; 11 ; 18 ; 0.028104 ; 0.0307023 ; 0.00839409 ; 101.152;
17 ; 11 ; 18 ; -0.0323494 ; 0.00260605 ; 0.0540027 ; 102.319;
18 ; 11 ; 18 ; -0.00738344 ; 0.00577129 ; 0.0410743 ; 102.12;
19 ; 11 ; 18 ; 0.0166143 ; 0.000305651 ; 0.034344 ; 102.5;
20 ; 11 ; 18 ; 0.00367749 ; 0.0173799 ; 0.0440635 ; 103.877;
21 ; 11 ; 18 ; -0.0587885 ; -0.0418806 ; 0.0533608 ; 102.447;
4 ; 12 ; 18 ; 0.0164813 ; 0.045914 ; 0.0046179 ; 101.178;
5 ; 12 ; 18 ; -0.0262227 ; 0.0217272 ; -0.00865246 ; 102.257;
6 ; 12 ; 18 ; -0.00773793 ; 0.0187474 ; -0.00963175 ; 102.637;
7 ; 12 ; 18 ; -0.00666946 ; 0.0214803 ; 0.0028988 ; 102.652;
8 ; 12 ; 18 ; 0.00230289 ; 0.0456571 ; -0.00588847 ; 102.585;
9 ; 12 ; 18 ; -0.0519073 ; -0.0200299 ; -0.0454023 ; 100.377;
10 ; 12 ; 18 ; -0.0192204 ; -0.0141918 ; -0.0114923 ; 101.661;
11 ; 12 ; 18 ; 0.0135728 ; 0.00959904 ; -0.0131185 ; 101.709;
12 ; 12 ; 18 ; 0.0208972 ; 0.00976756 ; -0.00440571 ; 101.803;
13 ; 12 ; 18 ; -0.0186376 ; -0.000893766 ; 0.0207088 ; 99.8525;
14 ; 12 ; 18 ; -0.0116964 ; 0.0305121 ; -0.00899084 ; 101.407;
15 ; 12 ; 18 ; -0.0132422 ; 0.0235222 ; -0.0244469 ; 101.362;
16 ; 12 ; 18 ; 0.00533396 ; 0.00172218 ; -0.0300519 ; 100.985;
17 ; 12 ; 18 ; -0.0429205 ; -0.0243641 ; 0.0476008 ; 102.185;
18 ; 12 ; 18 ; -0.00715482 ; 0.00562899 ; 0.0448233 ; 102.162;
19 ; 12 ; 18 ; 0.0270193 ; -0.0123982 ; 0.0328897 ; 102.124;
20 ; 12 ; 18 ; 0.0231984 ; -0.0180467 ; 0.053361 ; 102.627;
21 ; 12 ; 18 ; 0.0485755 ; -0.0193162 ; -0.0290692 ; 102.807;
4 ; 13 ; 18 ; 0.00906949 ; -0.0741737 ; 0.00538871 ; 102.278;
5 ; 13 ; 18 ; 0.00228661 ; 0.00866907 ; -0.0384788 ; 101.77;
6 ; 13 ; 18 ; 0.0120308 ; 0.024193 ; -0.00691708 ; 101.196;
7 ; 13 ; 18 ; -0.0090927 ; 0.00585324 ; -0.000453671 ; 102.053;
8 ; 13 ; 18 ; -0.0259869 ; 0.0446859 ; 0.0018545 ; 102.94;
9 ; 13 ; 18 ; -0.00753737 ; -0.00489855 ; -0.0104611 ; 101.59;
10 ; 13 ; 18 ; -0.0116867 ; -0.00615904 ; -0.00662532 ; 102.238;
11 ; 13 ; 18 ; -0.0240884 ; -0.0114264 ; -0.00826921 ; 101.532;
12 ; 13 ; 18 ; -0.0506866 ; 0.000269225 ; -0.0077585 ; 100.57;
13 ; 13 ; 18 ; 0.00210017 ; -0.00293169 ; -0.00344581 ; 101.969;
14 ; 13 ; 18 ; 0.0153008 ; -0.00726339 ; -0.012104 ; 101.789;
15 ; 13 ; 18 ; -0.00720956 ; -0.00851727 ; -0.0119153 ; 101.278;
16 ; 13 ; 18 ; -0.0640471 ; 0.0167495 ; -0.0024128 ; 100.702;
17 ; 13 ; 18 ; -0.00270383 ; 0.00217526 ; 0.0375645 ; 101.686;
18 ; 13 ; 18 ; -0.00674348 ; 0.0215982 ; 0.0245271 ; 101.94;
19 ; 13 ; 18 ; 0.0099666 ; 0.024851 ; -0.00351977 ; 101.944;
20 ; 13 ; 18 ; -0.0301102 ; 0.000810983 ; -0.0480479 ; 102.852;
21 ; 13 ; 18 ; 0.0801848 ; 0.0320075 ; -0.0179636 ; 100.263;
4 ; 14 ; 18 ; 0.0499506 ; -0.0117984 ; 0.0374621 ; 102.08;
5 ; 14 ; 18 ; 0.0015715 ; -0.00312217 ; -0.00147191 ; 101.766;
6 ; 14 ; 18 ; 0.000315518 ; 0.0133459 ; 0.00242244 ; 101.506;
7 ; 14 ; 18 ; -0.0203269 ; 0.00227286 ; 0.0121633 ; 101.987;
8 ; 14 ; 18 ; -0.0324506 ; 0.013603 ; -0.00294631 ; 103.16;
9 ; 14 ; 18 ; -0.0021112 ; -0.0140886 ; 0.00970442 ; 102.26;
10 ; 14 ; 18 ; -0.0083995 ; -0.00757496 ; -0.0022758 ; 102.258;
11 ; 14 ; 18 ; -0.0148428 ; -0.00345316 ; -0.00164498 ; 101.777;
12 ; 14 ; 18 ; -0.0431474 ; -0.0123025 ; -0.0167672 ; 100.927;
13 ; 14 ; 18 ; 0.00249495 ; 0.0091705 ; 0.0105796 ; 101.199;
14 ; 14 ; 18 ; 0.0126634 ; -0.00406461 ; 0.00288597 ; 101.561;
15 ; 14 ; 18 ; -0.00308224 ; -0.011301 ; 0.00309069 ; 101.544;
16 ; 14 ; 18 ; -0.0385699 ; -0.00177383 ; -0.010077 ; 100.983;
17 ; 14 ; 18 ; -0.00221803 ; -0.00842866 ; 0.0460902 ; 100.855;
18 ; 14 ; 18 ; -0.000415193 ; 0.0108697 ; 0.0238844 ; 101.67;
19 ; 14 ; 18 ; 0.0153124 ; 0.0174892 ; -0.00112032 ; 101.726;
20 ; 14 ; 18 ; 0.0083988 ; 0.012144 ; -0.0353377 ; 102.084;
21 ; 14 ; 18 ; 0.0852496 ; -0.00735197 ; 0.0426647 ; 102.035;
4 ; 15 ; 18 ; -0.082124 ; 0.00556034 ; 0.0282198 ; 101.62;
5 ; 15 ; 18 ; 0.00365532 ; 0.00555055 ; 0.0116775 ; 102.28;
6 ; 15 ; 18 ; -0.00703997 ; -0.00526821 ; 0.00465251 ; 101.893;
7 ; 15 ; 18 ; -0.0232954 ; -0.0124346 ; 0.0168053 ; 101.818;
8 ; 15 ; 18 ; -0.0391343 ; -0.00553761 ; 0.0190573 ; 102.545;
9 ; 15 ; 18 ; -0.00215214 ; -0.0152761 ; 0.0234471 ; 101.653;
10 ; 15 ; 18 ; -0.00620351 ; 0.00292762 ; 0.0135219 ; 102.049;
11 ; 15 ; 18 ; -0.00711683 ; 0.0178957 ; 0.0110478 ; 102.234;
12 ; 15 ; 18 ; -0.00697417 ; -0.00340272 ; -0.0067239 ; 101.741;
13 ; 15 ; 18 ; -0.0122158 ; -0.0239736 ; -0.0341601 ; 101.262;
14 ; 15 ; 18 ; -0.000947054 ; -0.00904569 ; 0.00142624 ; 101.299;
15 ; 15 ; 18 ; -0.00616954 ; -0.021169 ; 0.011614 ; 101.927;
16 ; 15 ; 18 ; -0.00121569 ; -0.0232883 ; 0.00817765 ; 102.191;
17 ; 15 ; 18 ; -0.0118289 ; -0.0263267 ; 0.0117301 ; 101.335;
18 ; 15 ; 18 ; 0.000249464 ; -0.0113418 ; 0.00749266 ; 101.418;
19 ; 15 ; 18 ; 0.0100343 ; 0.00465307 ; -0.0149239 ; 101.54;
20 ; 15 ; 18 ; 0.0329893 ; 0.0244591 ; -0.0128065 ; 101.417;
21 ; 15 ; 18 ; -0.00300579 ; 0.0292418 ; 0.0162033 ; 103.452;
4 ; 16 ; 18 ; -0.0224204 ; -0.0387263 ; -0.0501388 ; 99.7375;
5 ; 16 ; 18 ; 0.0298589 ; 0.00256559 ; -0.0159309 ; 102.146;
6 ; 16 ; 18 ; 0.00558483 ; -0.0106156 ; -0.0102977 ; 102.168;
7 ; 16 ; 18 ; -0.00946217 ; -0.0149229 ; -0.00500847 ; 101.679;
8 ; 16 ; 18 ; -0.0104338 ; -0.010126 ; 0.0295767 ; 101.224;
9 ; 16 ; 18 ; -0.00329184 ; 0.00950048 ; 0.0029074 ; 101.075;
10 ; 16 ; 18 ; -0.0129866 ; 0.0126275 ; 0.0192237 ; 101.965;
11 ; 16 ; 18 ; -0.00975074 ; 0.029987 ; 0.0290025 ; 102.53;
12 ; 16 ; 18 ; 0.00918121 ; 0.0287368 ; 0.023123 ; 102.682;
13 ; 16 ; 18 ; -0.0115133 ; -0.0116334 ; 0.00136229 ; 100.75;
14 ; 16 ; 18 ; -0.0131178 ; -0.019397 ; 0.00271871 ; 101.065;
15 ; 16 ; 18 ; -0.0113804 ; -0.0212705 ; 0.0136068 ; 101.779;
16 ; 16 ; 18 ; -0.0118133 ; -0.0248715 ; 0.0232861 ; 102.738;
17 ; 16 ; 18 ; -0.0456803 ; 0.0296908 ; 0.00697548 ; 102.649;
18 ; 16 ; 18 ; -0.0313964 ; 0.000522939 ; -0.0112324 ; 101.863;
19 ; 16 ; 18 ; -0.0263141 ; 0.00558123 ; -0.037232 ; 101.671;
20 ; 16 ; 18 ; -0.00792822 ; 0.0223517 ; -0.0399631 ; 102.11;
21 ; 16 ; 18 ; 0.0640306 ; -0.00426159 ; 0.0264511 ; 101.257;
4 ; 17 ; 18 ; -0.013076 ; 0.0482506 ; -0.025527 ; 99.8625;
5 ; 17 ; 18 ; 0.00901211 ; -0.0269808 ; 0.0124139 ; 102.2;
6 ; 17 ; 18 ; 0.00476194 ; -0.0147791 ; -0.0186636 ; 102.199;
7 ; 17 ; 18 ; -0.00975212 ; -0.0127083 ; -0.0353514 ; 101.745;
8 ; 17 ; 18 ; -0.00246738 ; -0.0277763 ; -0.0337077 ; 101.207;
9 ; 17 ; 18 ; -0.0204587 ; 0.0268979 ; -0.0311708 ; 102.931;
10 ; 17 ; 18 ; -0.0181995 ; 0.0176001 ; -0.00056317 ; 101.981;
11 ; 17 ; 18 ; -0.00672694 ; 0.0184778 ; 0.0272114 ; 102.203;
12 ; 17 ; 18 ; -0.0108253 ; 0.0274227 ; 0.0468759 ; 102.577;
13 ; 17 ; 18 ; 0.0171893 ; -0.0056166 ; 0.0702985 ; 100.456;
14 ; 17 ; 18 ; -5.88725e-06 ; -0.00691598 ; 0.0201639 ; 100.67;
15 ; 17 ; 18 ; 0.000586605 ; -0.00911446 ; 0.0133388 ; 101.098;
16 ; 17 ; 18 ; -0.00757557 ; -0.0166139 ; 0.00222242 ; 101.764;
17 ; 17 ; 18 ; -0.00392166 ; 0.0304693 ; 0.0455312 ; 102.601;
18 ; 17 ; 18 ; -0.0314364 ; 0.0181982 ; 0.00309217 ; 102.036;
19 ; 17 ; 18 ; -0.0487073 ; 0.0180376 ; -0.0453332 ; 101.379;
20 ; 17 ; 18 ; -0.0299536 ; 0.0163741 ; -0.0682457 ; 101.883;
21 ; 17 ; 18 ; 0.047588 ; 0.0297074 ; -0.0393515 ; 101.095;
4 ; 18 ; 18 ; 0.01759 ; -0.0920482 ; 0.00430398 ; 100.787;
5 ; 18 ; 18 ; -0.0177416 ; -0.0428525 ; 0.0520317 ; 102.057;
6 ; 18 ; 18 ; -0.00314477 ; -0.0155026 ; -0.0150094 ; 102.295;
7 ; 18 ; 18 ; -0.0191191 ; -0.00489734 ; -0.0433973 ; 101.82;
8 ; 18 ; 18 ; -0.0200704 ; -0.0221591 ; -0.0513807 ; 101.52;
9 ; 18 ; 18 ; -0.0289241 ; 0.036911 ; -0.0316434 ; 104.255;
10 ; 18 ; 18 ; -0.0195761 ; 0.0124169 ; -0.0186261 ; 102.168;
11 ; 18 ; 18 ; -0.000229638 ; 0.00588652 ; 0.0247068 ; 101.979;
12 ; 18 ; 18 ; -0.00311982 ; 0.00724684 ; 0.0601632 ; 101.941;
13 ; 18 ; 18 ; 0.0364673 ; -0.0182095 ; 0.0712374 ; 100.937;
14 ; 18 ; 18 ; 0.0140285 ; 0.00666769 ; 0.0464727 ; 100.379;
15 ; 18 ; 18 ; 0.0132722 ; 0.00165242 ; 0.0229364 ; 100.719;
16 ; 18 ; 18 ; -0.00329269 ; -0.00821488 ; 0.0137891 ; 101.261;
17 ; 18 ; 18 ; 0.0554003 ; -0.0120135 ; 0.067462 ; 102.28;
18 ; 18 ; 18 ; -0.025436 ; 0.0307175 ; 0.0211165 ; 102.004;
19 ; 18 ; 18 ; -0.0547882 ; 0.026004 ; -0.0400762 ; 101.095;
20 ; 18 ; 18 ; -0.0453921 ; 0.024397 ; -0.0598855 ; 101.461;
21 ; 18 ; 18 ; -0.0044518 ; 0.0324142 ; -0.021742 ; 100.498;
4 ; 19 ; 18 ; -0.0709733 ; -0.0456593 ; 0.0572125 ; 103.105;
5 ; 19 ; 18 ; -0.0444222 ; -0.0142565 ; 0.0306685 ; 100.696;
6 ; 19 ; 18 ; -0.0129028 ; -0.0384744 ; 0.00505401 ; 100.974;
7 ; 19 ; 18 ; -0.00713825 ; -0.0501971 ; -0.00066733 ; 101.432;
8 ; 19 ; 18 ; -0.0254589 ; -0.0119953 ; 0.00823237 ; 101.312;
9 ; 19 ; 18 ; 0.0305774 ; -0.0125003 ; 0.016501 ; 100.862;
10 ; 19 ; 18 ; 0.00578356 ; 0.0101453 ; 0.0111004 ; 101.459;
11 ; 19 ; 18 ; 0.0120177 ; 0.00664174 ; 0.00429809 ; 102.052;
12 ; 19 ; 18 ; 0.00968811 ; -0.0489939 ; -0.0644075 ; 102.065;
13 ; 19 ; 18 ; 0.083243 ; -0.0166986 ; 0.0242142 ; 101.122;
14 ; 19 ; 18 ; 0.0585312 ; -0.0121483 ; 0.00972121 ; 101.707;
15 ; 19 ; 18 ; 0.019031 ; -0.00082777 ; 0.00836011 ; 102.645;
16 ; 19 ; 18 ; -0.0269734 ; 0.0154926 ; -0.041321 ; 102.372;
17 ; 19 ; 18 ; -0.0224457 ; -0.0170955 ; -0.00684168 ; 101.927;
18 ; 19 ; 18 ; -0.0313526 ; -0.0082251 ; -0.000333494 ; 102.116;
19 ; 19 ; 18 ; -0.00377828 ; 0.00516724 ; 0.00924881 ; 101.746;
20 ; 19 ; 18 ; 0.0314654 ; -0.00434545 ; 0.00606916 ; 101.04;
21 ; 19 ; 18 ; 0.00362405 ; -0.0196968 ; 0.0556782 ; 103.082;
4 ; 20 ; 18 ; -0.0487571 ; 0.0230157 ; 0.0287107 ; 103.135;
5 ; 20 ; 18 ; -0.0155953 ; 0.00676342 ; 0.031006 ; 101.313;
6 ; 20 ; 18 ; -0.0133671 ; -0.0237576 ; 0.0106621 ; 101.246;
7 ; 20 ; 18 ; -0.0112785 ; -0.0389813 ; 0.000752734 ; 101.608;
8 ; 20 ; 18 ; -0.0195741 ; -0.0296428 ; -0.00368239 ; 101.282;
9 ; 20 ; 18 ; 0.0372118 ; -0.0134994 ; 0.0505929 ; 99.6101;
10 ; 20 ; 18 ; 0.0105461 ; 0.000210385 ; 0.0258746 ; 101.136;
11 ; 20 ; 18 ; -0.00129311 ; 0.00529212 ; 0.0200272 ; 102.114;
12 ; 20 ; 18 ; 0.0266025 ; -0.0060609 ; -0.0155073 ; 102.446;
13 ; 20 ; 18 ; 0.00889643 ; -0.0299593 ; 0.00604429 ; 100.634;
14 ; 20 ; 18 ; 0.0349599 ; -0.0110703 ; 0.0135529 ; 101.479;
15 ; 20 ; 18 ; 0.0170657 ; 0.00560776 ; 0.00648256 ; 102.809;
16 ; 20 ; 18 ; -0.00691655 ; 0.00910753 ; 0.00170502 ; 103.236;
17 ; 20 ; 18 ; 0.0009203 ; 0.019676 ; -0.0284143 ; 101.617;
18 ; 20 ; 18 ; -0.0158357 ; 1.30867e-05 ; -0.00659795 ; 101.82;
19 ; 20 ; 18 ; -1.57984e-05 ; 0.00449591 ; 0.00304277 ; 101.897;
20 ; 20 ; 18 ; 0.0210229 ; 0.000769778 ; -0.00261998 ; 101.529;
21 ; 20 ; 18 ; -0.00703848 ; -0.067535 ; -0.0277749 ; 103.892;
4 ; 21 ; 18 ; -0.00780476 ; -0.0399751 ; -0.0226151 ; 101.077;
5 ; 21 ; 18 ; -0.00974973 ; 0.00896154 ; 0.025645 ; 102.315;
6 ; 21 ; 18 ; -0.014305 ; -0.00626044 ; 0.0197707 ; 101.109;
7 ; 21 ; 18 ; -0.0162786 ; -0.030101 ; 0.000128323 ; 101.491;
8 ; 21 ; 18 ; -0.0232979 ; -0.0282788 ; -0.00573782 ; 101.937;
9 ; 21 ; 18 ; 0.0384346 ; -0.0243045 ; 0.0841543 ; 99.455;
10 ; 21 ; 18 ; 0.0227623 ; -0.00730367 ; 0.0389036 ; 100.659;
11 ; 21 ; 18 ; -0.00159887 ; 0.00941765 ; 0.0446317 ; 102.134;
12 ; 21 ; 18 ; 0.00206891 ; 0.029905 ; 0.0420148 ; 102.489;
13 ; 21 ; 18 ; -0.0481402 ; -0.0328268 ; 0.018982 ; 100.545;
14 ; 21 ; 18 ; 0.0206662 ; -0.0123668 ; 0.0186975 ; 101.31;
15 ; 21 ; 18 ; 0.0230313 ; 0.0115103 ; 0.0183354 ; 103.151;
16 ; 21 ; 18 ; 0.00863092 ; -0.0123735 ; 0.0157162 ; 104.06;
17 ; 21 ; 18 ; 0.0250723 ; 0.032326 ; -0.0340634 ; 101.92;
18 ; 21 ; 18 ; -0.00355369 ; 0.00971791 ; -0.0135529 ; 101.441;
19 ; 21 ; 18 ; 0.00220293 ; 0.00374812 ; -0.00284669 ; 101.966;
20 ; 21 ; 18 ; 0.0142796 ; -0.011636 ; -0.0223082 ; 102.341;
21 ; 21 ; 18 ; -0.0479073 ; -0.00507609 ; 0.0166347 ; 100.707;
4 ; 4 ; 19 ; -0.04907 ; -0.050241 ; 0.0139184 ; 100.465;
5 ; 4 ; 19 ; -0.00692276 ; -0.0058081 ; -0.0355674 ; 101.472;
6 ; 4 ; 19 ; 0.00252214 ; -0.00547861 ; -0.0219993 ; 101.184;
7 ; 4 ; 19 ; 0.0133526 ; 0.00737141 ; 0.00386214 ; 102.085;
8 ; 4 ; 19 ; 0.0446435 ; 0.00599667 ; -0.00926991 ; 101.762;
9 ; 4 ; 19 ; 0.0269366 ; 0.0104731 ; 0.0127942 ; 100.792;
10 ; 4 ; 19 ; 0.0171365 ; 0.00166053 ; -0.0108196 ; 100.6;
11 ; 4 ; 19 ; -0.00339889 ; -0.0386217 ; -0.0405321 ; 100.423;
12 ; 4 ; 19 ; -0.0117589 ; -0.133426 ; -0.126955 ; 99.44;
13 ; 4 ; 19 ; -0.00298813 ; 0.00494725 ; 0.00463719 ; 102.645;
14 ; 4 ; 19 ; 0.0151736 ; -0.0219481 ; 0.0029633 ; 102.559;
15 ; 4 ; 19 ; 0.0106204 ; -0.037619 ; -0.0123041 ; 102.673;
16 ; 4 ; 19 ; 0.000127051 ; -0.0254222 ; -0.0480265 ; 102.727;
17 ; 4 ; 19 ; 0.0212779 ; 0.00270404 ; 0.00874957 ; 102.085;
18 ; 4 ; 19 ; -0.00236981 ; 0.0122829 ; -0.00519993 ; 102.021;
19 ; 4 ; 19 ; -0.0332978 ; 0.0114721 ; 9.9651e-05 ; 101.58;
20 ; 4 ; 19 ; -0.0721801 ; -0.027199 ; -0.0107709 ; 102.542;
21 ; 4 ; 19 ; -0.0343868 ; 0.0354511 ; 0.000572772 ; 99.84;
4 ; 5 ; 19 ; 0.0647755 ; -0.0074167 ; 0.0111664 ; 101.152;
5 ; 5 ; 19 ; 0.0157179 ; -0.00168932 ; -0.0420073 ; 100.33;
6 ; 5 ; 19 ; 0.00530427 ; -0.000758224 ; -0.01675 ; 101.063;
7 ; 5 ; 19 ; 0.00687676 ; 0.0158634 ; 0.00186261 ; 102.075;
8 ; 5 ; 19 ; 0.0223128 ; 0.012529 ; 0.00170745 ; 102.51;
9 ; 5 ; 19 ; 0.0219865 ; -0.0220117 ; -0.0261029 ; 99.7317;
10 ; 5 ; 19 ; 0.0155116 ; -0.00857123 ; -0.0173669 ; 100.594;
11 ; 5 ; 19 ; -0.00648695 ; -0.0207909 ; -0.0281169 ; 100.697;
12 ; 5 ; 19 ; -0.0191171 ; -0.0817972 ; -0.0644353 ; 100.057;
13 ; 5 ; 19 ; 0.0210444 ; 0.0309272 ; -0.0334561 ; 103.49;
14 ; 5 ; 19 ; 0.0153756 ; -0.0130529 ; -0.0124773 ; 102.579;
15 ; 5 ; 19 ; 0.0106054 ; -0.0315959 ; -0.0205566 ; 102.226;
16 ; 5 ; 19 ; 0.00293776 ; -0.0327326 ; -0.0257691 ; 102.421;
17 ; 5 ; 19 ; 0.0251598 ; 0.0168045 ; 0.0267558 ; 100.397;
18 ; 5 ; 19 ; 0.00137416 ; 0.00855407 ; 0.0104774 ; 101.4;
19 ; 5 ; 19 ; -0.0221321 ; 0.00601359 ; 0.0199502 ; 101.66;
20 ; 5 ; 19 ; -0.0445237 ; -0.0142769 ; 0.0055573 ; 101.738;
21 ; 5 ; 19 ; 0.00295011 ; 0.0442453 ; 0.0336867 ; 101.32;
4 ; 6 ; 19 ; 0.0112041 ; -0.0129869 ; 0.0458524 ; 102.915;
5 ; 6 ; 19 ; 0.0626819 ; -0.032352 ; -0.019893 ; 99.575;
6 ; 6 ; 19 ; -0.00392212 ; 0.015262 ; -0.0177062 ; 101.285;
7 ; 6 ; 19 ; -0.00662062 ; 0.0277381 ; 0.00193618 ; 102.366;
8 ; 6 ; 19 ; -0.000840833 ; 0.0325924 ; -0.00462199 ; 102.338;
9 ; 6 ; 19 ; 0.0158678 ; -0.0463033 ; -0.0552487 ; 99.4675;
10 ; 6 ; 19 ; 0.00813095 ; -0.0150732 ; -0.0149986 ; 100.436;
11 ; 6 ; 19 ; -0.0165593 ; 0.00269807 ; -0.00422008 ; 100.903;
12 ; 6 ; 19 ; -0.0107381 ; -0.00355354 ; -0.00596245 ; 100.627;
13 ; 6 ; 19 ; 0.0356485 ; 0.049915 ; -0.072404 ; 102.957;
14 ; 6 ; 19 ; 0.0129247 ; -0.00588188 ; -0.0207562 ; 103.026;
15 ; 6 ; 19 ; 0.00919552 ; -0.0282451 ; -0.0217075 ; 102.037;
16 ; 6 ; 19 ; 0.0231966 ; -0.0210532 ; -0.0110959 ; 101.787;
17 ; 6 ; 19 ; 0.0339709 ; 0.0208103 ; 0.0337165 ; 99.5325;
18 ; 6 ; 19 ; 0.0094854 ; 0.00799508 ; 0.0269598 ; 100.642;
19 ; 6 ; 19 ; -0.00317717 ; 0.00359642 ; 0.0380034 ; 101.355;
20 ; 6 ; 19 ; -0.00275647 ; 0.0153979 ; 0.0337031 ; 101.271;
21 ; 6 ; 19 ; 0.0280168 ; -0.00258168 ; -0.0304429 ; 101.835;
4 ; 7 ; 19 ; -0.00972168 ; -0.0108419 ; -0.0185355 ; 101.09;
5 ; 7 ; 19 ; 0.000501507 ; -0.00781893 ; 0.014399 ; 102.545;
6 ; 7 ; 19 ; 0.00618705 ; 0.0201088 ; 0.00713996 ; 102.63;
7 ; 7 ; 19 ; 0.00580283 ; 0.0194954 ; 0.0152055 ; 101.347;
8 ; 7 ; 19 ; 0.0570628 ; -0.0132581 ; 0.0710949 ; 100.383;
9 ; 7 ; 19 ; 0.00243444 ; 0.0187433 ; -0.00106609 ; 102.23;
10 ; 7 ; 19 ; 0.0116493 ; 0.0224661 ; -0.0029195 ; 102.221;
11 ; 7 ; 19 ; 0.0266303 ; 0.020647 ; 0.0015775 ; 102.444;
12 ; 7 ; 19 ; 0.0182729 ; 0.0269431 ; 0.0317369 ; 101.295;
13 ; 7 ; 19 ; 0.0147728 ; -0.00311213 ; 0.0125172 ; 102.566;
14 ; 7 ; 19 ; 0.0188004 ; -0.0187083 ; -0.0228553 ; 102.567;
15 ; 7 ; 19 ; 0.0287531 ; 0.00172606 ; -0.055395 ; 102.702;
16 ; 7 ; 19 ; 0.11207 ; 0.00714256 ; -0.0440243 ; 103.4;
17 ; 7 ; 19 ; 0.00214756 ; 0.0110657 ; 0.0070094 ; 101.361;
18 ; 7 ; 19 ; 0.0244537 ; 0.011038 ; 0.0213336 ; 101.702;
19 ; 7 ; 19 ; 0.0343705 ; 0.0087798 ; 0.0162055 ; 102.225;
20 ; 7 ; 19 ; 0.0239622 ; 0.0568551 ; -0.00417133 ; 101.953;
21 ; 7 ; 19 ; 0.0208518 ; 0.0204532 ; 0.0532614 ; 101.713;
4 ; 8 ; 19 ; -0.0144433 ; -0.0682604 ; 0.00651244 ; 102.455;
5 ; 8 ; 19 ; -0.0106566 ; -0.00131628 ; 0.00433835 ; 102.345;
6 ; 8 ; 19 ; 0.00127608 ; 0.0104653 ; 0.00546175 ; 102.414;
7 ; 8 ; 19 ; 0.00108546 ; 0.0098595 ; 0.0108939 ; 101.392;
8 ; 8 ; 19 ; 0.0246916 ; 0.00618298 ; 0.0266027 ; 100.74;
9 ; 8 ; 19 ; 0.0137544 ; 0.000196231 ; -0.00355247 ; 101.979;
10 ; 8 ; 19 ; 0.00690199 ; 0.0105415 ; -0.00504393 ; 102.048;
11 ; 8 ; 19 ; 0.0177762 ; 0.0127518 ; -0.00642765 ; 102.193;
12 ; 8 ; 19 ; 0.0171714 ; 0.0150052 ; 0.00595307 ; 101.944;
13 ; 8 ; 19 ; 0.0597159 ; 0.0287 ; -0.0219454 ; 101.828;
14 ; 8 ; 19 ; 0.032243 ; -0.00163052 ; -0.030426 ; 102.301;
15 ; 8 ; 19 ; 0.0268215 ; 0.0114438 ; -0.0593606 ; 102.427;
16 ; 8 ; 19 ; 0.0561526 ; 0.016245 ; -0.065802 ; 102.985;
17 ; 8 ; 19 ; -0.00753785 ; 0.010773 ; 0.00957071 ; 101.46;
18 ; 8 ; 19 ; 0.0191754 ; 0.00723138 ; 0.0143965 ; 101.698;
19 ; 8 ; 19 ; 0.0352727 ; -0.00211781 ; 0.0111514 ; 102.137;
20 ; 8 ; 19 ; 0.0194123 ; 0.0303304 ; -0.00221395 ; 102.478;
21 ; 8 ; 19 ; -0.0266376 ; -0.00842467 ; 0.0294517 ; 105.29;
4 ; 9 ; 19 ; -0.0394432 ; 0.0102181 ; 0.103197 ; 101.63;
5 ; 9 ; 19 ; -0.00765529 ; -0.0252022 ; -0.0145481 ; 101.883;
6 ; 9 ; 19 ; -0.0186407 ; -0.0109264 ; -0.00378844 ; 102.05;
7 ; 9 ; 19 ; -0.0181942 ; -0.00772206 ; -0.00359809 ; 101.824;
8 ; 9 ; 19 ; -0.00425098 ; 0.00867618 ; -0.0116008 ; 101.041;
9 ; 9 ; 19 ; -0.0195387 ; 0.0121307 ; 0.0161604 ; 102.11;
10 ; 9 ; 19 ; -0.00953308 ; 0.00785249 ; -0.00358378 ; 102.071;
11 ; 9 ; 19 ; -0.00829024 ; 0.0110422 ; -0.0136631 ; 101.98;
12 ; 9 ; 19 ; 0.0116257 ; 0.00277439 ; -0.0222198 ; 102.149;
13 ; 9 ; 19 ; 0.059961 ; 0.00103003 ; -0.067442 ; 101.859;
14 ; 9 ; 19 ; 0.0387562 ; 0.0111875 ; -0.0491304 ; 101.626;
15 ; 9 ; 19 ; 0.0116049 ; 0.0161451 ; -0.0596497 ; 101.695;
16 ; 9 ; 19 ; -0.00143733 ; 0.0260326 ; -0.0748208 ; 102.217;
17 ; 9 ; 19 ; -0.0320515 ; 0.0170623 ; 0.0114794 ; 101.334;
18 ; 9 ; 19 ; 0.00177713 ; 0.00737376 ; 0.00499316 ; 101.499;
19 ; 9 ; 19 ; 0.0260448 ; -0.0191807 ; 0.0100323 ; 101.987;
20 ; 9 ; 19 ; 0.0344343 ; -0.0233453 ; -0.00131432 ; 102.536;
21 ; 9 ; 19 ; 0.0352062 ; -0.0212656 ; 0.0438406 ; 98.755;
4 ; 10 ; 19 ; -0.0292552 ; 0.0479422 ; 0.00533333 ; 100.49;
5 ; 10 ; 19 ; 0.00240239 ; -0.00694185 ; 0.00334338 ; 101.673;
6 ; 10 ; 19 ; -0.0181244 ; -0.0145917 ; 0.00257623 ; 102.045;
7 ; 10 ; 19 ; -0.025138 ; -0.0186955 ; 0.00738374 ; 102.487;
8 ; 10 ; 19 ; -0.0153166 ; -0.00888505 ; -0.00413568 ; 101.952;
9 ; 10 ; 19 ; -0.0453131 ; 0.00918315 ; 0.0180783 ; 101.841;
10 ; 10 ; 19 ; -0.0316971 ; 0.00960705 ; 0.0042602 ; 101.78;
11 ; 10 ; 19 ; -0.0283822 ; 0.0169462 ; -0.00352064 ; 101.788;
12 ; 10 ; 19 ; -0.0164575 ; 0.013585 ; -0.0112312 ; 101.688;
13 ; 10 ; 19 ; 0.0240762 ; -0.0208634 ; -0.0470733 ; 101.87;
14 ; 10 ; 19 ; 0.0276202 ; -0.00891309 ; -0.0476855 ; 101.677;
15 ; 10 ; 19 ; -0.00184157 ; 0.00233535 ; -0.0300895 ; 101.685;
16 ; 10 ; 19 ; -0.00538991 ; 0.00860439 ; -0.0377242 ; 101.486;
17 ; 10 ; 19 ; -0.0401312 ; 0.0319604 ; 0.0256183 ; 101.963;
18 ; 10 ; 19 ; -0.0168691 ; 0.0113848 ; 0.0100059 ; 101.6;
19 ; 10 ; 19 ; 0.00142638 ; -0.0150692 ; 0.0188758 ; 101.523;
20 ; 10 ; 19 ; 0.0412329 ; -0.0521446 ; 0.020635 ; 101.979;
21 ; 10 ; 19 ; 0.000369099 ; 0.0466048 ; -0.00284296 ; 100.215;
4 ; 11 ; 19 ; 0.0233972 ; 0.030732 ; 0.00670574 ; 101.347;
5 ; 11 ; 19 ; 0.0503093 ; 0.0157268 ; -0.00451652 ; 101.122;
6 ; 11 ; 19 ; 0.00108395 ; 0.000889359 ; 0.00323135 ; 101.908;
7 ; 11 ; 19 ; -0.0253793 ; -0.0227682 ; 0.00271856 ; 102.586;
8 ; 11 ; 19 ; -0.0481122 ; -0.0152901 ; 0.0142238 ; 103.268;
9 ; 11 ; 19 ; -0.0747702 ; -0.0232885 ; -0.0155012 ; 102.893;
10 ; 11 ; 19 ; -0.0515585 ; 0.00757742 ; 0.00101211 ; 102.079;
11 ; 11 ; 19 ; -0.0266838 ; 0.0186741 ; 0.0028826 ; 101.896;
12 ; 11 ; 19 ; -0.0211267 ; 0.0220251 ; 0.008098 ; 102.067;
13 ; 11 ; 19 ; 0.0134352 ; -0.0518774 ; 0.00710267 ; 100.733;
14 ; 11 ; 19 ; 0.00983793 ; -0.0334031 ; -0.0159304 ; 101.437;
15 ; 11 ; 19 ; -0.0153988 ; -0.0068372 ; 0.00830758 ; 101.643;
16 ; 11 ; 19 ; -0.0359135 ; -0.00498391 ; 0.0207802 ; 102.043;
17 ; 11 ; 19 ; -0.0175048 ; 0.0625252 ; -0.032124 ; 102.894;
18 ; 11 ; 19 ; -0.0293085 ; 0.0276139 ; -0.00170597 ; 102.047;
19 ; 11 ; 19 ; -0.0356698 ; -0.00463207 ; 0.0221557 ; 101.372;
20 ; 11 ; 19 ; -0.0103111 ; -0.0237669 ; 0.0442351 ; 101.08;
21 ; 11 ; 19 ; -0.00538251 ; -0.00416262 ; 0.0325621 ; 102.102;
4 ; 12 ; 19 ; 0.0381691 ; -0.04417 ; -0.0274985 ; 100.38;
5 ; 12 ; 19 ; 0.0776359 ; 0.0113268 ; -0.0283463 ; 100.607;
6 ; 12 ; 19 ; 0.0213319 ; 0.0141562 ; 0.00713915 ; 101.823;
7 ; 12 ; 19 ; -0.0175542 ; -0.0244465 ; 0.00412017 ; 102.4;
8 ; 12 ; 19 ; -0.0389226 ; -0.0645958 ; 0.0216361 ; 102.516;
9 ; 12 ; 19 ; -0.0894709 ; -0.0241331 ; -0.0340433 ; 104.4;
10 ; 12 ; 19 ; -0.058851 ; -0.00386304 ; -0.00409233 ; 102.061;
11 ; 12 ; 19 ; -0.0184474 ; 0.0131679 ; 0.00352048 ; 101.814;
12 ; 12 ; 19 ; 0.0160801 ; 0.00896492 ; 0.0107206 ; 102.083;
13 ; 12 ; 19 ; 0.00785729 ; -0.0845082 ; 0.0297905 ; 99.5775;
14 ; 12 ; 19 ; 0.0090741 ; -0.0404033 ; 0.0065853 ; 101.432;
15 ; 12 ; 19 ; -0.0150402 ; -0.00611707 ; 0.0275622 ; 101.773;
16 ; 12 ; 19 ; -0.0417462 ; 0.00808022 ; 0.0558321 ; 102.257;
17 ; 12 ; 19 ; -0.00599619 ; 0.0906282 ; -0.0880902 ; 102.655;
18 ; 12 ; 19 ; -0.0311128 ; 0.0331495 ; -0.0104437 ; 102.444;
19 ; 12 ; 19 ; -0.0519228 ; 0.000545008 ; 0.0197903 ; 101.276;
20 ; 12 ; 19 ; -0.0624218 ; 0.0115534 ; 0.0377695 ; 100.374;
21 ; 12 ; 19 ; -0.012827 ; 0.0742822 ; -0.080568 ; 100.415;
4 ; 13 ; 19 ; 0.030263 ; 0.00668891 ; 0.00933106 ; 102.295;
5 ; 13 ; 19 ; 0.0106775 ; -0.00861334 ; 0.0334538 ; 101.092;
6 ; 13 ; 19 ; -0.0202777 ; -0.0238263 ; 0.0114075 ; 101.529;
7 ; 13 ; 19 ; -0.0153933 ; -0.0369205 ; 0.00125166 ; 100.917;
8 ; 13 ; 19 ; 0.0265496 ; -0.0175161 ; -0.00159456 ; 98.975;
9 ; 13 ; 19 ; 0.014764 ; -0.0142087 ; 0.0122656 ; 100.816;
10 ; 13 ; 19 ; 0.0179176 ; 0.0181725 ; -0.00757464 ; 101.364;
11 ; 13 ; 19 ; 0.00654958 ; 0.0263211 ; -0.0141396 ; 101.715;
12 ; 13 ; 19 ; 0.0155486 ; 0.00715795 ; 0.0240834 ; 101.602;
13 ; 13 ; 19 ; 0.0146687 ; -0.0057977 ; 0.0048729 ; 101.896;
14 ; 13 ; 19 ; 0.0194137 ; 0.00514812 ; 0.0142417 ; 102.173;
15 ; 13 ; 19 ; 0.00740799 ; 0.0224744 ; 0.0161022 ; 102.323;
16 ; 13 ; 19 ; 0.00313249 ; 0.00955318 ; 0.0303095 ; 104.22;
17 ; 13 ; 19 ; 0.00253815 ; -0.0117407 ; -0.0308219 ; 101.993;
18 ; 13 ; 19 ; 0.0268091 ; 0.0175049 ; -0.0336011 ; 101.771;
19 ; 13 ; 19 ; 0.0518342 ; 0.0434541 ; 0.00643539 ; 101.008;
20 ; 13 ; 19 ; 0.0575749 ; 0.0833748 ; 0.0485328 ; 100.79;
21 ; 13 ; 19 ; -0.0172603 ; -0.0341312 ; 0.0234272 ; 102.37;
4 ; 14 ; 19 ; 0.016155 ; 0.00895695 ; 0.023645 ; 101.385;
5 ; 14 ; 19 ; -0.0128503 ; 0.0103338 ; 0.0108905 ; 101.851;
6 ; 14 ; 19 ; -0.012579 ; -0.019588 ; 0.00877086 ; 101.713;
7 ; 14 ; 19 ; -0.0146885 ; -0.0328074 ; -0.000222512 ; 101.236;
8 ; 14 ; 19 ; 0.0147055 ; -0.0304969 ; -0.00302096 ; 100.075;
9 ; 14 ; 19 ; -0.00341018 ; 0.0152298 ; 0.0184845 ; 101.504;
10 ; 14 ; 19 ; 0.00991534 ; 0.0262503 ; 0.00230209 ; 101.528;
11 ; 14 ; 19 ; 0.0046438 ; 0.0344317 ; 0.00143118 ; 101.93;
12 ; 14 ; 19 ; -0.00488023 ; 0.0307416 ; -0.000309469 ; 101.385;
13 ; 14 ; 19 ; 0.00983629 ; -0.0157373 ; 0.0191625 ; 100.591;
14 ; 14 ; 19 ; 0.0154775 ; 0.00166731 ; 0.0158101 ; 101.608;
15 ; 14 ; 19 ; 0.00342719 ; 0.0122176 ; 0.0128424 ; 102.026;
16 ; 14 ; 19 ; 0.00348607 ; 0.0170156 ; 0.0215172 ; 102.901;
17 ; 14 ; 19 ; 0.0118487 ; 0.00548635 ; -0.0206633 ; 102.121;
18 ; 14 ; 19 ; 0.0220015 ; 0.0152821 ; -0.0250775 ; 101.899;
19 ; 14 ; 19 ; 0.0398765 ; 0.0304573 ; -0.00182751 ; 101.31;
20 ; 14 ; 19 ; 0.0529778 ; 0.0470439 ; 0.0546652 ; 100.988;
21 ; 14 ; 19 ; 0.0160257 ; 0.0407101 ; 0.0349249 ; 104.222;
4 ; 15 ; 19 ; -0.0474016 ; -0.0523469 ; -0.0210786 ; 101.765;
5 ; 15 ; 19 ; 0.0092251 ; -0.0123902 ; 0.0110769 ; 102.135;
6 ; 15 ; 19 ; -0.00204282 ; -0.0164017 ; 0.0131768 ; 101.928;
7 ; 15 ; 19 ; -0.0134196 ; -0.0180237 ; 0.0132101 ; 101.98;
8 ; 15 ; 19 ; -0.0180073 ; -0.0332384 ; -0.00397452 ; 101.528;
9 ; 15 ; 19 ; -0.0061063 ; 0.0531993 ; 0.00889662 ; 102.585;
10 ; 15 ; 19 ; 0.0141524 ; 0.0448598 ; 0.00802643 ; 101.918;
11 ; 15 ; 19 ; 0.016904 ; 0.0502338 ; 0.0149789 ; 101.952;
12 ; 15 ; 19 ; -0.00691657 ; 0.0507251 ; 0.00467182 ; 102.081;
13 ; 15 ; 19 ; 0.0257938 ; -0.0115667 ; 0.000360339 ; 99.6182;
14 ; 15 ; 19 ; 0.016948 ; -0.00882151 ; 0.00469413 ; 100.741;
15 ; 15 ; 19 ; 0.00447239 ; 0.0015089 ; 0.00241648 ; 101.455;
16 ; 15 ; 19 ; -0.00390126 ; 0.0102936 ; 0.00670987 ; 101.912;
17 ; 15 ; 19 ; 0.0088305 ; 0.0315898 ; -0.0208222 ; 102.042;
18 ; 15 ; 19 ; 0.0180019 ; 0.0143383 ; -0.0186957 ; 102.064;
19 ; 15 ; 19 ; 0.0261696 ; 0.0127033 ; -0.0171795 ; 101.997;
20 ; 15 ; 19 ; 0.0328102 ; -0.00336761 ; 0.0182972 ; 101.429;
21 ; 15 ; 19 ; 0.00717433 ; 0.0492727 ; 0.0312068 ; 100.305;
4 ; 16 ; 19 ; 0.036652 ; -0.0554718 ; 0.0351096 ; 102.657;
5 ; 16 ; 19 ; 0.0171894 ; -0.0197653 ; 0.0169347 ; 101.677;
6 ; 16 ; 19 ; 0.00673307 ; -0.0110933 ; 0.0261308 ; 102.301;
7 ; 16 ; 19 ; -0.014231 ; -0.00262077 ; 0.0324957 ; 102.415;
8 ; 16 ; 19 ; -0.0363081 ; 0.00418769 ; 0.0254113 ; 102.438;
9 ; 16 ; 19 ; 0.0236391 ; 0.0255364 ; -0.0143822 ; 101.237;
10 ; 16 ; 19 ; 0.0190375 ; 0.0424536 ; 0.000630119 ; 101.73;
11 ; 16 ; 19 ; 0.0325921 ; 0.0453597 ; 0.0161755 ; 101.784;
12 ; 16 ; 19 ; 0.0321141 ; 0.0486176 ; 0.0269606 ; 102.057;
13 ; 16 ; 19 ; 0.0422176 ; -0.00260144 ; -0.0267967 ; 100.987;
14 ; 16 ; 19 ; 0.0289551 ; -0.0078897 ; -0.0118209 ; 100.942;
15 ; 16 ; 19 ; 0.0100696 ; 0.00016687 ; -0.00731857 ; 101.746;
16 ; 16 ; 19 ; -0.00218806 ; 0.00891237 ; 0.00370892 ; 102.475;
17 ; 16 ; 19 ; 0.0118118 ; 0.0225239 ; 0.0165872 ; 101.588;
18 ; 16 ; 19 ; 0.011737 ; 0.0230262 ; -0.00660136 ; 102.132;
19 ; 16 ; 19 ; 0.0173523 ; 0.0139967 ; -0.0170522 ; 102.448;
20 ; 16 ; 19 ; 0.0256326 ; -0.00697895 ; -0.0323003 ; 102.434;
21 ; 16 ; 19 ; -0.019217 ; -0.00677488 ; -0.0253515 ; 102.502;
4 ; 17 ; 19 ; 0.023974 ; -0.0248379 ; 0.0343088 ; 98.385;
5 ; 17 ; 19 ; 0.0189972 ; 0.00830501 ; 0.0238986 ; 101.681;
6 ; 17 ; 19 ; 0.0187175 ; -0.00217314 ; 0.0282553 ; 102.06;
7 ; 17 ; 19 ; -0.00077232 ; -0.00669378 ; 0.0296273 ; 102.015;
8 ; 17 ; 19 ; -0.0270872 ; 0.014336 ; 0.0432368 ; 102.748;
9 ; 17 ; 19 ; -0.00632018 ; 0.0267108 ; -0.0268846 ; 99.5094;
10 ; 17 ; 19 ; 0.0172012 ; 0.0302431 ; -0.0178095 ; 100.756;
11 ; 17 ; 19 ; 0.0244549 ; 0.0241812 ; -0.00828276 ; 101.405;
12 ; 17 ; 19 ; 0.0318334 ; 0.0439761 ; 0.012648 ; 101.492;
13 ; 17 ; 19 ; -0.00683295 ; 0.0243813 ; -0.00177532 ; 101.204;
14 ; 17 ; 19 ; 0.0186359 ; 0.00313272 ; -0.0123863 ; 101.486;
15 ; 17 ; 19 ; 0.0144455 ; 0.00779166 ; -0.00591829 ; 101.789;
16 ; 17 ; 19 ; -0.00955672 ; 0.00750803 ; -0.000654478 ; 102.522;
17 ; 17 ; 19 ; 0.00580047 ; 0.0423255 ; 0.0316204 ; 102.779;
18 ; 17 ; 19 ; 0.00622838 ; 0.02029 ; 0.0153866 ; 101.953;
19 ; 17 ; 19 ; 0.012217 ; 0.0115364 ; 0.0115858 ; 102.335;
20 ; 17 ; 19 ; 0.0210294 ; 0.00595536 ; -0.0232266 ; 103.118;
21 ; 17 ; 19 ; -0.00142255 ; -0.0302317 ; -0.0312724 ; 97.58;
4 ; 18 ; 19 ; -0.0250168 ; -0.0564156 ; 4.07518e-05 ; 102.452;
5 ; 18 ; 19 ; 0.01293 ; 0.0197369 ; 0.0319595 ; 101.305;
6 ; 18 ; 19 ; 0.0277187 ; 0.00561054 ; 0.0238456 ; 101.999;
7 ; 18 ; 19 ; 0.00785934 ; -0.0140632 ; 0.0176962 ; 101.624;
8 ; 18 ; 19 ; -0.00946475 ; -0.0271752 ; 0.019715 ; 100.678;
9 ; 18 ; 19 ; -0.0317723 ; 0.059332 ; -0.0330031 ; 99.3925;
10 ; 18 ; 19 ; 0.0046172 ; 0.0198931 ; -0.0226852 ; 100.093;
11 ; 18 ; 19 ; 0.0100761 ; 0.00924819 ; -0.0160422 ; 101.386;
12 ; 18 ; 19 ; -0.0129434 ; 0.00426 ; 0.00656773 ; 102.363;
13 ; 18 ; 19 ; -0.0506492 ; 0.0373737 ; 0.0204675 ; 100.515;
14 ; 18 ; 19 ; 0.00725882 ; 0.0130027 ; -0.00388382 ; 101.784;
15 ; 18 ; 19 ; 0.012726 ; 0.00889278 ; -0.00113422 ; 101.889;
16 ; 18 ; 19 ; -0.00823044 ; 0.00273404 ; -0.00357788 ; 101.95;
17 ; 18 ; 19 ; 0.00131772 ; 0.0607066 ; 0.0105853 ; 103.81;
18 ; 18 ; 19 ; 2.37384e-05 ; 0.0178328 ; 0.0329942 ; 101.886;
19 ; 18 ; 19 ; 0.00566574 ; 0.00868151 ; 0.0304346 ; 102.132;
20 ; 18 ; 19 ; 0.0063284 ; 0.0153799 ; 0.00121852 ; 103.122;
21 ; 18 ; 19 ; 0.0301669 ; -0.0243719 ; 0.0469574 ; 103.875;
4 ; 19 ; 19 ; -0.0334379 ; 0.007348 ; -0.0110209 ; 103.272;
5 ; 19 ; 19 ; 0.02054 ; -0.0210461 ; 0.0480529 ; 101.096;
6 ; 19 ; 19 ; -0.00200522 ; -0.0219938 ; 0.0281575 ; 101.295;
7 ; 19 ; 19 ; -0.0209591 ; -0.017696 ; 0.0109478 ; 101.386;
8 ; 19 ; 19 ; -0.0432474 ; 0.0454814 ; 0.0304714 ; 99.725;
9 ; 19 ; 19 ; -0.0442835 ; -0.00621175 ; 0.0322924 ; 102.276;
10 ; 19 ; 19 ; -0.0357911 ; 0.00321151 ; 0.0268245 ; 102.831;
11 ; 19 ; 19 ; -0.00866208 ; 0.0330742 ; 0.0199609 ; 103.924;
12 ; 19 ; 19 ; 0.0627323 ; 0.0744186 ; 0.0204319 ; 105.213;
13 ; 19 ; 19 ; 0.0305116 ; 0.017503 ; 0.0221613 ; 101.289;
14 ; 19 ; 19 ; 0.00963277 ; -0.00269511 ; -0.00812855 ; 101.176;
15 ; 19 ; 19 ; 0.0075638 ; -0.0034575 ; -0.0329211 ; 101.716;
16 ; 19 ; 19 ; 0.0424855 ; 0.00649835 ; -0.0553655 ; 102.415;
17 ; 19 ; 19 ; 0.0282663 ; -0.0472991 ; -0.000255662 ; 100.995;
18 ; 19 ; 19 ; 0.0333663 ; -9.23564e-05 ; 0.0266258 ; 101.326;
19 ; 19 ; 19 ; 0.0144539 ; -0.00319544 ; 0.00310275 ; 101.856;
20 ; 19 ; 19 ; 0.000760818 ; -0.0900132 ; -0.0445795 ; 102.072;
21 ; 19 ; 19 ; 0.00770915 ; 0.0353892 ; -0.000838419 ; 102.475;
4 ; 20 ; 19 ; 0.0534326 ; -9.92601e-05 ; 0.0291098 ; 99.845;
5 ; 20 ; 19 ; -0.0259772 ; -0.0411084 ; 0.0484013 ; 101.662;
6 ; 20 ; 19 ; -0.00660966 ; -0.0285381 ; 0.0309871 ; 101.624;
7 ; 20 ; 19 ; -0.00586419 ; -0.0182504 ; 0.01529 ; 101.706;
8 ; 20 ; 19 ; -0.0278753 ; 0.00648375 ; 0.00980256 ; 100.85;
9 ; 20 ; 19 ; -0.025711 ; 0.0142524 ; 0.0301165 ; 102.772;
10 ; 20 ; 19 ; -0.0305156 ; 0.00465596 ; 0.0293759 ; 102.615;
11 ; 20 ; 19 ; -0.0129975 ; 0.0161164 ; 0.0189536 ; 102.835;
12 ; 20 ; 19 ; 0.0178454 ; 0.0525721 ; 0.0134563 ; 104.554;
13 ; 20 ; 19 ; 0.0280442 ; -0.016914 ; 0.0265543 ; 102.852;
14 ; 20 ; 19 ; 0.00615367 ; -0.0128225 ; 0.00568857 ; 101.853;
15 ; 20 ; 19 ; 0.00306069 ; -0.0108883 ; -0.0191227 ; 102.028;
16 ; 20 ; 19 ; 0.0187883 ; 0.00575125 ; -0.0334284 ; 102.283;
17 ; 20 ; 19 ; 0.044536 ; -0.0229756 ; -0.0396803 ; 100.26;
18 ; 20 ; 19 ; 0.0199068 ; -0.0104426 ; 0.00836043 ; 101.064;
19 ; 20 ; 19 ; -0.00269982 ; -0.0115298 ; 0.00292264 ; 101.526;
20 ; 20 ; 19 ; 0.000781447 ; -0.0426522 ; -0.0278088 ; 102.285;
21 ; 20 ; 19 ; -0.068941 ; 0.0379958 ; 0.00118929 ; 103.355;
4 ; 21 ; 19 ; -0.0486042 ; -0.0037213 ; -0.0264603 ; 99.5175;
5 ; 21 ; 19 ; -0.0603267 ; -0.0404371 ; 0.0366817 ; 101.473;
6 ; 21 ; 19 ; -0.00814416 ; -0.0433865 ; 0.0367625 ; 101.993;
7 ; 21 ; 19 ; 0.00747911 ; -0.0295089 ; 0.0156159 ; 102.188;
8 ; 21 ; 19 ; 0.011496 ; -0.0129979 ; -0.00447707 ; 101.758;
9 ; 21 ; 19 ; 0.0184263 ; 0.0219388 ; 0.0287416 ; 102.122;
10 ; 21 ; 19 ; -0.042629 ; 0.00598065 ; 0.0316963 ; 102.918;
11 ; 21 ; 19 ; -0.0341859 ; -0.000468478 ; 0.0186522 ; 102.147;
12 ; 21 ; 19 ; -0.00856597 ; 0.00580751 ; -0.00482577 ; 102.108;
13 ; 21 ; 19 ; 0.00169646 ; -0.0666434 ; 0.0305789 ; 103.947;
14 ; 21 ; 19 ; 0.0123898 ; -0.00735378 ; 0.0193619 ; 102.322;
15 ; 21 ; 19 ; -0.000310385 ; -0.00913948 ; -0.000951857 ; 102.2;
16 ; 21 ; 19 ; 0.011639 ; -0.0096888 ; -0.0112188 ; 102.032;
17 ; 21 ; 19 ; 0.0376438 ; -0.00829449 ; -0.0713114 ; 99.695;
18 ; 21 ; 19 ; 0.0170556 ; -0.0249048 ; -0.0104456 ; 100.971;
19 ; 21 ; 19 ; -0.013463 ; -0.0147768 ; 0.00107139 ; 101.383;
20 ; 21 ; 19 ; 0.00683917 ; -0.00930387 ; 0.00112246 ; 102.021;
21 ; 21 ; 19 ; 0.000374292 ; 0.00832906 ; 0.0175682 ; 101.5;
4 ; 4 ; 20 ; 0.012102 ; 0.0199797 ; 0.0724364 ; 104.162;
5 ; 4 ; 20 ; -0.00612284 ; -0.0330808 ; -0.026643 ; 102.062;
6 ; 4 ; 20 ; -0.00392193 ; -0.0248621 ; -0.040354 ; 102.453;
7 ; 4 ; 20 ; -0.00843475 ; -0.0153589 ; -0.0352372 ; 102.419;
8 ; 4 ; 20 ; -0.022675 ; -0.0109859 ; -0.0308091 ; 102.08;
9 ; 4 ; 20 ; -0.0149404 ; 0.0241827 ; 0.0102675 ; 102.258;
10 ; 4 ; 20 ; -0.0162013 ; 0.00967932 ; 0.00341153 ; 101.876;
11 ; 4 ; 20 ; -0.00119569 ; 0.0188303 ; -0.00160906 ; 101.191;
12 ; 4 ; 20 ; 0.0535652 ; 0.0476758 ; -0.0363562 ; 99.1375;
13 ; 4 ; 20 ; 0.0205595 ; -0.000799156 ; -0.0430345 ; 100.602;
14 ; 4 ; 20 ; 0.00948314 ; -0.00631157 ; -0.0367346 ; 101.093;
15 ; 4 ; 20 ; -0.0225443 ; -0.0181588 ; 0.000677415 ; 102.756;
16 ; 4 ; 20 ; -0.00801853 ; -0.0148306 ; 0.0461044 ; 104.775;
17 ; 4 ; 20 ; -0.00770319 ; 0.0187638 ; -0.0150185 ; 101.671;
18 ; 4 ; 20 ; -0.00571135 ; 0.00673795 ; -0.0150058 ; 101.427;
19 ; 4 ; 20 ; 0.00257496 ; -0.010189 ; -0.011163 ; 101.956;
20 ; 4 ; 20 ; -0.0115412 ; -0.0539535 ; 0.0104504 ; 103.703;
21 ; 4 ; 20 ; 0.00237982 ; 0.00155986 ; 0.0231861 ; 101.892;
4 ; 5 ; 20 ; 0.0266493 ; 0.004591 ; 0.0216519 ; 101.032;
5 ; 5 ; 20 ; 0.0218077 ; 0.00283749 ; -0.0245611 ; 103.002;
6 ; 5 ; 20 ; 0.0061308 ; -0.0147205 ; -0.0323271 ; 102.728;
7 ; 5 ; 20 ; 0.00701748 ; -0.0098603 ; -0.0296301 ; 102.385;
8 ; 5 ; 20 ; -0.0181935 ; -0.0133061 ; -0.0346729 ; 101.979;
9 ; 5 ; 20 ; -0.00294759 ; 0.0435894 ; 0.00650567 ; 101.364;
10 ; 5 ; 20 ; -0.00867751 ; 0.00991346 ; 0.00184612 ; 101.954;
11 ; 5 ; 20 ; 0.00329843 ; 0.00382685 ; 0.00296651 ; 101.681;
12 ; 5 ; 20 ; 0.034999 ; 0.0306362 ; -0.0331905 ; 100.72;
13 ; 5 ; 20 ; 0.00786917 ; 0.0304299 ; 0.0457521 ; 100.698;
14 ; 5 ; 20 ; 0.00478985 ; 0.00906512 ; 0.000817469 ; 101.097;
15 ; 5 ; 20 ; -0.0148242 ; -0.0101104 ; 0.00537792 ; 102.167;
16 ; 5 ; 20 ; -0.0388614 ; -0.0267641 ; 0.0243676 ; 104.199;
17 ; 5 ; 20 ; 0.00978133 ; 0.0548986 ; 0.00841556 ; 101.148;
18 ; 5 ; 20 ; 0.00823555 ; 0.0223833 ; -0.00249189 ; 101.479;
19 ; 5 ; 20 ; 0.0142986 ; 0.00467151 ; 0.00167485 ; 102.199;
20 ; 5 ; 20 ; 0.00446115 ; -0.0298488 ; -0.00892511 ; 102.806;
21 ; 5 ; 20 ; 0.0137604 ; 0.00234263 ; 0.00842513 ; 101.873;
4 ; 6 ; 20 ; -0.00948368 ; -0.00635093 ; 0.0129117 ; 102.707;
5 ; 6 ; 20 ; 0.0354325 ; 0.0353475 ; -0.00187914 ; 103.53;
6 ; 6 ; 20 ; 0.0104046 ; -0.0079171 ; -0.0333598 ; 102.892;
7 ; 6 ; 20 ; 0.0134189 ; -0.0068614 ; -0.0304609 ; 102.403;
8 ; 6 ; 20 ; 0.00786527 ; -0.0058048 ; -0.0411415 ; 101.438;
9 ; 6 ; 20 ; 0.0331547 ; 0.0686517 ; 0.0196733 ; 101.968;
10 ; 6 ; 20 ; -0.011213 ; 0.00967698 ; -0.00660081 ; 101.772;
11 ; 6 ; 20 ; 0.0001239 ; -0.0135351 ; 0.000160761 ; 102.262;
12 ; 6 ; 20 ; 0.00583513 ; 0.00951032 ; -0.0154677 ; 102.222;
13 ; 6 ; 20 ; -0.000530616 ; 0.0379289 ; 0.122307 ; 101.767;
14 ; 6 ; 20 ; -0.00675084 ; 0.0243763 ; 0.0285636 ; 100.829;
15 ; 6 ; 20 ; -0.0188474 ; -0.00590537 ; 0.00456846 ; 101.589;
16 ; 6 ; 20 ; -0.0299157 ; -0.0319798 ; -0.015133 ; 102.57;
17 ; 6 ; 20 ; 0.00369315 ; 0.0456518 ; 0.0256619 ; 100.72;
18 ; 6 ; 20 ; 0.0256074 ; 0.0466893 ; 0.00563814 ; 101.655;
19 ; 6 ; 20 ; 0.0297518 ; 0.0233341 ; 0.0067674 ; 102.242;
20 ; 6 ; 20 ; 0.0257751 ; 0.0153953 ; 0.00163201 ; 101.842;
21 ; 6 ; 20 ; -0.000588297 ; 0.0262207 ; -0.00141652 ; 99.845;
4 ; 7 ; 20 ; 0.0239627 ; -0.00363643 ; -0.0058346 ; 101.5;
5 ; 7 ; 20 ; 0.028592 ; 0.0178962 ; 0.00506414 ; 101.816;
6 ; 7 ; 20 ; 0.0215487 ; 0.040772 ; 0.0194707 ; 101.922;
7 ; 7 ; 20 ; 0.010614 ; 0.00973664 ; -0.014908 ; 101.916;
8 ; 7 ; 20 ; 0.0402159 ; -0.0333303 ; -0.0724705 ; 99.8875;
9 ; 7 ; 20 ; -0.00946569 ; 0.00527107 ; -0.0227438 ; 101.976;
10 ; 7 ; 20 ; -0.0288513 ; 0.0299252 ; -0.0256954 ; 101.641;
11 ; 7 ; 20 ; 0.00306516 ; -0.0121924 ; -0.0152143 ; 101.275;
12 ; 7 ; 20 ; 0.0569984 ; -0.0851405 ; -0.0413089 ; 101.15;
13 ; 7 ; 20 ; -0.00404574 ; -0.00150278 ; 0.0103043 ; 100.546;
14 ; 7 ; 20 ; -0.0163986 ; 0.00990758 ; 0.00912692 ; 101.343;
15 ; 7 ; 20 ; -0.00773949 ; 0.0143783 ; -0.00602129 ; 101.887;
16 ; 7 ; 20 ; 0.0150514 ; 0.0275139 ; -0.0199627 ; 102.025;
17 ; 7 ; 20 ; -0.04711 ; -0.00393829 ; 0.02515 ; 102.579;
18 ; 7 ; 20 ; -0.0312459 ; 0.00316323 ; 0.019135 ; 101.731;
19 ; 7 ; 20 ; -0.0131444 ; 0.00329626 ; 0.0242325 ; 101.551;
20 ; 7 ; 20 ; 0.00395633 ; -0.00272783 ; 0.019088 ; 102.705;
21 ; 7 ; 20 ; -0.00372818 ; -0.016625 ; 0.0172445 ; 101.352;
4 ; 8 ; 20 ; 0.0261163 ; -0.00984922 ; 0.00547854 ; 101.435;
5 ; 8 ; 20 ; 0.0276617 ; 0.0379559 ; 0.0306042 ; 101.824;
6 ; 8 ; 20 ; 0.0194791 ; 0.0409419 ; 0.0282002 ; 101.729;
7 ; 8 ; 20 ; 0.0035521 ; 0.0105117 ; 0.00358045 ; 101.662;
8 ; 8 ; 20 ; 0.0177091 ; -0.0196853 ; -0.0485068 ; 101.01;
9 ; 8 ; 20 ; 0.00821997 ; 0.0206101 ; -0.0136276 ; 101.456;
10 ; 8 ; 20 ; -0.00864566 ; 0.0262149 ; -0.017446 ; 101.509;
11 ; 8 ; 20 ; 0.0107821 ; -0.00794086 ; -0.00608142 ; 101.421;
12 ; 8 ; 20 ; 0.0435612 ; -0.0639851 ; -0.0232279 ; 100.909;
13 ; 8 ; 20 ; 0.0141614 ; -0.0158769 ; 0.0144218 ; 100.783;
14 ; 8 ; 20 ; -0.00123533 ; 0.0073006 ; 0.00966352 ; 101.267;
15 ; 8 ; 20 ; 0.00332922 ; 0.0147416 ; -0.0158504 ; 101.739;
16 ; 8 ; 20 ; 0.0070257 ; 0.0124985 ; -0.0198383 ; 101.945;
17 ; 8 ; 20 ; -0.0216383 ; -0.0206676 ; 0.0145471 ; 102.022;
18 ; 8 ; 20 ; -0.0193472 ; -0.00370408 ; 0.018509 ; 101.752;
19 ; 8 ; 20 ; -0.0050578 ; -0.00118256 ; 0.0200883 ; 101.454;
20 ; 8 ; 20 ; -0.00210622 ; -0.0010599 ; 0.0207023 ; 101.863;
21 ; 8 ; 20 ; -0.115288 ; -0.0448977 ; 0.0100755 ; 101.882;
4 ; 9 ; 20 ; -0.00848112 ; -0.00308665 ; 0.0737489 ; 102.06;
5 ; 9 ; 20 ; 0.00895581 ; 0.041305 ; 0.00933609 ; 101.481;
6 ; 9 ; 20 ; 0.0150473 ; 0.0339274 ; 0.0247323 ; 101.662;
7 ; 9 ; 20 ; 0.00925369 ; 0.00382696 ; 0.0154105 ; 101.862;
8 ; 9 ; 20 ; -0.0133356 ; -0.00485129 ; 0.0108253 ; 101.593;
9 ; 9 ; 20 ; 0.010931 ; 0.0133713 ; -0.0173715 ; 100.719;
10 ; 9 ; 20 ; 0.0150357 ; 0.0190583 ; -0.0111699 ; 101.414;
11 ; 9 ; 20 ; 0.0218424 ; -0.000586069 ; -0.000856243 ; 101.595;
12 ; 9 ; 20 ; 0.0232414 ; -0.0243311 ; 0.00848106 ; 101.395;
13 ; 9 ; 20 ; -0.00117278 ; -0.000753959 ; 0.00760329 ; 101.59;
14 ; 9 ; 20 ; 0.00721811 ; 0.00849925 ; 0.00395072 ; 101.201;
15 ; 9 ; 20 ; 0.0164779 ; 0.0165542 ; -0.0284262 ; 101.293;
16 ; 9 ; 20 ; 0.0114558 ; 0.00522176 ; -0.0459027 ; 101.748;
17 ; 9 ; 20 ; 0.0286005 ; -0.011103 ; 0.00852876 ; 101.757;
18 ; 9 ; 20 ; 0.00377181 ; -0.012292 ; 0.0115456 ; 101.678;
19 ; 9 ; 20 ; 0.00687918 ; -0.00822634 ; 0.00650839 ; 101.29;
20 ; 9 ; 20 ; 0.00776309 ; -0.0104091 ; 0.00912261 ; 101.05;
21 ; 9 ; 20 ; 0.0190298 ; -0.0404896 ; 0.0226042 ; 103.712;
4 ; 10 ; 20 ; -0.0588427 ; 0.0393946 ; 0.0642369 ; 102.565;
5 ; 10 ; 20 ; -0.011755 ; 0.019503 ; -0.00999693 ; 102.012;
6 ; 10 ; 20 ; 0.00939607 ; 0.0263305 ; 0.00382038 ; 101.907;
7 ; 10 ; 20 ; 0.0205589 ; -0.00323881 ; 0.00657364 ; 101.933;
8 ; 10 ; 20 ; 0.0231338 ; -0.0213662 ; 0.0251178 ; 102.113;
9 ; 10 ; 20 ; -0.00325051 ; -0.0309796 ; -0.0375478 ; 101.795;
10 ; 10 ; 20 ; 0.00811464 ; -0.00446976 ; -0.0207835 ; 101.619;
11 ; 10 ; 20 ; 0.0111398 ; -0.0067141 ; -0.0124524 ; 101.721;
12 ; 10 ; 20 ; 0.0300673 ; -0.00452316 ; 0.00472217 ; 102.033;
13 ; 10 ; 20 ; 0.0165099 ; 0.00832827 ; -0.0245572 ; 101.492;
14 ; 10 ; 20 ; 0.0057435 ; 0.00705371 ; -0.00893911 ; 101.352;
15 ; 10 ; 20 ; -0.00169696 ; 0.0104372 ; -0.0277336 ; 101.39;
16 ; 10 ; 20 ; 0.0301685 ; 0.0170057 ; -0.0667628 ; 101.088;
17 ; 10 ; 20 ; -0.00892317 ; -0.0106406 ; -0.00886618 ; 101.582;
18 ; 10 ; 20 ; 0.0152695 ; -0.0134286 ; -0.00698471 ; 101.788;
19 ; 10 ; 20 ; 0.0168832 ; -0.0127638 ; -0.0122429 ; 101.797;
20 ; 10 ; 20 ; 0.0238918 ; -0.0114367 ; -0.0129795 ; 101.185;
21 ; 10 ; 20 ; 0.00259848 ; 0.0477698 ; -0.034044 ; 100.98;
4 ; 11 ; 20 ; 0.0160955 ; 0.03124 ; -0.00466701 ; 101.517;
5 ; 11 ; 20 ; -0.00446855 ; -0.0240224 ; -0.0254858 ; 101.913;
6 ; 11 ; 20 ; 0.0107566 ; -0.000463462 ; -0.0223514 ; 101.821;
7 ; 11 ; 20 ; 0.0291011 ; -0.0165422 ; -0.00853582 ; 101.648;
8 ; 11 ; 20 ; 0.0340341 ; -0.0281496 ; 0.0108306 ; 102.097;
9 ; 11 ; 20 ; 0.00435662 ; -0.0456935 ; -0.0851292 ; 101.552;
10 ; 11 ; 20 ; 0.00610609 ; -0.0292675 ; -0.0441907 ; 101.682;
11 ; 11 ; 20 ; 0.0153777 ; -0.0160433 ; -0.0208158 ; 101.387;
12 ; 11 ; 20 ; 0.0114202 ; -0.0091291 ; -0.0148287 ; 101.433;
13 ; 11 ; 20 ; 0.00471678 ; 0.00789966 ; -0.045458 ; 100.479;
14 ; 11 ; 20 ; -0.00156931 ; 0.000151183 ; -0.0235042 ; 101.295;
15 ; 11 ; 20 ; -0.00485848 ; -0.0104705 ; -0.0126936 ; 101.753;
16 ; 11 ; 20 ; -0.02811 ; -0.0128848 ; -0.0227746 ; 101.727;
17 ; 11 ; 20 ; -0.0338001 ; -0.0471618 ; -0.012084 ; 102.287;
18 ; 11 ; 20 ; -0.0100015 ; -0.0207163 ; -0.0157078 ; 101.808;
19 ; 11 ; 20 ; 0.00137225 ; -0.00642587 ; -0.0124399 ; 102.363;
20 ; 11 ; 20 ; 0.0147354 ; -0.00229509 ; -0.016267 ; 102.101;
21 ; 11 ; 20 ; -0.0673785 ; -0.0421342 ; -0.0122731 ; 103.05;
4 ; 12 ; 20 ; 0.00463209 ; 0.0289507 ; 0.0118333 ; 101.395;
5 ; 12 ; 20 ; -0.000824378 ; -0.0497392 ; -0.0411832 ; 101.262;
6 ; 12 ; 20 ; 0.0126167 ; -0.0128674 ; -0.0281504 ; 101.605;
7 ; 12 ; 20 ; 0.0248358 ; -0.0200856 ; -0.00729885 ; 101.091;
8 ; 12 ; 20 ; 0.00506315 ; -0.025673 ; 0.0291483 ; 101.093;
9 ; 12 ; 20 ; 0.0118566 ; -0.0297271 ; -0.11533 ; 100.82;
10 ; 12 ; 20 ; 0.0109848 ; -0.0430708 ; -0.0544669 ; 101.622;
11 ; 12 ; 20 ; 0.0197205 ; -0.0217329 ; -0.0199126 ; 101.221;
12 ; 12 ; 20 ; -0.0178669 ; -0.0143128 ; 0.00814226 ; 100.846;
13 ; 12 ; 20 ; -0.0438577 ; 0.0155427 ; -0.0504844 ; 99.885;
14 ; 12 ; 20 ; 0.00384716 ; -0.00650386 ; -0.0284726 ; 101.229;
15 ; 12 ; 20 ; -0.00212966 ; -0.0229989 ; -0.00597435 ; 102.103;
16 ; 12 ; 20 ; -0.0111393 ; -0.04939 ; 0.0108318 ; 102.768;
17 ; 12 ; 20 ; -0.0249602 ; -0.0684263 ; -0.00498864 ; 102.835;
18 ; 12 ; 20 ; -0.0267163 ; -0.026473 ; -0.0173013 ; 101.892;
19 ; 12 ; 20 ; -0.00691007 ; -0.00213932 ; -0.00849935 ; 102.716;
20 ; 12 ; 20 ; -0.0124487 ; 0.00926086 ; -0.00127641 ; 103.404;
21 ; 12 ; 20 ; 0.00663629 ; -0.00897653 ; 0.0605594 ; 100.555;
4 ; 13 ; 20 ; 0.0224625 ; 0.0203853 ; -0.0172999 ; 103.46;
5 ; 13 ; 20 ; -0.0103512 ; 0.016829 ; -0.00174687 ; 102.143;
6 ; 13 ; 20 ; -0.0245016 ; -0.0137945 ; -0.0141534 ; 102.258;
7 ; 13 ; 20 ; -0.000145711 ; -0.0241278 ; -0.0382243 ; 102.359;
8 ; 13 ; 20 ; 0.0919686 ; -0.0165754 ; -0.0429184 ; 102.922;
9 ; 13 ; 20 ; -0.0141448 ; -0.0148147 ; -0.00191573 ; 102.165;
10 ; 13 ; 20 ; -0.00171693 ; 0.00715578 ; -0.00712885 ; 102.06;
11 ; 13 ; 20 ; -0.00339784 ; -0.0245567 ; 0.0027603 ; 102.49;
12 ; 13 ; 20 ; -0.00325089 ; -0.0559391 ; 0.0214925 ; 102.025;
13 ; 13 ; 20 ; -0.0062217 ; 0.0168712 ; -0.00716222 ; 101.471;
14 ; 13 ; 20 ; -0.000819471 ; -0.00309694 ; -0.0124031 ; 101.197;
15 ; 13 ; 20 ; 0.027253 ; -0.00874818 ; 0.00118419 ; 101.192;
16 ; 13 ; 20 ; 0.0710129 ; -0.00435035 ; 0.0207739 ; 102.08;
17 ; 13 ; 20 ; 0.026968 ; -0.019073 ; -0.0126377 ; 102.511;
18 ; 13 ; 20 ; 0.00354046 ; -0.0108281 ; -0.0286384 ; 101.242;
19 ; 13 ; 20 ; -0.0170468 ; 0.0194898 ; -0.0171972 ; 101.082;
20 ; 13 ; 20 ; -0.0409002 ; 0.0759361 ; -0.00666808 ; 102.322;
21 ; 13 ; 20 ; 0.0492141 ; 0.00150441 ; 0.0609324 ; 102.055;
4 ; 14 ; 20 ; 0.0890958 ; -0.0153971 ; 0.0442962 ; 101.767;
5 ; 14 ; 20 ; -0.0259172 ; -0.024832 ; -0.00905717 ; 101.606;
6 ; 14 ; 20 ; -0.0252479 ; -0.0223797 ; -0.0164289 ; 101.896;
7 ; 14 ; 20 ; -0.00642134 ; -0.0238581 ; -0.0309103 ; 102.235;
8 ; 14 ; 20 ; 0.0445137 ; -0.0104569 ; -0.0380825 ; 102.938;
9 ; 14 ; 20 ; -0.0213152 ; -8.41523e-05 ; -0.0108464 ; 102.203;
10 ; 14 ; 20 ; -0.00791823 ; 0.00590701 ; -0.00548411 ; 101.952;
11 ; 14 ; 20 ; -0.00881625 ; -0.020861 ; 0.00541503 ; 102.103;
12 ; 14 ; 20 ; -0.00574992 ; -0.0466841 ; 0.0182055 ; 102.219;
13 ; 14 ; 20 ; -0.0039863 ; -0.00996127 ; 0.0272941 ; 101.102;
14 ; 14 ; 20 ; 0.00528819 ; -0.00484805 ; 0.00272402 ; 101.091;
15 ; 14 ; 20 ; 0.0232078 ; -0.00432359 ; 0.0054217 ; 100.869;
16 ; 14 ; 20 ; 0.0546586 ; 0.000767446 ; 0.00582985 ; 101.77;
17 ; 14 ; 20 ; 0.00495719 ; -0.0151979 ; 0.0244333 ; 102.669;
18 ; 14 ; 20 ; 0.00169379 ; -0.0151936 ; -0.00685196 ; 101.652;
19 ; 14 ; 20 ; -0.00374506 ; 0.00797545 ; -0.00259625 ; 101.523;
20 ; 14 ; 20 ; -0.0311635 ; 0.0347217 ; 0.0114886 ; 100.856;
21 ; 14 ; 20 ; 0.0221482 ; -0.0037864 ; 0.0450105 ; 99.6775;
4 ; 15 ; 20 ; -0.0408144 ; 0.0374035 ; -0.0430831 ; 103.362;
5 ; 15 ; 20 ; -0.0121623 ; -0.00532841 ; 0.0165414 ; 100.758;
6 ; 15 ; 20 ; -0.0156333 ; -0.0230378 ; -0.00865596 ; 101.537;
7 ; 15 ; 20 ; -0.00911987 ; -0.018605 ; -0.0152556 ; 102.169;
8 ; 15 ; 20 ; -0.0108452 ; -0.00482896 ; -0.0292505 ; 102.32;
9 ; 15 ; 20 ; 0.00189287 ; 0.0357927 ; -0.0396576 ; 102.195;
10 ; 15 ; 20 ; -0.00561034 ; 0.0191524 ; -0.0144381 ; 101.88;
11 ; 15 ; 20 ; -0.0117688 ; 0.00626372 ; 0.0010987 ; 101.687;
12 ; 15 ; 20 ; -0.0104838 ; -0.0199723 ; 0.0209347 ; 101.558;
13 ; 15 ; 20 ; 0.0400731 ; -0.00572533 ; 0.018772 ; 101.342;
14 ; 15 ; 20 ; 0.0216843 ; 0.00123686 ; 0.0119754 ; 101.031;
15 ; 15 ; 20 ; 0.0211079 ; 0.00610691 ; 0.00373908 ; 100.859;
16 ; 15 ; 20 ; 0.0180213 ; 0.00884795 ; -0.0022387 ; 100.731;
17 ; 15 ; 20 ; 0.0171889 ; -0.00914322 ; 0.0342008 ; 101.223;
18 ; 15 ; 20 ; 0.0104106 ; -0.0128836 ; 0.0151261 ; 101.836;
19 ; 15 ; 20 ; 0.012933 ; -0.00220597 ; 0.00316206 ; 101.531;
20 ; 15 ; 20 ; 0.0076677 ; -0.00988646 ; 0.0189573 ; 100.801;
21 ; 15 ; 20 ; -0.0186591 ; -0.0117356 ; -0.0391546 ; 100.945;
4 ; 16 ; 20 ; 0.00720228 ; 0.0168445 ; 0.0499112 ; 100.99;
5 ; 16 ; 20 ; 0.0078283 ; 0.00312728 ; 0.0350825 ; 102.229;
6 ; 16 ; 20 ; -0.00268322 ; -0.0107037 ; 0.00945739 ; 101.696;
7 ; 16 ; 20 ; -0.00442468 ; -0.015178 ; -0.000710439 ; 102.138;
8 ; 16 ; 20 ; -0.00178876 ; -0.00381597 ; -0.0186523 ; 101.919;
9 ; 16 ; 20 ; 0.0168963 ; 0.00074646 ; -0.0264691 ; 101.636;
10 ; 16 ; 20 ; 0.00508503 ; 0.0285212 ; -0.023811 ; 101.668;
11 ; 16 ; 20 ; -0.000377892 ; 0.0284689 ; -0.0131887 ; 101.443;
12 ; 16 ; 20 ; -0.0147483 ; 0.0298057 ; 0.0137059 ; 100.997;
13 ; 16 ; 20 ; -0.00118006 ; 0.00789038 ; 0.0221495 ; 101.333;
14 ; 16 ; 20 ; 0.0224882 ; 0.00979023 ; 0.0211374 ; 101.211;
15 ; 16 ; 20 ; 0.0177459 ; 0.0134048 ; 0.0100577 ; 101.333;
16 ; 16 ; 20 ; 0.00674546 ; 0.00205872 ; 0.00228102 ; 101.078;
17 ; 16 ; 20 ; 0.0248532 ; -0.0215578 ; 0.00162074 ; 101.831;
18 ; 16 ; 20 ; 0.0159632 ; -0.0138919 ; 0.00694205 ; 101.542;
19 ; 16 ; 20 ; 0.0153803 ; -0.00126399 ; -0.011564 ; 101.138;
20 ; 16 ; 20 ; 0.0101648 ; 0.0107014 ; -0.024903 ; 101.68;
21 ; 16 ; 20 ; -0.0898873 ; 0.0064972 ; 0.0560343 ; 103.677;
4 ; 17 ; 20 ; -0.0173202 ; -0.0846921 ; 0.00570215 ; 100.695;
5 ; 17 ; 20 ; 0.0260079 ; -0.0178222 ; -0.00121348 ; 102.164;
6 ; 17 ; 20 ; 0.00444889 ; -0.0145228 ; 0.0179767 ; 101.949;
7 ; 17 ; 20 ; -0.0159986 ; -0.0240741 ; 0.0101432 ; 101.785;
8 ; 17 ; 20 ; -0.0104804 ; -0.011603 ; -0.000716388 ; 102.244;
9 ; 17 ; 20 ; 6.05242e-05 ; -0.0284111 ; 0.0225441 ; 101.487;
10 ; 17 ; 20 ; 0.00983189 ; 0.00739105 ; -0.00839882 ; 101.536;
11 ; 17 ; 20 ; 0.00999248 ; 0.019419 ; -0.0177392 ; 101.617;
12 ; 17 ; 20 ; 0.000279682 ; 0.0420223 ; -0.0105603 ; 101.311;
13 ; 17 ; 20 ; 0.00951244 ; -0.0148104 ; 0.0190549 ; 101.611;
14 ; 17 ; 20 ; 0.0147169 ; 0.00568702 ; 0.0130142 ; 101.435;
15 ; 17 ; 20 ; 0.00966782 ; 0.0131212 ; 0.00261186 ; 102.057;
16 ; 17 ; 20 ; 0.0177111 ; -0.000758878 ; -0.00389443 ; 102.037;
17 ; 17 ; 20 ; 0.0421965 ; -0.0510543 ; 0.00292132 ; 102.581;
18 ; 17 ; 20 ; 0.0116706 ; -0.0345121 ; -0.00369383 ; 101.777;
19 ; 17 ; 20 ; -0.0178756 ; -0.0237203 ; -0.0131159 ; 100.938;
20 ; 17 ; 20 ; -0.00468346 ; 0.0116576 ; -0.0348625 ; 100.255;
21 ; 17 ; 20 ; -0.00504725 ; 0.0104182 ; -0.0866768 ; 102.04;
4 ; 18 ; 20 ; 0.0230409 ; 0.0265788 ; -0.0281535 ; 103.16;
5 ; 18 ; 20 ; 0.0403685 ; -0.0250991 ; -0.0270916 ; 101.46;
6 ; 18 ; 20 ; 0.00202416 ; -0.0251875 ; 0.0162351 ; 101.931;
7 ; 18 ; 20 ; -0.0274666 ; -0.0330848 ; 0.0142934 ; 101.45;
8 ; 18 ; 20 ; -0.0316935 ; -0.0201234 ; -0.00544317 ; 102.072;
9 ; 18 ; 20 ; -0.0052771 ; -0.0187059 ; 0.0380118 ; 101.815;
10 ; 18 ; 20 ; 0.00480147 ; -0.014003 ; 0.00845493 ; 101.388;
11 ; 18 ; 20 ; 0.012479 ; 0.00146207 ; -0.0150753 ; 101.593;
12 ; 18 ; 20 ; 0.021241 ; -0.00348648 ; -0.0148717 ; 102.05;
13 ; 18 ; 20 ; 0.0544741 ; -0.0303389 ; -0.0109213 ; 101.745;
14 ; 18 ; 20 ; 0.00739752 ; -0.00270467 ; 0.0172523 ; 101.512;
15 ; 18 ; 20 ; 0.00236643 ; 0.0109168 ; 0.00343817 ; 102.19;
16 ; 18 ; 20 ; -0.00114573 ; 0.0109963 ; -0.0130539 ; 102.639;
17 ; 18 ; 20 ; 0.069901 ; -0.0586135 ; 0.0169277 ; 102.305;
18 ; 18 ; 20 ; 0.00178836 ; -0.0531556 ; -0.00243306 ; 102.187;
19 ; 18 ; 20 ; -0.0361772 ; -0.0420021 ; -0.00376762 ; 101.272;
20 ; 18 ; 20 ; -0.0191382 ; -0.0121489 ; -0.0104183 ; 100.899;
21 ; 18 ; 20 ; 0.00537549 ; 0.00737926 ; -0.00911161 ; 101.278;
4 ; 19 ; 20 ; -0.0562788 ; 0.000895271 ; 0.0616351 ; 101;
5 ; 19 ; 20 ; -0.0214026 ; -0.00893129 ; -0.0281027 ; 101.502;
6 ; 19 ; 20 ; -0.0124408 ; -0.0209397 ; 0.00763705 ; 101.328;
7 ; 19 ; 20 ; 0.00746674 ; -0.0156723 ; 0.0446551 ; 101.274;
8 ; 19 ; 20 ; 0.0165406 ; -0.0288244 ; 0.0972369 ; 100.513;
9 ; 19 ; 20 ; -0.00371002 ; -0.0240385 ; -0.0182845 ; 102.227;
10 ; 19 ; 20 ; 0.00256326 ; -0.0078562 ; 0.000336004 ; 101.589;
11 ; 19 ; 20 ; -0.0226958 ; -0.0265373 ; -0.01493 ; 101.341;
12 ; 19 ; 20 ; -0.0351415 ; -0.0842245 ; -0.00411004 ; 102.613;
13 ; 19 ; 20 ; 0.0377656 ; -0.0297269 ; -0.00219787 ; 100.317;
14 ; 19 ; 20 ; 0.028922 ; -0.0338744 ; -0.0315612 ; 101.383;
15 ; 19 ; 20 ; -0.0155076 ; -0.0322919 ; -0.0263881 ; 102.616;
16 ; 19 ; 20 ; -0.0469111 ; -0.00887139 ; 0.0279632 ; 103.627;
17 ; 19 ; 20 ; -0.0356189 ; -0.0154541 ; 0.0406116 ; 101.848;
18 ; 19 ; 20 ; -0.00123794 ; -0.0152434 ; 0.0274159 ; 101.421;
19 ; 19 ; 20 ; 0.00732917 ; -0.0350202 ; -0.0126829 ; 101.796;
20 ; 19 ; 20 ; -0.0473502 ; -0.0524857 ; -0.0609891 ; 101.815;
21 ; 19 ; 20 ; 0.033842 ; 0.0155949 ; -0.0612302 ; 103.15;
4 ; 20 ; 20 ; -0.0214552 ; -0.0169633 ; 0.0306512 ; 103.677;
5 ; 20 ; 20 ; 0.0161748 ; -0.0132416 ; -0.00621684 ; 101.904;
6 ; 20 ; 20 ; -0.00305326 ; -0.0165155 ; 0.0107919 ; 101.37;
7 ; 20 ; 20 ; 0.00864635 ; -0.00866549 ; 0.035209 ; 101.49;
8 ; 20 ; 20 ; 0.0133911 ; -0.023759 ; 0.0615497 ; 101.159;
9 ; 20 ; 20 ; 0.00133991 ; -0.0175379 ; -0.0109105 ; 100.889;
10 ; 20 ; 20 ; 0.00610024 ; -0.012245 ; 0.00510621 ; 101.291;
11 ; 20 ; 20 ; -0.0127694 ; -0.0236438 ; 0.00193783 ; 101.322;
12 ; 20 ; 20 ; -0.036965 ; -0.0479232 ; -0.0194722 ; 101.459;
13 ; 20 ; 20 ; 0.0431349 ; 0.0350023 ; 0.0388855 ; 100.944;
14 ; 20 ; 20 ; 0.0223135 ; -0.00380663 ; -0.00541783 ; 101.51;
15 ; 20 ; 20 ; -0.0159083 ; -0.0077321 ; -0.00760834 ; 102.792;
16 ; 20 ; 20 ; -0.0390517 ; -0.0277912 ; -0.0159419 ; 103.186;
17 ; 20 ; 20 ; -0.0240467 ; 0.0180476 ; 0.00238908 ; 102.241;
18 ; 20 ; 20 ; -0.0118696 ; -0.00147041 ; 0.023365 ; 101.844;
19 ; 20 ; 20 ; -0.00638722 ; -0.0248242 ; -0.0003704 ; 101.875;
20 ; 20 ; 20 ; -0.00762843 ; -0.0595586 ; -0.0414009 ; 101.827;
21 ; 20 ; 20 ; -0.0478723 ; -0.0394388 ; -0.0255308 ; 101.505;
4 ; 21 ; 20 ; -0.0143561 ; 0.0357609 ; 0.0758675 ; 102.237;
5 ; 21 ; 20 ; 0.0681428 ; -0.0225968 ; 0.000515517 ; 102.442;
6 ; 21 ; 20 ; -0.00187196 ; -0.0111931 ; 0.00532932 ; 101.498;
7 ; 21 ; 20 ; 0.00663103 ; -0.00102767 ; 0.0132695 ; 101.784;
8 ; 21 ; 20 ; 0.0170901 ; 0.00347784 ; -0.0038817 ; 102.56;
9 ; 21 ; 20 ; 0.019791 ; -0.0141353 ; -0.000340459 ; 99.9725;
10 ; 21 ; 20 ; -0.00174986 ; -0.0201204 ; 0.00241772 ; 100.978;
11 ; 21 ; 20 ; -0.013105 ; -0.0174419 ; 0.00877685 ; 101.007;
12 ; 21 ; 20 ; -0.018227 ; -0.00619286 ; -0.00317151 ; 100.736;
13 ; 21 ; 20 ; 0.0531914 ; 0.0638406 ; 0.0813368 ; 101.062;
14 ; 21 ; 20 ; 0.00953867 ; 0.0180322 ; 0.0102027 ; 101.609;
15 ; 21 ; 20 ; -0.0191907 ; 0.00246912 ; -0.00483237 ; 102.799;
16 ; 21 ; 20 ; -0.00482072 ; -0.0150123 ; -0.0180455 ; 102.736;
17 ; 21 ; 20 ; -0.00974141 ; 0.0532225 ; -0.0245767 ; 102.135;
18 ; 21 ; 20 ; -0.0297403 ; -0.000247818 ; 0.0224901 ; 102.38;
19 ; 21 ; 20 ; -0.013954 ; -0.0246028 ; 0.0130241 ; 102.052;
20 ; 21 ; 20 ; 0.0140197 ; -0.0447606 ; -0.00559434 ; 101.998;
21 ; 21 ; 20 ; -0.0595049 ; 0.020736 ; 0.00838404 ; 99.35;
4 ; 4 ; 21 ; -0.00769618 ; -0.0373824 ; -0.0660109 ; 99.97;
5 ; 4 ; 21 ; -0.0169981 ; 0.0186712 ; -0.0289339 ; 100.335;
6 ; 4 ; 21 ; 0.0345377 ; -0.0102317 ; -0.0323063 ; 102.202;
7 ; 4 ; 21 ; 0.00204313 ; 0.0526284 ; -0.0331627 ; 101.777;
8 ; 4 ; 21 ; 0.0415298 ; 0.0280254 ; 0.0337987 ; 103.29;
9 ; 4 ; 21 ; -0.0240963 ; 0.00840831 ; -0.00809936 ; 100.405;
10 ; 4 ; 21 ; -0.0494592 ; -0.0911887 ; -0.0585123 ; 102.605;
11 ; 4 ; 21 ; -0.0623879 ; 0.0596013 ; 0.0910549 ; 102.575;
12 ; 4 ; 21 ; 0.00683028 ; 0.0175486 ; 0.00122984 ; 100.188;
13 ; 4 ; 21 ; 0.0308309 ; 0.00476304 ; 0.000440842 ; 101.45;
14 ; 4 ; 21 ; -0.00474526 ; -0.014912 ; -0.0284597 ; 101.807;
15 ; 4 ; 21 ; 0.0898533 ; -0.0684899 ; -0.0165468 ; 98.2675;
16 ; 4 ; 21 ; 0.082409 ; -0.0251592 ; 0.0191025 ; 104.48;
17 ; 4 ; 21 ; 0.104302 ; 0.0221612 ; -0.0151837 ; 99.0275;
18 ; 4 ; 21 ; 0.025534 ; -0.0183008 ; -0.0425921 ; 101.93;
19 ; 4 ; 21 ; -0.0029788 ; 0.0226757 ; -0.0406964 ; 104.01;
20 ; 4 ; 21 ; -0.0407287 ; -0.0280498 ; 0.0358842 ; 101.03;
21 ; 4 ; 21 ; -0.0527539 ; -0.0362373 ; 0.0309703 ; 102.24;
4 ; 5 ; 21 ; -0.0461167 ; -0.020467 ; -0.0317431 ; 102.487;
5 ; 5 ; 21 ; -0.0577784 ; 0.0219802 ; -0.0229156 ; 104.232;
6 ; 5 ; 21 ; 0.0229379 ; -0.00595305 ; -0.0194386 ; 102.225;
7 ; 5 ; 21 ; 0.0174925 ; 0.018782 ; -0.0183549 ; 101.543;
8 ; 5 ; 21 ; 0.026312 ; 0.00954588 ; 0.00348452 ; 103.209;
9 ; 5 ; 21 ; 0.0850063 ; -0.0343652 ; -0.012823 ; 100.49;
10 ; 5 ; 21 ; -0.0195466 ; -0.0610849 ; -0.0274828 ; 102.126;
11 ; 5 ; 21 ; -0.0476219 ; 0.0350908 ; 0.0410915 ; 102.354;
12 ; 5 ; 21 ; 0.00704198 ; 0.0149367 ; -0.00604568 ; 100.701;
13 ; 5 ; 21 ; -0.0243363 ; -0.0855711 ; -0.00585696 ; 102.885;
14 ; 5 ; 21 ; -0.00769528 ; -0.025067 ; -0.0288546 ; 102.168;
15 ; 5 ; 21 ; 0.0484607 ; -0.0390089 ; -0.0340987 ; 99.7717;
16 ; 5 ; 21 ; 0.0530211 ; -0.0196008 ; -0.00416423 ; 102.515;
17 ; 5 ; 21 ; -0.0266107 ; 0.00574139 ; 0.0425746 ; 101.065;
18 ; 5 ; 21 ; 0.00435006 ; -0.0176548 ; -0.00280757 ; 101.871;
19 ; 5 ; 21 ; 0.00237763 ; 0.0018672 ; -0.0279524 ; 103.228;
20 ; 5 ; 21 ; -0.0170204 ; -0.0166092 ; -0.0141959 ; 101.628;
21 ; 5 ; 21 ; -0.013635 ; -0.0103379 ; -0.0154385 ; 101.88;
4 ; 6 ; 21 ; 0.00214077 ; -0.0616024 ; 0.00432125 ; 100.452;
5 ; 6 ; 21 ; -0.0123221 ; -0.0446309 ; 0.00921038 ; 101.575;
6 ; 6 ; 21 ; 0.00531638 ; -0.0124881 ; -0.00183105 ; 101.573;
7 ; 6 ; 21 ; 0.0315225 ; -0.0158948 ; 0.00278077 ; 100.882;
8 ; 6 ; 21 ; 0.0218037 ; -0.00376908 ; -0.0236139 ; 102.507;
9 ; 6 ; 21 ; -0.0393894 ; -0.0828873 ; 0.00545104 ; 102.255;
10 ; 6 ; 21 ; -0.00430765 ; -0.0229277 ; -0.0132186 ; 101.283;
11 ; 6 ; 21 ; -0.0137384 ; 0.0132626 ; -0.0422329 ; 101.476;
12 ; 6 ; 21 ; 0.0163108 ; 0.00452905 ; -0.00978878 ; 101.786;
13 ; 6 ; 21 ; 0.00799183 ; -0.00411889 ; 0.0218453 ; 101.4;
14 ; 6 ; 21 ; -0.0124477 ; -0.0332746 ; -0.0159664 ; 102.288;
15 ; 6 ; 21 ; -0.0241968 ; -0.018416 ; -0.033583 ; 101.836;
16 ; 6 ; 21 ; -0.012639 ; -0.0111233 ; -0.0295448 ; 100.711;
17 ; 6 ; 21 ; 0.0922916 ; 0.00195816 ; -0.0586671 ; 103.27;
18 ; 6 ; 21 ; 0.0192711 ; -0.0185633 ; -0.000406158 ; 102.426;
19 ; 6 ; 21 ; 0.00899213 ; -0.0248407 ; -0.0152064 ; 102.556;
20 ; 6 ; 21 ; -0.00870806 ; 0.00946282 ; -0.0508965 ; 102.55;
21 ; 6 ; 21 ; -0.0367769 ; 0.0263512 ; -0.025557 ; 103.307;
4 ; 7 ; 21 ; -0.00807667 ; 0.0449378 ; -0.0234531 ; 101.19;
5 ; 7 ; 21 ; 0.047178 ; -0.0268127 ; -0.0353766 ; 99.9625;
6 ; 7 ; 21 ; -0.0642326 ; -0.0633811 ; -0.0422433 ; 101.115;
7 ; 7 ; 21 ; 0.0115318 ; 0.00417296 ; -0.0487238 ; 102.12;
8 ; 7 ; 21 ; 0.018594 ; -0.0290792 ; -0.048282 ; 103.79;
9 ; 7 ; 21 ; -0.0418979 ; -0.0282473 ; -0.087829 ; 102.485;
10 ; 7 ; 21 ; -0.044085 ; -0.027905 ; -0.0121478 ; 99.15;
11 ; 7 ; 21 ; -0.0118359 ; 0.0636321 ; -0.0195244 ; 100.412;
12 ; 7 ; 21 ; 0.0190364 ; -0.0196689 ; -0.0120384 ; 101.462;
13 ; 7 ; 21 ; -0.00371292 ; -0.0181557 ; -0.0805401 ; 101.545;
14 ; 7 ; 21 ; 0.0414378 ; 0.0138605 ; 0.0522728 ; 101.687;
15 ; 7 ; 21 ; -0.0141138 ; -0.0337977 ; -0.00979046 ; 101.042;
16 ; 7 ; 21 ; -0.0409065 ; 0.0184398 ; -0.0414241 ; 101.965;
17 ; 7 ; 21 ; -0.0049553 ; -0.0487895 ; 0.0474663 ; 103.442;
18 ; 7 ; 21 ; 0.0252678 ; -0.00733456 ; 0.0145676 ; 102.26;
19 ; 7 ; 21 ; -0.0427397 ; 0.0503145 ; -0.0848891 ; 100.593;
20 ; 7 ; 21 ; 0.0396443 ; -0.00247226 ; -0.0864956 ; 102.01;
21 ; 7 ; 21 ; 0.00818359 ; 0.0377429 ; 0.0644479 ; 101.12;
4 ; 8 ; 21 ; -0.0157605 ; 0.00985628 ; -0.00118655 ; 100.797;
5 ; 8 ; 21 ; -0.0341161 ; -0.0228311 ; 0.0318799 ; 103.087;
6 ; 8 ; 21 ; -0.0464912 ; -0.0314698 ; -0.0199987 ; 101.716;
7 ; 8 ; 21 ; -0.00547156 ; 0.0258934 ; -0.0284307 ; 102.167;
8 ; 8 ; 21 ; -0.000422811 ; 0.00534392 ; -0.0266995 ; 102.985;
9 ; 8 ; 21 ; 0.073711 ; 0.0165204 ; 0.0237841 ; 103.398;
10 ; 8 ; 21 ; -0.00795306 ; -0.0237857 ; -0.00345075 ; 101.063;
11 ; 8 ; 21 ; -0.0236064 ; 0.0203483 ; -0.0139045 ; 101.286;
12 ; 8 ; 21 ; -0.0122972 ; -0.0100661 ; 0.00745529 ; 101.383;
13 ; 8 ; 21 ; -0.00463766 ; 0.0512712 ; -0.0537504 ; 101.167;
14 ; 8 ; 21 ; 0.0202437 ; 0.0206781 ; 0.0282358 ; 102.012;
15 ; 8 ; 21 ; 0.00417568 ; -0.00419787 ; 0.0233711 ; 101.738;
16 ; 8 ; 21 ; 0.00814861 ; 0.0274249 ; -0.0181285 ; 102.006;
17 ; 8 ; 21 ; 0.0442574 ; 0.0816772 ; 0.0196574 ; 103.917;
18 ; 8 ; 21 ; 0.0323981 ; 0.0165924 ; 0.0182676 ; 102.736;
19 ; 8 ; 21 ; -0.0148651 ; 0.0251903 ; -0.0371855 ; 101.257;
20 ; 8 ; 21 ; 0.00657357 ; -0.0254522 ; -0.0399644 ; 102.098;
21 ; 8 ; 21 ; -0.0047881 ; -0.0254009 ; 0.0812884 ; 101.205;
4 ; 9 ; 21 ; -0.0107329 ; 0.00260121 ; 0.0493524 ; 103.102;
5 ; 9 ; 21 ; 0.0300827 ; -0.0380545 ; -0.0134101 ; 97.2475;
6 ; 9 ; 21 ; -0.0103102 ; 0.00207618 ; -0.00875396 ; 101.612;
7 ; 9 ; 21 ; -0.0152735 ; 0.0305758 ; -0.0153264 ; 103.178;
8 ; 9 ; 21 ; -0.000946028 ; 0.0182355 ; -0.0060384 ; 102.117;
9 ; 9 ; 21 ; -0.0479274 ; 0.0359619 ; 0.0186875 ; 100.705;
10 ; 9 ; 21 ; 0.0144266 ; -0.00536089 ; 0.0136849 ; 102.294;
11 ; 9 ; 21 ; -0.00887402 ; -0.0280299 ; -0.000332346 ; 102.087;
12 ; 9 ; 21 ; -0.0236208 ; -0.0145185 ; 0.022231 ; 101.315;
13 ; 9 ; 21 ; 0.00718474 ; -0.031462 ; 0.0197304 ; 101.793;
14 ; 9 ; 21 ; 0.00274472 ; -0.00103609 ; -0.00533515 ; 101.413;
15 ; 9 ; 21 ; 0.0239512 ; 0.00453493 ; 0.0274797 ; 101.617;
16 ; 9 ; 21 ; 0.0411973 ; 0.0168453 ; 0.012564 ; 102.336;
17 ; 9 ; 21 ; 0.0216432 ; 0.0908038 ; -0.0356306 ; 102.917;
18 ; 9 ; 21 ; 0.0354259 ; 0.0509939 ; 0.00508065 ; 103.034;
19 ; 9 ; 21 ; 0.026608 ; 0.015107 ; 0.00783549 ; 102.781;
20 ; 9 ; 21 ; -0.00328774 ; -0.018134 ; 0.00132467 ; 102.919;
21 ; 9 ; 21 ; -0.00490804 ; 0.00310206 ; -0.0132637 ; 101.487;
4 ; 10 ; 21 ; 0.0516899 ; 0.0182159 ; 0.0202105 ; 101.883;
5 ; 10 ; 21 ; 0.00937421 ; 0.0223662 ; -0.013629 ; 100.83;
6 ; 10 ; 21 ; 0.00286812 ; 0.0193428 ; -0.018652 ; 100.865;
7 ; 10 ; 21 ; -0.0130715 ; 0.0284658 ; -0.0304942 ; 103.231;
8 ; 10 ; 21 ; -0.0206704 ; -0.0017814 ; -0.0219838 ; 102.039;
9 ; 10 ; 21 ; -0.0129609 ; 0.0362398 ; -0.0114933 ; 103.05;
10 ; 10 ; 21 ; -0.0233291 ; 0.00561882 ; 0.0175113 ; 101.9;
11 ; 10 ; 21 ; -0.00680316 ; -0.022442 ; 0.0185817 ; 102.235;
12 ; 10 ; 21 ; -0.0039215 ; -0.00478283 ; 0.0151703 ; 101.704;
13 ; 10 ; 21 ; 0.0133674 ; -0.0252111 ; 0.0361461 ; 101.405;
14 ; 10 ; 21 ; 0.0135288 ; -0.0134329 ; 0.00420407 ; 100.502;
15 ; 10 ; 21 ; 0.0104209 ; 0.00626294 ; -0.00502472 ; 100.785;
16 ; 10 ; 21 ; -0.00555874 ; -0.00288566 ; 0.00704915 ; 102.726;
17 ; 10 ; 21 ; 0.0102037 ; 0.0362728 ; 0.0675975 ; 102.343;
18 ; 10 ; 21 ; 0.0172198 ; 0.0319784 ; 0.00222749 ; 102.163;
19 ; 10 ; 21 ; 0.0298018 ; 0.0238505 ; -0.0144766 ; 102.588;
20 ; 10 ; 21 ; 0.0397524 ; 0.0236679 ; -0.0190803 ; 103.41;
21 ; 10 ; 21 ; 0.000201211 ; 0.0622848 ; -0.0468613 ; 99.8475;
4 ; 11 ; 21 ; -0.0415139 ; -0.0105056 ; -0.0557198 ; 99.8325;
5 ; 11 ; 21 ; -0.0127326 ; 0.0538993 ; -0.0396355 ; 102.895;
6 ; 11 ; 21 ; -0.0145368 ; 0.0467066 ; -0.0261996 ; 101.807;
7 ; 11 ; 21 ; -0.0226982 ; 0.0534385 ; -0.0306646 ; 102.278;
8 ; 11 ; 21 ; -0.0463013 ; 0.0266846 ; -0.0187438 ; 102.097;
9 ; 11 ; 21 ; -0.00296896 ; -0.00204723 ; -0.0122765 ; 103.08;
10 ; 11 ; 21 ; -0.00777351 ; -0.00526285 ; -0.00113716 ; 103.079;
11 ; 11 ; 21 ; 0.0072428 ; -0.018207 ; 0.0103297 ; 102.32;
12 ; 11 ; 21 ; 0.0162563 ; 0.0284962 ; 0.00172315 ; 101.455;
13 ; 11 ; 21 ; 0.00712097 ; 0.00124844 ; -0.0315329 ; 101.34;
14 ; 11 ; 21 ; 0.010869 ; 0.00594195 ; -0.00022312 ; 100.883;
15 ; 11 ; 21 ; 0.00384512 ; 0.0285128 ; -0.0129644 ; 101.06;
16 ; 11 ; 21 ; -0.00350363 ; -0.00241197 ; -0.0138219 ; 101.973;
17 ; 11 ; 21 ; -0.00119343 ; -0.00850158 ; 0.0339077 ; 101.48;
18 ; 11 ; 21 ; 0.0124835 ; 0.00690438 ; 0.0319904 ; 101.42;
19 ; 11 ; 21 ; 0.039033 ; 0.016011 ; -0.00324828 ; 101.621;
20 ; 11 ; 21 ; 0.027262 ; 0.0211898 ; 0.00411947 ; 102.858;
21 ; 11 ; 21 ; 0.0344153 ; -0.0207155 ; -0.0267212 ; 100.49;
4 ; 12 ; 21 ; 0.0775033 ; 0.0684544 ; 0.00152725 ; 102.977;
5 ; 12 ; 21 ; 0.0531649 ; 0.0568136 ; -0.0206592 ; 103.022;
6 ; 12 ; 21 ; -0.00562022 ; 0.0499052 ; -0.0305347 ; 102.512;
7 ; 12 ; 21 ; -0.0167194 ; 0.0256678 ; -0.00839248 ; 102.118;
8 ; 12 ; 21 ; 0.00246297 ; 0.007242 ; 0.000476156 ; 101.139;
9 ; 12 ; 21 ; 0.0234677 ; -0.0176009 ; -0.00152928 ; 101.748;
10 ; 12 ; 21 ; 0.0277949 ; -0.0199662 ; -0.0112036 ; 102.855;
11 ; 12 ; 21 ; 0.049537 ; -0.0279021 ; -0.00928738 ; 102.234;
12 ; 12 ; 21 ; 0.0344015 ; -0.00800823 ; -0.0288074 ; 101.361;
13 ; 12 ; 21 ; -0.00357045 ; -0.0479941 ; 0.0592792 ; 101.043;
14 ; 12 ; 21 ; 0.00121414 ; -0.0128416 ; 0.00140735 ; 101.085;
15 ; 12 ; 21 ; 0.0203048 ; 0.0134808 ; -0.0159004 ; 101.141;
16 ; 12 ; 21 ; 0.0291125 ; -0.00999059 ; -0.0202412 ; 101.259;
17 ; 12 ; 21 ; -0.0174461 ; -0.00686261 ; 0.0513211 ; 101.092;
18 ; 12 ; 21 ; 0.00864268 ; 0.00453537 ; 0.0436542 ; 101.299;
19 ; 12 ; 21 ; 0.0514375 ; 0.0161961 ; 0.0415071 ; 101.978;
20 ; 12 ; 21 ; 0.0273002 ; 0.0124654 ; 0.0438404 ; 102.492;
21 ; 12 ; 21 ; -0.0218632 ; -0.00418266 ; 0.0389909 ; 101.468;
4 ; 13 ; 21 ; 0.0583301 ; -0.00995714 ; -0.0228087 ; 100.4;
5 ; 13 ; 21 ; 0.0578871 ; 0.00364093 ; 0.00656485 ; 103.272;
6 ; 13 ; 21 ; -0.00746931 ; 0.0830199 ; -0.0227553 ; 101.392;
7 ; 13 ; 21 ; -0.00857859 ; -0.0612463 ; 0.0187204 ; 100.703;
8 ; 13 ; 21 ; 0.0309508 ; 0.02368 ; 0.00581807 ; 101.902;
9 ; 13 ; 21 ; -0.00649608 ; -0.0231455 ; 0.0310437 ; 101.2;
10 ; 13 ; 21 ; -0.025432 ; 0.00138123 ; -0.0459065 ; 101.655;
11 ; 13 ; 21 ; -0.0722838 ; -0.072973 ; -0.0398556 ; 103.335;
12 ; 13 ; 21 ; 0.0209291 ; 0.0186303 ; -0.0444734 ; 100.535;
13 ; 13 ; 21 ; 0.00659986 ; 0.0459361 ; -0.0410007 ; 101.987;
14 ; 13 ; 21 ; -0.0371109 ; -0.0393192 ; 0.0433057 ; 100.16;
15 ; 13 ; 21 ; 0.0305997 ; 0.00913053 ; -0.00107765 ; 101.733;
16 ; 13 ; 21 ; -0.0177411 ; -0.0569244 ; 0.00909172 ; 101.57;
17 ; 13 ; 21 ; 0.0188832 ; 0.0837376 ; 0.000684685 ; 100.742;
18 ; 13 ; 21 ; 0.104771 ; -0.0595425 ; -0.00453671 ; 102.067;
19 ; 13 ; 21 ; 0.0992411 ; -0.0722465 ; -0.0477523 ; 100.935;
20 ; 13 ; 21 ; 0.107319 ; -0.0653464 ; -0.0445565 ; 99.785;
21 ; 13 ; 21 ; 0.0408443 ; -0.0127568 ; -0.0656276 ; 102.303;
4 ; 14 ; 21 ; 0.0270365 ; 0.00781966 ; -0.0329344 ; 99.45;
5 ; 14 ; 21 ; -0.0128671 ; -0.0662835 ; -0.0573831 ; 103.675;
6 ; 14 ; 21 ; 0.00104022 ; 0.0206386 ; -0.0379303 ; 102.113;
7 ; 14 ; 21 ; -0.00389349 ; -0.0351066 ; 0.00863482 ; 101.151;
8 ; 14 ; 21 ; 0.00984162 ; 0.0115731 ; 0.0211333 ; 101.572;
9 ; 14 ; 21 ; 0.000854714 ; -0.0266337 ; -0.0490066 ; 102.97;
10 ; 14 ; 21 ; -0.0134684 ; 0.00430375 ; -0.0295051 ; 101.823;
11 ; 14 ; 21 ; -0.0351988 ; -0.0166829 ; -0.0167783 ; 102.447;
12 ; 14 ; 21 ; 0.017296 ; 0.0311526 ; -0.024961 ; 100.916;
13 ; 14 ; 21 ; 0.092455 ; 0.0275371 ; -0.0629236 ; 103.485;
14 ; 14 ; 21 ; 0.00968856 ; -0.0116422 ; 0.00547046 ; 101.903;
15 ; 14 ; 21 ; 0.0166184 ; 0.0178226 ; -0.00540528 ; 102.479;
16 ; 14 ; 21 ; -0.0126912 ; -0.021182 ; 0.000695091 ; 101.534;
17 ; 14 ; 21 ; 0.0374504 ; 0.047166 ; 0.0766949 ; 100.207;
18 ; 14 ; 21 ; 0.0616617 ; -0.0164704 ; 0.0181087 ; 101.773;
19 ; 14 ; 21 ; 0.043383 ; -0.031363 ; -0.0270494 ; 101.028;
20 ; 14 ; 21 ; 0.0581732 ; -0.020327 ; -0.0153665 ; 100.019;
21 ; 14 ; 21 ; 0.0289992 ; 0.104072 ; 0.0293716 ; 101.912;
4 ; 15 ; 21 ; -0.0394174 ; 0.00836536 ; -0.0130213 ; 102.968;
5 ; 15 ; 21 ; 0.0372513 ; -0.114067 ; -0.0145789 ; 102.668;
6 ; 15 ; 21 ; -0.000199117 ; -0.0644227 ; -0.03727 ; 103.285;
7 ; 15 ; 21 ; -0.0189343 ; -0.00345116 ; -0.00639348 ; 101.829;
8 ; 15 ; 21 ; -0.00343022 ; 0.0150386 ; 0.034228 ; 100.778;
9 ; 15 ; 21 ; 0.00855417 ; -0.0101598 ; -0.0436115 ; 100.76;
10 ; 15 ; 21 ; 0.0038455 ; 0.00106694 ; -0.00890592 ; 101.301;
11 ; 15 ; 21 ; 0.00940422 ; 0.0230667 ; 0.00124413 ; 101.409;
12 ; 15 ; 21 ; 0.000820409 ; 0.0116859 ; 0.0113657 ; 102.339;
13 ; 15 ; 21 ; -0.0605001 ; -0.0010496 ; -0.0240676 ; 101.92;
14 ; 15 ; 21 ; 0.0250473 ; 0.0296859 ; -0.0217745 ; 102.697;
15 ; 15 ; 21 ; 0.0073694 ; 0.0438053 ; 0.00487649 ; 102.315;
16 ; 15 ; 21 ; 0.00620099 ; 0.0183009 ; 0.0114168 ; 102.071;
17 ; 15 ; 21 ; 0.0457849 ; -0.0844629 ; -0.0702023 ; 101.13;
18 ; 15 ; 21 ; 0.00379743 ; -0.00647863 ; -0.000198716 ; 101.841;
19 ; 15 ; 21 ; -0.0276962 ; 0.0141986 ; -0.00233375 ; 101.913;
20 ; 15 ; 21 ; -0.0080233 ; 0.0192379 ; 0.00965269 ; 100.888;
21 ; 15 ; 21 ; -0.0360835 ; -0.0476397 ; 0.0244309 ; 102.48;
4 ; 16 ; 21 ; -0.0853079 ; -0.00710631 ; 0.0491217 ; 103.112;
5 ; 16 ; 21 ; 0.0725035 ; -0.0472288 ; 0.0154719 ; 102.862;
6 ; 16 ; 21 ; 0.00700876 ; -0.0493788 ; 0.00842976 ; 102.926;
7 ; 16 ; 21 ; -0.0163558 ; 0.0118565 ; 0.00955016 ; 101.78;
8 ; 16 ; 21 ; 0.00790114 ; 0.0373975 ; 0.0328962 ; 100.607;
9 ; 16 ; 21 ; 0.000451361 ; 0.0429035 ; -0.0130412 ; 104.497;
10 ; 16 ; 21 ; 0.0163926 ; 0.0117822 ; 0.00800505 ; 102.01;
11 ; 16 ; 21 ; 0.0326117 ; 0.000634835 ; 0.00235359 ; 102.673;
12 ; 16 ; 21 ; 0.0166475 ; -0.0252277 ; 0.0211069 ; 103.034;
13 ; 16 ; 21 ; 0.0677826 ; 0.0209957 ; 0.00175084 ; 102.382;
14 ; 16 ; 21 ; 0.00519934 ; 0.0279039 ; 0.00518177 ; 101.654;
15 ; 16 ; 21 ; 0.00957412 ; 0.0356606 ; 0.029816 ; 101.301;
16 ; 16 ; 21 ; 0.026104 ; 0.00351351 ; 0.0306832 ; 101.954;
17 ; 16 ; 21 ; -0.0162539 ; 0.0264421 ; 0.0336052 ; 100.247;
18 ; 16 ; 21 ; 0.0112798 ; -0.0244413 ; -0.0235974 ; 101.363;
19 ; 16 ; 21 ; 0.00787781 ; 0.00334344 ; 0.00497314 ; 102.084;
20 ; 16 ; 21 ; 0.000439313 ; -0.0176647 ; 0.0164974 ; 101.908;
21 ; 16 ; 21 ; 0.0157195 ; -0.0444037 ; 0.0391277 ; 103.933;
4 ; 17 ; 21 ; 0.0104919 ; -0.0061572 ; 0.0180476 ; 100.602;
5 ; 17 ; 21 ; -0.0219303 ; -0.0167173 ; 0.0230153 ; 103.425;
6 ; 17 ; 21 ; 0.0188494 ; 0.00154818 ; 0.0333395 ; 102.364;
7 ; 17 ; 21 ; 0.00948648 ; 0.0408973 ; 0.0329722 ; 101.721;
8 ; 17 ; 21 ; 0.00235434 ; 0.0230502 ; 0.0391326 ; 101.769;
9 ; 17 ; 21 ; 0.00394804 ; -0.0294599 ; 0.0730504 ; 102.78;
10 ; 17 ; 21 ; 0.010628 ; 0.0135855 ; 0.0445185 ; 103.525;
11 ; 17 ; 21 ; 0.0333356 ; 0.0159534 ; 0.0258722 ; 103.2;
12 ; 17 ; 21 ; 0.0308118 ; -0.00913872 ; 0.0178078 ; 101.26;
13 ; 17 ; 21 ; -0.039241 ; 0.035629 ; 0.0387588 ; 103.405;
14 ; 17 ; 21 ; 0.0115944 ; 0.0134258 ; 0.0212515 ; 102.655;
15 ; 17 ; 21 ; 0.00579561 ; 0.00861942 ; 0.0231152 ; 101.597;
16 ; 17 ; 21 ; 0.0321902 ; 0.00845602 ; 0.0115722 ; 100.945;
17 ; 17 ; 21 ; 0.0122932 ; 0.0245418 ; -0.0500991 ; 103.593;
18 ; 17 ; 21 ; 0.0228024 ; 0.0183507 ; -0.0125582 ; 101.512;
19 ; 17 ; 21 ; 0.0476808 ; 0.0183704 ; 0.00257477 ; 102.055;
20 ; 17 ; 21 ; 0.03418 ; -0.00538272 ; 0.0369164 ; 102.085;
21 ; 17 ; 21 ; 0.0268964 ; -0.0236353 ; 0.055926 ; 104.157;
4 ; 18 ; 21 ; -0.00116522 ; 0.00768567 ; 0.074566 ; 101.572;
5 ; 18 ; 21 ; -0.0639713 ; -0.0132316 ; -0.0755405 ; 102.665;
6 ; 18 ; 21 ; -0.0148319 ; 0.0196196 ; -0.0129168 ; 102.111;
7 ; 18 ; 21 ; 0.00120695 ; 0.0569091 ; 0.0021215 ; 101.456;
8 ; 18 ; 21 ; -0.0126267 ; 0.0232108 ; 0.0290007 ; 102.646;
9 ; 18 ; 21 ; 0.000941737 ; -0.0482343 ; -0.0132583 ; 101.972;
10 ; 18 ; 21 ; -0.0150213 ; -0.0307055 ; 0.0365552 ; 102.501;
11 ; 18 ; 21 ; -0.014285 ; -0.0221659 ; 0.0137648 ; 101.521;
12 ; 18 ; 21 ; -0.0110501 ; -0.00875759 ; -0.0115465 ; 100.261;
13 ; 18 ; 21 ; -0.0779913 ; -0.136475 ; -0.0706024 ; 101.012;
14 ; 18 ; 21 ; -0.038105 ; -0.0316224 ; 0.00235647 ; 101.798;
15 ; 18 ; 21 ; -0.00683301 ; -0.0166516 ; 0.0012199 ; 100.785;
16 ; 18 ; 21 ; 0.0224081 ; 0.00598134 ; 0.00796307 ; 101.249;
17 ; 18 ; 21 ; 0.122426 ; -0.00368683 ; 0.0388485 ; 99.6075;
18 ; 18 ; 21 ; 0.0439004 ; 0.00458408 ; -0.0140447 ; 101.774;
19 ; 18 ; 21 ; 0.0232872 ; 0.0167782 ; -0.00688326 ; 102.319;
20 ; 18 ; 21 ; 0.0435154 ; 0.0163564 ; 0.0124342 ; 101.994;
21 ; 18 ; 21 ; 0.0515241 ; 0.0242456 ; 0.00731851 ; 101.68;
4 ; 19 ; 21 ; -0.0507396 ; -0.0334497 ; -0.0646947 ; 100.865;
5 ; 19 ; 21 ; 0.0295212 ; 0.0160193 ; -0.0195031 ; 101.453;
6 ; 19 ; 21 ; -0.0340214 ; -0.00206233 ; -0.00113004 ; 100.245;
7 ; 19 ; 21 ; -0.0230496 ; -0.0320659 ; -0.00575844 ; 101.817;
8 ; 19 ; 21 ; -0.0272017 ; -0.0553958 ; -0.0377312 ; 100.88;
9 ; 19 ; 21 ; 0.00645213 ; 0.0469824 ; -0.0170432 ; 99.18;
10 ; 19 ; 21 ; 0.0129937 ; -0.0120482 ; 0.0452829 ; 100.942;
11 ; 19 ; 21 ; 0.0311951 ; 0.0474125 ; 0.00848098 ; 102.872;
12 ; 19 ; 21 ; -0.00319414 ; 0.0595836 ; -5.84058e-05 ; 103.66;
13 ; 19 ; 21 ; 0.00801916 ; -0.119615 ; -0.0651969 ; 101.562;
14 ; 19 ; 21 ; -0.106425 ; -0.0522555 ; 0.0100568 ; 101.512;
15 ; 19 ; 21 ; 0.0164632 ; 0.000630554 ; -0.0301668 ; 99.245;
16 ; 19 ; 21 ; 0.0654326 ; 0.0799707 ; 0.0466916 ; 101.167;
17 ; 19 ; 21 ; 0.0687446 ; -0.046967 ; 0.0913826 ; 100.592;
18 ; 19 ; 21 ; 0.037813 ; -0.0506465 ; -0.0167485 ; 101.62;
19 ; 19 ; 21 ; -0.0886173 ; 0.00766001 ; 0.022986 ; 97.6175;
20 ; 19 ; 21 ; -0.000564147 ; 0.0158099 ; 0.0142163 ; 102.38;
21 ; 19 ; 21 ; 0.0202607 ; -0.0579355 ; 0.0158897 ; 102.597;
4 ; 20 ; 21 ; -0.0175728 ; -0.0172245 ; 0.0802118 ; 102.52;
5 ; 20 ; 21 ; 0.0726817 ; -0.0104026 ; 0.0289334 ; 101.715;
6 ; 20 ; 21 ; 0.0219645 ; 0.00152254 ; 0.00036877 ; 100.986;
7 ; 20 ; 21 ; 0.0167947 ; -0.028861 ; -0.00913674 ; 101.981;
8 ; 20 ; 21 ; -0.0206406 ; -0.0578437 ; -0.018392 ; 101.312;
9 ; 20 ; 21 ; 0.0547818 ; 0.00722925 ; -0.0328234 ; 100.403;
10 ; 20 ; 21 ; 0.0169012 ; 0.00129735 ; 0.0125002 ; 101.182;
11 ; 20 ; 21 ; 0.00841438 ; 0.0304222 ; -0.00953498 ; 102.18;
12 ; 20 ; 21 ; -0.00952149 ; 0.032074 ; -0.0163919 ; 102.052;
13 ; 20 ; 21 ; -0.0285603 ; -0.0219181 ; -0.0340155 ; 100.447;
14 ; 20 ; 21 ; -0.075939 ; -0.0335651 ; -0.00818637 ; 101.025;
15 ; 20 ; 21 ; -0.00641144 ; -0.012875 ; -0.0309461 ; 100.427;
16 ; 20 ; 21 ; 0.0302131 ; 0.0331852 ; 0.0141148 ; 101.947;
17 ; 20 ; 21 ; 0.0249639 ; 0.0425801 ; 0.0109397 ; 103.062;
18 ; 20 ; 21 ; 0.0267649 ; -0.0125131 ; -0.0137844 ; 101.925;
19 ; 20 ; 21 ; -0.0547338 ; 0.00665986 ; -0.00121266 ; 99.3323;
20 ; 20 ; 21 ; -0.00959338 ; -0.0102031 ; 0.0024724 ; 102.209;
21 ; 20 ; 21 ; -0.00525265 ; 0.013208 ; -0.0272379 ; 101.492;
4 ; 21 ; 21 ; 0.0148296 ; 0.0249913 ; 0.00644074 ; 98.985;
5 ; 21 ; 21 ; 0.0252254 ; -0.0661055 ; 0.0339554 ; 100.247;
6 ; 21 ; 21 ; 0.0432885 ; -0.00193919 ; 0.0136801 ; 101.62;
7 ; 21 ; 21 ; 0.0186427 ; 0.013056 ; 0.000439296 ; 101.804;
8 ; 21 ; 21 ; -0.00721173 ; -0.0312432 ; 0.0106687 ; 101.115;
9 ; 21 ; 21 ; 0.012757 ; -0.0353388 ; -0.0416364 ; 101.467;
10 ; 21 ; 21 ; 0.034056 ; -0.00904875 ; -0.0290417 ; 101.829;
11 ; 21 ; 21 ; 0.0249716 ; -0.0111378 ; -0.00415379 ; 101.936;
12 ; 21 ; 21 ; 0.00423458 ; -0.0133693 ; 0.00857141 ; 100.728;
13 ; 21 ; 21 ; 0.0201622 ; -0.0250836 ; 0.0230511 ; 103.41;
14 ; 21 ; 21 ; -0.0185149 ; -0.00642419 ; -0.018245 ; 101.194;
15 ; 21 ; 21 ; -0.0109719 ; -0.0109927 ; -0.023437 ; 101.769;
16 ; 21 ; 21 ; 0.00673874 ; -0.0146892 ; -0.0135438 ; 102.874;
17 ; 21 ; 21 ; 0.0321852 ; 0.0484652 ; 0.00967472 ; 100.427;
18 ; 21 ; 21 ; 0.00465744 ; 0.0496847 ; -0.00434494 ; 101.824;
19 ; 21 ; 21 ; -0.0245935 ; 0.0210012 ; -0.0208393 ; 101.854;
20 ; 21 ; 21 ; -0.00864311 ; -0.037748 ; -0.0150237 ; 101.874;
21 ; 21 ; 21 ; 0.0241229 ; 0.0274018 ; -0.0022437 ; 102.572;
