4 ; 4 ; 4 ; 0.819302 ; -0.0196708 ; -0.00128075 ; 101.313;
5 ; 4 ; 4 ; 0.838296 ; 0.00489584 ; -0.00726348 ; 101.557;
6 ; 4 ; 4 ; 0.830772 ; 0.0178715 ; 0.00596966 ; 101.341;
7 ; 4 ; 4 ; 0.82205 ; 0.0103943 ; 0.0127634 ; 101.513;
8 ; 4 ; 4 ; 0.826695 ; 0.00579527 ; 0.00393814 ; 102.074;
9 ; 4 ; 4 ; 0.818457 ; 0.00437082 ; -0.01327 ; 101.417;
10 ; 4 ; 4 ; 0.812962 ; -0.00316176 ; -0.00291383 ; 101.758;
11 ; 4 ; 4 ; 0.822227 ; 0.000839525 ; -0.00511235 ; 101.604;
12 ; 4 ; 4 ; 0.84036 ; 0.000219146 ; 0.00227306 ; 101.041;
13 ; 4 ; 4 ; 0.821523 ; -0.0107299 ; 0.00501533 ; 101.663;
14 ; 4 ; 4 ; 0.816815 ; -0.00562212 ; 0.0030463 ; 101.384;
15 ; 4 ; 4 ; 0.813628 ; 0.0156891 ; 0.00178871 ; 101.687;
16 ; 4 ; 4 ; 0.822699 ; 0.0161446 ; -0.00110514 ; 102.126;
17 ; 4 ; 4 ; 0.827821 ; -0.0102151 ; 0.000271169 ; 101.222;
18 ; 4 ; 4 ; 0.82213 ; -0.00870002 ; 0.0109689 ; 101.735;
19 ; 4 ; 4 ; 0.814179 ; 0.0141006 ; 0.0087443 ; 101.655;
20 ; 4 ; 4 ; 0.801835 ; 0.0288273 ; -0.000231583 ; 100.828;
21 ; 4 ; 4 ; 0.821096 ; 0.00799541 ; 0.0243215 ; 101.028;
4 ; 5 ; 4 ; 0.81796 ; 0.0127024 ; -0.00954147 ; 101.727;
5 ; 5 ; 4 ; 0.826452 ; 0.0071881 ; -0.0137732 ; 101.448;
6 ; 5 ; 4 ; 0.819955 ; 0.000716796 ; -0.00876415 ; 101.246;
7 ; 5 ; 4 ; 0.818048 ; -0.00522312 ; 0.0132188 ; 101.219;
8 ; 5 ; 4 ; 0.802725 ; -0.0059731 ; 0.0143737 ; 101.762;
9 ; 5 ; 4 ; 0.804417 ; 0.00159472 ; -0.012297 ; 101.531;
10 ; 5 ; 4 ; 0.80583 ; -0.00531322 ; -0.00296821 ; 101.601;
11 ; 5 ; 4 ; 0.823644 ; 0.0106231 ; -0.0253497 ; 101.883;
12 ; 5 ; 4 ; 0.824519 ; 0.0240015 ; -0.0163541 ; 101.767;
13 ; 5 ; 4 ; 0.807943 ; 0.00506596 ; 0.0106559 ; 101.19;
14 ; 5 ; 4 ; 0.802669 ; 0.0090844 ; -0.000145043 ; 101.214;
15 ; 5 ; 4 ; 0.813595 ; 0.0195683 ; 0.00189536 ; 101.67;
16 ; 5 ; 4 ; 0.804906 ; 0.037902 ; 0.0022556 ; 101.988;
17 ; 5 ; 4 ; 0.818481 ; -0.00246379 ; -0.00767895 ; 100.731;
18 ; 5 ; 4 ; 0.804372 ; -0.0178297 ; 0.00378098 ; 102.094;
19 ; 5 ; 4 ; 0.805441 ; 0.00809326 ; 0.00432845 ; 101.141;
20 ; 5 ; 4 ; 0.822236 ; 0.0124979 ; 0.0065153 ; 101.665;
21 ; 5 ; 4 ; 0.812324 ; -0.0258369 ; 0.00992871 ; 102.067;
4 ; 6 ; 4 ; 0.834535 ; 0.0103089 ; 0.0141336 ; 102.712;
5 ; 6 ; 4 ; 0.809915 ; 0.00716588 ; -0.0153519 ; 101.281;
6 ; 6 ; 4 ; 0.817212 ; -0.0130044 ; -0.0215727 ; 101.244;
7 ; 6 ; 4 ; 0.826688 ; -0.0144231 ; 0.0100763 ; 101.024;
8 ; 6 ; 4 ; 0.80131 ; -0.0181728 ; -0.0204618 ; 101.151;
9 ; 6 ; 4 ; 0.801427 ; -0.00729332 ; -0.00836362 ; 101.457;
10 ; 6 ; 4 ; 0.809261 ; -0.0085545 ; -0.000711252 ; 101.439;
11 ; 6 ; 4 ; 0.831154 ; 0.0149704 ; -0.0354076 ; 101.965;
12 ; 6 ; 4 ; 0.837745 ; -0.0129524 ; -0.00958176 ; 101.723;
13 ; 6 ; 4 ; 0.804839 ; 0.00949649 ; 0.0147928 ; 100.902;
14 ; 6 ; 4 ; 0.791546 ; 0.0121331 ; -0.000714826 ; 101.295;
15 ; 6 ; 4 ; 0.814562 ; 0.0143354 ; 0.0021646 ; 101.675;
16 ; 6 ; 4 ; 0.82991 ; -0.00456992 ; 0.0247265 ; 102.495;
17 ; 6 ; 4 ; 0.802878 ; 0.00518221 ; -0.0112307 ; 100.746;
18 ; 6 ; 4 ; 0.777802 ; -0.0240988 ; -0.00160896 ; 102.586;
19 ; 6 ; 4 ; 0.791944 ; 0.00491855 ; -0.00108571 ; 100.632;
20 ; 6 ; 4 ; 0.813349 ; 0.00323164 ; -0.0039221 ; 101.844;
21 ; 6 ; 4 ; 0.849613 ; 0.014161 ; -0.0140872 ; 100.816;
4 ; 7 ; 4 ; 0.83418 ; 0.0125745 ; 0.0154405 ; 101.559;
5 ; 7 ; 4 ; 0.837432 ; -0.00162082 ; 0.010332 ; 101.336;
6 ; 7 ; 4 ; 0.831268 ; -0.0121923 ; 0.00882675 ; 101.529;
7 ; 7 ; 4 ; 0.824642 ; 0.00206146 ; 0.00961218 ; 101.556;
8 ; 7 ; 4 ; 0.827833 ; -0.0108356 ; 0.010141 ; 101.133;
9 ; 7 ; 4 ; 0.816628 ; 0.0140052 ; 0.000728324 ; 101.586;
10 ; 7 ; 4 ; 0.821201 ; 0.000936235 ; 0.00811419 ; 101.571;
11 ; 7 ; 4 ; 0.813619 ; -0.00689612 ; -0.0019965 ; 101.233;
12 ; 7 ; 4 ; 0.799661 ; 0.00669622 ; 0.00116037 ; 101.471;
13 ; 7 ; 4 ; 0.810506 ; -0.00449306 ; 0.0118524 ; 101.404;
14 ; 7 ; 4 ; 0.816867 ; -0.00600647 ; 0.00940548 ; 101.284;
15 ; 7 ; 4 ; 0.808433 ; -0.012327 ; 0.00770667 ; 101.416;
16 ; 7 ; 4 ; 0.804778 ; -0.0189009 ; 0.00945125 ; 101.692;
17 ; 7 ; 4 ; 0.819767 ; -0.00043977 ; -0.00496545 ; 101.486;
18 ; 7 ; 4 ; 0.81048 ; -0.00407915 ; -0.0125391 ; 101.433;
19 ; 7 ; 4 ; 0.8168 ; 0.000708326 ; -0.0122885 ; 101.434;
20 ; 7 ; 4 ; 0.836971 ; 0.0137497 ; -0.0209418 ; 101.653;
21 ; 7 ; 4 ; 0.822094 ; 0.00480438 ; 0.015268 ; 101.986;
4 ; 8 ; 4 ; 0.826631 ; 5.49373e-06 ; 0.00451888 ; 101.881;
5 ; 8 ; 4 ; 0.829384 ; -0.00636063 ; 0.0126149 ; 101.16;
6 ; 8 ; 4 ; 0.819104 ; -0.00121567 ; 0.00813359 ; 101.61;
7 ; 8 ; 4 ; 0.814434 ; 0.0124296 ; 0.0020627 ; 101.789;
8 ; 8 ; 4 ; 0.824265 ; 0.0332288 ; 0.0173342 ; 101.79;
9 ; 8 ; 4 ; 0.816888 ; 0.0163004 ; 0.00682691 ; 101.698;
10 ; 8 ; 4 ; 0.819016 ; 0.00871799 ; 0.00454564 ; 101.583;
11 ; 8 ; 4 ; 0.819709 ; -0.00933351 ; -0.00447029 ; 101.472;
12 ; 8 ; 4 ; 0.818275 ; -0.021083 ; -0.010943 ; 100.946;
13 ; 8 ; 4 ; 0.809629 ; 0.0089727 ; -0.00651795 ; 101.369;
14 ; 8 ; 4 ; 0.806325 ; 0.00236701 ; -0.0110496 ; 101.071;
15 ; 8 ; 4 ; 0.808865 ; -0.00270487 ; -0.00453125 ; 101.013;
16 ; 8 ; 4 ; 0.803103 ; -0.0115164 ; 0.00636158 ; 101.391;
17 ; 8 ; 4 ; 0.82245 ; -0.0136545 ; -0.00686269 ; 101.905;
18 ; 8 ; 4 ; 0.816462 ; -0.00422876 ; -0.000270942 ; 101.641;
19 ; 8 ; 4 ; 0.818847 ; 0.00608584 ; 0.00618321 ; 101.324;
20 ; 8 ; 4 ; 0.814975 ; 0.00357995 ; 0.00195327 ; 101.214;
21 ; 8 ; 4 ; 0.814371 ; 0.0238831 ; -0.0144511 ; 101.534;
4 ; 9 ; 4 ; 0.821852 ; -0.016515 ; 0.00272289 ; 101.875;
5 ; 9 ; 4 ; 0.820046 ; -0.0111132 ; 0.0140554 ; 101.123;
6 ; 9 ; 4 ; 0.815113 ; -0.00728378 ; 0.0119075 ; 101.537;
7 ; 9 ; 4 ; 0.810252 ; -0.00236159 ; 0.00876369 ; 101.644;
8 ; 9 ; 4 ; 0.810116 ; 0.00801478 ; -0.0126133 ; 101.537;
9 ; 9 ; 4 ; 0.813855 ; 0.0132357 ; 0.0109005 ; 101.514;
10 ; 9 ; 4 ; 0.824245 ; 0.0117307 ; 0.00754502 ; 101.552;
11 ; 9 ; 4 ; 0.820338 ; -0.00448453 ; -0.000722281 ; 101.785;
12 ; 9 ; 4 ; 0.821901 ; -0.00652025 ; 0.00466958 ; 101.799;
13 ; 9 ; 4 ; 0.810423 ; 0.011944 ; -0.0128944 ; 101.371;
14 ; 9 ; 4 ; 0.803965 ; 0.0111422 ; -0.0132913 ; 101.352;
15 ; 9 ; 4 ; 0.814044 ; -0.0013252 ; -0.00677191 ; 101.202;
16 ; 9 ; 4 ; 0.820125 ; 0.00409825 ; -0.00122074 ; 100.712;
17 ; 9 ; 4 ; 0.812019 ; -0.0143591 ; -0.0104512 ; 101.621;
18 ; 9 ; 4 ; 0.813247 ; -0.0049395 ; 0.00168531 ; 101.765;
19 ; 9 ; 4 ; 0.818106 ; 0.00989463 ; 0.00694533 ; 101.588;
20 ; 9 ; 4 ; 0.834446 ; 0.0200494 ; 0.0157384 ; 101.724;
21 ; 9 ; 4 ; 0.844991 ; 0.00370041 ; -0.00960843 ; 101.446;
4 ; 10 ; 4 ; 0.810726 ; 0.0100646 ; -0.00601023 ; 102.404;
5 ; 10 ; 4 ; 0.814439 ; -0.0119021 ; 0.00257446 ; 101.441;
6 ; 10 ; 4 ; 0.821531 ; -0.0124348 ; -0.000156418 ; 101.626;
7 ; 10 ; 4 ; 0.812847 ; -0.0082939 ; 0.00515727 ; 101.664;
8 ; 10 ; 4 ; 0.808811 ; 0.00143887 ; 0.0255464 ; 101.181;
9 ; 10 ; 4 ; 0.80779 ; 0.00714115 ; -0.000974295 ; 101.315;
10 ; 10 ; 4 ; 0.823336 ; -0.0021904 ; -0.00651667 ; 101.518;
11 ; 10 ; 4 ; 0.824204 ; -0.00487278 ; -0.00197221 ; 101.822;
12 ; 10 ; 4 ; 0.80531 ; -0.0112794 ; -0.004932 ; 102.066;
13 ; 10 ; 4 ; 0.805403 ; 0.000209988 ; -0.00376785 ; 101.455;
14 ; 10 ; 4 ; 0.815393 ; -0.00125003 ; 0.00118487 ; 101.281;
15 ; 10 ; 4 ; 0.817883 ; -0.0117919 ; -0.00598268 ; 101.185;
16 ; 10 ; 4 ; 0.815229 ; -0.0110289 ; -0.00365358 ; 101.513;
17 ; 10 ; 4 ; 0.804134 ; 0.00247662 ; -0.0103255 ; 101.689;
18 ; 10 ; 4 ; 0.812253 ; 0.00576004 ; -0.00637823 ; 101.618;
19 ; 10 ; 4 ; 0.815707 ; 0.00984388 ; 0.00735223 ; 101.284;
20 ; 10 ; 4 ; 0.809176 ; 0.00676793 ; -0.00780146 ; 101.477;
21 ; 10 ; 4 ; 0.819873 ; -0.0124677 ; 0.000380521 ; 101.218;
4 ; 11 ; 4 ; 0.819019 ; 0.00430206 ; 0.00474938 ; 101.283;
5 ; 11 ; 4 ; 0.806786 ; -0.0105602 ; -0.0182991 ; 100.953;
6 ; 11 ; 4 ; 0.814166 ; -0.00464273 ; -0.0061926 ; 101.969;
7 ; 11 ; 4 ; 0.820005 ; 0.00243755 ; 0.00176495 ; 101.751;
8 ; 11 ; 4 ; 0.804463 ; -0.00642415 ; 0.0005251 ; 101.699;
9 ; 11 ; 4 ; 0.811061 ; -0.000256474 ; -0.0178043 ; 101.295;
10 ; 11 ; 4 ; 0.818725 ; -0.0151415 ; -0.00990563 ; 101.53;
11 ; 11 ; 4 ; 0.826996 ; -0.00437755 ; -0.00324641 ; 101.727;
12 ; 11 ; 4 ; 0.832022 ; 0.000726976 ; 0.0188452 ; 102.094;
13 ; 11 ; 4 ; 0.80189 ; -0.000244699 ; 0.00277073 ; 101.394;
14 ; 11 ; 4 ; 0.823902 ; -0.00211556 ; 0.0119426 ; 101.222;
15 ; 11 ; 4 ; 0.815618 ; 0.00276116 ; -0.00445995 ; 101.623;
16 ; 11 ; 4 ; 0.80492 ; -0.0251875 ; -0.0158331 ; 100.626;
17 ; 11 ; 4 ; 0.803624 ; 0.0143291 ; -0.00156529 ; 101.743;
18 ; 11 ; 4 ; 0.828993 ; 0.0206082 ; -0.00770729 ; 101.419;
19 ; 11 ; 4 ; 0.82477 ; 0.00275818 ; 0.01971 ; 101.021;
20 ; 11 ; 4 ; 0.816541 ; 0.00321252 ; 0.0242175 ; 100.788;
21 ; 11 ; 4 ; 0.821885 ; 0.041862 ; 0.02017 ; 101.191;
4 ; 12 ; 4 ; 0.842989 ; 0.00245306 ; -0.0239475 ; 101.757;
5 ; 12 ; 4 ; 0.802677 ; -0.00776025 ; -0.0265245 ; 100.404;
6 ; 12 ; 4 ; 0.808211 ; 0.0016435 ; 0.000198678 ; 102.102;
7 ; 12 ; 4 ; 0.826116 ; 0.0103651 ; 0.010125 ; 101.727;
8 ; 12 ; 4 ; 0.812524 ; -0.00115473 ; 0.0241271 ; 101.191;
9 ; 12 ; 4 ; 0.81691 ; -0.0069819 ; -0.0217842 ; 101.342;
10 ; 12 ; 4 ; 0.81829 ; -0.0208095 ; -0.00137899 ; 101.534;
11 ; 12 ; 4 ; 0.825703 ; -0.00351241 ; -0.00474149 ; 101.632;
12 ; 12 ; 4 ; 0.825531 ; 0.00164558 ; 0.0150152 ; 101.677;
13 ; 12 ; 4 ; 0.804374 ; 0.00307496 ; 0.00413066 ; 101.339;
14 ; 12 ; 4 ; 0.823999 ; 0.00208685 ; 0.0173413 ; 101.329;
15 ; 12 ; 4 ; 0.811862 ; 0.0163879 ; 0.00134352 ; 102.144;
16 ; 12 ; 4 ; 0.802224 ; 0.0269513 ; -0.0128438 ; 101.222;
17 ; 12 ; 4 ; 0.79956 ; 0.0142145 ; 0.00583812 ; 101.585;
18 ; 12 ; 4 ; 0.840481 ; 0.0234402 ; -0.00452973 ; 101.376;
19 ; 12 ; 4 ; 0.831613 ; -0.0062227 ; 0.0260266 ; 101.104;
20 ; 12 ; 4 ; 0.809756 ; 0.0161948 ; -0.00994068 ; 101.543;
21 ; 12 ; 4 ; 0.842434 ; 0.0252214 ; 0.000985094 ; 101.545;
4 ; 13 ; 4 ; 0.82252 ; 0.00324822 ; -0.00995676 ; 102.201;
5 ; 13 ; 4 ; 0.831347 ; 0.00132461 ; -0.0024772 ; 101.373;
6 ; 13 ; 4 ; 0.815126 ; -0.00170737 ; 0.00511474 ; 101.23;
7 ; 13 ; 4 ; 0.815915 ; -0.00191 ; 0.00703274 ; 101.522;
8 ; 13 ; 4 ; 0.839499 ; 0.0181204 ; -0.0116565 ; 101.623;
9 ; 13 ; 4 ; 0.79911 ; -0.00509514 ; 0.000441988 ; 101.742;
10 ; 13 ; 4 ; 0.803212 ; 0.00718265 ; -0.00552705 ; 101.469;
11 ; 13 ; 4 ; 0.815667 ; 0.00520579 ; 0.0107137 ; 101.421;
12 ; 13 ; 4 ; 0.833373 ; -0.00196489 ; 0.0367911 ; 101.861;
13 ; 13 ; 4 ; 0.828689 ; 0.00225595 ; 0.0051265 ; 101.343;
14 ; 13 ; 4 ; 0.826238 ; 0.00378817 ; 0.00437253 ; 101.423;
15 ; 13 ; 4 ; 0.809692 ; -0.000253065 ; -0.0030829 ; 101.518;
16 ; 13 ; 4 ; 0.814498 ; -0.0132778 ; -0.0178595 ; 101.429;
17 ; 13 ; 4 ; 0.808599 ; -0.00111193 ; 0.00182444 ; 101.624;
18 ; 13 ; 4 ; 0.823435 ; 0.00465804 ; -0.0109971 ; 101.708;
19 ; 13 ; 4 ; 0.823337 ; 0.0038789 ; -0.00672707 ; 101.449;
20 ; 13 ; 4 ; 0.838313 ; -0.00580413 ; 0.00298753 ; 100.698;
21 ; 13 ; 4 ; 0.819735 ; 0.0073527 ; 0.0131924 ; 100.681;
4 ; 14 ; 4 ; 0.847083 ; 0.005485 ; 0.0309971 ; 101.114;
5 ; 14 ; 4 ; 0.834412 ; 0.0102724 ; -0.00889186 ; 101.656;
6 ; 14 ; 4 ; 0.81714 ; -0.000751753 ; 0.0130252 ; 101.514;
7 ; 14 ; 4 ; 0.811605 ; -0.00129045 ; 0.020806 ; 101.649;
8 ; 14 ; 4 ; 0.812213 ; -0.0107643 ; 0.016084 ; 101.658;
9 ; 14 ; 4 ; 0.806216 ; -0.0107681 ; 0.00874904 ; 101.533;
10 ; 14 ; 4 ; 0.812139 ; 0.00239109 ; -0.00426934 ; 101.504;
11 ; 14 ; 4 ; 0.816215 ; 0.00462603 ; 0.00158541 ; 101.801;
12 ; 14 ; 4 ; 0.812971 ; -0.00688671 ; 0.00983078 ; 101.736;
13 ; 14 ; 4 ; 0.807932 ; -0.00796525 ; -0.00236676 ; 101.408;
14 ; 14 ; 4 ; 0.816775 ; 0.000828212 ; 0.00370321 ; 101.409;
15 ; 14 ; 4 ; 0.814926 ; 0.00468437 ; 0.00810989 ; 101.504;
16 ; 14 ; 4 ; 0.799238 ; 0.0110235 ; -0.00369275 ; 101.816;
17 ; 14 ; 4 ; 0.823513 ; 0.00390193 ; 0.00287601 ; 101.611;
18 ; 14 ; 4 ; 0.826596 ; 0.000819813 ; -0.00998148 ; 101.428;
19 ; 14 ; 4 ; 0.81929 ; 0.00280562 ; -0.0129118 ; 101.254;
20 ; 14 ; 4 ; 0.795038 ; 0.0121637 ; -0.0031235 ; 101.781;
21 ; 14 ; 4 ; 0.851645 ; 0.0229383 ; 0.0016001 ; 101.139;
4 ; 15 ; 4 ; 0.832822 ; 0.00158436 ; -0.0152782 ; 101.09;
5 ; 15 ; 4 ; 0.83106 ; 0.0106208 ; -0.00522031 ; 101.475;
6 ; 15 ; 4 ; 0.83236 ; -0.000768335 ; 0.00726951 ; 101.758;
7 ; 15 ; 4 ; 0.824778 ; 0.0076416 ; 0.0145598 ; 101.884;
8 ; 15 ; 4 ; 0.818738 ; 0.00839713 ; 0.0226075 ; 101.701;
9 ; 15 ; 4 ; 0.822241 ; -0.00552222 ; 0.00161234 ; 101.302;
10 ; 15 ; 4 ; 0.81686 ; 0.00428875 ; 0.00710445 ; 101.813;
11 ; 15 ; 4 ; 0.823385 ; 0.00215368 ; 0.00776735 ; 101.968;
12 ; 15 ; 4 ; 0.820794 ; 0.00938289 ; 0.00588131 ; 102.544;
13 ; 15 ; 4 ; 0.810652 ; -0.00146903 ; -0.0152835 ; 101.419;
14 ; 15 ; 4 ; 0.810115 ; 0.00892805 ; -0.00382759 ; 101.593;
15 ; 15 ; 4 ; 0.817985 ; 0.00969829 ; 0.00988801 ; 101.51;
16 ; 15 ; 4 ; 0.820291 ; 0.00222136 ; 0.0133667 ; 101.61;
17 ; 15 ; 4 ; 0.818276 ; -0.00119722 ; 0.00429531 ; 101.48;
18 ; 15 ; 4 ; 0.814863 ; -0.00346626 ; -0.00494079 ; 101.322;
19 ; 15 ; 4 ; 0.815485 ; 0.00174939 ; -0.00769672 ; 101.152;
20 ; 15 ; 4 ; 0.821861 ; 0.00925701 ; -0.0172948 ; 100.519;
21 ; 15 ; 4 ; 0.836338 ; 0.0120152 ; 0.00127805 ; 101.019;
4 ; 16 ; 4 ; 0.81027 ; -0.0083747 ; 0.0130119 ; 101.495;
5 ; 16 ; 4 ; 0.827298 ; -0.0049347 ; 0.00735203 ; 101.494;
6 ; 16 ; 4 ; 0.818718 ; -0.00677686 ; 0.00641393 ; 101.784;
7 ; 16 ; 4 ; 0.813883 ; 0.00250933 ; 0.00712544 ; 101.733;
8 ; 16 ; 4 ; 0.822518 ; 0.0265551 ; 0.0127178 ; 101.733;
9 ; 16 ; 4 ; 0.820004 ; 0.000441456 ; -0.0117259 ; 101.121;
10 ; 16 ; 4 ; 0.812363 ; 0.00581052 ; 0.000695686 ; 101.686;
11 ; 16 ; 4 ; 0.823411 ; 0.000769386 ; 0.00514097 ; 101.631;
12 ; 16 ; 4 ; 0.843184 ; -0.0227297 ; 0.0109809 ; 101.148;
13 ; 16 ; 4 ; 0.811682 ; 0.000288957 ; -0.0134703 ; 101.274;
14 ; 16 ; 4 ; 0.819644 ; 0.00923412 ; -0.00950206 ; 101.22;
15 ; 16 ; 4 ; 0.821295 ; 0.0121414 ; -0.00523615 ; 101.54;
16 ; 16 ; 4 ; 0.821215 ; 0.000241424 ; 0.0194876 ; 101.158;
17 ; 16 ; 4 ; 0.805996 ; 0.00147413 ; -0.000343342 ; 101.516;
18 ; 16 ; 4 ; 0.812815 ; 0.00320651 ; 0.00422261 ; 101.801;
19 ; 16 ; 4 ; 0.818905 ; 0.00124793 ; 0.0112547 ; 101.699;
20 ; 16 ; 4 ; 0.816424 ; -0.00248283 ; 0.00870343 ; 100.903;
21 ; 16 ; 4 ; 0.829015 ; 0.0108618 ; -0.0147349 ; 101.188;
4 ; 17 ; 4 ; 0.825359 ; -0.0110613 ; 0.0210348 ; 101.405;
5 ; 17 ; 4 ; 0.817178 ; -0.00725406 ; 0.017369 ; 101.45;
6 ; 17 ; 4 ; 0.803883 ; 0.00193545 ; -0.00242063 ; 101.945;
7 ; 17 ; 4 ; 0.809684 ; -0.0153334 ; 0.00616763 ; 101.554;
8 ; 17 ; 4 ; 0.810374 ; -0.0127615 ; 0.00143243 ; 101.521;
9 ; 17 ; 4 ; 0.812681 ; 0.00467615 ; 0.00248824 ; 101.321;
10 ; 17 ; 4 ; 0.818747 ; 0.0246173 ; -0.00226366 ; 101.707;
11 ; 17 ; 4 ; 0.818186 ; 0.00871091 ; 0.0041078 ; 101.032;
12 ; 17 ; 4 ; 0.834676 ; 0.00452904 ; -0.00412246 ; 101.08;
13 ; 17 ; 4 ; 0.810745 ; 0.00403523 ; -0.00178621 ; 101.534;
14 ; 17 ; 4 ; 0.815061 ; 0.00927263 ; -0.00585771 ; 101.351;
15 ; 17 ; 4 ; 0.823532 ; 0.0186893 ; -0.0128731 ; 101.689;
16 ; 17 ; 4 ; 0.805578 ; -0.000185353 ; -0.026044 ; 102.453;
17 ; 17 ; 4 ; 0.802464 ; 0.0154575 ; -0.00176491 ; 101.597;
18 ; 17 ; 4 ; 0.802725 ; 0.0186925 ; -0.00123975 ; 101.408;
19 ; 17 ; 4 ; 0.826022 ; -0.00389664 ; 0.0084898 ; 101.384;
20 ; 17 ; 4 ; 0.82096 ; -0.00657653 ; 0.0242937 ; 101.698;
21 ; 17 ; 4 ; 0.803983 ; -0.00894449 ; 0.0109646 ; 101.41;
4 ; 18 ; 4 ; 0.822755 ; 0.0189737 ; -0.00354238 ; 102.042;
5 ; 18 ; 4 ; 0.810318 ; -0.00240791 ; 0.0186072 ; 101.245;
6 ; 18 ; 4 ; 0.804335 ; 0.0140801 ; -0.0165889 ; 102.038;
7 ; 18 ; 4 ; 0.816124 ; -0.0240198 ; 0.00533725 ; 101.507;
8 ; 18 ; 4 ; 0.823448 ; -0.0064461 ; 0.00804891 ; 101.103;
9 ; 18 ; 4 ; 0.806807 ; 0.00730574 ; 0.014967 ; 101.663;
10 ; 18 ; 4 ; 0.825132 ; 0.0459837 ; 0.00378434 ; 102.04;
11 ; 18 ; 4 ; 0.816353 ; 0.0158277 ; 0.00937635 ; 100.727;
12 ; 18 ; 4 ; 0.777147 ; 0.000673063 ; 0.00542518 ; 101.828;
13 ; 18 ; 4 ; 0.815774 ; 0.0103775 ; 0.00502174 ; 101.82;
14 ; 18 ; 4 ; 0.806664 ; 0.0129343 ; -0.00278045 ; 101.822;
15 ; 18 ; 4 ; 0.82238 ; 0.0257569 ; -0.0113709 ; 101.804;
16 ; 18 ; 4 ; 0.811368 ; -0.0154513 ; -0.0274337 ; 100.436;
17 ; 18 ; 4 ; 0.805478 ; 0.0216717 ; -0.000161629 ; 101.633;
18 ; 18 ; 4 ; 0.797139 ; 0.0284475 ; -0.00626893 ; 100.82;
19 ; 18 ; 4 ; 0.829235 ; -0.00644949 ; -2.25371e-05 ; 100.886;
20 ; 18 ; 4 ; 0.84498 ; 0.00812099 ; 0.0153671 ; 101.06;
21 ; 18 ; 4 ; 0.818437 ; -0.0193801 ; 0.00179451 ; 101.672;
4 ; 19 ; 4 ; 0.850416 ; 0.0121986 ; -0.0119928 ; 101.348;
5 ; 19 ; 4 ; 0.812997 ; 0.00235239 ; -0.00745116 ; 101.752;
6 ; 19 ; 4 ; 0.818051 ; 0.001269 ; -0.00552541 ; 101.514;
7 ; 19 ; 4 ; 0.819306 ; -0.000198695 ; 0.00698905 ; 101.505;
8 ; 19 ; 4 ; 0.826195 ; -0.00264537 ; 0.0212089 ; 102.452;
9 ; 19 ; 4 ; 0.831988 ; -0.00306408 ; 0.0112105 ; 101.407;
10 ; 19 ; 4 ; 0.817793 ; 0.00233513 ; -0.00564457 ; 101.686;
11 ; 19 ; 4 ; 0.819564 ; 0.0128209 ; -0.0138213 ; 101.673;
12 ; 19 ; 4 ; 0.818999 ; -0.00140359 ; -0.0201437 ; 101.505;
13 ; 19 ; 4 ; 0.811291 ; 0.00608592 ; -0.000351959 ; 101.603;
14 ; 19 ; 4 ; 0.818274 ; 0.00273124 ; -0.00160327 ; 101.683;
15 ; 19 ; 4 ; 0.812202 ; 0.00459871 ; 0.00374663 ; 101.801;
16 ; 19 ; 4 ; 0.777944 ; -0.0036685 ; 0.00149638 ; 101.542;
17 ; 19 ; 4 ; 0.814248 ; 0.0152976 ; 0.00738445 ; 101.531;
18 ; 19 ; 4 ; 0.814473 ; 0.00249683 ; -0.00886821 ; 101.674;
19 ; 19 ; 4 ; 0.822204 ; -0.00608324 ; -0.0154369 ; 101.364;
20 ; 19 ; 4 ; 0.819595 ; -0.00434145 ; -0.0134176 ; 101.642;
21 ; 19 ; 4 ; 0.822289 ; -0.0183087 ; -0.0101796 ; 100.714;
4 ; 20 ; 4 ; 0.836938 ; 0.0212857 ; 0.0248454 ; 101.727;
5 ; 20 ; 4 ; 0.830072 ; -0.00247014 ; -0.00224806 ; 101.387;
6 ; 20 ; 4 ; 0.816153 ; -0.00697376 ; -0.0019546 ; 101.742;
7 ; 20 ; 4 ; 0.819391 ; 0.00394547 ; 0.00870602 ; 101.072;
8 ; 20 ; 4 ; 0.812866 ; 0.011939 ; 0.0104492 ; 100.674;
9 ; 20 ; 4 ; 0.827702 ; -0.00410964 ; 0.0084462 ; 101.836;
10 ; 20 ; 4 ; 0.82828 ; -0.0113442 ; -0.0122258 ; 101.445;
11 ; 20 ; 4 ; 0.819177 ; 0.0202432 ; 0.00237352 ; 101.621;
12 ; 20 ; 4 ; 0.829592 ; 0.029913 ; -0.00462241 ; 101.478;
13 ; 20 ; 4 ; 0.812089 ; 0.0100466 ; 0.000758045 ; 102.011;
14 ; 20 ; 4 ; 0.813237 ; 0.00112999 ; 0.00653453 ; 101.29;
15 ; 20 ; 4 ; 0.814939 ; 0.0107084 ; 0.00508692 ; 101.53;
16 ; 20 ; 4 ; 0.826529 ; 0.0115029 ; 0.0176255 ; 101.89;
17 ; 20 ; 4 ; 0.827054 ; -0.00544865 ; 0.0206937 ; 101.057;
18 ; 20 ; 4 ; 0.816944 ; -0.00488547 ; -0.01359 ; 101.593;
19 ; 20 ; 4 ; 0.832 ; 0.000993051 ; 0.020682 ; 101.384;
20 ; 20 ; 4 ; 0.831312 ; -0.00936564 ; -0.0154441 ; 100.675;
21 ; 20 ; 4 ; 0.837779 ; -0.0100661 ; -0.0315587 ; 100.798;
4 ; 21 ; 4 ; 0.838868 ; 0.0193322 ; 0.0102804 ; 101.444;
5 ; 21 ; 4 ; 0.840955 ; -0.00750672 ; -0.00977797 ; 100.994;
6 ; 21 ; 4 ; 0.813778 ; -0.00969046 ; -0.000626891 ; 101.762;
7 ; 21 ; 4 ; 0.822848 ; 0.00620054 ; 0.0151119 ; 101.098;
8 ; 21 ; 4 ; 0.845202 ; -0.0118808 ; 0.00300572 ; 101.535;
9 ; 21 ; 4 ; 0.830677 ; -0.00438183 ; 0.00441909 ; 102.172;
10 ; 21 ; 4 ; 0.843849 ; -0.0311144 ; -0.01356 ; 101.15;
11 ; 21 ; 4 ; 0.82015 ; 0.0130097 ; 0.0140182 ; 101.518;
12 ; 21 ; 4 ; 0.820173 ; 0.0173428 ; -0.0071977 ; 101.505;
13 ; 21 ; 4 ; 0.812233 ; 0.0155414 ; -0.000112794 ; 102.24;
14 ; 21 ; 4 ; 0.818689 ; -0.00429297 ; 0.0159465 ; 101.12;
15 ; 21 ; 4 ; 0.812666 ; 0.00502231 ; 0.00348166 ; 101.32;
16 ; 21 ; 4 ; 0.842269 ; -0.0031374 ; -0.00314864 ; 101.33;
17 ; 21 ; 4 ; 0.8299 ; -0.016854 ; 0.0295475 ; 100.626;
18 ; 21 ; 4 ; 0.814601 ; -0.00977525 ; -0.0142777 ; 101.675;
19 ; 21 ; 4 ; 0.834278 ; 0.0083647 ; 0.0515513 ; 101.695;
20 ; 21 ; 4 ; 0.831109 ; 0.033193 ; 0.0369379 ; 101.414;
21 ; 21 ; 4 ; 0.816555 ; 0.0073174 ; -0.0253093 ; 101.382;
4 ; 4 ; 5 ; 0.718523 ; 0.00370372 ; 0.0139722 ; 101.566;
5 ; 4 ; 5 ; 0.702856 ; 0.00810182 ; -0.00909072 ; 101.892;
6 ; 4 ; 5 ; 0.699862 ; 0.00435512 ; -0.00220308 ; 101.818;
7 ; 4 ; 5 ; 0.695807 ; -0.00852157 ; 0.0103665 ; 101.645;
8 ; 4 ; 5 ; 0.684904 ; -0.0113235 ; 0.0203234 ; 101.458;
9 ; 4 ; 5 ; 0.709229 ; 0.00885656 ; -0.00113984 ; 101.468;
10 ; 4 ; 5 ; 0.709159 ; 0.00323771 ; 0.00215611 ; 101.555;
11 ; 4 ; 5 ; 0.70747 ; 0.00304557 ; -0.000159678 ; 101.699;
12 ; 4 ; 5 ; 0.693397 ; 0.0015144 ; 0.00757581 ; 101.759;
13 ; 4 ; 5 ; 0.700372 ; -0.00710727 ; 0.0067776 ; 101.23;
14 ; 4 ; 5 ; 0.694825 ; -0.0057461 ; 0.00573221 ; 101.352;
15 ; 4 ; 5 ; 0.695169 ; -0.000570837 ; 0.00820918 ; 101.672;
16 ; 4 ; 5 ; 0.682169 ; -0.00493975 ; 0.0133182 ; 101.376;
17 ; 4 ; 5 ; 0.695756 ; 0.00807247 ; -0.00650762 ; 101.409;
18 ; 4 ; 5 ; 0.698749 ; 0.00671415 ; -0.00298365 ; 101.286;
19 ; 4 ; 5 ; 0.697675 ; -0.000511628 ; -0.00592409 ; 101.361;
20 ; 4 ; 5 ; 0.686104 ; -0.00485081 ; -0.0231755 ; 101.266;
21 ; 4 ; 5 ; 0.681735 ; -0.00934594 ; -0.00317218 ; 101.518;
4 ; 5 ; 5 ; 0.683882 ; -0.00912263 ; 0.0165529 ; 102.148;
5 ; 5 ; 5 ; 0.712692 ; -0.00761186 ; 0.00567432 ; 101.579;
6 ; 5 ; 5 ; 0.704497 ; 0.000114451 ; 0.00243826 ; 101.709;
7 ; 5 ; 5 ; 0.697106 ; -0.00604326 ; 0.0133013 ; 101.602;
8 ; 5 ; 5 ; 0.69075 ; -0.0146356 ; 0.014406 ; 101.554;
9 ; 5 ; 5 ; 0.710213 ; 0.0109816 ; 0.0110426 ; 101.7;
10 ; 5 ; 5 ; 0.705852 ; 0.0057042 ; 0.00464147 ; 101.604;
11 ; 5 ; 5 ; 0.701567 ; 0.00330135 ; 0.000174195 ; 101.606;
12 ; 5 ; 5 ; 0.69802 ; 0.0034019 ; -0.000272786 ; 101.633;
13 ; 5 ; 5 ; 0.705758 ; -0.00947764 ; 0.00100453 ; 101.905;
14 ; 5 ; 5 ; 0.702707 ; -0.00736064 ; 0.00532701 ; 101.504;
15 ; 5 ; 5 ; 0.700913 ; 0.000548904 ; 0.00892594 ; 101.627;
16 ; 5 ; 5 ; 0.696743 ; -0.00170776 ; 0.0120602 ; 101.716;
17 ; 5 ; 5 ; 0.713391 ; 0.0070509 ; 0.000790202 ; 101.797;
18 ; 5 ; 5 ; 0.703791 ; 0.00662994 ; -0.00247864 ; 101.422;
19 ; 5 ; 5 ; 0.697414 ; 0.00314617 ; -0.00555582 ; 101.302;
20 ; 5 ; 5 ; 0.693564 ; -0.00539719 ; -0.0119791 ; 101.378;
21 ; 5 ; 5 ; 0.693344 ; -0.0207481 ; -0.02426 ; 100.32;
4 ; 6 ; 5 ; 0.70265 ; -0.0113291 ; -0.00464968 ; 101.416;
5 ; 6 ; 5 ; 0.721506 ; -0.0205881 ; 0.00658467 ; 101.743;
6 ; 6 ; 5 ; 0.70827 ; -0.00324381 ; 0.00834553 ; 101.493;
7 ; 6 ; 5 ; 0.700041 ; -0.00528999 ; 0.0141968 ; 101.521;
8 ; 6 ; 5 ; 0.69591 ; -0.00672012 ; 0.0138372 ; 101.628;
9 ; 6 ; 5 ; 0.70479 ; 0.0113715 ; 0.0163782 ; 101.757;
10 ; 6 ; 5 ; 0.705742 ; 0.00789442 ; 0.00508921 ; 101.673;
11 ; 6 ; 5 ; 0.699061 ; 0.00557875 ; -0.00186127 ; 101.528;
12 ; 6 ; 5 ; 0.700901 ; 0.0077813 ; -0.00583215 ; 101.42;
13 ; 6 ; 5 ; 0.709239 ; -0.0186159 ; 4.17043e-05 ; 102.391;
14 ; 6 ; 5 ; 0.710969 ; -0.00590619 ; 0.00540752 ; 101.641;
15 ; 6 ; 5 ; 0.709503 ; 0.00238205 ; 0.0095052 ; 101.663;
16 ; 6 ; 5 ; 0.700959 ; 0.00890932 ; 0.00707243 ; 102.064;
17 ; 6 ; 5 ; 0.729205 ; -0.000353299 ; 0.00551795 ; 102.205;
18 ; 6 ; 5 ; 0.705495 ; 0.00804926 ; -0.00255912 ; 101.548;
19 ; 6 ; 5 ; 0.697598 ; 0.00569462 ; -0.00318695 ; 101.302;
20 ; 6 ; 5 ; 0.70058 ; -0.0027616 ; -0.00577468 ; 101.481;
21 ; 6 ; 5 ; 0.72934 ; -0.00812301 ; -0.00954581 ; 100.872;
4 ; 7 ; 5 ; 0.710386 ; -0.00500835 ; -0.00107053 ; 101.437;
5 ; 7 ; 5 ; 0.709724 ; 0.00699551 ; 0.00421465 ; 101.37;
6 ; 7 ; 5 ; 0.698504 ; 0.00560142 ; 0.00697785 ; 101.343;
7 ; 7 ; 5 ; 0.70244 ; 0.00667337 ; 0.00302011 ; 101.376;
8 ; 7 ; 5 ; 0.714399 ; 0.0125474 ; -0.013732 ; 101.277;
9 ; 7 ; 5 ; 0.707435 ; 0.0061114 ; -0.00684396 ; 101.474;
10 ; 7 ; 5 ; 0.705923 ; 0.0059323 ; -0.000223289 ; 101.51;
11 ; 7 ; 5 ; 0.694604 ; 0.00239298 ; 0.00210674 ; 101.418;
12 ; 7 ; 5 ; 0.688403 ; -0.00149251 ; -0.00124823 ; 101.084;
13 ; 7 ; 5 ; 0.697288 ; -0.00367929 ; 0.00109518 ; 101.662;
14 ; 7 ; 5 ; 0.701785 ; -0.00214654 ; 0.00692713 ; 101.621;
15 ; 7 ; 5 ; 0.710944 ; -0.00248612 ; 0.00215234 ; 101.51;
16 ; 7 ; 5 ; 0.716214 ; -0.000609984 ; -0.0147678 ; 101.034;
17 ; 7 ; 5 ; 0.683561 ; -0.00970039 ; -0.0192536 ; 101.477;
18 ; 7 ; 5 ; 0.691435 ; -0.00229528 ; -0.0268583 ; 101.342;
19 ; 7 ; 5 ; 0.708753 ; 0.00167804 ; -0.0177288 ; 101.19;
20 ; 7 ; 5 ; 0.729347 ; 0.0178978 ; -0.00406259 ; 100.796;
21 ; 7 ; 5 ; 0.733428 ; 0.0205503 ; -0.019322 ; 101.668;
4 ; 8 ; 5 ; 0.720461 ; 0.0061035 ; -0.0164893 ; 100.681;
5 ; 8 ; 5 ; 0.711093 ; -0.00311574 ; 0.00695235 ; 101.532;
6 ; 8 ; 5 ; 0.701051 ; 0.00278214 ; 0.00786336 ; 101.44;
7 ; 8 ; 5 ; 0.702122 ; 0.00385267 ; 0.00471613 ; 101.383;
8 ; 8 ; 5 ; 0.710057 ; 0.0110628 ; -0.00636103 ; 101.379;
9 ; 8 ; 5 ; 0.691071 ; 0.00188053 ; 0.00399843 ; 101.499;
10 ; 8 ; 5 ; 0.700855 ; 0.00352602 ; 0.00147971 ; 101.497;
11 ; 8 ; 5 ; 0.694693 ; 0.00222639 ; 0.00403751 ; 101.45;
12 ; 8 ; 5 ; 0.689127 ; 0.00214496 ; -0.00295106 ; 101.303;
13 ; 8 ; 5 ; 0.693906 ; -0.00635733 ; 0.0053658 ; 101.815;
14 ; 8 ; 5 ; 0.698271 ; -0.00103355 ; 0.0057294 ; 101.652;
15 ; 8 ; 5 ; 0.708133 ; -0.000279105 ; 0.00278806 ; 101.532;
16 ; 8 ; 5 ; 0.716244 ; 0.00143087 ; -0.00655718 ; 101.24;
17 ; 8 ; 5 ; 0.690894 ; -0.0130596 ; -0.00803982 ; 101.302;
18 ; 8 ; 5 ; 0.691201 ; -0.00576041 ; -0.0226459 ; 101.248;
19 ; 8 ; 5 ; 0.701407 ; -0.000766267 ; -0.0187588 ; 101.079;
20 ; 8 ; 5 ; 0.720367 ; 0.00371698 ; -0.0130334 ; 100.917;
21 ; 8 ; 5 ; 0.701428 ; -0.00554128 ; -0.00807018 ; 100.955;
4 ; 9 ; 5 ; 0.699204 ; -0.00213852 ; -0.00892247 ; 101.98;
5 ; 9 ; 5 ; 0.702406 ; -0.000269406 ; 0.0190769 ; 101.786;
6 ; 9 ; 5 ; 0.701647 ; 0.000694171 ; 0.0136351 ; 101.577;
7 ; 9 ; 5 ; 0.698367 ; 0.00254195 ; 0.0114428 ; 101.55;
8 ; 9 ; 5 ; 0.702378 ; 0.00234705 ; 0.00343281 ; 101.385;
9 ; 9 ; 5 ; 0.700081 ; 0.0048327 ; 0.020029 ; 101.494;
10 ; 9 ; 5 ; 0.697078 ; 0.00121765 ; 0.00819024 ; 101.471;
11 ; 9 ; 5 ; 0.697414 ; 0.000864296 ; 0.00606471 ; 101.567;
12 ; 9 ; 5 ; 0.692964 ; 0.00412381 ; 0.00386304 ; 101.504;
13 ; 9 ; 5 ; 0.684391 ; -0.00104583 ; -0.00424703 ; 101.504;
14 ; 9 ; 5 ; 0.692051 ; -0.00222615 ; 0.00121136 ; 101.538;
15 ; 9 ; 5 ; 0.702839 ; -0.00312088 ; 0.00364643 ; 101.537;
16 ; 9 ; 5 ; 0.710731 ; 0.0025324 ; 0.00469506 ; 101.486;
17 ; 9 ; 5 ; 0.703168 ; -0.00484418 ; -0.00517606 ; 101.672;
18 ; 9 ; 5 ; 0.693868 ; -0.00777637 ; -0.0160391 ; 101.396;
19 ; 9 ; 5 ; 0.693438 ; -0.00143936 ; -0.0209365 ; 101.189;
20 ; 9 ; 5 ; 0.69828 ; -0.00320585 ; -0.0245173 ; 100.853;
21 ; 9 ; 5 ; 0.698371 ; -0.0161149 ; -0.007523 ; 101.492;
4 ; 10 ; 5 ; 0.726208 ; 0.00259083 ; 0.0278064 ; 101.394;
5 ; 10 ; 5 ; 0.69802 ; -0.00512488 ; 0.0209022 ; 101.478;
6 ; 10 ; 5 ; 0.699689 ; 0.000396114 ; 0.0190531 ; 101.675;
7 ; 10 ; 5 ; 0.697128 ; 0.00271743 ; 0.0157391 ; 101.695;
8 ; 10 ; 5 ; 0.694782 ; 0.000496139 ; 0.0125457 ; 101.7;
9 ; 10 ; 5 ; 0.712958 ; 0.00475058 ; 0.0107227 ; 101.441;
10 ; 10 ; 5 ; 0.704851 ; 0.00103792 ; 0.0115718 ; 101.466;
11 ; 10 ; 5 ; 0.701677 ; 0.00157548 ; 0.00625223 ; 101.554;
12 ; 10 ; 5 ; 0.697665 ; -0.000790615 ; 0.00545847 ; 101.582;
13 ; 10 ; 5 ; 0.67269 ; -0.00587007 ; -0.00222101 ; 101.339;
14 ; 10 ; 5 ; 0.684054 ; -0.00341416 ; -0.000341685 ; 101.458;
15 ; 10 ; 5 ; 0.697069 ; -0.0102772 ; 0.000221462 ; 101.571;
16 ; 10 ; 5 ; 0.704278 ; -0.00684667 ; 0.00778071 ; 101.607;
17 ; 10 ; 5 ; 0.707343 ; 0.00188767 ; -0.00647297 ; 101.893;
18 ; 10 ; 5 ; 0.703466 ; 0.0025816 ; -0.0129061 ; 101.629;
19 ; 10 ; 5 ; 0.701446 ; 0.00719178 ; -0.0168153 ; 101.429;
20 ; 10 ; 5 ; 0.690335 ; 0.0093281 ; -0.0282146 ; 101.054;
21 ; 10 ; 5 ; 0.694476 ; 0.00562487 ; 0.000573283 ; 101.678;
4 ; 11 ; 5 ; 0.711274 ; 0.00690992 ; 0.00882752 ; 101.429;
5 ; 11 ; 5 ; 0.713987 ; 0.00156978 ; 0.0091509 ; 101.608;
6 ; 11 ; 5 ; 0.704907 ; -0.000446491 ; 0.0110072 ; 101.594;
7 ; 11 ; 5 ; 0.700624 ; 0.00212759 ; 0.0104276 ; 101.667;
8 ; 11 ; 5 ; 0.694167 ; 0.00306392 ; 0.0174407 ; 102.01;
9 ; 11 ; 5 ; 0.695749 ; -0.00918785 ; 0.000688909 ; 101.215;
10 ; 11 ; 5 ; 0.705277 ; -1.9727e-06 ; 0.00572641 ; 101.393;
11 ; 11 ; 5 ; 0.702064 ; 0.00578087 ; 0.000943087 ; 101.544;
12 ; 11 ; 5 ; 0.696195 ; 0.00127696 ; -0.00280776 ; 101.567;
13 ; 11 ; 5 ; 0.684213 ; -0.00621096 ; 0.0232309 ; 101.596;
14 ; 11 ; 5 ; 0.684307 ; -0.00572797 ; 0.00352307 ; 101.472;
15 ; 11 ; 5 ; 0.693013 ; -0.0116854 ; -0.00429682 ; 101.513;
16 ; 11 ; 5 ; 0.70558 ; -0.018869 ; -0.00270705 ; 101.783;
17 ; 11 ; 5 ; 0.692366 ; 0.00325069 ; -0.00760992 ; 101.367;
18 ; 11 ; 5 ; 0.703707 ; 0.0100954 ; -0.00893387 ; 101.545;
19 ; 11 ; 5 ; 0.710169 ; 0.0124977 ; -0.00663133 ; 101.435;
20 ; 11 ; 5 ; 0.706517 ; 0.00762829 ; -0.0161724 ; 101.592;
21 ; 11 ; 5 ; 0.71411 ; -0.0217231 ; 0.00641529 ; 100.676;
4 ; 12 ; 5 ; 0.702746 ; 0.000638747 ; 0.00715683 ; 102.013;
5 ; 12 ; 5 ; 0.724252 ; 0.0117089 ; 0.00372841 ; 101.715;
6 ; 12 ; 5 ; 0.710195 ; -0.00216553 ; 0.00337663 ; 101.565;
7 ; 12 ; 5 ; 0.704575 ; -9.03786e-05 ; 0.00466168 ; 101.558;
8 ; 12 ; 5 ; 0.699335 ; 0.00352341 ; 0.0150064 ; 101.732;
9 ; 12 ; 5 ; 0.678666 ; -0.0157212 ; 0.00436052 ; 100.995;
10 ; 12 ; 5 ; 0.702947 ; -0.00180466 ; 8.06562e-05 ; 101.357;
11 ; 12 ; 5 ; 0.700809 ; 0.00900196 ; -0.00139766 ; 101.502;
12 ; 12 ; 5 ; 0.687333 ; 0.00852951 ; -0.000616606 ; 101.27;
13 ; 12 ; 5 ; 0.699507 ; -0.00484467 ; 0.0358885 ; 101.611;
14 ; 12 ; 5 ; 0.684785 ; -0.00501214 ; 0.0076432 ; 101.578;
15 ; 12 ; 5 ; 0.690745 ; -0.00825054 ; -0.00692906 ; 101.486;
16 ; 12 ; 5 ; 0.694499 ; -0.00995534 ; -0.0128405 ; 101.533;
17 ; 12 ; 5 ; 0.678726 ; 0.00197292 ; -0.0100449 ; 101.077;
18 ; 12 ; 5 ; 0.701942 ; 0.0129462 ; -0.00641786 ; 101.3;
19 ; 12 ; 5 ; 0.713202 ; 0.0143316 ; 2.64928e-05 ; 101.249;
20 ; 12 ; 5 ; 0.714921 ; 0.00199601 ; -0.00070461 ; 101.283;
21 ; 12 ; 5 ; 0.704501 ; 0.00819508 ; -0.0299988 ; 100.975;
4 ; 13 ; 5 ; 0.704659 ; 0.00931168 ; -0.00923026 ; 101.477;
5 ; 13 ; 5 ; 0.708457 ; -0.00244293 ; 0.000755601 ; 101.322;
6 ; 13 ; 5 ; 0.69859 ; 0.00142155 ; 0.00543805 ; 101.526;
7 ; 13 ; 5 ; 0.695398 ; 0.00716969 ; 0.0129838 ; 101.495;
8 ; 13 ; 5 ; 0.706442 ; 0.00424863 ; 0.0111322 ; 101.336;
9 ; 13 ; 5 ; 0.695026 ; -0.00728247 ; 0.000625879 ; 101.851;
10 ; 13 ; 5 ; 0.690455 ; -0.00293954 ; -0.00358098 ; 101.91;
11 ; 13 ; 5 ; 0.698446 ; 0.00659427 ; -0.0021394 ; 101.868;
12 ; 13 ; 5 ; 0.705078 ; 0.0204124 ; -0.000147042 ; 101.648;
13 ; 13 ; 5 ; 0.692023 ; -0.00704278 ; 0.016005 ; 101.762;
14 ; 13 ; 5 ; 0.699934 ; -0.00844154 ; 0.018994 ; 101.496;
15 ; 13 ; 5 ; 0.696525 ; -0.00155175 ; 0.0113122 ; 101.524;
16 ; 13 ; 5 ; 0.693484 ; 0.0210995 ; 0.0135517 ; 102.002;
17 ; 13 ; 5 ; 0.694968 ; -0.0101193 ; -0.0114044 ; 101.138;
18 ; 13 ; 5 ; 0.691067 ; -0.0152382 ; -0.0184267 ; 101.54;
19 ; 13 ; 5 ; 0.699248 ; -0.0124718 ; -0.012846 ; 101.731;
20 ; 13 ; 5 ; 0.699875 ; -0.0165033 ; -0.00414247 ; 101.413;
21 ; 13 ; 5 ; 0.689417 ; 0.0182412 ; -0.01008 ; 101.547;
4 ; 14 ; 5 ; 0.713312 ; -0.0300916 ; 0.0211095 ; 102.077;
5 ; 14 ; 5 ; 0.702243 ; -0.00405106 ; 0.00314915 ; 101.675;
6 ; 14 ; 5 ; 0.698139 ; -0.00281281 ; 0.0061111 ; 101.615;
7 ; 14 ; 5 ; 0.693343 ; 0.00184797 ; 0.0134284 ; 101.565;
8 ; 14 ; 5 ; 0.70108 ; 0.00688018 ; 0.0136173 ; 101.378;
9 ; 14 ; 5 ; 0.695153 ; -0.00192478 ; -0.0100264 ; 101.96;
10 ; 14 ; 5 ; 0.692687 ; -0.00186994 ; -0.00439508 ; 101.891;
11 ; 14 ; 5 ; 0.698749 ; 0.00510158 ; -0.00177613 ; 101.773;
12 ; 14 ; 5 ; 0.706096 ; 0.0135468 ; -0.00305029 ; 101.783;
13 ; 14 ; 5 ; 0.690573 ; -0.000912073 ; 0.00797878 ; 101.581;
14 ; 14 ; 5 ; 0.696656 ; -0.00357669 ; 0.0138856 ; 101.403;
15 ; 14 ; 5 ; 0.694962 ; -0.000407919 ; 0.00779675 ; 101.378;
16 ; 14 ; 5 ; 0.692748 ; 0.00924837 ; 0.00776066 ; 101.619;
17 ; 14 ; 5 ; 0.680427 ; -0.0159452 ; -0.00917818 ; 101.31;
18 ; 14 ; 5 ; 0.687948 ; -0.0161927 ; -0.0149103 ; 101.535;
19 ; 14 ; 5 ; 0.696391 ; -0.0134695 ; -0.0129593 ; 101.717;
20 ; 14 ; 5 ; 0.702435 ; -0.0106624 ; -0.00854434 ; 101.662;
21 ; 14 ; 5 ; 0.722093 ; 0.0049984 ; -0.0339212 ; 101.46;
4 ; 15 ; 5 ; 0.690329 ; -0.0264843 ; 0.00423629 ; 101.517;
5 ; 15 ; 5 ; 0.694084 ; -0.00589995 ; -4.62355e-05 ; 101.424;
6 ; 15 ; 5 ; 0.696266 ; -0.00528567 ; 0.00553303 ; 101.504;
7 ; 15 ; 5 ; 0.691201 ; -0.00173772 ; 0.0109669 ; 101.463;
8 ; 15 ; 5 ; 0.689416 ; 0.0020927 ; 0.0145205 ; 101.503;
9 ; 15 ; 5 ; 0.684939 ; -0.0112128 ; -0.00961262 ; 101.678;
10 ; 15 ; 5 ; 0.693828 ; -0.00363257 ; -0.00395237 ; 101.665;
11 ; 15 ; 5 ; 0.698637 ; 0.00119414 ; -0.000607274 ; 101.551;
12 ; 15 ; 5 ; 0.70632 ; 0.000740009 ; -0.0010399 ; 101.67;
13 ; 15 ; 5 ; 0.691901 ; 0.00133242 ; 0.00638334 ; 101.074;
14 ; 15 ; 5 ; 0.691784 ; 0.00173725 ; 0.00865369 ; 101.27;
15 ; 15 ; 5 ; 0.693726 ; 0.00121658 ; 0.00565755 ; 101.233;
16 ; 15 ; 5 ; 0.692068 ; -0.000572136 ; -0.00059894 ; 101.167;
17 ; 15 ; 5 ; 0.685037 ; -0.00767313 ; 0.0107636 ; 101.344;
18 ; 15 ; 5 ; 0.690301 ; -0.0120241 ; -0.000700397 ; 101.461;
19 ; 15 ; 5 ; 0.698667 ; -0.0108188 ; -0.00650665 ; 101.631;
20 ; 15 ; 5 ; 0.698112 ; -0.00829511 ; -0.0169854 ; 101.861;
21 ; 15 ; 5 ; 0.709368 ; -0.0108523 ; -0.0226311 ; 100.989;
4 ; 16 ; 5 ; 0.686544 ; -0.000981532 ; -0.0224497 ; 101.496;
5 ; 16 ; 5 ; 0.708395 ; -0.000371813 ; 0.0064653 ; 101.358;
6 ; 16 ; 5 ; 0.701117 ; -0.00293734 ; 0.00410725 ; 101.357;
7 ; 16 ; 5 ; 0.696246 ; -8.79066e-05 ; 0.00574932 ; 101.249;
8 ; 16 ; 5 ; 0.685586 ; 0.00131078 ; 0.00783475 ; 101.258;
9 ; 16 ; 5 ; 0.681226 ; -0.0114416 ; 0.000191421 ; 101.398;
10 ; 16 ; 5 ; 0.688876 ; -0.00706194 ; -0.000409412 ; 101.451;
11 ; 16 ; 5 ; 0.69299 ; -0.00344238 ; 0.0016813 ; 101.32;
12 ; 16 ; 5 ; 0.702158 ; -0.00055858 ; 0.00491381 ; 101.308;
13 ; 16 ; 5 ; 0.680585 ; -0.000244672 ; 0.000887582 ; 101.16;
14 ; 16 ; 5 ; 0.689122 ; 0.000684147 ; 0.00678356 ; 101.246;
15 ; 16 ; 5 ; 0.695641 ; 0.000824791 ; 0.00812373 ; 101.351;
16 ; 16 ; 5 ; 0.693503 ; 0.00513426 ; 0.00432331 ; 101.397;
17 ; 16 ; 5 ; 0.695527 ; 0.000984101 ; 0.00632769 ; 101.297;
18 ; 16 ; 5 ; 0.692259 ; -0.00459318 ; 0.0067931 ; 101.329;
19 ; 16 ; 5 ; 0.701605 ; -0.00499567 ; 0.00248043 ; 101.445;
20 ; 16 ; 5 ; 0.701395 ; -0.0074543 ; -0.0134458 ; 101.551;
21 ; 16 ; 5 ; 0.705078 ; 0.001898 ; -0.0115157 ; 101.176;
4 ; 17 ; 5 ; 0.696887 ; -0.00155493 ; 0.015952 ; 101.202;
5 ; 17 ; 5 ; 0.708145 ; -0.0102124 ; 0.000555174 ; 101.115;
6 ; 17 ; 5 ; 0.707775 ; 0.00053558 ; 0.00229831 ; 101.154;
7 ; 17 ; 5 ; 0.705444 ; 0.00212406 ; -9.54753e-05 ; 101.18;
8 ; 17 ; 5 ; 0.694812 ; 0.00677895 ; 0.00378412 ; 100.965;
9 ; 17 ; 5 ; 0.698996 ; -0.00549797 ; 0.00533805 ; 101.814;
10 ; 17 ; 5 ; 0.693653 ; -0.007839 ; 0.0050819 ; 101.343;
11 ; 17 ; 5 ; 0.693051 ; -0.00464806 ; 0.00501205 ; 101.209;
12 ; 17 ; 5 ; 0.687951 ; -0.00191213 ; 0.0026522 ; 101.291;
13 ; 17 ; 5 ; 0.677979 ; -0.00153863 ; -0.00915322 ; 101.357;
14 ; 17 ; 5 ; 0.687749 ; -0.00595581 ; 0.00214761 ; 101.4;
15 ; 17 ; 5 ; 0.701082 ; -0.00543551 ; 0.00803931 ; 101.498;
16 ; 17 ; 5 ; 0.699206 ; -0.00070695 ; 0.0107237 ; 101.525;
17 ; 17 ; 5 ; 0.696529 ; 0.00998461 ; -0.00656088 ; 101.56;
18 ; 17 ; 5 ; 0.699138 ; 0.00324122 ; 0.00362729 ; 101.301;
19 ; 17 ; 5 ; 0.706771 ; 0.00243677 ; 0.00134397 ; 101.283;
20 ; 17 ; 5 ; 0.714241 ; 0.00371424 ; 0.00254005 ; 101.447;
21 ; 17 ; 5 ; 0.677922 ; -0.0028074 ; 0.00478847 ; 101.522;
4 ; 18 ; 5 ; 0.702989 ; 0.0211684 ; 0.0141173 ; 102.077;
5 ; 18 ; 5 ; 0.696625 ; -0.0186591 ; -0.00823264 ; 100.686;
6 ; 18 ; 5 ; 0.712044 ; -0.000384549 ; 0.00172907 ; 101.187;
7 ; 18 ; 5 ; 0.710194 ; 0.000182942 ; -0.00202557 ; 101.277;
8 ; 18 ; 5 ; 0.701076 ; -0.00806484 ; 0.00310636 ; 101.442;
9 ; 18 ; 5 ; 0.711081 ; -0.00689061 ; 0.00721619 ; 101.999;
10 ; 18 ; 5 ; 0.698324 ; -0.00630308 ; 0.00735966 ; 101.402;
11 ; 18 ; 5 ; 0.693723 ; -0.00445525 ; 0.00677075 ; 101.18;
12 ; 18 ; 5 ; 0.683977 ; -0.00113832 ; 0.00119244 ; 101.477;
13 ; 18 ; 5 ; 0.683402 ; -0.00374978 ; -0.00986688 ; 101.453;
14 ; 18 ; 5 ; 0.686877 ; -0.0083969 ; -0.00258728 ; 101.478;
15 ; 18 ; 5 ; 0.703786 ; -0.00885659 ; 0.00587094 ; 101.539;
16 ; 18 ; 5 ; 0.713356 ; -0.00103352 ; 0.0091983 ; 101.631;
17 ; 18 ; 5 ; 0.700293 ; 0.0183909 ; -0.0038296 ; 101.763;
18 ; 18 ; 5 ; 0.698616 ; 0.00445413 ; -0.00361211 ; 101.332;
19 ; 18 ; 5 ; 0.705539 ; 0.004096 ; -0.00358914 ; 101.219;
20 ; 18 ; 5 ; 0.712065 ; 0.0117638 ; 0.00519802 ; 101.291;
21 ; 18 ; 5 ; 0.704016 ; -0.0226662 ; -0.00366194 ; 101.172;
4 ; 19 ; 5 ; 0.716418 ; 0.00295839 ; 0.000471633 ; 101.811;
5 ; 19 ; 5 ; 0.693761 ; 0.000292579 ; 0.0111758 ; 101.799;
6 ; 19 ; 5 ; 0.699425 ; -0.00131382 ; 0.0109458 ; 101.675;
7 ; 19 ; 5 ; 0.695146 ; -0.0076434 ; 0.0130177 ; 101.69;
8 ; 19 ; 5 ; 0.688345 ; -0.00525503 ; 0.0286691 ; 102.373;
9 ; 19 ; 5 ; 0.689887 ; -0.00417042 ; 0.00502561 ; 101.09;
10 ; 19 ; 5 ; 0.701155 ; -0.000574186 ; 0.00249678 ; 101.173;
11 ; 19 ; 5 ; 0.711479 ; -0.00148351 ; 0.000829594 ; 101.194;
12 ; 19 ; 5 ; 0.701114 ; -0.0021753 ; 0.0170602 ; 101.088;
13 ; 19 ; 5 ; 0.699091 ; -0.0115058 ; -0.0181242 ; 101.656;
14 ; 19 ; 5 ; 0.698461 ; 0.00559654 ; -0.00841559 ; 101.585;
15 ; 19 ; 5 ; 0.700661 ; 0.00582726 ; 0.00726805 ; 101.449;
16 ; 19 ; 5 ; 0.700142 ; -0.0143552 ; 0.0170734 ; 101.018;
17 ; 19 ; 5 ; 0.699858 ; 0.00599419 ; -0.00656844 ; 101.447;
18 ; 19 ; 5 ; 0.69313 ; 0.0105947 ; -0.00205564 ; 101.524;
19 ; 19 ; 5 ; 0.687026 ; 0.00181389 ; 0.00480741 ; 101.636;
20 ; 19 ; 5 ; 0.680375 ; -0.0254422 ; 0.0281566 ; 101.996;
21 ; 19 ; 5 ; 0.685349 ; -0.00745532 ; 0.00245266 ; 100.783;
4 ; 20 ; 5 ; 0.687282 ; -0.0106896 ; -0.0209955 ; 101.99;
5 ; 20 ; 5 ; 0.692451 ; 0.00548306 ; 0.00352996 ; 101.532;
6 ; 20 ; 5 ; 0.697018 ; -0.0019108 ; 0.00840071 ; 101.601;
7 ; 20 ; 5 ; 0.696531 ; -0.00732761 ; 0.0113653 ; 101.644;
8 ; 20 ; 5 ; 0.691399 ; -0.00824311 ; 0.01675 ; 101.937;
9 ; 20 ; 5 ; 0.704816 ; -0.000343141 ; 0.00473514 ; 101.086;
10 ; 20 ; 5 ; 0.705766 ; -0.00160663 ; 0.00169462 ; 101.123;
11 ; 20 ; 5 ; 0.712351 ; -0.00199275 ; 0.000586173 ; 101.084;
12 ; 20 ; 5 ; 0.714092 ; -0.00323448 ; 0.00635632 ; 101.128;
13 ; 20 ; 5 ; 0.705406 ; -0.000231973 ; -0.00714021 ; 101.625;
14 ; 20 ; 5 ; 0.70201 ; 0.00487656 ; -0.00518446 ; 101.631;
15 ; 20 ; 5 ; 0.704946 ; 0.00253928 ; 0.00352072 ; 101.52;
16 ; 20 ; 5 ; 0.705025 ; -0.00388866 ; 0.0142797 ; 101.245;
17 ; 20 ; 5 ; 0.689158 ; -0.00886386 ; 0.00451554 ; 101.589;
18 ; 20 ; 5 ; 0.690371 ; 0.00757699 ; -0.00487292 ; 101.548;
19 ; 20 ; 5 ; 0.687435 ; 0.00437466 ; -0.00308497 ; 101.625;
20 ; 20 ; 5 ; 0.682646 ; -0.0152705 ; 0.017447 ; 101.784;
21 ; 20 ; 5 ; 0.70225 ; -0.00603102 ; 0.0119305 ; 101.833;
4 ; 21 ; 5 ; 0.716086 ; 0.000316379 ; -0.0102356 ; 101.758;
5 ; 21 ; 5 ; 0.696342 ; 0.00514902 ; 0.0019834 ; 101.316;
6 ; 21 ; 5 ; 0.69383 ; -0.0033181 ; 0.0051692 ; 101.574;
7 ; 21 ; 5 ; 0.69745 ; -0.00687982 ; 0.00733056 ; 101.571;
8 ; 21 ; 5 ; 0.698621 ; -0.0114505 ; 0.00409658 ; 101.762;
9 ; 21 ; 5 ; 0.715416 ; -0.00541727 ; 0.00648479 ; 101.165;
10 ; 21 ; 5 ; 0.710757 ; -0.000273351 ; 8.40209e-05 ; 101.061;
11 ; 21 ; 5 ; 0.71651 ; -0.00282435 ; -0.00134648 ; 101.009;
12 ; 21 ; 5 ; 0.713825 ; -0.00107777 ; -0.00168174 ; 101.064;
13 ; 21 ; 5 ; 0.711548 ; 0.00931424 ; -0.000928649 ; 101.609;
14 ; 21 ; 5 ; 0.705299 ; 0.00191893 ; -0.00157451 ; 101.713;
15 ; 21 ; 5 ; 0.710098 ; 0.000538835 ; 0.000348631 ; 101.645;
16 ; 21 ; 5 ; 0.712642 ; 0.00133012 ; 0.00347452 ; 101.557;
17 ; 21 ; 5 ; 0.68106 ; -0.026092 ; 0.0141242 ; 101.434;
18 ; 21 ; 5 ; 0.68997 ; 0.00419527 ; -0.00720109 ; 101.627;
19 ; 21 ; 5 ; 0.688737 ; 0.00707838 ; -0.0109976 ; 101.597;
20 ; 21 ; 5 ; 0.692583 ; -0.00837754 ; 0.0119078 ; 101.588;
21 ; 21 ; 5 ; 0.695026 ; 0.00480603 ; -0.0104439 ; 101.48;
4 ; 4 ; 6 ; 0.599429 ; -0.00734396 ; 0.0177302 ; 101.73;
5 ; 4 ; 6 ; 0.590264 ; 0.00549397 ; 0.000442451 ; 101.785;
6 ; 4 ; 6 ; 0.588912 ; 0.00345137 ; 0.00737428 ; 101.478;
7 ; 4 ; 6 ; 0.594608 ; -0.00220623 ; 0.00509963 ; 101.566;
8 ; 4 ; 6 ; 0.609268 ; -0.0143468 ; -0.00168642 ; 101.748;
9 ; 4 ; 6 ; 0.578923 ; -0.00527399 ; -0.00111659 ; 101.46;
10 ; 4 ; 6 ; 0.583365 ; 0.00734026 ; 0.00340659 ; 101.708;
11 ; 4 ; 6 ; 0.572399 ; 0.00927771 ; 0.00417565 ; 101.819;
12 ; 4 ; 6 ; 0.555952 ; -0.00739181 ; -0.00694808 ; 102.236;
13 ; 4 ; 6 ; 0.576192 ; 0.00595118 ; 0.00528325 ; 101.148;
14 ; 4 ; 6 ; 0.579998 ; 0.00293989 ; 0.00154845 ; 101.202;
15 ; 4 ; 6 ; 0.585696 ; -0.00170755 ; 0.00373154 ; 101.499;
16 ; 4 ; 6 ; 0.606358 ; 0.00702082 ; 0.018744 ; 101.822;
17 ; 4 ; 6 ; 0.577467 ; -0.00313555 ; -0.00860761 ; 101.419;
18 ; 4 ; 6 ; 0.581401 ; -0.00163594 ; -0.00100194 ; 101.378;
19 ; 4 ; 6 ; 0.591637 ; 0.00611986 ; 0.00543456 ; 101.636;
20 ; 4 ; 6 ; 0.595925 ; 0.0264042 ; 0.00298718 ; 101.64;
21 ; 4 ; 6 ; 0.601864 ; -0.00477858 ; -0.0086558 ; 101.535;
4 ; 5 ; 6 ; 0.575057 ; 0.0241561 ; 0.0012828 ; 101.705;
5 ; 5 ; 6 ; 0.621818 ; -0.00312436 ; 0.00361755 ; 101.776;
6 ; 5 ; 6 ; 0.596643 ; 0.0011945 ; 0.00497965 ; 101.576;
7 ; 5 ; 6 ; 0.589759 ; 0.00359526 ; 0.00775997 ; 101.636;
8 ; 5 ; 6 ; 0.599255 ; -0.00417594 ; 0.00010683 ; 101.635;
9 ; 5 ; 6 ; 0.576017 ; 0.00755294 ; -0.0250008 ; 101.461;
10 ; 5 ; 6 ; 0.582603 ; 0.00583743 ; -0.00539456 ; 101.549;
11 ; 5 ; 6 ; 0.577955 ; 0.00356382 ; 0.00117165 ; 101.648;
12 ; 5 ; 6 ; 0.561771 ; 0.000731441 ; 0.00229316 ; 101.957;
13 ; 5 ; 6 ; 0.58943 ; 0.00700013 ; 0.00352327 ; 101.283;
14 ; 5 ; 6 ; 0.584079 ; 0.00461949 ; 0.0030986 ; 101.215;
15 ; 5 ; 6 ; 0.586532 ; 0.00133686 ; 0.00346867 ; 101.451;
16 ; 5 ; 6 ; 0.591661 ; -0.000606133 ; 0.00476152 ; 101.716;
17 ; 5 ; 6 ; 0.59208 ; 0.00292289 ; -0.0132956 ; 101.374;
18 ; 5 ; 6 ; 0.586068 ; 0.00151909 ; -0.00406644 ; 101.437;
19 ; 5 ; 6 ; 0.588571 ; 0.0036431 ; 0.00203937 ; 101.641;
20 ; 5 ; 6 ; 0.595205 ; 0.0152025 ; 0.00488049 ; 101.849;
21 ; 5 ; 6 ; 0.601771 ; -0.00741054 ; -0.00836779 ; 101.217;
4 ; 6 ; 6 ; 0.570265 ; 0.0245059 ; -0.00923678 ; 102.14;
5 ; 6 ; 6 ; 0.635063 ; -0.0106168 ; 0.00965484 ; 101.374;
6 ; 6 ; 6 ; 0.605589 ; 0.00112382 ; 0.000641484 ; 101.849;
7 ; 6 ; 6 ; 0.58539 ; 0.0101744 ; 0.00831008 ; 101.756;
8 ; 6 ; 6 ; 0.586995 ; 0.012947 ; 0.0134728 ; 101.594;
9 ; 6 ; 6 ; 0.57618 ; 0.016012 ; -0.0370489 ; 101.34;
10 ; 6 ; 6 ; 0.579179 ; 0.00308779 ; -0.0141965 ; 101.375;
11 ; 6 ; 6 ; 0.580746 ; -0.00123932 ; 0.000134109 ; 101.419;
12 ; 6 ; 6 ; 0.584742 ; 0.000380835 ; 0.00911593 ; 101.562;
13 ; 6 ; 6 ; 0.598014 ; 0.00750475 ; -0.00249552 ; 101.416;
14 ; 6 ; 6 ; 0.584831 ; 0.00530277 ; 0.0062812 ; 101.205;
15 ; 6 ; 6 ; 0.581948 ; 0.00209611 ; 0.000801957 ; 101.353;
16 ; 6 ; 6 ; 0.583915 ; -0.00144375 ; -0.0122287 ; 101.498;
17 ; 6 ; 6 ; 0.601314 ; 0.00381039 ; -0.0193334 ; 101.411;
18 ; 6 ; 6 ; 0.59001 ; 0.00493327 ; -0.00639389 ; 101.545;
19 ; 6 ; 6 ; 0.585402 ; 0.000499971 ; -0.000882872 ; 101.726;
20 ; 6 ; 6 ; 0.582629 ; -0.00770048 ; -0.000816739 ; 101.855;
21 ; 6 ; 6 ; 0.571076 ; -0.00356896 ; 0.013072 ; 101.098;
4 ; 7 ; 6 ; 0.584546 ; -0.00443506 ; 0.00180406 ; 102.534;
5 ; 7 ; 6 ; 0.592472 ; -0.00442126 ; 0.00717189 ; 101.266;
6 ; 7 ; 6 ; 0.58985 ; 0.00346015 ; -0.00117953 ; 101.248;
7 ; 7 ; 6 ; 0.599746 ; 0.00515081 ; -0.00423352 ; 101.258;
8 ; 7 ; 6 ; 0.609844 ; -0.00561217 ; -0.00236062 ; 100.678;
9 ; 7 ; 6 ; 0.590334 ; -0.00278549 ; 0.0152219 ; 101.439;
10 ; 7 ; 6 ; 0.587752 ; 0.000554848 ; 0.0079019 ; 101.139;
11 ; 7 ; 6 ; 0.582855 ; -0.000489421 ; -0.0117775 ; 101.436;
12 ; 7 ; 6 ; 0.59017 ; -0.00306259 ; -0.034093 ; 102.223;
13 ; 7 ; 6 ; 0.573473 ; 0.00638227 ; 0.00128101 ; 101.582;
14 ; 7 ; 6 ; 0.573631 ; -0.00195295 ; 0.00271567 ; 101.476;
15 ; 7 ; 6 ; 0.58372 ; -0.0099276 ; -0.00291649 ; 101.509;
16 ; 7 ; 6 ; 0.600992 ; -0.0116648 ; 0.00436551 ; 101.663;
17 ; 7 ; 6 ; 0.582743 ; -0.00545511 ; -0.00931681 ; 101.125;
18 ; 7 ; 6 ; 0.583738 ; 0.00140157 ; -0.0119239 ; 101.459;
19 ; 7 ; 6 ; 0.587234 ; 0.00617496 ; -0.0120046 ; 101.914;
20 ; 7 ; 6 ; 0.595161 ; 0.0105847 ; -0.0165864 ; 102.483;
21 ; 7 ; 6 ; 0.583201 ; 0.000125196 ; -0.0457082 ; 101.455;
4 ; 8 ; 6 ; 0.588239 ; 0.00646604 ; 0.0101461 ; 101.666;
5 ; 8 ; 6 ; 0.604157 ; -0.0174521 ; 0.00451922 ; 101.338;
6 ; 8 ; 6 ; 0.595721 ; -0.00125054 ; 0.000896311 ; 101.24;
7 ; 8 ; 6 ; 0.598339 ; 0.00614452 ; -0.00110531 ; 101.242;
8 ; 8 ; 6 ; 0.605273 ; 0.00109754 ; -0.00530219 ; 101.053;
9 ; 8 ; 6 ; 0.58394 ; 0.000278664 ; 0.00680607 ; 101.351;
10 ; 8 ; 6 ; 0.584679 ; -3.55987e-05 ; 0.00471377 ; 101.253;
11 ; 8 ; 6 ; 0.579469 ; -0.00477382 ; -0.00862796 ; 101.582;
12 ; 8 ; 6 ; 0.583532 ; -0.0075276 ; -0.0224095 ; 101.828;
13 ; 8 ; 6 ; 0.580056 ; 0.000563124 ; -0.00359155 ; 101.522;
14 ; 8 ; 6 ; 0.576241 ; -0.000180662 ; -0.000623046 ; 101.468;
15 ; 8 ; 6 ; 0.580129 ; -0.00268923 ; -0.00685774 ; 101.453;
16 ; 8 ; 6 ; 0.590044 ; -0.010213 ; -0.00369563 ; 101.588;
17 ; 8 ; 6 ; 0.578146 ; -0.00313904 ; -0.00189699 ; 101.403;
18 ; 8 ; 6 ; 0.579609 ; -0.00019259 ; -0.00698426 ; 101.548;
19 ; 8 ; 6 ; 0.58193 ; 0.00359349 ; -0.00739897 ; 101.983;
20 ; 8 ; 6 ; 0.590922 ; 0.00855426 ; -0.0128525 ; 102.188;
21 ; 8 ; 6 ; 0.581115 ; -0.0105167 ; -0.00326586 ; 101.292;
4 ; 9 ; 6 ; 0.600039 ; -0.00866311 ; -0.000442086 ; 102.224;
5 ; 9 ; 6 ; 0.597005 ; -0.00922764 ; 0.00147777 ; 101.456;
6 ; 9 ; 6 ; 0.602299 ; -0.00611209 ; 0.00181587 ; 101.345;
7 ; 9 ; 6 ; 0.597587 ; 0.00541518 ; 0.00252917 ; 101.368;
8 ; 9 ; 6 ; 0.593902 ; 0.0149491 ; -0.0027315 ; 101.313;
9 ; 9 ; 6 ; 0.581182 ; 0.00510743 ; -0.00565345 ; 101.629;
10 ; 9 ; 6 ; 0.581833 ; -0.00170431 ; -4.40316e-05 ; 101.515;
11 ; 9 ; 6 ; 0.578751 ; -0.010127 ; -0.00131599 ; 101.706;
12 ; 9 ; 6 ; 0.572705 ; -0.0167706 ; -0.00503899 ; 101.852;
13 ; 9 ; 6 ; 0.588538 ; -0.0030312 ; -0.00343495 ; 101.696;
14 ; 9 ; 6 ; 0.581027 ; -9.66965e-05 ; -0.00519767 ; 101.54;
15 ; 9 ; 6 ; 0.578168 ; 0.00416442 ; -0.010077 ; 101.456;
16 ; 9 ; 6 ; 0.574684 ; 0.00440798 ; -0.0146099 ; 101.318;
17 ; 9 ; 6 ; 0.581884 ; 0.00339763 ; -0.00335007 ; 101.513;
18 ; 9 ; 6 ; 0.576671 ; 0.000857825 ; -0.00521048 ; 101.461;
19 ; 9 ; 6 ; 0.578021 ; 0.000955946 ; -0.00502799 ; 101.748;
20 ; 9 ; 6 ; 0.581062 ; 0.0045844 ; -0.00256421 ; 102.133;
21 ; 9 ; 6 ; 0.565479 ; -0.0150544 ; 0.0091992 ; 101.777;
4 ; 10 ; 6 ; 0.607575 ; -0.0131264 ; -0.000171875 ; 101.081;
5 ; 10 ; 6 ; 0.58952 ; 0.00140911 ; 0.0100599 ; 101.566;
6 ; 10 ; 6 ; 0.597243 ; -0.000854222 ; 0.00524141 ; 101.515;
7 ; 10 ; 6 ; 0.593499 ; 0.00480358 ; 0.0061568 ; 101.532;
8 ; 10 ; 6 ; 0.591815 ; 0.0124842 ; 0.00490357 ; 101.34;
9 ; 10 ; 6 ; 0.581855 ; 0.0139181 ; -0.0102616 ; 101.543;
10 ; 10 ; 6 ; 0.580999 ; 0.00435813 ; -0.00480648 ; 101.578;
11 ; 10 ; 6 ; 0.582225 ; -0.00337989 ; 0.00265411 ; 101.627;
12 ; 10 ; 6 ; 0.579715 ; -0.0178339 ; 0.00313556 ; 101.946;
13 ; 10 ; 6 ; 0.582848 ; -0.00210335 ; -0.00163083 ; 101.767;
14 ; 10 ; 6 ; 0.58599 ; -0.00137562 ; -0.00223824 ; 101.623;
15 ; 10 ; 6 ; 0.586103 ; 0.000379003 ; -0.00156285 ; 101.51;
16 ; 10 ; 6 ; 0.583184 ; 0.0107584 ; -0.00751106 ; 101.335;
17 ; 10 ; 6 ; 0.576198 ; 0.00299287 ; -0.00248896 ; 101.106;
18 ; 10 ; 6 ; 0.578001 ; 0.000530625 ; -0.00865887 ; 101.363;
19 ; 10 ; 6 ; 0.581234 ; -0.00130087 ; -0.0110321 ; 101.514;
20 ; 10 ; 6 ; 0.581546 ; 0.00201579 ; -0.00311348 ; 101.812;
21 ; 10 ; 6 ; 0.588676 ; 0.00507664 ; 0.0136866 ; 101.156;
4 ; 11 ; 6 ; 0.595214 ; -0.0378136 ; -0.0140083 ; 102.021;
5 ; 11 ; 6 ; 0.596754 ; -0.000789096 ; 0.0133787 ; 101.301;
6 ; 11 ; 6 ; 0.591386 ; 0.00040197 ; 0.00427627 ; 101.424;
7 ; 11 ; 6 ; 0.587605 ; 0.00246533 ; 8.40282e-05 ; 101.563;
8 ; 11 ; 6 ; 0.590625 ; 0.0029885 ; 0.00862309 ; 101.605;
9 ; 11 ; 6 ; 0.573756 ; 0.00853159 ; 0.00611612 ; 101.041;
10 ; 11 ; 6 ; 0.580581 ; 0.00820151 ; 0.00216429 ; 101.353;
11 ; 11 ; 6 ; 0.588001 ; 0.00565501 ; 0.00561987 ; 101.348;
12 ; 11 ; 6 ; 0.588078 ; -0.00464464 ; 0.0107217 ; 101.433;
13 ; 11 ; 6 ; 0.5813 ; -0.00541884 ; 0.0178809 ; 101.285;
14 ; 11 ; 6 ; 0.583237 ; -0.00676136 ; 0.00635401 ; 101.428;
15 ; 11 ; 6 ; 0.585682 ; -0.00826697 ; 0.00621896 ; 101.449;
16 ; 11 ; 6 ; 0.595371 ; -0.00579056 ; 0.0092294 ; 101.506;
17 ; 11 ; 6 ; 0.575614 ; 0.00574262 ; 2.03191e-05 ; 101.243;
18 ; 11 ; 6 ; 0.5778 ; 0.00152411 ; -0.00813121 ; 101.235;
19 ; 11 ; 6 ; 0.58307 ; -0.000255929 ; -0.0134734 ; 101.404;
20 ; 11 ; 6 ; 0.584519 ; -0.00390393 ; -0.0158436 ; 101.323;
21 ; 11 ; 6 ; 0.569254 ; 0.006078 ; 0.00651791 ; 101.027;
4 ; 12 ; 6 ; 0.590233 ; 0.00942147 ; -0.00160574 ; 100.626;
5 ; 12 ; 6 ; 0.600241 ; -0.00496013 ; 0.0078199 ; 101.067;
6 ; 12 ; 6 ; 0.58945 ; -0.000315788 ; 0.00499889 ; 101.291;
7 ; 12 ; 6 ; 0.582969 ; 0.00252766 ; -0.00297211 ; 101.48;
8 ; 12 ; 6 ; 0.587401 ; 0.00600825 ; 0.00785684 ; 101.69;
9 ; 12 ; 6 ; 0.569848 ; -0.00370082 ; 0.0211452 ; 100.859;
10 ; 12 ; 6 ; 0.579082 ; 0.0109744 ; 0.00637368 ; 101.163;
11 ; 12 ; 6 ; 0.588913 ; 0.0103076 ; 0.00595692 ; 101.249;
12 ; 12 ; 6 ; 0.587208 ; 0.0043145 ; 0.00193146 ; 101.461;
13 ; 12 ; 6 ; 0.581417 ; -0.0118306 ; 0.0321583 ; 100.965;
14 ; 12 ; 6 ; 0.581315 ; -0.00840431 ; 0.0114397 ; 101.251;
15 ; 12 ; 6 ; 0.583071 ; -0.0104374 ; 0.00912388 ; 101.35;
16 ; 12 ; 6 ; 0.583808 ; -0.00856135 ; 0.0122351 ; 101.505;
17 ; 12 ; 6 ; 0.581567 ; 0.0143967 ; -0.00284537 ; 101.409;
18 ; 12 ; 6 ; 0.575612 ; -9.43645e-07 ; -0.00404156 ; 101.31;
19 ; 12 ; 6 ; 0.581576 ; -0.000462576 ; -0.0116935 ; 101.551;
20 ; 12 ; 6 ; 0.58943 ; -0.000175706 ; -0.012792 ; 101.718;
21 ; 12 ; 6 ; 0.577553 ; 0.0375812 ; -0.0120046 ; 101.785;
4 ; 13 ; 6 ; 0.58137 ; -0.00783577 ; 0.00149344 ; 100.442;
5 ; 13 ; 6 ; 0.591992 ; -0.0151697 ; 0.0180003 ; 101.905;
6 ; 13 ; 6 ; 0.584193 ; -0.00616711 ; 0.0112297 ; 101.878;
7 ; 13 ; 6 ; 0.586187 ; 0.00398726 ; 0.00465763 ; 101.901;
8 ; 13 ; 6 ; 0.581806 ; 0.00251946 ; -0.0109325 ; 101.812;
9 ; 13 ; 6 ; 0.592891 ; 0.00241077 ; -0.00147957 ; 101.451;
10 ; 13 ; 6 ; 0.597122 ; 0.0019779 ; -0.000651701 ; 101.496;
11 ; 13 ; 6 ; 0.589241 ; -9.07779e-05 ; 0.00114312 ; 101.464;
12 ; 13 ; 6 ; 0.583062 ; -0.0180094 ; 0.010612 ; 101.881;
13 ; 13 ; 6 ; 0.573095 ; 0.00640545 ; 0.00515076 ; 101.612;
14 ; 13 ; 6 ; 0.572526 ; 0.00626552 ; 0.00774458 ; 101.376;
15 ; 13 ; 6 ; 0.574132 ; 0.0078791 ; 0.00823283 ; 101.731;
16 ; 13 ; 6 ; 0.574605 ; 7.02707e-05 ; -0.00358149 ; 102.387;
17 ; 13 ; 6 ; 0.583171 ; 0.00103992 ; -0.0162463 ; 101.478;
18 ; 13 ; 6 ; 0.575201 ; 0.00454697 ; -0.019989 ; 101.641;
19 ; 13 ; 6 ; 0.585297 ; 0.0103212 ; -0.0333852 ; 101.417;
20 ; 13 ; 6 ; 0.593269 ; 0.0245121 ; -0.041469 ; 100.549;
21 ; 13 ; 6 ; 0.585309 ; 0.0320457 ; -0.0286124 ; 101.295;
4 ; 14 ; 6 ; 0.600487 ; -0.00460527 ; 0.00813002 ; 102.409;
5 ; 14 ; 6 ; 0.588459 ; -0.0140637 ; 0.00811118 ; 101.758;
6 ; 14 ; 6 ; 0.587804 ; -0.0076471 ; 0.0103098 ; 101.791;
7 ; 14 ; 6 ; 0.591164 ; 0.00261485 ; 0.00499941 ; 101.824;
8 ; 14 ; 6 ; 0.589284 ; 0.00337087 ; -0.0038569 ; 101.888;
9 ; 14 ; 6 ; 0.585994 ; 0.00407657 ; 0.000565486 ; 101.352;
10 ; 14 ; 6 ; 0.593432 ; 0.00404795 ; 0.000413563 ; 101.434;
11 ; 14 ; 6 ; 0.588487 ; 0.0030797 ; 0.00248445 ; 101.426;
12 ; 14 ; 6 ; 0.583285 ; -0.00525068 ; 0.00629477 ; 101.581;
13 ; 14 ; 6 ; 0.574193 ; 0.00283291 ; 0.00792726 ; 101.496;
14 ; 14 ; 6 ; 0.574914 ; 0.00414687 ; 0.00859234 ; 101.472;
15 ; 14 ; 6 ; 0.581292 ; 0.00649476 ; 0.00751846 ; 101.651;
16 ; 14 ; 6 ; 0.579827 ; 0.00455689 ; 0.0048769 ; 102.178;
17 ; 14 ; 6 ; 0.57517 ; 0.00431393 ; -0.0118122 ; 101.719;
18 ; 14 ; 6 ; 0.576762 ; 0.00385308 ; -0.0174524 ; 101.646;
19 ; 14 ; 6 ; 0.583729 ; 0.00969039 ; -0.026897 ; 101.474;
20 ; 14 ; 6 ; 0.595702 ; 0.0152466 ; -0.0445182 ; 101.021;
21 ; 14 ; 6 ; 0.589697 ; -0.00189396 ; -0.0138607 ; 102.311;
4 ; 15 ; 6 ; 0.588494 ; 0.021344 ; -2.60106e-05 ; 102.042;
5 ; 15 ; 6 ; 0.585348 ; -0.00312551 ; 0.0017322 ; 101.431;
6 ; 15 ; 6 ; 0.58977 ; -0.00613682 ; 0.0066814 ; 101.709;
7 ; 15 ; 6 ; 0.595609 ; 0.000956901 ; 0.00617087 ; 101.842;
8 ; 15 ; 6 ; 0.600802 ; 0.00412755 ; 0.000597709 ; 101.763;
9 ; 15 ; 6 ; 0.586378 ; -0.00348791 ; 0.0146237 ; 101.114;
10 ; 15 ; 6 ; 0.58729 ; 0.00183836 ; 0.00266532 ; 101.282;
11 ; 15 ; 6 ; 0.586017 ; 0.00456163 ; -3.84149e-05 ; 101.364;
12 ; 15 ; 6 ; 0.588645 ; 0.00733941 ; 0.00168272 ; 101.342;
13 ; 15 ; 6 ; 0.575034 ; -0.000236917 ; 0.00901331 ; 101.759;
14 ; 15 ; 6 ; 0.578386 ; 0.000915612 ; 0.00941773 ; 101.649;
15 ; 15 ; 6 ; 0.587083 ; 0.00331059 ; 0.00482092 ; 101.664;
16 ; 15 ; 6 ; 0.596209 ; 0.0101893 ; 0.00738475 ; 101.654;
17 ; 15 ; 6 ; 0.583206 ; 0.00374777 ; -0.00998922 ; 101.596;
18 ; 15 ; 6 ; 0.582783 ; 0.00413004 ; -0.0103444 ; 101.626;
19 ; 15 ; 6 ; 0.587564 ; 0.00775058 ; -0.0117976 ; 101.433;
20 ; 15 ; 6 ; 0.590108 ; 0.00944508 ; -0.0287461 ; 101.463;
21 ; 15 ; 6 ; 0.600743 ; 0.000760752 ; -0.0161732 ; 101.708;
4 ; 16 ; 6 ; 0.593326 ; -0.0162581 ; -0.0218908 ; 102.045;
5 ; 16 ; 6 ; 0.586998 ; 0.0113842 ; 0.00319365 ; 101.485;
6 ; 16 ; 6 ; 0.589595 ; 0.000187915 ; 0.00393749 ; 101.628;
7 ; 16 ; 6 ; 0.592499 ; -0.0011824 ; 0.00457123 ; 101.885;
8 ; 16 ; 6 ; 0.59757 ; 0.00182129 ; 0.00170903 ; 101.89;
9 ; 16 ; 6 ; 0.590006 ; -0.000616821 ; 0.018002 ; 100.984;
10 ; 16 ; 6 ; 0.588154 ; -0.00239059 ; 0.00788975 ; 101.167;
11 ; 16 ; 6 ; 0.585436 ; -0.000285382 ; -0.0036574 ; 101.365;
12 ; 16 ; 6 ; 0.587834 ; 7.00705e-06 ; -0.00711514 ; 101.515;
13 ; 16 ; 6 ; 0.585397 ; 0.000954922 ; 0.0007641 ; 101.554;
14 ; 16 ; 6 ; 0.582944 ; -0.00155105 ; 0.00292392 ; 101.653;
15 ; 16 ; 6 ; 0.586925 ; -0.00313044 ; -0.00498601 ; 101.686;
16 ; 16 ; 6 ; 0.593912 ; 0.0049576 ; -0.00512634 ; 101.713;
17 ; 16 ; 6 ; 0.583934 ; 0.00520169 ; 0.000296638 ; 101.419;
18 ; 16 ; 6 ; 0.586744 ; 0.00457143 ; -0.00302274 ; 101.482;
19 ; 16 ; 6 ; 0.592686 ; 0.00850562 ; -0.00250698 ; 101.329;
20 ; 16 ; 6 ; 0.589841 ; 0.0115048 ; 0.002708 ; 101.137;
21 ; 16 ; 6 ; 0.588526 ; -0.0118364 ; 0.00352668 ; 101.947;
4 ; 17 ; 6 ; 0.587849 ; 0.0149625 ; 0.0372501 ; 101.626;
5 ; 17 ; 6 ; 0.60537 ; -0.00546619 ; 0.00824077 ; 101.526;
6 ; 17 ; 6 ; 0.592527 ; -0.000182026 ; 0.00784749 ; 101.701;
7 ; 17 ; 6 ; 0.591105 ; -0.002772 ; 0.0094841 ; 101.909;
8 ; 17 ; 6 ; 0.589527 ; -0.00491431 ; 0.00653632 ; 102.056;
9 ; 17 ; 6 ; 0.582717 ; 0.0183359 ; 0.011354 ; 101.201;
10 ; 17 ; 6 ; 0.589282 ; 0.00541915 ; 0.00594336 ; 101.156;
11 ; 17 ; 6 ; 0.590428 ; 0.000819663 ; -0.00848696 ; 101.37;
12 ; 17 ; 6 ; 0.580769 ; -0.00162649 ; -0.0160536 ; 101.399;
13 ; 17 ; 6 ; 0.583459 ; 0.0151947 ; -0.000164936 ; 101.658;
14 ; 17 ; 6 ; 0.583451 ; 0.00263846 ; -0.000860661 ; 101.607;
15 ; 17 ; 6 ; 0.58475 ; -0.00573704 ; -0.00859659 ; 101.639;
16 ; 17 ; 6 ; 0.578686 ; -0.00727513 ; -0.0145636 ; 101.788;
17 ; 17 ; 6 ; 0.585859 ; 0.00964845 ; -0.0025489 ; 101.26;
18 ; 17 ; 6 ; 0.591294 ; 0.00663331 ; -0.00572821 ; 101.469;
19 ; 17 ; 6 ; 0.597442 ; 0.00569053 ; -0.0129137 ; 101.506;
20 ; 17 ; 6 ; 0.598304 ; 0.00855521 ; -0.00152633 ; 101.343;
21 ; 17 ; 6 ; 0.570871 ; -0.00767171 ; -0.00997815 ; 102.564;
4 ; 18 ; 6 ; 0.60311 ; 0.00492934 ; 0.0153652 ; 100.804;
5 ; 18 ; 6 ; 0.614994 ; -0.0230333 ; 0.00881075 ; 101.531;
6 ; 18 ; 6 ; 0.596801 ; -0.00296237 ; 0.0116287 ; 101.705;
7 ; 18 ; 6 ; 0.592314 ; -0.00400374 ; 0.012178 ; 101.836;
8 ; 18 ; 6 ; 0.588549 ; -0.006376 ; 0.0115958 ; 101.677;
9 ; 18 ; 6 ; 0.574219 ; 0.0269754 ; 0.00552136 ; 101.385;
10 ; 18 ; 6 ; 0.590256 ; 0.013703 ; 0.00466919 ; 101.187;
11 ; 18 ; 6 ; 0.594539 ; 0.0035334 ; -0.00843794 ; 101.384;
12 ; 18 ; 6 ; 0.592263 ; 0.000699684 ; -0.0111982 ; 101.517;
13 ; 18 ; 6 ; 0.575821 ; 0.0272986 ; 0.00381433 ; 101.923;
14 ; 18 ; 6 ; 0.583909 ; 0.0052733 ; -0.00281895 ; 101.567;
15 ; 18 ; 6 ; 0.586967 ; -0.00674287 ; -0.00991217 ; 101.52;
16 ; 18 ; 6 ; 0.581214 ; -0.00726142 ; -0.0163487 ; 101.456;
17 ; 18 ; 6 ; 0.590844 ; 0.0147299 ; -0.00968528 ; 101.248;
18 ; 18 ; 6 ; 0.592015 ; 0.00696376 ; -0.00936104 ; 101.475;
19 ; 18 ; 6 ; 0.596312 ; 0.0046001 ; -0.0220565 ; 101.688;
20 ; 18 ; 6 ; 0.592033 ; 0.00395256 ; -0.0185413 ; 101.703;
21 ; 18 ; 6 ; 0.581106 ; 0.00571576 ; 0.00412399 ; 101.494;
4 ; 19 ; 6 ; 0.577616 ; 0.00374055 ; 0.0100303 ; 101.249;
5 ; 19 ; 6 ; 0.593078 ; 0.0103107 ; 0.0211084 ; 102.021;
6 ; 19 ; 6 ; 0.592055 ; 0.00322232 ; 0.0160592 ; 101.837;
7 ; 19 ; 6 ; 0.584748 ; -0.00390465 ; 0.00536337 ; 101.57;
8 ; 19 ; 6 ; 0.593273 ; -0.00108563 ; 0.00533658 ; 102.039;
9 ; 19 ; 6 ; 0.586705 ; 0.00752683 ; -0.00140774 ; 101.811;
10 ; 19 ; 6 ; 0.587925 ; 0.00280983 ; 0.00015891 ; 101.961;
11 ; 19 ; 6 ; 0.59461 ; -0.00427886 ; 0.0071489 ; 101.856;
12 ; 19 ; 6 ; 0.618638 ; -0.0111342 ; 0.0155805 ; 101.293;
13 ; 19 ; 6 ; 0.582056 ; 0.00405881 ; -0.0176565 ; 101.108;
14 ; 19 ; 6 ; 0.579641 ; 0.00198979 ; -0.0113477 ; 101.273;
15 ; 19 ; 6 ; 0.575591 ; -0.00478536 ; -0.00458833 ; 101.309;
16 ; 19 ; 6 ; 0.577007 ; -0.0117242 ; 0.00613593 ; 101.826;
17 ; 19 ; 6 ; 0.595099 ; -0.0126732 ; -0.0069159 ; 101.36;
18 ; 19 ; 6 ; 0.587486 ; -0.0139058 ; 0.000476925 ; 101.556;
19 ; 19 ; 6 ; 0.587558 ; -0.00391069 ; 0.00644967 ; 101.7;
20 ; 19 ; 6 ; 0.578255 ; 0.00700247 ; 0.0029319 ; 102.375;
21 ; 19 ; 6 ; 0.606131 ; -0.00236886 ; 0.00533235 ; 101.172;
4 ; 20 ; 6 ; 0.572916 ; 0.0221254 ; -0.00530633 ; 101.542;
5 ; 20 ; 6 ; 0.58423 ; -0.00490828 ; -0.00329432 ; 101.824;
6 ; 20 ; 6 ; 0.591192 ; -0.000324902 ; 0.00862593 ; 101.786;
7 ; 20 ; 6 ; 0.586409 ; -0.00252167 ; 0.0025606 ; 101.598;
8 ; 20 ; 6 ; 0.585802 ; -0.000269409 ; 0.000138597 ; 101.817;
9 ; 20 ; 6 ; 0.586898 ; 0.00380259 ; 0.00737871 ; 101.4;
10 ; 20 ; 6 ; 0.589098 ; 0.00196161 ; 8.53418e-05 ; 101.814;
11 ; 20 ; 6 ; 0.594707 ; -0.00527364 ; 0.00129036 ; 101.896;
12 ; 20 ; 6 ; 0.605394 ; -0.00724876 ; 0.0104842 ; 101.609;
13 ; 20 ; 6 ; 0.577637 ; -0.0120767 ; 0.00309233 ; 101.51;
14 ; 20 ; 6 ; 0.581716 ; -0.00185817 ; -0.00706452 ; 101.365;
15 ; 20 ; 6 ; 0.583921 ; -0.00532019 ; -0.00484494 ; 101.345;
16 ; 20 ; 6 ; 0.578192 ; -0.00668072 ; 1.20575e-05 ; 101.429;
17 ; 20 ; 6 ; 0.597411 ; -0.0108483 ; 0.0167184 ; 101.531;
18 ; 20 ; 6 ; 0.590795 ; -0.0112024 ; 0.00413535 ; 101.523;
19 ; 20 ; 6 ; 0.589557 ; -0.00212502 ; 0.00183279 ; 101.443;
20 ; 20 ; 6 ; 0.587435 ; 0.00422518 ; 0.0119128 ; 101.942;
21 ; 20 ; 6 ; 0.590901 ; 0.00199094 ; -0.0055995 ; 101.856;
4 ; 21 ; 6 ; 0.573945 ; -0.00722005 ; -0.00289528 ; 101.607;
5 ; 21 ; 6 ; 0.583777 ; -0.018387 ; -0.0255328 ; 102.018;
6 ; 21 ; 6 ; 0.588834 ; -0.000757934 ; 0.00477244 ; 101.664;
7 ; 21 ; 6 ; 0.585389 ; 7.92586e-05 ; 0.00124159 ; 101.587;
8 ; 21 ; 6 ; 0.578752 ; -0.00528047 ; -0.00411533 ; 101.607;
9 ; 21 ; 6 ; 0.592465 ; 0.00955325 ; 0.00663092 ; 101.259;
10 ; 21 ; 6 ; 0.587868 ; -0.00123623 ; 0.00212964 ; 101.64;
11 ; 21 ; 6 ; 0.591595 ; -0.00577183 ; -0.00343098 ; 101.945;
12 ; 21 ; 6 ; 0.597082 ; -0.00389173 ; 0.00100248 ; 101.981;
13 ; 21 ; 6 ; 0.576934 ; -0.0239524 ; 0.0160437 ; 101.758;
14 ; 21 ; 6 ; 0.582263 ; -0.00445617 ; -0.00511449 ; 101.424;
15 ; 21 ; 6 ; 0.589656 ; -0.00413924 ; -0.00685165 ; 101.28;
16 ; 21 ; 6 ; 0.594409 ; -0.00868465 ; -0.00378622 ; 101.243;
17 ; 21 ; 6 ; 0.600539 ; -0.00474566 ; 0.0456388 ; 101.633;
18 ; 21 ; 6 ; 0.595751 ; -0.00900164 ; 0.00576563 ; 101.429;
19 ; 21 ; 6 ; 0.594562 ; -0.00045808 ; 0.00121443 ; 101.136;
20 ; 21 ; 6 ; 0.591171 ; 0.0049318 ; 0.0133035 ; 101.198;
21 ; 21 ; 6 ; 0.596233 ; -0.00532414 ; -0.00737026 ; 101.323;
4 ; 4 ; 7 ; 0.491848 ; -0.0134818 ; -0.0137944 ; 101.461;
5 ; 4 ; 7 ; 0.48959 ; 0.0136898 ; 0.000292388 ; 101.696;
6 ; 4 ; 7 ; 0.485636 ; 0.0111378 ; 0.011784 ; 101.467;
7 ; 4 ; 7 ; 0.48141 ; -0.00281746 ; 0.0196243 ; 101.596;
8 ; 4 ; 7 ; 0.469369 ; -0.00381363 ; 0.0278616 ; 101.856;
9 ; 4 ; 7 ; 0.486048 ; 0.00558022 ; 0.00298657 ; 101.506;
10 ; 4 ; 7 ; 0.484505 ; -0.00102678 ; -2.44463e-05 ; 101.866;
11 ; 4 ; 7 ; 0.485573 ; 0.00185054 ; 0.00388837 ; 101.779;
12 ; 4 ; 7 ; 0.496646 ; -0.0125378 ; 0.0064256 ; 101.253;
13 ; 4 ; 7 ; 0.489089 ; -0.000538027 ; -0.00507084 ; 101.69;
14 ; 4 ; 7 ; 0.486527 ; 0.000433854 ; -0.00176144 ; 101.367;
15 ; 4 ; 7 ; 0.488329 ; 0.000729911 ; -0.00229947 ; 101.056;
16 ; 4 ; 7 ; 0.504825 ; 0.00225974 ; -0.00634423 ; 100.845;
17 ; 4 ; 7 ; 0.481529 ; -0.00430375 ; -0.00352759 ; 101.78;
18 ; 4 ; 7 ; 0.478336 ; 0.00367315 ; -0.00580527 ; 101.672;
19 ; 4 ; 7 ; 0.477989 ; 0.0154516 ; -0.00798296 ; 101.402;
20 ; 4 ; 7 ; 0.472952 ; 0.0139587 ; 0.00474691 ; 101.223;
21 ; 4 ; 7 ; 0.491268 ; -0.00753186 ; 0.0101147 ; 100.106;
4 ; 5 ; 7 ; 0.467166 ; -0.00254412 ; 0.00422573 ; 100.844;
5 ; 5 ; 7 ; 0.505068 ; 0.00399989 ; 0.00407344 ; 101.8;
6 ; 5 ; 7 ; 0.493443 ; 0.00320683 ; 0.00883364 ; 101.653;
7 ; 5 ; 7 ; 0.489751 ; -0.00534632 ; 0.0164168 ; 101.796;
8 ; 5 ; 7 ; 0.478098 ; -0.00628725 ; 0.0222409 ; 101.685;
9 ; 5 ; 7 ; 0.497622 ; 0.013682 ; -0.00725677 ; 101.819;
10 ; 5 ; 7 ; 0.491943 ; 0.00488655 ; -0.00474284 ; 101.942;
11 ; 5 ; 7 ; 0.492193 ; 0.00678494 ; 0.0029036 ; 101.841;
12 ; 5 ; 7 ; 0.48857 ; -0.0003728 ; 0.00689894 ; 101.46;
13 ; 5 ; 7 ; 0.483747 ; 0.0100842 ; 0.00978684 ; 101.31;
14 ; 5 ; 7 ; 0.484222 ; 0.00342528 ; 0.00184079 ; 101.384;
15 ; 5 ; 7 ; 0.482725 ; 0.000994826 ; -0.00499435 ; 101.234;
16 ; 5 ; 7 ; 0.491031 ; 0.00488352 ; -0.00473387 ; 100.934;
17 ; 5 ; 7 ; 0.486875 ; -0.0124218 ; -0.0128567 ; 101.568;
18 ; 5 ; 7 ; 0.482126 ; -0.00212679 ; -0.00804657 ; 101.547;
19 ; 5 ; 7 ; 0.481465 ; 0.0103485 ; -0.00870152 ; 101.429;
20 ; 5 ; 7 ; 0.480941 ; 0.0180972 ; -0.00339892 ; 101.207;
21 ; 5 ; 7 ; 0.496063 ; -0.035278 ; -0.0124103 ; 101.771;
4 ; 6 ; 7 ; 0.476183 ; 0.00790672 ; -0.00108656 ; 101.709;
5 ; 6 ; 7 ; 0.516478 ; 0.000230701 ; 0.0166078 ; 101.953;
6 ; 6 ; 7 ; 0.501313 ; -0.00473412 ; 0.00229509 ; 101.802;
7 ; 6 ; 7 ; 0.499314 ; -0.00780288 ; 0.0113791 ; 101.912;
8 ; 6 ; 7 ; 0.496818 ; 0.00260113 ; 0.0192636 ; 101.608;
9 ; 6 ; 7 ; 0.507487 ; 0.0184625 ; -0.0141581 ; 101.903;
10 ; 6 ; 7 ; 0.49742 ; 0.012525 ; -0.00835826 ; 101.952;
11 ; 6 ; 7 ; 0.495389 ; 0.0147424 ; 0.00224234 ; 101.869;
12 ; 6 ; 7 ; 0.494209 ; 0.0149999 ; 0.00679356 ; 101.688;
13 ; 6 ; 7 ; 0.489747 ; 0.022876 ; 0.0165914 ; 101.155;
14 ; 6 ; 7 ; 0.479671 ; 0.00409239 ; 0.00532492 ; 101.353;
15 ; 6 ; 7 ; 0.475225 ; 0.000722652 ; -0.00615333 ; 101.356;
16 ; 6 ; 7 ; 0.478731 ; 0.00511703 ; -0.0136406 ; 101.32;
17 ; 6 ; 7 ; 0.493181 ; -0.0175716 ; -0.0176361 ; 101.43;
18 ; 6 ; 7 ; 0.484207 ; -0.00585749 ; -0.0115649 ; 101.495;
19 ; 6 ; 7 ; 0.485721 ; 0.0079452 ; -0.0124004 ; 101.497;
20 ; 6 ; 7 ; 0.488934 ; 0.0124442 ; -0.0155824 ; 101.66;
21 ; 6 ; 7 ; 0.49241 ; -0.00285877 ; -0.011627 ; 101.728;
4 ; 7 ; 7 ; 0.510567 ; 0.0193891 ; -0.0164965 ; 101.567;
5 ; 7 ; 7 ; 0.493356 ; -0.00724456 ; -0.00941921 ; 101.194;
6 ; 7 ; 7 ; 0.494455 ; 0.00463869 ; -0.00623565 ; 101.423;
7 ; 7 ; 7 ; 0.49243 ; 0.0101416 ; 0.00261809 ; 101.701;
8 ; 7 ; 7 ; 0.488023 ; -0.00327149 ; 0.0155469 ; 102.217;
9 ; 7 ; 7 ; 0.486626 ; 0.00576139 ; 0.00681122 ; 101.621;
10 ; 7 ; 7 ; 0.487362 ; 0.00157159 ; 0.0105244 ; 101.711;
11 ; 7 ; 7 ; 0.483328 ; 0.00561153 ; 0.00746395 ; 101.688;
12 ; 7 ; 7 ; 0.474142 ; 0.0169382 ; 0.00741575 ; 102.001;
13 ; 7 ; 7 ; 0.478805 ; -0.00755802 ; 0.0204619 ; 101.201;
14 ; 7 ; 7 ; 0.484051 ; -0.00692886 ; 0.0127339 ; 101.369;
15 ; 7 ; 7 ; 0.484469 ; -0.00233429 ; -0.00105242 ; 101.489;
16 ; 7 ; 7 ; 0.467109 ; -0.0216438 ; -0.0125345 ; 100.993;
17 ; 7 ; 7 ; 0.475451 ; -0.00833936 ; 0.00561507 ; 101.469;
18 ; 7 ; 7 ; 0.479128 ; -0.00848658 ; -0.00946892 ; 101.402;
19 ; 7 ; 7 ; 0.492356 ; -0.00165614 ; -0.00651138 ; 101.305;
20 ; 7 ; 7 ; 0.504371 ; 0.0209697 ; 0.029463 ; 101.249;
21 ; 7 ; 7 ; 0.5009 ; -0.00985857 ; -0.00377575 ; 101.077;
4 ; 8 ; 7 ; 0.483256 ; 0.000320782 ; -0.0151044 ; 102.312;
5 ; 8 ; 7 ; 0.502217 ; 0.00420581 ; -0.000470679 ; 101.14;
6 ; 8 ; 7 ; 0.496278 ; 0.00707392 ; -0.00216817 ; 101.362;
7 ; 8 ; 7 ; 0.492738 ; 0.00887194 ; 0.00411048 ; 101.564;
8 ; 8 ; 7 ; 0.489089 ; 0.00313876 ; 0.00808013 ; 101.991;
9 ; 8 ; 7 ; 0.486566 ; 0.00867381 ; 0.0025563 ; 101.803;
10 ; 8 ; 7 ; 0.48676 ; 0.00210169 ; 0.00434741 ; 101.762;
11 ; 8 ; 7 ; 0.484181 ; 0.00213471 ; -0.00269268 ; 101.71;
12 ; 8 ; 7 ; 0.475547 ; 0.00970703 ; 0.00453514 ; 101.855;
13 ; 8 ; 7 ; 0.48737 ; -0.00389082 ; 0.00541316 ; 101.433;
14 ; 8 ; 7 ; 0.486667 ; -0.00315429 ; 0.00894602 ; 101.46;
15 ; 8 ; 7 ; 0.487727 ; -0.00082798 ; -0.0006712 ; 101.544;
16 ; 8 ; 7 ; 0.479279 ; -0.0078774 ; -0.00738988 ; 101.454;
17 ; 8 ; 7 ; 0.474925 ; -0.0030711 ; -0.00712447 ; 101.62;
18 ; 8 ; 7 ; 0.479522 ; -0.00776084 ; -0.00884059 ; 101.431;
19 ; 8 ; 7 ; 0.489418 ; -0.00444377 ; -0.00675557 ; 101.303;
20 ; 8 ; 7 ; 0.49867 ; 0.00819146 ; 0.0095418 ; 101.235;
21 ; 8 ; 7 ; 0.493366 ; 0.00720916 ; 0.00143392 ; 101.083;
4 ; 9 ; 7 ; 0.50743 ; -0.0211537 ; 0.014739 ; 101.907;
5 ; 9 ; 7 ; 0.494085 ; 0.0125757 ; 0.0023799 ; 101.224;
6 ; 9 ; 7 ; 0.498144 ; 0.00917879 ; 0.00285595 ; 101.261;
7 ; 9 ; 7 ; 0.495709 ; 0.00654245 ; 0.00677535 ; 101.45;
8 ; 9 ; 7 ; 0.489208 ; 0.00409924 ; 0.00596882 ; 101.501;
9 ; 9 ; 7 ; 0.488209 ; 0.00863537 ; 2.91185e-05 ; 101.313;
10 ; 9 ; 7 ; 0.486494 ; 0.00489222 ; -0.00242571 ; 101.528;
11 ; 9 ; 7 ; 0.487629 ; -0.000494735 ; -0.0118954 ; 101.619;
12 ; 9 ; 7 ; 0.478595 ; -0.0035993 ; -0.0159165 ; 101.687;
13 ; 9 ; 7 ; 0.47824 ; 0.00365975 ; -0.0105234 ; 101.404;
14 ; 9 ; 7 ; 0.480832 ; 0.00341754 ; 0.00096535 ; 101.536;
15 ; 9 ; 7 ; 0.482264 ; 0.00317266 ; -0.000930742 ; 101.629;
16 ; 9 ; 7 ; 0.493974 ; 0.00434653 ; -0.00114508 ; 101.711;
17 ; 9 ; 7 ; 0.48232 ; -0.00103078 ; -0.013143 ; 101.678;
18 ; 9 ; 7 ; 0.480184 ; -0.00622775 ; -0.00926417 ; 101.581;
19 ; 9 ; 7 ; 0.484914 ; -0.00852511 ; -0.00894276 ; 101.532;
20 ; 9 ; 7 ; 0.487027 ; -0.004517 ; -0.0102035 ; 101.264;
21 ; 9 ; 7 ; 0.485165 ; 0.0499648 ; -0.0173958 ; 102.033;
4 ; 10 ; 7 ; 0.450824 ; 0.00959753 ; 0.00386415 ; 101.273;
5 ; 10 ; 7 ; 0.482734 ; 0.00250993 ; 0.00387581 ; 101.648;
6 ; 10 ; 7 ; 0.491212 ; 0.0104966 ; 0.00714211 ; 101.504;
7 ; 10 ; 7 ; 0.496121 ; 0.00958743 ; 0.0110909 ; 101.675;
8 ; 10 ; 7 ; 0.491761 ; -0.00263829 ; 0.0173021 ; 101.513;
9 ; 10 ; 7 ; 0.494659 ; 0.00750523 ; 0.00549 ; 101.308;
10 ; 10 ; 7 ; 0.489722 ; 0.0063676 ; -0.000584151 ; 101.428;
11 ; 10 ; 7 ; 0.489194 ; 0.00434035 ; -0.00629282 ; 101.657;
12 ; 10 ; 7 ; 0.488769 ; -0.00402267 ; -0.0203178 ; 101.606;
13 ; 10 ; 7 ; 0.485282 ; 0.00498269 ; 0.0077048 ; 101.564;
14 ; 10 ; 7 ; 0.479345 ; 0.00611677 ; -0.000235262 ; 101.556;
15 ; 10 ; 7 ; 0.476612 ; 0.00241544 ; -0.0010994 ; 101.552;
16 ; 10 ; 7 ; 0.476804 ; 0.00216527 ; -0.00250494 ; 101.55;
17 ; 10 ; 7 ; 0.485292 ; -0.0064216 ; -0.0060604 ; 101.5;
18 ; 10 ; 7 ; 0.484151 ; -0.00405278 ; -0.0102776 ; 101.636;
19 ; 10 ; 7 ; 0.484916 ; -0.00475541 ; -0.010274 ; 101.651;
20 ; 10 ; 7 ; 0.483963 ; -0.00468789 ; -0.0077414 ; 101.752;
21 ; 10 ; 7 ; 0.486987 ; 0.0278617 ; -0.0242059 ; 101.053;
4 ; 11 ; 7 ; 0.45345 ; 0.00432535 ; 0.0144498 ; 101.17;
5 ; 11 ; 7 ; 0.476326 ; -0.0095091 ; 0.0137087 ; 101.326;
6 ; 11 ; 7 ; 0.48296 ; 4.54961e-05 ; 0.00596137 ; 101.562;
7 ; 11 ; 7 ; 0.493807 ; 0.00587493 ; 0.00463541 ; 101.857;
8 ; 11 ; 7 ; 0.494835 ; 0.0093449 ; 0.0183572 ; 101.907;
9 ; 11 ; 7 ; 0.505961 ; -0.00642541 ; 0.00344264 ; 101.292;
10 ; 11 ; 7 ; 0.494166 ; 0.00437344 ; 0.00208064 ; 101.449;
11 ; 11 ; 7 ; 0.487834 ; 0.00944074 ; 0.0020403 ; 101.606;
12 ; 11 ; 7 ; 0.491384 ; 0.0100828 ; 0.0046571 ; 101.696;
13 ; 11 ; 7 ; 0.501043 ; 0.00445133 ; 0.0116381 ; 101.961;
14 ; 11 ; 7 ; 0.487883 ; 0.00243276 ; 0.00745344 ; 101.59;
15 ; 11 ; 7 ; 0.480775 ; -0.0013828 ; 0.00139537 ; 101.519;
16 ; 11 ; 7 ; 0.472354 ; 0.00109617 ; -0.00326905 ; 101.546;
17 ; 11 ; 7 ; 0.49299 ; 0.00748884 ; 0.0169554 ; 101.711;
18 ; 11 ; 7 ; 0.489235 ; 0.00206908 ; 0.000647482 ; 101.609;
19 ; 11 ; 7 ; 0.488736 ; 0.00266115 ; -0.00778388 ; 101.466;
20 ; 11 ; 7 ; 0.485718 ; -0.00239582 ; -0.0127491 ; 101.717;
21 ; 11 ; 7 ; 0.510412 ; 0.018989 ; -0.0243837 ; 101.338;
4 ; 12 ; 7 ; 0.487941 ; -0.00908675 ; -0.013121 ; 100.625;
5 ; 12 ; 7 ; 0.475875 ; -0.0164147 ; 0.0186975 ; 100.788;
6 ; 12 ; 7 ; 0.47854 ; -0.00519003 ; 0.00625021 ; 101.595;
7 ; 12 ; 7 ; 0.49094 ; 0.00361099 ; 0.000434374 ; 101.903;
8 ; 12 ; 7 ; 0.489352 ; 0.0115054 ; 0.00744841 ; 102.091;
9 ; 12 ; 7 ; 0.510942 ; -0.01646 ; -2.41768e-05 ; 100.843;
10 ; 12 ; 7 ; 0.496597 ; 0.00162135 ; 0.00157494 ; 101.653;
11 ; 12 ; 7 ; 0.485915 ; 0.0105396 ; 0.0024292 ; 101.646;
12 ; 12 ; 7 ; 0.482629 ; 0.0184987 ; 0.00970222 ; 101.355;
13 ; 12 ; 7 ; 0.500889 ; 0.00317488 ; 0.00278449 ; 102.052;
14 ; 12 ; 7 ; 0.499106 ; -0.000277893 ; 0.012829 ; 101.65;
15 ; 12 ; 7 ; 0.489593 ; -0.00485445 ; 0.00314242 ; 101.493;
16 ; 12 ; 7 ; 0.488719 ; 0.00230711 ; -0.00604409 ; 101.424;
17 ; 12 ; 7 ; 0.497508 ; 0.0203833 ; 0.0325666 ; 101.975;
18 ; 12 ; 7 ; 0.49258 ; 0.00589215 ; 0.00831616 ; 101.54;
19 ; 12 ; 7 ; 0.491035 ; 0.0072738 ; -0.00495038 ; 101.222;
20 ; 12 ; 7 ; 0.487901 ; 0.00118845 ; -0.0203739 ; 101.118;
21 ; 12 ; 7 ; 0.496768 ; 0.00349728 ; -0.000961699 ; 102.558;
4 ; 13 ; 7 ; 0.475284 ; -0.00188374 ; -0.00942403 ; 101.879;
5 ; 13 ; 7 ; 0.480293 ; 0.00785184 ; 0.00990809 ; 101.572;
6 ; 13 ; 7 ; 0.487189 ; 0.00866794 ; 0.0110742 ; 101.565;
7 ; 13 ; 7 ; 0.496419 ; 0.00275512 ; 0.00361734 ; 101.467;
8 ; 13 ; 7 ; 0.495501 ; -0.0111123 ; -0.0033751 ; 100.944;
9 ; 13 ; 7 ; 0.473798 ; -0.00524248 ; 0.0108994 ; 101.71;
10 ; 13 ; 7 ; 0.484922 ; 0.00492599 ; -0.000824623 ; 101.532;
11 ; 13 ; 7 ; 0.490705 ; 0.00284027 ; -0.00696408 ; 101.298;
12 ; 13 ; 7 ; 0.497386 ; 0.0122961 ; -0.0183619 ; 101.627;
13 ; 13 ; 7 ; 0.485559 ; 0.00726548 ; 0.0213244 ; 101.726;
14 ; 13 ; 7 ; 0.478024 ; 0.00867411 ; 0.0199404 ; 101.7;
15 ; 13 ; 7 ; 0.477822 ; 0.00320026 ; 0.00645297 ; 101.235;
16 ; 13 ; 7 ; 0.474821 ; -0.00724938 ; -0.0239655 ; 101.049;
17 ; 13 ; 7 ; 0.484375 ; -0.0189554 ; -0.00994753 ; 101.951;
18 ; 13 ; 7 ; 0.482298 ; -0.01123 ; -0.0110158 ; 101.692;
19 ; 13 ; 7 ; 0.484532 ; -0.00546062 ; -0.0101484 ; 101.746;
20 ; 13 ; 7 ; 0.488253 ; 0.000155181 ; -0.00165002 ; 102.38;
21 ; 13 ; 7 ; 0.438818 ; -0.0292831 ; -0.0499468 ; 101.077;
4 ; 14 ; 7 ; 0.47239 ; 0.0053637 ; -0.0209529 ; 102.717;
5 ; 14 ; 7 ; 0.485699 ; 0.000117181 ; -0.00416208 ; 101.23;
6 ; 14 ; 7 ; 0.487579 ; 0.00642913 ; 0.00355909 ; 101.471;
7 ; 14 ; 7 ; 0.492464 ; 0.00199391 ; 0.000498608 ; 101.464;
8 ; 14 ; 7 ; 0.502522 ; -0.000343537 ; -0.00211805 ; 101.358;
9 ; 14 ; 7 ; 0.472561 ; 0.00186751 ; 0.00895833 ; 101.621;
10 ; 14 ; 7 ; 0.482232 ; 0.00261192 ; 0.00282224 ; 101.533;
11 ; 14 ; 7 ; 0.488493 ; 0.000150691 ; -0.00327801 ; 101.416;
12 ; 14 ; 7 ; 0.49123 ; 0.00391531 ; -0.0105562 ; 101.339;
13 ; 14 ; 7 ; 0.482544 ; 0.0103072 ; 0.000484614 ; 101.651;
14 ; 14 ; 7 ; 0.479385 ; 0.00536712 ; 0.00944687 ; 101.654;
15 ; 14 ; 7 ; 0.479562 ; -0.00342146 ; 1.81468e-05 ; 101.341;
16 ; 14 ; 7 ; 0.480977 ; -0.0036182 ; -0.00783134 ; 100.913;
17 ; 14 ; 7 ; 0.498692 ; -0.00640177 ; -0.0114563 ; 101.825;
18 ; 14 ; 7 ; 0.48959 ; -0.00813653 ; -0.0135588 ; 101.706;
19 ; 14 ; 7 ; 0.492272 ; -0.00401687 ; -0.0154559 ; 101.692;
20 ; 14 ; 7 ; 0.486858 ; -0.00459169 ; -0.00854716 ; 102.094;
21 ; 14 ; 7 ; 0.477258 ; -0.0154918 ; -0.0022187 ; 101.999;
4 ; 15 ; 7 ; 0.508084 ; -0.00898654 ; 0.0135843 ; 101.617;
5 ; 15 ; 7 ; 0.493792 ; 0.00840948 ; -0.000225122 ; 101.599;
6 ; 15 ; 7 ; 0.489203 ; 0.00465672 ; -0.00223321 ; 101.47;
7 ; 15 ; 7 ; 0.489373 ; 0.00158984 ; -0.00277566 ; 101.448;
8 ; 15 ; 7 ; 0.495323 ; 0.00289908 ; -0.00105934 ; 101.772;
9 ; 15 ; 7 ; 0.484082 ; 0.00879599 ; 0.0144208 ; 101.547;
10 ; 15 ; 7 ; 0.480903 ; -5.19026e-05 ; 0.00818286 ; 101.474;
11 ; 15 ; 7 ; 0.485881 ; -0.00334316 ; 0.00221071 ; 101.445;
12 ; 15 ; 7 ; 0.485975 ; -0.00776673 ; -0.00232421 ; 101.311;
13 ; 15 ; 7 ; 0.482666 ; 0.0156503 ; -0.00414386 ; 101.611;
14 ; 15 ; 7 ; 0.485878 ; 0.00423775 ; -0.000123754 ; 101.532;
15 ; 15 ; 7 ; 0.487329 ; -0.00807747 ; -0.00398959 ; 101.404;
16 ; 15 ; 7 ; 0.487098 ; -0.0125853 ; -0.00395598 ; 101.188;
17 ; 15 ; 7 ; 0.50115 ; 0.0012461 ; -0.013658 ; 101.554;
18 ; 15 ; 7 ; 0.497071 ; -0.00390353 ; -0.0146132 ; 101.655;
19 ; 15 ; 7 ; 0.495794 ; -0.00033587 ; -0.0194509 ; 101.529;
20 ; 15 ; 7 ; 0.49861 ; -0.00570029 ; -0.0234851 ; 101.624;
21 ; 15 ; 7 ; 0.483888 ; -0.00314072 ; 0.0234325 ; 101.63;
4 ; 16 ; 7 ; 0.474438 ; -0.0134104 ; 0.00900528 ; 101.253;
5 ; 16 ; 7 ; 0.509533 ; 0.00536031 ; 0.014529 ; 101.791;
6 ; 16 ; 7 ; 0.49747 ; 0.00390319 ; 0.00233056 ; 101.497;
7 ; 16 ; 7 ; 0.490679 ; -0.00104879 ; -0.00182806 ; 101.357;
8 ; 16 ; 7 ; 0.483612 ; -0.00541761 ; -0.00399868 ; 101.432;
9 ; 16 ; 7 ; 0.48472 ; 0.00770099 ; 0.0103511 ; 101.495;
10 ; 16 ; 7 ; 0.48595 ; 0.00478922 ; 0.00725407 ; 101.502;
11 ; 16 ; 7 ; 0.487202 ; 0.00205256 ; -0.000907833 ; 101.586;
12 ; 16 ; 7 ; 0.489846 ; -0.00528822 ; -0.00285117 ; 101.422;
13 ; 16 ; 7 ; 0.495996 ; 0.0105948 ; 0.00346751 ; 101.698;
14 ; 16 ; 7 ; 0.492562 ; 0.00480484 ; -0.00141313 ; 101.704;
15 ; 16 ; 7 ; 0.49258 ; -0.00311401 ; -0.00393585 ; 101.657;
16 ; 16 ; 7 ; 0.493114 ; -0.0185952 ; -0.0125322 ; 101.463;
17 ; 16 ; 7 ; 0.49006 ; 0.0061507 ; -0.00337998 ; 101.222;
18 ; 16 ; 7 ; 0.491843 ; 0.00463222 ; -0.0110984 ; 101.364;
19 ; 16 ; 7 ; 0.486725 ; 0.00681527 ; -0.0179076 ; 101.251;
20 ; 16 ; 7 ; 0.494066 ; 0.0024272 ; -0.0228451 ; 101.288;
21 ; 16 ; 7 ; 0.487741 ; 0.00989689 ; -0.00526552 ; 101.906;
4 ; 17 ; 7 ; 0.480745 ; -0.00340192 ; 0.00620922 ; 101.384;
5 ; 17 ; 7 ; 0.50115 ; -0.0108857 ; 0.00504835 ; 101.191;
6 ; 17 ; 7 ; 0.501075 ; -0.00115095 ; 0.00588474 ; 101.409;
7 ; 17 ; 7 ; 0.494613 ; 0.00194144 ; 0.000773206 ; 101.478;
8 ; 17 ; 7 ; 0.490354 ; 0.000779363 ; -0.00609785 ; 101.401;
9 ; 17 ; 7 ; 0.488057 ; 0.00506245 ; 0.00527122 ; 101.741;
10 ; 17 ; 7 ; 0.490391 ; 0.00272862 ; 0.00462547 ; 101.652;
11 ; 17 ; 7 ; 0.493352 ; 0.00171564 ; 0.00206526 ; 101.668;
12 ; 17 ; 7 ; 0.486159 ; 0.0039862 ; -0.007152 ; 101.636;
13 ; 17 ; 7 ; 0.498332 ; -0.00895469 ; -0.0095669 ; 101.492;
14 ; 17 ; 7 ; 0.495013 ; 0.00475286 ; -0.00290537 ; 101.606;
15 ; 17 ; 7 ; 0.490881 ; 0.00826758 ; 9.17672e-05 ; 101.587;
16 ; 17 ; 7 ; 0.496001 ; 0.00283015 ; 0.00113907 ; 101.517;
17 ; 17 ; 7 ; 0.491731 ; 0.00187044 ; 8.25184e-05 ; 101.39;
18 ; 17 ; 7 ; 0.488638 ; 0.0062914 ; -0.00500641 ; 101.244;
19 ; 17 ; 7 ; 0.48525 ; 0.00924527 ; -0.0108405 ; 101.213;
20 ; 17 ; 7 ; 0.470816 ; 0.00406809 ; -0.0152435 ; 101.077;
21 ; 17 ; 7 ; 0.481577 ; 0.0125562 ; -0.00305402 ; 101.874;
4 ; 18 ; 7 ; 0.478257 ; -0.0182409 ; 0.00108174 ; 100.847;
5 ; 18 ; 7 ; 0.482179 ; -0.0179623 ; -0.00414144 ; 100.876;
6 ; 18 ; 7 ; 0.502258 ; -0.00554892 ; 0.00399624 ; 101.254;
7 ; 18 ; 7 ; 0.4946 ; 0.00305419 ; 0.00126586 ; 101.55;
8 ; 18 ; 7 ; 0.487915 ; 0.00654115 ; -0.00621615 ; 101.769;
9 ; 18 ; 7 ; 0.493301 ; 0.00450533 ; 0.00374732 ; 101.957;
10 ; 18 ; 7 ; 0.491826 ; 0.000877742 ; 0.00342935 ; 101.78;
11 ; 18 ; 7 ; 0.497261 ; 0.00107567 ; 0.00438248 ; 101.811;
12 ; 18 ; 7 ; 0.491183 ; 0.00188366 ; 0.00696424 ; 101.818;
13 ; 18 ; 7 ; 0.494467 ; -0.0175159 ; -0.0177467 ; 101.174;
14 ; 18 ; 7 ; 0.493493 ; 0.00199096 ; -0.00883363 ; 101.582;
15 ; 18 ; 7 ; 0.486496 ; 0.0112786 ; -0.00169139 ; 101.616;
16 ; 18 ; 7 ; 0.486871 ; 0.00591425 ; 0.00906713 ; 101.691;
17 ; 18 ; 7 ; 0.498603 ; -0.0084484 ; -0.00181045 ; 101.67;
18 ; 18 ; 7 ; 0.489613 ; 0.00781907 ; -0.00324865 ; 101.217;
19 ; 18 ; 7 ; 0.490234 ; 0.00995437 ; -0.00914821 ; 101.238;
20 ; 18 ; 7 ; 0.478735 ; 0.00189638 ; -0.00985163 ; 101.248;
21 ; 18 ; 7 ; 0.461843 ; -0.0197771 ; 0.0156762 ; 101.313;
4 ; 19 ; 7 ; 0.491287 ; -0.0220108 ; 0.00573053 ; 101.581;
5 ; 19 ; 7 ; 0.488106 ; -0.00712274 ; 0.007018 ; 101.564;
6 ; 19 ; 7 ; 0.482615 ; 0.00582676 ; 0.010019 ; 101.707;
7 ; 19 ; 7 ; 0.485262 ; 0.00654845 ; 0.0137765 ; 101.745;
8 ; 19 ; 7 ; 0.494279 ; -0.0162124 ; 0.0254935 ; 102.209;
9 ; 19 ; 7 ; 0.488606 ; -0.00977104 ; 0.0117186 ; 101.317;
10 ; 19 ; 7 ; 0.480231 ; -0.000571894 ; 0.00326268 ; 101.322;
11 ; 19 ; 7 ; 0.487303 ; 0.0143111 ; 0.0108371 ; 101.297;
12 ; 19 ; 7 ; 0.514136 ; 0.0140813 ; 0.0140269 ; 101.221;
13 ; 19 ; 7 ; 0.481144 ; -0.000631704 ; 0.00948673 ; 101.535;
14 ; 19 ; 7 ; 0.491488 ; 0.00246708 ; 0.00168522 ; 101.611;
15 ; 19 ; 7 ; 0.494291 ; -0.00369059 ; -0.0071899 ; 101.609;
16 ; 19 ; 7 ; 0.490868 ; -0.0143524 ; -0.00402622 ; 102.281;
17 ; 19 ; 7 ; 0.503828 ; -0.0035634 ; -0.00864363 ; 101.355;
18 ; 19 ; 7 ; 0.496433 ; -0.00435945 ; -0.0104705 ; 101.558;
19 ; 19 ; 7 ; 0.489374 ; -0.00155648 ; -0.00751337 ; 101.676;
20 ; 19 ; 7 ; 0.471709 ; -0.00552145 ; -0.000403991 ; 102.026;
21 ; 19 ; 7 ; 0.482961 ; -0.00386737 ; -0.00475142 ; 101.969;
4 ; 20 ; 7 ; 0.471533 ; -0.0206716 ; -0.00145551 ; 101.446;
5 ; 20 ; 7 ; 0.494218 ; -0.00232831 ; 0.00178314 ; 101.291;
6 ; 20 ; 7 ; 0.486549 ; 0.00389108 ; 0.00848931 ; 101.537;
7 ; 20 ; 7 ; 0.487629 ; 0.00665413 ; 0.0120795 ; 101.584;
8 ; 20 ; 7 ; 0.490201 ; -0.00020236 ; 0.019725 ; 101.885;
9 ; 20 ; 7 ; 0.477357 ; 0.00261466 ; 0.012855 ; 101.921;
10 ; 20 ; 7 ; 0.480446 ; 0.00414908 ; 0.00327321 ; 101.623;
11 ; 20 ; 7 ; 0.484689 ; 0.0116451 ; 0.0068637 ; 101.5;
12 ; 20 ; 7 ; 0.500473 ; 0.0188451 ; 0.0144758 ; 101.366;
13 ; 20 ; 7 ; 0.473204 ; -0.0133444 ; 0.0222842 ; 102.057;
14 ; 20 ; 7 ; 0.485332 ; -0.00105448 ; 0.0056716 ; 101.751;
15 ; 20 ; 7 ; 0.489177 ; -0.00322165 ; -0.00843567 ; 101.57;
16 ; 20 ; 7 ; 0.490206 ; -0.00605976 ; -0.00607695 ; 101.782;
17 ; 20 ; 7 ; 0.493966 ; -0.00187015 ; -0.0114941 ; 101.666;
18 ; 20 ; 7 ; 0.495307 ; -0.000407128 ; -0.00909055 ; 101.601;
19 ; 20 ; 7 ; 0.492222 ; 0.00397137 ; -0.00836208 ; 101.532;
20 ; 20 ; 7 ; 0.483358 ; -0.00306693 ; -0.00664585 ; 101.712;
21 ; 20 ; 7 ; 0.504725 ; -0.0137766 ; -0.00368061 ; 101.738;
4 ; 21 ; 7 ; 0.508692 ; 0.00223333 ; -0.0050802 ; 101.834;
5 ; 21 ; 7 ; 0.502688 ; -0.00449419 ; -0.00298834 ; 101.066;
6 ; 21 ; 7 ; 0.488626 ; 0.00331725 ; 0.00720196 ; 101.343;
7 ; 21 ; 7 ; 0.489224 ; 0.00959056 ; 0.0100411 ; 101.366;
8 ; 21 ; 7 ; 0.482205 ; 0.0126161 ; 0.00678725 ; 101.382;
9 ; 21 ; 7 ; 0.474194 ; 0.012203 ; 0.0192966 ; 102.328;
10 ; 21 ; 7 ; 0.479728 ; 0.00785591 ; 0.00415842 ; 101.882;
11 ; 21 ; 7 ; 0.480761 ; 0.0113621 ; 0.00570407 ; 101.703;
12 ; 21 ; 7 ; 0.478739 ; 0.00600943 ; 0.012476 ; 101.443;
13 ; 21 ; 7 ; 0.46673 ; -0.0157818 ; 0.0323668 ; 102.524;
14 ; 21 ; 7 ; 0.479043 ; -0.00553632 ; 0.00849589 ; 101.778;
15 ; 21 ; 7 ; 0.484113 ; -0.00192916 ; -0.00945786 ; 101.428;
16 ; 21 ; 7 ; 0.483332 ; -0.0014017 ; -0.0096122 ; 101.43;
17 ; 21 ; 7 ; 0.488977 ; -0.0125522 ; -0.00964065 ; 102.008;
18 ; 21 ; 7 ; 0.495312 ; 0.00626363 ; -0.0105033 ; 101.536;
19 ; 21 ; 7 ; 0.49785 ; 0.00994507 ; -0.0114595 ; 101.342;
20 ; 21 ; 7 ; 0.494675 ; 0.00344295 ; -0.012957 ; 101.247;
21 ; 21 ; 7 ; 0.489171 ; 0.00126738 ; -0.0216926 ; 101.286;
4 ; 4 ; 8 ; 0.376268 ; -0.0366982 ; -0.0133948 ; 101.757;
5 ; 4 ; 8 ; 0.393184 ; -0.00984882 ; -0.0041583 ; 100.84;
6 ; 4 ; 8 ; 0.422574 ; -0.0156568 ; 0.0124938 ; 102.135;
7 ; 4 ; 8 ; 0.403964 ; -0.0277932 ; 0.0156866 ; 101.609;
8 ; 4 ; 8 ; 0.410034 ; 4.23866e-05 ; 0.00370628 ; 101.918;
9 ; 4 ; 8 ; 0.371803 ; -0.00640198 ; -0.0226893 ; 102.081;
10 ; 4 ; 8 ; 0.389255 ; -0.0219423 ; 0.0100265 ; 100.831;
11 ; 4 ; 8 ; 0.395107 ; 0.000874857 ; 0.0108241 ; 101.318;
12 ; 4 ; 8 ; 0.414525 ; -0.000784695 ; -0.00612492 ; 102.12;
13 ; 4 ; 8 ; 0.395817 ; -0.0147005 ; 0.00474572 ; 101.577;
14 ; 4 ; 8 ; 0.401293 ; -0.0117424 ; -0.00991923 ; 101.871;
15 ; 4 ; 8 ; 0.42859 ; -0.0180545 ; -0.012282 ; 101.476;
16 ; 4 ; 8 ; 0.413686 ; 0.00860224 ; -0.0177855 ; 101.592;
17 ; 4 ; 8 ; 0.391731 ; 0.0156727 ; 0.0161797 ; 101.176;
18 ; 4 ; 8 ; 0.382343 ; -0.00556472 ; -0.00430293 ; 101.832;
19 ; 4 ; 8 ; 0.401302 ; 0.00110817 ; 0.0198841 ; 102.214;
20 ; 4 ; 8 ; 0.412934 ; -0.0168155 ; -0.0276589 ; 102.585;
21 ; 4 ; 8 ; 0.41721 ; 0.00117136 ; 0.00950372 ; 101.659;
4 ; 5 ; 8 ; 0.386741 ; 0.00461784 ; 0.00552209 ; 101.101;
5 ; 5 ; 8 ; 0.40814 ; 0.0131596 ; 0.0172625 ; 101.277;
6 ; 5 ; 8 ; 0.409543 ; -0.00141859 ; 0.0119225 ; 101.876;
7 ; 5 ; 8 ; 0.396762 ; -0.0119287 ; 0.0111152 ; 101.682;
8 ; 5 ; 8 ; 0.408485 ; -0.00175443 ; 0.00828041 ; 101.639;
9 ; 5 ; 8 ; 0.396937 ; 0.00356563 ; 0.000181736 ; 101.684;
10 ; 5 ; 8 ; 0.392946 ; -0.00917153 ; 0.000340221 ; 101.139;
11 ; 5 ; 8 ; 0.391565 ; 0.00304987 ; -0.000892472 ; 101.425;
12 ; 5 ; 8 ; 0.404781 ; 0.00106598 ; -0.00659988 ; 101.664;
13 ; 5 ; 8 ; 0.407013 ; -0.00581374 ; -0.0210573 ; 102.067;
14 ; 5 ; 8 ; 0.400867 ; -0.00927195 ; -0.0105047 ; 101.882;
15 ; 5 ; 8 ; 0.414772 ; -0.0104369 ; -0.00784858 ; 101.569;
16 ; 5 ; 8 ; 0.406848 ; 0.00545313 ; -0.0111863 ; 101.626;
17 ; 5 ; 8 ; 0.387588 ; 0.0291749 ; 0.0166624 ; 101.804;
18 ; 5 ; 8 ; 0.38095 ; 0.0111891 ; 0.00114405 ; 101.734;
19 ; 5 ; 8 ; 0.38964 ; 0.00991636 ; 0.00860035 ; 101.89;
20 ; 5 ; 8 ; 0.394664 ; -0.00667385 ; -0.0168154 ; 102.34;
21 ; 5 ; 8 ; 0.381015 ; -0.00464492 ; 0.00549477 ; 101.27;
4 ; 6 ; 8 ; 0.378137 ; -0.0120344 ; -0.0107003 ; 100.976;
5 ; 6 ; 8 ; 0.403525 ; -0.00153374 ; 9.21978e-05 ; 101.653;
6 ; 6 ; 8 ; 0.393058 ; 0.00930125 ; 0.00781707 ; 101.649;
7 ; 6 ; 8 ; 0.388045 ; 0.0125805 ; 0.00818859 ; 101.872;
8 ; 6 ; 8 ; 0.404717 ; 0.00121247 ; 0.00810465 ; 101.484;
9 ; 6 ; 8 ; 0.385995 ; 0.0134247 ; -0.0119702 ; 101.352;
10 ; 6 ; 8 ; 0.393951 ; 0.00467556 ; -0.00646234 ; 101.281;
11 ; 6 ; 8 ; 0.392047 ; -0.00615996 ; -0.00637888 ; 101.465;
12 ; 6 ; 8 ; 0.397119 ; -0.0045341 ; -0.0104072 ; 101.334;
13 ; 6 ; 8 ; 0.424378 ; 0.0215062 ; -0.00486998 ; 100.978;
14 ; 6 ; 8 ; 0.404349 ; 0.00276897 ; -0.00721992 ; 101.461;
15 ; 6 ; 8 ; 0.395144 ; 0.00467946 ; -0.0074105 ; 101.413;
16 ; 6 ; 8 ; 0.400134 ; 0.00540641 ; -0.00877767 ; 101.562;
17 ; 6 ; 8 ; 0.396604 ; -0.0106134 ; 0.000837285 ; 101.869;
18 ; 6 ; 8 ; 0.389515 ; 0.00759442 ; 0.0019534 ; 101.701;
19 ; 6 ; 8 ; 0.383802 ; 0.0035869 ; 0.00193121 ; 101.472;
20 ; 6 ; 8 ; 0.376319 ; 0.00592107 ; 0.00586872 ; 101.585;
21 ; 6 ; 8 ; 0.398473 ; -0.00774416 ; -0.0223592 ; 101.365;
4 ; 7 ; 8 ; 0.398628 ; -0.00495209 ; 0.00387875 ; 101.544;
5 ; 7 ; 8 ; 0.389015 ; 0.0184247 ; -0.0336937 ; 101.073;
6 ; 7 ; 8 ; 0.405849 ; -0.0109514 ; -0.00919327 ; 102.13;
7 ; 7 ; 8 ; 0.395704 ; -0.0157451 ; -0.0129992 ; 101.031;
8 ; 7 ; 8 ; 0.403729 ; 0.00502701 ; -0.00922305 ; 101.499;
9 ; 7 ; 8 ; 0.396346 ; -0.0038626 ; 0.0211227 ; 101.447;
10 ; 7 ; 8 ; 0.442907 ; 0.0042022 ; 0.0109622 ; 100.705;
11 ; 7 ; 8 ; 0.397392 ; 0.00268238 ; 0.0296248 ; 101.612;
12 ; 7 ; 8 ; 0.380077 ; -0.00252923 ; 0.0167964 ; 102.366;
13 ; 7 ; 8 ; 0.386784 ; -0.0180471 ; 0.00264983 ; 101.549;
14 ; 7 ; 8 ; 0.395379 ; -0.0314465 ; -0.000170194 ; 101.547;
15 ; 7 ; 8 ; 0.386975 ; -0.010371 ; 0.0164251 ; 101.274;
16 ; 7 ; 8 ; 0.3877 ; 0.0103205 ; 0.00107975 ; 101.106;
17 ; 7 ; 8 ; 0.384249 ; -0.00436156 ; 0.00893274 ; 102.05;
18 ; 7 ; 8 ; 0.419952 ; -0.0200322 ; -0.0290885 ; 100.488;
19 ; 7 ; 8 ; 0.38699 ; -0.021494 ; -0.0473775 ; 101.047;
20 ; 7 ; 8 ; 0.413226 ; 0.00465342 ; -0.0226356 ; 101.219;
21 ; 7 ; 8 ; 0.413998 ; -0.016497 ; -0.0110091 ; 101.291;
4 ; 8 ; 8 ; 0.385263 ; -0.00395473 ; 0.0254678 ; 100.541;
5 ; 8 ; 8 ; 0.401325 ; 0.00896715 ; -0.00261716 ; 100.708;
6 ; 8 ; 8 ; 0.401682 ; -0.00244291 ; -0.00823905 ; 101.901;
7 ; 8 ; 8 ; 0.390861 ; -0.0141817 ; -0.013843 ; 101.703;
8 ; 8 ; 8 ; 0.39159 ; -0.00435288 ; -0.00918989 ; 101.584;
9 ; 8 ; 8 ; 0.395997 ; -0.00545295 ; 0.0140885 ; 100.614;
10 ; 8 ; 8 ; 0.424118 ; 0.00386617 ; 0.0101874 ; 100.919;
11 ; 8 ; 8 ; 0.404011 ; 0.00665725 ; 0.0175769 ; 101.644;
12 ; 8 ; 8 ; 0.392436 ; -1.61127e-06 ; 0.0122329 ; 101.913;
13 ; 8 ; 8 ; 0.393191 ; -0.00709361 ; 0.0268377 ; 101.342;
14 ; 8 ; 8 ; 0.394525 ; -0.0223627 ; 0.00898329 ; 101.42;
15 ; 8 ; 8 ; 0.386953 ; -0.00720575 ; 0.0135335 ; 101.402;
16 ; 8 ; 8 ; 0.382536 ; 0.00295988 ; 0.000807319 ; 101.331;
17 ; 8 ; 8 ; 0.387944 ; -0.00774371 ; 0.00181612 ; 101.732;
18 ; 8 ; 8 ; 0.405713 ; -0.0161132 ; -0.00956303 ; 101.091;
19 ; 8 ; 8 ; 0.390957 ; -0.0159398 ; -0.0199134 ; 101.401;
20 ; 8 ; 8 ; 0.414573 ; 0.00745437 ; -0.0146351 ; 101.43;
21 ; 8 ; 8 ; 0.410488 ; -0.0207069 ; 0.0118818 ; 101.993;
4 ; 9 ; 8 ; 0.374818 ; 0.0103743 ; 0.0423983 ; 101.429;
5 ; 9 ; 8 ; 0.398259 ; 0.00340698 ; 0.0182081 ; 101.524;
6 ; 9 ; 8 ; 0.394698 ; 0.00539624 ; -0.00185272 ; 101.555;
7 ; 9 ; 8 ; 0.391632 ; -0.0101136 ; -0.0109218 ; 102.001;
8 ; 9 ; 8 ; 0.38833 ; -0.015788 ; -0.00196971 ; 101.688;
9 ; 9 ; 8 ; 0.37404 ; -0.00179791 ; -0.00272794 ; 101.544;
10 ; 9 ; 8 ; 0.395709 ; 0.00349169 ; 0.00234325 ; 101.266;
11 ; 9 ; 8 ; 0.401388 ; 0.0101355 ; -0.000454123 ; 101.55;
12 ; 9 ; 8 ; 0.393962 ; 0.000617354 ; 0.00230258 ; 101.526;
13 ; 9 ; 8 ; 0.400429 ; -0.02865 ; 0.00281715 ; 101.099;
14 ; 9 ; 8 ; 0.400331 ; -0.0226428 ; 0.0131497 ; 101.415;
15 ; 9 ; 8 ; 0.397071 ; -0.0174487 ; 0.0054159 ; 101.396;
16 ; 9 ; 8 ; 0.38124 ; -0.011931 ; -0.00542914 ; 101.117;
17 ; 9 ; 8 ; 0.379271 ; -0.0131362 ; -0.0133247 ; 101.631;
18 ; 9 ; 8 ; 0.385485 ; -0.0140477 ; 0.00262671 ; 101.859;
19 ; 9 ; 8 ; 0.39046 ; -0.0113963 ; 0.00150812 ; 101.889;
20 ; 9 ; 8 ; 0.401444 ; 0.00378258 ; -0.00571309 ; 101.761;
21 ; 9 ; 8 ; 0.381072 ; 0.0180348 ; 0.00480372 ; 100.636;
4 ; 10 ; 8 ; 0.363888 ; -0.0132439 ; 0.0270385 ; 100.956;
5 ; 10 ; 8 ; 0.38365 ; -0.0216091 ; 0.0330305 ; 100.948;
6 ; 10 ; 8 ; 0.395168 ; -0.00594707 ; 0.0152794 ; 101.609;
7 ; 10 ; 8 ; 0.40559 ; -0.00513068 ; 0.00151006 ; 101.676;
8 ; 10 ; 8 ; 0.40297 ; -0.0151005 ; 0.00420764 ; 101.375;
9 ; 10 ; 8 ; 0.407513 ; -0.0152138 ; 0.0198012 ; 100.992;
10 ; 10 ; 8 ; 0.389963 ; 0.00186217 ; 0.00311573 ; 101.473;
11 ; 10 ; 8 ; 0.387569 ; 0.00542666 ; -0.0011231 ; 101.757;
12 ; 10 ; 8 ; 0.391832 ; -0.00784783 ; -0.00618062 ; 101.814;
13 ; 10 ; 8 ; 0.398719 ; -0.000729556 ; -0.00940907 ; 100.537;
14 ; 10 ; 8 ; 0.402965 ; -0.0257019 ; 0.000350325 ; 101.341;
15 ; 10 ; 8 ; 0.40359 ; -0.0214736 ; 0.00207415 ; 101.465;
16 ; 10 ; 8 ; 0.391629 ; 0.00332364 ; -0.00104136 ; 101.118;
17 ; 10 ; 8 ; 0.405736 ; 0.000181978 ; -0.00350504 ; 101.168;
18 ; 10 ; 8 ; 0.390292 ; -0.0108782 ; -0.0129225 ; 101.694;
19 ; 10 ; 8 ; 0.39168 ; -0.00692026 ; -0.0197717 ; 101.861;
20 ; 10 ; 8 ; 0.393089 ; 0.00135169 ; -0.0115707 ; 101.647;
21 ; 10 ; 8 ; 0.398065 ; 0.0110638 ; -0.0216736 ; 102.217;
4 ; 11 ; 8 ; 0.401557 ; -0.0107831 ; 0.0107663 ; 102.176;
5 ; 11 ; 8 ; 0.388813 ; -0.00854793 ; 0.0188824 ; 102.591;
6 ; 11 ; 8 ; 0.401467 ; -0.0122382 ; 0.0193065 ; 101.798;
7 ; 11 ; 8 ; 0.412901 ; -0.0011951 ; 0.00329157 ; 101.749;
8 ; 11 ; 8 ; 0.400558 ; -0.00548918 ; 0.00275633 ; 101.455;
9 ; 11 ; 8 ; 0.381433 ; 0.00999198 ; 0.0243691 ; 100.884;
10 ; 11 ; 8 ; 0.386021 ; -0.00323274 ; 0.0124719 ; 101.409;
11 ; 11 ; 8 ; 0.382507 ; -0.00828532 ; -0.00256461 ; 102.011;
12 ; 11 ; 8 ; 0.39532 ; -0.0118282 ; -0.0122988 ; 101.658;
13 ; 11 ; 8 ; 0.404792 ; -0.0167168 ; 0.023048 ; 101.194;
14 ; 11 ; 8 ; 0.402364 ; -0.0142642 ; 0.000832352 ; 101.059;
15 ; 11 ; 8 ; 0.400675 ; -0.00276401 ; -0.00323765 ; 101.591;
16 ; 11 ; 8 ; 0.393003 ; 0.0224267 ; 0.00293343 ; 101.694;
17 ; 11 ; 8 ; 0.409769 ; -0.00349971 ; 0.0149611 ; 101.185;
18 ; 11 ; 8 ; 0.408252 ; -0.0046413 ; -0.00816858 ; 101.377;
19 ; 11 ; 8 ; 0.406704 ; -0.000292824 ; -0.0165401 ; 101.689;
20 ; 11 ; 8 ; 0.401472 ; 0.00537139 ; -0.00576034 ; 101.593;
21 ; 11 ; 8 ; 0.408831 ; 0.0103015 ; -0.0122725 ; 100.956;
4 ; 12 ; 8 ; 0.405928 ; 0.00109313 ; -0.000901452 ; 101.514;
5 ; 12 ; 8 ; 0.408675 ; 0.0246184 ; -0.00139096 ; 100.763;
6 ; 12 ; 8 ; 0.406151 ; -0.0002977 ; 0.000346894 ; 101.384;
7 ; 12 ; 8 ; 0.410648 ; -0.0062555 ; -0.0122797 ; 101.282;
8 ; 12 ; 8 ; 0.398405 ; -0.00266061 ; -0.00612956 ; 101.721;
9 ; 12 ; 8 ; 0.411303 ; -0.00441472 ; 0.011335 ; 101.708;
10 ; 12 ; 8 ; 0.391301 ; -0.00905926 ; 0.0130762 ; 101.253;
11 ; 12 ; 8 ; 0.388669 ; -0.0230655 ; 0.00441839 ; 101.439;
12 ; 12 ; 8 ; 0.386367 ; -0.0192562 ; 0.000685601 ; 101.515;
13 ; 12 ; 8 ; 0.378643 ; 0.00972436 ; -0.00584537 ; 101.615;
14 ; 12 ; 8 ; 0.400949 ; -0.0128001 ; -0.00153511 ; 101.402;
15 ; 12 ; 8 ; 0.404061 ; -0.00192641 ; -0.016721 ; 101.526;
16 ; 12 ; 8 ; 0.392837 ; 0.0153779 ; -0.0138122 ; 101.42;
17 ; 12 ; 8 ; 0.412519 ; -0.0209315 ; 0.0119058 ; 101.063;
18 ; 12 ; 8 ; 0.421092 ; -0.0124012 ; 0.00567771 ; 101.24;
19 ; 12 ; 8 ; 0.420178 ; -0.00440149 ; 0.001987 ; 101.505;
20 ; 12 ; 8 ; 0.405988 ; 0.0019184 ; 0.00316146 ; 101.638;
21 ; 12 ; 8 ; 0.410539 ; 0.00752777 ; -0.00496489 ; 101.296;
4 ; 13 ; 8 ; 0.402863 ; 0.037124 ; -0.00968269 ; 100.895;
5 ; 13 ; 8 ; 0.399081 ; 0.0163833 ; -0.0179197 ; 101.179;
6 ; 13 ; 8 ; 0.394143 ; -0.011287 ; 0.0184022 ; 102.905;
7 ; 13 ; 8 ; 0.394769 ; 0.00245284 ; -0.0172265 ; 101.87;
8 ; 13 ; 8 ; 0.371141 ; -0.00410279 ; -0.0304845 ; 102.035;
9 ; 13 ; 8 ; 0.398249 ; -0.011816 ; -0.0342369 ; 101.42;
10 ; 13 ; 8 ; 0.355067 ; 0.0079685 ; 0.00573897 ; 100.968;
11 ; 13 ; 8 ; 0.420278 ; -0.00378694 ; -0.00262955 ; 101.207;
12 ; 13 ; 8 ; 0.393373 ; 0.0150605 ; 0.00417657 ; 101.469;
13 ; 13 ; 8 ; 0.38093 ; 0.0143419 ; -0.00595084 ; 101.6;
14 ; 13 ; 8 ; 0.387036 ; -0.0182232 ; -0.00319613 ; 101.395;
15 ; 13 ; 8 ; 0.368241 ; -0.0191288 ; 0.0118179 ; 102.025;
16 ; 13 ; 8 ; 0.392572 ; 0.0107503 ; -0.00407974 ; 102.023;
17 ; 13 ; 8 ; 0.398871 ; -0.0042314 ; -0.00495098 ; 101.605;
18 ; 13 ; 8 ; 0.413379 ; -0.0235657 ; -0.0242006 ; 101.962;
19 ; 13 ; 8 ; 0.420022 ; 0.0257368 ; 0.00517757 ; 101.708;
20 ; 13 ; 8 ; 0.415874 ; -0.000303281 ; -0.00109323 ; 101.521;
21 ; 13 ; 8 ; 0.393013 ; 0.0289626 ; -0.0160445 ; 100.647;
4 ; 14 ; 8 ; 0.399197 ; 0.0192609 ; -0.00805329 ; 101.497;
5 ; 14 ; 8 ; 0.408645 ; -0.00412929 ; -0.0214431 ; 101.903;
6 ; 14 ; 8 ; 0.395545 ; -0.00594678 ; 0.00429396 ; 102.387;
7 ; 14 ; 8 ; 0.391918 ; 0.00184076 ; -0.00793103 ; 101.968;
8 ; 14 ; 8 ; 0.383256 ; -0.00622713 ; -0.0193403 ; 102.101;
9 ; 14 ; 8 ; 0.371578 ; -0.00405443 ; -0.00253266 ; 101.057;
10 ; 14 ; 8 ; 0.366646 ; 0.00212652 ; 0.00683584 ; 101.088;
11 ; 14 ; 8 ; 0.402368 ; -0.00180947 ; 0.00623508 ; 101.304;
12 ; 14 ; 8 ; 0.389356 ; 0.00800603 ; 0.0121643 ; 101.466;
13 ; 14 ; 8 ; 0.411347 ; -0.0207776 ; 0.00502715 ; 101.35;
14 ; 14 ; 8 ; 0.401782 ; -0.0203263 ; -0.00117431 ; 101.333;
15 ; 14 ; 8 ; 0.386202 ; -0.0250902 ; 0.00366917 ; 101.666;
16 ; 14 ; 8 ; 0.38932 ; -0.0047568 ; -0.00666761 ; 101.799;
17 ; 14 ; 8 ; 0.417472 ; -0.0101489 ; -0.01986 ; 102.017;
18 ; 14 ; 8 ; 0.418884 ; -0.0175256 ; -0.0204993 ; 102.004;
19 ; 14 ; 8 ; 0.417166 ; 0.0147466 ; -0.00785478 ; 101.855;
20 ; 14 ; 8 ; 0.39847 ; 0.00214125 ; -0.0127751 ; 101.593;
21 ; 14 ; 8 ; 0.369553 ; 0.0214352 ; 0.00234508 ; 101.561;
4 ; 15 ; 8 ; 0.396045 ; 0.0267592 ; 0.0205295 ; 101.965;
5 ; 15 ; 8 ; 0.37835 ; -0.0126023 ; -0.011753 ; 100.95;
6 ; 15 ; 8 ; 0.393062 ; 0.000147705 ; -0.00878749 ; 101.423;
7 ; 15 ; 8 ; 0.391578 ; 0.00320886 ; 0.00764448 ; 101.916;
8 ; 15 ; 8 ; 0.391494 ; -0.00276811 ; 0.0034097 ; 102.116;
9 ; 15 ; 8 ; 0.428407 ; -0.00114227 ; 0.0119089 ; 100.572;
10 ; 15 ; 8 ; 0.394438 ; -0.00245178 ; 0.00835418 ; 101.16;
11 ; 15 ; 8 ; 0.387998 ; 0.0018053 ; 0.0111946 ; 101.517;
12 ; 15 ; 8 ; 0.38915 ; -0.00186561 ; 0.015349 ; 101.371;
13 ; 15 ; 8 ; 0.410454 ; -0.0324365 ; -0.0142674 ; 102.435;
14 ; 15 ; 8 ; 0.415924 ; -0.0181956 ; -0.00623899 ; 101.641;
15 ; 15 ; 8 ; 0.408034 ; -0.0227927 ; -0.00632149 ; 101.585;
16 ; 15 ; 8 ; 0.390088 ; -0.0239631 ; -0.00521918 ; 101.747;
17 ; 15 ; 8 ; 0.389686 ; -0.033506 ; -0.0232539 ; 101.494;
18 ; 15 ; 8 ; 0.411693 ; -0.0141621 ; -0.015326 ; 101.749;
19 ; 15 ; 8 ; 0.410638 ; 0.00439248 ; -0.0186088 ; 101.624;
20 ; 15 ; 8 ; 0.396738 ; 0.009485 ; -0.0228775 ; 101.549;
21 ; 15 ; 8 ; 0.393028 ; 0.0058348 ; -0.00303827 ; 101.712;
4 ; 16 ; 8 ; 0.403666 ; 0.00876081 ; 0.0262502 ; 101.846;
5 ; 16 ; 8 ; 0.391922 ; 0.0246516 ; 0.000527902 ; 100.608;
6 ; 16 ; 8 ; 0.3952 ; 0.0076884 ; -0.00192017 ; 100.936;
7 ; 16 ; 8 ; 0.398917 ; 0.00649145 ; 0.00853339 ; 101.523;
8 ; 16 ; 8 ; 0.387092 ; 0.00505967 ; 0.00878976 ; 101.846;
9 ; 16 ; 8 ; 0.392062 ; 0.0016041 ; -0.0128625 ; 100.972;
10 ; 16 ; 8 ; 0.405863 ; 0.0023289 ; 0.0040042 ; 101.258;
11 ; 16 ; 8 ; 0.402115 ; -0.00308602 ; 0.00499863 ; 101.765;
12 ; 16 ; 8 ; 0.393631 ; -0.0114656 ; 0.0115165 ; 101.673;
13 ; 16 ; 8 ; 0.36051 ; -0.0243234 ; 0.00293647 ; 100.184;
14 ; 16 ; 8 ; 0.39247 ; -0.0111364 ; -0.010262 ; 101.533;
15 ; 16 ; 8 ; 0.39846 ; -0.00867893 ; -0.00766947 ; 101.816;
16 ; 16 ; 8 ; 0.401314 ; -0.0142518 ; -0.00438396 ; 101.867;
17 ; 16 ; 8 ; 0.399448 ; -0.0183865 ; -0.0167625 ; 102.057;
18 ; 16 ; 8 ; 0.388951 ; -0.0153373 ; -0.0125589 ; 101.582;
19 ; 16 ; 8 ; 0.392069 ; 0.00928731 ; -0.00675852 ; 101.199;
20 ; 16 ; 8 ; 0.409639 ; 0.0192411 ; -0.0143437 ; 101.466;
21 ; 16 ; 8 ; 0.389716 ; 0.00278869 ; -0.0188513 ; 100.827;
4 ; 17 ; 8 ; 0.402397 ; -0.0335533 ; 0.0142398 ; 101.543;
5 ; 17 ; 8 ; 0.39493 ; -0.0183056 ; -0.0201174 ; 101.4;
6 ; 17 ; 8 ; 0.400482 ; 0.00753403 ; -0.0027505 ; 101.159;
7 ; 17 ; 8 ; 0.397972 ; 0.00546755 ; 0.000339908 ; 101.433;
8 ; 17 ; 8 ; 0.391319 ; 0.00667398 ; -0.000405147 ; 101.694;
9 ; 17 ; 8 ; 0.377891 ; -0.00991632 ; 0.0288477 ; 101.6;
10 ; 17 ; 8 ; 0.39605 ; -0.00127892 ; 0.0123251 ; 101.442;
11 ; 17 ; 8 ; 0.407572 ; -0.00430755 ; 0.0117358 ; 101.583;
12 ; 17 ; 8 ; 0.391666 ; -0.00495335 ; 0.00933263 ; 101.725;
13 ; 17 ; 8 ; 0.378609 ; -0.0262958 ; 0.038577 ; 102.063;
14 ; 17 ; 8 ; 0.374783 ; -0.00590164 ; 0.0056555 ; 101.241;
15 ; 17 ; 8 ; 0.386975 ; 0.000275887 ; -0.00479037 ; 101.508;
16 ; 17 ; 8 ; 0.397801 ; -0.00276349 ; -0.00018845 ; 101.696;
17 ; 17 ; 8 ; 0.367951 ; -0.0059585 ; -6.10679e-05 ; 102.374;
18 ; 17 ; 8 ; 0.381827 ; -0.00414732 ; -0.014333 ; 101.908;
19 ; 17 ; 8 ; 0.383132 ; 0.0103731 ; -0.0175856 ; 101.324;
20 ; 17 ; 8 ; 0.396827 ; 0.0124137 ; -0.0178585 ; 101.529;
21 ; 17 ; 8 ; 0.405938 ; -0.0108778 ; -0.0180871 ; 102.195;
4 ; 18 ; 8 ; 0.385998 ; -0.013429 ; -0.0134411 ; 102.208;
5 ; 18 ; 8 ; 0.388503 ; 0.00567145 ; -0.0183147 ; 101.378;
6 ; 18 ; 8 ; 0.393385 ; 0.00397744 ; -0.0116388 ; 101.601;
7 ; 18 ; 8 ; 0.390723 ; 0.00879736 ; -0.00333481 ; 101.715;
8 ; 18 ; 8 ; 0.393538 ; 0.00693275 ; 0.000981348 ; 101.603;
9 ; 18 ; 8 ; 0.410012 ; 0.00652899 ; -0.0129187 ; 101.639;
10 ; 18 ; 8 ; 0.39275 ; -0.00428751 ; 0.0134983 ; 101.394;
11 ; 18 ; 8 ; 0.398323 ; 0.00188265 ; 0.0128711 ; 101.046;
12 ; 18 ; 8 ; 0.39474 ; 0.00863923 ; 0.00926413 ; 101.01;
13 ; 18 ; 8 ; 0.4193 ; 0.0102834 ; -0.0317603 ; 101.664;
14 ; 18 ; 8 ; 0.401234 ; 0.00217127 ; -4.4799e-05 ; 101.596;
15 ; 18 ; 8 ; 0.398527 ; 0.00228224 ; 0.00233925 ; 101.381;
16 ; 18 ; 8 ; 0.386859 ; -0.004632 ; 0.0122199 ; 101.555;
17 ; 18 ; 8 ; 0.408457 ; -0.00542717 ; -0.00502277 ; 101.956;
18 ; 18 ; 8 ; 0.39379 ; 0.00299965 ; -0.012093 ; 102.024;
19 ; 18 ; 8 ; 0.396983 ; 0.00386409 ; -0.0254259 ; 101.494;
20 ; 18 ; 8 ; 0.395725 ; -0.00777809 ; -0.0207347 ; 101.434;
21 ; 18 ; 8 ; 0.372418 ; -0.0317222 ; -0.00695131 ; 102.096;
4 ; 19 ; 8 ; 0.396774 ; -0.00352106 ; -0.0377356 ; 101.391;
5 ; 19 ; 8 ; 0.418325 ; 0.0311639 ; -0.0105906 ; 101.31;
6 ; 19 ; 8 ; 0.406801 ; 0.0101031 ; -0.0101308 ; 101.067;
7 ; 19 ; 8 ; 0.38255 ; -0.00368504 ; 0.0175248 ; 101.405;
8 ; 19 ; 8 ; 0.427799 ; -0.0124202 ; 0.0104181 ; 100.654;
9 ; 19 ; 8 ; 0.393572 ; 0.0164653 ; 0.000246971 ; 101.387;
10 ; 19 ; 8 ; 0.379447 ; -0.0221671 ; 0.00399657 ; 101.811;
11 ; 19 ; 8 ; 0.3968 ; -0.00180735 ; 0.000956576 ; 100.755;
12 ; 19 ; 8 ; 0.391388 ; 0.00913529 ; 0.00769487 ; 101.893;
13 ; 19 ; 8 ; 0.387151 ; -0.00539518 ; -0.0080706 ; 101.666;
14 ; 19 ; 8 ; 0.390282 ; -0.0133119 ; 0.00478451 ; 101.209;
15 ; 19 ; 8 ; 0.385976 ; 0.00247707 ; -0.0282153 ; 101.209;
16 ; 19 ; 8 ; 0.408112 ; 0.00503702 ; -0.0133856 ; 101.59;
17 ; 19 ; 8 ; 0.412538 ; 0.00740332 ; 0.0083174 ; 101.365;
18 ; 19 ; 8 ; 0.394167 ; 0.0275781 ; -0.00426121 ; 101.46;
19 ; 19 ; 8 ; 0.386341 ; 0.0100194 ; -0.0117454 ; 102.407;
20 ; 19 ; 8 ; 0.39648 ; 0.0122843 ; -0.000303874 ; 102.16;
21 ; 19 ; 8 ; 0.382767 ; 0.00206265 ; -0.0120649 ; 101.727;
4 ; 20 ; 8 ; 0.393372 ; -0.0196711 ; -0.00609235 ; 101.922;
5 ; 20 ; 8 ; 0.38178 ; -0.0109671 ; -0.0126122 ; 103.354;
6 ; 20 ; 8 ; 0.402695 ; 0.00152043 ; -0.00842225 ; 101.639;
7 ; 20 ; 8 ; 0.395949 ; -0.00406621 ; 0.012312 ; 101.341;
8 ; 20 ; 8 ; 0.414113 ; -0.00982564 ; 0.00966171 ; 101.133;
9 ; 20 ; 8 ; 0.378838 ; 0.0106221 ; -0.0355815 ; 101.205;
10 ; 20 ; 8 ; 0.381871 ; -0.00892059 ; -0.00369191 ; 101.447;
11 ; 20 ; 8 ; 0.395106 ; 0.00285911 ; 0.0114454 ; 100.774;
12 ; 20 ; 8 ; 0.393278 ; 0.0110715 ; 0.0175384 ; 101.485;
13 ; 20 ; 8 ; 0.394994 ; 0.000577141 ; 0.0056702 ; 100.934;
14 ; 20 ; 8 ; 0.394715 ; -0.00713097 ; -0.00253451 ; 101.248;
15 ; 20 ; 8 ; 0.394558 ; -0.00085612 ; -0.0254545 ; 101.526;
16 ; 20 ; 8 ; 0.404369 ; -0.00330474 ; -0.00792769 ; 101.739;
17 ; 20 ; 8 ; 0.386931 ; 0.00360528 ; 0.00831609 ; 101.756;
18 ; 20 ; 8 ; 0.392719 ; 0.0172654 ; -0.0020824 ; 101.521;
19 ; 20 ; 8 ; 0.397826 ; 0.0068605 ; -0.0143475 ; 101.742;
20 ; 20 ; 8 ; 0.404001 ; 0.00871616 ; -0.00341875 ; 101.5;
21 ; 20 ; 8 ; 0.417622 ; 0.0145192 ; 0.00225849 ; 101.555;
4 ; 21 ; 8 ; 0.42061 ; 0.00788608 ; -0.0161631 ; 101.824;
5 ; 21 ; 8 ; 0.398587 ; -0.0226398 ; 0.0196081 ; 102.46;
6 ; 21 ; 8 ; 0.400772 ; -0.00887671 ; 0.000894859 ; 102.143;
7 ; 21 ; 8 ; 0.408213 ; -0.00207158 ; 0.00341723 ; 101.377;
8 ; 21 ; 8 ; 0.399901 ; -0.00438348 ; 0.00399565 ; 101.737;
9 ; 21 ; 8 ; 0.382399 ; -0.008569 ; 0.00598151 ; 102.083;
10 ; 21 ; 8 ; 0.387454 ; 0.00588161 ; -0.00419036 ; 101.305;
11 ; 21 ; 8 ; 0.399912 ; 0.005591 ; 0.0106484 ; 101.134;
12 ; 21 ; 8 ; 0.403444 ; 0.00292189 ; 0.0168411 ; 101.393;
13 ; 21 ; 8 ; 0.3986 ; 0.024291 ; 0.00469658 ; 101.335;
14 ; 21 ; 8 ; 0.403088 ; 0.00463369 ; -0.00397044 ; 101.273;
15 ; 21 ; 8 ; 0.409741 ; -0.00646039 ; -0.0149224 ; 101.733;
16 ; 21 ; 8 ; 0.401471 ; -0.0106002 ; -0.00464896 ; 101.856;
17 ; 21 ; 8 ; 0.399207 ; 0.0130988 ; -0.0104944 ; 101.126;
18 ; 21 ; 8 ; 0.395072 ; 0.0088378 ; -0.0014222 ; 101.54;
19 ; 21 ; 8 ; 0.404161 ; 0.00531599 ; -0.0117406 ; 101.343;
20 ; 21 ; 8 ; 0.404656 ; -0.00474929 ; -0.00855988 ; 101.077;
21 ; 21 ; 8 ; 0.394481 ; 0.014579 ; -0.0194605 ; 102.815;
4 ; 4 ; 9 ; 0.316874 ; -0.0180098 ; -0.00564052 ; 101.637;
5 ; 4 ; 9 ; 0.30772 ; -5.89642e-05 ; 0.00866395 ; 101.476;
6 ; 4 ; 9 ; 0.309665 ; 0.0160378 ; 0.00461126 ; 101.656;
7 ; 4 ; 9 ; 0.305529 ; 0.0172477 ; -0.000463105 ; 101.913;
8 ; 4 ; 9 ; 0.304261 ; -0.00430108 ; -0.00027856 ; 102.722;
9 ; 4 ; 9 ; 0.313339 ; 0.0101293 ; 0.00977115 ; 101.638;
10 ; 4 ; 9 ; 0.316777 ; -0.00739395 ; -0.00279458 ; 101.596;
11 ; 4 ; 9 ; 0.321658 ; -0.0182564 ; -0.0174527 ; 101.407;
12 ; 4 ; 9 ; 0.336016 ; -0.00767989 ; -0.0167331 ; 101.799;
13 ; 4 ; 9 ; 0.312204 ; -0.00017785 ; -0.00239265 ; 101.441;
14 ; 4 ; 9 ; 0.332178 ; -0.00627605 ; -0.00433863 ; 101.407;
15 ; 4 ; 9 ; 0.329095 ; -0.00247866 ; -0.00832095 ; 101.433;
16 ; 4 ; 9 ; 0.306179 ; -0.00182868 ; -0.00311968 ; 101.011;
17 ; 4 ; 9 ; 0.317406 ; 0.00259493 ; -0.0157028 ; 101.319;
18 ; 4 ; 9 ; 0.322026 ; 0.00708035 ; -0.00839289 ; 101.53;
19 ; 4 ; 9 ; 0.317134 ; -0.00717476 ; -0.0107356 ; 101.545;
20 ; 4 ; 9 ; 0.338543 ; -0.000234821 ; -0.00986839 ; 101.242;
21 ; 4 ; 9 ; 0.313378 ; 0.0111582 ; 0.00190508 ; 101.457;
4 ; 5 ; 9 ; 0.315668 ; 0.0176894 ; 0.0134312 ; 101.818;
5 ; 5 ; 9 ; 0.31614 ; 0.00511561 ; -0.00268401 ; 101.361;
6 ; 5 ; 9 ; 0.311459 ; 0.0238277 ; -0.00387599 ; 101.473;
7 ; 5 ; 9 ; 0.312542 ; 0.0168145 ; -0.00539997 ; 102.003;
8 ; 5 ; 9 ; 0.29401 ; 0.0233778 ; -0.00824793 ; 101.209;
9 ; 5 ; 9 ; 0.311769 ; -0.00536946 ; 0.00653815 ; 101.482;
10 ; 5 ; 9 ; 0.322814 ; -0.00156049 ; -0.00293588 ; 101.549;
11 ; 5 ; 9 ; 0.318893 ; -0.00457386 ; 0.000650825 ; 101.687;
12 ; 5 ; 9 ; 0.311008 ; -0.0138619 ; -0.012962 ; 101.282;
13 ; 5 ; 9 ; 0.320819 ; 0.00210866 ; 0.00752255 ; 101.497;
14 ; 5 ; 9 ; 0.324595 ; -0.00403041 ; -0.00852114 ; 101.634;
15 ; 5 ; 9 ; 0.322311 ; -0.00481876 ; -0.00584412 ; 101.812;
16 ; 5 ; 9 ; 0.328408 ; 0.00331498 ; -0.0162299 ; 102.039;
17 ; 5 ; 9 ; 0.329193 ; -0.00205295 ; 0.00146476 ; 101.437;
18 ; 5 ; 9 ; 0.319106 ; 0.00893793 ; -0.00923525 ; 101.434;
19 ; 5 ; 9 ; 0.313294 ; -0.011625 ; -0.014715 ; 101.658;
20 ; 5 ; 9 ; 0.289345 ; -0.0287841 ; -0.0132158 ; 101.733;
21 ; 5 ; 9 ; 0.323108 ; 0.0105993 ; -0.00806628 ; 101.434;
4 ; 6 ; 9 ; 0.335622 ; 0.024205 ; 0.00218581 ; 101.283;
5 ; 6 ; 9 ; 0.319581 ; 0.00141206 ; -0.00720385 ; 101.257;
6 ; 6 ; 9 ; 0.312585 ; 0.0292018 ; -0.00526805 ; 101.17;
7 ; 6 ; 9 ; 0.319986 ; 0.012525 ; -0.00379852 ; 102.305;
8 ; 6 ; 9 ; 0.289826 ; 0.00201284 ; -0.00246774 ; 101.122;
9 ; 6 ; 9 ; 0.318725 ; -0.0208069 ; 0.0118654 ; 101.33;
10 ; 6 ; 9 ; 0.321989 ; 5.59552e-05 ; 0.000318545 ; 101.266;
11 ; 6 ; 9 ; 0.314191 ; 0.00714577 ; 0.0177479 ; 101.865;
12 ; 6 ; 9 ; 0.292063 ; 0.0166249 ; 0.0157442 ; 101.971;
13 ; 6 ; 9 ; 0.335446 ; 0.00362662 ; 0.0162654 ; 101.527;
14 ; 6 ; 9 ; 0.324819 ; 0.000365836 ; -0.00547459 ; 101.678;
15 ; 6 ; 9 ; 0.312688 ; -0.0085297 ; 0.00330672 ; 101.824;
16 ; 6 ; 9 ; 0.316844 ; -0.0259014 ; -0.00635071 ; 101.683;
17 ; 6 ; 9 ; 0.337943 ; 0.00673515 ; 0.00567311 ; 101.839;
18 ; 6 ; 9 ; 0.315062 ; 0.009296 ; -0.011868 ; 101.525;
19 ; 6 ; 9 ; 0.319168 ; -0.0160299 ; -0.013132 ; 101.648;
20 ; 6 ; 9 ; 0.305227 ; -0.00050421 ; 0.00860831 ; 101.362;
21 ; 6 ; 9 ; 0.306687 ; -0.00102855 ; 0.0069486 ; 101.952;
4 ; 7 ; 9 ; 0.336195 ; -0.0122265 ; -0.00495246 ; 101.129;
5 ; 7 ; 9 ; 0.32781 ; -0.000570916 ; -0.00199854 ; 101.577;
6 ; 7 ; 9 ; 0.332129 ; 0.000487377 ; 0.00873155 ; 101.701;
7 ; 7 ; 9 ; 0.327317 ; 0.00647117 ; 0.0174293 ; 101.355;
8 ; 7 ; 9 ; 0.31313 ; 0.0061802 ; 0.0133392 ; 99.805;
9 ; 7 ; 9 ; 0.321991 ; -0.00873255 ; 0.0127674 ; 101.307;
10 ; 7 ; 9 ; 0.310441 ; -0.00340519 ; 0.011268 ; 101.115;
11 ; 7 ; 9 ; 0.316724 ; -0.00469649 ; -3.00992e-05 ; 101.343;
12 ; 7 ; 9 ; 0.325877 ; -0.00111412 ; -0.00889129 ; 101.282;
13 ; 7 ; 9 ; 0.334986 ; -0.000289243 ; -0.000682514 ; 101.342;
14 ; 7 ; 9 ; 0.319983 ; -0.00126256 ; 0.00310975 ; 101.486;
15 ; 7 ; 9 ; 0.308354 ; 0.0029622 ; -0.000801263 ; 101.287;
16 ; 7 ; 9 ; 0.305647 ; -0.00174781 ; -0.00266437 ; 100.372;
17 ; 7 ; 9 ; 0.315349 ; 0.00304681 ; -0.00629124 ; 101.682;
18 ; 7 ; 9 ; 0.328504 ; -0.00470918 ; -0.0091296 ; 101.577;
19 ; 7 ; 9 ; 0.33009 ; -0.00174575 ; -0.0122011 ; 101.84;
20 ; 7 ; 9 ; 0.318422 ; 0.0174808 ; -0.00283138 ; 101.514;
21 ; 7 ; 9 ; 0.319837 ; -0.00583004 ; -0.0232774 ; 101.985;
4 ; 8 ; 9 ; 0.297937 ; -0.030231 ; 0.0184915 ; 100.713;
5 ; 8 ; 9 ; 0.332732 ; -0.000812401 ; 0.00937353 ; 101.568;
6 ; 8 ; 9 ; 0.33515 ; 0.00337265 ; 0.00471482 ; 101.714;
7 ; 8 ; 9 ; 0.326566 ; 0.00695118 ; 0.0123291 ; 101.806;
8 ; 8 ; 9 ; 0.333618 ; 0.0128603 ; 0.0160539 ; 102.5;
9 ; 8 ; 9 ; 0.323754 ; -0.00919691 ; 0.00543407 ; 101.666;
10 ; 8 ; 9 ; 0.312272 ; -0.00381114 ; -0.00153929 ; 101.307;
11 ; 8 ; 9 ; 0.319985 ; 0.00307115 ; -0.00588436 ; 101.373;
12 ; 8 ; 9 ; 0.325186 ; -0.00356623 ; -0.00185974 ; 101.927;
13 ; 8 ; 9 ; 0.3345 ; -0.00853432 ; 0.00912999 ; 101.354;
14 ; 8 ; 9 ; 0.321999 ; -0.011506 ; 0.00357178 ; 101.574;
15 ; 8 ; 9 ; 0.309518 ; 0.000495274 ; -0.00624367 ; 101.606;
16 ; 8 ; 9 ; 0.314534 ; 0.00845069 ; 0.00495359 ; 101.424;
17 ; 8 ; 9 ; 0.319947 ; 0.00730715 ; -0.0155081 ; 101.695;
18 ; 8 ; 9 ; 0.311514 ; 0.00947656 ; -0.0261642 ; 101.625;
19 ; 8 ; 9 ; 0.313095 ; 0.00285175 ; -0.0284587 ; 101.925;
20 ; 8 ; 9 ; 0.342672 ; -0.00105816 ; -0.0247529 ; 102.554;
21 ; 8 ; 9 ; 0.313686 ; -0.00222069 ; -0.0179106 ; 101.196;
4 ; 9 ; 9 ; 0.343193 ; 0.00934937 ; -0.00881443 ; 100.791;
5 ; 9 ; 9 ; 0.325628 ; -0.0158289 ; 0.0180408 ; 101.528;
6 ; 9 ; 9 ; 0.336063 ; -0.0052971 ; 0.00927153 ; 101.502;
7 ; 9 ; 9 ; 0.326247 ; 0.00943793 ; 0.000796744 ; 101.314;
8 ; 9 ; 9 ; 0.314488 ; 0.00226222 ; 0.0202343 ; 101.258;
9 ; 9 ; 9 ; 0.326308 ; -0.014235 ; -0.00321492 ; 101.485;
10 ; 9 ; 9 ; 0.323072 ; 0.0054352 ; -0.0112138 ; 101.506;
11 ; 9 ; 9 ; 0.315945 ; 0.00816585 ; -0.0090696 ; 101.494;
12 ; 9 ; 9 ; 0.342569 ; 0.016848 ; -0.00384025 ; 101.044;
13 ; 9 ; 9 ; 0.322271 ; -0.00401791 ; 0.00804448 ; 101.401;
14 ; 9 ; 9 ; 0.3256 ; 0.0040835 ; 0.0053053 ; 101.298;
15 ; 9 ; 9 ; 0.316246 ; 0.00440996 ; -0.00640319 ; 101.485;
16 ; 9 ; 9 ; 0.305878 ; 0.00838621 ; -0.0205715 ; 101.537;
17 ; 9 ; 9 ; 0.318797 ; -0.00343363 ; -0.0160467 ; 101.872;
18 ; 9 ; 9 ; 0.305661 ; 0.00108526 ; -0.0257149 ; 101.703;
19 ; 9 ; 9 ; 0.310811 ; -0.00317994 ; -0.0181625 ; 101.651;
20 ; 9 ; 9 ; 0.30846 ; -0.00425152 ; -0.0234338 ; 101.513;
21 ; 9 ; 9 ; 0.307104 ; 0.0135331 ; -0.00270276 ; 101.689;
4 ; 10 ; 9 ; 0.327877 ; -0.00224209 ; 0.0188143 ; 101.674;
5 ; 10 ; 9 ; 0.312252 ; -0.00880807 ; 0.0116819 ; 101.573;
6 ; 10 ; 9 ; 0.314302 ; -0.00588974 ; 0.00465672 ; 101.404;
7 ; 10 ; 9 ; 0.317991 ; 0.00915848 ; -0.00670201 ; 101.398;
8 ; 10 ; 9 ; 0.31382 ; 0.0221599 ; -0.0122561 ; 100.971;
9 ; 10 ; 9 ; 0.320274 ; -0.0100604 ; -0.00363281 ; 101.198;
10 ; 10 ; 9 ; 0.324376 ; 0.00677654 ; -0.00409236 ; 101.446;
11 ; 10 ; 9 ; 0.316003 ; 0.0014453 ; 0.00152133 ; 101.516;
12 ; 10 ; 9 ; 0.293773 ; -0.0118236 ; 0.0018134 ; 101.95;
13 ; 10 ; 9 ; 0.320074 ; -0.000720197 ; 0.000511743 ; 101.424;
14 ; 10 ; 9 ; 0.329825 ; 0.0106053 ; 0.0036093 ; 101.111;
15 ; 10 ; 9 ; 0.330715 ; 0.00326337 ; 0.00241838 ; 101.458;
16 ; 10 ; 9 ; 0.313699 ; -0.0169109 ; -0.00310934 ; 101.913;
17 ; 10 ; 9 ; 0.327484 ; -0.0144836 ; -0.0181652 ; 101.842;
18 ; 10 ; 9 ; 0.321288 ; -0.00545556 ; -0.0126351 ; 101.672;
19 ; 10 ; 9 ; 0.326005 ; -0.000740965 ; -0.00207712 ; 101.6;
20 ; 10 ; 9 ; 0.334057 ; -0.018163 ; 0.0183303 ; 101.5;
21 ; 10 ; 9 ; 0.309876 ; 0.0114419 ; -0.0394574 ; 100.928;
4 ; 11 ; 9 ; 0.32769 ; -0.0157474 ; -0.00334848 ; 101.336;
5 ; 11 ; 9 ; 0.304826 ; 0.00637345 ; 0.00309497 ; 101.654;
6 ; 11 ; 9 ; 0.30681 ; 0.00548382 ; -0.00130663 ; 101.419;
7 ; 11 ; 9 ; 0.323541 ; 0.00458674 ; -0.0144332 ; 101.811;
8 ; 11 ; 9 ; 0.317021 ; 0.0141921 ; 0.000457284 ; 101.83;
9 ; 11 ; 9 ; 0.31953 ; -0.0122115 ; -0.00545561 ; 101.453;
10 ; 11 ; 9 ; 0.323231 ; 0.016984 ; 0.0093804 ; 101.16;
11 ; 11 ; 9 ; 0.316272 ; -0.00158473 ; 0.0268384 ; 101.609;
12 ; 11 ; 9 ; 0.317982 ; -0.0107879 ; 0.0101306 ; 101.376;
13 ; 11 ; 9 ; 0.319834 ; 0.0103772 ; -0.0152768 ; 101.66;
14 ; 11 ; 9 ; 0.330635 ; 0.00864837 ; 0.014953 ; 101.478;
15 ; 11 ; 9 ; 0.324285 ; 0.00837179 ; -0.000163325 ; 101.891;
16 ; 11 ; 9 ; 0.346233 ; -0.00204259 ; 0.00175051 ; 101.561;
17 ; 11 ; 9 ; 0.331093 ; -0.00350638 ; -0.0236445 ; 101.731;
18 ; 11 ; 9 ; 0.330145 ; 0.00583662 ; -0.00382673 ; 100.957;
19 ; 11 ; 9 ; 0.331033 ; 0.0139667 ; -0.0020056 ; 101.868;
20 ; 11 ; 9 ; 0.342821 ; 0.00620587 ; -0.00124211 ; 101.448;
21 ; 11 ; 9 ; 0.340429 ; 0.0117668 ; 0.00357251 ; 101.17;
4 ; 12 ; 9 ; 0.269725 ; 0.0161829 ; 0.00482155 ; 101.543;
5 ; 12 ; 9 ; 0.303558 ; 0.0113922 ; 0.00181432 ; 101.599;
6 ; 12 ; 9 ; 0.311302 ; 0.0143348 ; -0.00169724 ; 101.386;
7 ; 12 ; 9 ; 0.333952 ; 0.00538629 ; -0.0208283 ; 101.933;
8 ; 12 ; 9 ; 0.329174 ; 0.0223663 ; -0.0245424 ; 101.35;
9 ; 12 ; 9 ; 0.32156 ; -0.0171685 ; -0.00397827 ; 101.61;
10 ; 12 ; 9 ; 0.322706 ; 0.033442 ; 0.0173021 ; 100.951;
11 ; 12 ; 9 ; 0.310044 ; 0.00111761 ; 0.041651 ; 101.786;
12 ; 12 ; 9 ; 0.316354 ; 0.0271557 ; -0.0240209 ; 101.087;
13 ; 12 ; 9 ; 0.318733 ; 0.0216199 ; -0.0238047 ; 101.854;
14 ; 12 ; 9 ; 0.333356 ; 0.0139662 ; 0.0297412 ; 101.722;
15 ; 12 ; 9 ; 0.315223 ; 0.0167378 ; -0.00318324 ; 102.178;
16 ; 12 ; 9 ; 0.314097 ; -0.00414775 ; -0.0183146 ; 101.356;
17 ; 12 ; 9 ; 0.327169 ; 0.00593222 ; -0.0272438 ; 101.78;
18 ; 12 ; 9 ; 0.32738 ; 0.00781429 ; -0.00191161 ; 100.385;
19 ; 12 ; 9 ; 0.330169 ; 0.0163631 ; -0.00366341 ; 102.013;
20 ; 12 ; 9 ; 0.332793 ; 0.0136023 ; -0.0125114 ; 101.81;
21 ; 12 ; 9 ; 0.326743 ; 0.0226618 ; 0.0260487 ; 101.855;
4 ; 13 ; 9 ; 0.318847 ; 0.0280763 ; 0.0120241 ; 101.294;
5 ; 13 ; 9 ; 0.331068 ; 0.00194318 ; 0.00924621 ; 101.27;
6 ; 13 ; 9 ; 0.335621 ; -0.00950921 ; 0.00681005 ; 101.399;
7 ; 13 ; 9 ; 0.32792 ; -0.00770443 ; -0.00279197 ; 101.389;
8 ; 13 ; 9 ; 0.31969 ; 0.00620881 ; -0.0211571 ; 100.782;
9 ; 13 ; 9 ; 0.314655 ; 0.00235989 ; -0.00299738 ; 101.503;
10 ; 13 ; 9 ; 0.322708 ; -0.00192948 ; 0.0120301 ; 101.332;
11 ; 13 ; 9 ; 0.312838 ; -0.00392948 ; 0.00257257 ; 100.988;
12 ; 13 ; 9 ; 0.295609 ; -0.00760187 ; -0.0180525 ; 101.406;
13 ; 13 ; 9 ; 0.315351 ; -0.0158386 ; 0.0149626 ; 101.572;
14 ; 13 ; 9 ; 0.31691 ; -0.00392329 ; 0.0203769 ; 101.657;
15 ; 13 ; 9 ; 0.308817 ; -0.00343584 ; 0.00822056 ; 101.614;
16 ; 13 ; 9 ; 0.315567 ; -0.00169878 ; -0.00749289 ; 101.042;
17 ; 13 ; 9 ; 0.327609 ; -0.000163084 ; -0.0192563 ; 101.51;
18 ; 13 ; 9 ; 0.318971 ; 0.000875453 ; -0.0187617 ; 101.693;
19 ; 13 ; 9 ; 0.316244 ; 0.00231228 ; -0.0083013 ; 101.452;
20 ; 13 ; 9 ; 0.316287 ; 0.00137279 ; -0.0136186 ; 101.583;
21 ; 13 ; 9 ; 0.348262 ; 0.0264878 ; 0.00593436 ; 100.59;
4 ; 14 ; 9 ; 0.311672 ; -0.00250262 ; 0.0200145 ; 100.954;
5 ; 14 ; 9 ; 0.330899 ; 0.0051238 ; -0.00155425 ; 101.296;
6 ; 14 ; 9 ; 0.332048 ; -0.000406674 ; 0.0101212 ; 101.517;
7 ; 14 ; 9 ; 0.316983 ; 0.000835207 ; 0.00493117 ; 101.721;
8 ; 14 ; 9 ; 0.33029 ; -0.00475077 ; -0.00216806 ; 101.446;
9 ; 14 ; 9 ; 0.313817 ; 0.00679882 ; -0.00350323 ; 101.449;
10 ; 14 ; 9 ; 0.30998 ; 0.0028017 ; 0.0213841 ; 101.408;
11 ; 14 ; 9 ; 0.305286 ; -0.00404025 ; 0.0180923 ; 101.454;
12 ; 14 ; 9 ; 0.317367 ; 0.0136068 ; 0.00932271 ; 100.762;
13 ; 14 ; 9 ; 0.321639 ; -0.00152591 ; 0.0102154 ; 101.345;
14 ; 14 ; 9 ; 0.313603 ; 0.00672229 ; 0.00472836 ; 101.743;
15 ; 14 ; 9 ; 0.307836 ; 0.000279646 ; -0.0051482 ; 101.681;
16 ; 14 ; 9 ; 0.290872 ; -0.0175861 ; 0.00963213 ; 101.888;
17 ; 14 ; 9 ; 0.329222 ; 0.000944823 ; -0.00830823 ; 101.539;
18 ; 14 ; 9 ; 0.318002 ; 0.00575911 ; -0.0155251 ; 101.361;
19 ; 14 ; 9 ; 0.319522 ; 0.0120982 ; -0.00453803 ; 101.006;
20 ; 14 ; 9 ; 0.329456 ; 0.00360183 ; -0.00525754 ; 100.737;
21 ; 14 ; 9 ; 0.293532 ; 0.0198841 ; -0.00495983 ; 100.105;
4 ; 15 ; 9 ; 0.335274 ; -0.0116728 ; -0.0138968 ; 101.025;
5 ; 15 ; 9 ; 0.333899 ; 0.00559183 ; 0.00328253 ; 101.211;
6 ; 15 ; 9 ; 0.334639 ; -0.00417638 ; 0.0188895 ; 101.353;
7 ; 15 ; 9 ; 0.310204 ; -0.00655688 ; 0.00786494 ; 101.459;
8 ; 15 ; 9 ; 0.295621 ; 0.00562895 ; -0.01188 ; 101.987;
9 ; 15 ; 9 ; 0.310082 ; 0.0117768 ; 0.00179567 ; 101.556;
10 ; 15 ; 9 ; 0.307677 ; 0.00830356 ; 0.00801337 ; 101.412;
11 ; 15 ; 9 ; 0.30891 ; 0.00417659 ; 0.00942789 ; 101.573;
12 ; 15 ; 9 ; 0.29683 ; -0.0136823 ; 0.0200825 ; 101.934;
13 ; 15 ; 9 ; 0.319608 ; 0.0142071 ; -0.00234296 ; 101.402;
14 ; 15 ; 9 ; 0.31595 ; 0.0058889 ; -0.00415889 ; 101.682;
15 ; 15 ; 9 ; 0.316332 ; 0.00288511 ; -0.0107485 ; 101.567;
16 ; 15 ; 9 ; 0.314423 ; 0.00260307 ; -0.0195466 ; 101.275;
17 ; 15 ; 9 ; 0.329563 ; 0.00373115 ; -0.0139771 ; 101.47;
18 ; 15 ; 9 ; 0.313861 ; 0.00782593 ; -0.0161468 ; 101.381;
19 ; 15 ; 9 ; 0.321702 ; 0.0136627 ; -0.0099134 ; 101.244;
20 ; 15 ; 9 ; 0.32794 ; 0.0248862 ; 0.00313325 ; 100.819;
21 ; 15 ; 9 ; 0.333872 ; -0.00475775 ; -0.00106312 ; 101.937;
4 ; 16 ; 9 ; 0.329884 ; 0.0179397 ; 0.0113964 ; 102.298;
5 ; 16 ; 9 ; 0.327996 ; 0.00868175 ; -0.00981993 ; 100.922;
6 ; 16 ; 9 ; 0.337047 ; -0.0141818 ; 0.0063168 ; 101.444;
7 ; 16 ; 9 ; 0.320422 ; -0.0137224 ; 0.00989728 ; 101.534;
8 ; 16 ; 9 ; 0.28988 ; -0.0135378 ; -0.00568746 ; 101.095;
9 ; 16 ; 9 ; 0.320857 ; 0.00941298 ; 0.00186869 ; 101.579;
10 ; 16 ; 9 ; 0.31923 ; -0.00360404 ; -0.00300796 ; 101.7;
11 ; 16 ; 9 ; 0.32172 ; 0.00227527 ; 0.00465701 ; 101.662;
12 ; 16 ; 9 ; 0.325583 ; 0.019962 ; 0.00537524 ; 101.499;
13 ; 16 ; 9 ; 0.316031 ; 0.00110221 ; -0.00304238 ; 101.445;
14 ; 16 ; 9 ; 0.319841 ; 0.00258174 ; -0.00584128 ; 101.693;
15 ; 16 ; 9 ; 0.325627 ; 0.00819738 ; -0.00758232 ; 101.622;
16 ; 16 ; 9 ; 0.315414 ; 0.0077138 ; -0.00956842 ; 101.406;
17 ; 16 ; 9 ; 0.327723 ; 0.00131433 ; -0.0189184 ; 100.987;
18 ; 16 ; 9 ; 0.317451 ; 0.0113804 ; -0.0242629 ; 101.51;
19 ; 16 ; 9 ; 0.315046 ; 0.0151144 ; -0.0212582 ; 101.657;
20 ; 16 ; 9 ; 0.342659 ; 0.0105507 ; -0.0136446 ; 101.427;
21 ; 16 ; 9 ; 0.31012 ; -0.0427732 ; -0.0239851 ; 101.663;
4 ; 17 ; 9 ; 0.321598 ; -0.00148814 ; 0.0222874 ; 101.182;
5 ; 17 ; 9 ; 0.302544 ; 0.00329179 ; -0.00360369 ; 101.685;
6 ; 17 ; 9 ; 0.322536 ; -0.011895 ; -0.00288029 ; 101.699;
7 ; 17 ; 9 ; 0.32587 ; 0.00731706 ; -0.0060146 ; 101.172;
8 ; 17 ; 9 ; 0.30984 ; 0.00848391 ; 0.011434 ; 100.919;
9 ; 17 ; 9 ; 0.32899 ; 0.00149304 ; -0.000701333 ; 101.774;
10 ; 17 ; 9 ; 0.318617 ; -0.00406547 ; 0.0123664 ; 102.008;
11 ; 17 ; 9 ; 0.303774 ; -0.0112494 ; -0.0086878 ; 101.914;
12 ; 17 ; 9 ; 0.330158 ; 0.0109528 ; 0.0214062 ; 102.017;
13 ; 17 ; 9 ; 0.325364 ; 0.00253203 ; -0.000621615 ; 101.396;
14 ; 17 ; 9 ; 0.322145 ; 0.00988957 ; -0.00203854 ; 100.838;
15 ; 17 ; 9 ; 0.324835 ; -0.00643265 ; -0.00641305 ; 101.311;
16 ; 17 ; 9 ; 0.341517 ; 0.0160826 ; -0.00799868 ; 101.246;
17 ; 17 ; 9 ; 0.336514 ; -6.93157e-05 ; -0.0146329 ; 100.707;
18 ; 17 ; 9 ; 0.335615 ; 0.0216912 ; -0.0100764 ; 100.938;
19 ; 17 ; 9 ; 0.311908 ; 0.00476984 ; -0.018619 ; 101.888;
20 ; 17 ; 9 ; 0.304109 ; 0.0100898 ; -0.0195484 ; 101.279;
21 ; 17 ; 9 ; 0.302844 ; -0.0102494 ; -0.0181102 ; 102.337;
4 ; 18 ; 9 ; 0.306909 ; -0.00326723 ; -0.0115526 ; 101.122;
5 ; 18 ; 9 ; 0.290891 ; -0.00350936 ; 0.014271 ; 102.347;
6 ; 18 ; 9 ; 0.312482 ; -0.00923268 ; 0.00442474 ; 101.795;
7 ; 18 ; 9 ; 0.325032 ; 0.0218429 ; -0.0169312 ; 100.678;
8 ; 18 ; 9 ; 0.325329 ; -0.0261928 ; -0.0209074 ; 100.595;
9 ; 18 ; 9 ; 0.325923 ; -0.000294377 ; 0.00394049 ; 101.902;
10 ; 18 ; 9 ; 0.310574 ; 0.00426684 ; 0.0296149 ; 101.965;
11 ; 18 ; 9 ; 0.28623 ; -0.0167022 ; -0.0218659 ; 101.808;
12 ; 18 ; 9 ; 0.321153 ; 0.00056525 ; 0.0252259 ; 101.328;
13 ; 18 ; 9 ; 0.33321 ; 0.0123653 ; 0.00208811 ; 101.467;
14 ; 18 ; 9 ; 0.32144 ; 0.0116351 ; 0.00310744 ; 100.185;
15 ; 18 ; 9 ; 0.316984 ; -0.0242263 ; -0.00570946 ; 101.081;
16 ; 18 ; 9 ; 0.320864 ; 0.0247158 ; 0.00866376 ; 101.902;
17 ; 18 ; 9 ; 0.346234 ; 0.00160051 ; -0.00984565 ; 100.729;
18 ; 18 ; 9 ; 0.344311 ; 0.0247047 ; 0.0031567 ; 100.745;
19 ; 18 ; 9 ; 0.313424 ; -0.00926003 ; -0.0156688 ; 102.204;
20 ; 18 ; 9 ; 0.304629 ; -0.00551097 ; 0.0300459 ; 101.457;
21 ; 18 ; 9 ; 0.336341 ; -0.0225774 ; -0.0189732 ; 100.175;
4 ; 19 ; 9 ; 0.325805 ; 0.00187684 ; -0.0106471 ; 100.766;
5 ; 19 ; 9 ; 0.310245 ; -0.00692498 ; 0.00111882 ; 101.249;
6 ; 19 ; 9 ; 0.31291 ; -0.000758869 ; 0.00486805 ; 101.247;
7 ; 19 ; 9 ; 0.31772 ; -0.00309899 ; 0.0091354 ; 101.139;
8 ; 19 ; 9 ; 0.324628 ; 0.00361748 ; -0.000495098 ; 101.133;
9 ; 19 ; 9 ; 0.310728 ; -0.0159236 ; 0.00425132 ; 101.688;
10 ; 19 ; 9 ; 0.3049 ; 0.00137892 ; 0.00258037 ; 101.532;
11 ; 19 ; 9 ; 0.314818 ; 0.00402089 ; 0.0017169 ; 101.098;
12 ; 19 ; 9 ; 0.302381 ; -0.00769684 ; 0.00407863 ; 100.295;
13 ; 19 ; 9 ; 0.326088 ; -0.0106356 ; 0.00469949 ; 101.383;
14 ; 19 ; 9 ; 0.314787 ; -0.00108611 ; 0.0108988 ; 101.474;
15 ; 19 ; 9 ; 0.317861 ; -0.00225467 ; 0.00151656 ; 101.574;
16 ; 19 ; 9 ; 0.32343 ; 0.0157497 ; 0.00731061 ; 102.078;
17 ; 19 ; 9 ; 0.313149 ; -0.00327389 ; 0.00156281 ; 101.256;
18 ; 19 ; 9 ; 0.315053 ; -0.00591254 ; -0.00471377 ; 101.423;
19 ; 19 ; 9 ; 0.317143 ; -0.000577151 ; 0.00335656 ; 101.542;
20 ; 19 ; 9 ; 0.311148 ; 0.00927397 ; 0.0173974 ; 101.5;
21 ; 19 ; 9 ; 0.3062 ; 0.00204186 ; -0.0193974 ; 101.988;
4 ; 20 ; 9 ; 0.320741 ; 0.0028945 ; 0.011235 ; 101.838;
5 ; 20 ; 9 ; 0.320797 ; -0.00020954 ; -0.00152736 ; 101.076;
6 ; 20 ; 9 ; 0.320578 ; -0.00695533 ; -0.00833317 ; 101.477;
7 ; 20 ; 9 ; 0.312188 ; -0.00182477 ; 0.00225656 ; 101.18;
8 ; 20 ; 9 ; 0.306005 ; -0.00754526 ; 0.0113892 ; 100.714;
9 ; 20 ; 9 ; 0.314223 ; -2.54968e-05 ; 0.00992938 ; 101.761;
10 ; 20 ; 9 ; 0.318942 ; -0.00625077 ; 0.0194299 ; 101.314;
11 ; 20 ; 9 ; 0.316863 ; 0.000834087 ; -0.00446415 ; 101.37;
12 ; 20 ; 9 ; 0.335371 ; -0.0081838 ; 0.00660238 ; 101.543;
13 ; 20 ; 9 ; 0.32202 ; -0.00129471 ; 0.00564019 ; 101.453;
14 ; 20 ; 9 ; 0.307415 ; 0.000441955 ; 0.00639117 ; 102.223;
15 ; 20 ; 9 ; 0.323179 ; 0.00602125 ; -0.00618984 ; 101.245;
16 ; 20 ; 9 ; 0.338259 ; -0.0297224 ; -0.0152202 ; 101.378;
17 ; 20 ; 9 ; 0.32568 ; 0.0104128 ; -0.00203025 ; 101.065;
18 ; 20 ; 9 ; 0.325462 ; -0.000510929 ; -0.0184421 ; 101.201;
19 ; 20 ; 9 ; 0.317152 ; 0.00101231 ; -0.00783807 ; 101.993;
20 ; 20 ; 9 ; 0.323196 ; -0.00637207 ; 0.00205903 ; 101.979;
21 ; 20 ; 9 ; 0.330252 ; -0.0231957 ; 0.00375066 ; 101.473;
4 ; 21 ; 9 ; 0.338509 ; 0.00648596 ; 0.00163139 ; 100.984;
5 ; 21 ; 9 ; 0.325573 ; 0.00132977 ; 0.000942201 ; 101.14;
6 ; 21 ; 9 ; 0.329453 ; -0.0112714 ; -0.0170595 ; 101.366;
7 ; 21 ; 9 ; 0.314309 ; 0.00273616 ; -0.00390003 ; 100.964;
8 ; 21 ; 9 ; 0.316952 ; -0.000113757 ; 0.0124217 ; 101.097;
9 ; 21 ; 9 ; 0.311746 ; 0.0137703 ; 0.0181382 ; 101.512;
10 ; 21 ; 9 ; 0.332412 ; -0.0152712 ; 0.040134 ; 100.967;
11 ; 21 ; 9 ; 0.314544 ; -0.00420236 ; -0.00806109 ; 101.345;
12 ; 21 ; 9 ; 0.329208 ; 0.0013455 ; 0.00997334 ; 101.207;
13 ; 21 ; 9 ; 0.31219 ; 0.0137388 ; 0.00576758 ; 101.321;
14 ; 21 ; 9 ; 0.291804 ; -0.000681583 ; 0.00152112 ; 102.653;
15 ; 21 ; 9 ; 0.322047 ; 0.021796 ; -0.00800448 ; 101.042;
16 ; 21 ; 9 ; 0.313384 ; -0.0199189 ; -0.0194458 ; 100.946;
17 ; 21 ; 9 ; 0.328489 ; 0.0186069 ; 0.00288495 ; 101.087;
18 ; 21 ; 9 ; 0.324846 ; 0.00431282 ; -0.0288033 ; 101.073;
19 ; 21 ; 9 ; 0.309559 ; 0.0064146 ; -0.0180608 ; 102.192;
20 ; 21 ; 9 ; 0.335423 ; -0.000598667 ; -0.0242342 ; 101.689;
21 ; 21 ; 9 ; 0.323056 ; -0.00469923 ; 0.0432594 ; 101.301;
4 ; 4 ; 10 ; 0.239238 ; -0.00836651 ; 0.00188278 ; 101.627;
5 ; 4 ; 10 ; 0.239651 ; -0.00841048 ; 0.0127888 ; 101.649;
6 ; 4 ; 10 ; 0.245092 ; 0.0021713 ; 0.0120386 ; 101.8;
7 ; 4 ; 10 ; 0.245092 ; 0.00837731 ; 0.00445926 ; 101.684;
8 ; 4 ; 10 ; 0.23877 ; -0.00299834 ; 0.00535034 ; 101.381;
9 ; 4 ; 10 ; 0.261616 ; -0.00875822 ; 0.00492648 ; 101.525;
10 ; 4 ; 10 ; 0.258254 ; 0.00468489 ; -0.00835815 ; 101.496;
11 ; 4 ; 10 ; 0.255698 ; 0.00778634 ; -0.00576408 ; 101.596;
12 ; 4 ; 10 ; 0.245089 ; -0.00932157 ; 0.0109315 ; 101.197;
13 ; 4 ; 10 ; 0.243567 ; -0.00325542 ; 0.00257643 ; 101.648;
14 ; 4 ; 10 ; 0.240337 ; -0.00395807 ; -0.00287366 ; 101.453;
15 ; 4 ; 10 ; 0.241016 ; -0.00755633 ; 0.000442554 ; 101.442;
16 ; 4 ; 10 ; 0.247027 ; -0.0297769 ; 0.0129065 ; 101.234;
17 ; 4 ; 10 ; 0.256751 ; 0.00847356 ; -0.0120321 ; 101.272;
18 ; 4 ; 10 ; 0.250143 ; 0.00468703 ; -0.00240211 ; 101.22;
19 ; 4 ; 10 ; 0.249603 ; -0.0052841 ; -0.00217396 ; 101.517;
20 ; 4 ; 10 ; 0.237131 ; -0.00273396 ; -0.010651 ; 101.897;
21 ; 4 ; 10 ; 0.237927 ; -0.00898002 ; -0.0139244 ; 101.061;
4 ; 5 ; 10 ; 0.220798 ; -0.0080623 ; 0.0131537 ; 101.277;
5 ; 5 ; 10 ; 0.261753 ; -0.0102759 ; -0.00111808 ; 101.336;
6 ; 5 ; 10 ; 0.253821 ; -0.00104981 ; 0.00325535 ; 101.601;
7 ; 5 ; 10 ; 0.249714 ; 0.00703906 ; -0.00107168 ; 101.628;
8 ; 5 ; 10 ; 0.244052 ; 0.00610278 ; -0.00250008 ; 101.524;
9 ; 5 ; 10 ; 0.253499 ; -0.00416841 ; 3.0372e-05 ; 101.684;
10 ; 5 ; 10 ; 0.256664 ; 0.0033187 ; -0.00606866 ; 101.553;
11 ; 5 ; 10 ; 0.258291 ; 0.00919793 ; -0.00151177 ; 101.599;
12 ; 5 ; 10 ; 0.253554 ; 0.000550334 ; 0.00412863 ; 101.573;
13 ; 5 ; 10 ; 0.249299 ; -0.00579878 ; 0.00123238 ; 101.421;
14 ; 5 ; 10 ; 0.246739 ; -0.00159184 ; -0.0026017 ; 101.452;
15 ; 5 ; 10 ; 0.249343 ; -0.00337509 ; -0.00269077 ; 101.512;
16 ; 5 ; 10 ; 0.246802 ; -0.0160441 ; 0.00253722 ; 101.381;
17 ; 5 ; 10 ; 0.260718 ; -0.00309878 ; -0.0181608 ; 101.109;
18 ; 5 ; 10 ; 0.2539 ; 0.00066779 ; -0.0108375 ; 101.321;
19 ; 5 ; 10 ; 0.252476 ; -0.00599971 ; -0.00889392 ; 101.731;
20 ; 5 ; 10 ; 0.247624 ; -0.00803177 ; -0.00693729 ; 101.802;
21 ; 5 ; 10 ; 0.251553 ; -0.00420953 ; -0.00600261 ; 101.965;
4 ; 6 ; 10 ; 0.255292 ; -0.000281262 ; 0.0213842 ; 101.241;
5 ; 6 ; 10 ; 0.2854 ; -0.00557524 ; -0.014836 ; 101.258;
6 ; 6 ; 10 ; 0.257432 ; -0.00493841 ; -0.00366511 ; 101.383;
7 ; 6 ; 10 ; 0.252467 ; 0.00709593 ; -0.00655731 ; 101.594;
8 ; 6 ; 10 ; 0.238994 ; 0.0129464 ; -0.00488996 ; 101.59;
9 ; 6 ; 10 ; 0.249999 ; -0.000260838 ; 0.00464162 ; 102.104;
10 ; 6 ; 10 ; 0.256853 ; 0.000451829 ; -0.00525251 ; 101.531;
11 ; 6 ; 10 ; 0.262487 ; 0.00997221 ; 0.000161546 ; 101.645;
12 ; 6 ; 10 ; 0.267877 ; 0.0159306 ; 0.0114853 ; 101.927;
13 ; 6 ; 10 ; 0.251507 ; -0.00665032 ; 0.00105798 ; 101.447;
14 ; 6 ; 10 ; 0.253157 ; 0.0004454 ; -0.00309298 ; 101.42;
15 ; 6 ; 10 ; 0.256004 ; 0.00158748 ; -0.00778646 ; 101.598;
16 ; 6 ; 10 ; 0.252187 ; -0.00859807 ; -0.0152297 ; 101.561;
17 ; 6 ; 10 ; 0.269276 ; -0.0177436 ; -0.0254225 ; 100.73;
18 ; 6 ; 10 ; 0.255455 ; -0.00231877 ; -0.0178414 ; 101.547;
19 ; 6 ; 10 ; 0.25654 ; -0.00632098 ; -0.014165 ; 101.905;
20 ; 6 ; 10 ; 0.258907 ; -0.0147379 ; -0.0077097 ; 101.724;
21 ; 6 ; 10 ; 0.240639 ; -0.000214838 ; -0.00470829 ; 100.579;
4 ; 7 ; 10 ; 0.254269 ; -0.0045911 ; 0.0109409 ; 100.751;
5 ; 7 ; 10 ; 0.246478 ; 0.002223 ; 0.00873164 ; 101.772;
6 ; 7 ; 10 ; 0.251684 ; 0.00475881 ; 0.00354223 ; 101.481;
7 ; 7 ; 10 ; 0.246165 ; 0.00158778 ; -0.000635036 ; 101.273;
8 ; 7 ; 10 ; 0.243846 ; -0.0168674 ; -0.0187494 ; 100.932;
9 ; 7 ; 10 ; 0.255376 ; 0.00273819 ; 0.00595314 ; 101.413;
10 ; 7 ; 10 ; 0.25155 ; -0.00773871 ; 0.0115356 ; 101.3;
11 ; 7 ; 10 ; 0.245168 ; 0.000735444 ; 0.0147147 ; 101.307;
12 ; 7 ; 10 ; 0.244542 ; 0.016652 ; 0.00809534 ; 101.286;
13 ; 7 ; 10 ; 0.261988 ; -0.00959929 ; 0.00377523 ; 101.933;
14 ; 7 ; 10 ; 0.260006 ; -0.002889 ; 0.000201682 ; 101.943;
15 ; 7 ; 10 ; 0.253873 ; -0.00569137 ; -0.000416824 ; 101.977;
16 ; 7 ; 10 ; 0.260194 ; -0.0194427 ; -0.00801124 ; 101.87;
17 ; 7 ; 10 ; 0.251834 ; -0.000600905 ; 0.00222298 ; 101.553;
18 ; 7 ; 10 ; 0.253809 ; -0.00388935 ; -0.00388423 ; 101.64;
19 ; 7 ; 10 ; 0.25643 ; 0.00425742 ; -0.0100575 ; 101.63;
20 ; 7 ; 10 ; 0.257557 ; 0.0100067 ; -0.00839431 ; 101.312;
21 ; 7 ; 10 ; 0.252392 ; 0.00796396 ; -0.0154661 ; 100.472;
4 ; 8 ; 10 ; 0.238216 ; 0.00893847 ; 0.000227954 ; 101.571;
5 ; 8 ; 10 ; 0.245355 ; -0.000648867 ; 0.00894379 ; 101.975;
6 ; 8 ; 10 ; 0.250909 ; 0.000456689 ; 0.00613538 ; 101.587;
7 ; 8 ; 10 ; 0.249321 ; -0.00355895 ; 0.00496533 ; 101.426;
8 ; 8 ; 10 ; 0.242106 ; -0.00735868 ; -0.00803326 ; 101.088;
9 ; 8 ; 10 ; 0.250231 ; -0.00386936 ; 0.00970992 ; 101.579;
10 ; 8 ; 10 ; 0.25126 ; -0.00465501 ; 0.0111232 ; 101.441;
11 ; 8 ; 10 ; 0.247945 ; 0.00185942 ; 0.0112159 ; 101.358;
12 ; 8 ; 10 ; 0.246935 ; 0.010467 ; 0.0135766 ; 101.347;
13 ; 8 ; 10 ; 0.255154 ; -0.00664185 ; 0.00273846 ; 101.6;
14 ; 8 ; 10 ; 0.259399 ; -0.00407375 ; -0.000898279 ; 101.851;
15 ; 8 ; 10 ; 0.256708 ; -0.00549635 ; -0.00166305 ; 101.933;
16 ; 8 ; 10 ; 0.254452 ; -0.012752 ; -0.00151102 ; 101.98;
17 ; 8 ; 10 ; 0.248117 ; -0.00971217 ; 0.00253124 ; 101.205;
18 ; 8 ; 10 ; 0.252476 ; -0.00544822 ; -0.00339649 ; 101.472;
19 ; 8 ; 10 ; 0.25354 ; 0.00243916 ; -0.0106154 ; 101.591;
20 ; 8 ; 10 ; 0.253833 ; 0.00898906 ; -0.0108857 ; 101.522;
21 ; 8 ; 10 ; 0.2691 ; 0.0172545 ; 0.0192345 ; 101.455;
4 ; 9 ; 10 ; 0.244406 ; -0.00307911 ; 0.000517215 ; 102.03;
5 ; 9 ; 10 ; 0.251789 ; -0.00176762 ; 0.0161991 ; 101.839;
6 ; 9 ; 10 ; 0.249644 ; -0.0034909 ; 0.0113762 ; 101.805;
7 ; 9 ; 10 ; 0.249632 ; -0.00733419 ; 0.0115573 ; 101.749;
8 ; 9 ; 10 ; 0.248329 ; -0.00852221 ; 0.0111821 ; 101.487;
9 ; 9 ; 10 ; 0.251658 ; 0.00328516 ; 0.00958011 ; 101.445;
10 ; 9 ; 10 ; 0.25281 ; 0.00389295 ; 0.00907403 ; 101.6;
11 ; 9 ; 10 ; 0.25544 ; 0.00541102 ; 0.00643164 ; 101.572;
12 ; 9 ; 10 ; 0.253464 ; 0.0039098 ; 0.0102101 ; 101.315;
13 ; 9 ; 10 ; 0.251841 ; 0.000840033 ; 0.00634489 ; 101.545;
14 ; 9 ; 10 ; 0.255273 ; -0.00159553 ; 0.00335333 ; 101.594;
15 ; 9 ; 10 ; 0.257608 ; -0.000465546 ; -0.000163015 ; 101.687;
16 ; 9 ; 10 ; 0.257611 ; -0.00623224 ; -0.00195984 ; 101.958;
17 ; 9 ; 10 ; 0.260129 ; 0.000740813 ; -0.00179857 ; 101.625;
18 ; 9 ; 10 ; 0.251224 ; -0.0024091 ; -0.00235047 ; 101.513;
19 ; 9 ; 10 ; 0.248309 ; 0.000530183 ; -0.00749549 ; 101.724;
20 ; 9 ; 10 ; 0.247233 ; 0.00440869 ; -0.0172469 ; 101.704;
21 ; 9 ; 10 ; 0.234151 ; -0.0128644 ; -0.0200077 ; 102.692;
4 ; 10 ; 10 ; 0.247653 ; -0.00601851 ; 0.0013277 ; 101.26;
5 ; 10 ; 10 ; 0.258493 ; -0.00259433 ; 0.0157201 ; 101.426;
6 ; 10 ; 10 ; 0.254615 ; -0.00294203 ; 0.0120105 ; 101.664;
7 ; 10 ; 10 ; 0.251225 ; -0.00432403 ; 0.0088297 ; 101.704;
8 ; 10 ; 10 ; 0.248967 ; -0.015903 ; 0.0109254 ; 101.82;
9 ; 10 ; 10 ; 0.253047 ; 0.00460082 ; 0.00144292 ; 101.484;
10 ; 10 ; 10 ; 0.256544 ; 0.00467206 ; 0.00392603 ; 101.663;
11 ; 10 ; 10 ; 0.260769 ; 0.00151341 ; 0.00250695 ; 101.69;
12 ; 10 ; 10 ; 0.262765 ; 0.00584509 ; -0.00063403 ; 101.641;
13 ; 10 ; 10 ; 0.256978 ; 0.0121282 ; -0.00219134 ; 101.292;
14 ; 10 ; 10 ; 0.256134 ; 0.00542035 ; 0.00229078 ; 101.482;
15 ; 10 ; 10 ; 0.259136 ; 0.00500877 ; -0.000124646 ; 101.566;
16 ; 10 ; 10 ; 0.263246 ; 0.00105842 ; -0.00873886 ; 101.507;
17 ; 10 ; 10 ; 0.249788 ; -0.00142782 ; 0.0112155 ; 101.663;
18 ; 10 ; 10 ; 0.250549 ; -0.00315038 ; 0.000507413 ; 101.703;
19 ; 10 ; 10 ; 0.248159 ; -0.00520746 ; -0.00448479 ; 101.75;
20 ; 10 ; 10 ; 0.243709 ; -0.0026839 ; -0.012004 ; 101.756;
21 ; 10 ; 10 ; 0.237979 ; -0.0221744 ; 0.00427871 ; 101.128;
4 ; 11 ; 10 ; 0.236319 ; 0.0193912 ; 0.00759874 ; 101.482;
5 ; 11 ; 10 ; 0.25546 ; -0.000978163 ; 0.00207341 ; 101.198;
6 ; 11 ; 10 ; 0.255112 ; -0.000734926 ; 0.00756231 ; 101.435;
7 ; 11 ; 10 ; 0.252651 ; 0.00347022 ; 0.00591071 ; 101.602;
8 ; 11 ; 10 ; 0.244376 ; 0.00118812 ; 0.000141919 ; 101.622;
9 ; 11 ; 10 ; 0.25239 ; -0.00814325 ; -0.00642122 ; 101.431;
10 ; 11 ; 10 ; 0.257617 ; 0.00207235 ; -0.00365848 ; 101.608;
11 ; 11 ; 10 ; 0.259137 ; -0.000224213 ; 0.000428579 ; 101.572;
12 ; 11 ; 10 ; 0.264189 ; -0.00335178 ; 0.000555494 ; 101.907;
13 ; 11 ; 10 ; 0.237275 ; 0.00475692 ; -0.0189875 ; 100.866;
14 ; 11 ; 10 ; 0.250815 ; 0.0070901 ; -0.0018394 ; 101.407;
15 ; 11 ; 10 ; 0.257037 ; 0.00515184 ; 0.00294063 ; 101.726;
16 ; 11 ; 10 ; 0.258875 ; 0.00842574 ; 0.00206708 ; 101.672;
17 ; 11 ; 10 ; 0.237097 ; -0.00618161 ; 0.00547789 ; 101.555;
18 ; 11 ; 10 ; 0.241698 ; -0.00477913 ; 0.00201394 ; 101.743;
19 ; 11 ; 10 ; 0.247342 ; -0.00824655 ; -0.00259877 ; 101.632;
20 ; 11 ; 10 ; 0.249929 ; -0.00934488 ; -0.00426847 ; 101.72;
21 ; 11 ; 10 ; 0.246034 ; -0.00690033 ; 0.0122514 ; 102.492;
4 ; 12 ; 10 ; 0.253043 ; -0.00719842 ; -0.00779149 ; 101.629;
5 ; 12 ; 10 ; 0.250036 ; 0.00173635 ; -0.00418891 ; 101.259;
6 ; 12 ; 10 ; 0.25552 ; -0.00125637 ; 0.00414243 ; 101.266;
7 ; 12 ; 10 ; 0.256597 ; 0.00528227 ; 0.00577877 ; 101.497;
8 ; 12 ; 10 ; 0.254652 ; 0.00792552 ; 0.00246739 ; 101.499;
9 ; 12 ; 10 ; 0.251878 ; -0.0148398 ; -0.0102888 ; 101.167;
10 ; 12 ; 10 ; 0.25717 ; -0.00169798 ; -0.00745866 ; 101.613;
11 ; 12 ; 10 ; 0.256261 ; -0.00209117 ; -0.00148411 ; 101.415;
12 ; 12 ; 10 ; 0.251753 ; -0.00879027 ; 0.000685759 ; 101.454;
13 ; 12 ; 10 ; 0.215445 ; -0.0043407 ; -0.0206967 ; 100.621;
14 ; 12 ; 10 ; 0.249321 ; 0.00517559 ; -0.00842673 ; 101.43;
15 ; 12 ; 10 ; 0.258079 ; 0.00217466 ; 0.00240585 ; 101.925;
16 ; 12 ; 10 ; 0.258143 ; 0.00107228 ; 0.013003 ; 101.989;
17 ; 12 ; 10 ; 0.23736 ; -0.000568992 ; -0.00872741 ; 101.742;
18 ; 12 ; 10 ; 0.235899 ; -0.00900316 ; 0.00243392 ; 101.583;
19 ; 12 ; 10 ; 0.247291 ; -0.0106774 ; -0.00409857 ; 101.441;
20 ; 12 ; 10 ; 0.26447 ; -0.00864513 ; -0.00960126 ; 101.411;
21 ; 12 ; 10 ; 0.264828 ; 0.00284038 ; -0.0108742 ; 101.479;
4 ; 13 ; 10 ; 0.255463 ; -0.0137128 ; -0.030737 ; 101.855;
5 ; 13 ; 10 ; 0.243844 ; 0.00586127 ; -0.00639485 ; 100.991;
6 ; 13 ; 10 ; 0.242544 ; -0.000495921 ; 0.00223416 ; 101.443;
7 ; 13 ; 10 ; 0.244092 ; 0.0063855 ; 0.00244262 ; 101.649;
8 ; 13 ; 10 ; 0.237323 ; 0.0029613 ; -0.00453692 ; 100.639;
9 ; 13 ; 10 ; 0.241559 ; -0.0020845 ; 0.0132653 ; 101.783;
10 ; 13 ; 10 ; 0.240085 ; -0.00632871 ; 0.00794699 ; 101.959;
11 ; 13 ; 10 ; 0.249495 ; -0.0029997 ; 0.00671739 ; 101.793;
12 ; 13 ; 10 ; 0.263747 ; -0.00861177 ; 0.0259713 ; 101.36;
13 ; 13 ; 10 ; 0.264291 ; 0.00183381 ; 0.00516542 ; 101.462;
14 ; 13 ; 10 ; 0.266571 ; 0.00565082 ; 0.00236676 ; 101.647;
15 ; 13 ; 10 ; 0.260669 ; 0.0124122 ; -0.0102229 ; 101.816;
16 ; 13 ; 10 ; 0.240924 ; 0.0246571 ; -0.0159066 ; 102.216;
17 ; 13 ; 10 ; 0.252222 ; -0.00148763 ; -0.0228043 ; 101.935;
18 ; 13 ; 10 ; 0.248985 ; 0.00109644 ; -0.0122755 ; 101.644;
19 ; 13 ; 10 ; 0.25184 ; 0.00282262 ; -0.00636397 ; 101.325;
20 ; 13 ; 10 ; 0.261586 ; 0.000138259 ; -0.00903834 ; 101.034;
21 ; 13 ; 10 ; 0.260546 ; 0.00143167 ; 0.0130977 ; 101.217;
4 ; 14 ; 10 ; 0.245035 ; 0.0302606 ; -0.00272426 ; 102.07;
5 ; 14 ; 10 ; 0.243136 ; 0.00833086 ; -0.00216935 ; 101.195;
6 ; 14 ; 10 ; 0.243584 ; 0.00039239 ; 0.0031532 ; 101.461;
7 ; 14 ; 10 ; 0.245589 ; 0.00313733 ; 0.0042453 ; 101.649;
8 ; 14 ; 10 ; 0.246424 ; 0.00845313 ; 0.000115921 ; 101.245;
9 ; 14 ; 10 ; 0.233542 ; -0.000985328 ; 0.0109404 ; 101.782;
10 ; 14 ; 10 ; 0.240043 ; -0.00627387 ; 0.00706518 ; 101.917;
11 ; 14 ; 10 ; 0.248878 ; -0.0028935 ; 0.0041284 ; 101.862;
12 ; 14 ; 10 ; 0.256549 ; -0.0022614 ; 0.00831701 ; 101.673;
13 ; 14 ; 10 ; 0.267627 ; -0.00956655 ; -0.00458353 ; 101.272;
14 ; 14 ; 10 ; 0.265789 ; -0.00251876 ; -0.000430512 ; 101.46;
15 ; 14 ; 10 ; 0.262367 ; 0.00210552 ; -0.00669688 ; 101.67;
16 ; 14 ; 10 ; 0.250574 ; 0.0156592 ; -0.0129532 ; 101.952;
17 ; 14 ; 10 ; 0.255449 ; -0.0101942 ; -0.0216291 ; 101.925;
18 ; 14 ; 10 ; 0.250323 ; -0.00400812 ; -0.0131625 ; 101.71;
19 ; 14 ; 10 ; 0.248643 ; -0.00279783 ; -0.00925687 ; 101.49;
20 ; 14 ; 10 ; 0.256991 ; 0.00633449 ; -0.00868985 ; 101.18;
21 ; 14 ; 10 ; 0.228672 ; -0.00699316 ; -0.0170273 ; 102.391;
4 ; 15 ; 10 ; 0.240495 ; 0.0108083 ; -0.00629232 ; 101.011;
5 ; 15 ; 10 ; 0.261152 ; 0.00269722 ; 0.00644133 ; 101.775;
6 ; 15 ; 10 ; 0.252767 ; 0.000833485 ; 0.00735522 ; 101.616;
7 ; 15 ; 10 ; 0.252961 ; -0.00197047 ; 0.00865957 ; 101.763;
8 ; 15 ; 10 ; 0.252525 ; 0.00324827 ; 0.00443188 ; 101.762;
9 ; 15 ; 10 ; 0.257998 ; -0.00938297 ; 0.0136216 ; 101.482;
10 ; 15 ; 10 ; 0.249228 ; -0.00808064 ; 0.00977369 ; 101.779;
11 ; 15 ; 10 ; 0.254667 ; -0.0047537 ; 0.00339547 ; 102.035;
12 ; 15 ; 10 ; 0.250803 ; 0.000734118 ; -0.00745968 ; 102.086;
13 ; 15 ; 10 ; 0.263712 ; -0.00842599 ; -0.0143845 ; 101.545;
14 ; 15 ; 10 ; 0.265797 ; -0.00921683 ; -0.00720468 ; 101.358;
15 ; 15 ; 10 ; 0.263768 ; -0.0112279 ; -0.00507632 ; 101.423;
16 ; 15 ; 10 ; 0.265196 ; -0.00688554 ; -0.000401825 ; 101.649;
17 ; 15 ; 10 ; 0.246277 ; -0.00855505 ; -0.0075784 ; 101.993;
18 ; 15 ; 10 ; 0.250532 ; -0.0108272 ; -0.0125148 ; 101.9;
19 ; 15 ; 10 ; 0.24599 ; -0.0096304 ; -0.0116899 ; 101.827;
20 ; 15 ; 10 ; 0.242386 ; -0.00168904 ; -0.0122918 ; 101.538;
21 ; 15 ; 10 ; 0.254279 ; 0.0103226 ; -0.00617222 ; 101.819;
4 ; 16 ; 10 ; 0.263267 ; 0.00429645 ; -0.0220469 ; 101.426;
5 ; 16 ; 10 ; 0.264935 ; -0.00783753 ; 0.00321618 ; 101.87;
6 ; 16 ; 10 ; 0.260323 ; -0.00462523 ; 0.005876 ; 101.826;
7 ; 16 ; 10 ; 0.260955 ; -0.00588888 ; 0.00436098 ; 101.852;
8 ; 16 ; 10 ; 0.251998 ; -0.00948339 ; 0.00524621 ; 101.692;
9 ; 16 ; 10 ; 0.264313 ; -0.0183848 ; 0.0177987 ; 101.27;
10 ; 16 ; 10 ; 0.260475 ; -0.0139176 ; 0.0134419 ; 101.574;
11 ; 16 ; 10 ; 0.260203 ; -0.0113971 ; 0.00764939 ; 101.904;
12 ; 16 ; 10 ; 0.261443 ; -0.00502598 ; 0.0022034 ; 102.325;
13 ; 16 ; 10 ; 0.264179 ; -0.000688635 ; -0.010991 ; 101.646;
14 ; 16 ; 10 ; 0.264315 ; -0.00781011 ; -0.00879479 ; 101.425;
15 ; 16 ; 10 ; 0.259603 ; -0.0120281 ; -0.00467515 ; 101.295;
16 ; 16 ; 10 ; 0.261199 ; -0.0188179 ; 0.00280718 ; 101.373;
17 ; 16 ; 10 ; 0.241302 ; -0.0043078 ; -0.00755985 ; 102.047;
18 ; 16 ; 10 ; 0.24432 ; -0.00771082 ; -0.00917173 ; 102.017;
19 ; 16 ; 10 ; 0.243268 ; -0.00783177 ; -0.00875121 ; 101.955;
20 ; 16 ; 10 ; 0.240877 ; -0.0137816 ; -0.0145456 ; 101.884;
21 ; 16 ; 10 ; 0.249179 ; -0.00103412 ; -0.00680921 ; 100.857;
4 ; 17 ; 10 ; 0.243292 ; 0.0133448 ; 0.0141037 ; 101.243;
5 ; 17 ; 10 ; 0.254862 ; -0.0265421 ; 0.00192984 ; 101.945;
6 ; 17 ; 10 ; 0.26381 ; -0.0133874 ; 0.00238316 ; 101.909;
7 ; 17 ; 10 ; 0.26546 ; -0.00506485 ; -0.000685707 ; 101.936;
8 ; 17 ; 10 ; 0.269293 ; -0.00268477 ; -0.00382983 ; 101.85;
9 ; 17 ; 10 ; 0.262091 ; -0.0158321 ; 0.011811 ; 101.528;
10 ; 17 ; 10 ; 0.264118 ; -0.0162225 ; 0.0131443 ; 101.42;
11 ; 17 ; 10 ; 0.261688 ; -0.0139049 ; 0.00712074 ; 101.61;
12 ; 17 ; 10 ; 0.259059 ; -0.00945795 ; -0.000480381 ; 102.022;
13 ; 17 ; 10 ; 0.26733 ; -0.0107333 ; -0.00410434 ; 101.666;
14 ; 17 ; 10 ; 0.263189 ; -0.000540813 ; -0.00621613 ; 101.592;
15 ; 17 ; 10 ; 0.252552 ; 0.00039741 ; -0.00354269 ; 101.307;
16 ; 17 ; 10 ; 0.249522 ; -0.0107312 ; -0.000153155 ; 101.035;
17 ; 17 ; 10 ; 0.256316 ; -0.000690772 ; -0.0138169 ; 101.998;
18 ; 17 ; 10 ; 0.245438 ; -0.000505349 ; -0.0097392 ; 101.956;
19 ; 17 ; 10 ; 0.245164 ; 0.00132355 ; -0.00632473 ; 101.773;
20 ; 17 ; 10 ; 0.244275 ; -0.00153506 ; -0.0043972 ; 101.843;
21 ; 17 ; 10 ; 0.258823 ; 0.0155842 ; -0.000150579 ; 101.835;
4 ; 18 ; 10 ; 0.274632 ; 0.0162573 ; 0.012197 ; 101.135;
5 ; 18 ; 10 ; 0.254716 ; -0.0367242 ; 0.00813137 ; 102.103;
6 ; 18 ; 10 ; 0.261247 ; -0.0187181 ; -0.00125784 ; 101.892;
7 ; 18 ; 10 ; 0.264767 ; -0.00510836 ; -0.0044587 ; 101.919;
8 ; 18 ; 10 ; 0.259543 ; -0.000581751 ; -0.0116143 ; 101.879;
9 ; 18 ; 10 ; 0.266032 ; -0.0121732 ; 0.00969256 ; 101.665;
10 ; 18 ; 10 ; 0.261149 ; -0.0165207 ; 0.0102635 ; 101.373;
11 ; 18 ; 10 ; 0.25889 ; -0.0142876 ; 0.00498027 ; 101.391;
12 ; 18 ; 10 ; 0.248599 ; -0.0129253 ; 0.000987625 ; 101.54;
13 ; 18 ; 10 ; 0.270061 ; -0.0148312 ; -0.00219963 ; 101.922;
14 ; 18 ; 10 ; 0.261583 ; -0.000219365 ; -0.00330184 ; 101.578;
15 ; 18 ; 10 ; 0.24883 ; 0.00602228 ; -0.000365267 ; 101.33;
16 ; 18 ; 10 ; 0.243694 ; -0.00963098 ; 0.00728196 ; 101.322;
17 ; 18 ; 10 ; 0.269286 ; 0.000887278 ; -0.0153181 ; 102.019;
18 ; 18 ; 10 ; 0.247409 ; 0.00309942 ; -0.0111786 ; 101.866;
19 ; 18 ; 10 ; 0.244999 ; 0.00539947 ; -0.00630367 ; 101.612;
20 ; 18 ; 10 ; 0.24653 ; 0.00478771 ; 0.00102985 ; 101.588;
21 ; 18 ; 10 ; 0.262429 ; -0.00522187 ; -0.00738689 ; 101.582;
4 ; 19 ; 10 ; 0.231164 ; 0.0127558 ; 0.0112456 ; 101.632;
5 ; 19 ; 10 ; 0.258884 ; 0.0126478 ; -0.000973121 ; 101.422;
6 ; 19 ; 10 ; 0.256905 ; 0.00451581 ; -0.00382496 ; 101.302;
7 ; 19 ; 10 ; 0.256631 ; -0.000668209 ; 0.000665567 ; 101.326;
8 ; 19 ; 10 ; 0.253658 ; 0.00221496 ; -0.00422926 ; 102.21;
9 ; 19 ; 10 ; 0.246345 ; -0.0034897 ; 0.00678936 ; 101.693;
10 ; 19 ; 10 ; 0.244614 ; 0.000464359 ; 0.00537891 ; 101.766;
11 ; 19 ; 10 ; 0.247495 ; 0.0022024 ; 0.000991714 ; 101.694;
12 ; 19 ; 10 ; 0.254161 ; -0.0119818 ; 0.00911065 ; 101.951;
13 ; 19 ; 10 ; 0.244203 ; 0.0058026 ; -0.00389664 ; 101.383;
14 ; 19 ; 10 ; 0.241825 ; -0.00262065 ; -2.39545e-05 ; 101.133;
15 ; 19 ; 10 ; 0.249347 ; -0.0056046 ; -0.00117774 ; 101.196;
16 ; 19 ; 10 ; 0.262071 ; -0.0143741 ; 0.00492332 ; 101.453;
17 ; 19 ; 10 ; 0.248779 ; 0.0014241 ; 0.00403476 ; 101.056;
18 ; 19 ; 10 ; 0.249372 ; 0.00582599 ; 0.00527252 ; 101.683;
19 ; 19 ; 10 ; 0.248126 ; 0.00569359 ; -0.00567089 ; 101.96;
20 ; 19 ; 10 ; 0.242793 ; -0.00261008 ; -0.0288935 ; 101.648;
21 ; 19 ; 10 ; 0.245185 ; -0.0215723 ; -0.00438065 ; 101.995;
4 ; 20 ; 10 ; 0.250736 ; 0.0254421 ; 0.00937519 ; 101.804;
5 ; 20 ; 10 ; 0.250701 ; -0.00196214 ; -0.0128709 ; 101.545;
6 ; 20 ; 10 ; 0.25405 ; 0.00258772 ; -0.00700261 ; 101.38;
7 ; 20 ; 10 ; 0.259191 ; 0.00304181 ; -0.000300476 ; 101.374;
8 ; 20 ; 10 ; 0.259148 ; 0.000614946 ; 0.00246041 ; 101.74;
9 ; 20 ; 10 ; 0.244007 ; -0.000461593 ; -0.00288759 ; 101.887;
10 ; 20 ; 10 ; 0.246187 ; 0.000472437 ; 0.000808763 ; 101.85;
11 ; 20 ; 10 ; 0.251185 ; 0.00495417 ; -0.000755842 ; 101.741;
12 ; 20 ; 10 ; 0.252139 ; -0.00387316 ; 0.000216265 ; 101.85;
13 ; 20 ; 10 ; 0.254576 ; 0.00798882 ; 0.0130403 ; 101.673;
14 ; 20 ; 10 ; 0.247827 ; 0.00413117 ; 0.00511545 ; 101.386;
15 ; 20 ; 10 ; 0.252353 ; 0.00191189 ; 0.00455422 ; 101.434;
16 ; 20 ; 10 ; 0.257979 ; -0.00980453 ; 0.00219941 ; 101.657;
17 ; 20 ; 10 ; 0.24461 ; -0.00280873 ; -0.000773962 ; 101.861;
18 ; 20 ; 10 ; 0.248812 ; 0.000923519 ; 0.00131802 ; 101.622;
19 ; 20 ; 10 ; 0.248579 ; 0.00179222 ; -0.00900534 ; 101.72;
20 ; 20 ; 10 ; 0.243653 ; 0.00282791 ; -0.0143596 ; 101.798;
21 ; 20 ; 10 ; 0.265091 ; -0.00945093 ; 0.0190083 ; 101.528;
4 ; 21 ; 10 ; 0.256379 ; -0.0159397 ; 0.00336538 ; 101.688;
5 ; 21 ; 10 ; 0.242619 ; -0.0223794 ; -0.0166625 ; 101.752;
6 ; 21 ; 10 ; 0.254555 ; 0.00692511 ; -0.00929899 ; 101.433;
7 ; 21 ; 10 ; 0.263441 ; 0.00887189 ; -0.00017605 ; 101.366;
8 ; 21 ; 10 ; 0.268499 ; 0.00374864 ; 0.00805025 ; 101.348;
9 ; 21 ; 10 ; 0.242803 ; -0.0105157 ; -0.00709317 ; 102.157;
10 ; 21 ; 10 ; 0.24794 ; 0.002911 ; -0.00474558 ; 101.849;
11 ; 21 ; 10 ; 0.25338 ; 0.00862088 ; -0.00518561 ; 101.732;
12 ; 21 ; 10 ; 0.250334 ; 0.00730082 ; -0.00296798 ; 101.708;
13 ; 21 ; 10 ; 0.259166 ; 0.0160419 ; 0.0267508 ; 101.994;
14 ; 21 ; 10 ; 0.254649 ; 0.00850867 ; 0.00587168 ; 101.622;
15 ; 21 ; 10 ; 0.254668 ; 0.00807833 ; 0.00600526 ; 101.722;
16 ; 21 ; 10 ; 0.255199 ; -0.000466399 ; -0.000136211 ; 101.559;
17 ; 21 ; 10 ; 0.234126 ; -0.0107359 ; -0.00208523 ; 102.183;
18 ; 21 ; 10 ; 0.252181 ; -0.00185559 ; -0.00237828 ; 101.576;
19 ; 21 ; 10 ; 0.250243 ; 0.000603183 ; -0.00796495 ; 101.539;
20 ; 21 ; 10 ; 0.246801 ; -0.00167634 ; -0.00203437 ; 101.903;
21 ; 21 ; 10 ; 0.260308 ; -0.00506394 ; -0.00549187 ; 101.223;
4 ; 4 ; 11 ; 0.180045 ; 0.000442604 ; 0.0152647 ; 102.801;
5 ; 4 ; 11 ; 0.187763 ; 0.00117229 ; 0.000167208 ; 101.451;
6 ; 4 ; 11 ; 0.183622 ; 0.00182686 ; 0.00690427 ; 101.316;
7 ; 4 ; 11 ; 0.180115 ; -0.000334785 ; 0.00328768 ; 101.1;
8 ; 4 ; 11 ; 0.189924 ; -0.00685969 ; -0.00529511 ; 100.523;
9 ; 4 ; 11 ; 0.208559 ; 0.00850546 ; 0.00109427 ; 101.563;
10 ; 4 ; 11 ; 0.201046 ; 0.00608866 ; 0.00164242 ; 101.805;
11 ; 4 ; 11 ; 0.195444 ; 0.0060156 ; 1.04977e-05 ; 101.857;
12 ; 4 ; 11 ; 0.199088 ; -0.00689438 ; -0.0151218 ; 101.971;
13 ; 4 ; 11 ; 0.192921 ; 0.0115936 ; 0.00347085 ; 101.502;
14 ; 4 ; 11 ; 0.194924 ; 0.0163496 ; -0.00117085 ; 101.254;
15 ; 4 ; 11 ; 0.196685 ; 0.00885629 ; -0.000619806 ; 101.396;
16 ; 4 ; 11 ; 0.209151 ; 0.00384096 ; 0.00688987 ; 101.695;
17 ; 4 ; 11 ; 0.202139 ; -0.0114392 ; -0.00188683 ; 101.884;
18 ; 4 ; 11 ; 0.195369 ; -0.0192729 ; 0.0127198 ; 101.729;
19 ; 4 ; 11 ; 0.195174 ; -0.0120621 ; 0.0106164 ; 101.68;
20 ; 4 ; 11 ; 0.206228 ; -0.00148658 ; -0.00107715 ; 101.751;
21 ; 4 ; 11 ; 0.187922 ; 0.0126403 ; -0.001776 ; 101.947;
4 ; 5 ; 11 ; 0.170102 ; 0.00299801 ; 0.00129886 ; 101.102;
5 ; 5 ; 11 ; 0.191955 ; -0.00413037 ; -0.0051694 ; 101.723;
6 ; 5 ; 11 ; 0.188404 ; 0.000308274 ; 0.00227905 ; 101.385;
7 ; 5 ; 11 ; 0.184426 ; 0.000933784 ; 0.00215067 ; 101.129;
8 ; 5 ; 11 ; 0.183362 ; -4.67191e-05 ; -0.00227038 ; 100.944;
9 ; 5 ; 11 ; 0.203937 ; -0.00474729 ; -0.013195 ; 101.626;
10 ; 5 ; 11 ; 0.199638 ; 0.00312494 ; -0.00410081 ; 101.732;
11 ; 5 ; 11 ; 0.194206 ; 0.0050057 ; 0.00108339 ; 101.701;
12 ; 5 ; 11 ; 0.192459 ; 0.00569327 ; -0.00371802 ; 101.933;
13 ; 5 ; 11 ; 0.179611 ; -0.00666096 ; -0.00334841 ; 101.616;
14 ; 5 ; 11 ; 0.191092 ; 0.00971118 ; -0.00244309 ; 101.383;
15 ; 5 ; 11 ; 0.195976 ; 0.00761698 ; -0.00275258 ; 101.416;
16 ; 5 ; 11 ; 0.201706 ; 0.00183106 ; 0.00663787 ; 101.559;
17 ; 5 ; 11 ; 0.19791 ; -0.00157238 ; 0.00937973 ; 101.774;
18 ; 5 ; 11 ; 0.195575 ; -0.0126346 ; 0.0110825 ; 101.75;
19 ; 5 ; 11 ; 0.199641 ; -0.0126556 ; 0.00567378 ; 101.665;
20 ; 5 ; 11 ; 0.20268 ; -0.000709241 ; -0.00224497 ; 101.676;
21 ; 5 ; 11 ; 0.193225 ; 0.0210735 ; 0.00237328 ; 101.27;
4 ; 6 ; 11 ; 0.17742 ; -0.0179186 ; 0.0209044 ; 101.667;
5 ; 6 ; 11 ; 0.210183 ; -0.0144109 ; -0.0045115 ; 102.144;
6 ; 6 ; 11 ; 0.186674 ; 0.00149795 ; -0.00343205 ; 101.451;
7 ; 6 ; 11 ; 0.185008 ; 0.00430392 ; 0.00105951 ; 101.227;
8 ; 6 ; 11 ; 0.186601 ; 0.00551721 ; 0.00341641 ; 101.598;
9 ; 6 ; 11 ; 0.197222 ; -0.0141964 ; -0.0192064 ; 101.704;
10 ; 6 ; 11 ; 0.19925 ; 0.0016519 ; -0.00885645 ; 101.621;
11 ; 6 ; 11 ; 0.191108 ; 0.00706309 ; 0.00385744 ; 101.546;
12 ; 6 ; 11 ; 0.18853 ; 0.00855072 ; 0.010735 ; 101.617;
13 ; 6 ; 11 ; 0.17901 ; -0.0186507 ; -0.00671668 ; 101.654;
14 ; 6 ; 11 ; 0.185323 ; 0.00229335 ; -0.00266492 ; 101.545;
15 ; 6 ; 11 ; 0.193119 ; 0.00463158 ; -0.0035006 ; 101.459;
16 ; 6 ; 11 ; 0.196927 ; 0.0011621 ; -0.00803752 ; 101.447;
17 ; 6 ; 11 ; 0.197291 ; 0.00206104 ; 0.0158281 ; 101.671;
18 ; 6 ; 11 ; 0.195838 ; -0.00445772 ; 0.0081329 ; 101.788;
19 ; 6 ; 11 ; 0.202019 ; -0.0104617 ; 0.000655313 ; 101.699;
20 ; 6 ; 11 ; 0.204743 ; -0.00909713 ; -0.00620775 ; 101.441;
21 ; 6 ; 11 ; 0.213293 ; -0.0263423 ; -0.0186123 ; 101.232;
4 ; 7 ; 11 ; 0.194773 ; -0.00287051 ; 0.0101254 ; 100.357;
5 ; 7 ; 11 ; 0.182219 ; -0.016141 ; 0.00723372 ; 101.6;
6 ; 7 ; 11 ; 0.197729 ; -0.0115389 ; 0.00882116 ; 101.688;
7 ; 7 ; 11 ; 0.211775 ; -0.0124089 ; 0.00846895 ; 101.877;
8 ; 7 ; 11 ; 0.219888 ; -0.032306 ; 0.00586295 ; 102.143;
9 ; 7 ; 11 ; 0.204251 ; -0.0080997 ; -0.00540007 ; 101.707;
10 ; 7 ; 11 ; 0.208414 ; -0.00669742 ; 0.00336811 ; 101.72;
11 ; 7 ; 11 ; 0.202391 ; -0.00995299 ; 0.00723947 ; 101.911;
12 ; 7 ; 11 ; 0.200521 ; -0.00918399 ; 0.0055286 ; 102.572;
13 ; 7 ; 11 ; 0.197429 ; -0.0148678 ; -0.00400417 ; 101.301;
14 ; 7 ; 11 ; 0.203186 ; -0.00786744 ; -0.0065741 ; 101.396;
15 ; 7 ; 11 ; 0.20354 ; -0.00112322 ; -0.00438591 ; 101.597;
16 ; 7 ; 11 ; 0.1918 ; -0.00816076 ; -0.00157445 ; 101.947;
17 ; 7 ; 11 ; 0.204417 ; 0.00474906 ; -0.00192872 ; 101.303;
18 ; 7 ; 11 ; 0.209275 ; -0.00237807 ; -0.00749812 ; 101.448;
19 ; 7 ; 11 ; 0.197562 ; -0.00211603 ; -0.00902559 ; 101.505;
20 ; 7 ; 11 ; 0.195739 ; 0.00565559 ; -0.00857861 ; 101.709;
21 ; 7 ; 11 ; 0.209539 ; 0.0027598 ; -0.0188737 ; 101.841;
4 ; 8 ; 11 ; 0.179447 ; 0.0137565 ; 0.00197688 ; 102.531;
5 ; 8 ; 11 ; 0.184852 ; -0.0173693 ; 0.00719953 ; 101.425;
6 ; 8 ; 11 ; 0.197326 ; -0.0124472 ; 0.0104074 ; 101.653;
7 ; 8 ; 11 ; 0.209892 ; -0.00976258 ; 0.0123127 ; 101.838;
8 ; 8 ; 11 ; 0.217293 ; -0.016177 ; 0.00782783 ; 102.052;
9 ; 8 ; 11 ; 0.20241 ; 0.00371699 ; -0.00533718 ; 101.558;
10 ; 8 ; 11 ; 0.205456 ; -0.00313849 ; 0.0013919 ; 101.638;
11 ; 8 ; 11 ; 0.20146 ; -0.0087274 ; 0.00530383 ; 101.766;
12 ; 8 ; 11 ; 0.19603 ; -0.0106394 ; 0.00945741 ; 101.967;
13 ; 8 ; 11 ; 0.194127 ; -0.00616805 ; -9.33037e-05 ; 101.555;
14 ; 8 ; 11 ; 0.198639 ; -0.00703676 ; -0.00520644 ; 101.449;
15 ; 8 ; 11 ; 0.198691 ; -0.000844183 ; -0.00499347 ; 101.57;
16 ; 8 ; 11 ; 0.198514 ; -0.00360575 ; -0.0018863 ; 101.675;
17 ; 8 ; 11 ; 0.203772 ; 0.0054105 ; -0.0189202 ; 101.69;
18 ; 8 ; 11 ; 0.208906 ; -0.000741184 ; -0.00889164 ; 101.533;
19 ; 8 ; 11 ; 0.202183 ; -0.00321198 ; -0.00593813 ; 101.494;
20 ; 8 ; 11 ; 0.191098 ; 0.00206739 ; -0.0101186 ; 101.525;
21 ; 8 ; 11 ; 0.195777 ; -0.00775488 ; 0.0221919 ; 100.384;
4 ; 9 ; 11 ; 0.205395 ; 0.0194811 ; -0.00509957 ; 101.968;
5 ; 9 ; 11 ; 0.19667 ; -0.0151811 ; 0.00683369 ; 101.353;
6 ; 9 ; 11 ; 0.197557 ; -0.0121092 ; 0.0093792 ; 101.66;
7 ; 9 ; 11 ; 0.204914 ; -0.00477654 ; 0.0131363 ; 101.758;
8 ; 9 ; 11 ; 0.209828 ; 0.00181474 ; 0.0192282 ; 101.815;
9 ; 9 ; 11 ; 0.195529 ; 0.0102695 ; -0.00208585 ; 101.672;
10 ; 9 ; 11 ; 0.200902 ; 0.00229294 ; -0.00078059 ; 101.549;
11 ; 9 ; 11 ; 0.20095 ; -0.00448763 ; 0.00532125 ; 101.503;
12 ; 9 ; 11 ; 0.194201 ; -0.00699711 ; 0.0116225 ; 101.421;
13 ; 9 ; 11 ; 0.186917 ; -0.00428623 ; 0.00487246 ; 101.545;
14 ; 9 ; 11 ; 0.190327 ; -0.00380829 ; 0.000671768 ; 101.554;
15 ; 9 ; 11 ; 0.191569 ; -0.00209474 ; 0.000214993 ; 101.498;
16 ; 9 ; 11 ; 0.198873 ; 0.00107548 ; -0.00380853 ; 101.398;
17 ; 9 ; 11 ; 0.203781 ; 0.00639525 ; -0.0164047 ; 101.76;
18 ; 9 ; 11 ; 0.208544 ; -0.000418725 ; -0.0106291 ; 101.653;
19 ; 9 ; 11 ; 0.209679 ; -0.00743732 ; -0.00421169 ; 101.573;
20 ; 9 ; 11 ; 0.199643 ; -0.00525423 ; -0.00221727 ; 101.28;
21 ; 9 ; 11 ; 0.209358 ; 0.0204249 ; -0.00241559 ; 101.73;
4 ; 10 ; 11 ; 0.209345 ; 0.0205293 ; 0.0315214 ; 101.41;
5 ; 10 ; 11 ; 0.196671 ; 6.2434e-05 ; -8.88807e-05 ; 101.615;
6 ; 10 ; 11 ; 0.198387 ; -0.00507406 ; 0.00748023 ; 101.614;
7 ; 10 ; 11 ; 0.199513 ; -0.00114051 ; 0.0111141 ; 101.655;
8 ; 10 ; 11 ; 0.202267 ; -0.000661595 ; 0.0174587 ; 101.664;
9 ; 10 ; 11 ; 0.180886 ; 0.00162525 ; -0.000562039 ; 101.738;
10 ; 10 ; 11 ; 0.193664 ; 0.00556154 ; 0.000804457 ; 101.614;
11 ; 10 ; 11 ; 0.1991 ; -0.000679093 ; 0.00429396 ; 101.54;
12 ; 10 ; 11 ; 0.2003 ; 0.00319645 ; 0.0121743 ; 101.502;
13 ; 10 ; 11 ; 0.195285 ; -0.00784421 ; 0.00524495 ; 101.564;
14 ; 10 ; 11 ; 0.189655 ; -0.00870629 ; 0.0050627 ; 101.636;
15 ; 10 ; 11 ; 0.189217 ; -0.00898684 ; 0.00570093 ; 101.646;
16 ; 10 ; 11 ; 0.19006 ; -0.0059712 ; 0.00470237 ; 101.407;
17 ; 10 ; 11 ; 0.203945 ; -0.00650055 ; -0.000597787 ; 101.725;
18 ; 10 ; 11 ; 0.207644 ; -0.00395389 ; -0.00560661 ; 101.612;
19 ; 10 ; 11 ; 0.209593 ; -0.00886145 ; -0.00340771 ; 101.562;
20 ; 10 ; 11 ; 0.21766 ; -0.0139355 ; -0.00189467 ; 101.486;
21 ; 10 ; 11 ; 0.200634 ; -0.00162079 ; -0.0160972 ; 101.324;
4 ; 11 ; 11 ; 0.183245 ; -0.00234502 ; 0.0187402 ; 101.641;
5 ; 11 ; 11 ; 0.182838 ; 0.0189131 ; -0.00479973 ; 101.436;
6 ; 11 ; 11 ; 0.191823 ; 0.00393565 ; 0.00175326 ; 101.569;
7 ; 11 ; 11 ; 0.195636 ; -0.000232008 ; 0.00548923 ; 101.499;
8 ; 11 ; 11 ; 0.196555 ; 0.00221235 ; 0.00890914 ; 101.583;
9 ; 11 ; 11 ; 0.187896 ; -0.0110023 ; 0.0104638 ; 101.622;
10 ; 11 ; 11 ; 0.190022 ; -0.00159307 ; 0.0045094 ; 101.559;
11 ; 11 ; 11 ; 0.198154 ; -0.00342048 ; 0.0036808 ; 101.623;
12 ; 11 ; 11 ; 0.201785 ; -0.000562012 ; 0.00608665 ; 101.544;
13 ; 11 ; 11 ; 0.186386 ; 0.000181693 ; 0.0129015 ; 101.473;
14 ; 11 ; 11 ; 0.192565 ; -0.00639552 ; 0.00721799 ; 101.549;
15 ; 11 ; 11 ; 0.196837 ; -0.00812905 ; 0.00500483 ; 101.659;
16 ; 11 ; 11 ; 0.190792 ; -0.014087 ; 0.0103583 ; 101.678;
17 ; 11 ; 11 ; 0.203504 ; -0.0131008 ; 0.00727386 ; 101.926;
18 ; 11 ; 11 ; 0.200373 ; -0.00967427 ; 0.00198731 ; 101.641;
19 ; 11 ; 11 ; 0.198083 ; -0.00684708 ; -0.00414976 ; 101.567;
20 ; 11 ; 11 ; 0.205995 ; -0.0113486 ; -0.0120818 ; 101.39;
21 ; 11 ; 11 ; 0.203064 ; 0.00331952 ; -0.0212339 ; 102.085;
4 ; 12 ; 11 ; 0.193277 ; -0.00433796 ; 0.0202435 ; 101.745;
5 ; 12 ; 11 ; 0.175949 ; 0.0255729 ; -0.00553503 ; 101.284;
6 ; 12 ; 11 ; 0.187303 ; 0.00831113 ; 0.000667659 ; 101.485;
7 ; 12 ; 11 ; 0.194566 ; -0.000512817 ; 0.00545437 ; 101.4;
8 ; 12 ; 11 ; 0.19742 ; 0.00189114 ; 0.00347412 ; 101.311;
9 ; 12 ; 11 ; 0.201828 ; -0.019595 ; 0.0169137 ; 101.471;
10 ; 12 ; 11 ; 0.187805 ; -0.00561576 ; 0.00639481 ; 101.499;
11 ; 12 ; 11 ; 0.197107 ; -0.00634249 ; 0.00135925 ; 101.699;
12 ; 12 ; 11 ; 0.210195 ; -0.0111605 ; 0.000697789 ; 101.851;
13 ; 12 ; 11 ; 0.171044 ; 0.0151285 ; 0.0202477 ; 101.367;
14 ; 12 ; 11 ; 0.194734 ; -0.00613705 ; 0.00640129 ; 101.475;
15 ; 12 ; 11 ; 0.201014 ; -0.00643602 ; 0.00086551 ; 101.679;
16 ; 12 ; 11 ; 0.194134 ; -0.00549886 ; 0.00239691 ; 101.899;
17 ; 12 ; 11 ; 0.204236 ; -0.0128714 ; 0.00734915 ; 102.094;
18 ; 12 ; 11 ; 0.195919 ; -0.0117002 ; 0.0064539 ; 101.668;
19 ; 12 ; 11 ; 0.191305 ; -0.00411196 ; -0.00263707 ; 101.516;
20 ; 12 ; 11 ; 0.19849 ; 0.00708209 ; -0.0103552 ; 101.193;
21 ; 12 ; 11 ; 0.191171 ; 0.0221868 ; -0.0101085 ; 101.366;
4 ; 13 ; 11 ; 0.185369 ; 0.00309284 ; -0.0109679 ; 100.895;
5 ; 13 ; 11 ; 0.180834 ; -0.0120051 ; -0.00165055 ; 101.941;
6 ; 13 ; 11 ; 0.185322 ; -0.0136218 ; -0.000536978 ; 101.608;
7 ; 13 ; 11 ; 0.193883 ; -0.0142732 ; 0.0143384 ; 101.845;
8 ; 13 ; 11 ; 0.194905 ; -0.0112643 ; 0.0405059 ; 103.136;
9 ; 13 ; 11 ; 0.202788 ; 0.000736225 ; 0.00394138 ; 101.345;
10 ; 13 ; 11 ; 0.203389 ; 0.00102427 ; -0.000500682 ; 101.353;
11 ; 13 ; 11 ; 0.201716 ; -0.00366496 ; -0.00366963 ; 101.544;
12 ; 13 ; 11 ; 0.203035 ; -0.00942842 ; 0.00859872 ; 101.729;
13 ; 13 ; 11 ; 0.199049 ; -0.00881366 ; -0.0063689 ; 101.478;
14 ; 13 ; 11 ; 0.196238 ; -0.00477452 ; -0.00497772 ; 101.523;
15 ; 13 ; 11 ; 0.197702 ; 0.0102831 ; -0.00498333 ; 101.525;
16 ; 13 ; 11 ; 0.208067 ; 0.0289223 ; 0.0001435 ; 101.283;
17 ; 13 ; 11 ; 0.198417 ; 0.00726666 ; -0.0126238 ; 101.074;
18 ; 13 ; 11 ; 0.203239 ; 0.01052 ; -0.00757247 ; 101.573;
19 ; 13 ; 11 ; 0.202975 ; 0.00827648 ; -0.00330687 ; 101.673;
20 ; 13 ; 11 ; 0.209832 ; -0.00110062 ; -0.00243928 ; 101.122;
21 ; 13 ; 11 ; 0.191775 ; 0.0102297 ; -0.00277688 ; 101.834;
4 ; 14 ; 11 ; 0.190428 ; 0.00144733 ; -0.00460049 ; 101.675;
5 ; 14 ; 11 ; 0.191659 ; -0.00249044 ; 8.81165e-05 ; 101.656;
6 ; 14 ; 11 ; 0.189122 ; -0.00716954 ; 5.20747e-05 ; 101.572;
7 ; 14 ; 11 ; 0.193541 ; -0.00607393 ; 0.0129258 ; 101.669;
8 ; 14 ; 11 ; 0.196887 ; -0.0105181 ; 0.0286887 ; 102.27;
9 ; 14 ; 11 ; 0.188175 ; 0.00428773 ; 0.00325849 ; 101.439;
10 ; 14 ; 11 ; 0.197504 ; -0.00100879 ; 0.000285492 ; 101.392;
11 ; 14 ; 11 ; 0.197957 ; -0.00401078 ; -0.00205595 ; 101.469;
12 ; 14 ; 11 ; 0.199687 ; -0.00732615 ; -0.00224945 ; 101.774;
13 ; 14 ; 11 ; 0.212353 ; -0.0189603 ; -0.0259963 ; 101.562;
14 ; 14 ; 11 ; 0.202532 ; -0.00530891 ; -0.0092158 ; 101.589;
15 ; 14 ; 11 ; 0.202082 ; 0.0106384 ; -0.00532507 ; 101.626;
16 ; 14 ; 11 ; 0.201209 ; 0.0264734 ; -0.00320338 ; 101.401;
17 ; 14 ; 11 ; 0.196868 ; 0.00112725 ; -0.0104217 ; 101.469;
18 ; 14 ; 11 ; 0.201772 ; 0.00688718 ; -0.00637157 ; 101.498;
19 ; 14 ; 11 ; 0.203138 ; 0.0084522 ; -0.00116681 ; 101.488;
20 ; 14 ; 11 ; 0.207061 ; 0.00451111 ; -0.00252222 ; 101.447;
21 ; 14 ; 11 ; 0.190626 ; -0.00992641 ; -0.0127994 ; 101.623;
4 ; 15 ; 11 ; 0.177728 ; -0.00499299 ; -0.0191232 ; 101.802;
5 ; 15 ; 11 ; 0.205861 ; 0.0110597 ; -0.00368054 ; 101.575;
6 ; 15 ; 11 ; 0.199316 ; 0.0034613 ; 0.00195702 ; 101.558;
7 ; 15 ; 11 ; 0.196619 ; 0.00433281 ; 0.0107269 ; 101.467;
8 ; 15 ; 11 ; 0.193272 ; 0.000964342 ; 0.0143087 ; 101.195;
9 ; 15 ; 11 ; 0.189562 ; 0.00331382 ; 0.00526075 ; 101.457;
10 ; 15 ; 11 ; 0.190361 ; 0.00191682 ; 0.00311582 ; 101.467;
11 ; 15 ; 11 ; 0.191184 ; 0.00198028 ; 1.43864e-05 ; 101.556;
12 ; 15 ; 11 ; 0.192966 ; -0.00200254 ; -0.00556884 ; 101.562;
13 ; 15 ; 11 ; 0.203601 ; -0.00385934 ; -0.00668322 ; 101.693;
14 ; 15 ; 11 ; 0.2067 ; -0.00591398 ; -0.00855908 ; 101.675;
15 ; 15 ; 11 ; 0.202736 ; 0.00441098 ; -0.00221852 ; 101.729;
16 ; 15 ; 11 ; 0.201536 ; 0.0219386 ; -0.00279461 ; 101.716;
17 ; 15 ; 11 ; 0.194733 ; -0.00511352 ; -0.00317299 ; 101.705;
18 ; 15 ; 11 ; 0.196751 ; -0.00147443 ; -0.00515252 ; 101.534;
19 ; 15 ; 11 ; 0.202078 ; 0.00324651 ; 0.00200081 ; 101.392;
20 ; 15 ; 11 ; 0.20367 ; 0.0125121 ; 0.00201645 ; 101.472;
21 ; 15 ; 11 ; 0.200771 ; 0.00693075 ; 0.000522548 ; 101.724;
4 ; 16 ; 11 ; 0.183705 ; 0.00837403 ; 0.00112412 ; 100.778;
5 ; 16 ; 11 ; 0.199685 ; 0.0122369 ; -0.000859484 ; 101.55;
6 ; 16 ; 11 ; 0.203335 ; 0.00972373 ; -0.00175851 ; 101.523;
7 ; 16 ; 11 ; 0.198792 ; 0.00624119 ; 0.00088112 ; 101.524;
8 ; 16 ; 11 ; 0.18965 ; 0.00707955 ; 0.0147791 ; 101.426;
9 ; 16 ; 11 ; 0.197517 ; 0.0113932 ; 0.00751739 ; 101.214;
10 ; 16 ; 11 ; 0.191186 ; 0.0087498 ; 0.00547568 ; 101.485;
11 ; 16 ; 11 ; 0.189492 ; 0.0114758 ; 0.00214383 ; 101.714;
12 ; 16 ; 11 ; 0.184019 ; 0.00917641 ; 3.20399e-05 ; 101.724;
13 ; 16 ; 11 ; 0.197163 ; 0.00412922 ; 0.0046061 ; 101.714;
14 ; 16 ; 11 ; 0.199435 ; 0.000817095 ; 0.000269437 ; 101.704;
15 ; 16 ; 11 ; 0.19464 ; 0.00123267 ; 0.0034705 ; 101.77;
16 ; 16 ; 11 ; 0.201908 ; 0.00386794 ; 0.00384618 ; 101.771;
17 ; 16 ; 11 ; 0.2056 ; 0.00805387 ; -0.007342 ; 101.928;
18 ; 16 ; 11 ; 0.202137 ; -0.00137062 ; -0.00627342 ; 101.69;
19 ; 16 ; 11 ; 0.204328 ; -0.00357728 ; -0.00123452 ; 101.49;
20 ; 16 ; 11 ; 0.203973 ; 0.0044223 ; 0.00801489 ; 101.233;
21 ; 16 ; 11 ; 0.183168 ; 0.00168779 ; -0.0125381 ; 101.138;
4 ; 17 ; 11 ; 0.163633 ; -0.0236392 ; 0.0374687 ; 101.331;
5 ; 17 ; 11 ; 0.198933 ; 0.0113562 ; 0.0245574 ; 101.049;
6 ; 17 ; 11 ; 0.201904 ; 0.00634829 ; 0.00432476 ; 101.357;
7 ; 17 ; 11 ; 0.197996 ; 5.10401e-05 ; -0.00293846 ; 101.469;
8 ; 17 ; 11 ; 0.194078 ; -0.000441107 ; -0.0071422 ; 101.616;
9 ; 17 ; 11 ; 0.19778 ; 0.0123336 ; 0.0183449 ; 101.351;
10 ; 17 ; 11 ; 0.199271 ; 0.015256 ; 0.00860222 ; 101.43;
11 ; 17 ; 11 ; 0.197202 ; 0.0171065 ; 0.00244246 ; 101.754;
12 ; 17 ; 11 ; 0.183503 ; 0.0169582 ; -0.00359026 ; 102.119;
13 ; 17 ; 11 ; 0.184574 ; 0.00661426 ; -0.0101403 ; 101.301;
14 ; 17 ; 11 ; 0.189691 ; 0.00249005 ; 0.000357806 ; 101.543;
15 ; 17 ; 11 ; 0.187952 ; -0.00156202 ; 0.00791184 ; 101.614;
16 ; 17 ; 11 ; 0.184386 ; -0.00587174 ; 0.00688513 ; 101.633;
17 ; 17 ; 11 ; 0.203471 ; 0.00365584 ; -0.00907696 ; 102.04;
18 ; 17 ; 11 ; 0.201017 ; 0.00286338 ; -0.00814663 ; 101.728;
19 ; 17 ; 11 ; 0.203561 ; -0.000411873 ; -0.0051062 ; 101.458;
20 ; 17 ; 11 ; 0.205981 ; -0.0119053 ; -0.00252131 ; 101.472;
21 ; 17 ; 11 ; 0.190327 ; -0.0169757 ; -0.0155493 ; 101.361;
4 ; 18 ; 11 ; 0.186949 ; 0.0159095 ; -0.00326273 ; 101.153;
5 ; 18 ; 11 ; 0.205866 ; 0.0111897 ; 0.0444883 ; 100.788;
6 ; 18 ; 11 ; 0.198647 ; 0.00432029 ; 0.0076781 ; 101.223;
7 ; 18 ; 11 ; 0.195225 ; -0.00197091 ; -0.00478684 ; 101.388;
8 ; 18 ; 11 ; 0.193663 ; 0.00126504 ; -0.00974401 ; 101.334;
9 ; 18 ; 11 ; 0.197238 ; 0.0101367 ; 0.0269278 ; 101.447;
10 ; 18 ; 11 ; 0.202832 ; 0.0153372 ; 0.00971972 ; 101.393;
11 ; 18 ; 11 ; 0.202512 ; 0.0165348 ; 0.00319394 ; 101.644;
12 ; 18 ; 11 ; 0.194333 ; 0.0118009 ; -0.00245719 ; 101.759;
13 ; 18 ; 11 ; 0.17256 ; 0.00689163 ; -0.0170174 ; 101.059;
14 ; 18 ; 11 ; 0.187115 ; 0.00346304 ; -0.00412062 ; 101.455;
15 ; 18 ; 11 ; 0.187942 ; 0.000635942 ; 0.00859824 ; 101.553;
16 ; 18 ; 11 ; 0.180536 ; -0.000410917 ; 0.00899729 ; 101.386;
17 ; 18 ; 11 ; 0.188928 ; -0.0104915 ; -0.00837211 ; 102.11;
18 ; 18 ; 11 ; 0.20183 ; 0.00682367 ; -0.00852213 ; 101.654;
19 ; 18 ; 11 ; 0.203827 ; 0.00512796 ; -0.00702255 ; 101.309;
20 ; 18 ; 11 ; 0.215772 ; -0.00464285 ; -0.00874024 ; 101.365;
21 ; 18 ; 11 ; 0.20299 ; -0.02375 ; 0.00560459 ; 101.314;
4 ; 19 ; 11 ; 0.192079 ; 0.0381637 ; -0.004815 ; 101.643;
5 ; 19 ; 11 ; 0.209203 ; -0.00272491 ; 0.00737966 ; 101.244;
6 ; 19 ; 11 ; 0.201457 ; -0.00619265 ; 0.00508926 ; 101.165;
7 ; 19 ; 11 ; 0.198048 ; -0.00815801 ; 0.00278083 ; 101.141;
8 ; 19 ; 11 ; 0.192991 ; 0.00820423 ; -0.000540221 ; 101.313;
9 ; 19 ; 11 ; 0.207927 ; 0.00278116 ; 0.00351921 ; 101.749;
10 ; 19 ; 11 ; 0.19802 ; 0.0129591 ; 0.0120323 ; 101.686;
11 ; 19 ; 11 ; 0.195323 ; 0.00716065 ; 0.00173923 ; 101.662;
12 ; 19 ; 11 ; 0.184093 ; -0.0155023 ; -0.0333794 ; 101.751;
13 ; 19 ; 11 ; 0.198858 ; 0.0111595 ; 0.00970512 ; 101.223;
14 ; 19 ; 11 ; 0.202039 ; 0.00541477 ; 0.0048551 ; 101.469;
15 ; 19 ; 11 ; 0.206199 ; 0.0012654 ; 0.00642556 ; 101.629;
16 ; 19 ; 11 ; 0.210018 ; 0.0110483 ; 0.0210661 ; 101.431;
17 ; 19 ; 11 ; 0.205668 ; 0.0166834 ; -0.00472381 ; 101.833;
18 ; 19 ; 11 ; 0.207437 ; 0.00976955 ; -0.00842945 ; 101.794;
19 ; 19 ; 11 ; 0.204561 ; 0.00506467 ; -0.00363123 ; 101.718;
20 ; 19 ; 11 ; 0.207805 ; -0.00403256 ; 0.00259326 ; 101.497;
21 ; 19 ; 11 ; 0.198738 ; 0.00565008 ; 0.0139595 ; 102.506;
4 ; 20 ; 11 ; 0.206768 ; 0.00276322 ; 0.00892407 ; 101.983;
5 ; 20 ; 11 ; 0.197552 ; 0.0068896 ; -0.0103649 ; 101.422;
6 ; 20 ; 11 ; 0.199923 ; -0.00359115 ; -3.97359e-05 ; 101.3;
7 ; 20 ; 11 ; 0.199541 ; -0.00906307 ; 0.00485807 ; 101.306;
8 ; 20 ; 11 ; 0.197525 ; -0.00522454 ; 0.00229686 ; 101.253;
9 ; 20 ; 11 ; 0.191609 ; -0.0129513 ; -0.0114303 ; 101.809;
10 ; 20 ; 11 ; 0.195239 ; 0.00180238 ; 0.00536001 ; 101.641;
11 ; 20 ; 11 ; 0.199161 ; 0.00273853 ; 0.00369165 ; 101.593;
12 ; 20 ; 11 ; 0.193807 ; -0.000377546 ; -0.0146428 ; 101.795;
13 ; 20 ; 11 ; 0.193242 ; 0.0225369 ; 0.0107988 ; 100.864;
14 ; 20 ; 11 ; 0.20047 ; 0.0114318 ; 0.00339644 ; 101.297;
15 ; 20 ; 11 ; 0.206614 ; 0.00630629 ; 0.00156104 ; 101.676;
16 ; 20 ; 11 ; 0.207528 ; 0.00628972 ; 0.00782267 ; 101.447;
17 ; 20 ; 11 ; 0.200184 ; 0.028837 ; 0.0103305 ; 101.547;
18 ; 20 ; 11 ; 0.202216 ; 0.01369 ; -0.00328552 ; 101.741;
19 ; 20 ; 11 ; 0.200319 ; 0.00427832 ; -0.00498047 ; 101.726;
20 ; 20 ; 11 ; 0.203736 ; 0.0029343 ; 0.000801864 ; 101.576;
21 ; 20 ; 11 ; 0.202681 ; -7.84436e-05 ; -0.00873109 ; 101.206;
4 ; 21 ; 11 ; 0.204266 ; 0.00172434 ; -0.0274025 ; 100.815;
5 ; 21 ; 11 ; 0.182987 ; 0.0141213 ; -0.0127259 ; 101.434;
6 ; 21 ; 11 ; 0.202569 ; -0.00227612 ; -0.00700836 ; 101.419;
7 ; 21 ; 11 ; 0.203273 ; -0.0124602 ; 0.00505239 ; 101.363;
8 ; 21 ; 11 ; 0.197955 ; -0.0161365 ; 0.0118179 ; 101.191;
9 ; 21 ; 11 ; 0.176417 ; -0.0234167 ; -0.0211607 ; 101.994;
10 ; 21 ; 11 ; 0.196956 ; -0.00763148 ; -0.00139872 ; 101.601;
11 ; 21 ; 11 ; 0.205418 ; 0.0017509 ; 0.00707709 ; 101.622;
12 ; 21 ; 11 ; 0.203307 ; 0.00951205 ; 0.00516518 ; 101.713;
13 ; 21 ; 11 ; 0.194618 ; 0.0282008 ; -0.0036751 ; 100.489;
14 ; 21 ; 11 ; 0.198021 ; 0.0161232 ; 0.00557384 ; 101.203;
15 ; 21 ; 11 ; 0.205759 ; 0.00939407 ; -0.00386761 ; 101.725;
16 ; 21 ; 11 ; 0.207015 ; 0.00394741 ; -0.0048003 ; 101.868;
17 ; 21 ; 11 ; 0.184505 ; 0.0312132 ; 0.0252339 ; 101.362;
18 ; 21 ; 11 ; 0.201443 ; 0.0200336 ; -0.000354624 ; 101.684;
19 ; 21 ; 11 ; 0.197229 ; 0.00753341 ; -0.00598875 ; 101.749;
20 ; 21 ; 11 ; 0.194615 ; 0.00613016 ; -0.00192414 ; 101.531;
21 ; 21 ; 11 ; 0.207168 ; 0.0234714 ; -0.0184751 ; 100.916;
4 ; 4 ; 12 ; 0.128066 ; 0.00121384 ; 0.0168119 ; 100.536;
5 ; 4 ; 12 ; 0.140436 ; -0.00700458 ; 0.0183334 ; 101.577;
6 ; 4 ; 12 ; 0.133408 ; 0.000888823 ; 0.00624541 ; 101.652;
7 ; 4 ; 12 ; 0.138779 ; 0.00796278 ; -0.000841756 ; 101.653;
8 ; 4 ; 12 ; 0.141187 ; 0.0123521 ; -0.00112776 ; 101.601;
9 ; 4 ; 12 ; 0.154642 ; 0.00108675 ; -0.00202032 ; 102.058;
10 ; 4 ; 12 ; 0.152498 ; 0.00304392 ; -0.00223742 ; 101.969;
11 ; 4 ; 12 ; 0.150068 ; 0.00354937 ; -0.00418195 ; 101.498;
12 ; 4 ; 12 ; 0.151841 ; 0.0176238 ; 0.00881771 ; 101.854;
13 ; 4 ; 12 ; 0.137835 ; 0.0137549 ; -0.00716377 ; 101.705;
14 ; 4 ; 12 ; 0.139586 ; 0.00357853 ; 0.000321727 ; 101.625;
15 ; 4 ; 12 ; 0.147736 ; -0.000473989 ; 0.00446646 ; 101.445;
16 ; 4 ; 12 ; 0.152691 ; 0.0105666 ; -0.000860727 ; 100.708;
17 ; 4 ; 12 ; 0.162111 ; 0.000928464 ; -0.00766194 ; 101.913;
18 ; 4 ; 12 ; 0.169797 ; -0.00923639 ; -0.00660284 ; 102.006;
19 ; 4 ; 12 ; 0.170351 ; -0.0192111 ; -0.00754431 ; 101.814;
20 ; 4 ; 12 ; 0.162427 ; -0.0216081 ; 0.00206589 ; 101.241;
21 ; 4 ; 12 ; 0.131157 ; 0.00680669 ; -0.00218177 ; 101.795;
4 ; 5 ; 12 ; 0.153455 ; -0.0229995 ; 0.0104457 ; 100.789;
5 ; 5 ; 12 ; 0.135833 ; -0.00613247 ; 0.0129006 ; 101.407;
6 ; 5 ; 12 ; 0.136952 ; 0.00181947 ; 0.0107663 ; 101.409;
7 ; 5 ; 12 ; 0.145304 ; 0.00676914 ; 0.00691009 ; 101.372;
8 ; 5 ; 12 ; 0.144855 ; 0.01226 ; 6.17298e-05 ; 101.566;
9 ; 5 ; 12 ; 0.155446 ; 0.00913334 ; -0.00902579 ; 102.168;
10 ; 5 ; 12 ; 0.154378 ; 0.00607335 ; -0.00877227 ; 101.997;
11 ; 5 ; 12 ; 0.157273 ; 0.00547531 ; -0.00838027 ; 101.555;
12 ; 5 ; 12 ; 0.150925 ; 0.00929049 ; -0.00317381 ; 101.452;
13 ; 5 ; 12 ; 0.143842 ; 0.00932958 ; 0.00904501 ; 101.615;
14 ; 5 ; 12 ; 0.141044 ; 0.00415652 ; -0.00184221 ; 101.532;
15 ; 5 ; 12 ; 0.14638 ; -0.000517688 ; -0.00290228 ; 101.275;
16 ; 5 ; 12 ; 0.151407 ; 0.00152151 ; 0.006332 ; 101.14;
17 ; 5 ; 12 ; 0.159045 ; -0.00208389 ; -0.0168329 ; 101.663;
18 ; 5 ; 12 ; 0.164401 ; -0.00841874 ; -0.00868424 ; 101.862;
19 ; 5 ; 12 ; 0.165214 ; -0.0129345 ; -0.00889534 ; 101.844;
20 ; 5 ; 12 ; 0.168592 ; -0.0210875 ; -0.00739966 ; 101.543;
21 ; 5 ; 12 ; 0.152684 ; -0.00255752 ; -0.0013259 ; 101.703;
4 ; 6 ; 12 ; 0.13445 ; -0.00669202 ; -0.0129435 ; 101.783;
5 ; 6 ; 12 ; 0.130269 ; -0.000703366 ; 0.00898605 ; 101.141;
6 ; 6 ; 12 ; 0.141588 ; 0.000402067 ; 0.0159957 ; 101.337;
7 ; 6 ; 12 ; 0.151571 ; 0.00434624 ; 0.0138474 ; 101.269;
8 ; 6 ; 12 ; 0.14619 ; 0.0064122 ; 0.00423727 ; 101.371;
9 ; 6 ; 12 ; 0.151461 ; 0.0202822 ; -0.0243154 ; 102.17;
10 ; 6 ; 12 ; 0.157059 ; 0.0066026 ; -0.0120799 ; 101.977;
11 ; 6 ; 12 ; 0.162991 ; 0.00459501 ; -0.0147228 ; 101.512;
12 ; 6 ; 12 ; 0.155044 ; 0.000367545 ; -0.00830013 ; 101.222;
13 ; 6 ; 12 ; 0.146992 ; 0.0054212 ; 0.0124378 ; 101.584;
14 ; 6 ; 12 ; 0.142367 ; 0.00576134 ; -0.000523867 ; 101.472;
15 ; 6 ; 12 ; 0.144703 ; -0.00154787 ; -0.00485541 ; 101.238;
16 ; 6 ; 12 ; 0.153275 ; -0.0112383 ; -0.000223109 ; 101.373;
17 ; 6 ; 12 ; 0.157381 ; -0.00882291 ; -0.0162126 ; 101.724;
18 ; 6 ; 12 ; 0.159628 ; -0.00681151 ; -0.0144052 ; 101.701;
19 ; 6 ; 12 ; 0.16332 ; -0.0091193 ; -0.0129889 ; 101.901;
20 ; 6 ; 12 ; 0.165853 ; -0.00580939 ; -0.0173904 ; 101.841;
21 ; 6 ; 12 ; 0.170778 ; -0.00845498 ; -0.0110168 ; 100.173;
4 ; 7 ; 12 ; 0.150706 ; -0.0131361 ; 0.0162285 ; 101.563;
5 ; 7 ; 12 ; 0.151959 ; 0.00518549 ; 0.0061071 ; 101.584;
6 ; 7 ; 12 ; 0.153459 ; -0.00196332 ; 0.00233989 ; 101.252;
7 ; 7 ; 12 ; 0.148814 ; -0.0128971 ; 0.00460591 ; 101.214;
8 ; 7 ; 12 ; 0.149546 ; -0.0329251 ; -0.00445936 ; 100.727;
9 ; 7 ; 12 ; 0.144835 ; -0.00206671 ; -0.00208695 ; 101.387;
10 ; 7 ; 12 ; 0.144166 ; -0.00509975 ; -0.00574971 ; 101.498;
11 ; 7 ; 12 ; 0.152107 ; -0.00832153 ; -0.000244212 ; 101.543;
12 ; 7 ; 12 ; 0.156143 ; -0.0108391 ; 0.0173432 ; 101.531;
13 ; 7 ; 12 ; 0.154777 ; -0.0134866 ; 0.00151755 ; 101.664;
14 ; 7 ; 12 ; 0.148303 ; -0.00802776 ; 0.000153539 ; 101.465;
15 ; 7 ; 12 ; 0.144383 ; -0.00664411 ; 0.000637489 ; 101.504;
16 ; 7 ; 12 ; 0.136439 ; -0.0181239 ; -0.00648496 ; 101.926;
17 ; 7 ; 12 ; 0.159948 ; -0.00942935 ; 0.00070429 ; 101.699;
18 ; 7 ; 12 ; 0.158413 ; -0.0143682 ; 0.00433334 ; 101.881;
19 ; 7 ; 12 ; 0.16064 ; -0.0194112 ; 0.00148562 ; 101.767;
20 ; 7 ; 12 ; 0.173719 ; -0.0231265 ; -0.00188691 ; 101.737;
21 ; 7 ; 12 ; 0.122151 ; -0.00816581 ; -0.00815532 ; 100.997;
4 ; 8 ; 12 ; 0.14151 ; 0.00880227 ; -0.0148852 ; 100.911;
5 ; 8 ; 12 ; 0.148342 ; 0.000288267 ; -0.00102394 ; 101.217;
6 ; 8 ; 12 ; 0.15359 ; 0.000160089 ; 0.00107412 ; 101.352;
7 ; 8 ; 12 ; 0.151169 ; -0.00630266 ; 0.00390621 ; 101.38;
8 ; 8 ; 12 ; 0.144618 ; -0.0223395 ; 0.00255072 ; 101.22;
9 ; 8 ; 12 ; 0.141021 ; -0.00022386 ; 0.00308608 ; 101.934;
10 ; 8 ; 12 ; 0.142793 ; -0.00505378 ; -0.00141114 ; 101.728;
11 ; 8 ; 12 ; 0.147056 ; -0.0103831 ; 0.002027 ; 101.631;
12 ; 8 ; 12 ; 0.154383 ; -0.0135057 ; 0.00567522 ; 101.622;
13 ; 8 ; 12 ; 0.154601 ; 0.000286208 ; -0.00556022 ; 101.353;
14 ; 8 ; 12 ; 0.149893 ; -0.00367093 ; -0.00140063 ; 101.393;
15 ; 8 ; 12 ; 0.148431 ; 0.000728118 ; 0.00185148 ; 101.413;
16 ; 8 ; 12 ; 0.142593 ; -0.0119318 ; -0.00254145 ; 101.668;
17 ; 8 ; 12 ; 0.146529 ; -0.0101514 ; 0.0060983 ; 101.518;
18 ; 8 ; 12 ; 0.155067 ; -0.0146791 ; 0.00661552 ; 101.802;
19 ; 8 ; 12 ; 0.159808 ; -0.0183951 ; 0.00454071 ; 101.791;
20 ; 8 ; 12 ; 0.164837 ; -0.0196702 ; -0.00385505 ; 101.849;
21 ; 8 ; 12 ; 0.134241 ; 0.026931 ; -0.000858265 ; 102.394;
4 ; 9 ; 12 ; 0.164264 ; 0.0165269 ; 0.0230249 ; 101.384;
5 ; 9 ; 12 ; 0.141414 ; 0.000938403 ; -0.0105094 ; 101.392;
6 ; 9 ; 12 ; 0.148997 ; 0.000726229 ; -0.00276088 ; 101.471;
7 ; 9 ; 12 ; 0.152333 ; 0.00100465 ; 0.00101251 ; 101.614;
8 ; 9 ; 12 ; 0.150503 ; -0.00513125 ; 0.00994923 ; 101.845;
9 ; 9 ; 12 ; 0.141716 ; -0.000500783 ; 0.010042 ; 101.706;
10 ; 9 ; 12 ; 0.141823 ; -0.00474606 ; 0.00796833 ; 101.745;
11 ; 9 ; 12 ; 0.140754 ; -0.0109657 ; 0.00740073 ; 101.505;
12 ; 9 ; 12 ; 0.144216 ; -0.0171836 ; 0.000323825 ; 101.616;
13 ; 9 ; 12 ; 0.15014 ; -0.000919569 ; -0.0056129 ; 101.091;
14 ; 9 ; 12 ; 0.150295 ; 0.000640885 ; -0.00408419 ; 101.309;
15 ; 9 ; 12 ; 0.153 ; 0.00655245 ; 0.000801447 ; 101.374;
16 ; 9 ; 12 ; 0.153347 ; 0.00794308 ; 0.00587358 ; 101.395;
17 ; 9 ; 12 ; 0.153698 ; -0.00123441 ; -0.00749843 ; 101.368;
18 ; 9 ; 12 ; 0.151496 ; -0.00855637 ; 0.000522055 ; 101.708;
19 ; 9 ; 12 ; 0.155324 ; -0.0110865 ; -0.000127002 ; 101.834;
20 ; 9 ; 12 ; 0.160183 ; -0.0141649 ; 0.0012963 ; 101.947;
21 ; 9 ; 12 ; 0.140476 ; -0.00319936 ; 0.0125156 ; 101.711;
4 ; 10 ; 12 ; 0.124809 ; -0.00196778 ; 0.0160114 ; 101.545;
5 ; 10 ; 12 ; 0.137796 ; -0.00450901 ; -0.000410393 ; 101.296;
6 ; 10 ; 12 ; 0.144526 ; -0.0042947 ; -0.00358371 ; 101.464;
7 ; 10 ; 12 ; 0.152399 ; -0.00518029 ; -0.00395113 ; 101.492;
8 ; 10 ; 12 ; 0.162101 ; -0.00150403 ; 0.00434264 ; 101.68;
9 ; 10 ; 12 ; 0.146833 ; 0.00364425 ; -0.00365804 ; 101.256;
10 ; 10 ; 12 ; 0.143805 ; -0.00133691 ; 0.00727837 ; 101.452;
11 ; 10 ; 12 ; 0.143412 ; -0.00436746 ; 0.0096913 ; 101.232;
12 ; 10 ; 12 ; 0.137916 ; -0.0128696 ; 0.0120334 ; 101.192;
13 ; 10 ; 12 ; 0.145516 ; 0.00288118 ; 0.000504521 ; 101.287;
14 ; 10 ; 12 ; 0.149685 ; 9.68162e-05 ; -0.00502212 ; 101.293;
15 ; 10 ; 12 ; 0.152387 ; 0.00420883 ; -0.00332992 ; 101.466;
16 ; 10 ; 12 ; 0.155408 ; 0.0118717 ; 0.000460328 ; 101.56;
17 ; 10 ; 12 ; 0.164915 ; 0.0021229 ; -0.00529533 ; 101.472;
18 ; 10 ; 12 ; 0.155772 ; -0.000307717 ; -0.00408472 ; 101.593;
19 ; 10 ; 12 ; 0.152622 ; -0.00128219 ; -0.00481715 ; 101.724;
20 ; 10 ; 12 ; 0.155945 ; -0.00818264 ; -0.00578 ; 101.93;
21 ; 10 ; 12 ; 0.149067 ; -0.0357473 ; 0.0112419 ; 100.779;
4 ; 11 ; 12 ; 0.178607 ; -0.0131838 ; 0.00856845 ; 101.002;
5 ; 11 ; 12 ; 0.133159 ; -0.0187106 ; 0.00606418 ; 100.982;
6 ; 11 ; 12 ; 0.139985 ; -0.0122284 ; 0.00325304 ; 101.348;
7 ; 11 ; 12 ; 0.151315 ; -0.0131243 ; 0.00224012 ; 101.51;
8 ; 11 ; 12 ; 0.156709 ; -0.0118817 ; -0.00693966 ; 101.369;
9 ; 11 ; 12 ; 0.144923 ; 0.0238831 ; -0.0139901 ; 101.608;
10 ; 11 ; 12 ; 0.147876 ; 0.00645654 ; -0.00184711 ; 101.225;
11 ; 11 ; 12 ; 0.153724 ; -0.000233882 ; 0.00608835 ; 101.04;
12 ; 11 ; 12 ; 0.15037 ; -0.00119406 ; 0.011609 ; 101.019;
13 ; 11 ; 12 ; 0.153813 ; 0.00562292 ; 0.00030643 ; 101.798;
14 ; 11 ; 12 ; 0.148853 ; 0.00292522 ; -0.00400815 ; 101.526;
15 ; 11 ; 12 ; 0.147993 ; 0.00384109 ; -0.00700792 ; 101.536;
16 ; 11 ; 12 ; 0.15123 ; 0.00025464 ; -0.0101728 ; 101.711;
17 ; 11 ; 12 ; 0.155318 ; -0.0136962 ; 0.00679019 ; 101.445;
18 ; 11 ; 12 ; 0.156193 ; 0.00296675 ; -0.00160854 ; 101.536;
19 ; 11 ; 12 ; 0.150841 ; 0.00836946 ; -0.00683907 ; 101.646;
20 ; 11 ; 12 ; 0.144961 ; 0.00268063 ; -0.0107901 ; 101.723;
21 ; 11 ; 12 ; 0.140814 ; 0.0195551 ; -0.0202611 ; 100.967;
4 ; 12 ; 12 ; 0.118642 ; 0.0104019 ; 0.00915757 ; 101.702;
5 ; 12 ; 12 ; 0.126426 ; -0.0267629 ; 0.00231053 ; 100.739;
6 ; 12 ; 12 ; 0.140162 ; -0.0153085 ; 0.00828139 ; 101.307;
7 ; 12 ; 12 ; 0.152548 ; -0.0159818 ; 0.00712969 ; 101.54;
8 ; 12 ; 12 ; 0.157252 ; -0.0205913 ; -0.00483001 ; 101.39;
9 ; 12 ; 12 ; 0.14202 ; 0.0375939 ; -0.0110339 ; 101.818;
10 ; 12 ; 12 ; 0.149487 ; 0.0112762 ; -0.0086396 ; 101.31;
11 ; 12 ; 12 ; 0.158902 ; 0.000591458 ; 0.00319767 ; 101.087;
12 ; 12 ; 12 ; 0.161771 ; 0.000913036 ; 0.00236549 ; 101.443;
13 ; 12 ; 12 ; 0.160871 ; 0.00504679 ; -0.0017577 ; 102.091;
14 ; 12 ; 12 ; 0.149622 ; 0.00630598 ; -0.0032821 ; 101.645;
15 ; 12 ; 12 ; 0.146313 ; 0.00754347 ; -0.00728332 ; 101.508;
16 ; 12 ; 12 ; 0.151129 ; 0.0103979 ; -0.00640733 ; 101.524;
17 ; 12 ; 12 ; 0.145855 ; -0.0242023 ; 0.00542095 ; 101.421;
18 ; 12 ; 12 ; 0.155296 ; 0.000688908 ; 0.0059482 ; 101.477;
19 ; 12 ; 12 ; 0.15182 ; 0.010617 ; -0.00227748 ; 101.595;
20 ; 12 ; 12 ; 0.153507 ; 0.0100322 ; -0.00296508 ; 101.654;
21 ; 12 ; 12 ; 0.149786 ; 0.0282858 ; 0.00585519 ; 102.447;
4 ; 13 ; 12 ; 0.162633 ; 0.0291326 ; 0.00111072 ; 101.385;
5 ; 13 ; 12 ; 0.13162 ; 0.00470012 ; 0.0171538 ; 101.68;
6 ; 13 ; 12 ; 0.131904 ; 0.00502166 ; 0.0136406 ; 101.524;
7 ; 13 ; 12 ; 0.136197 ; 0.00831885 ; 0.0105246 ; 101.583;
8 ; 13 ; 12 ; 0.139127 ; 0.012096 ; 0.00593461 ; 101.723;
9 ; 13 ; 12 ; 0.151238 ; 0.00655194 ; 0.0190325 ; 101.609;
10 ; 13 ; 12 ; 0.15537 ; 0.00705128 ; 0.016986 ; 101.665;
11 ; 13 ; 12 ; 0.156099 ; 0.00885294 ; -0.00121229 ; 101.437;
12 ; 13 ; 12 ; 0.149593 ; -0.000875008 ; -0.00239648 ; 100.81;
13 ; 13 ; 12 ; 0.149879 ; -0.0161853 ; 0.00292959 ; 101.673;
14 ; 13 ; 12 ; 0.150951 ; -0.00656514 ; -0.000735097 ; 101.791;
15 ; 13 ; 12 ; 0.142945 ; -0.00101831 ; -0.00482485 ; 101.972;
16 ; 13 ; 12 ; 0.132691 ; 0.0118446 ; -0.0143861 ; 101.88;
17 ; 13 ; 12 ; 0.148056 ; 0.00605493 ; -0.0097922 ; 101.36;
18 ; 13 ; 12 ; 0.148179 ; 0.00235345 ; -0.0146909 ; 101.489;
19 ; 13 ; 12 ; 0.146761 ; 0.00769312 ; -0.00932902 ; 101.328;
20 ; 13 ; 12 ; 0.149691 ; -0.000714478 ; -0.00104729 ; 101.137;
21 ; 13 ; 12 ; 0.149195 ; 0.00756397 ; 0.00211039 ; 101.347;
4 ; 14 ; 12 ; 0.165293 ; 0.00913104 ; -0.000370737 ; 101.426;
5 ; 14 ; 12 ; 0.142629 ; 0.00304304 ; 0.0130865 ; 101.808;
6 ; 14 ; 12 ; 0.140697 ; 0.00490281 ; 0.0112589 ; 101.634;
7 ; 14 ; 12 ; 0.144031 ; 0.00692833 ; 0.00986207 ; 101.706;
8 ; 14 ; 12 ; 0.140663 ; 0.0133968 ; 0.0115136 ; 101.871;
9 ; 14 ; 12 ; 0.158723 ; 0.00472116 ; 0.00670638 ; 101.394;
10 ; 14 ; 12 ; 0.15165 ; 0.00676306 ; 0.0103963 ; 101.555;
11 ; 14 ; 12 ; 0.147453 ; 0.00841603 ; -0.00296638 ; 101.444;
12 ; 14 ; 12 ; 0.152696 ; 0.00701558 ; -0.00919828 ; 101.056;
13 ; 14 ; 12 ; 0.155929 ; -0.0161933 ; -0.00239746 ; 101.539;
14 ; 14 ; 12 ; 0.151226 ; -0.00752032 ; -0.00212784 ; 101.706;
15 ; 14 ; 12 ; 0.145176 ; 0.000586679 ; -0.00530129 ; 101.895;
16 ; 14 ; 12 ; 0.133739 ; 0.00746076 ; -0.00730113 ; 101.954;
17 ; 14 ; 12 ; 0.137871 ; -0.00621235 ; -0.0101715 ; 101.337;
18 ; 14 ; 12 ; 0.142905 ; 0.00209389 ; -0.0136909 ; 101.463;
19 ; 14 ; 12 ; 0.143707 ; 0.0109801 ; -0.00934714 ; 101.417;
20 ; 14 ; 12 ; 0.15202 ; 0.00934655 ; -0.00272642 ; 101.181;
21 ; 14 ; 12 ; 0.15857 ; -0.0396562 ; 0.0182506 ; 101.841;
4 ; 15 ; 12 ; 0.152171 ; 0.0161941 ; -0.00847159 ; 100.872;
5 ; 15 ; 12 ; 0.144441 ; 0.0110872 ; 0.00271247 ; 101.85;
6 ; 15 ; 12 ; 0.147216 ; 0.00842406 ; 0.00593786 ; 101.794;
7 ; 15 ; 12 ; 0.150631 ; 0.00469091 ; 0.0065986 ; 101.809;
8 ; 15 ; 12 ; 0.151099 ; 0.0083879 ; 0.0137858 ; 101.966;
9 ; 15 ; 12 ; 0.15673 ; 0.00280384 ; -0.00844355 ; 101.202;
10 ; 15 ; 12 ; 0.147847 ; 0.00479517 ; -0.000822178 ; 101.441;
11 ; 15 ; 12 ; 0.139556 ; 0.00433674 ; -0.00358384 ; 101.443;
12 ; 15 ; 12 ; 0.139179 ; 0.013953 ; -0.0102335 ; 101.444;
13 ; 15 ; 12 ; 0.152655 ; -0.00816159 ; -0.0110515 ; 101.732;
14 ; 15 ; 12 ; 0.151938 ; -0.00523768 ; -0.00376855 ; 101.741;
15 ; 15 ; 12 ; 0.146861 ; 0.00268778 ; -0.00367091 ; 101.851;
16 ; 15 ; 12 ; 0.141374 ; 0.00788345 ; -0.00273853 ; 101.911;
17 ; 15 ; 12 ; 0.135138 ; -0.00740329 ; -0.00912444 ; 101.209;
18 ; 15 ; 12 ; 0.136005 ; 0.00174453 ; -0.0120747 ; 101.318;
19 ; 15 ; 12 ; 0.141637 ; 0.0134016 ; -0.00847607 ; 101.402;
20 ; 15 ; 12 ; 0.149417 ; 0.0224847 ; -0.00779593 ; 101.488;
21 ; 15 ; 12 ; 0.148338 ; 0.0100641 ; -0.0142579 ; 101.226;
4 ; 16 ; 12 ; 0.139221 ; -0.0116979 ; -0.00317596 ; 101.306;
5 ; 16 ; 12 ; 0.137796 ; 0.0101093 ; -0.000234978 ; 101.886;
6 ; 16 ; 12 ; 0.145995 ; 0.00703277 ; 0.000773752 ; 101.768;
7 ; 16 ; 12 ; 0.147708 ; 0.00182431 ; -0.00164483 ; 101.662;
8 ; 16 ; 12 ; 0.154535 ; -0.00276351 ; 0.00250718 ; 101.657;
9 ; 16 ; 12 ; 0.155406 ; -0.00112561 ; -0.00034277 ; 101.688;
10 ; 16 ; 12 ; 0.148576 ; 0.00209884 ; -0.00192727 ; 101.448;
11 ; 16 ; 12 ; 0.139117 ; -0.00183473 ; 0.000255355 ; 101.415;
12 ; 16 ; 12 ; 0.134035 ; 0.00120222 ; 0.00307877 ; 101.468;
13 ; 16 ; 12 ; 0.147599 ; -0.00666454 ; -0.00719604 ; 101.844;
14 ; 16 ; 12 ; 0.148275 ; -0.00252912 ; -0.00506985 ; 101.807;
15 ; 16 ; 12 ; 0.1466 ; -0.000241083 ; -0.00467176 ; 101.703;
16 ; 16 ; 12 ; 0.144429 ; 0.0112431 ; -0.00391149 ; 101.705;
17 ; 16 ; 12 ; 0.147541 ; 0.00156994 ; 0.000747779 ; 101.473;
18 ; 16 ; 12 ; 0.140874 ; 0.00111309 ; -0.00875826 ; 101.328;
19 ; 16 ; 12 ; 0.146799 ; 0.00688584 ; -0.00802372 ; 101.29;
20 ; 16 ; 12 ; 0.14874 ; 0.0187389 ; -0.00728966 ; 101.467;
21 ; 16 ; 12 ; 0.134423 ; 0.00859249 ; -0.0160909 ; 101.695;
4 ; 17 ; 12 ; 0.144074 ; -0.0168713 ; 0.00415634 ; 101.293;
5 ; 17 ; 12 ; 0.152936 ; -0.00653307 ; -0.000850043 ; 101.767;
6 ; 17 ; 12 ; 0.144492 ; 0.00512597 ; -0.00212319 ; 101.615;
7 ; 17 ; 12 ; 0.144015 ; 0.0069499 ; -0.00398514 ; 101.447;
8 ; 17 ; 12 ; 0.141716 ; 0.0026827 ; -0.0109569 ; 101.448;
9 ; 17 ; 12 ; 0.14738 ; -0.0150047 ; -0.00359193 ; 101.712;
10 ; 17 ; 12 ; 0.150231 ; -0.00359983 ; -0.000180985 ; 101.691;
11 ; 17 ; 12 ; 0.142621 ; -0.00239842 ; 0.00276828 ; 101.623;
12 ; 17 ; 12 ; 0.14332 ; -0.00786658 ; 0.00316824 ; 101.384;
13 ; 17 ; 12 ; 0.144532 ; 0.00398833 ; -0.000213209 ; 102.246;
14 ; 17 ; 12 ; 0.147603 ; -0.000809696 ; -0.00436735 ; 101.993;
15 ; 17 ; 12 ; 0.152128 ; -0.00342989 ; -0.00523824 ; 101.695;
16 ; 17 ; 12 ; 0.142437 ; -0.00319795 ; 0.000113605 ; 101.38;
17 ; 17 ; 12 ; 0.152331 ; 0.00430596 ; 0.00476653 ; 101.639;
18 ; 17 ; 12 ; 0.149889 ; 0.00225212 ; -0.000461098 ; 101.482;
19 ; 17 ; 12 ; 0.156856 ; 0.000681871 ; 0.000624886 ; 101.337;
20 ; 17 ; 12 ; 0.157546 ; 0.0062658 ; -0.00507708 ; 101.25;
21 ; 17 ; 12 ; 0.157778 ; -0.0112859 ; 0.0101049 ; 101.766;
4 ; 18 ; 12 ; 0.127521 ; -0.0193122 ; 0.0136012 ; 101.269;
5 ; 18 ; 12 ; 0.161439 ; -0.0118286 ; -0.00197784 ; 101.583;
6 ; 18 ; 12 ; 0.148608 ; 0.00134969 ; -0.00314909 ; 101.517;
7 ; 18 ; 12 ; 0.145677 ; 0.00985156 ; -0.0040797 ; 101.36;
8 ; 18 ; 12 ; 0.141983 ; 0.0132082 ; -0.00134925 ; 101.589;
9 ; 18 ; 12 ; 0.138313 ; -0.0228416 ; -0.0153857 ; 101.52;
10 ; 18 ; 12 ; 0.149802 ; -0.00630915 ; 0.00117675 ; 101.792;
11 ; 18 ; 12 ; 0.140916 ; -0.000718187 ; 0.00329724 ; 101.757;
12 ; 18 ; 12 ; 0.132274 ; -0.0015662 ; -0.000868349 ; 101.375;
13 ; 18 ; 12 ; 0.148748 ; 0.0156331 ; 0.000382419 ; 102.668;
14 ; 18 ; 12 ; 0.146861 ; -0.00188148 ; -0.00453517 ; 102.012;
15 ; 18 ; 12 ; 0.156823 ; -0.00475859 ; -0.00737629 ; 101.648;
16 ; 18 ; 12 ; 0.161348 ; -0.00677028 ; 0.000729359 ; 101.471;
17 ; 18 ; 12 ; 0.147299 ; 0.00382141 ; 0.00245612 ; 101.469;
18 ; 18 ; 12 ; 0.154257 ; 0.00279379 ; 0.00445343 ; 101.642;
19 ; 18 ; 12 ; 0.161146 ; -0.00151335 ; 0.00542187 ; 101.463;
20 ; 18 ; 12 ; 0.161642 ; 0.000568584 ; 0.00463568 ; 101.195;
21 ; 18 ; 12 ; 0.157408 ; 0.031149 ; -0.0279153 ; 101.888;
4 ; 19 ; 12 ; 0.164318 ; 0.0170748 ; -0.00790681 ; 101.579;
5 ; 19 ; 12 ; 0.143106 ; -0.0159136 ; 0.0066191 ; 101.667;
6 ; 19 ; 12 ; 0.144763 ; -0.00638635 ; 0.00224069 ; 101.85;
7 ; 19 ; 12 ; 0.155179 ; -0.00173637 ; -0.0014262 ; 101.844;
8 ; 19 ; 12 ; 0.169876 ; -0.00470568 ; -0.00986928 ; 101.74;
9 ; 19 ; 12 ; 0.139559 ; 0.00269048 ; -0.00217244 ; 101.091;
10 ; 19 ; 12 ; 0.141527 ; 0.00320644 ; 0.00148338 ; 101.179;
11 ; 19 ; 12 ; 0.14745 ; -0.00600975 ; 0.00138578 ; 101.392;
12 ; 19 ; 12 ; 0.149067 ; -0.0188571 ; -0.00566915 ; 101.785;
13 ; 19 ; 12 ; 0.14208 ; -0.00438689 ; -0.001524 ; 101.269;
14 ; 19 ; 12 ; 0.15483 ; 0.00322478 ; -0.00625567 ; 101.505;
15 ; 19 ; 12 ; 0.161299 ; 0.00201453 ; -0.0120248 ; 101.698;
16 ; 19 ; 12 ; 0.15912 ; 0.00243136 ; -0.0137306 ; 101.098;
17 ; 19 ; 12 ; 0.164237 ; 0.00486379 ; -0.013375 ; 101.651;
18 ; 19 ; 12 ; 0.155552 ; 0.00718041 ; -0.0148151 ; 101.507;
19 ; 19 ; 12 ; 0.15377 ; 0.00167733 ; -0.0180812 ; 101.528;
20 ; 19 ; 12 ; 0.162267 ; -0.00591818 ; -0.0202058 ; 102.183;
21 ; 19 ; 12 ; 0.159008 ; -0.0350187 ; 0.00345366 ; 100.932;
4 ; 20 ; 12 ; 0.152226 ; -0.0141746 ; 0.0302234 ; 101.288;
5 ; 20 ; 12 ; 0.133408 ; -0.0103451 ; 0.00211834 ; 101.868;
6 ; 20 ; 12 ; 0.143065 ; -0.00636796 ; 0.00195245 ; 101.887;
7 ; 20 ; 12 ; 0.154117 ; -0.002127 ; -7.32459e-05 ; 101.916;
8 ; 20 ; 12 ; 0.159611 ; -0.00199302 ; -0.00203267 ; 101.782;
9 ; 20 ; 12 ; 0.158602 ; 0.00191 ; -0.0126133 ; 101.558;
10 ; 20 ; 12 ; 0.145843 ; 0.00289807 ; 0.000271862 ; 101.317;
11 ; 20 ; 12 ; 0.14557 ; -0.00156834 ; 0.00585114 ; 101.312;
12 ; 20 ; 12 ; 0.153912 ; -0.0126455 ; 0.000608213 ; 101.472;
13 ; 20 ; 12 ; 0.14614 ; 0.0026435 ; 0.0055649 ; 101.47;
14 ; 20 ; 12 ; 0.153836 ; 0.00387137 ; -0.00443462 ; 101.499;
15 ; 20 ; 12 ; 0.162141 ; 0.000718416 ; -0.0107613 ; 101.614;
16 ; 20 ; 12 ; 0.159762 ; -0.00169069 ; -0.0125321 ; 101.547;
17 ; 20 ; 12 ; 0.166255 ; 0.012586 ; -0.0122546 ; 101.528;
18 ; 20 ; 12 ; 0.160363 ; 0.00640426 ; -0.0137936 ; 101.488;
19 ; 20 ; 12 ; 0.155638 ; -0.000187294 ; -0.00994773 ; 101.571;
20 ; 20 ; 12 ; 0.159074 ; -0.00583528 ; -0.0215452 ; 101.718;
21 ; 20 ; 12 ; 0.148358 ; -0.00438779 ; -0.00524139 ; 101.242;
4 ; 21 ; 12 ; 0.139736 ; 0.00645468 ; -0.0114651 ; 101.284;
5 ; 21 ; 12 ; 0.125571 ; -0.0052599 ; 0.00347582 ; 102.109;
6 ; 21 ; 12 ; 0.14158 ; -0.00763762 ; 0.00124323 ; 101.848;
7 ; 21 ; 12 ; 0.151557 ; -0.00369654 ; 0.00212612 ; 101.953;
8 ; 21 ; 12 ; 0.147823 ; 0.00516371 ; 0.00462816 ; 101.811;
9 ; 21 ; 12 ; 0.173023 ; 0.00137502 ; -0.0223289 ; 102;
10 ; 21 ; 12 ; 0.148616 ; 0.00219714 ; 0.000413282 ; 101.397;
11 ; 21 ; 12 ; 0.144998 ; 0.00269876 ; 0.0105803 ; 101.16;
12 ; 21 ; 12 ; 0.152721 ; 0.000295031 ; 0.0102257 ; 101.446;
13 ; 21 ; 12 ; 0.158501 ; 0.0126151 ; 0.0100006 ; 101.441;
14 ; 21 ; 12 ; 0.149007 ; 0.000664538 ; -0.00148471 ; 101.553;
15 ; 21 ; 12 ; 0.159864 ; -0.00228687 ; -0.00912695 ; 101.666;
16 ; 21 ; 12 ; 0.167655 ; -0.00823965 ; -0.00314261 ; 101.811;
17 ; 21 ; 12 ; 0.168057 ; 0.0129991 ; -0.0107239 ; 101.271;
18 ; 21 ; 12 ; 0.1664 ; 0.00619627 ; -0.014169 ; 101.561;
19 ; 21 ; 12 ; 0.158185 ; -0.00219563 ; -0.00492497 ; 101.552;
20 ; 21 ; 12 ; 0.152249 ; -0.00121347 ; -0.00280711 ; 101.526;
21 ; 21 ; 12 ; 0.158142 ; 0.018732 ; -0.0133673 ; 102.443;
4 ; 4 ; 13 ; 0.0999644 ; -0.0356037 ; -0.000104325 ; 101.953;
5 ; 4 ; 13 ; 0.118603 ; -0.00220748 ; 0.00208125 ; 101.392;
6 ; 4 ; 13 ; 0.116608 ; -0.000490577 ; 0.00460382 ; 101.55;
7 ; 4 ; 13 ; 0.104313 ; -0.00285466 ; 0.00230329 ; 101.213;
8 ; 4 ; 13 ; 0.0771294 ; -0.011984 ; 0.00748947 ; 100.293;
9 ; 4 ; 13 ; 0.115425 ; -0.0041531 ; 0.00871479 ; 101.555;
10 ; 4 ; 13 ; 0.113767 ; 0.00588227 ; 0.0149269 ; 101.847;
11 ; 4 ; 13 ; 0.111759 ; 0.0102322 ; 0.000926285 ; 101.709;
12 ; 4 ; 13 ; 0.12017 ; -0.00339905 ; -0.0407576 ; 100.936;
13 ; 4 ; 13 ; 0.119129 ; 0.00116836 ; -0.00545101 ; 101.581;
14 ; 4 ; 13 ; 0.121607 ; -0.00214286 ; -0.0108785 ; 101.673;
15 ; 4 ; 13 ; 0.117989 ; 0.00171556 ; -0.00863136 ; 101.704;
16 ; 4 ; 13 ; 0.108995 ; 0.0227764 ; -0.0146577 ; 102.073;
17 ; 4 ; 13 ; 0.10274 ; 0.00736481 ; -0.0113915 ; 101.539;
18 ; 4 ; 13 ; 0.105476 ; 0.0159038 ; -0.00733896 ; 101.753;
19 ; 4 ; 13 ; 0.110771 ; 0.00501836 ; -0.00181284 ; 101.864;
20 ; 4 ; 13 ; 0.109722 ; -0.0162993 ; 0.0145084 ; 101.704;
21 ; 4 ; 13 ; 0.128568 ; 0.00191392 ; -0.00130551 ; 101.196;
4 ; 5 ; 13 ; 0.119343 ; -0.0104751 ; 0.0146435 ; 101.834;
5 ; 5 ; 13 ; 0.119067 ; 0.00890801 ; 0.00993434 ; 102.117;
6 ; 5 ; 13 ; 0.117708 ; 0.00319264 ; 0.00648596 ; 101.607;
7 ; 5 ; 13 ; 0.107466 ; -0.00383927 ; 0.00219712 ; 101.272;
8 ; 5 ; 13 ; 0.0961786 ; -0.0072966 ; 0.00133316 ; 100.721;
9 ; 5 ; 13 ; 0.126596 ; -0.0054842 ; -0.000742733 ; 101.099;
10 ; 5 ; 13 ; 0.11622 ; 0.0050141 ; 0.00852565 ; 101.714;
11 ; 5 ; 13 ; 0.112383 ; 0.00807404 ; 0.00039582 ; 101.839;
12 ; 5 ; 13 ; 0.113292 ; 0.00584422 ; -0.0200663 ; 101.329;
13 ; 5 ; 13 ; 0.112735 ; -0.000361573 ; 0.00977522 ; 101.843;
14 ; 5 ; 13 ; 0.117405 ; -0.000909778 ; -0.00475987 ; 101.862;
15 ; 5 ; 13 ; 0.116379 ; 0.00197313 ; -0.00427481 ; 101.924;
16 ; 5 ; 13 ; 0.114523 ; 0.0122145 ; -0.00546846 ; 101.66;
17 ; 5 ; 13 ; 0.107018 ; 0.000989035 ; -0.00207049 ; 101.332;
18 ; 5 ; 13 ; 0.107713 ; 0.0120974 ; -0.00326553 ; 101.615;
19 ; 5 ; 13 ; 0.112006 ; 0.00630383 ; 0.00166137 ; 101.707;
20 ; 5 ; 13 ; 0.11448 ; -0.00874821 ; 0.00723244 ; 101.815;
21 ; 5 ; 13 ; 0.105647 ; 0.0045775 ; -0.00279975 ; 101.905;
4 ; 6 ; 13 ; 0.119668 ; 0.0186311 ; 0.00624566 ; 101.258;
5 ; 6 ; 13 ; 0.127952 ; 0.0197948 ; 0.0120987 ; 102.422;
6 ; 6 ; 13 ; 0.118166 ; 0.00484189 ; 0.00970165 ; 101.634;
7 ; 6 ; 13 ; 0.114769 ; -0.00466577 ; 0.0024438 ; 101.322;
8 ; 6 ; 13 ; 0.115147 ; -0.00490138 ; -0.00275721 ; 101.5;
9 ; 6 ; 13 ; 0.123875 ; -0.00469944 ; -0.00839179 ; 100.793;
10 ; 6 ; 13 ; 0.120738 ; 0.00317092 ; 0.00191072 ; 101.568;
11 ; 6 ; 13 ; 0.111231 ; 0.00813559 ; 0.00168422 ; 101.978;
12 ; 6 ; 13 ; 0.111084 ; 0.00730756 ; 0.00165886 ; 101.866;
13 ; 6 ; 13 ; 0.107451 ; 0.00651901 ; 0.0134882 ; 102.003;
14 ; 6 ; 13 ; 0.113804 ; -0.000547044 ; 0.00155221 ; 101.979;
15 ; 6 ; 13 ; 0.116254 ; 0.00131044 ; 0.00133128 ; 101.955;
16 ; 6 ; 13 ; 0.122801 ; 0.00611185 ; 0.00611729 ; 101.566;
17 ; 6 ; 13 ; 0.11639 ; -0.0046452 ; 0.00309107 ; 101.251;
18 ; 6 ; 13 ; 0.105665 ; 0.00731504 ; 0.0008483 ; 101.478;
19 ; 6 ; 13 ; 0.111428 ; 0.00685095 ; 0.00338206 ; 101.581;
20 ; 6 ; 13 ; 0.118326 ; -0.00188343 ; 0.00226502 ; 101.622;
21 ; 6 ; 13 ; 0.110526 ; 0.0184117 ; -0.00614253 ; 101.233;
4 ; 7 ; 13 ; 0.0949895 ; 0.0118096 ; 0.0358098 ; 102.165;
5 ; 7 ; 13 ; 0.102953 ; -0.00956346 ; 0.0047941 ; 101.176;
6 ; 7 ; 13 ; 0.109161 ; -0.00888987 ; 0.00669028 ; 101.169;
7 ; 7 ; 13 ; 0.115284 ; -0.00149364 ; 0.00721102 ; 101.542;
8 ; 7 ; 13 ; 0.147869 ; 0.00634168 ; 0.000878268 ; 102.293;
9 ; 7 ; 13 ; 0.113321 ; 0.00832357 ; 0.00682371 ; 101.861;
10 ; 7 ; 13 ; 0.112599 ; 0.00699001 ; 0.00507802 ; 101.706;
11 ; 7 ; 13 ; 0.111681 ; 0.000981342 ; 0.00526508 ; 101.614;
12 ; 7 ; 13 ; 0.102068 ; -0.000835619 ; 0.00419025 ; 101.613;
13 ; 7 ; 13 ; 0.114244 ; -0.00120546 ; -0.0051351 ; 101.326;
14 ; 7 ; 13 ; 0.114361 ; 0.000866489 ; -0.00967486 ; 101.401;
15 ; 7 ; 13 ; 0.114834 ; 0.00704143 ; -0.0105253 ; 101.381;
16 ; 7 ; 13 ; 0.109733 ; 0.00318635 ; -0.018248 ; 101.165;
17 ; 7 ; 13 ; 0.112869 ; -0.00600268 ; -0.0034664 ; 101.685;
18 ; 7 ; 13 ; 0.109484 ; -0.00153617 ; -0.00628166 ; 101.661;
19 ; 7 ; 13 ; 0.104383 ; 0.00395924 ; -0.0143544 ; 101.549;
20 ; 7 ; 13 ; 0.0938114 ; 0.00433286 ; -0.0163863 ; 102.087;
21 ; 7 ; 13 ; 0.10323 ; -0.0104919 ; -0.0181962 ; 101.008;
4 ; 8 ; 13 ; 0.125281 ; 0.00356815 ; 0.00179122 ; 101.117;
5 ; 8 ; 13 ; 0.107035 ; -0.00545815 ; 0.0127102 ; 101.201;
6 ; 8 ; 13 ; 0.10845 ; -0.00688544 ; 0.00870133 ; 101.223;
7 ; 8 ; 13 ; 0.111128 ; -0.000828676 ; 0.00778278 ; 101.469;
8 ; 8 ; 13 ; 0.125004 ; 0.00497496 ; 0.00208934 ; 102.006;
9 ; 8 ; 13 ; 0.122905 ; -0.00157834 ; 0.00453876 ; 101.658;
10 ; 8 ; 13 ; 0.115231 ; 0.0045505 ; 0.00559972 ; 101.667;
11 ; 8 ; 13 ; 0.113428 ; 0.00376922 ; 0.00798564 ; 101.593;
12 ; 8 ; 13 ; 0.107968 ; 0.00187284 ; 0.0104821 ; 101.832;
13 ; 8 ; 13 ; 0.110448 ; -0.00941923 ; -0.00566533 ; 101.284;
14 ; 8 ; 13 ; 0.112172 ; -0.00301126 ; -0.00836794 ; 101.401;
15 ; 8 ; 13 ; 0.113527 ; 0.00377213 ; -0.00793587 ; 101.471;
16 ; 8 ; 13 ; 0.113719 ; 0.00882499 ; -0.013078 ; 101.301;
17 ; 8 ; 13 ; 0.10894 ; -0.00376193 ; -0.00287016 ; 101.615;
18 ; 8 ; 13 ; 0.10775 ; -0.00238194 ; -0.00666558 ; 101.637;
19 ; 8 ; 13 ; 0.105738 ; 0.000764113 ; -0.0138163 ; 101.479;
20 ; 8 ; 13 ; 0.100997 ; 0.00534822 ; -0.0151452 ; 101.644;
21 ; 8 ; 13 ; 0.118525 ; 0.00889548 ; 0.0132415 ; 100.522;
4 ; 9 ; 13 ; 0.106917 ; -0.0119853 ; 0.0273085 ; 101.608;
5 ; 9 ; 13 ; 0.104516 ; 0.00171617 ; 0.0049149 ; 101.444;
6 ; 9 ; 13 ; 0.104873 ; -0.00411348 ; 0.00809429 ; 101.381;
7 ; 9 ; 13 ; 0.103985 ; -0.00152648 ; 0.0092359 ; 101.482;
8 ; 9 ; 13 ; 0.101883 ; 0.00269699 ; 0.00342297 ; 101.484;
9 ; 9 ; 13 ; 0.109113 ; 0.00487243 ; -0.00276579 ; 101.62;
10 ; 9 ; 13 ; 0.114937 ; 0.00327379 ; 0.00134742 ; 101.673;
11 ; 9 ; 13 ; 0.115873 ; 0.00579474 ; 0.00736567 ; 101.57;
12 ; 9 ; 13 ; 0.113729 ; 0.0120341 ; 0.0151024 ; 101.654;
13 ; 9 ; 13 ; 0.103643 ; -0.00337892 ; 0.00214357 ; 101.584;
14 ; 9 ; 13 ; 0.106467 ; -0.00476838 ; -0.00342486 ; 101.546;
15 ; 9 ; 13 ; 0.111428 ; 0.00239918 ; -0.00533378 ; 101.681;
16 ; 9 ; 13 ; 0.115649 ; 0.00976251 ; -0.00518452 ; 101.59;
17 ; 9 ; 13 ; 0.106558 ; 0.00189362 ; 0.00400095 ; 101.778;
18 ; 9 ; 13 ; 0.108285 ; -0.00306213 ; -0.00843192 ; 101.712;
19 ; 9 ; 13 ; 0.110381 ; -0.00480005 ; -0.0132613 ; 101.473;
20 ; 9 ; 13 ; 0.110953 ; 0.000166767 ; -0.0146808 ; 101.109;
21 ; 9 ; 13 ; 0.116886 ; -0.0213271 ; -0.0176768 ; 101.014;
4 ; 10 ; 13 ; 0.118215 ; -8.59919e-05 ; 0.0123038 ; 102.439;
5 ; 10 ; 13 ; 0.0986662 ; -0.00756732 ; 0.00811115 ; 101.767;
6 ; 10 ; 13 ; 0.103351 ; -0.00493525 ; 0.00712596 ; 101.592;
7 ; 10 ; 13 ; 0.106532 ; -0.00356802 ; 0.00835775 ; 101.614;
8 ; 10 ; 13 ; 0.106764 ; -0.00122489 ; 0.00883837 ; 101.597;
9 ; 10 ; 13 ; 0.111338 ; 0.015383 ; -0.0121386 ; 101.696;
10 ; 10 ; 13 ; 0.111796 ; 0.00647685 ; -0.00672129 ; 101.665;
11 ; 10 ; 13 ; 0.116131 ; 0.00440523 ; -0.00112633 ; 101.493;
12 ; 10 ; 13 ; 0.113993 ; 0.0114154 ; 0.00691214 ; 101.261;
13 ; 10 ; 13 ; 0.102457 ; 0.0101514 ; 0.00887965 ; 101.325;
14 ; 10 ; 13 ; 0.105493 ; 0.00181293 ; -0.000913491 ; 101.516;
15 ; 10 ; 13 ; 0.109348 ; 0.00608349 ; -0.00740541 ; 101.643;
16 ; 10 ; 13 ; 0.116633 ; 0.00916902 ; -0.00909477 ; 101.772;
17 ; 10 ; 13 ; 0.10554 ; -0.00100467 ; 0.00741376 ; 101.716;
18 ; 10 ; 13 ; 0.108555 ; -0.00426628 ; -0.00225515 ; 101.728;
19 ; 10 ; 13 ; 0.113055 ; -0.00842561 ; -0.00760453 ; 101.544;
20 ; 10 ; 13 ; 0.116422 ; -0.0105208 ; -0.0149092 ; 101.337;
21 ; 10 ; 13 ; 0.11946 ; -0.020365 ; 0.00053166 ; 101.642;
4 ; 11 ; 13 ; 0.106358 ; -0.02308 ; 0.0183637 ; 101.708;
5 ; 11 ; 13 ; 0.0990748 ; -0.00835651 ; 0.00682466 ; 101.393;
6 ; 11 ; 13 ; 0.105358 ; -0.00659795 ; 0.00399638 ; 101.55;
7 ; 11 ; 13 ; 0.113485 ; -0.00440819 ; 0.00176457 ; 101.598;
8 ; 11 ; 13 ; 0.108409 ; -0.00397972 ; 0.00437616 ; 101.799;
9 ; 11 ; 13 ; 0.106279 ; 0.0230567 ; -0.00624804 ; 101.554;
10 ; 11 ; 13 ; 0.10796 ; 0.0131888 ; -0.00945587 ; 101.668;
11 ; 11 ; 13 ; 0.114631 ; 0.00435001 ; -0.00435271 ; 101.499;
12 ; 11 ; 13 ; 0.116869 ; 0.00239824 ; -0.00103796 ; 101.472;
13 ; 11 ; 13 ; 0.110375 ; 0.0151736 ; 0.014973 ; 101.269;
14 ; 11 ; 13 ; 0.10635 ; 0.0104428 ; 0.000888451 ; 101.309;
15 ; 11 ; 13 ; 0.104178 ; 0.0123069 ; -0.00896677 ; 101.328;
16 ; 11 ; 13 ; 0.115143 ; 0.0175339 ; -0.0166873 ; 101.507;
17 ; 11 ; 13 ; 0.119856 ; -0.00154404 ; 0.0112022 ; 101.534;
18 ; 11 ; 13 ; 0.117692 ; -0.00456548 ; 0.00154703 ; 101.566;
19 ; 11 ; 13 ; 0.11824 ; -0.00613883 ; -0.00387547 ; 101.464;
20 ; 11 ; 13 ; 0.116348 ; -0.0113738 ; -0.00513847 ; 101.521;
21 ; 11 ; 13 ; 0.121846 ; -0.0168365 ; 0.00252307 ; 100.732;
4 ; 12 ; 13 ; 0.127012 ; 0.00896303 ; 0.00744451 ; 102.448;
5 ; 12 ; 13 ; 0.100117 ; -0.00284976 ; -0.00217218 ; 100.929;
6 ; 12 ; 13 ; 0.108346 ; -0.00706724 ; 0.00416367 ; 101.473;
7 ; 12 ; 13 ; 0.118499 ; -0.00376051 ; -0.00259535 ; 101.506;
8 ; 12 ; 13 ; 0.115139 ; -0.0061447 ; -0.00341947 ; 101.591;
9 ; 12 ; 13 ; 0.0938122 ; 0.0276957 ; -0.00129961 ; 101.502;
10 ; 12 ; 13 ; 0.107982 ; 0.0156668 ; -0.00771517 ; 101.617;
11 ; 12 ; 13 ; 0.113793 ; 0.00583443 ; -0.00312073 ; 101.48;
12 ; 12 ; 13 ; 0.12187 ; 0.00509621 ; -0.00263632 ; 101.493;
13 ; 12 ; 13 ; 0.113204 ; 0.0155209 ; 0.0228225 ; 101.542;
14 ; 12 ; 13 ; 0.108321 ; 0.0128562 ; 0.000140519 ; 101.102;
15 ; 12 ; 13 ; 0.100811 ; 0.013522 ; -0.00891226 ; 101.097;
16 ; 12 ; 13 ; 0.106525 ; 0.0188502 ; -0.00807367 ; 101.176;
17 ; 12 ; 13 ; 0.135053 ; 0.00356705 ; 0.0105029 ; 101.614;
18 ; 12 ; 13 ; 0.121624 ; -0.0050051 ; 0.0047612 ; 101.393;
19 ; 12 ; 13 ; 0.120141 ; -0.00438878 ; -0.0014508 ; 101.348;
20 ; 12 ; 13 ; 0.110864 ; -0.00455591 ; -0.00237426 ; 101.34;
21 ; 12 ; 13 ; 0.133939 ; -0.0252885 ; -0.00917839 ; 101.629;
4 ; 13 ; 13 ; 0.113426 ; -0.000371939 ; -0.0161887 ; 101.236;
5 ; 13 ; 13 ; 0.102316 ; 0.00382002 ; 0.000171453 ; 101.861;
6 ; 13 ; 13 ; 0.107324 ; 0.00220693 ; 0.00351783 ; 101.731;
7 ; 13 ; 13 ; 0.114845 ; 0.00328073 ; 0.0110286 ; 101.546;
8 ; 13 ; 13 ; 0.123682 ; -0.00847892 ; 0.0126579 ; 101.297;
9 ; 13 ; 13 ; 0.096015 ; -0.0123813 ; 0.00878949 ; 101.602;
10 ; 13 ; 13 ; 0.100132 ; -0.00921382 ; 0.00749346 ; 101.4;
11 ; 13 ; 13 ; 0.108613 ; -0.00196898 ; 0.000533893 ; 101.376;
12 ; 13 ; 13 ; 0.115525 ; -0.00337272 ; -0.00457494 ; 101.499;
13 ; 13 ; 13 ; 0.116291 ; 0.00938176 ; 0.000665663 ; 101.483;
14 ; 13 ; 13 ; 0.115762 ; 0.00804066 ; -0.0022253 ; 101.434;
15 ; 13 ; 13 ; 0.114516 ; 0.00807381 ; -0.0127192 ; 101.032;
16 ; 13 ; 13 ; 0.118943 ; 0.0234049 ; -0.0403232 ; 100.141;
17 ; 13 ; 13 ; 0.12154 ; -0.00419621 ; -0.00952051 ; 101.63;
18 ; 13 ; 13 ; 0.117838 ; 0.00190034 ; -0.0143769 ; 101.942;
19 ; 13 ; 13 ; 0.115313 ; 0.00671808 ; -0.0138817 ; 101.869;
20 ; 13 ; 13 ; 0.109793 ; -0.00388466 ; -0.00452906 ; 101.456;
21 ; 13 ; 13 ; 0.10722 ; -0.00415134 ; 0.00772451 ; 101.095;
4 ; 14 ; 13 ; 0.126969 ; 0.0188958 ; -0.00160125 ; 101.093;
5 ; 14 ; 13 ; 0.107795 ; 0.0094234 ; 0.00937034 ; 101.713;
6 ; 14 ; 13 ; 0.107964 ; 0.00311043 ; 0.00726452 ; 101.747;
7 ; 14 ; 13 ; 0.112968 ; 0.00106002 ; 0.0135368 ; 101.629;
8 ; 14 ; 13 ; 0.118768 ; -0.000298602 ; 0.01432 ; 101.469;
9 ; 14 ; 13 ; 0.0941753 ; -0.00851829 ; 0.0152721 ; 101.937;
10 ; 14 ; 13 ; 0.100195 ; -0.00885776 ; 0.00912344 ; 101.611;
11 ; 14 ; 13 ; 0.107948 ; -0.000926889 ; 0.00285797 ; 101.502;
12 ; 14 ; 13 ; 0.11549 ; 0.00216188 ; -0.00579519 ; 101.52;
13 ; 14 ; 13 ; 0.113098 ; 0.00833418 ; 0.00470784 ; 101.49;
14 ; 14 ; 13 ; 0.114675 ; 0.0092521 ; 0.00252251 ; 101.498;
15 ; 14 ; 13 ; 0.113801 ; 0.00843975 ; -0.00304298 ; 101.295;
16 ; 14 ; 13 ; 0.11721 ; 0.0121825 ; -0.0209178 ; 100.645;
17 ; 14 ; 13 ; 0.109765 ; 0.00505156 ; -0.00957036 ; 101.669;
18 ; 14 ; 13 ; 0.112293 ; 0.00442603 ; -0.0138275 ; 101.822;
19 ; 14 ; 13 ; 0.108723 ; 0.00985705 ; -0.0143324 ; 101.789;
20 ; 14 ; 13 ; 0.110102 ; 0.00461949 ; -0.0102689 ; 101.763;
21 ; 14 ; 13 ; 0.122865 ; 0.0136987 ; -0.0126658 ; 101.351;
4 ; 15 ; 13 ; 0.129253 ; 0.00700924 ; 0.00760087 ; 101.501;
5 ; 15 ; 13 ; 0.125698 ; 0.00388528 ; 0.002096 ; 101.475;
6 ; 15 ; 13 ; 0.112245 ; 0.00470695 ; 0.00619927 ; 101.735;
7 ; 15 ; 13 ; 0.111446 ; 0.00155067 ; 0.0120951 ; 101.77;
8 ; 15 ; 13 ; 0.115352 ; -0.00293758 ; 0.0172664 ; 101.585;
9 ; 15 ; 13 ; 0.108477 ; -0.00438268 ; 0.0119527 ; 101.939;
10 ; 15 ; 13 ; 0.103911 ; -0.00538572 ; 0.00875193 ; 101.808;
11 ; 15 ; 13 ; 0.110804 ; -0.000220809 ; 0.00162237 ; 101.612;
12 ; 15 ; 13 ; 0.113244 ; 0.00702927 ; -0.00105958 ; 101.523;
13 ; 15 ; 13 ; 0.116003 ; -0.00598508 ; 0.00576357 ; 101.251;
14 ; 15 ; 13 ; 0.113488 ; 0.00539563 ; 0.00560843 ; 101.469;
15 ; 15 ; 13 ; 0.113773 ; 0.00658574 ; 0.00423186 ; 101.586;
16 ; 15 ; 13 ; 0.114758 ; 0.00402312 ; 0.00735216 ; 101.568;
17 ; 15 ; 13 ; 0.0982899 ; -0.00330175 ; -0.0216932 ; 101.649;
18 ; 15 ; 13 ; 0.104928 ; 0.00401339 ; -0.0132694 ; 101.57;
19 ; 15 ; 13 ; 0.104871 ; 0.00994382 ; -0.0111476 ; 101.596;
20 ; 15 ; 13 ; 0.0995021 ; 0.0170004 ; -0.0131875 ; 101.844;
21 ; 15 ; 13 ; 0.137832 ; 0.0332024 ; 0.00121954 ; 101.535;
4 ; 16 ; 13 ; 0.114486 ; 0.0190162 ; 0.00814614 ; 101.58;
5 ; 16 ; 13 ; 0.113911 ; -0.0099971 ; 0.00190383 ; 101.393;
6 ; 16 ; 13 ; 0.117373 ; -0.00369448 ; 0.00295447 ; 101.54;
7 ; 16 ; 13 ; 0.113396 ; -0.00176901 ; 0.00559573 ; 101.706;
8 ; 16 ; 13 ; 0.114104 ; -0.0070371 ; 0.0151448 ; 101.679;
9 ; 16 ; 13 ; 0.114235 ; 0.00489754 ; 0.010332 ; 101.566;
10 ; 16 ; 13 ; 0.113269 ; -0.00216408 ; 0.00559779 ; 101.625;
11 ; 16 ; 13 ; 0.117817 ; -0.00160402 ; -0.0025298 ; 101.463;
12 ; 16 ; 13 ; 0.117272 ; -0.00237457 ; 0.000936771 ; 101.366;
13 ; 16 ; 13 ; 0.107586 ; -0.00819174 ; -0.00315083 ; 101.339;
14 ; 16 ; 13 ; 0.113558 ; 0.00261653 ; 0.0016248 ; 101.439;
15 ; 16 ; 13 ; 0.115332 ; 0.0111946 ; -0.00136278 ; 101.563;
16 ; 16 ; 13 ; 0.11781 ; 0.0107307 ; -0.0010978 ; 101.772;
17 ; 16 ; 13 ; 0.115081 ; -0.0155263 ; -0.0219593 ; 101.322;
18 ; 16 ; 13 ; 0.105982 ; -0.00311084 ; -0.0161132 ; 101.512;
19 ; 16 ; 13 ; 0.107867 ; 0.00495693 ; -0.00827222 ; 101.506;
20 ; 16 ; 13 ; 0.101967 ; 0.0122639 ; 0.00223651 ; 101.375;
21 ; 16 ; 13 ; 0.131336 ; 0.0130861 ; -0.0269771 ; 101.746;
4 ; 17 ; 13 ; 0.113516 ; -0.00204855 ; 0.0135905 ; 100.803;
5 ; 17 ; 13 ; 0.101116 ; 0.00132328 ; -0.00315954 ; 101.696;
6 ; 17 ; 13 ; 0.110215 ; -0.00494693 ; -0.00198344 ; 101.604;
7 ; 17 ; 13 ; 0.10983 ; 0.000523394 ; 0.00129908 ; 101.632;
8 ; 17 ; 13 ; 0.10743 ; 0.00685188 ; 0.0015446 ; 101.752;
9 ; 17 ; 13 ; 0.101605 ; 0.0177553 ; -0.000928327 ; 101.256;
10 ; 17 ; 13 ; 0.114407 ; 0.00663558 ; 0.00243514 ; 101.451;
11 ; 17 ; 13 ; 0.12361 ; 0.00138998 ; 0.000275325 ; 101.395;
12 ; 17 ; 13 ; 0.124433 ; -0.00608146 ; -0.0062419 ; 101.274;
13 ; 17 ; 13 ; 0.116264 ; -0.00328938 ; 0.000320581 ; 102.059;
14 ; 17 ; 13 ; 0.114201 ; 0.00166068 ; -0.00197018 ; 101.544;
15 ; 17 ; 13 ; 0.114813 ; 0.0105087 ; -0.00242825 ; 101.384;
16 ; 17 ; 13 ; 0.120278 ; 0.0187184 ; -0.00891937 ; 101.489;
17 ; 17 ; 13 ; 0.104638 ; -0.0197559 ; -0.0104538 ; 101.511;
18 ; 17 ; 13 ; 0.109039 ; -0.00981828 ; -0.0146549 ; 101.554;
19 ; 17 ; 13 ; 0.112102 ; -0.00212075 ; -0.0102081 ; 101.545;
20 ; 17 ; 13 ; 0.115023 ; 0.00605999 ; 0.00120207 ; 101.481;
21 ; 17 ; 13 ; 0.115514 ; 0.0298452 ; -0.00565812 ; 100.856;
4 ; 18 ; 13 ; 0.0987542 ; -0.0030195 ; -0.00756936 ; 102.392;
5 ; 18 ; 13 ; 0.102676 ; 0.0173811 ; -0.0136719 ; 102.018;
6 ; 18 ; 13 ; 0.104146 ; -0.00571325 ; -0.000832471 ; 101.667;
7 ; 18 ; 13 ; 0.10691 ; -0.000761997 ; 0.00211108 ; 101.582;
8 ; 18 ; 13 ; 0.107827 ; 0.00820284 ; -0.00241099 ; 101.46;
9 ; 18 ; 13 ; 0.0913977 ; 0.0251427 ; -0.0123512 ; 101.109;
10 ; 18 ; 13 ; 0.112928 ; 0.0102495 ; 0.00222893 ; 101.434;
11 ; 18 ; 13 ; 0.124822 ; 0.00380818 ; 0.00522049 ; 101.409;
12 ; 18 ; 13 ; 0.1208 ; 0.00278328 ; 0.00305618 ; 101.282;
13 ; 18 ; 13 ; 0.12812 ; -0.00477883 ; 0.00731773 ; 102.41;
14 ; 18 ; 13 ; 0.114564 ; 0.00454788 ; -0.00113929 ; 101.701;
15 ; 18 ; 13 ; 0.11384 ; 0.0114877 ; 0.00195391 ; 101.354;
16 ; 18 ; 13 ; 0.10831 ; 0.0111449 ; 0.00215996 ; 101.292;
17 ; 18 ; 13 ; 0.0831765 ; -0.0212883 ; -0.00320946 ; 101.703;
18 ; 18 ; 13 ; 0.109553 ; -0.0112496 ; -0.0137309 ; 101.627;
19 ; 18 ; 13 ; 0.110365 ; -0.00354073 ; -0.0136497 ; 101.603;
20 ; 18 ; 13 ; 0.108258 ; -0.00102646 ; -0.0140082 ; 101.606;
21 ; 18 ; 13 ; 0.118619 ; -0.00144157 ; 0.0076491 ; 100.274;
4 ; 19 ; 13 ; 0.124151 ; -0.0221797 ; 0.0198586 ; 101.52;
5 ; 19 ; 13 ; 0.10922 ; -0.0096305 ; 0.00500317 ; 101.331;
6 ; 19 ; 13 ; 0.112206 ; -0.00563249 ; 0.00447654 ; 101.651;
7 ; 19 ; 13 ; 0.112097 ; -0.00388732 ; 0.00427762 ; 101.522;
8 ; 19 ; 13 ; 0.1019 ; -0.0111593 ; 0.00166218 ; 101.34;
9 ; 19 ; 13 ; 0.0966019 ; -0.00534104 ; 0.00582928 ; 101.789;
10 ; 19 ; 13 ; 0.0938145 ; -0.0028141 ; 0.0106801 ; 101.388;
11 ; 19 ; 13 ; 0.101993 ; 0.000534119 ; 0.00910436 ; 101.451;
12 ; 19 ; 13 ; 0.114334 ; 0.0108926 ; 0.00852771 ; 101.848;
13 ; 19 ; 13 ; 0.106567 ; -0.00606062 ; -0.00724887 ; 101.49;
14 ; 19 ; 13 ; 0.114368 ; -0.00418643 ; -0.00720507 ; 101.367;
15 ; 19 ; 13 ; 0.120746 ; 0.00363144 ; -0.00326488 ; 101.502;
16 ; 19 ; 13 ; 0.124317 ; 0.018214 ; -0.00730276 ; 101.463;
17 ; 19 ; 13 ; 0.125029 ; 0.0132736 ; 0.000450378 ; 101.365;
18 ; 19 ; 13 ; 0.123298 ; 0.00605714 ; -0.00478369 ; 101.4;
19 ; 19 ; 13 ; 0.120068 ; 0.00433892 ; -0.00368361 ; 101.441;
20 ; 19 ; 13 ; 0.112151 ; 0.00539629 ; 0.00546713 ; 101.044;
21 ; 19 ; 13 ; 0.122122 ; 0.0107209 ; 0.00959446 ; 101.058;
4 ; 20 ; 13 ; 0.106266 ; -0.0294006 ; 0.0166768 ; 102.01;
5 ; 20 ; 13 ; 0.109354 ; 0.000929051 ; -0.00622133 ; 101.146;
6 ; 20 ; 13 ; 0.113647 ; -0.00280269 ; 0.00176742 ; 101.567;
7 ; 20 ; 13 ; 0.11714 ; -0.000814811 ; 0.00593157 ; 101.576;
8 ; 20 ; 13 ; 0.108379 ; -0.00319395 ; 0.00824194 ; 101.34;
9 ; 20 ; 13 ; 0.100647 ; 0.00452525 ; 0.0113645 ; 101.109;
10 ; 20 ; 13 ; 0.0987366 ; -0.000339116 ; 0.0123813 ; 101.321;
11 ; 20 ; 13 ; 0.104988 ; -0.00111391 ; 0.00985614 ; 101.526;
12 ; 20 ; 13 ; 0.111549 ; 0.00571281 ; 0.0116791 ; 101.646;
13 ; 20 ; 13 ; 0.108607 ; -0.0069449 ; -0.00119241 ; 101.584;
14 ; 20 ; 13 ; 0.113347 ; -0.00330916 ; -0.00780702 ; 101.418;
15 ; 20 ; 13 ; 0.117804 ; 0.00161192 ; -0.00615801 ; 101.585;
16 ; 20 ; 13 ; 0.121862 ; 0.00706398 ; -0.0028324 ; 101.428;
17 ; 20 ; 13 ; 0.129498 ; -0.00417784 ; -0.00650973 ; 101.483;
18 ; 20 ; 13 ; 0.1262 ; -0.0013917 ; -0.00231109 ; 101.435;
19 ; 20 ; 13 ; 0.117889 ; -0.000683224 ; 0.000535161 ; 101.427;
20 ; 20 ; 13 ; 0.120444 ; 0.00343072 ; -0.00191476 ; 101.33;
21 ; 20 ; 13 ; 0.110678 ; 0.0264543 ; -0.0147979 ; 100.671;
4 ; 21 ; 13 ; 0.0969185 ; 0.00740547 ; 0.00280324 ; 101.959;
5 ; 21 ; 13 ; 0.106196 ; 0.00889961 ; -0.00832997 ; 100.947;
6 ; 21 ; 13 ; 0.115692 ; 0.000123356 ; -0.00120555 ; 101.465;
7 ; 21 ; 13 ; 0.122142 ; 0.00342128 ; 0.00795211 ; 101.573;
8 ; 21 ; 13 ; 0.115247 ; 0.00256941 ; 0.0166115 ; 101.563;
9 ; 21 ; 13 ; 0.115058 ; 0.0143683 ; 0.0215665 ; 100.588;
10 ; 21 ; 13 ; 0.0991427 ; 0.00100901 ; 0.0113272 ; 101.386;
11 ; 21 ; 13 ; 0.105663 ; -0.00285212 ; 0.0112919 ; 101.618;
12 ; 21 ; 13 ; 0.111682 ; 0.00112234 ; 0.00577269 ; 101.503;
13 ; 21 ; 13 ; 0.114985 ; -0.00704269 ; 0.00447237 ; 101.376;
14 ; 21 ; 13 ; 0.109576 ; -0.00554121 ; -0.00835472 ; 101.53;
15 ; 21 ; 13 ; 0.114383 ; -0.00369948 ; -0.00808765 ; 101.617;
16 ; 21 ; 13 ; 0.114775 ; -0.00938921 ; 0.00151605 ; 101.588;
17 ; 21 ; 13 ; 0.138005 ; -0.0127924 ; -0.0067264 ; 101.674;
18 ; 21 ; 13 ; 0.128263 ; -0.00851196 ; -0.00173969 ; 101.476;
19 ; 21 ; 13 ; 0.119035 ; -0.00446315 ; 0.0010862 ; 101.484;
20 ; 21 ; 13 ; 0.113575 ; -0.000755275 ; -0.00162848 ; 101.487;
21 ; 21 ; 13 ; 0.11291 ; -0.0109823 ; -0.000529759 ; 101.478;
4 ; 4 ; 14 ; 0.073663 ; -0.00871166 ; 0.00996519 ; 101.119;
5 ; 4 ; 14 ; 0.0819592 ; 0.00187882 ; 0.00404545 ; 101.715;
6 ; 4 ; 14 ; 0.0794516 ; 0.00607322 ; 0.00378842 ; 101.825;
7 ; 4 ; 14 ; 0.070961 ; 0.00611917 ; 1.54939e-05 ; 101.944;
8 ; 4 ; 14 ; 0.0584601 ; 0.00108731 ; -0.012432 ; 101.61;
9 ; 4 ; 14 ; 0.0937771 ; -0.00866128 ; -0.00322098 ; 101.563;
10 ; 4 ; 14 ; 0.0949499 ; -0.00821637 ; -0.000316862 ; 101.714;
11 ; 4 ; 14 ; 0.0873852 ; -0.00252001 ; 0.00523235 ; 101.476;
12 ; 4 ; 14 ; 0.0801411 ; -0.00636651 ; 0.0185434 ; 101.493;
13 ; 4 ; 14 ; 0.0894015 ; 0.00642504 ; 0.00702871 ; 101.134;
14 ; 4 ; 14 ; 0.0945273 ; -0.00166707 ; 0.00780362 ; 101.197;
15 ; 4 ; 14 ; 0.0930439 ; -0.00454364 ; -0.0036098 ; 101.296;
16 ; 4 ; 14 ; 0.107586 ; 0.00138803 ; -0.0306997 ; 101.019;
17 ; 4 ; 14 ; 0.0822823 ; 0.00183956 ; 0.00573246 ; 101.432;
18 ; 4 ; 14 ; 0.0957485 ; 0.0010634 ; 0.00388565 ; 101.528;
19 ; 4 ; 14 ; 0.0969575 ; -0.000159283 ; -0.00649032 ; 101.338;
20 ; 4 ; 14 ; 0.0960548 ; -0.00248518 ; -0.0142917 ; 101.283;
21 ; 4 ; 14 ; 0.0846899 ; 0.0145183 ; 0.0180699 ; 101.881;
4 ; 5 ; 14 ; 0.094626 ; -0.0227316 ; 0.0173913 ; 102.117;
5 ; 5 ; 14 ; 0.0775471 ; -0.000889614 ; 0.0119265 ; 101.565;
6 ; 5 ; 14 ; 0.0802702 ; 0.00348303 ; 0.00820063 ; 101.791;
7 ; 5 ; 14 ; 0.0768671 ; 0.00811626 ; 0.00507128 ; 101.941;
8 ; 5 ; 14 ; 0.0643272 ; 0.00875786 ; -0.00344483 ; 101.912;
9 ; 5 ; 14 ; 0.0973298 ; 0.010354 ; -0.000295052 ; 101.175;
10 ; 5 ; 14 ; 0.0940277 ; -0.00455808 ; 3.07741e-05 ; 101.632;
11 ; 5 ; 14 ; 0.0843587 ; -0.00503916 ; 0.0036001 ; 101.463;
12 ; 5 ; 14 ; 0.0817854 ; -0.00115439 ; 0.00757506 ; 101.344;
13 ; 5 ; 14 ; 0.0737003 ; 0.00783152 ; 0.00107449 ; 101.094;
14 ; 5 ; 14 ; 0.089736 ; 0.00118478 ; 0.00514812 ; 101.181;
15 ; 5 ; 14 ; 0.09255 ; -0.00485535 ; -0.00124045 ; 101.291;
16 ; 5 ; 14 ; 0.0942228 ; -0.00231892 ; -0.0200631 ; 101.34;
17 ; 5 ; 14 ; 0.089128 ; -0.00772744 ; 0.00250633 ; 101.759;
18 ; 5 ; 14 ; 0.0914777 ; -0.00335387 ; 0.00509239 ; 101.621;
19 ; 5 ; 14 ; 0.0910776 ; -0.00147235 ; -0.00431169 ; 101.435;
20 ; 5 ; 14 ; 0.0910996 ; 0.000360687 ; -0.00958985 ; 101.197;
21 ; 5 ; 14 ; 0.0606074 ; 0.00555825 ; -0.00638589 ; 101.105;
4 ; 6 ; 14 ; 0.119459 ; -0.000379892 ; 0.0029259 ; 101.46;
5 ; 6 ; 14 ; 0.0826903 ; -0.00377451 ; 0.0157662 ; 101.793;
6 ; 6 ; 14 ; 0.0771128 ; 0.00218919 ; 0.0128775 ; 101.717;
7 ; 6 ; 14 ; 0.0804635 ; 0.0112846 ; 0.0106931 ; 102.018;
8 ; 6 ; 14 ; 0.0814229 ; 0.0147748 ; 0.0103464 ; 101.921;
9 ; 6 ; 14 ; 0.0967897 ; 0.019767 ; 0.00492142 ; 100.822;
10 ; 6 ; 14 ; 0.093544 ; 0.000180516 ; -0.00286085 ; 101.516;
11 ; 6 ; 14 ; 0.0825162 ; -0.0059572 ; -0.0012298 ; 101.394;
12 ; 6 ; 14 ; 0.0795738 ; 0.00529769 ; -0.00507096 ; 101.036;
13 ; 6 ; 14 ; 0.0679774 ; 0.00426079 ; -0.00553781 ; 101.134;
14 ; 6 ; 14 ; 0.0831772 ; 0.00499851 ; 0.00139676 ; 101.178;
15 ; 6 ; 14 ; 0.0895274 ; -0.00460319 ; 0.000934685 ; 101.333;
16 ; 6 ; 14 ; 0.0800157 ; -0.0106231 ; -0.00172754 ; 101.584;
17 ; 6 ; 14 ; 0.0830423 ; -0.0193472 ; 0.000204882 ; 102.156;
18 ; 6 ; 14 ; 0.0887721 ; -0.00781011 ; 0.00664062 ; 101.605;
19 ; 6 ; 14 ; 0.0843372 ; -0.002741 ; -0.000810041 ; 101.451;
20 ; 6 ; 14 ; 0.0850328 ; 0.00299703 ; -0.00609453 ; 101.298;
21 ; 6 ; 14 ; 0.0719568 ; 0.0023599 ; -0.0105547 ; 101.006;
4 ; 7 ; 14 ; 0.0943326 ; -0.0125854 ; 0.0140546 ; 101.298;
5 ; 7 ; 14 ; 0.0742177 ; -0.0119298 ; 0.00050472 ; 101.646;
6 ; 7 ; 14 ; 0.0796071 ; -0.00242331 ; 0.00426892 ; 101.554;
7 ; 7 ; 14 ; 0.0910733 ; -0.000651776 ; 0.0107664 ; 101.273;
8 ; 7 ; 14 ; 0.113403 ; 0.00556277 ; 0.0266913 ; 101.273;
9 ; 7 ; 14 ; 0.0796981 ; 0.00638048 ; 0.0151448 ; 101.717;
10 ; 7 ; 14 ; 0.0829892 ; -0.00194829 ; 0.00854061 ; 101.925;
11 ; 7 ; 14 ; 0.079854 ; 0.00102312 ; 0.00522903 ; 101.663;
12 ; 7 ; 14 ; 0.0667833 ; 0.0190032 ; 0.00660022 ; 101.036;
13 ; 7 ; 14 ; 0.0721334 ; -0.00314034 ; 0.0120219 ; 101.246;
14 ; 7 ; 14 ; 0.0828408 ; -0.00292042 ; 0.00944665 ; 101.625;
15 ; 7 ; 14 ; 0.0934904 ; 0.00520517 ; -0.000246607 ; 101.776;
16 ; 7 ; 14 ; 0.0975542 ; 0.011669 ; -0.018242 ; 101.337;
17 ; 7 ; 14 ; 0.0917693 ; -0.0122151 ; -0.0119375 ; 101.623;
18 ; 7 ; 14 ; 0.0860415 ; -0.00906866 ; -0.00670063 ; 101.538;
19 ; 7 ; 14 ; 0.0818026 ; 0.0034223 ; -0.012095 ; 101.707;
20 ; 7 ; 14 ; 0.083152 ; 0.0175438 ; -0.0184073 ; 101.646;
21 ; 7 ; 14 ; 0.0879021 ; -0.0186438 ; -0.0010015 ; 101.642;
4 ; 8 ; 14 ; 0.10898 ; 0.00765159 ; -0.0170143 ; 101.88;
5 ; 8 ; 14 ; 0.0815105 ; -0.00675277 ; -0.00409953 ; 101.834;
6 ; 8 ; 14 ; 0.0812943 ; -0.00221873 ; 0.00375715 ; 101.679;
7 ; 8 ; 14 ; 0.087518 ; -0.00160897 ; 0.00783918 ; 101.496;
8 ; 8 ; 14 ; 0.103236 ; -0.00224004 ; 0.0154873 ; 101.123;
9 ; 8 ; 14 ; 0.0812762 ; -0.000873538 ; 0.0106465 ; 101.409;
10 ; 8 ; 14 ; 0.0834078 ; 0.00051386 ; 0.00605221 ; 101.667;
11 ; 8 ; 14 ; 0.080612 ; 0.00391244 ; 0.00363193 ; 101.521;
12 ; 8 ; 14 ; 0.0787466 ; 0.00845284 ; 0.00783301 ; 101.283;
13 ; 8 ; 14 ; 0.0778347 ; -0.000464077 ; 0.00952659 ; 101.514;
14 ; 8 ; 14 ; 0.0816787 ; -0.000620661 ; 0.00763821 ; 101.582;
15 ; 8 ; 14 ; 0.0899466 ; 0.00326912 ; -0.00171861 ; 101.696;
16 ; 8 ; 14 ; 0.0976072 ; 0.0131658 ; -0.0133664 ; 101.64;
17 ; 8 ; 14 ; 0.0810773 ; 0.00053427 ; -0.0161547 ; 101.516;
18 ; 8 ; 14 ; 0.0839826 ; -0.00586748 ; -0.00755196 ; 101.571;
19 ; 8 ; 14 ; 0.0837986 ; 0.000269391 ; -0.00974022 ; 101.669;
20 ; 8 ; 14 ; 0.0801409 ; 0.00963296 ; -0.0139176 ; 101.789;
21 ; 8 ; 14 ; 0.0795276 ; 0.0348427 ; 0.0297493 ; 101.921;
4 ; 9 ; 14 ; 0.0942402 ; 0.0103798 ; 0.0176138 ; 102.608;
5 ; 9 ; 14 ; 0.0851534 ; 0.00640942 ; 0.00508539 ; 101.393;
6 ; 9 ; 14 ; 0.0818215 ; 0.00104454 ; 0.0047958 ; 101.693;
7 ; 9 ; 14 ; 0.0823238 ; -0.00339658 ; 0.00498243 ; 101.758;
8 ; 9 ; 14 ; 0.0871157 ; -0.00464458 ; 0.00214118 ; 101.408;
9 ; 9 ; 14 ; 0.0835322 ; -0.00946278 ; 0.00585862 ; 101.746;
10 ; 9 ; 14 ; 0.085216 ; -0.000711344 ; 0.00325713 ; 101.536;
11 ; 9 ; 14 ; 0.0845564 ; 0.00412504 ; 0.00353369 ; 101.435;
12 ; 9 ; 14 ; 0.0853649 ; 0.00282751 ; 0.00293613 ; 101.412;
13 ; 9 ; 14 ; 0.0714672 ; 0.00839025 ; 0.00403331 ; 101.65;
14 ; 9 ; 14 ; 0.078577 ; 0.00157021 ; 0.00473467 ; 101.648;
15 ; 9 ; 14 ; 0.085747 ; 0.000614751 ; -0.0028416 ; 101.683;
16 ; 9 ; 14 ; 0.0913915 ; 0.00271205 ; -0.0102524 ; 101.68;
17 ; 9 ; 14 ; 0.0866244 ; -0.00343724 ; -0.0134819 ; 101.518;
18 ; 9 ; 14 ; 0.0846299 ; -0.00572056 ; -0.00897399 ; 101.546;
19 ; 9 ; 14 ; 0.0920836 ; -0.00580605 ; -0.0067307 ; 101.572;
20 ; 9 ; 14 ; 0.0859349 ; -0.00431932 ; -0.00743217 ; 101.784;
21 ; 9 ; 14 ; 0.0861907 ; 0.0222034 ; -0.00764972 ; 102.084;
4 ; 10 ; 14 ; 0.082986 ; -0.0219248 ; -0.00419219 ; 101.206;
5 ; 10 ; 14 ; 0.0800564 ; 0.0127189 ; 0.00502072 ; 101.459;
6 ; 10 ; 14 ; 0.0815898 ; 0.00583803 ; 0.00550644 ; 101.719;
7 ; 10 ; 14 ; 0.0828467 ; -0.00465939 ; 0.00541688 ; 101.939;
8 ; 10 ; 14 ; 0.0839987 ; -0.00206935 ; 0.00457411 ; 101.909;
9 ; 10 ; 14 ; 0.0835171 ; 0.0116256 ; 0.00330243 ; 101.858;
10 ; 10 ; 14 ; 0.0877763 ; 0.00290174 ; 0.00170557 ; 101.559;
11 ; 10 ; 14 ; 0.0882809 ; 0.00318473 ; 0.00518136 ; 101.322;
12 ; 10 ; 14 ; 0.0818419 ; 0.00340571 ; -7.35628e-05 ; 101.28;
13 ; 10 ; 14 ; 0.0846012 ; -0.00210235 ; 0.0111437 ; 101.965;
14 ; 10 ; 14 ; 0.0807027 ; 0.00215038 ; 0.00480055 ; 101.807;
15 ; 10 ; 14 ; 0.0829471 ; 0.00185244 ; -0.00343984 ; 101.794;
16 ; 10 ; 14 ; 0.0878286 ; -0.00627124 ; -0.00732901 ; 101.545;
17 ; 10 ; 14 ; 0.0909969 ; -0.0129847 ; -0.0147253 ; 101.561;
18 ; 10 ; 14 ; 0.0896113 ; -0.00884678 ; -0.0075807 ; 101.51;
19 ; 10 ; 14 ; 0.0964862 ; -0.00882617 ; -0.00532854 ; 101.461;
20 ; 10 ; 14 ; 0.103173 ; -0.00504461 ; -0.0055977 ; 101.569;
21 ; 10 ; 14 ; 0.0891215 ; -0.00129006 ; 0.00876044 ; 101.268;
4 ; 11 ; 14 ; 0.107608 ; 0.0120067 ; 0.0129349 ; 100.434;
5 ; 11 ; 14 ; 0.0753399 ; 0.00877411 ; -0.0143619 ; 101.702;
6 ; 11 ; 14 ; 0.0791519 ; 0.00900882 ; -0.0020907 ; 101.735;
7 ; 11 ; 14 ; 0.0838677 ; -0.00330164 ; 0.00141901 ; 101.808;
8 ; 11 ; 14 ; 0.0856614 ; -0.0172225 ; 0.00226417 ; 102.002;
9 ; 11 ; 14 ; 0.0938577 ; 0.0117026 ; 0.0133251 ; 101.964;
10 ; 11 ; 14 ; 0.0904214 ; 0.0077814 ; 0.00607728 ; 101.584;
11 ; 11 ; 14 ; 0.0936838 ; 0.00382863 ; 0.00318254 ; 101.259;
12 ; 11 ; 14 ; 0.0922919 ; -0.00531356 ; 0.00654129 ; 101.22;
13 ; 11 ; 14 ; 0.0898422 ; 0.00707041 ; 0.0184008 ; 101.954;
14 ; 11 ; 14 ; 0.0842096 ; 0.00542336 ; 0.00900322 ; 102.035;
15 ; 11 ; 14 ; 0.0831953 ; 0.010296 ; -0.00125421 ; 101.923;
16 ; 11 ; 14 ; 0.0827671 ; 0.00700881 ; -0.00756731 ; 101.845;
17 ; 11 ; 14 ; 0.0894238 ; -0.00766844 ; -0.0116696 ; 101.682;
18 ; 11 ; 14 ; 0.0917672 ; -0.0120968 ; -0.00895751 ; 101.532;
19 ; 11 ; 14 ; 0.0944703 ; -0.0128572 ; -0.00302276 ; 101.538;
20 ; 11 ; 14 ; 0.0993765 ; -0.00445187 ; -0.00284916 ; 101.59;
21 ; 11 ; 14 ; 0.0690089 ; -0.0105172 ; 0.0103285 ; 100.995;
4 ; 12 ; 14 ; 0.117983 ; -0.0119235 ; -0.00191535 ; 100.212;
5 ; 12 ; 14 ; 0.0715028 ; 0.00678433 ; -0.0257547 ; 101.55;
6 ; 12 ; 14 ; 0.0789942 ; 0.00938449 ; -0.00782641 ; 101.854;
7 ; 12 ; 14 ; 0.0842001 ; -0.00177336 ; -0.00188013 ; 101.783;
8 ; 12 ; 14 ; 0.0835509 ; -0.0189344 ; -0.00309322 ; 101.772;
9 ; 12 ; 14 ; 0.100515 ; -0.0066274 ; 0.0227639 ; 102.395;
10 ; 12 ; 14 ; 0.0915764 ; 0.0136987 ; 0.00792152 ; 101.426;
11 ; 12 ; 14 ; 0.0951762 ; 0.00714445 ; 0.00010837 ; 101.136;
12 ; 12 ; 14 ; 0.0952855 ; -0.00243581 ; -0.00324893 ; 101.341;
13 ; 12 ; 14 ; 0.0810445 ; 0.0193049 ; 0.0187787 ; 101.83;
14 ; 12 ; 14 ; 0.0869606 ; 0.00861526 ; 0.0113102 ; 102.085;
15 ; 12 ; 14 ; 0.0825174 ; 0.0151059 ; -0.00086585 ; 101.92;
16 ; 12 ; 14 ; 0.0840543 ; 0.0137576 ; -0.0111884 ; 101.671;
17 ; 12 ; 14 ; 0.0862496 ; -0.00672808 ; -0.00863343 ; 101.658;
18 ; 12 ; 14 ; 0.0909559 ; -0.0107387 ; -0.00951153 ; 101.591;
19 ; 12 ; 14 ; 0.0904337 ; -0.0144908 ; -0.000918426 ; 101.599;
20 ; 12 ; 14 ; 0.0786495 ; -0.0113455 ; 0.00460824 ; 101.372;
21 ; 12 ; 14 ; 0.0863658 ; 0.0136757 ; -0.0258369 ; 100.855;
4 ; 13 ; 14 ; 0.0538266 ; -0.00290633 ; -0.00600527 ; 100.58;
5 ; 13 ; 14 ; 0.0877521 ; 0.0136562 ; 0.00413295 ; 101.164;
6 ; 13 ; 14 ; 0.0888455 ; 0.00811716 ; 0.00826302 ; 101.002;
7 ; 13 ; 14 ; 0.0863764 ; 0.00314529 ; 0.0155462 ; 101.167;
8 ; 13 ; 14 ; 0.0892789 ; -0.00703558 ; 0.00805371 ; 101.816;
9 ; 13 ; 14 ; 0.0796892 ; -0.0170777 ; -0.00691078 ; 101.582;
10 ; 13 ; 14 ; 0.085091 ; -0.0134152 ; -0.00816532 ; 101.73;
11 ; 13 ; 14 ; 0.0879334 ; 0.00219197 ; 0.00311258 ; 101.667;
12 ; 13 ; 14 ; 0.0833292 ; 0.0258796 ; 0.0184581 ; 101.99;
13 ; 13 ; 14 ; 0.0796371 ; 0.00348779 ; 0.00293922 ; 101.78;
14 ; 13 ; 14 ; 0.0818437 ; 1.81823e-05 ; -0.00175606 ; 101.804;
15 ; 13 ; 14 ; 0.0848987 ; 0.00128443 ; -0.00143698 ; 101.946;
16 ; 13 ; 14 ; 0.0973406 ; 0.00352948 ; 0.015707 ; 102.001;
17 ; 13 ; 14 ; 0.0794471 ; -0.00103665 ; -0.00893827 ; 100.951;
18 ; 13 ; 14 ; 0.0871188 ; 0.00286602 ; -0.00471039 ; 101.16;
19 ; 13 ; 14 ; 0.085722 ; 0.00146578 ; -0.00978922 ; 101.523;
20 ; 13 ; 14 ; 0.0771439 ; -0.00556086 ; -0.00698376 ; 102.253;
21 ; 13 ; 14 ; 0.0918748 ; -0.00186482 ; -0.0229487 ; 102.495;
4 ; 14 ; 14 ; 0.0900822 ; 0.018549 ; 0.00241078 ; 101.714;
5 ; 14 ; 14 ; 0.0787658 ; 0.0080836 ; -0.00791042 ; 101.2;
6 ; 14 ; 14 ; 0.0827711 ; 0.00681035 ; 0.00511607 ; 101.095;
7 ; 14 ; 14 ; 0.0812301 ; 0.00313137 ; 0.0147304 ; 101.238;
8 ; 14 ; 14 ; 0.083963 ; -0.00281901 ; 0.0174266 ; 101.594;
9 ; 14 ; 14 ; 0.0857136 ; -0.0177938 ; -0.011417 ; 101.374;
10 ; 14 ; 14 ; 0.0869111 ; -0.012513 ; -0.00776064 ; 101.574;
11 ; 14 ; 14 ; 0.0900595 ; 0.00076335 ; 0.00350169 ; 101.503;
12 ; 14 ; 14 ; 0.086025 ; 0.0130899 ; 0.0123723 ; 101.812;
13 ; 14 ; 14 ; 0.0780994 ; 0.00181101 ; -0.00569769 ; 101.798;
14 ; 14 ; 14 ; 0.0794237 ; 0.00204842 ; -0.00266048 ; 101.782;
15 ; 14 ; 14 ; 0.0800979 ; 0.00384814 ; -0.00130582 ; 101.857;
16 ; 14 ; 14 ; 0.0857787 ; 0.00358878 ; 0.00177498 ; 101.92;
17 ; 14 ; 14 ; 0.0738817 ; 0.000778863 ; -0.00802146 ; 101.554;
18 ; 14 ; 14 ; 0.0828909 ; 0.00261742 ; -0.00727207 ; 101.344;
19 ; 14 ; 14 ; 0.0839544 ; 0.00376101 ; -0.0111816 ; 101.506;
20 ; 14 ; 14 ; 0.0786949 ; -0.00138728 ; -0.0109456 ; 101.794;
21 ; 14 ; 14 ; 0.0628239 ; 0.00805518 ; -0.0111823 ; 101.414;
4 ; 15 ; 14 ; 0.101051 ; 0.0157387 ; -0.0368939 ; 101.015;
5 ; 15 ; 14 ; 0.0812742 ; 0.00383249 ; -0.00270802 ; 101.336;
6 ; 15 ; 14 ; 0.0773363 ; 0.00447778 ; -0.00015879 ; 101.253;
7 ; 15 ; 14 ; 0.0751475 ; 0.00110614 ; 0.0110982 ; 101.368;
8 ; 15 ; 14 ; 0.0763768 ; 0.000927354 ; 0.0237776 ; 101.431;
9 ; 15 ; 14 ; 0.0986468 ; -0.00968269 ; -0.00764547 ; 101.448;
10 ; 15 ; 14 ; 0.0921541 ; -0.0112645 ; -0.00507683 ; 101.378;
11 ; 15 ; 14 ; 0.0933111 ; -0.00273073 ; 0.00351186 ; 101.347;
12 ; 15 ; 14 ; 0.0952521 ; 0.000784931 ; 0.00804483 ; 101.286;
13 ; 15 ; 14 ; 0.0689646 ; 0.00196311 ; -0.00603441 ; 101.459;
14 ; 15 ; 14 ; 0.0711649 ; 0.00276676 ; -0.00397372 ; 101.74;
15 ; 15 ; 14 ; 0.072584 ; 0.00561607 ; -0.000642277 ; 101.775;
16 ; 15 ; 14 ; 0.0726293 ; 0.0084925 ; -0.00355102 ; 101.758;
17 ; 15 ; 14 ; 0.0811296 ; 0.00134214 ; -0.011932 ; 101.712;
18 ; 15 ; 14 ; 0.0799954 ; 0.000758659 ; -0.00960308 ; 101.596;
19 ; 15 ; 14 ; 0.0815658 ; 0.00626358 ; -0.0118302 ; 101.53;
20 ; 15 ; 14 ; 0.0809967 ; 0.00971471 ; -0.0135347 ; 101.308;
21 ; 15 ; 14 ; 0.0819255 ; -0.00478985 ; 0.00987786 ; 101.847;
4 ; 16 ; 14 ; 0.073179 ; 0.00780321 ; 0.0130193 ; 101.975;
5 ; 16 ; 14 ; 0.0816584 ; -0.00242063 ; 0.00419393 ; 101.59;
6 ; 16 ; 14 ; 0.0801936 ; -0.000330498 ; 0.00307562 ; 101.497;
7 ; 16 ; 14 ; 0.0808942 ; -0.00313563 ; 0.00858637 ; 101.488;
8 ; 16 ; 14 ; 0.0765032 ; -0.00592976 ; 0.0121608 ; 101.57;
9 ; 16 ; 14 ; 0.090806 ; -0.00424691 ; 0.0049264 ; 101.345;
10 ; 16 ; 14 ; 0.0945877 ; -0.00416804 ; -0.00199526 ; 101.383;
11 ; 16 ; 14 ; 0.0970897 ; 0.00213019 ; 0.00253996 ; 101.4;
12 ; 16 ; 14 ; 0.0952199 ; 0.00382129 ; 0.00910324 ; 101.272;
13 ; 16 ; 14 ; 0.0669282 ; 0.000315664 ; -0.0142485 ; 101.435;
14 ; 16 ; 14 ; 0.0697135 ; 0.00328456 ; -0.00679766 ; 101.575;
15 ; 16 ; 14 ; 0.0755491 ; 0.0051739 ; 0.00314451 ; 101.742;
16 ; 16 ; 14 ; 0.0788729 ; 0.00752475 ; 0.0097794 ; 101.78;
17 ; 16 ; 14 ; 0.0959743 ; -0.0060991 ; -0.00953875 ; 101.634;
18 ; 16 ; 14 ; 0.0864808 ; 8.75064e-05 ; -0.00530337 ; 101.672;
19 ; 16 ; 14 ; 0.0860764 ; 0.00601607 ; -0.00438834 ; 101.613;
20 ; 16 ; 14 ; 0.0793728 ; 0.0146059 ; -0.0103119 ; 101.483;
21 ; 16 ; 14 ; 0.0770981 ; -0.00453577 ; -0.0262223 ; 101.757;
4 ; 17 ; 14 ; 0.056288 ; 0.0123176 ; 0.00603687 ; 101.388;
5 ; 17 ; 14 ; 0.0845198 ; -0.0162943 ; 0.00186086 ; 101.498;
6 ; 17 ; 14 ; 0.0869769 ; -0.00269748 ; 0.0036418 ; 101.521;
7 ; 17 ; 14 ; 0.0918963 ; -0.00128094 ; 0.00633749 ; 101.671;
8 ; 17 ; 14 ; 0.0879524 ; -0.00910874 ; 0.0103916 ; 101.506;
9 ; 17 ; 14 ; 0.067249 ; -0.0149501 ; 0.0163202 ; 101.441;
10 ; 17 ; 14 ; 0.0866797 ; -0.00504962 ; 0.00546433 ; 101.295;
11 ; 17 ; 14 ; 0.095175 ; 0.00400527 ; 0.00087013 ; 101.417;
12 ; 17 ; 14 ; 0.093659 ; 0.00877913 ; 0.00441414 ; 101.662;
13 ; 17 ; 14 ; 0.0934782 ; -0.000638447 ; -0.00735725 ; 101.2;
14 ; 17 ; 14 ; 0.081084 ; -0.00083309 ; -0.00737636 ; 101.435;
15 ; 17 ; 14 ; 0.0862317 ; -0.00141434 ; 0.00250114 ; 101.608;
16 ; 17 ; 14 ; 0.0890863 ; 0.00260187 ; 0.00756052 ; 101.928;
17 ; 17 ; 14 ; 0.0926278 ; 0.00683975 ; -0.00468968 ; 101.575;
18 ; 17 ; 14 ; 0.0929865 ; 0.00220099 ; -6.71909e-06 ; 101.644;
19 ; 17 ; 14 ; 0.0921344 ; 0.0032928 ; 0.000916222 ; 101.568;
20 ; 17 ; 14 ; 0.0881304 ; 0.00713922 ; -0.00370221 ; 101.565;
21 ; 17 ; 14 ; 0.0679705 ; 0.006364 ; -0.00935773 ; 101.867;
4 ; 18 ; 14 ; 0.115761 ; -0.0120766 ; -0.0133995 ; 101.734;
5 ; 18 ; 14 ; 0.0914119 ; -0.0226641 ; -0.00189021 ; 101.148;
6 ; 18 ; 14 ; 0.0886441 ; -0.0041046 ; 0.00400012 ; 101.53;
7 ; 18 ; 14 ; 0.0973655 ; 0.001083 ; 0.00599695 ; 101.782;
8 ; 18 ; 14 ; 0.0920618 ; -0.00829625 ; 0.0090738 ; 101.844;
9 ; 18 ; 14 ; 0.0584928 ; -0.0283146 ; 0.0219663 ; 101.538;
10 ; 18 ; 14 ; 0.0805019 ; -0.00543348 ; 0.00860096 ; 101.22;
11 ; 18 ; 14 ; 0.0941769 ; 0.00598064 ; 0.000107094 ; 101.368;
12 ; 18 ; 14 ; 0.0907321 ; 0.014739 ; 0.000616578 ; 101.611;
13 ; 18 ; 14 ; 0.109973 ; -0.00254976 ; 0.00465364 ; 100.928;
14 ; 18 ; 14 ; 0.091285 ; -0.00186678 ; -0.00766561 ; 101.348;
15 ; 18 ; 14 ; 0.0930631 ; -0.00411136 ; 0.00205424 ; 101.485;
16 ; 18 ; 14 ; 0.091388 ; 0.0027762 ; 0.00457283 ; 101.429;
17 ; 18 ; 14 ; 0.0874226 ; 0.0177037 ; -0.00312287 ; 101.503;
18 ; 18 ; 14 ; 0.0943714 ; 0.0049635 ; 0.00222889 ; 101.652;
19 ; 18 ; 14 ; 0.0953656 ; 0.00266387 ; 0.00321353 ; 101.516;
20 ; 18 ; 14 ; 0.0912911 ; -0.00390475 ; -0.00237251 ; 101.552;
21 ; 18 ; 14 ; 0.043728 ; 0.0176589 ; 0.0184401 ; 100.318;
4 ; 19 ; 14 ; 0.087794 ; 0.0410823 ; -0.00736407 ; 101.428;
5 ; 19 ; 14 ; 0.104813 ; 0.0039257 ; 0.00512632 ; 101.52;
6 ; 19 ; 14 ; 0.0977653 ; 0.00682061 ; 0.00923531 ; 101.565;
7 ; 19 ; 14 ; 0.094246 ; 0.0130853 ; 0.00419479 ; 101.502;
8 ; 19 ; 14 ; 0.0884275 ; 0.0381863 ; -0.00589301 ; 101.596;
9 ; 19 ; 14 ; 0.0703369 ; -0.00226013 ; -0.00591697 ; 101.25;
10 ; 19 ; 14 ; 0.0784168 ; -0.0020646 ; -0.00349806 ; 101.298;
11 ; 19 ; 14 ; 0.0885135 ; 0.000999789 ; -0.00150828 ; 101.583;
12 ; 19 ; 14 ; 0.0814948 ; -0.0087569 ; 0.000883615 ; 101.812;
13 ; 19 ; 14 ; 0.0789052 ; 0.00417454 ; -0.00120681 ; 101.74;
14 ; 19 ; 14 ; 0.0862363 ; -0.00681821 ; -0.00918787 ; 101.778;
15 ; 19 ; 14 ; 0.079889 ; -0.0036235 ; -0.00863528 ; 101.443;
16 ; 19 ; 14 ; 0.0546181 ; 0.00884918 ; 0.00150848 ; 100.707;
17 ; 19 ; 14 ; 0.10184 ; -0.00764666 ; 0.00881767 ; 101.966;
18 ; 19 ; 14 ; 0.103537 ; -0.00654834 ; 0.00112997 ; 101.554;
19 ; 19 ; 14 ; 0.0929878 ; 0.00130652 ; -0.00896272 ; 101.673;
20 ; 19 ; 14 ; 0.0801454 ; 0.0123947 ; -0.0231634 ; 102.086;
21 ; 19 ; 14 ; 0.0587724 ; 0.0223901 ; -0.0108459 ; 101.414;
4 ; 20 ; 14 ; 0.0799294 ; 0.0187765 ; 0.00872552 ; 100.97;
5 ; 20 ; 14 ; 0.104962 ; -0.00881552 ; -0.016577 ; 101.78;
6 ; 20 ; 14 ; 0.0994694 ; -0.00111481 ; 0.0012413 ; 101.514;
7 ; 20 ; 14 ; 0.0958393 ; 0.00605625 ; 0.00370703 ; 101.269;
8 ; 20 ; 14 ; 0.0905444 ; 0.0219729 ; -0.000900395 ; 101.528;
9 ; 20 ; 14 ; 0.0749933 ; 0.00230305 ; -0.0023082 ; 101.149;
10 ; 20 ; 14 ; 0.0796085 ; -0.000126981 ; -0.00365667 ; 101.295;
11 ; 20 ; 14 ; 0.0898784 ; -0.00180408 ; -0.00241441 ; 101.557;
12 ; 20 ; 14 ; 0.0907658 ; 0.00205418 ; 0.00125281 ; 101.916;
13 ; 20 ; 14 ; 0.0832941 ; -0.010102 ; -0.0102912 ; 101.609;
14 ; 20 ; 14 ; 0.087369 ; -0.0105793 ; -0.00853473 ; 101.671;
15 ; 20 ; 14 ; 0.0791496 ; -0.00597803 ; -0.00520755 ; 101.427;
16 ; 20 ; 14 ; 0.0711989 ; 9.73406e-06 ; -0.00668337 ; 101.322;
17 ; 20 ; 14 ; 0.0998048 ; -0.00968462 ; -0.00460027 ; 101.241;
18 ; 20 ; 14 ; 0.0988295 ; -0.00696275 ; 0.00305822 ; 101.437;
19 ; 20 ; 14 ; 0.0920351 ; 0.00174886 ; -0.00164708 ; 101.703;
20 ; 20 ; 14 ; 0.0834383 ; 0.00790437 ; -0.0189641 ; 102.026;
21 ; 20 ; 14 ; 0.109457 ; -0.00468824 ; 0.0108625 ; 102.441;
4 ; 21 ; 14 ; 0.110221 ; -0.00395201 ; -0.00269454 ; 101.287;
5 ; 21 ; 14 ; 0.0990171 ; -0.016008 ; -0.024702 ; 101.834;
6 ; 21 ; 14 ; 0.104471 ; -0.00721403 ; -0.00633734 ; 101.5;
7 ; 21 ; 14 ; 0.0999672 ; -0.00179114 ; 0.00272566 ; 101.091;
8 ; 21 ; 14 ; 0.0911241 ; 0.0037245 ; 0.0104441 ; 101.119;
9 ; 21 ; 14 ; 0.0846695 ; 0.00803981 ; 0.00131093 ; 101.122;
10 ; 21 ; 14 ; 0.0795999 ; 0.00193361 ; -0.0041188 ; 101.306;
11 ; 21 ; 14 ; 0.0924724 ; -0.00135549 ; -0.00267788 ; 101.567;
12 ; 21 ; 14 ; 0.102801 ; 0.00108518 ; 0.00417203 ; 101.666;
13 ; 21 ; 14 ; 0.0890892 ; -0.0234081 ; -0.0128454 ; 101.617;
14 ; 21 ; 14 ; 0.0877629 ; -0.0110404 ; -0.00815367 ; 101.599;
15 ; 21 ; 14 ; 0.0825477 ; -0.00788927 ; -0.00420688 ; 101.569;
16 ; 21 ; 14 ; 0.0772541 ; -0.010088 ; -0.00643307 ; 101.643;
17 ; 21 ; 14 ; 0.0952544 ; 0.000558012 ; -0.0165147 ; 100.672;
18 ; 21 ; 14 ; 0.0959436 ; -0.00930081 ; 0.00548025 ; 101.462;
19 ; 21 ; 14 ; 0.0921641 ; 0.00169441 ; 0.00432533 ; 101.758;
20 ; 21 ; 14 ; 0.0944898 ; 0.00482624 ; -0.00841298 ; 101.943;
21 ; 21 ; 14 ; 0.0838552 ; 0.0123699 ; 0.00322683 ; 101.259;
4 ; 4 ; 15 ; 0.0649476 ; 0.0014155 ; 0.00833877 ; 101.707;
5 ; 4 ; 15 ; 0.0433841 ; -0.012279 ; 0.0108874 ; 101.493;
6 ; 4 ; 15 ; 0.0500104 ; -0.000595546 ; 0.0145152 ; 101.61;
7 ; 4 ; 15 ; 0.0582687 ; 0.00765649 ; 0.0080093 ; 101.392;
8 ; 4 ; 15 ; 0.0661091 ; 0.00831069 ; -0.0019938 ; 100.724;
9 ; 4 ; 15 ; 0.0561143 ; -0.00778747 ; 0.00793112 ; 101.453;
10 ; 4 ; 15 ; 0.0669914 ; -0.00927906 ; 0.00824673 ; 101.581;
11 ; 4 ; 15 ; 0.0764116 ; -0.00956634 ; 0.000823332 ; 101.687;
12 ; 4 ; 15 ; 0.0898411 ; -0.0224671 ; 0.0100501 ; 101.347;
13 ; 4 ; 15 ; 0.065664 ; -0.00993819 ; -0.00684183 ; 101.396;
14 ; 4 ; 15 ; 0.0663853 ; -0.002755 ; -0.0102874 ; 101.21;
15 ; 4 ; 15 ; 0.0516872 ; 0.00743481 ; -0.0126529 ; 101.324;
16 ; 4 ; 15 ; 0.0562625 ; 0.0157088 ; -0.00617718 ; 101.656;
17 ; 4 ; 15 ; 0.0715611 ; 0.00142078 ; -0.00374493 ; 101.458;
18 ; 4 ; 15 ; 0.0643164 ; 0.00542509 ; -0.00424704 ; 101.088;
19 ; 4 ; 15 ; 0.061289 ; 0.0006029 ; -0.00945689 ; 101.581;
20 ; 4 ; 15 ; 0.070717 ; -0.0149189 ; -0.0106479 ; 102.624;
21 ; 4 ; 15 ; 0.0864574 ; -0.000625255 ; 0.0224097 ; 101.283;
4 ; 5 ; 15 ; 0.0727916 ; 0.00969828 ; -0.0128632 ; 102.77;
5 ; 5 ; 15 ; 0.0361303 ; -0.0033726 ; 0.00720559 ; 102.006;
6 ; 5 ; 15 ; 0.046855 ; -0.00117199 ; 0.00843719 ; 101.702;
7 ; 5 ; 15 ; 0.0577599 ; 0.00184477 ; 0.00762085 ; 101.433;
8 ; 5 ; 15 ; 0.0627605 ; 0.00754273 ; 0.00182746 ; 101.007;
9 ; 5 ; 15 ; 0.050238 ; 0.00108553 ; 0.00906035 ; 101.209;
10 ; 5 ; 15 ; 0.0631113 ; -0.00415966 ; 0.00946444 ; 101.386;
11 ; 5 ; 15 ; 0.0724214 ; -0.00510666 ; 6.46451e-05 ; 101.644;
12 ; 5 ; 15 ; 0.0791793 ; -0.00882741 ; 0.0017088 ; 101.58;
13 ; 5 ; 15 ; 0.061428 ; 0.0244754 ; -0.0152859 ; 101.994;
14 ; 5 ; 15 ; 0.0613036 ; 0.00542912 ; -0.00967265 ; 101.443;
15 ; 5 ; 15 ; 0.0476686 ; 0.00508455 ; -0.00910044 ; 101.383;
16 ; 5 ; 15 ; 0.0472268 ; 0.00870265 ; -0.0141336 ; 101.529;
17 ; 5 ; 15 ; 0.0850924 ; 0.00587649 ; -0.00638853 ; 101.517;
18 ; 5 ; 15 ; 0.0690932 ; 0.00442584 ; -0.00521125 ; 101.184;
19 ; 5 ; 15 ; 0.0624588 ; -0.00319708 ; -0.0100454 ; 101.41;
20 ; 5 ; 15 ; 0.0619763 ; -0.00352719 ; -0.00755482 ; 102.163;
21 ; 5 ; 15 ; 0.0562339 ; 0.0121061 ; -0.0134092 ; 100.678;
4 ; 6 ; 15 ; 0.070864 ; -0.00603676 ; -0.000437249 ; 101.377;
5 ; 6 ; 15 ; 0.0353372 ; 0.0112283 ; -0.00633261 ; 102.078;
6 ; 6 ; 15 ; 0.0431188 ; -0.00784659 ; 0.00690165 ; 101.797;
7 ; 6 ; 15 ; 0.0559934 ; -0.00696595 ; 0.00948072 ; 101.523;
8 ; 6 ; 15 ; 0.0595602 ; 0.00275236 ; 0.0131131 ; 101.285;
9 ; 6 ; 15 ; 0.0452542 ; 0.00912282 ; 0.00889841 ; 100.829;
10 ; 6 ; 15 ; 0.0590642 ; -8.32647e-05 ; 0.00798193 ; 101.258;
11 ; 6 ; 15 ; 0.0665103 ; -0.000208626 ; -0.00462187 ; 101.639;
12 ; 6 ; 15 ; 0.0627622 ; 0.000545487 ; -0.0156463 ; 101.86;
13 ; 6 ; 15 ; 0.0657375 ; 0.0454183 ; -0.0269036 ; 102.435;
14 ; 6 ; 15 ; 0.0528986 ; 0.0118792 ; -0.00802874 ; 101.636;
15 ; 6 ; 15 ; 0.0418533 ; 0.00237445 ; -0.00841167 ; 101.421;
16 ; 6 ; 15 ; 0.0429304 ; 0.00450245 ; -0.0161228 ; 101.458;
17 ; 6 ; 15 ; 0.0941467 ; 0.0139679 ; -0.00641695 ; 101.545;
18 ; 6 ; 15 ; 0.0736461 ; 0.00113667 ; -0.00791392 ; 101.345;
19 ; 6 ; 15 ; 0.0623018 ; -0.00351298 ; -0.0107513 ; 101.267;
20 ; 6 ; 15 ; 0.0562881 ; -0.00730406 ; -0.00878734 ; 101.558;
21 ; 6 ; 15 ; 0.0468263 ; -0.0111105 ; -0.0081906 ; 101.597;
4 ; 7 ; 15 ; 0.0768754 ; -0.0152708 ; 0.0247429 ; 101.196;
5 ; 7 ; 15 ; 0.0591663 ; 0.00715283 ; 0.0102311 ; 101.609;
6 ; 7 ; 15 ; 0.0503398 ; -0.00247746 ; 0.00904054 ; 101.617;
7 ; 7 ; 15 ; 0.0530968 ; -0.001946 ; 0.0084858 ; 101.712;
8 ; 7 ; 15 ; 0.0644999 ; 0.00445496 ; -0.00493749 ; 101.588;
9 ; 7 ; 15 ; 0.0528225 ; 0.00680033 ; 0.00940423 ; 101.375;
10 ; 7 ; 15 ; 0.0466406 ; 0.00166371 ; -0.00378599 ; 101.401;
11 ; 7 ; 15 ; 0.0463658 ; -0.0092839 ; -0.0132803 ; 101.878;
12 ; 7 ; 15 ; 0.0274052 ; -0.00559814 ; -0.020309 ; 102.627;
13 ; 7 ; 15 ; 0.0510766 ; 0.00454968 ; 0.00524675 ; 101.493;
14 ; 7 ; 15 ; 0.0604505 ; 0.00671371 ; -0.000327227 ; 101.792;
15 ; 7 ; 15 ; 0.0738192 ; 0.00758392 ; 0.0018778 ; 101.558;
16 ; 7 ; 15 ; 0.087348 ; 0.00513707 ; 0.0189515 ; 101.356;
17 ; 7 ; 15 ; 0.0713818 ; -0.00104905 ; -0.00362115 ; 101.53;
18 ; 7 ; 15 ; 0.0650442 ; 0.0124242 ; 0.00122991 ; 101.546;
19 ; 7 ; 15 ; 0.053063 ; 0.0132427 ; 0.00446313 ; 101.655;
20 ; 7 ; 15 ; 0.0264459 ; -0.00442887 ; 0.00745672 ; 100.927;
21 ; 7 ; 15 ; 0.0889622 ; -0.0172931 ; 0.0131968 ; 102.132;
4 ; 8 ; 15 ; 0.0651363 ; -0.0160111 ; 0.000145449 ; 101.689;
5 ; 8 ; 15 ; 0.0765953 ; 0.00102442 ; 0.00485356 ; 101.715;
6 ; 8 ; 15 ; 0.0605483 ; -0.00159958 ; 0.00684338 ; 101.668;
7 ; 8 ; 15 ; 0.0604155 ; -0.000245895 ; 0.00702818 ; 101.67;
8 ; 8 ; 15 ; 0.0582947 ; 0.00232932 ; 0.00199385 ; 101.742;
9 ; 8 ; 15 ; 0.0450503 ; 0.0122767 ; 0.00545103 ; 101.553;
10 ; 8 ; 15 ; 0.0447713 ; 0.00258008 ; -0.0026894 ; 101.418;
11 ; 8 ; 15 ; 0.0451937 ; -0.00936364 ; -0.00895042 ; 101.644;
12 ; 8 ; 15 ; 0.0448314 ; -0.0114357 ; -0.0144599 ; 102.257;
13 ; 8 ; 15 ; 0.0741355 ; 0.00680973 ; -0.00321595 ; 101.771;
14 ; 8 ; 15 ; 0.0647554 ; 0.00527235 ; -0.00360096 ; 101.808;
15 ; 8 ; 15 ; 0.0703706 ; 0.00272822 ; -0.00494733 ; 101.626;
16 ; 8 ; 15 ; 0.0826443 ; 0.00490476 ; 0.00545227 ; 101.484;
17 ; 8 ; 15 ; 0.0593002 ; -0.0123158 ; -0.00914449 ; 101.568;
18 ; 8 ; 15 ; 0.0640062 ; 0.00276102 ; -0.001827 ; 101.523;
19 ; 8 ; 15 ; 0.0551499 ; 0.00658924 ; 0.00252957 ; 101.6;
20 ; 8 ; 15 ; 0.0406803 ; 0.00695658 ; 0.00200928 ; 101.354;
21 ; 8 ; 15 ; 0.0639704 ; -0.0363911 ; 0.00394846 ; 101.872;
4 ; 9 ; 15 ; 0.0675052 ; 0.00495531 ; -0.00837898 ; 101.823;
5 ; 9 ; 15 ; 0.0711712 ; 0.00325276 ; 0.00355615 ; 101.365;
6 ; 9 ; 15 ; 0.0700963 ; -0.00163593 ; 0.00725415 ; 101.51;
7 ; 9 ; 15 ; 0.0697102 ; 0.00010253 ; 0.0113567 ; 101.452;
8 ; 9 ; 15 ; 0.0646924 ; 0.0026061 ; 0.00842971 ; 101.67;
9 ; 9 ; 15 ; 0.0504571 ; 0.011696 ; -0.00768784 ; 101.269;
10 ; 9 ; 15 ; 0.0466182 ; 0.0019042 ; -0.00529413 ; 101.403;
11 ; 9 ; 15 ; 0.0487985 ; -0.0104482 ; -0.00687591 ; 101.406;
12 ; 9 ; 15 ; 0.0536606 ; -0.0166054 ; -0.0013077 ; 101.48;
13 ; 9 ; 15 ; 0.0709712 ; 0.00658591 ; -0.0086919 ; 101.722;
14 ; 9 ; 15 ; 0.0695082 ; 0.0013671 ; -0.00870884 ; 101.749;
15 ; 9 ; 15 ; 0.067512 ; -0.00134147 ; -0.0154852 ; 101.581;
16 ; 9 ; 15 ; 0.0687048 ; -0.00459679 ; -0.0178086 ; 101.649;
17 ; 9 ; 15 ; 0.0588407 ; -0.0105926 ; -0.0104179 ; 101.584;
18 ; 9 ; 15 ; 0.0594966 ; -0.00841829 ; -0.00831846 ; 101.463;
19 ; 9 ; 15 ; 0.0572336 ; -0.00201398 ; -0.0044926 ; 101.448;
20 ; 9 ; 15 ; 0.0553454 ; 0.00657754 ; -0.00223457 ; 101.668;
21 ; 9 ; 15 ; 0.0785823 ; -0.0221079 ; -0.00274416 ; 101.354;
4 ; 10 ; 15 ; 0.057431 ; -0.0195194 ; 0.00241472 ; 101.649;
5 ; 10 ; 15 ; 0.0652533 ; -0.000548343 ; 0.00408026 ; 101.32;
6 ; 10 ; 15 ; 0.0693142 ; -0.00335493 ; 0.00847419 ; 101.398;
7 ; 10 ; 15 ; 0.0687825 ; -0.00399004 ; 0.0133444 ; 101.407;
8 ; 10 ; 15 ; 0.0806841 ; 0.00122902 ; 0.0142133 ; 101.277;
9 ; 10 ; 15 ; 0.0594591 ; 0.00992246 ; -0.00242273 ; 101.223;
10 ; 10 ; 15 ; 0.0549999 ; 0.00107536 ; -0.0071824 ; 101.428;
11 ; 10 ; 15 ; 0.0544345 ; -0.0117478 ; -0.00712247 ; 101.538;
12 ; 10 ; 15 ; 0.0476746 ; -0.0117884 ; -0.0015828 ; 101.393;
13 ; 10 ; 15 ; 0.0552785 ; -0.00647157 ; -0.00781915 ; 101.532;
14 ; 10 ; 15 ; 0.0634843 ; -0.000463539 ; -0.0113781 ; 101.585;
15 ; 10 ; 15 ; 0.0645839 ; 0.000592761 ; -0.0165787 ; 101.433;
16 ; 10 ; 15 ; 0.0638356 ; -0.00343697 ; -0.0249754 ; 101.391;
17 ; 10 ; 15 ; 0.062491 ; 0.00625394 ; -0.0112666 ; 101.844;
18 ; 10 ; 15 ; 0.0601471 ; -0.00516475 ; -0.0129965 ; 101.564;
19 ; 10 ; 15 ; 0.056901 ; -0.00599537 ; -0.0127899 ; 101.503;
20 ; 10 ; 15 ; 0.0542072 ; -0.00534033 ; -0.00437444 ; 101.324;
21 ; 10 ; 15 ; 0.0530314 ; 0.0262286 ; 0.0163947 ; 101.841;
4 ; 11 ; 15 ; 0.0459582 ; 0.0297905 ; 0.00477993 ; 101.7;
5 ; 11 ; 15 ; 0.078751 ; -0.000389088 ; -0.00727514 ; 101.466;
6 ; 11 ; 15 ; 0.0667309 ; -0.00685381 ; 0.00545971 ; 101.395;
7 ; 11 ; 15 ; 0.0589215 ; -0.00677522 ; 0.0103889 ; 101.581;
8 ; 11 ; 15 ; 0.0623089 ; -0.00756924 ; 0.0169133 ; 101.505;
9 ; 11 ; 15 ; 0.0490092 ; -0.000411926 ; 0.0213407 ; 101.326;
10 ; 11 ; 15 ; 0.0599746 ; -0.00147871 ; 0.00179466 ; 101.493;
11 ; 11 ; 15 ; 0.0656917 ; -0.0110343 ; -0.00536929 ; 101.764;
12 ; 11 ; 15 ; 0.0578378 ; -0.0163279 ; -0.00296645 ; 101.759;
13 ; 11 ; 15 ; 0.0595372 ; -0.0207489 ; -0.00614484 ; 101.567;
14 ; 11 ; 15 ; 0.0599456 ; -0.00432278 ; -0.00639724 ; 101.551;
15 ; 11 ; 15 ; 0.0592939 ; 0.00554596 ; -0.00957894 ; 101.539;
16 ; 11 ; 15 ; 0.0645466 ; 0.00828363 ; -0.0167301 ; 101.31;
17 ; 11 ; 15 ; 0.0480542 ; 0.00290682 ; -0.0174169 ; 101.955;
18 ; 11 ; 15 ; 0.0583742 ; -0.00198048 ; -0.0168145 ; 101.75;
19 ; 11 ; 15 ; 0.0619734 ; -0.0100238 ; -0.0172165 ; 101.698;
20 ; 11 ; 15 ; 0.0560915 ; -0.0026378 ; -0.0180601 ; 101.531;
21 ; 11 ; 15 ; 0.0780915 ; 0.0248332 ; 0.0104984 ; 102.316;
4 ; 12 ; 15 ; 0.0547354 ; 0.00781366 ; -0.0244399 ; 101.478;
5 ; 12 ; 15 ; 0.0839273 ; -0.000127038 ; -0.0158416 ; 101.373;
6 ; 12 ; 15 ; 0.0694768 ; -0.00794575 ; 0.00114347 ; 101.534;
7 ; 12 ; 15 ; 0.054802 ; -0.00686714 ; 0.00439463 ; 101.775;
8 ; 12 ; 15 ; 0.0493552 ; -0.00890627 ; 0.00227347 ; 101.962;
9 ; 12 ; 15 ; 0.0367076 ; -0.00948113 ; 0.0331411 ; 101.25;
10 ; 12 ; 15 ; 0.0597783 ; -0.00182037 ; 0.00972679 ; 101.555;
11 ; 12 ; 15 ; 0.0689127 ; -0.00975066 ; -0.00158311 ; 101.819;
12 ; 12 ; 15 ; 0.0664568 ; -0.0159288 ; 0.00644152 ; 101.806;
13 ; 12 ; 15 ; 0.0679501 ; -0.0287094 ; -0.00530556 ; 101.718;
14 ; 12 ; 15 ; 0.0592446 ; -0.00553083 ; -0.00359808 ; 101.589;
15 ; 12 ; 15 ; 0.0544232 ; 0.00641202 ; -0.00559082 ; 101.704;
16 ; 12 ; 15 ; 0.0487671 ; 0.0046139 ; -0.00827453 ; 101.777;
17 ; 12 ; 15 ; 0.0308945 ; -0.00747919 ; -0.0222241 ; 101.923;
18 ; 12 ; 15 ; 0.0588676 ; -0.00295182 ; -0.0180635 ; 101.874;
19 ; 12 ; 15 ; 0.0657797 ; -0.0142075 ; -0.0172014 ; 101.843;
20 ; 12 ; 15 ; 0.0605537 ; -0.00966512 ; -0.017062 ; 101.889;
21 ; 12 ; 15 ; 0.0567676 ; 0.0162656 ; -0.010838 ; 102.019;
4 ; 13 ; 15 ; 0.0828118 ; -0.0153307 ; 0.00680674 ; 101.558;
5 ; 13 ; 15 ; 0.0617031 ; 0.0017223 ; -0.0016974 ; 101.701;
6 ; 13 ; 15 ; 0.0695568 ; 4.23181e-05 ; -0.00977066 ; 101.538;
7 ; 13 ; 15 ; 0.0710922 ; 0.00572885 ; -0.000126007 ; 101.197;
8 ; 13 ; 15 ; 0.078935 ; 0.00596271 ; 0.0276096 ; 101.058;
9 ; 13 ; 15 ; 0.0536455 ; -0.0108082 ; -0.00638572 ; 101.493;
10 ; 13 ; 15 ; 0.05265 ; -0.01562 ; -0.00361031 ; 101.704;
11 ; 13 ; 15 ; 0.0617906 ; -0.013103 ; -0.00144698 ; 101.828;
12 ; 13 ; 15 ; 0.0736651 ; -4.19413e-05 ; -0.00413123 ; 101.705;
13 ; 13 ; 15 ; 0.0554837 ; 0.000605541 ; -0.00412143 ; 101.504;
14 ; 13 ; 15 ; 0.0662477 ; 0.00590163 ; -0.00401444 ; 101.457;
15 ; 13 ; 15 ; 0.0784807 ; 0.00513749 ; -0.00133143 ; 101.696;
16 ; 13 ; 15 ; 0.0872815 ; 0.0174066 ; 0.00908665 ; 101.828;
17 ; 13 ; 15 ; 0.0642035 ; 0.00630622 ; -0.000218717 ; 101.691;
18 ; 13 ; 15 ; 0.0637469 ; 0.00551494 ; 0.00132841 ; 101.633;
19 ; 13 ; 15 ; 0.0563134 ; 0.0113491 ; 0.00369306 ; 101.613;
20 ; 13 ; 15 ; 0.0669556 ; 0.0120121 ; 0.00630976 ; 101.523;
21 ; 13 ; 15 ; 0.0767706 ; 0.0460617 ; 0.000957735 ; 101.784;
4 ; 14 ; 15 ; 0.061243 ; 0.00672258 ; -0.00889488 ; 101.248;
5 ; 14 ; 15 ; 0.0624014 ; -0.0113813 ; 8.30618e-05 ; 101.665;
6 ; 14 ; 15 ; 0.0684677 ; -0.00551443 ; -0.00570674 ; 101.553;
7 ; 14 ; 15 ; 0.0715832 ; 0.00136835 ; 0.000484851 ; 101.24;
8 ; 14 ; 15 ; 0.0719579 ; 0.0106667 ; 0.019141 ; 101.054;
9 ; 14 ; 15 ; 0.0571335 ; -0.00777178 ; 0.00147378 ; 101.501;
10 ; 14 ; 15 ; 0.0539433 ; -0.013525 ; -0.00418141 ; 101.621;
11 ; 14 ; 15 ; 0.0598514 ; -0.0130399 ; -0.00431146 ; 101.634;
12 ; 14 ; 15 ; 0.0693924 ; -0.00599236 ; -0.00376583 ; 101.788;
13 ; 14 ; 15 ; 0.0710983 ; 0.00314858 ; -0.00386179 ; 101.692;
14 ; 14 ; 15 ; 0.0686084 ; 0.00251226 ; -0.00458759 ; 101.498;
15 ; 14 ; 15 ; 0.0738765 ; -0.00137957 ; -0.00344448 ; 101.571;
16 ; 14 ; 15 ; 0.0808033 ; 0.00774728 ; -0.00144774 ; 101.734;
17 ; 14 ; 15 ; 0.0538164 ; 0.0064063 ; -0.00682818 ; 101.305;
18 ; 14 ; 15 ; 0.0607337 ; 0.00639587 ; 0.000556061 ; 101.532;
19 ; 14 ; 15 ; 0.0566964 ; 0.0102054 ; 0.00316471 ; 101.648;
20 ; 14 ; 15 ; 0.0558452 ; 0.016903 ; 0.00367856 ; 101.527;
21 ; 14 ; 15 ; 0.0421614 ; 0.00925658 ; -0.0132487 ; 101.309;
4 ; 15 ; 15 ; 0.0316221 ; 0.0246121 ; 0.0169654 ; 100.57;
5 ; 15 ; 15 ; 0.0577067 ; -0.0135954 ; 0.00656547 ; 101.531;
6 ; 15 ; 15 ; 0.0644032 ; -0.0126039 ; 0.00123436 ; 101.508;
7 ; 15 ; 15 ; 0.0672859 ; -0.00452769 ; 0.00254423 ; 101.301;
8 ; 15 ; 15 ; 0.0706724 ; 0.00945535 ; 0.0072981 ; 101.118;
9 ; 15 ; 15 ; 0.0671608 ; 0.00255942 ; 0.00171001 ; 101.496;
10 ; 15 ; 15 ; 0.0620811 ; -0.00633278 ; -0.00195275 ; 101.517;
11 ; 15 ; 15 ; 0.0607689 ; -0.00669855 ; -0.0049296 ; 101.451;
12 ; 15 ; 15 ; 0.0599319 ; -0.0128313 ; -0.00632606 ; 101.563;
13 ; 15 ; 15 ; 0.0735615 ; 0.0030419 ; 0.000946592 ; 101.363;
14 ; 15 ; 15 ; 0.0716932 ; -0.00182607 ; -0.00259177 ; 101.543;
15 ; 15 ; 15 ; 0.0679399 ; -0.00643488 ; -0.00286056 ; 101.535;
16 ; 15 ; 15 ; 0.0659964 ; -0.0106562 ; -0.0088847 ; 101.387;
17 ; 15 ; 15 ; 0.0717379 ; 0.00105617 ; 0.000397062 ; 101.364;
18 ; 15 ; 15 ; 0.0612632 ; 0.00359132 ; 0.00288069 ; 101.435;
19 ; 15 ; 15 ; 0.0616205 ; 0.0045995 ; 0.00253444 ; 101.609;
20 ; 15 ; 15 ; 0.0542169 ; 0.0150193 ; 0.000368708 ; 101.784;
21 ; 15 ; 15 ; 0.0581267 ; 0.0162547 ; -0.00779773 ; 101.673;
4 ; 16 ; 15 ; 0.044861 ; -0.00380278 ; 0.0112473 ; 101.421;
5 ; 16 ; 15 ; 0.0537377 ; 0.000934568 ; 0.0100427 ; 101.775;
6 ; 16 ; 15 ; 0.0566553 ; -0.0094066 ; 0.00502922 ; 101.601;
7 ; 16 ; 15 ; 0.0610078 ; -0.0074895 ; 0.00254389 ; 101.44;
8 ; 16 ; 15 ; 0.0669968 ; 0.000878229 ; 0.0051061 ; 101.177;
9 ; 16 ; 15 ; 0.063047 ; 0.00725827 ; 0.00969884 ; 101.393;
10 ; 16 ; 15 ; 0.0633685 ; 0.00473224 ; 0.00496421 ; 101.508;
11 ; 16 ; 15 ; 0.0617498 ; 0.00517127 ; 0.00508385 ; 101.536;
12 ; 16 ; 15 ; 0.0592463 ; -0.00113932 ; -0.00593419 ; 101.48;
13 ; 16 ; 15 ; 0.0688685 ; -0.0119754 ; 0.00432159 ; 100.985;
14 ; 16 ; 15 ; 0.0708991 ; -0.00693653 ; 0.000203091 ; 101.356;
15 ; 16 ; 15 ; 0.0667441 ; -0.00720962 ; 8.44064e-05 ; 101.512;
16 ; 16 ; 15 ; 0.0591371 ; -0.00822642 ; 0.00176889 ; 101.536;
17 ; 16 ; 15 ; 0.0737461 ; 0.00402712 ; 0.00741808 ; 101.602;
18 ; 16 ; 15 ; 0.070955 ; 6.48443e-05 ; 0.00639163 ; 101.537;
19 ; 16 ; 15 ; 0.0717092 ; 0.000153688 ; 0.0045745 ; 101.68;
20 ; 16 ; 15 ; 0.071395 ; 0.000598716 ; -0.00289522 ; 101.774;
21 ; 16 ; 15 ; 0.0745972 ; 0.010183 ; -0.0183872 ; 101.577;
4 ; 17 ; 15 ; 0.0453882 ; 0.0279967 ; 0.0241557 ; 101.027;
5 ; 17 ; 15 ; 0.0686555 ; 0.00607272 ; 0.00168506 ; 101.482;
6 ; 17 ; 15 ; 0.0593559 ; 2.23297e-05 ; 0.00225219 ; 101.631;
7 ; 17 ; 15 ; 0.0554635 ; -0.00253801 ; 0.00162452 ; 101.542;
8 ; 17 ; 15 ; 0.0550348 ; -0.00587609 ; 0.00175133 ; 101.407;
9 ; 17 ; 15 ; 0.0660515 ; 0.0132917 ; 0.0062777 ; 101.47;
10 ; 17 ; 15 ; 0.0633106 ; 0.00704505 ; 0.0119166 ; 101.62;
11 ; 17 ; 15 ; 0.0606432 ; 0.00292979 ; 0.0128523 ; 101.612;
12 ; 17 ; 15 ; 0.0630109 ; 0.00889112 ; 0.0111492 ; 101.73;
13 ; 17 ; 15 ; 0.0568387 ; -0.0107417 ; 0.0217142 ; 101.075;
14 ; 17 ; 15 ; 0.0662216 ; -0.0118277 ; 0.00889517 ; 101.11;
15 ; 17 ; 15 ; 0.0652572 ; -0.00662361 ; -0.000783205 ; 101.365;
16 ; 17 ; 15 ; 0.0627689 ; -0.00369155 ; -0.00294091 ; 101.728;
17 ; 17 ; 15 ; 0.0660768 ; 0.00927787 ; 0.00340692 ; 101.313;
18 ; 17 ; 15 ; 0.0681098 ; 0.00369117 ; 0.00638567 ; 101.652;
19 ; 17 ; 15 ; 0.0681543 ; 0.000541804 ; 0.00491543 ; 101.852;
20 ; 17 ; 15 ; 0.0726522 ; -0.00171909 ; 0.00140001 ; 101.816;
21 ; 17 ; 15 ; 0.0846683 ; -0.0147508 ; -0.00503896 ; 101.578;
4 ; 18 ; 15 ; 0.0892186 ; 0.0323249 ; -0.00784579 ; 101.592;
5 ; 18 ; 15 ; 0.0855467 ; 0.0035978 ; -0.00887993 ; 101.007;
6 ; 18 ; 15 ; 0.0624893 ; 0.00450165 ; 0.000277331 ; 101.688;
7 ; 18 ; 15 ; 0.0552721 ; -0.000167048 ; 0.000511693 ; 101.607;
8 ; 18 ; 15 ; 0.0543516 ; -0.00562205 ; 0.00154174 ; 101.501;
9 ; 18 ; 15 ; 0.0793621 ; 0.0165621 ; 5.41668e-06 ; 101.544;
10 ; 18 ; 15 ; 0.0596966 ; 0.00622094 ; 0.0137872 ; 101.671;
11 ; 18 ; 15 ; 0.0575308 ; -0.00229836 ; 0.0147188 ; 101.568;
12 ; 18 ; 15 ; 0.0562491 ; 0.00386695 ; 0.0103808 ; 101.315;
13 ; 18 ; 15 ; 0.049201 ; -0.00227356 ; 0.0390066 ; 101.239;
14 ; 18 ; 15 ; 0.063708 ; -0.0153338 ; 0.0127231 ; 100.968;
15 ; 18 ; 15 ; 0.0633488 ; -0.00957845 ; -0.00356586 ; 101.174;
16 ; 18 ; 15 ; 0.0579456 ; 0.00499877 ; -0.013385 ; 101.638;
17 ; 18 ; 15 ; 0.0653352 ; 0.00924446 ; 0.00263834 ; 101.089;
18 ; 18 ; 15 ; 0.0633701 ; 0.0083738 ; 0.00414674 ; 101.674;
19 ; 18 ; 15 ; 0.0635831 ; 0.00281692 ; 0.00490664 ; 102.006;
20 ; 18 ; 15 ; 0.0683667 ; -0.00205393 ; 0.00745396 ; 101.883;
21 ; 18 ; 15 ; 0.0615902 ; -0.0125656 ; -0.0332647 ; 101.271;
4 ; 19 ; 15 ; 0.0671071 ; 0.0140224 ; 0.0102417 ; 101.481;
5 ; 19 ; 15 ; 0.0641663 ; -0.00831998 ; -0.000473685 ; 101.46;
6 ; 19 ; 15 ; 0.0639841 ; -0.00603924 ; 0.00533845 ; 101.394;
7 ; 19 ; 15 ; 0.0719518 ; -0.00561895 ; 0.00607358 ; 101.488;
8 ; 19 ; 15 ; 0.0705931 ; -0.00430982 ; 0.0106435 ; 101.899;
9 ; 19 ; 15 ; 0.0478014 ; -0.0113901 ; -0.0138137 ; 101.996;
10 ; 19 ; 15 ; 0.0506894 ; -0.0120171 ; -0.00962877 ; 101.931;
11 ; 19 ; 15 ; 0.0556282 ; -0.0155785 ; -0.00909418 ; 101.64;
12 ; 19 ; 15 ; 0.0552145 ; -0.0413603 ; -0.00424893 ; 101.464;
13 ; 19 ; 15 ; 0.0537629 ; 0.0117798 ; -0.00195863 ; 101.595;
14 ; 19 ; 15 ; 0.0511653 ; 0.00587599 ; -0.0050309 ; 101.359;
15 ; 19 ; 15 ; 0.0536458 ; 0.00033746 ; -0.0101079 ; 101.493;
16 ; 19 ; 15 ; 0.0776179 ; -0.00679256 ; -0.00799532 ; 102.519;
17 ; 19 ; 15 ; 0.0536614 ; -0.0197097 ; 0.00832625 ; 101.661;
18 ; 19 ; 15 ; 0.0557652 ; -0.017199 ; 0.00287947 ; 101.792;
19 ; 19 ; 15 ; 0.0649035 ; -0.0120524 ; -0.000170693 ; 101.835;
20 ; 19 ; 15 ; 0.0772199 ; -0.0139898 ; 0.00302579 ; 101.756;
21 ; 19 ; 15 ; 0.0559442 ; 0.00657228 ; 0.0172785 ; 100.914;
4 ; 20 ; 15 ; 0.0685372 ; -9.67633e-05 ; 0.0115807 ; 101.278;
5 ; 20 ; 15 ; 0.0676993 ; -0.00320379 ; 0.00246694 ; 101.349;
6 ; 20 ; 15 ; 0.0640708 ; -0.00589022 ; 0.00233015 ; 101.521;
7 ; 20 ; 15 ; 0.0672577 ; -0.00346375 ; 0.00272403 ; 101.606;
8 ; 20 ; 15 ; 0.0734065 ; -0.00884714 ; 0.00640285 ; 101.591;
9 ; 20 ; 15 ; 0.0623646 ; -0.00348185 ; -0.0149779 ; 101.209;
10 ; 20 ; 15 ; 0.054637 ; -0.00744957 ; -0.00410336 ; 101.642;
11 ; 20 ; 15 ; 0.0558259 ; -0.0130329 ; 0.000171462 ; 101.519;
12 ; 20 ; 15 ; 0.0574018 ; -0.0261291 ; -0.00386233 ; 101.363;
13 ; 20 ; 15 ; 0.0616233 ; -0.00195565 ; 0.00669043 ; 101.384;
14 ; 20 ; 15 ; 0.0558436 ; 0.0039348 ; -0.000742823 ; 101.471;
15 ; 20 ; 15 ; 0.059229 ; 0.00344483 ; -0.00732406 ; 101.597;
16 ; 20 ; 15 ; 0.064188 ; -0.00578122 ; -0.00964663 ; 101.913;
17 ; 20 ; 15 ; 0.0698274 ; -0.00450925 ; 0.0167459 ; 101.955;
18 ; 20 ; 15 ; 0.0600852 ; -0.0108574 ; 0.00840709 ; 101.823;
19 ; 20 ; 15 ; 0.0639055 ; -0.00982759 ; 0.0014403 ; 101.771;
20 ; 20 ; 15 ; 0.074474 ; -0.0145835 ; 0.000663859 ; 101.754;
21 ; 20 ; 15 ; 0.0631154 ; -0.00596077 ; -0.00262393 ; 101.45;
4 ; 21 ; 15 ; 0.0701188 ; -0.0371536 ; -0.000549414 ; 100.974;
5 ; 21 ; 15 ; 0.0656983 ; -0.00144561 ; -0.00152801 ; 101.046;
6 ; 21 ; 15 ; 0.066118 ; -0.00601984 ; 0.001145 ; 101.693;
7 ; 21 ; 15 ; 0.064628 ; -0.0044814 ; -0.000753002 ; 101.667;
8 ; 21 ; 15 ; 0.0671582 ; -0.00747731 ; 0.00319381 ; 101.383;
9 ; 21 ; 15 ; 0.0743636 ; -0.000475781 ; -0.00800377 ; 100.567;
10 ; 21 ; 15 ; 0.057118 ; -0.00228152 ; -0.00437609 ; 101.452;
11 ; 21 ; 15 ; 0.056974 ; -0.00668646 ; 0.0042803 ; 101.416;
12 ; 21 ; 15 ; 0.0592563 ; -0.0142677 ; 0.00177496 ; 101.124;
13 ; 21 ; 15 ; 0.0741503 ; -0.0112593 ; 0.00980327 ; 101.598;
14 ; 21 ; 15 ; 0.055885 ; 0.00291221 ; 0.00228041 ; 101.455;
15 ; 21 ; 15 ; 0.0596626 ; 0.00605046 ; -0.00582318 ; 101.53;
16 ; 21 ; 15 ; 0.0592051 ; 0.00168925 ; -0.0104578 ; 101.218;
17 ; 21 ; 15 ; 0.0780552 ; 0.00468773 ; 0.0203575 ; 101.995;
18 ; 21 ; 15 ; 0.0641648 ; -0.00657221 ; 0.0140375 ; 101.887;
19 ; 21 ; 15 ; 0.063307 ; -0.00998024 ; 0.003788 ; 101.733;
20 ; 21 ; 15 ; 0.0637033 ; -0.0156155 ; -0.00977259 ; 101.798;
21 ; 21 ; 15 ; 0.0474407 ; -0.0214867 ; 0.00120167 ; 102.279;
4 ; 4 ; 16 ; 0.0637268 ; -0.00269256 ; -0.00375231 ; 101.935;
5 ; 4 ; 16 ; 0.0454606 ; 0.00172447 ; -0.00843268 ; 101.422;
6 ; 4 ; 16 ; 0.0550691 ; 0.0230835 ; 0.000997105 ; 100.8;
7 ; 4 ; 16 ; 0.04635 ; 0.00437185 ; 0.00384651 ; 101.337;
8 ; 4 ; 16 ; 0.0705596 ; 0.02661 ; -0.0297804 ; 100.645;
9 ; 4 ; 16 ; 0.0588504 ; 0.0187214 ; 0.0101638 ; 101.821;
10 ; 4 ; 16 ; 0.0395705 ; -0.00354055 ; 0.000596194 ; 101.108;
11 ; 4 ; 16 ; 0.0358857 ; -0.0204254 ; 0.0101271 ; 102.279;
12 ; 4 ; 16 ; 0.0521752 ; 0.0201244 ; 0.0133486 ; 102.178;
13 ; 4 ; 16 ; 0.0326392 ; -0.00866322 ; 0.0273022 ; 101.794;
14 ; 4 ; 16 ; 0.0618197 ; -0.00968571 ; 0.0116442 ; 100.5;
15 ; 4 ; 16 ; 0.0518148 ; -0.0075495 ; 0.0147304 ; 100.703;
16 ; 4 ; 16 ; 0.0629638 ; -0.0306847 ; -0.0174991 ; 101.418;
17 ; 4 ; 16 ; 0.0574714 ; -0.00325246 ; -0.0220951 ; 101.224;
18 ; 4 ; 16 ; 0.0339289 ; 0.00868049 ; 0.0221966 ; 101.763;
19 ; 4 ; 16 ; 0.0578199 ; 0.0165115 ; 0.00716015 ; 101.809;
20 ; 4 ; 16 ; 0.0363098 ; 0.0101125 ; -0.00621253 ; 101.478;
21 ; 4 ; 16 ; 0.02256 ; -0.00888168 ; 0.000741683 ; 101.784;
4 ; 5 ; 16 ; 0.0381072 ; 0.0441038 ; -0.0143419 ; 102.161;
5 ; 5 ; 16 ; 0.0375728 ; 0.00695647 ; -0.0172192 ; 101.536;
6 ; 5 ; 16 ; 0.0457149 ; 0.0101276 ; -0.00766061 ; 101.163;
7 ; 5 ; 16 ; 0.04244 ; -0.00255136 ; -0.00180059 ; 101.468;
8 ; 5 ; 16 ; 0.0601861 ; 0.0124594 ; -0.0173881 ; 100.978;
9 ; 5 ; 16 ; 0.0357568 ; 0.0115552 ; -0.00504886 ; 102.398;
10 ; 5 ; 16 ; 0.0373623 ; 0.00371494 ; -0.000549178 ; 101.491;
11 ; 5 ; 16 ; 0.0315187 ; -0.0111701 ; 0.0125342 ; 101.893;
12 ; 5 ; 16 ; 0.0423186 ; 0.00933533 ; 0.0152374 ; 101.728;
13 ; 5 ; 16 ; 0.0473928 ; 0.0378431 ; -0.0126603 ; 101.552;
14 ; 5 ; 16 ; 0.0529912 ; -0.00165799 ; 0.00286314 ; 100.919;
15 ; 5 ; 16 ; 0.0429833 ; -0.0111736 ; 0.00647063 ; 100.707;
16 ; 5 ; 16 ; 0.0561042 ; -0.0242249 ; -0.00514463 ; 101.288;
17 ; 5 ; 16 ; 0.0487584 ; -0.0139277 ; 0.00904773 ; 102.133;
18 ; 5 ; 16 ; 0.0407958 ; 0.00465146 ; 0.0134139 ; 101.807;
19 ; 5 ; 16 ; 0.0541125 ; 0.0137641 ; -8.74458e-05 ; 101.699;
20 ; 5 ; 16 ; 0.0364929 ; 0.00928724 ; -0.00264756 ; 101.487;
21 ; 5 ; 16 ; 0.0389479 ; -0.00630311 ; 0.00867088 ; 101.129;
4 ; 6 ; 16 ; 0.067835 ; -0.00145196 ; -0.0147575 ; 101.286;
5 ; 6 ; 16 ; 0.0589972 ; 0.000995467 ; -0.0025641 ; 101.581;
6 ; 6 ; 16 ; 0.0361486 ; -0.00121454 ; -0.010008 ; 101.467;
7 ; 6 ; 16 ; 0.0300356 ; -0.00723081 ; -0.00106119 ; 101.452;
8 ; 6 ; 16 ; 0.0454224 ; -0.0107268 ; 0.00481609 ; 101.524;
9 ; 6 ; 16 ; 0.0405024 ; 0.0259364 ; 0.0422332 ; 101.045;
10 ; 6 ; 16 ; 0.0443744 ; 0.0126608 ; 0.00872516 ; 101.749;
11 ; 6 ; 16 ; 0.0441421 ; 0.00276677 ; 0.00388935 ; 101.708;
12 ; 6 ; 16 ; 0.0370602 ; -0.00185812 ; 0.000333434 ; 101.471;
13 ; 6 ; 16 ; 0.0446595 ; -0.0107594 ; 0.0194058 ; 101.464;
14 ; 6 ; 16 ; 0.0457705 ; 0.00274331 ; 0.00171876 ; 101.435;
15 ; 6 ; 16 ; 0.0385906 ; -0.00501983 ; 0.00311242 ; 100.96;
16 ; 6 ; 16 ; 0.0425869 ; -0.00981695 ; 0.0048686 ; 101.16;
17 ; 6 ; 16 ; 0.0444264 ; -0.0104815 ; 0.00170409 ; 101.402;
18 ; 6 ; 16 ; 0.0445349 ; -0.00118111 ; -0.000308388 ; 101.58;
19 ; 6 ; 16 ; 0.0441986 ; 0.00791118 ; -0.0119351 ; 101.42;
20 ; 6 ; 16 ; 0.0309848 ; 0.00435443 ; -0.00132165 ; 101.486;
21 ; 6 ; 16 ; 0.0370184 ; -0.00908178 ; -0.0204314 ; 100.611;
4 ; 7 ; 16 ; 0.0727472 ; -0.0192042 ; 0.00967347 ; 101.72;
5 ; 7 ; 16 ; 0.0442831 ; 0.000587179 ; -0.020882 ; 101.849;
6 ; 7 ; 16 ; 0.0356278 ; -0.00923065 ; -0.0146938 ; 101.667;
7 ; 7 ; 16 ; 0.0636364 ; 0.018564 ; 0.0181721 ; 101.388;
8 ; 7 ; 16 ; 0.04787 ; -0.00764266 ; -0.0212375 ; 100.872;
9 ; 7 ; 16 ; 0.0360139 ; -0.0174925 ; 0.00318533 ; 102.362;
10 ; 7 ; 16 ; 0.0407218 ; 0.0214721 ; 0.0208373 ; 101.233;
11 ; 7 ; 16 ; 0.0477488 ; 0.00267998 ; -0.00919262 ; 100.679;
12 ; 7 ; 16 ; 0.0381394 ; 0.023093 ; 0.022761 ; 101.413;
13 ; 7 ; 16 ; 0.050632 ; 0.0141888 ; 0.00700864 ; 101.574;
14 ; 7 ; 16 ; 0.0506147 ; 0.000409788 ; 0.00235838 ; 101.248;
15 ; 7 ; 16 ; 0.0220146 ; 0.014482 ; 0.00987456 ; 101.649;
16 ; 7 ; 16 ; 0.0438012 ; 0.00786568 ; -0.0071719 ; 101.385;
17 ; 7 ; 16 ; 0.0263852 ; -0.00245062 ; 0.0108787 ; 101.121;
18 ; 7 ; 16 ; 0.0290281 ; 0.0158931 ; -0.00100604 ; 100.802;
19 ; 7 ; 16 ; 0.0508314 ; 0.00414789 ; 0.0181234 ; 100.63;
20 ; 7 ; 16 ; 0.0424545 ; -0.0277975 ; -0.00340667 ; 101.323;
21 ; 7 ; 16 ; 0.0419402 ; -0.00212914 ; 0.00157103 ; 101.267;
4 ; 8 ; 16 ; 0.0661305 ; 0.000720314 ; -0.00360039 ; 101.657;
5 ; 8 ; 16 ; 0.0208092 ; -0.00678446 ; 0.0127906 ; 101.295;
6 ; 8 ; 16 ; 0.0297309 ; -0.00624005 ; -0.00372972 ; 101.607;
7 ; 8 ; 16 ; 0.0432256 ; 0.00727349 ; 0.0139755 ; 101.65;
8 ; 8 ; 16 ; 0.0374927 ; -0.00787851 ; -0.0127922 ; 101.449;
9 ; 8 ; 16 ; 0.0325806 ; 0.00120074 ; -0.0109683 ; 101.572;
10 ; 8 ; 16 ; 0.0390349 ; 0.0107063 ; 0.00949685 ; 101.402;
11 ; 8 ; 16 ; 0.0438061 ; 0.00101817 ; -0.00580961 ; 101.253;
12 ; 8 ; 16 ; 0.0386893 ; 0.0154979 ; 0.0129293 ; 101.621;
13 ; 8 ; 16 ; 0.0417079 ; 0.0169599 ; -0.0238039 ; 101.674;
14 ; 8 ; 16 ; 0.0511046 ; 0.012688 ; -0.00175967 ; 101.278;
15 ; 8 ; 16 ; 0.0354104 ; 0.0203765 ; 0.0126963 ; 101.236;
16 ; 8 ; 16 ; 0.0441185 ; 0.01135 ; -0.00102163 ; 101.359;
17 ; 8 ; 16 ; 0.0560302 ; 0.000766654 ; 0.00738824 ; 100.468;
18 ; 8 ; 16 ; 0.0354416 ; 0.00701537 ; -0.000804176 ; 100.843;
19 ; 8 ; 16 ; 0.0453266 ; -0.00331616 ; 0.00211661 ; 101.045;
20 ; 8 ; 16 ; 0.0434979 ; -0.017057 ; -0.00891259 ; 101.535;
21 ; 8 ; 16 ; 0.0663119 ; 0.00304476 ; -0.0103713 ; 100.723;
4 ; 9 ; 16 ; 0.0346292 ; 0.00763389 ; -0.0295293 ; 101.291;
5 ; 9 ; 16 ; 0.0400608 ; -0.0155376 ; 0.00249142 ; 102.064;
6 ; 9 ; 16 ; 0.0338697 ; -0.0075486 ; 0.0029879 ; 101.642;
7 ; 9 ; 16 ; 0.0294134 ; -0.00845825 ; 0.000292805 ; 101.568;
8 ; 9 ; 16 ; 0.0279485 ; -0.00794669 ; 0.000660479 ; 101.488;
9 ; 9 ; 16 ; 0.0667405 ; -0.0057045 ; -0.0188178 ; 101.883;
10 ; 9 ; 16 ; 0.0458449 ; -0.004033 ; -0.0103596 ; 101.782;
11 ; 9 ; 16 ; 0.0425064 ; 0.000909534 ; 0.00181674 ; 102.079;
12 ; 9 ; 16 ; 0.0420456 ; 0.00686134 ; 0.0107674 ; 101.821;
13 ; 9 ; 16 ; 0.0150381 ; 0.00401459 ; -0.000865845 ; 101.227;
14 ; 9 ; 16 ; 0.042645 ; 0.0175962 ; 0.00023447 ; 101.362;
15 ; 9 ; 16 ; 0.0554848 ; 0.0172264 ; 0.0176478 ; 101.051;
16 ; 9 ; 16 ; 0.0512799 ; 0.0114279 ; 0.00664035 ; 101.165;
17 ; 9 ; 16 ; 0.0417812 ; 0.00485233 ; -0.00746166 ; 100.536;
18 ; 9 ; 16 ; 0.0404916 ; -0.00233637 ; -0.00522554 ; 100.893;
19 ; 9 ; 16 ; 0.0386816 ; -0.0123933 ; -0.0170935 ; 101.454;
20 ; 9 ; 16 ; 0.0419896 ; -0.00670585 ; -0.0114824 ; 101.504;
21 ; 9 ; 16 ; 0.0322137 ; 0.0101048 ; 0.025962 ; 101.561;
4 ; 10 ; 16 ; 0.0527509 ; -0.00872393 ; 0.0180146 ; 101.467;
5 ; 10 ; 16 ; 0.0514412 ; 0.000687249 ; 0.0137819 ; 100.846;
6 ; 10 ; 16 ; 0.0478613 ; -0.00507325 ; 0.00629781 ; 101.551;
7 ; 10 ; 16 ; 0.0403596 ; -0.003548 ; -0.00172905 ; 101.341;
8 ; 10 ; 16 ; 0.0304854 ; -0.00202994 ; -0.0074547 ; 101.178;
9 ; 10 ; 16 ; 0.0199164 ; 0.00574455 ; -0.00593367 ; 101.024;
10 ; 10 ; 16 ; 0.0458139 ; -0.0028631 ; -0.0153853 ; 101.614;
11 ; 10 ; 16 ; 0.0477759 ; 0.00807583 ; -0.000724306 ; 101.853;
12 ; 10 ; 16 ; 0.0512476 ; 0.0151324 ; 0.0183965 ; 101.7;
13 ; 10 ; 16 ; 0.0434862 ; -0.000343272 ; 0.000207979 ; 101.933;
14 ; 10 ; 16 ; 0.0375001 ; 0.00524853 ; -0.000834643 ; 101.62;
15 ; 10 ; 16 ; 0.0559159 ; 0.00314838 ; 0.00246367 ; 101.488;
16 ; 10 ; 16 ; 0.0527396 ; 0.001335 ; 0.0056847 ; 101.341;
17 ; 10 ; 16 ; 0.0332846 ; -0.0156601 ; -0.0400669 ; 101.072;
18 ; 10 ; 16 ; 0.0378668 ; -0.0105415 ; -0.0172379 ; 100.948;
19 ; 10 ; 16 ; 0.0423196 ; -0.014185 ; -0.0129657 ; 101.176;
20 ; 10 ; 16 ; 0.0455489 ; -0.00279397 ; -0.00529324 ; 101.29;
21 ; 10 ; 16 ; 0.0524719 ; 0.0170762 ; -0.000816735 ; 102.247;
4 ; 11 ; 16 ; 0.0591248 ; -0.00222088 ; -0.0255869 ; 101.274;
5 ; 11 ; 16 ; 0.0117096 ; 0.00795107 ; 0.0127641 ; 101.297;
6 ; 11 ; 16 ; 0.0353297 ; 0.00679731 ; 0.0171391 ; 101.558;
7 ; 11 ; 16 ; 0.0378639 ; 5.46639e-05 ; 0.00601802 ; 101.96;
8 ; 11 ; 16 ; 0.0405069 ; -0.00470909 ; -0.0152068 ; 101.553;
9 ; 11 ; 16 ; 0.0439902 ; -0.00104062 ; 0.0213136 ; 100.873;
10 ; 11 ; 16 ; 0.039662 ; 0.00299125 ; -0.000851549 ; 101.183;
11 ; 11 ; 16 ; 0.0439208 ; 0.00738435 ; -0.00497217 ; 101.399;
12 ; 11 ; 16 ; 0.0436687 ; 0.00424633 ; -0.00172316 ; 101.402;
13 ; 11 ; 16 ; 0.0320844 ; 0.000637327 ; 0.00364329 ; 101.55;
14 ; 11 ; 16 ; 0.0397914 ; 0.00497284 ; -0.00433338 ; 101.633;
15 ; 11 ; 16 ; 0.0459878 ; 0.00748916 ; -0.00579723 ; 101.595;
16 ; 11 ; 16 ; 0.0463059 ; -0.000662955 ; 0.00710515 ; 101.98;
17 ; 11 ; 16 ; 0.0629311 ; -0.00490759 ; -0.00287783 ; 101.354;
18 ; 11 ; 16 ; 0.041788 ; -0.0170194 ; -0.0121767 ; 101.366;
19 ; 11 ; 16 ; 0.0438763 ; -0.0161738 ; -0.00690596 ; 101.476;
20 ; 11 ; 16 ; 0.0526539 ; 0.00205364 ; -0.0120931 ; 101.444;
21 ; 11 ; 16 ; 0.0421608 ; -0.00010289 ; -0.0139972 ; 102.494;
4 ; 12 ; 16 ; 0.0223847 ; -0.0217201 ; -0.0129957 ; 100.882;
5 ; 12 ; 16 ; 0.0246481 ; 0.022617 ; 0.00344517 ; 100.728;
6 ; 12 ; 16 ; 0.0255898 ; 0.00409156 ; 0.00743406 ; 101.565;
7 ; 12 ; 16 ; 0.0404176 ; -0.0133537 ; -0.000410997 ; 101.999;
8 ; 12 ; 16 ; 0.0496824 ; -0.0149278 ; -0.00415857 ; 101.372;
9 ; 12 ; 16 ; 0.05057 ; -0.00921151 ; 0.0152663 ; 100.874;
10 ; 12 ; 16 ; 0.0475851 ; 0.000254356 ; 0.0144009 ; 101.342;
11 ; 12 ; 16 ; 0.0428511 ; -2.77382e-05 ; 0.00662757 ; 101.648;
12 ; 12 ; 16 ; 0.0405808 ; -0.0141231 ; -0.00694575 ; 101.325;
13 ; 12 ; 16 ; 0.0598493 ; 0.0209699 ; 0.00564989 ; 101.564;
14 ; 12 ; 16 ; 0.0365649 ; 0.00393937 ; 0.00165638 ; 101.47;
15 ; 12 ; 16 ; 0.0302549 ; 0.00654983 ; 0.00478549 ; 101.666;
16 ; 12 ; 16 ; 0.0359643 ; 0.00756561 ; 0.015286 ; 101.943;
17 ; 12 ; 16 ; 0.0366282 ; 0.00586459 ; -0.028468 ; 101.373;
18 ; 12 ; 16 ; 0.0471639 ; -0.00570594 ; -0.0119626 ; 101.537;
19 ; 12 ; 16 ; 0.0500023 ; -0.0111774 ; -0.0163585 ; 101.587;
20 ; 12 ; 16 ; 0.0553967 ; -0.0041227 ; -0.0152514 ; 101.324;
21 ; 12 ; 16 ; 0.0324441 ; 0.0109394 ; -0.00471072 ; 101.353;
4 ; 13 ; 16 ; 0.045344 ; 0.00330668 ; 0.0102885 ; 100.85;
5 ; 13 ; 16 ; 0.0283875 ; -0.00197051 ; -0.00836399 ; 101.337;
6 ; 13 ; 16 ; 0.0511256 ; 0.00931494 ; 0.00167615 ; 100.997;
7 ; 13 ; 16 ; 0.0572595 ; -0.0359402 ; -0.0149145 ; 101.031;
8 ; 13 ; 16 ; 0.0442626 ; 0.00606289 ; -0.000363995 ; 101.205;
9 ; 13 ; 16 ; 0.0442498 ; 0.0110343 ; -2.28091e-05 ; 102.062;
10 ; 13 ; 16 ; 0.0500149 ; 0.00484794 ; 0.0128992 ; 101.337;
11 ; 13 ; 16 ; 0.0583937 ; -0.0344837 ; 0.000655006 ; 102.343;
12 ; 13 ; 16 ; 0.011413 ; -0.0138024 ; -0.0126997 ; 101.092;
13 ; 13 ; 16 ; 0.0536977 ; 0.00981047 ; -0.0282847 ; 101.029;
14 ; 13 ; 16 ; 0.049944 ; 0.00106124 ; 0.00365443 ; 100.967;
15 ; 13 ; 16 ; 0.0447326 ; 0.0060709 ; -1.99025e-05 ; 101.347;
16 ; 13 ; 16 ; 0.0533093 ; 0.0116255 ; 0.0063786 ; 102.037;
17 ; 13 ; 16 ; 0.0519543 ; -9.81584e-05 ; -0.0260066 ; 101.732;
18 ; 13 ; 16 ; 0.0509044 ; -0.0290175 ; -0.0190176 ; 102.301;
19 ; 13 ; 16 ; 0.0608635 ; 0.00157707 ; -0.00180593 ; 101.303;
20 ; 13 ; 16 ; 0.0430024 ; 0.0204525 ; -0.0235385 ; 101.218;
21 ; 13 ; 16 ; 0.0563417 ; -0.00743806 ; -0.00176584 ; 101.576;
4 ; 14 ; 16 ; 0.0566191 ; 0.0246343 ; 0.00281817 ; 100.312;
5 ; 14 ; 16 ; 0.0497403 ; 0.00502041 ; 0.0157002 ; 101.745;
6 ; 14 ; 16 ; 0.0506759 ; 0.00416236 ; 0.00444336 ; 101.282;
7 ; 14 ; 16 ; 0.0526486 ; -0.025819 ; -0.00818774 ; 101.421;
8 ; 14 ; 16 ; 0.0415383 ; -0.00252278 ; 0.000851652 ; 101.629;
9 ; 14 ; 16 ; 0.0296941 ; -0.00198584 ; 0.0180106 ; 100.621;
10 ; 14 ; 16 ; 0.0414802 ; 0.0072037 ; 0.0113136 ; 101.2;
11 ; 14 ; 16 ; 0.0509694 ; -0.0169362 ; -0.0039902 ; 101.949;
12 ; 14 ; 16 ; 0.0289579 ; -0.0132552 ; -0.00809169 ; 101.253;
13 ; 14 ; 16 ; 0.0394982 ; 0.00846855 ; -0.00987932 ; 100.901;
14 ; 14 ; 16 ; 0.0468169 ; 0.00519201 ; 0.00347897 ; 101.107;
15 ; 14 ; 16 ; 0.0410591 ; 0.00322386 ; 0.00810411 ; 101.584;
16 ; 14 ; 16 ; 0.0442873 ; 6.6459e-05 ; 0.00300943 ; 101.883;
17 ; 14 ; 16 ; 0.0532151 ; 0.00174682 ; 0.00540382 ; 101.893;
18 ; 14 ; 16 ; 0.0472045 ; -0.0137424 ; -0.0103503 ; 102.082;
19 ; 14 ; 16 ; 0.0501658 ; 0.00872089 ; 0.0030849 ; 101.388;
20 ; 14 ; 16 ; 0.044977 ; 0.0244156 ; -0.00857323 ; 101.367;
21 ; 14 ; 16 ; 0.0315028 ; -0.0115219 ; 0.00664946 ; 101.622;
4 ; 15 ; 16 ; 0.0538293 ; 0.0103366 ; -0.00655066 ; 101.543;
5 ; 15 ; 16 ; 0.0502783 ; -0.00730077 ; 0.00472575 ; 100.711;
6 ; 15 ; 16 ; 0.0479846 ; -0.00790843 ; 0.00181896 ; 101.265;
7 ; 15 ; 16 ; 0.0450168 ; -0.0122056 ; -0.00998918 ; 101.742;
8 ; 15 ; 16 ; 0.0374713 ; -0.00256081 ; -0.00952455 ; 101.813;
9 ; 15 ; 16 ; 0.0660578 ; 0.00972791 ; 0.0116998 ; 100.581;
10 ; 15 ; 16 ; 0.0436146 ; 0.0102774 ; 0.00906844 ; 101.054;
11 ; 15 ; 16 ; 0.0466974 ; 8.10036e-05 ; 0.0006238 ; 101.54;
12 ; 15 ; 16 ; 0.0505383 ; -0.0123287 ; -0.000179805 ; 101.709;
13 ; 15 ; 16 ; 0.0487312 ; -0.000747149 ; -0.00109673 ; 101.991;
14 ; 15 ; 16 ; 0.0443982 ; 0.0126323 ; 0.00279665 ; 101.483;
15 ; 15 ; 16 ; 0.0416357 ; 0.00833121 ; 0.00875728 ; 101.527;
16 ; 15 ; 16 ; 0.0367132 ; -0.00645696 ; -0.00235629 ; 101.201;
17 ; 15 ; 16 ; 0.0350533 ; -0.0170282 ; -0.0221148 ; 101.702;
18 ; 15 ; 16 ; 0.0406477 ; -0.00263331 ; -0.00700091 ; 101.769;
19 ; 15 ; 16 ; 0.0372569 ; 0.00693914 ; 0.00471568 ; 101.54;
20 ; 15 ; 16 ; 0.0433858 ; 0.0144683 ; 0.00841829 ; 101.428;
21 ; 15 ; 16 ; 0.0604849 ; 0.00503133 ; -0.00421606 ; 101.584;
4 ; 16 ; 16 ; 0.0392104 ; 0.0261846 ; 0.0154045 ; 101.404;
5 ; 16 ; 16 ; 0.0131733 ; 0.0115563 ; 0.0223381 ; 101.969;
6 ; 16 ; 16 ; 0.0325139 ; -0.00503762 ; -0.000697302 ; 101.139;
7 ; 16 ; 16 ; 0.0352505 ; -0.00779588 ; -0.0141147 ; 101.437;
8 ; 16 ; 16 ; 0.0346533 ; 0.00481101 ; -0.0100774 ; 101.391;
9 ; 16 ; 16 ; 0.0502192 ; -0.0295396 ; 0.00874226 ; 101.27;
10 ; 16 ; 16 ; 0.0534943 ; -0.00698207 ; 0.010831 ; 101.319;
11 ; 16 ; 16 ; 0.0523723 ; -0.0117161 ; 0.0119524 ; 101.604;
12 ; 16 ; 16 ; 0.0596864 ; -0.00668839 ; 0.000859438 ; 101.526;
13 ; 16 ; 16 ; 0.0519411 ; 0.00810488 ; -0.0210276 ; 101.732;
14 ; 16 ; 16 ; 0.0555367 ; 0.00996064 ; -0.00223706 ; 101.698;
15 ; 16 ; 16 ; 0.0533181 ; 0.0143692 ; -0.00237565 ; 101.471;
16 ; 16 ; 16 ; 0.0444973 ; 0.0102331 ; -0.003701 ; 101.224;
17 ; 16 ; 16 ; 0.0577923 ; -0.00197236 ; -0.0148513 ; 102.11;
18 ; 16 ; 16 ; 0.0493563 ; -0.00268103 ; -0.0129629 ; 101.766;
19 ; 16 ; 16 ; 0.04546 ; 0.00692333 ; -0.00745751 ; 101.405;
20 ; 16 ; 16 ; 0.0412559 ; 0.00337783 ; -0.00548955 ; 101.269;
21 ; 16 ; 16 ; 0.057015 ; -0.00853986 ; 0.0222834 ; 100.58;
4 ; 17 ; 16 ; 0.0633725 ; -0.0121958 ; -0.00326887 ; 100.918;
5 ; 17 ; 16 ; 0.0350369 ; -0.00200652 ; -0.0231781 ; 101.455;
6 ; 17 ; 16 ; 0.0253029 ; 0.0100453 ; -0.00344275 ; 101.539;
7 ; 17 ; 16 ; 0.0326377 ; 0.00216863 ; -0.00550209 ; 101.349;
8 ; 17 ; 16 ; 0.036927 ; -0.000387015 ; 0.00356694 ; 101.319;
9 ; 17 ; 16 ; 0.0447444 ; -0.0299119 ; 8.75067e-05 ; 101.964;
10 ; 17 ; 16 ; 0.047078 ; -0.0297629 ; 0.00740145 ; 101.625;
11 ; 17 ; 16 ; 0.0501695 ; -0.0239404 ; 0.00439811 ; 101.32;
12 ; 17 ; 16 ; 0.0595873 ; -0.00571647 ; -0.00348946 ; 101.043;
13 ; 17 ; 16 ; 0.0559416 ; -0.0129997 ; 5.25242e-05 ; 101.785;
14 ; 17 ; 16 ; 0.0657473 ; 0.000188067 ; -0.00389409 ; 101.692;
15 ; 17 ; 16 ; 0.061182 ; 0.00831148 ; -0.00311464 ; 101.679;
16 ; 17 ; 16 ; 0.046824 ; 0.0147403 ; -0.00886478 ; 101.597;
17 ; 17 ; 16 ; 0.0224662 ; 8.68074e-05 ; 0.00381141 ; 101.359;
18 ; 17 ; 16 ; 0.0461963 ; 0.00912184 ; -0.0111698 ; 101.56;
19 ; 17 ; 16 ; 0.0435029 ; 0.0162288 ; -0.0181558 ; 101.248;
20 ; 17 ; 16 ; 0.0427708 ; 0.00429187 ; -0.015164 ; 101.567;
21 ; 17 ; 16 ; 0.0613575 ; 0.000640933 ; 0.00838891 ; 101.446;
4 ; 18 ; 16 ; 0.0525266 ; 0.00717715 ; 0.00618681 ; 101.389;
5 ; 18 ; 16 ; 0.0669046 ; -0.0083529 ; 0.00943188 ; 101.382;
6 ; 18 ; 16 ; 0.0476068 ; 0.00352263 ; -0.00369499 ; 101.444;
7 ; 18 ; 16 ; 0.0473271 ; -0.00320926 ; 0.00429176 ; 101.25;
8 ; 18 ; 16 ; 0.045492 ; -0.00718609 ; 0.00524958 ; 101.309;
9 ; 18 ; 16 ; 0.0449025 ; 0.00690669 ; 0.0113652 ; 101.781;
10 ; 18 ; 16 ; 0.0502465 ; -0.0214446 ; 0.00272077 ; 101.603;
11 ; 18 ; 16 ; 0.0535335 ; -0.0224647 ; 0.00179526 ; 101.426;
12 ; 18 ; 16 ; 0.0479764 ; -0.00573504 ; 0.00283606 ; 101.69;
13 ; 18 ; 16 ; 0.043791 ; -0.0183269 ; 0.00671907 ; 101.935;
14 ; 18 ; 16 ; 0.0518437 ; -0.00485016 ; -0.00351099 ; 101.737;
15 ; 18 ; 16 ; 0.0534542 ; 0.0102353 ; -0.00805566 ; 101.351;
16 ; 18 ; 16 ; 0.0510873 ; 0.0125639 ; -0.00563665 ; 100.994;
17 ; 18 ; 16 ; 0.0588734 ; 0.00409443 ; -0.0119177 ; 101.191;
18 ; 18 ; 16 ; 0.039856 ; 0.00861533 ; -0.0161254 ; 101.437;
19 ; 18 ; 16 ; 0.0396055 ; 0.00810942 ; -0.0246395 ; 101.73;
20 ; 18 ; 16 ; 0.042149 ; -0.0054851 ; -0.0094246 ; 101.814;
21 ; 18 ; 16 ; 0.0730904 ; -0.0207441 ; 0.0116866 ; 101.481;
4 ; 19 ; 16 ; 0.0765944 ; 0.00814654 ; -0.0105513 ; 101.711;
5 ; 19 ; 16 ; 0.0300596 ; -0.0246849 ; 0.0219234 ; 101.877;
6 ; 19 ; 16 ; 0.0491339 ; 0.0283415 ; 0.00987071 ; 100.825;
7 ; 19 ; 16 ; 0.0102849 ; -0.00136991 ; 0.0188066 ; 102.503;
8 ; 19 ; 16 ; 0.0797138 ; 0.00659044 ; -0.00457707 ; 102.035;
9 ; 19 ; 16 ; 0.0475669 ; 0.00582235 ; 0.0140773 ; 100.558;
10 ; 19 ; 16 ; 0.0274948 ; 0.000741047 ; -0.0153421 ; 101.688;
11 ; 19 ; 16 ; 0.0615922 ; -0.0217108 ; -0.00450578 ; 101.754;
12 ; 19 ; 16 ; 0.0523106 ; 0.00609488 ; -0.0180696 ; 101.862;
13 ; 19 ; 16 ; 0.0501796 ; -0.00317442 ; 0.0041379 ; 101.253;
14 ; 19 ; 16 ; 0.0719269 ; -0.0105771 ; 0.0101759 ; 102.103;
15 ; 19 ; 16 ; 0.0558327 ; 0.012089 ; 0.021671 ; 101.99;
16 ; 19 ; 16 ; 0.0464549 ; -0.0120979 ; 0.005903 ; 100.707;
17 ; 19 ; 16 ; 0.0208195 ; 0.00781145 ; -0.00152583 ; 102.097;
18 ; 19 ; 16 ; 0.0383196 ; -0.0105481 ; -0.00986336 ; 101.138;
19 ; 19 ; 16 ; 0.0123665 ; -0.0158045 ; 0.00900885 ; 101.294;
20 ; 19 ; 16 ; 0.0426212 ; -0.0120608 ; -0.0199535 ; 102.185;
21 ; 19 ; 16 ; 0.0578286 ; -0.0333183 ; -0.0156994 ; 101.741;
4 ; 20 ; 16 ; 0.0242604 ; -0.0290588 ; -0.00431633 ; 101.239;
5 ; 20 ; 16 ; 0.033501 ; -0.0132489 ; -0.0162821 ; 101.189;
6 ; 20 ; 16 ; 0.0454441 ; 0.010584 ; 0.00276926 ; 101.265;
7 ; 20 ; 16 ; 0.0313787 ; -0.00180623 ; 0.0120234 ; 102.246;
8 ; 20 ; 16 ; 0.0712008 ; 0.00315387 ; -0.00549221 ; 101.61;
9 ; 20 ; 16 ; 0.0673904 ; -0.00976326 ; -0.0135796 ; 101.666;
10 ; 20 ; 16 ; 0.0418111 ; -0.00237329 ; -0.0150081 ; 101.708;
11 ; 20 ; 16 ; 0.0583455 ; -0.0129987 ; -0.00237919 ; 101.695;
12 ; 20 ; 16 ; 0.0563044 ; 0.00174934 ; -0.0078601 ; 101.72;
13 ; 20 ; 16 ; 0.0354749 ; 0.0157132 ; -0.00756563 ; 101.674;
14 ; 20 ; 16 ; 0.0546676 ; -0.00187284 ; 0.00621295 ; 102.09;
15 ; 20 ; 16 ; 0.0486594 ; 0.00921868 ; 0.0183248 ; 102.181;
16 ; 20 ; 16 ; 0.0442929 ; -0.00538297 ; 0.0100769 ; 101.149;
17 ; 20 ; 16 ; 0.0144223 ; 0.0119677 ; -0.0149266 ; 100.887;
18 ; 20 ; 16 ; 0.0316878 ; -0.00155343 ; -0.00847057 ; 101.172;
19 ; 20 ; 16 ; 0.0250823 ; -0.00452264 ; 0.002837 ; 101.442;
20 ; 20 ; 16 ; 0.0443142 ; -0.00398056 ; -0.0180978 ; 101.86;
21 ; 20 ; 16 ; 0.0595859 ; 0.0082069 ; 5.75234e-05 ; 101.194;
4 ; 21 ; 16 ; 0.0443959 ; 0.00204772 ; 0.00786324 ; 102.127;
5 ; 21 ; 16 ; 0.0477422 ; 0.0159393 ; -0.00456988 ; 101.51;
6 ; 21 ; 16 ; 0.0482996 ; -0.00756375 ; -0.00244073 ; 101.67;
7 ; 21 ; 16 ; 0.0535885 ; -0.00866422 ; 0.00107948 ; 101.629;
8 ; 21 ; 16 ; 0.0495016 ; -0.00205381 ; -0.00911599 ; 101.299;
9 ; 21 ; 16 ; 0.024241 ; 0.000593009 ; -0.0197808 ; 101.621;
10 ; 21 ; 16 ; 0.046237 ; -0.00234358 ; -0.00778256 ; 101.458;
11 ; 21 ; 16 ; 0.0418696 ; 0.00331587 ; 0.00955731 ; 101.365;
12 ; 21 ; 16 ; 0.0446349 ; 0.00186938 ; 0.00926539 ; 101.705;
13 ; 21 ; 16 ; 0.0450904 ; -0.00610816 ; -0.00839293 ; 101.5;
14 ; 21 ; 16 ; 0.0394435 ; 0.00477755 ; -0.00178716 ; 101.923;
15 ; 21 ; 16 ; 0.0406557 ; 0.00808705 ; 0.00336289 ; 102.023;
16 ; 21 ; 16 ; 0.0439031 ; 0.00499667 ; 0.003665 ; 101.59;
17 ; 21 ; 16 ; 0.0394378 ; -0.0226598 ; -0.00700738 ; 101.756;
18 ; 21 ; 16 ; 0.0333401 ; -0.0025427 ; -0.00523101 ; 101.411;
19 ; 21 ; 16 ; 0.0408738 ; 0.00300692 ; -0.00429471 ; 101.563;
20 ; 21 ; 16 ; 0.0430528 ; 0.00522792 ; -0.0106728 ; 101.425;
21 ; 21 ; 16 ; 0.0650621 ; -0.00974648 ; -0.00659539 ; 100.992;
4 ; 4 ; 17 ; 0.0289141 ; -0.00556943 ; 0.0182096 ; 101.906;
5 ; 4 ; 17 ; 0.0360132 ; -0.00637789 ; 0.00686903 ; 101.501;
6 ; 4 ; 17 ; 0.0352335 ; 0.00299748 ; 0.00559558 ; 101.7;
7 ; 4 ; 17 ; 0.0385026 ; 0.00684596 ; 0.0149041 ; 101.775;
8 ; 4 ; 17 ; 0.0394131 ; -0.0190853 ; 0.0254096 ; 102.031;
9 ; 4 ; 17 ; 0.0211691 ; 0.00242636 ; -0.00466079 ; 101.921;
10 ; 4 ; 17 ; 0.0241123 ; -0.000415899 ; 0.00239497 ; 101.83;
11 ; 4 ; 17 ; 0.0356297 ; -0.00619911 ; 0.00585521 ; 101.397;
12 ; 4 ; 17 ; 0.0413653 ; 0.00183281 ; 0.00246374 ; 100.84;
13 ; 4 ; 17 ; 0.0278985 ; 0.0038397 ; 0.00278136 ; 101.732;
14 ; 4 ; 17 ; 0.0252758 ; -0.00142619 ; 0.0129142 ; 101.538;
15 ; 4 ; 17 ; 0.0262714 ; 0.00613187 ; 0.0100648 ; 101.544;
16 ; 4 ; 17 ; 0.0269572 ; 0.0445605 ; 0.00859475 ; 101.403;
17 ; 4 ; 17 ; 0.0245658 ; 0.00906962 ; -0.00815936 ; 101.757;
18 ; 4 ; 17 ; 0.0291466 ; 0.00762327 ; -0.00380885 ; 101.566;
19 ; 4 ; 17 ; 0.035834 ; 0.0189106 ; -0.00130745 ; 101.412;
20 ; 4 ; 17 ; 0.0449412 ; 0.036553 ; -0.00728469 ; 101.827;
21 ; 4 ; 17 ; 0.0365562 ; -0.0102715 ; 0.0101507 ; 100.534;
4 ; 5 ; 17 ; 0.0318702 ; 0.0186082 ; 0.00580763 ; 102.092;
5 ; 5 ; 17 ; 0.0226334 ; -0.00248333 ; 0.00450003 ; 100.928;
6 ; 5 ; 17 ; 0.0424961 ; -0.0256027 ; 0.00189403 ; 101.348;
7 ; 5 ; 17 ; 0.0351723 ; -3.60678e-06 ; 0.0142385 ; 101.575;
8 ; 5 ; 17 ; 0.0473603 ; 0.0165086 ; 0.0206708 ; 101.455;
9 ; 5 ; 17 ; 0.0296526 ; 0.00723234 ; 0.00721769 ; 101.873;
10 ; 5 ; 17 ; 0.0325948 ; -0.000237215 ; 0.0114749 ; 101.565;
11 ; 5 ; 17 ; 0.0422725 ; -0.00346304 ; 0.0123202 ; 101.702;
12 ; 5 ; 17 ; 0.0363315 ; -0.00795732 ; 0.00495039 ; 101.393;
13 ; 5 ; 17 ; 0.0287551 ; -0.00478102 ; 0.00666014 ; 101.471;
14 ; 5 ; 17 ; 0.0343624 ; -0.0134317 ; 0.0212304 ; 101.521;
15 ; 5 ; 17 ; 0.0413214 ; -0.00982947 ; 0.0104092 ; 101.319;
16 ; 5 ; 17 ; 0.0257569 ; -0.0166322 ; 0.00313713 ; 101.674;
17 ; 5 ; 17 ; 0.027343 ; 0.00338041 ; -0.012797 ; 101.847;
18 ; 5 ; 17 ; 0.0240774 ; 0.00526827 ; -0.0141246 ; 101.832;
19 ; 5 ; 17 ; 0.037807 ; -0.000960797 ; 0.000596631 ; 101.438;
20 ; 5 ; 17 ; 0.0256804 ; 0.0142958 ; 0.0172822 ; 101.174;
21 ; 5 ; 17 ; 0.0372507 ; -0.0107959 ; 0.00564106 ; 100.942;
4 ; 6 ; 17 ; 0.0570343 ; 0.0341472 ; 0.0276369 ; 102.232;
5 ; 6 ; 17 ; 0.0195147 ; -0.00352476 ; 0.00314517 ; 100.435;
6 ; 6 ; 17 ; 0.0544145 ; -0.0438089 ; -0.000845526 ; 101.139;
7 ; 6 ; 17 ; 0.0328153 ; -0.00793906 ; 0.0142091 ; 101.659;
8 ; 6 ; 17 ; 0.0624059 ; -0.0138479 ; 0.00787833 ; 101.04;
9 ; 6 ; 17 ; 0.0411385 ; 0.00828529 ; 0.00510115 ; 101.582;
10 ; 6 ; 17 ; 0.0448549 ; -0.00093266 ; 0.0124079 ; 101.296;
11 ; 6 ; 17 ; 0.0512433 ; 0.00152248 ; 0.0159991 ; 101.857;
12 ; 6 ; 17 ; 0.0275532 ; 0.0164008 ; -0.00768741 ; 102.33;
13 ; 6 ; 17 ; 0.0322329 ; -0.0126028 ; 0.00938549 ; 101.417;
14 ; 6 ; 17 ; 0.0357141 ; -0.0258646 ; 0.0206665 ; 101.463;
15 ; 6 ; 17 ; 0.0482475 ; -0.0141059 ; 0.00526869 ; 101.025;
16 ; 6 ; 17 ; 0.0365326 ; -0.00436447 ; 0.00213956 ; 101.353;
17 ; 6 ; 17 ; 0.0221589 ; 0.000311967 ; -0.0114545 ; 101.791;
18 ; 6 ; 17 ; 0.0177631 ; 0.00321113 ; -0.0163028 ; 102.075;
19 ; 6 ; 17 ; 0.0476963 ; -0.00994309 ; -0.000193556 ; 101.618;
20 ; 6 ; 17 ; 0.0102942 ; 0.00143423 ; 0.0224619 ; 101.232;
21 ; 6 ; 17 ; 0.0219932 ; 0.00082797 ; -0.0109492 ; 101.235;
4 ; 7 ; 17 ; 0.0314309 ; -0.0143861 ; 0.0275992 ; 100.994;
5 ; 7 ; 17 ; 0.0371531 ; -0.00236603 ; 0.00413969 ; 101.561;
6 ; 7 ; 17 ; 0.0322108 ; -0.00674012 ; 0.00425476 ; 101.327;
7 ; 7 ; 17 ; 0.0263228 ; -0.00109957 ; 0.00748953 ; 101.385;
8 ; 7 ; 17 ; 0.028862 ; -0.0135336 ; 0.0102573 ; 101.166;
9 ; 7 ; 17 ; 0.030352 ; 0.00142718 ; 0.00486471 ; 101.192;
10 ; 7 ; 17 ; 0.0380051 ; 0.00706861 ; -0.00637617 ; 101.517;
11 ; 7 ; 17 ; 0.034379 ; 0.001867 ; -0.000158271 ; 101.782;
12 ; 7 ; 17 ; 0.0138726 ; 0.00896834 ; 0.0247536 ; 102.032;
13 ; 7 ; 17 ; 0.0538885 ; -0.0171034 ; -0.00285233 ; 101.352;
14 ; 7 ; 17 ; 0.054579 ; 0.00120984 ; 0.00505618 ; 101.536;
15 ; 7 ; 17 ; 0.029573 ; 0.00626848 ; -0.000534538 ; 101.475;
16 ; 7 ; 17 ; 0.0326254 ; -0.0166735 ; 0.0170554 ; 100.504;
17 ; 7 ; 17 ; 0.0281913 ; -0.0125476 ; -0.00881982 ; 101.339;
18 ; 7 ; 17 ; 0.0367144 ; -0.00215585 ; -0.00627729 ; 101.473;
19 ; 7 ; 17 ; 0.0423739 ; 0.00243606 ; -0.0153758 ; 101.756;
20 ; 7 ; 17 ; 0.037799 ; -0.00496984 ; -0.0294445 ; 101.928;
21 ; 7 ; 17 ; 0.0155397 ; 0.00882242 ; 0.00202825 ; 101.245;
4 ; 8 ; 17 ; 0.0399343 ; -0.0117552 ; 0.0133964 ; 100.8;
5 ; 8 ; 17 ; 0.0310963 ; -0.00937544 ; 0.00817998 ; 101.542;
6 ; 8 ; 17 ; 0.0313134 ; -0.00203223 ; -0.00276856 ; 101.792;
7 ; 8 ; 17 ; 0.0317296 ; 0.00144131 ; -0.00509765 ; 101.701;
8 ; 8 ; 17 ; 0.0183032 ; 0.0221239 ; 0.0180674 ; 102.017;
9 ; 8 ; 17 ; 0.0297212 ; -0.0010551 ; -4.87562e-05 ; 101.244;
10 ; 8 ; 17 ; 0.031837 ; 0.00343782 ; -0.00802593 ; 101.35;
11 ; 8 ; 17 ; 0.0320499 ; -0.000593451 ; 0.00179565 ; 101.553;
12 ; 8 ; 17 ; 0.0275945 ; -0.0147079 ; -0.00168952 ; 101.52;
13 ; 8 ; 17 ; 0.0521635 ; -0.00959229 ; 0.0093533 ; 101.458;
14 ; 8 ; 17 ; 0.0478414 ; 0.00887452 ; 0.00936607 ; 101.431;
15 ; 8 ; 17 ; 0.0267362 ; 0.016008 ; -0.00619041 ; 101.579;
16 ; 8 ; 17 ; -0.00310891 ; 0.017734 ; -0.0285153 ; 101.633;
17 ; 8 ; 17 ; 0.0199644 ; -0.0103143 ; 0.00744879 ; 101.454;
18 ; 8 ; 17 ; 0.0310163 ; 0.00904009 ; -0.00596636 ; 101.369;
19 ; 8 ; 17 ; 0.0344618 ; 0.0106325 ; -0.0192374 ; 101.563;
20 ; 8 ; 17 ; 0.0566071 ; -0.00979069 ; -0.0180332 ; 102.063;
21 ; 8 ; 17 ; 0.036766 ; -0.0194722 ; -0.00406135 ; 101.686;
4 ; 9 ; 17 ; 0.0580383 ; -0.0239726 ; -0.000166112 ; 101.551;
5 ; 9 ; 17 ; 0.0338072 ; -0.0116527 ; 0.00781215 ; 101.757;
6 ; 9 ; 17 ; 0.0398207 ; -0.00191041 ; 0.00421217 ; 101.602;
7 ; 9 ; 17 ; 0.0337079 ; -0.00717847 ; -0.00553874 ; 101.487;
8 ; 9 ; 17 ; 0.0293469 ; -0.0110617 ; -0.0125727 ; 101.008;
9 ; 9 ; 17 ; 0.0294902 ; -0.00945449 ; 0.00617375 ; 101.516;
10 ; 9 ; 17 ; 0.0241821 ; -0.00482515 ; -5.95768e-05 ; 101.185;
11 ; 9 ; 17 ; 0.019618 ; 0.00267749 ; 0.00523217 ; 101.303;
12 ; 9 ; 17 ; 0.0312721 ; 0.00127777 ; 0.0239377 ; 101.146;
13 ; 9 ; 17 ; 0.0385299 ; -0.00599003 ; 0.00803716 ; 101.454;
14 ; 9 ; 17 ; 0.0375149 ; 0.00477385 ; 0.0104413 ; 101.571;
15 ; 9 ; 17 ; 0.0375329 ; 0.010571 ; 0.000302491 ; 101.286;
16 ; 9 ; 17 ; 0.0358538 ; 0.0173754 ; -0.00519696 ; 101.968;
17 ; 9 ; 17 ; 0.0234952 ; -0.00492153 ; -0.00200105 ; 101.606;
18 ; 9 ; 17 ; 0.0310428 ; 0.00639476 ; -0.00337593 ; 101.767;
19 ; 9 ; 17 ; 0.0297843 ; 0.0133531 ; -0.00919436 ; 101.967;
20 ; 9 ; 17 ; 0.01317 ; 0.0110868 ; -0.0225751 ; 101.931;
21 ; 9 ; 17 ; 0.00267338 ; 0.0128984 ; 5.58953e-05 ; 101.055;
4 ; 10 ; 17 ; 0.037333 ; -0.0048906 ; 0.0188652 ; 101.433;
5 ; 10 ; 17 ; 0.0352447 ; -0.00881842 ; 0.00795727 ; 101.527;
6 ; 10 ; 17 ; 0.0373949 ; -0.00384713 ; 0.00654189 ; 101.364;
7 ; 10 ; 17 ; 0.0307672 ; 0.00151851 ; -0.000450763 ; 101.158;
8 ; 10 ; 17 ; 0.0074814 ; -0.0159473 ; -0.00877915 ; 101.988;
9 ; 10 ; 17 ; 0.0330033 ; -0.00593964 ; 0.0257705 ; 101.667;
10 ; 10 ; 17 ; 0.023017 ; -0.00322307 ; 0.0127562 ; 101.311;
11 ; 10 ; 17 ; 0.0127217 ; -0.00263276 ; 0.00145447 ; 101.142;
12 ; 10 ; 17 ; 0.00706937 ; 0.00283714 ; 0.00151752 ; 101.349;
13 ; 10 ; 17 ; 0.0310769 ; -0.0113865 ; -0.00349308 ; 101.597;
14 ; 10 ; 17 ; 0.0424245 ; -0.0107089 ; 0.0105161 ; 101.803;
15 ; 10 ; 17 ; 0.0427772 ; 0.00108107 ; -0.000462351 ; 101.473;
16 ; 10 ; 17 ; 0.0400632 ; 0.002572 ; 0.000772207 ; 100.77;
17 ; 10 ; 17 ; 0.0283186 ; 0.00690713 ; -0.0249725 ; 101.469;
18 ; 10 ; 17 ; 0.0361942 ; 0.00107625 ; -0.00993763 ; 101.81;
19 ; 10 ; 17 ; 0.0314772 ; 0.00732431 ; -0.00850185 ; 101.897;
20 ; 10 ; 17 ; 0.0332289 ; 0.0107288 ; 0.00465814 ; 102.007;
21 ; 10 ; 17 ; 0.019855 ; 0.00343279 ; 0.00579876 ; 100.902;
4 ; 11 ; 17 ; 0.0408236 ; 0.0111625 ; 0.000986729 ; 101.132;
5 ; 11 ; 17 ; 0.0245154 ; -0.0149818 ; 0.0131303 ; 101.246;
6 ; 11 ; 17 ; 0.0337943 ; -0.0004844 ; 0.00545098 ; 101.293;
7 ; 11 ; 17 ; 0.00865544 ; -0.00729796 ; -0.00623141 ; 101.139;
8 ; 11 ; 17 ; 0.0367675 ; 0.0260078 ; 0.00327562 ; 100.472;
9 ; 11 ; 17 ; 0.0474215 ; 0.00853933 ; 0.0335824 ; 101.059;
10 ; 11 ; 17 ; 0.0367909 ; -0.00986488 ; 0.0205858 ; 101.322;
11 ; 11 ; 17 ; 0.0329301 ; -0.00552705 ; 0.00178635 ; 101.468;
12 ; 11 ; 17 ; 0.0104722 ; -0.017054 ; -0.00421639 ; 101.09;
13 ; 11 ; 17 ; 0.0348073 ; -0.0114409 ; 0.0107226 ; 101.552;
14 ; 11 ; 17 ; 0.0280064 ; -0.0148708 ; 0.0014279 ; 101.74;
15 ; 11 ; 17 ; 0.02628 ; -0.0093762 ; -0.00627558 ; 101.776;
16 ; 11 ; 17 ; 0.0298152 ; -0.000858093 ; -0.023291 ; 101.308;
17 ; 11 ; 17 ; 0.0297273 ; -0.000603553 ; -0.0313168 ; 101.094;
18 ; 11 ; 17 ; 0.031621 ; 0.00192316 ; -0.0147578 ; 101.621;
19 ; 11 ; 17 ; 0.0340015 ; 0.00515678 ; -0.00199992 ; 101.532;
20 ; 11 ; 17 ; 0.0176391 ; 0.0138433 ; -0.0218938 ; 101.58;
21 ; 11 ; 17 ; 0.0328906 ; -0.0172741 ; -0.0031606 ; 101.563;
4 ; 12 ; 17 ; 0.0118123 ; -0.0155415 ; -0.00582483 ; 100.539;
5 ; 12 ; 17 ; 0.0197376 ; -0.0169098 ; 0.0187284 ; 101.195;
6 ; 12 ; 17 ; 0.0360081 ; 0.0036574 ; 0.00946283 ; 101.237;
7 ; 12 ; 17 ; -0.0110351 ; -0.0223194 ; -0.0102558 ; 101.338;
8 ; 12 ; 17 ; 0.0260588 ; -0.0271549 ; -0.0113735 ; 102.482;
9 ; 12 ; 17 ; 0.0510644 ; 0.016464 ; 0.0326154 ; 100.595;
10 ; 12 ; 17 ; 0.0440883 ; -0.0168876 ; 0.0190798 ; 101.082;
11 ; 12 ; 17 ; 0.0492161 ; -0.00266939 ; -0.000470945 ; 101.665;
12 ; 12 ; 17 ; 0.0427593 ; 0.00661081 ; 0.00701499 ; 101.138;
13 ; 12 ; 17 ; 0.0376197 ; -0.00729462 ; 0.0221523 ; 101.26;
14 ; 12 ; 17 ; 0.0164013 ; -0.00728993 ; -0.00614173 ; 101.62;
15 ; 12 ; 17 ; 0.0159273 ; -0.0119837 ; -0.00795124 ; 101.858;
16 ; 12 ; 17 ; 0.0496475 ; -0.0106123 ; -0.00362228 ; 101.282;
17 ; 12 ; 17 ; 0.0312323 ; -0.0108331 ; -0.0317364 ; 101.022;
18 ; 12 ; 17 ; 0.0282 ; 0.00214271 ; -0.0107317 ; 101.784;
19 ; 12 ; 17 ; 0.0391845 ; 0.00333631 ; 0.0122292 ; 101.572;
20 ; 12 ; 17 ; 0.0269235 ; 0.0416976 ; -0.00276514 ; 101.278;
21 ; 12 ; 17 ; 0.0229551 ; -0.0111535 ; 0.00974296 ; 101.769;
4 ; 13 ; 17 ; 0.019793 ; 0.00208125 ; 0.00134252 ; 102.317;
5 ; 13 ; 17 ; 0.035057 ; 0.00538568 ; 0.0110903 ; 101.353;
6 ; 13 ; 17 ; 0.0333762 ; 0.00636976 ; 0.00405238 ; 101.336;
7 ; 13 ; 17 ; 0.024144 ; -0.00974413 ; 0.009149 ; 101.725;
8 ; 13 ; 17 ; 0.0161477 ; -0.0214494 ; 0.0224606 ; 101.981;
9 ; 13 ; 17 ; 0.0327462 ; -0.00173133 ; -0.00805815 ; 101.523;
10 ; 13 ; 17 ; 0.0239291 ; -0.00491837 ; -0.0175628 ; 101.301;
11 ; 13 ; 17 ; 0.0309023 ; -0.00654267 ; 0.00313809 ; 101.227;
12 ; 13 ; 17 ; 0.0523375 ; -0.0131998 ; 0.035968 ; 100.896;
13 ; 13 ; 17 ; 0.0297368 ; -0.00205617 ; 0.00555168 ; 101.734;
14 ; 13 ; 17 ; 0.0296676 ; -0.00863851 ; -0.00714879 ; 101.922;
15 ; 13 ; 17 ; 0.0361116 ; -0.00128302 ; -0.0107479 ; 101.932;
16 ; 13 ; 17 ; 0.0205094 ; -0.00456415 ; 0.00985922 ; 102.528;
17 ; 13 ; 17 ; 0.0294932 ; 0.00436468 ; -0.00579393 ; 101.405;
18 ; 13 ; 17 ; 0.0393822 ; -0.00120833 ; -0.0080474 ; 101.306;
19 ; 13 ; 17 ; 0.036565 ; -0.000195757 ; -0.0270383 ; 101.494;
20 ; 13 ; 17 ; 0.0294092 ; 0.0019684 ; -0.0310459 ; 101.413;
21 ; 13 ; 17 ; 0.0494143 ; 0.0106035 ; -0.00309151 ; 101.188;
4 ; 14 ; 17 ; 0.0312928 ; -0.0141161 ; 0.0182417 ; 101.875;
5 ; 14 ; 17 ; 0.0365075 ; 0.00855739 ; 0.00051132 ; 101.61;
6 ; 14 ; 17 ; 0.0300167 ; -0.00309465 ; -0.00124123 ; 101.585;
7 ; 14 ; 17 ; 0.0218178 ; -0.0139553 ; 0.00518077 ; 101.398;
8 ; 14 ; 17 ; 0.0178599 ; -0.0242799 ; -0.00834177 ; 101.946;
9 ; 14 ; 17 ; 0.0353814 ; 0.00192207 ; 0.00652371 ; 101.584;
10 ; 14 ; 17 ; 0.0322582 ; -0.000620339 ; 0.00505417 ; 101.105;
11 ; 14 ; 17 ; 0.0252476 ; 0.00453277 ; -0.00342625 ; 100.944;
12 ; 14 ; 17 ; 0.0339252 ; -0.0153273 ; 0.022675 ; 101.474;
13 ; 14 ; 17 ; 0.0256498 ; -0.00121006 ; 0.00917657 ; 101.763;
14 ; 14 ; 17 ; 0.0327644 ; -0.00467054 ; -0.00447812 ; 101.819;
15 ; 14 ; 17 ; 0.0421081 ; -0.00675829 ; -0.0229267 ; 101.832;
16 ; 14 ; 17 ; 0.0564709 ; 0.0197897 ; -0.02498 ; 101.108;
17 ; 14 ; 17 ; 0.0239391 ; 0.0146155 ; -0.00506364 ; 101.317;
18 ; 14 ; 17 ; 0.036067 ; 0.00627785 ; -0.00252326 ; 101.506;
19 ; 14 ; 17 ; 0.0453444 ; 0.00477581 ; -0.0204919 ; 101.835;
20 ; 14 ; 17 ; 0.03205 ; 0.0155432 ; -0.0604346 ; 102.232;
21 ; 14 ; 17 ; 0.00453672 ; 0.00241076 ; -0.033392 ; 102.684;
4 ; 15 ; 17 ; 0.0161694 ; -0.0140488 ; 0.019554 ; 101.173;
5 ; 15 ; 17 ; 0.0385875 ; 0.000922038 ; 0.00162329 ; 101.536;
6 ; 15 ; 17 ; 0.0357201 ; -0.00165069 ; -0.00160057 ; 101.391;
7 ; 15 ; 17 ; 0.0218244 ; -0.00275739 ; -0.00383186 ; 101.15;
8 ; 15 ; 17 ; 0.0092079 ; -0.000149229 ; 0.00470266 ; 101.029;
9 ; 15 ; 17 ; 0.0335015 ; -0.0058449 ; 0.0202272 ; 101.851;
10 ; 15 ; 17 ; 0.0445427 ; -0.00576738 ; 0.00529963 ; 101.602;
11 ; 15 ; 17 ; 0.0296788 ; 0.00902903 ; -0.00326545 ; 101.327;
12 ; 15 ; 17 ; 0.0183708 ; 0.0258193 ; -0.0353492 ; 100.532;
13 ; 15 ; 17 ; 0.0281276 ; 0.00663063 ; 0.0108326 ; 101.52;
14 ; 15 ; 17 ; 0.0276326 ; -0.00494088 ; 0.00285196 ; 101.423;
15 ; 15 ; 17 ; 0.034224 ; -0.00714961 ; -0.00976044 ; 101.579;
16 ; 15 ; 17 ; 0.0311264 ; -0.0191505 ; -0.0338138 ; 102.249;
17 ; 15 ; 17 ; 0.0282422 ; 0.00717787 ; -0.0174579 ; 101.516;
18 ; 15 ; 17 ; 0.0252311 ; -0.009737 ; -0.00172077 ; 101.877;
19 ; 15 ; 17 ; 0.0342507 ; -0.00889398 ; -0.00755266 ; 101.881;
20 ; 15 ; 17 ; 0.0584261 ; 0.00486438 ; -0.0314527 ; 102.007;
21 ; 15 ; 17 ; 0.0482341 ; -0.014169 ; 0.00788308 ; 101.118;
4 ; 16 ; 17 ; 0.0441039 ; 0.0102829 ; 0.0232941 ; 101.836;
5 ; 16 ; 17 ; 0.0400673 ; 0.00446762 ; 0.00599167 ; 101.791;
6 ; 16 ; 17 ; 0.0372652 ; 0.00608852 ; 0.0027898 ; 101.246;
7 ; 16 ; 17 ; 0.0236337 ; 0.00281082 ; -0.00866181 ; 101.309;
8 ; 16 ; 17 ; 0.0177393 ; -0.00392944 ; -0.0212374 ; 101.444;
9 ; 16 ; 17 ; 0.0326581 ; 0.00623643 ; 0.00579238 ; 101.678;
10 ; 16 ; 17 ; 0.0278467 ; -0.00197107 ; -0.00238923 ; 101.683;
11 ; 16 ; 17 ; 0.0203999 ; 0.00879989 ; 0.00758568 ; 101.628;
12 ; 16 ; 17 ; 0.0204722 ; 0.0204187 ; 0.021876 ; 101.667;
13 ; 16 ; 17 ; 0.0242261 ; 0.00977183 ; -0.000986786 ; 101.652;
14 ; 16 ; 17 ; 0.0103543 ; -0.00178448 ; -0.00852045 ; 101.62;
15 ; 16 ; 17 ; 0.0220218 ; 0.0014482 ; -0.00529911 ; 101.581;
16 ; 16 ; 17 ; 0.0495064 ; 0.0142478 ; -0.00496338 ; 101.512;
17 ; 16 ; 17 ; 0.0325742 ; -0.00486122 ; -0.0214132 ; 101.75;
18 ; 16 ; 17 ; 0.0315071 ; -0.018776 ; -0.0105839 ; 101.76;
19 ; 16 ; 17 ; 0.0286065 ; -0.0148677 ; -0.00784304 ; 101.747;
20 ; 16 ; 17 ; 0.0265017 ; -0.0121181 ; -0.00925404 ; 101.838;
21 ; 16 ; 17 ; 0.000724948 ; -0.0193081 ; 0.0254059 ; 101.577;
4 ; 17 ; 17 ; 0.0379727 ; 0.0047555 ; -0.00482284 ; 101.643;
5 ; 17 ; 17 ; 0.0332797 ; -0.0117867 ; -0.00806773 ; 101.598;
6 ; 17 ; 17 ; 0.0309769 ; 0.0120763 ; -0.00128744 ; 101.433;
7 ; 17 ; 17 ; 0.0353319 ; -0.00526112 ; -0.00676241 ; 101.037;
8 ; 17 ; 17 ; 0.0187241 ; 0.00540556 ; -0.00751562 ; 101.743;
9 ; 17 ; 17 ; 0.0384889 ; 0.0132896 ; 0.00501745 ; 101.525;
10 ; 17 ; 17 ; 0.0274409 ; 0.0175525 ; 0.00942647 ; 101.566;
11 ; 17 ; 17 ; 0.0170769 ; 0.0159259 ; 0.0218009 ; 101.46;
12 ; 17 ; 17 ; 0.014381 ; 0.0205831 ; 0.00597312 ; 101.623;
13 ; 17 ; 17 ; 0.0305436 ; 0.0114324 ; -0.00267336 ; 101.559;
14 ; 17 ; 17 ; -0.0045467 ; 0.014282 ; -0.0162076 ; 102.139;
15 ; 17 ; 17 ; 0.0266602 ; 0.00950316 ; -0.0151779 ; 101.701;
16 ; 17 ; 17 ; 0.023541 ; 0.006347 ; -0.00763207 ; 102.024;
17 ; 17 ; 17 ; 0.024053 ; -0.00411034 ; -0.0153302 ; 101.719;
18 ; 17 ; 17 ; 0.0256561 ; -0.0113359 ; -0.0187682 ; 101.539;
19 ; 17 ; 17 ; 0.0250211 ; -0.00644938 ; -0.00958037 ; 101.627;
20 ; 17 ; 17 ; 0.0275771 ; -0.00953183 ; -0.0113956 ; 102.168;
21 ; 17 ; 17 ; 0.037019 ; -0.0108631 ; 0.00790223 ; 101.541;
4 ; 18 ; 17 ; 0.0425415 ; 0.00185315 ; 0.00519936 ; 101.759;
5 ; 18 ; 17 ; 0.0299419 ; -0.0310828 ; -0.0181218 ; 101.074;
6 ; 18 ; 17 ; 0.0281383 ; 0.0148725 ; -0.00359515 ; 101.583;
7 ; 18 ; 17 ; 0.0443585 ; -0.0107652 ; -0.006024 ; 100.794;
8 ; 18 ; 17 ; 0.0276768 ; 0.00219715 ; 0.00083892 ; 102.044;
9 ; 18 ; 17 ; 0.043543 ; 0.00656654 ; 0.0190382 ; 101.481;
10 ; 18 ; 17 ; 0.0361586 ; 0.0228134 ; 0.0159646 ; 101.502;
11 ; 18 ; 17 ; 0.0204137 ; 0.0157799 ; 0.0269002 ; 101.4;
12 ; 18 ; 17 ; 0.0230129 ; 0.011224 ; -0.00426432 ; 101.808;
13 ; 18 ; 17 ; 0.0435719 ; 0.0134846 ; 0.00151839 ; 101.399;
14 ; 18 ; 17 ; -0.00442815 ; 0.0194237 ; -0.0146127 ; 102.392;
15 ; 18 ; 17 ; 0.0398914 ; 0.0136101 ; -0.018366 ; 101.549;
16 ; 18 ; 17 ; 0.0204685 ; 0.0091374 ; 0.00630375 ; 102.549;
17 ; 18 ; 17 ; 0.0207831 ; 0.000740074 ; -0.00639994 ; 101.546;
18 ; 18 ; 17 ; 0.0153611 ; -0.00786063 ; -0.0172291 ; 101.434;
19 ; 18 ; 17 ; 0.0191714 ; -0.00269729 ; -0.00772412 ; 101.534;
20 ; 18 ; 17 ; 0.0111139 ; 0.00037396 ; 0.00312588 ; 101.207;
21 ; 18 ; 17 ; 0.0515067 ; 0.00366868 ; 0.00699413 ; 101.499;
4 ; 19 ; 17 ; 0.0410752 ; 0.0135449 ; -0.00674917 ; 101.161;
5 ; 19 ; 17 ; 0.0264089 ; -0.00368111 ; 0.00800243 ; 101.566;
6 ; 19 ; 17 ; 0.0370727 ; -0.00399455 ; 0.017162 ; 101.554;
7 ; 19 ; 17 ; 0.0331494 ; -0.0128444 ; 0.0046417 ; 101.525;
8 ; 19 ; 17 ; 0.0339751 ; -0.0353898 ; -0.0182547 ; 101.275;
9 ; 19 ; 17 ; 0.0338837 ; 0.00150211 ; 0.00405145 ; 101.702;
10 ; 19 ; 17 ; 0.0425562 ; -0.00124909 ; -0.00425139 ; 101.411;
11 ; 19 ; 17 ; 0.0316771 ; -0.000210847 ; 0.00838294 ; 101.397;
12 ; 19 ; 17 ; 0.0249863 ; 0.00158533 ; 0.00687136 ; 100.984;
13 ; 19 ; 17 ; 0.0068352 ; -0.00794203 ; -0.0180805 ; 101.514;
14 ; 19 ; 17 ; 0.0234655 ; -0.000268943 ; -0.00583769 ; 101.549;
15 ; 19 ; 17 ; 0.0281587 ; 0.000333045 ; -0.00128564 ; 101.328;
16 ; 19 ; 17 ; 0.00553001 ; 0.00626954 ; -0.0301673 ; 101.81;
17 ; 19 ; 17 ; 0.025109 ; 0.0184932 ; -0.00103785 ; 101.595;
18 ; 19 ; 17 ; 0.0331283 ; 0.0295918 ; -0.00507391 ; 101.319;
19 ; 19 ; 17 ; 0.0411687 ; 0.0164194 ; -0.0187181 ; 101.489;
20 ; 19 ; 17 ; 0.0609597 ; 0.0122819 ; -0.0243896 ; 101.633;
21 ; 19 ; 17 ; 0.028618 ; -0.0253294 ; -0.0314088 ; 101.082;
4 ; 20 ; 17 ; 0.0168318 ; 0.011874 ; -0.00768146 ; 101.682;
5 ; 20 ; 17 ; 0.0329569 ; -0.00482556 ; -0.0056543 ; 101.907;
6 ; 20 ; 17 ; 0.0341059 ; -0.000598966 ; 0.0104881 ; 101.411;
7 ; 20 ; 17 ; 0.0380446 ; 0.0114487 ; 0.00762021 ; 101.647;
8 ; 20 ; 17 ; 0.0258877 ; -0.00618235 ; 0.00680969 ; 101.333;
9 ; 20 ; 17 ; 0.0359125 ; 0.0055932 ; -0.00605185 ; 101.41;
10 ; 20 ; 17 ; 0.0256585 ; 0.00222876 ; -0.0118253 ; 101.654;
11 ; 20 ; 17 ; 0.0402009 ; -0.00397333 ; -0.0112671 ; 101.748;
12 ; 20 ; 17 ; 0.0156147 ; -0.000112669 ; 0.0225015 ; 101.823;
13 ; 20 ; 17 ; 0.0209894 ; -0.00137203 ; 0.00742797 ; 101.118;
14 ; 20 ; 17 ; 0.0427432 ; -0.00138682 ; -0.000159211 ; 101.565;
15 ; 20 ; 17 ; 0.0262283 ; -0.0167389 ; 0.00597023 ; 101.289;
16 ; 20 ; 17 ; 0.0243459 ; -0.00403527 ; 0.00764064 ; 100.627;
17 ; 20 ; 17 ; 0.0256834 ; 0.00889741 ; -0.0109433 ; 101.752;
18 ; 20 ; 17 ; 0.0286007 ; 0.0249647 ; -0.00882704 ; 101.455;
19 ; 20 ; 17 ; 0.0282022 ; 0.00379218 ; -0.00437673 ; 101.89;
20 ; 20 ; 17 ; 0.0338454 ; -0.00349006 ; -0.015126 ; 101.222;
21 ; 20 ; 17 ; 0.0494886 ; 0.0198211 ; -0.00899621 ; 101.458;
4 ; 21 ; 17 ; 0.0273683 ; -0.00826641 ; 0.0124678 ; 101.72;
5 ; 21 ; 17 ; 0.0437267 ; 0.000855528 ; -0.0207874 ; 101.923;
6 ; 21 ; 17 ; 0.0390333 ; -0.000994556 ; 0.00637919 ; 100.964;
7 ; 21 ; 17 ; 0.0454159 ; 0.0201432 ; 0.00582198 ; 101.605;
8 ; 21 ; 17 ; 0.04086 ; 0.004868 ; 0.0107218 ; 101.97;
9 ; 21 ; 17 ; 0.043763 ; 0.00415027 ; -0.0118325 ; 101.221;
10 ; 21 ; 17 ; 0.0160023 ; 0.0116171 ; -0.00950145 ; 101.717;
11 ; 21 ; 17 ; 0.0485096 ; -0.00134665 ; -0.0263031 ; 101.838;
12 ; 21 ; 17 ; 0.0530876 ; 0.00458098 ; 0.0128335 ; 101.012;
13 ; 21 ; 17 ; 0.0336046 ; 0.0015362 ; 0.0247599 ; 101.024;
14 ; 21 ; 17 ; 0.0522817 ; 0.000847225 ; 0.00575931 ; 101.794;
15 ; 21 ; 17 ; 0.016944 ; -0.0236712 ; 0.00542358 ; 101.632;
16 ; 21 ; 17 ; 0.0398643 ; -0.00232534 ; 0.00192893 ; 100.499;
17 ; 21 ; 17 ; 0.020491 ; -0.000915506 ; -0.0220801 ; 101.788;
18 ; 21 ; 17 ; 0.0241297 ; 0.0171727 ; -0.0100461 ; 101.69;
19 ; 21 ; 17 ; 0.0241559 ; -0.00736122 ; 0.00791108 ; 102.24;
20 ; 21 ; 17 ; 0.0559065 ; 0.00332823 ; -0.0171872 ; 101.271;
21 ; 21 ; 17 ; 0.0508312 ; 0.0117771 ; -0.0167996 ; 100.619;
4 ; 4 ; 18 ; 0.0113462 ; 0.00708331 ; 0.0304014 ; 101.928;
5 ; 4 ; 18 ; 0.0249957 ; -0.000575025 ; -0.000512228 ; 101.633;
6 ; 4 ; 18 ; 0.034597 ; -0.00127737 ; 0.00210447 ; 101.69;
7 ; 4 ; 18 ; 0.0333962 ; 0.000518285 ; 0.0091566 ; 101.623;
8 ; 4 ; 18 ; 0.0365422 ; -0.014883 ; 0.00715958 ; 101.991;
9 ; 4 ; 18 ; 0.0220313 ; 0.00391094 ; -0.00298901 ; 101.641;
10 ; 4 ; 18 ; 0.0192316 ; -0.00741409 ; 0.00910947 ; 101.656;
11 ; 4 ; 18 ; 0.0244054 ; -0.0169752 ; 0.00813258 ; 101.879;
12 ; 4 ; 18 ; 0.0239022 ; -0.0274728 ; -0.00655871 ; 101.527;
13 ; 4 ; 18 ; 0.0303122 ; 0.00588977 ; 0.0110669 ; 101.161;
14 ; 4 ; 18 ; 0.0289171 ; 0.00739111 ; 0.00566351 ; 101.247;
15 ; 4 ; 18 ; 0.0203913 ; 0.00766974 ; -0.00422154 ; 101.447;
16 ; 4 ; 18 ; 0.00618078 ; 0.0154391 ; -0.0108767 ; 101.843;
17 ; 4 ; 18 ; 0.0101819 ; 0.0087159 ; -0.0205813 ; 101.98;
18 ; 4 ; 18 ; 0.014447 ; -0.00395804 ; -0.0160199 ; 101.943;
19 ; 4 ; 18 ; 0.00969419 ; -0.00594211 ; -0.00925142 ; 101.666;
20 ; 4 ; 18 ; -0.0149132 ; -0.0120688 ; -0.0146148 ; 101.371;
21 ; 4 ; 18 ; 0.0295653 ; 0.0147817 ; -0.0240083 ; 101.2;
4 ; 5 ; 18 ; 0.0178076 ; -0.000158105 ; -0.00494617 ; 101.535;
5 ; 5 ; 18 ; 0.0209021 ; -0.00749669 ; -0.0148665 ; 101.794;
6 ; 5 ; 18 ; 0.0283462 ; 0.000291721 ; 0.00258669 ; 101.687;
7 ; 5 ; 18 ; 0.0248503 ; 0.00415208 ; 0.0182195 ; 101.475;
8 ; 5 ; 18 ; 0.0296879 ; -0.00332382 ; 0.0147008 ; 101.701;
9 ; 5 ; 18 ; 0.0320995 ; -0.00981441 ; 0.00301213 ; 101.743;
10 ; 5 ; 18 ; 0.0246155 ; -0.0063293 ; 0.00937859 ; 101.62;
11 ; 5 ; 18 ; 0.0241014 ; -0.0114421 ; 0.0100128 ; 101.669;
12 ; 5 ; 18 ; 0.0291713 ; -0.0182515 ; 0.00217437 ; 101.81;
13 ; 5 ; 18 ; 0.0294061 ; -0.00477507 ; 0.00483929 ; 101.228;
14 ; 5 ; 18 ; 0.0303906 ; 0.00418359 ; 0.00942335 ; 101.238;
15 ; 5 ; 18 ; 0.0227468 ; 0.00685172 ; 0.00544934 ; 101.358;
16 ; 5 ; 18 ; 0.0180025 ; 0.0100052 ; -0.00617961 ; 101.636;
17 ; 5 ; 18 ; 0.0140694 ; 0.0103441 ; -0.00107538 ; 101.604;
18 ; 5 ; 18 ; 0.0137841 ; 0.000810535 ; -0.0110799 ; 101.803;
19 ; 5 ; 18 ; 0.0138879 ; 0.000749835 ; -0.00850397 ; 101.7;
20 ; 5 ; 18 ; 0.000267904 ; -0.00979993 ; -0.00912967 ; 101.577;
21 ; 5 ; 18 ; 0.0334834 ; 0.0205108 ; 0.0244186 ; 101.29;
4 ; 6 ; 18 ; 0.00106445 ; 0.0187325 ; -0.014553 ; 101.247;
5 ; 6 ; 18 ; 0.0158358 ; -0.0175725 ; -0.0197648 ; 101.904;
6 ; 6 ; 18 ; 0.0237656 ; 0.00408841 ; 0.000805392 ; 101.692;
7 ; 6 ; 18 ; 0.0185646 ; 0.00944329 ; 0.0255433 ; 101.347;
8 ; 6 ; 18 ; 0.0104265 ; 0.000791579 ; 0.029267 ; 101.514;
9 ; 6 ; 18 ; 0.0424313 ; -0.0204074 ; 0.00964999 ; 101.673;
10 ; 6 ; 18 ; 0.0293657 ; -0.00218659 ; 0.00669316 ; 101.71;
11 ; 6 ; 18 ; 0.0257549 ; -0.00407863 ; 0.0122937 ; 101.6;
12 ; 6 ; 18 ; 0.026578 ; -0.0106636 ; 0.010479 ; 101.657;
13 ; 6 ; 18 ; 0.0292705 ; -0.00903642 ; 0.00561035 ; 101.248;
14 ; 6 ; 18 ; 0.0312718 ; -0.000998265 ; 0.0107398 ; 101.219;
15 ; 6 ; 18 ; 0.0276353 ; 0.00417641 ; 0.0129877 ; 101.239;
16 ; 6 ; 18 ; 0.0214794 ; -0.00394384 ; 0.00269402 ; 101.447;
17 ; 6 ; 18 ; 0.0185467 ; 0.00718593 ; 0.0177328 ; 101.141;
18 ; 6 ; 18 ; 0.0119182 ; 0.00814163 ; -0.00970856 ; 101.808;
19 ; 6 ; 18 ; 0.0172935 ; 0.00668664 ; -0.0075813 ; 101.804;
20 ; 6 ; 18 ; 0.0255331 ; 0.00185035 ; -0.00353591 ; 101.829;
21 ; 6 ; 18 ; 0.0115583 ; 0.00678057 ; 0.000140733 ; 102.559;
4 ; 7 ; 18 ; 0.0277884 ; 0.000728946 ; -0.0160042 ; 100.167;
5 ; 7 ; 18 ; 0.0125166 ; 0.0013024 ; 0.013361 ; 101.38;
6 ; 7 ; 18 ; 0.0134771 ; 0.00126781 ; 0.0103713 ; 101.567;
7 ; 7 ; 18 ; 0.0204363 ; 0.00701881 ; 0.0062842 ; 101.5;
8 ; 7 ; 18 ; 0.0513122 ; -0.0039295 ; 0.0261886 ; 101.525;
9 ; 7 ; 18 ; 0.0263713 ; -0.00129986 ; 0.00974117 ; 101.125;
10 ; 7 ; 18 ; 0.022893 ; -0.000346921 ; 0.00193084 ; 101.175;
11 ; 7 ; 18 ; 0.0203814 ; -0.000705001 ; 0.000222277 ; 101.585;
12 ; 7 ; 18 ; -0.013159 ; 0.00122975 ; 0.0309283 ; 102.186;
13 ; 7 ; 18 ; 0.0269658 ; -0.00127489 ; 0.00275839 ; 101.363;
14 ; 7 ; 18 ; 0.028327 ; -0.00672959 ; -0.00511322 ; 101.698;
15 ; 7 ; 18 ; 0.0225006 ; -0.00952766 ; -0.00738054 ; 101.532;
16 ; 7 ; 18 ; 0.0139543 ; -0.0128989 ; -0.0234297 ; 101.546;
17 ; 7 ; 18 ; 0.0248613 ; 0.0115111 ; -0.00609153 ; 101.587;
18 ; 7 ; 18 ; 0.0207587 ; 0.0124416 ; -0.0149889 ; 101.407;
19 ; 7 ; 18 ; 0.0167113 ; 0.00296842 ; -0.00729324 ; 101.512;
20 ; 7 ; 18 ; 0.00269996 ; -0.0228877 ; 0.0128942 ; 101.124;
21 ; 7 ; 18 ; 0.0413207 ; 0.0167958 ; 0.00679202 ; 101.12;
4 ; 8 ; 18 ; 0.0341971 ; -0.0308047 ; -0.0071562 ; 101.466;
5 ; 8 ; 18 ; 0.0128251 ; -0.00840574 ; 0.0098901 ; 101.451;
6 ; 8 ; 18 ; 0.015363 ; -0.00236849 ; 0.00991647 ; 101.485;
7 ; 8 ; 18 ; 0.0208635 ; 0.00401241 ; 0.00509361 ; 101.369;
8 ; 8 ; 18 ; 0.0311226 ; 0.00579065 ; 0.0128075 ; 101.497;
9 ; 8 ; 18 ; 0.0264315 ; 0.00259393 ; 0.00362772 ; 101.372;
10 ; 8 ; 18 ; 0.0210468 ; 7.06507e-05 ; 0.00266204 ; 101.202;
11 ; 8 ; 18 ; 0.0188993 ; -0.00208106 ; 6.23482e-05 ; 101.397;
12 ; 8 ; 18 ; 0.007951 ; -0.00322651 ; 0.0116137 ; 101.84;
13 ; 8 ; 18 ; 0.0262391 ; -0.0127067 ; -0.00188735 ; 101.272;
14 ; 8 ; 18 ; 0.0273932 ; -0.010812 ; -0.00421032 ; 101.576;
15 ; 8 ; 18 ; 0.0237799 ; -0.0130419 ; -0.00572682 ; 101.45;
16 ; 8 ; 18 ; 0.0200963 ; -0.0126339 ; -0.0149125 ; 101.447;
17 ; 8 ; 18 ; 0.0217188 ; 0.0161058 ; -0.00860351 ; 101.319;
18 ; 8 ; 18 ; 0.019752 ; 0.0110657 ; -0.0127077 ; 101.405;
19 ; 8 ; 18 ; 0.017838 ; 0.00113381 ; -0.00764684 ; 101.593;
20 ; 8 ; 18 ; 0.0111241 ; -0.00900203 ; 0.00209059 ; 101.522;
21 ; 8 ; 18 ; 0.0151813 ; 0.0087407 ; 0.0139466 ; 101.86;
4 ; 9 ; 18 ; 0.0361746 ; -0.0296659 ; 0.0191352 ; 100.726;
5 ; 9 ; 18 ; 0.0180836 ; -0.00573935 ; -0.00364904 ; 101.487;
6 ; 9 ; 18 ; 0.020136 ; -0.00592765 ; 0.0035732 ; 101.393;
7 ; 9 ; 18 ; 0.0239585 ; 0.00127223 ; 0.00300874 ; 101.309;
8 ; 9 ; 18 ; 0.0190204 ; 0.00785427 ; 0.000791913 ; 101.237;
9 ; 9 ; 18 ; 0.0254541 ; 0.00231604 ; 0.00869955 ; 101.669;
10 ; 9 ; 18 ; 0.0218021 ; -0.0013166 ; 0.00539211 ; 101.431;
11 ; 9 ; 18 ; 0.0184184 ; -0.00528169 ; 0.000441566 ; 101.317;
12 ; 9 ; 18 ; 0.0220652 ; -0.00818082 ; -0.00583892 ; 101.146;
13 ; 9 ; 18 ; 0.0196654 ; -0.0137921 ; -0.00334342 ; 101.633;
14 ; 9 ; 18 ; 0.0236584 ; -0.0153069 ; -0.00136423 ; 101.472;
15 ; 9 ; 18 ; 0.0219373 ; -0.0176412 ; -0.00191918 ; 101.398;
16 ; 9 ; 18 ; 0.0268247 ; -0.01906 ; -0.00489869 ; 101.309;
17 ; 9 ; 18 ; 0.0147343 ; 0.00052073 ; -0.00735883 ; 101.366;
18 ; 9 ; 18 ; 0.0193357 ; 0.0053776 ; -0.00722531 ; 101.473;
19 ; 9 ; 18 ; 0.021229 ; -0.00182119 ; -0.00577148 ; 101.703;
20 ; 9 ; 18 ; 0.0205782 ; -0.00458447 ; -0.00770929 ; 101.918;
21 ; 9 ; 18 ; -0.0017104 ; 0.00878677 ; 0.015303 ; 101.508;
4 ; 10 ; 18 ; 0.0297228 ; -0.0163877 ; -0.0151439 ; 101.78;
5 ; 10 ; 18 ; 0.0205622 ; -0.00176579 ; -0.00815506 ; 101.823;
6 ; 10 ; 18 ; 0.0255824 ; -0.00187137 ; -0.00331701 ; 101.591;
7 ; 10 ; 18 ; 0.0299027 ; 0.00338107 ; 0.00140716 ; 101.468;
8 ; 10 ; 18 ; 0.0367225 ; 0.000444538 ; 0.00900071 ; 101.385;
9 ; 10 ; 18 ; 0.0193766 ; -0.00241759 ; 0.00619669 ; 101.322;
10 ; 10 ; 18 ; 0.0194837 ; -0.00177406 ; 0.00709819 ; 101.414;
11 ; 10 ; 18 ; 0.01557 ; -0.00258068 ; 0.0040255 ; 101.408;
12 ; 10 ; 18 ; 0.00967575 ; -0.00837342 ; 0.000618101 ; 101.212;
13 ; 10 ; 18 ; 0.0348091 ; -0.0156748 ; -0.000374934 ; 101.499;
14 ; 10 ; 18 ; 0.0264731 ; -0.0138005 ; -0.00079779 ; 101.543;
15 ; 10 ; 18 ; 0.0210192 ; -0.0151786 ; -0.00230858 ; 101.531;
16 ; 10 ; 18 ; 0.0181005 ; -0.0236817 ; -0.00623913 ; 101.369;
17 ; 10 ; 18 ; 0.0229509 ; -0.0132398 ; -0.0069785 ; 101.655;
18 ; 10 ; 18 ; 0.0213072 ; -0.00406824 ; -0.0053129 ; 101.535;
19 ; 10 ; 18 ; 0.0226961 ; -0.00281647 ; -0.00574434 ; 101.56;
20 ; 10 ; 18 ; 0.0246283 ; -0.0130137 ; -0.000692351 ; 101.771;
21 ; 10 ; 18 ; 0.0211383 ; -0.0114681 ; -0.00410212 ; 102.557;
4 ; 11 ; 18 ; 0.00964506 ; -0.00497053 ; 0.00085393 ; 101.311;
5 ; 11 ; 18 ; 0.0198657 ; -0.0161756 ; -0.000969997 ; 102.097;
6 ; 11 ; 18 ; 0.0244287 ; 0.000563303 ; -0.00634845 ; 101.76;
7 ; 11 ; 18 ; 0.0263687 ; 0.00779827 ; -0.00350154 ; 101.591;
8 ; 11 ; 18 ; 0.0311595 ; 0.0116743 ; 0.00210948 ; 101.682;
9 ; 11 ; 18 ; 0.0143178 ; -0.0142139 ; 0.0178103 ; 100.949;
10 ; 11 ; 18 ; 0.0145502 ; -0.00535243 ; 0.00544518 ; 101.377;
11 ; 11 ; 18 ; 0.0106278 ; 0.00598129 ; -0.00149607 ; 101.478;
12 ; 11 ; 18 ; 0.0135556 ; 0.00116853 ; 0.0040514 ; 101.658;
13 ; 11 ; 18 ; 0.0413674 ; -0.0109409 ; 0.0110818 ; 101.212;
14 ; 11 ; 18 ; 0.0332111 ; -0.00593934 ; 0.00499084 ; 101.584;
15 ; 11 ; 18 ; 0.0259474 ; -0.0041848 ; -0.00122436 ; 101.551;
16 ; 11 ; 18 ; 0.0145052 ; -0.0124539 ; -0.00277551 ; 101.536;
17 ; 11 ; 18 ; 0.0180269 ; -0.0189794 ; -0.00272819 ; 101.188;
18 ; 11 ; 18 ; 0.0256837 ; -0.00966891 ; -0.00659914 ; 101.569;
19 ; 11 ; 18 ; 0.0263754 ; 2.46396e-05 ; -0.00889366 ; 101.561;
20 ; 11 ; 18 ; 0.0265099 ; 0.00420365 ; -0.00481015 ; 101.483;
21 ; 11 ; 18 ; 0.0504891 ; -0.00217454 ; -0.00728762 ; 101.416;
4 ; 12 ; 18 ; -0.003952 ; 0.0148876 ; 0.0018747 ; 101.628;
5 ; 12 ; 18 ; 0.0188993 ; -0.029958 ; 0.000360468 ; 101.997;
6 ; 12 ; 18 ; 0.0229377 ; 0.00055202 ; -0.00447518 ; 101.839;
7 ; 12 ; 18 ; 0.0231425 ; 0.00894026 ; -0.00603284 ; 101.571;
8 ; 12 ; 18 ; 0.0177276 ; 0.00307354 ; -0.00638117 ; 101.499;
9 ; 12 ; 18 ; 0.0181725 ; -0.0238934 ; 0.0316064 ; 101.057;
10 ; 12 ; 18 ; 0.00890211 ; -0.00632598 ; 0.00377925 ; 101.241;
11 ; 12 ; 18 ; 0.00580573 ; 0.0119627 ; -0.00508238 ; 101.388;
12 ; 12 ; 18 ; 0.0157495 ; 0.0167121 ; 0.00328555 ; 101.324;
13 ; 12 ; 18 ; 0.03489 ; -0.00465857 ; 0.0195911 ; 101.249;
14 ; 12 ; 18 ; 0.0385369 ; -0.00222235 ; 0.00772686 ; 101.557;
15 ; 12 ; 18 ; 0.0312799 ; 0.00193365 ; -0.0013853 ; 101.513;
16 ; 12 ; 18 ; 0.0247429 ; -0.00936638 ; -0.00544469 ; 101.214;
17 ; 12 ; 18 ; 0.00827266 ; -0.0204933 ; 0.00393353 ; 100.719;
18 ; 12 ; 18 ; 0.0273875 ; -0.0112735 ; -0.00865032 ; 101.537;
19 ; 12 ; 18 ; 0.0276331 ; 0.00133089 ; -0.0122167 ; 101.569;
20 ; 12 ; 18 ; 0.0202241 ; 0.0101967 ; -0.00625414 ; 101.324;
21 ; 12 ; 18 ; 0.0217927 ; -0.0093028 ; -0.0204672 ; 101.484;
4 ; 13 ; 18 ; 0.0245756 ; 0.0185915 ; -0.0108308 ; 101.201;
5 ; 13 ; 18 ; 0.0249259 ; 0.00579992 ; -0.00289633 ; 101.595;
6 ; 13 ; 18 ; 0.0198248 ; -0.00280515 ; -0.00124043 ; 101.413;
7 ; 13 ; 18 ; 0.0220849 ; -0.0118205 ; -0.00134713 ; 101.515;
8 ; 13 ; 18 ; 0.038971 ; -0.0291425 ; 0.00173466 ; 101.921;
9 ; 13 ; 18 ; 0.0367892 ; -0.00974264 ; -0.00469367 ; 101.553;
10 ; 13 ; 18 ; 0.0330168 ; 0.00179934 ; -0.00632432 ; 101.904;
11 ; 13 ; 18 ; 0.0326944 ; 0.00580798 ; 0.00242915 ; 101.587;
12 ; 13 ; 18 ; 0.0207131 ; -0.0111895 ; 0.0175487 ; 100.366;
13 ; 13 ; 18 ; 0.0362203 ; 0.00803224 ; 0.00738171 ; 101.544;
14 ; 13 ; 18 ; 0.0335582 ; 0.00614346 ; -0.00759279 ; 101.55;
15 ; 13 ; 18 ; 0.0361493 ; 0.00729709 ; -0.0177657 ; 101.675;
16 ; 13 ; 18 ; 0.0335373 ; 0.0215917 ; 0.00469445 ; 102.275;
17 ; 13 ; 18 ; 0.0222169 ; -0.00721962 ; 0.000394368 ; 101.966;
18 ; 13 ; 18 ; 0.0303859 ; -0.0106044 ; 0.000576011 ; 101.897;
19 ; 13 ; 18 ; 0.0355939 ; -0.00414476 ; -0.00259108 ; 101.676;
20 ; 13 ; 18 ; 0.0215052 ; 0.0176034 ; 0.00142648 ; 101.856;
21 ; 13 ; 18 ; -0.0317251 ; 0.0175859 ; -0.0191288 ; 101.5;
4 ; 14 ; 18 ; 0.0338295 ; -0.00404818 ; 0.0073251 ; 101.362;
5 ; 14 ; 18 ; 0.03218 ; 0.00118146 ; -0.00112835 ; 101.146;
6 ; 14 ; 18 ; 0.0238763 ; -0.000797818 ; 1.49385e-05 ; 101.311;
7 ; 14 ; 18 ; 0.0237623 ; -0.00320611 ; -9.38382e-05 ; 101.408;
8 ; 14 ; 18 ; 0.0254128 ; -0.0162258 ; -0.000134063 ; 101.759;
9 ; 14 ; 18 ; 0.0459379 ; -0.00844617 ; 0.00651066 ; 101.597;
10 ; 14 ; 18 ; 0.0392846 ; -0.0019079 ; -0.00429577 ; 101.797;
11 ; 14 ; 18 ; 0.0396154 ; -0.00195359 ; 0.000408213 ; 101.682;
12 ; 14 ; 18 ; 0.0324859 ; -0.00567638 ; 0.0121654 ; 101.024;
13 ; 14 ; 18 ; 0.037115 ; -0.00870363 ; 0.00405974 ; 101.634;
14 ; 14 ; 18 ; 0.0350562 ; -0.00188955 ; -0.00425288 ; 101.581;
15 ; 14 ; 18 ; 0.0378525 ; -0.00045285 ; -0.0126427 ; 101.629;
16 ; 14 ; 18 ; 0.0378374 ; 0.0112771 ; -0.00828458 ; 101.946;
17 ; 14 ; 18 ; 0.0192552 ; -0.00403019 ; 0.0061385 ; 101.568;
18 ; 14 ; 18 ; 0.0264508 ; -0.00807804 ; 0.00176326 ; 101.723;
19 ; 14 ; 18 ; 0.0317068 ; -0.00432493 ; -0.003429 ; 101.608;
20 ; 14 ; 18 ; 0.0322622 ; 0.00545081 ; -0.00372624 ; 101.616;
21 ; 14 ; 18 ; 0.0236489 ; -0.00825187 ; 0.0166365 ; 102.267;
4 ; 15 ; 18 ; 0.0433422 ; 0.00380991 ; -0.00602668 ; 101.338;
5 ; 15 ; 18 ; 0.0285154 ; -0.00683445 ; 0.000195581 ; 101.358;
6 ; 15 ; 18 ; 0.0291085 ; 0.00175314 ; -0.000435764 ; 101.271;
7 ; 15 ; 18 ; 0.0245819 ; 0.00751677 ; -0.00101518 ; 101.312;
8 ; 15 ; 18 ; 0.0183406 ; 0.0109846 ; 0.000445937 ; 101.432;
9 ; 15 ; 18 ; 0.0420518 ; -0.00257958 ; 0.00455706 ; 101.478;
10 ; 15 ; 18 ; 0.0455493 ; -0.00529608 ; -0.0012656 ; 101.586;
11 ; 15 ; 18 ; 0.0452939 ; -0.0111166 ; 0.000423462 ; 101.701;
12 ; 15 ; 18 ; 0.0480958 ; -0.00973837 ; 0.00128428 ; 101.823;
13 ; 15 ; 18 ; 0.0366761 ; -0.0138669 ; -0.0048009 ; 101.68;
14 ; 15 ; 18 ; 0.03665 ; -0.0123143 ; -0.00288207 ; 101.719;
15 ; 15 ; 18 ; 0.040079 ; -0.0101772 ; -0.00821416 ; 101.658;
16 ; 15 ; 18 ; 0.0436787 ; -0.00629187 ; -0.0142291 ; 101.489;
17 ; 15 ; 18 ; 0.0292656 ; 0.00251116 ; -0.000644296 ; 101.209;
18 ; 15 ; 18 ; 0.0273754 ; -0.00362364 ; 0.00267163 ; 101.51;
19 ; 15 ; 18 ; 0.0283452 ; -0.00663788 ; -0.00184099 ; 101.56;
20 ; 15 ; 18 ; 0.0348548 ; -0.0047986 ; -0.00766123 ; 101.403;
21 ; 15 ; 18 ; 0.0058341 ; -0.0043336 ; 0.0101544 ; 101.25;
4 ; 16 ; 18 ; 0.0137087 ; 0.013561 ; 0.0484308 ; 102.212;
5 ; 16 ; 18 ; 0.0127048 ; -0.00781047 ; 0.0040424 ; 101.871;
6 ; 16 ; 18 ; 0.0250521 ; -0.00197685 ; -0.000278573 ; 101.504;
7 ; 16 ; 18 ; 0.0249816 ; 0.00430983 ; -0.00372273 ; 101.504;
8 ; 16 ; 18 ; 0.0256655 ; 0.0149743 ; -0.0017332 ; 101.277;
9 ; 16 ; 18 ; 0.0346164 ; -0.002262 ; 0.0062692 ; 101.843;
10 ; 16 ; 18 ; 0.0379954 ; -0.00392847 ; 0.00380385 ; 101.574;
11 ; 16 ; 18 ; 0.0348408 ; -0.00907779 ; 0.00594403 ; 101.571;
12 ; 16 ; 18 ; 0.0402368 ; -0.018737 ; 0.00334101 ; 101.496;
13 ; 16 ; 18 ; 0.0404873 ; 0.00210208 ; -0.0069232 ; 101.791;
14 ; 16 ; 18 ; 0.0386706 ; -0.00792429 ; -0.00801642 ; 101.752;
15 ; 16 ; 18 ; 0.0390218 ; -0.0062525 ; -0.0108987 ; 101.685;
16 ; 16 ; 18 ; 0.0435419 ; -0.00677412 ; -0.00399735 ; 101.578;
17 ; 16 ; 18 ; 0.0322455 ; 0.00349594 ; -0.00077872 ; 101.378;
18 ; 16 ; 18 ; 0.0295334 ; -0.00387943 ; 0.000875763 ; 101.458;
19 ; 16 ; 18 ; 0.0256819 ; -0.0100663 ; 0.00166501 ; 101.725;
20 ; 16 ; 18 ; 0.020494 ; -0.00470304 ; 0.00195679 ; 101.549;
21 ; 16 ; 18 ; 0.0128709 ; -0.0126485 ; 0.0117337 ; 101.551;
4 ; 17 ; 18 ; 0.0435466 ; -0.0064383 ; -0.0394418 ; 101.55;
5 ; 17 ; 18 ; 0.0220591 ; -0.0020073 ; 0.012606 ; 101.568;
6 ; 17 ; 18 ; 0.0226884 ; -0.0012065 ; -0.000247431 ; 101.606;
7 ; 17 ; 18 ; 0.0221498 ; 0.00192766 ; -0.00624709 ; 101.57;
8 ; 17 ; 18 ; 0.0237884 ; 0.00179814 ; -0.0112817 ; 101.59;
9 ; 17 ; 18 ; 0.027409 ; 0.00173344 ; 0.00814991 ; 101.587;
10 ; 17 ; 18 ; 0.0254935 ; -0.0011871 ; 0.0104464 ; 101.627;
11 ; 17 ; 18 ; 0.018528 ; -0.00461667 ; 0.014568 ; 101.593;
12 ; 17 ; 18 ; 0.0196574 ; -0.00695275 ; 0.011981 ; 101.377;
13 ; 17 ; 18 ; 0.035324 ; 0.00281318 ; -0.0109639 ; 101.795;
14 ; 17 ; 18 ; 0.0386233 ; 0.000856021 ; -0.0145439 ; 101.695;
15 ; 17 ; 18 ; 0.0357987 ; 5.76716e-05 ; -0.0146192 ; 101.597;
16 ; 17 ; 18 ; 0.0380614 ; 0.00151077 ; -0.012362 ; 101.538;
17 ; 17 ; 18 ; 0.0410647 ; -0.00360728 ; -0.013875 ; 100.999;
18 ; 17 ; 18 ; 0.0339959 ; -0.00513651 ; -0.00177587 ; 101.47;
19 ; 17 ; 18 ; 0.0235232 ; -0.0119095 ; 0.00290589 ; 101.989;
20 ; 17 ; 18 ; 0.0237418 ; -0.0153667 ; 0.00593748 ; 101.85;
21 ; 17 ; 18 ; -0.00323046 ; 0.00954463 ; -0.0188573 ; 101.133;
4 ; 18 ; 18 ; 0.0213691 ; -0.0156029 ; -7.90026e-05 ; 101.25;
5 ; 18 ; 18 ; 0.038548 ; 0.00341973 ; 0.0152927 ; 101.189;
6 ; 18 ; 18 ; 0.0222466 ; -0.000471146 ; 0.00136246 ; 101.581;
7 ; 18 ; 18 ; 0.0217919 ; 0.00235077 ; -0.00580921 ; 101.549;
8 ; 18 ; 18 ; 0.0194848 ; 0.00251874 ; 0.00322273 ; 101.471;
9 ; 18 ; 18 ; 0.0240528 ; 0.00885479 ; 0.00509257 ; 101.191;
10 ; 18 ; 18 ; 0.0199008 ; -0.00105705 ; 0.0147025 ; 101.673;
11 ; 18 ; 18 ; 0.0116167 ; -0.00407625 ; 0.0179492 ; 101.679;
12 ; 18 ; 18 ; 0.0146133 ; 0.00341121 ; 0.0100535 ; 101.562;
13 ; 18 ; 18 ; 0.0264201 ; -0.00448914 ; -0.0173357 ; 101.778;
14 ; 18 ; 18 ; 0.0389674 ; 0.00457193 ; -0.0161262 ; 101.601;
15 ; 18 ; 18 ; 0.0340536 ; 0.00217124 ; -0.0141175 ; 101.483;
16 ; 18 ; 18 ; 0.0274459 ; -0.00251021 ; -0.00549878 ; 101.474;
17 ; 18 ; 18 ; 0.0557774 ; -0.0069969 ; -0.0265975 ; 100.666;
18 ; 18 ; 18 ; 0.0321488 ; -0.00624788 ; -0.00303089 ; 101.422;
19 ; 18 ; 18 ; 0.0199347 ; -0.0115626 ; 0.00183946 ; 102.11;
20 ; 18 ; 18 ; 0.0235207 ; -0.0161596 ; -0.0041922 ; 102.144;
21 ; 18 ; 18 ; 0.0560345 ; 0.0208091 ; -0.00376049 ; 101.596;
4 ; 19 ; 18 ; 0.00386121 ; -0.000610495 ; -0.0226567 ; 102.299;
5 ; 19 ; 18 ; 0.0342305 ; -0.0130143 ; 5.66687e-05 ; 101.306;
6 ; 19 ; 18 ; 0.0347298 ; -0.0189244 ; 0.00999488 ; 101.64;
7 ; 19 ; 18 ; 0.0263997 ; -0.0139024 ; 0.0194434 ; 101.6;
8 ; 19 ; 18 ; 0.0117543 ; -0.0148691 ; 0.0285049 ; 101.244;
9 ; 19 ; 18 ; 0.0278564 ; 4.76332e-06 ; -0.0110969 ; 101.526;
10 ; 19 ; 18 ; 0.0317138 ; 0.0080815 ; -0.00591895 ; 101.687;
11 ; 19 ; 18 ; 0.0173464 ; 0.00527326 ; 0.00365848 ; 101.613;
12 ; 19 ; 18 ; -0.00348477 ; -0.00722162 ; 0.00391271 ; 101.125;
13 ; 19 ; 18 ; 0.0276773 ; 0.00367284 ; -0.00874185 ; 101.785;
14 ; 19 ; 18 ; 0.0266352 ; -0.00328224 ; 0.00583882 ; 101.564;
15 ; 19 ; 18 ; 0.0265537 ; -0.010396 ; 0.00524052 ; 101.314;
16 ; 19 ; 18 ; 0.0371687 ; -0.0236071 ; -0.00881729 ; 100.926;
17 ; 19 ; 18 ; 0.0154861 ; -0.0120477 ; -0.0118463 ; 101.03;
18 ; 19 ; 18 ; 0.0206401 ; -0.0062507 ; -0.0126686 ; 101.484;
19 ; 19 ; 18 ; 0.0229875 ; 0.00142172 ; -0.00348682 ; 101.849;
20 ; 19 ; 18 ; 0.0322409 ; 0.01394 ; 0.00399253 ; 101.785;
21 ; 19 ; 18 ; 0.00889338 ; 0.00246222 ; -0.00503675 ; 101.206;
4 ; 20 ; 18 ; -0.00533894 ; -0.0102396 ; -0.0149166 ; 100.869;
5 ; 20 ; 18 ; 0.0311408 ; 0.00295382 ; -0.00547668 ; 101.006;
6 ; 20 ; 18 ; 0.0321688 ; -0.00969284 ; 0.00572001 ; 101.299;
7 ; 20 ; 18 ; 0.0244871 ; -0.00863048 ; 0.0147244 ; 101.437;
8 ; 20 ; 18 ; 0.022356 ; -0.00990278 ; 0.0247024 ; 101.405;
9 ; 20 ; 18 ; 0.0386901 ; -0.00137495 ; -0.00607778 ; 101.884;
10 ; 20 ; 18 ; 0.0344819 ; 0.00819787 ; -0.00525724 ; 101.636;
11 ; 20 ; 18 ; 0.0247478 ; 0.0108435 ; 0.00338655 ; 101.638;
12 ; 20 ; 18 ; 0.00399274 ; -0.000658266 ; 0.0105517 ; 101.28;
13 ; 20 ; 18 ; 0.0380038 ; 0.00550343 ; 0.00729161 ; 102.175;
14 ; 20 ; 18 ; 0.0301446 ; -0.000449777 ; 0.00519569 ; 101.724;
15 ; 20 ; 18 ; 0.0283016 ; -0.00496114 ; 0.0036505 ; 101.497;
16 ; 20 ; 18 ; 0.0283881 ; -0.0121335 ; 0.000902774 ; 101.015;
17 ; 20 ; 18 ; 0.0229423 ; -0.0131049 ; 0.00118278 ; 101.346;
18 ; 20 ; 18 ; 0.0223396 ; -0.00469163 ; -0.0111549 ; 101.546;
19 ; 20 ; 18 ; 0.0251418 ; 0.00783695 ; -0.00848486 ; 101.793;
20 ; 20 ; 18 ; 0.0240653 ; 0.0123889 ; 0.00212649 ; 101.958;
21 ; 20 ; 18 ; -0.000825996 ; 0.0257353 ; -0.00221202 ; 101.155;
4 ; 21 ; 18 ; 0.0496837 ; 0.0507346 ; -0.00937967 ; 101.034;
5 ; 21 ; 18 ; 0.0263805 ; 0.0160541 ; -0.0120841 ; 100.876;
6 ; 21 ; 18 ; 0.0313097 ; -0.00176259 ; 0.00189678 ; 100.904;
7 ; 21 ; 18 ; 0.0259892 ; -0.00510473 ; 0.0103143 ; 101.269;
8 ; 21 ; 18 ; 0.0232325 ; -0.00187055 ; 0.0143642 ; 101.6;
9 ; 21 ; 18 ; 0.0414424 ; 0.000270903 ; 0.00106895 ; 102.094;
10 ; 21 ; 18 ; 0.0352132 ; 0.00654555 ; -0.00488659 ; 101.543;
11 ; 21 ; 18 ; 0.0299248 ; 0.0145849 ; 0.00539197 ; 101.607;
12 ; 21 ; 18 ; 0.0212168 ; 0.0139386 ; 0.0155278 ; 101.702;
13 ; 21 ; 18 ; 0.0468919 ; 0.00919537 ; 0.0116931 ; 102.178;
14 ; 21 ; 18 ; 0.0322337 ; 0.00293572 ; 0.00510667 ; 101.933;
15 ; 21 ; 18 ; 0.0279264 ; 0.00245879 ; 0.0041196 ; 101.678;
16 ; 21 ; 18 ; 0.0218539 ; 0.00621812 ; 0.00540984 ; 101.225;
17 ; 21 ; 18 ; 0.0262093 ; -0.0234796 ; 0.0123017 ; 101.866;
18 ; 21 ; 18 ; 0.0221483 ; -0.000936644 ; -0.00891263 ; 101.49;
19 ; 21 ; 18 ; 0.023131 ; 0.0130145 ; -0.0116393 ; 101.747;
20 ; 21 ; 18 ; 0.027808 ; 0.00995656 ; -0.000507576 ; 101.843;
21 ; 21 ; 18 ; 0.0367614 ; -0.000355025 ; -0.00759015 ; 100.591;
4 ; 4 ; 19 ; -0.0150144 ; -0.0201502 ; 0.00950484 ; 101.252;
5 ; 4 ; 19 ; 0.00423125 ; 0.00559429 ; 0.00719812 ; 102.156;
6 ; 4 ; 19 ; 0.00755775 ; 0.00258163 ; 0.0150433 ; 102.053;
7 ; 4 ; 19 ; 0.0126095 ; 0.00630052 ; 0.00986361 ; 101.571;
8 ; 4 ; 19 ; 0.0170155 ; 0.00774424 ; -0.0130149 ; 100.431;
9 ; 4 ; 19 ; 0.026125 ; 0.00269264 ; 0.00650743 ; 101.658;
10 ; 4 ; 19 ; 0.0167678 ; 0.000216592 ; 0.00848088 ; 101.518;
11 ; 4 ; 19 ; 0.0164703 ; -0.00867761 ; 0.00435098 ; 101.546;
12 ; 4 ; 19 ; 0.0374106 ; -0.0193771 ; -0.00678812 ; 101.527;
13 ; 4 ; 19 ; 0.0305483 ; -0.0066181 ; -0.00454024 ; 101.603;
14 ; 4 ; 19 ; 0.0246311 ; -0.00259486 ; -0.00287432 ; 101.787;
15 ; 4 ; 19 ; 0.0284946 ; -0.00341556 ; -0.00616646 ; 102.013;
16 ; 4 ; 19 ; 0.048414 ; -0.0100946 ; -0.00331816 ; 102.271;
17 ; 4 ; 19 ; 0.0201254 ; 0.000787304 ; -0.0117604 ; 101.845;
18 ; 4 ; 19 ; 0.0174527 ; 0.000666851 ; -0.00669123 ; 101.76;
19 ; 4 ; 19 ; 0.0132768 ; -0.000429026 ; -0.00725989 ; 101.554;
20 ; 4 ; 19 ; 0.0149384 ; 0.00340334 ; -0.00782587 ; 101.563;
21 ; 4 ; 19 ; -0.00102096 ; -0.00440096 ; -0.00200552 ; 101.474;
4 ; 5 ; 19 ; 0.00853604 ; -0.00656267 ; 0.017415 ; 101.709;
5 ; 5 ; 19 ; 0.00244925 ; -0.00220541 ; 0.0115224 ; 102.145;
6 ; 5 ; 19 ; 0.00632018 ; 0.00143339 ; 0.0115679 ; 102.079;
7 ; 5 ; 19 ; 0.0126615 ; 0.005207 ; 0.00762196 ; 101.666;
8 ; 5 ; 19 ; 0.017002 ; 0.00773142 ; 0.00199733 ; 101.185;
9 ; 5 ; 19 ; 0.0264324 ; 0.0108103 ; 0.0100004 ; 101.807;
10 ; 5 ; 19 ; 0.0222705 ; 0.00179227 ; 0.0101763 ; 101.571;
11 ; 5 ; 19 ; 0.0175229 ; -0.0076469 ; 0.00499856 ; 101.494;
12 ; 5 ; 19 ; 0.0227975 ; -0.0149839 ; -0.00217274 ; 101.636;
13 ; 5 ; 19 ; 0.0328775 ; 0.00337792 ; -0.0120304 ; 101.768;
14 ; 5 ; 19 ; 0.0259156 ; 0.000475499 ; -0.00264845 ; 101.701;
15 ; 5 ; 19 ; 0.025942 ; -0.00131916 ; -0.00298724 ; 101.83;
16 ; 5 ; 19 ; 0.0360533 ; -0.00589102 ; -0.00639768 ; 102.073;
17 ; 5 ; 19 ; 0.0179858 ; -0.00228558 ; -0.0214081 ; 101.493;
18 ; 5 ; 19 ; 0.015589 ; 0.000674764 ; -0.010989 ; 101.638;
19 ; 5 ; 19 ; 0.00892775 ; -0.000398991 ; -0.0132934 ; 101.52;
20 ; 5 ; 19 ; 0.0115144 ; 0.00112652 ; -0.00506528 ; 101.505;
21 ; 5 ; 19 ; 0.0335708 ; 0.0170027 ; 0.00133767 ; 101.244;
4 ; 6 ; 19 ; 0.00189249 ; -0.0033613 ; -0.0121419 ; 100.668;
5 ; 6 ; 19 ; 0.00302156 ; -0.00840323 ; 0.0146124 ; 102.102;
6 ; 6 ; 19 ; 0.00471423 ; 0.00205418 ; 0.00735481 ; 102.1;
7 ; 6 ; 19 ; 0.0120905 ; 0.00505314 ; 0.00783277 ; 101.864;
8 ; 6 ; 19 ; 0.0283947 ; -0.000632933 ; 0.0121052 ; 101.665;
9 ; 6 ; 19 ; 0.0342878 ; 0.0236251 ; 0.00781166 ; 101.975;
10 ; 6 ; 19 ; 0.0254411 ; 0.00100782 ; 0.0120032 ; 101.672;
11 ; 6 ; 19 ; 0.0156725 ; -0.00707862 ; 0.00670403 ; 101.537;
12 ; 6 ; 19 ; 0.00301056 ; -0.00404536 ; -0.004785 ; 101.595;
13 ; 6 ; 19 ; 0.0336151 ; 0.00177581 ; -0.00565002 ; 101.683;
14 ; 6 ; 19 ; 0.0279836 ; 0.00450595 ; -0.00614907 ; 101.721;
15 ; 6 ; 19 ; 0.0229156 ; 0.00159156 ; -0.0024739 ; 101.691;
16 ; 6 ; 19 ; 0.0198838 ; -0.00561858 ; -0.00719795 ; 101.662;
17 ; 6 ; 19 ; 0.0138059 ; -0.00264425 ; -0.0146535 ; 101.498;
18 ; 6 ; 19 ; 0.0151297 ; -0.000553004 ; -0.018857 ; 101.437;
19 ; 6 ; 19 ; 0.00578585 ; -0.0022159 ; -0.0188477 ; 101.466;
20 ; 6 ; 19 ; 0.00696191 ; 0.00109494 ; -0.0104766 ; 101.348;
21 ; 6 ; 19 ; -0.000815063 ; -0.0091708 ; -0.0180863 ; 101.985;
4 ; 7 ; 19 ; 0.0268725 ; 0.0209884 ; -0.0217962 ; 102.062;
5 ; 7 ; 19 ; 0.0245529 ; -0.00458054 ; -0.0137051 ; 101.589;
6 ; 7 ; 19 ; 0.0255012 ; -0.00269952 ; -0.00912619 ; 101.557;
7 ; 7 ; 19 ; 0.0284387 ; -0.00368026 ; -0.006582 ; 101.448;
8 ; 7 ; 19 ; 0.0512939 ; -0.0255492 ; -0.0173999 ; 101.305;
9 ; 7 ; 19 ; 0.0174794 ; -0.00271141 ; -0.00293755 ; 101.571;
10 ; 7 ; 19 ; 0.016805 ; -0.00810385 ; 0.00259892 ; 101.6;
11 ; 7 ; 19 ; 0.0238603 ; -0.00825046 ; 0.00199549 ; 101.635;
12 ; 7 ; 19 ; 0.0252153 ; -0.0250745 ; -0.0133741 ; 101.949;
13 ; 7 ; 19 ; 0.0215322 ; -0.00311733 ; 0.00636427 ; 101.393;
14 ; 7 ; 19 ; 0.0191041 ; -0.00288751 ; 0.00361405 ; 101.371;
15 ; 7 ; 19 ; 0.0160758 ; -0.0112297 ; 0.00662367 ; 101.268;
16 ; 7 ; 19 ; 0.0143202 ; -0.0237644 ; 0.00308826 ; 101.058;
17 ; 7 ; 19 ; 0.0121284 ; 0.0247994 ; -0.0143571 ; 101.378;
18 ; 7 ; 19 ; 0.0102011 ; 0.0211309 ; -0.0175286 ; 101.488;
19 ; 7 ; 19 ; 0.00447992 ; 0.0167064 ; -0.00192629 ; 101.636;
20 ; 7 ; 19 ; 0.00833044 ; 0.0169913 ; 0.0312538 ; 101.669;
21 ; 7 ; 19 ; -0.00714286 ; 0.00418659 ; 0.00593252 ; 101.679;
4 ; 8 ; 19 ; -0.00684965 ; -0.00319973 ; 0.00672224 ; 101.45;
5 ; 8 ; 19 ; 0.0329184 ; -0.0011033 ; -0.00602019 ; 101.392;
6 ; 8 ; 19 ; 0.025791 ; -0.000403854 ; -0.00500082 ; 101.524;
7 ; 8 ; 19 ; 0.0214334 ; 0.00141776 ; -0.00208585 ; 101.497;
8 ; 8 ; 19 ; 0.0329735 ; -0.00848571 ; -0.00725847 ; 101.469;
9 ; 8 ; 19 ; 0.0134551 ; 0.00176268 ; -0.00341813 ; 101.847;
10 ; 8 ; 19 ; 0.0154329 ; -0.00517754 ; 0.000804432 ; 101.676;
11 ; 8 ; 19 ; 0.0222809 ; -0.0057791 ; 0.00102616 ; 101.624;
12 ; 8 ; 19 ; 0.0239563 ; -0.00845652 ; -0.00292021 ; 101.885;
13 ; 8 ; 19 ; 0.0245738 ; 0.00208609 ; 0.00532759 ; 101.793;
14 ; 8 ; 19 ; 0.0210293 ; -0.000405924 ; 0.00299059 ; 101.432;
15 ; 8 ; 19 ; 0.0206087 ; -0.0107331 ; 0.00429699 ; 101.259;
16 ; 8 ; 19 ; 0.0161724 ; -0.0168563 ; 0.00524108 ; 101.245;
17 ; 8 ; 19 ; 0.0169895 ; 0.00295037 ; -0.00719813 ; 101.462;
18 ; 8 ; 19 ; 0.0104949 ; 0.0146346 ; -0.0130845 ; 101.505;
19 ; 8 ; 19 ; 0.00468943 ; 0.015463 ; -0.00520678 ; 101.616;
20 ; 8 ; 19 ; 0.00210446 ; 0.0194693 ; 0.0138348 ; 101.762;
21 ; 8 ; 19 ; 0.015205 ; 0.0189425 ; -0.00557578 ; 101.274;
4 ; 9 ; 19 ; 0.0267429 ; -0.00140517 ; 0.0271675 ; 101.512;
5 ; 9 ; 19 ; 0.0206001 ; 0.0051487 ; 0.00299415 ; 101.765;
6 ; 9 ; 19 ; 0.0229364 ; 0.00475628 ; 0.00133422 ; 101.697;
7 ; 9 ; 19 ; 0.0122919 ; 0.00951206 ; 0.00674602 ; 101.71;
8 ; 9 ; 19 ; 0.00531333 ; 0.0128425 ; 0.00575595 ; 101.677;
9 ; 9 ; 19 ; 0.00469134 ; -0.00704858 ; 0.00762784 ; 101.441;
10 ; 9 ; 19 ; 0.0109279 ; -0.0043426 ; 0.00545404 ; 101.638;
11 ; 9 ; 19 ; 0.0171863 ; -0.00544278 ; 0.0085243 ; 101.596;
12 ; 9 ; 19 ; 0.0201209 ; 0.00305428 ; 0.00209325 ; 101.585;
13 ; 9 ; 19 ; 0.0153324 ; 0.00103932 ; -0.000417721 ; 101.666;
14 ; 9 ; 19 ; 0.0209624 ; 0.000449459 ; 0.00161823 ; 101.369;
15 ; 9 ; 19 ; 0.0233905 ; -0.00936364 ; 0.000301262 ; 101.181;
16 ; 9 ; 19 ; 0.0272234 ; -0.0173474 ; 0.00134224 ; 101.265;
17 ; 9 ; 19 ; 0.012311 ; -0.00209145 ; 0.0100295 ; 101.535;
18 ; 9 ; 19 ; 0.00793808 ; 0.00627895 ; -0.00271945 ; 101.551;
19 ; 9 ; 19 ; 0.00403095 ; 0.0124161 ; -0.00951979 ; 101.584;
20 ; 9 ; 19 ; -0.00106095 ; 0.0174081 ; -0.0104023 ; 101.676;
21 ; 9 ; 19 ; 0.0508103 ; -0.0218304 ; -0.00871849 ; 101.211;
4 ; 10 ; 19 ; 0.0390578 ; -0.00618761 ; -0.000371655 ; 101.344;
5 ; 10 ; 19 ; 0.0269646 ; 0.00953623 ; -0.00718521 ; 101.432;
6 ; 10 ; 19 ; 0.0221761 ; 0.00652688 ; 0.00225028 ; 101.734;
7 ; 10 ; 19 ; 0.0156504 ; 0.00544718 ; 0.00645133 ; 101.768;
8 ; 10 ; 19 ; 0.0059203 ; 0.0107684 ; 0.0118241 ; 101.838;
9 ; 10 ; 19 ; 0.0191014 ; -0.00663889 ; 0.00253809 ; 101.416;
10 ; 10 ; 19 ; 0.0142135 ; -0.00828954 ; 0.0086844 ; 101.478;
11 ; 10 ; 19 ; 0.0192994 ; -0.010812 ; 0.0131668 ; 101.525;
12 ; 10 ; 19 ; 0.0156732 ; -0.0132656 ; 0.0089406 ; 101.621;
13 ; 10 ; 19 ; 0.0188491 ; 0.00534507 ; -0.00861246 ; 101.157;
14 ; 10 ; 19 ; 0.0198209 ; 0.000955365 ; -0.00413919 ; 101.279;
15 ; 10 ; 19 ; 0.0203029 ; -0.00481497 ; -0.00425171 ; 101.22;
16 ; 10 ; 19 ; 0.0249196 ; -0.0190362 ; -0.0042125 ; 101.044;
17 ; 10 ; 19 ; 0.0157944 ; 0.00182819 ; 0.0078995 ; 101.502;
18 ; 10 ; 19 ; 0.0108212 ; -0.000237668 ; 0.00251282 ; 101.496;
19 ; 10 ; 19 ; 0.0107695 ; 0.00373861 ; -0.00861583 ; 101.512;
20 ; 10 ; 19 ; 0.00400555 ; 0.00959227 ; -0.013919 ; 101.431;
21 ; 10 ; 19 ; 0.0216022 ; 0.0249976 ; 0.00822968 ; 100.948;
4 ; 11 ; 19 ; 0.0280289 ; -0.00929199 ; -0.0128899 ; 101.518;
5 ; 11 ; 19 ; 0.0241085 ; 0.00659007 ; 0.00118244 ; 101.309;
6 ; 11 ; 19 ; 0.0188175 ; 0.00388783 ; -0.00251313 ; 101.612;
7 ; 11 ; 19 ; 0.0166638 ; 0.000640565 ; 0.00234904 ; 101.616;
8 ; 11 ; 19 ; 0.013689 ; 0.000555155 ; 0.00596506 ; 101.783;
9 ; 11 ; 19 ; 0.0231128 ; -0.00665227 ; 0.00347197 ; 101.571;
10 ; 11 ; 19 ; 0.0249599 ; -0.00515037 ; 0.00589309 ; 101.402;
11 ; 11 ; 19 ; 0.0319589 ; -0.0045232 ; 0.00969819 ; 101.427;
12 ; 11 ; 19 ; 0.0232166 ; -0.0122514 ; 0.0202312 ; 101.753;
13 ; 11 ; 19 ; 0.0119731 ; 0.0081367 ; 0.00139315 ; 101.394;
14 ; 11 ; 19 ; 0.021153 ; 0.00496115 ; -0.00373284 ; 101.151;
15 ; 11 ; 19 ; 0.0220533 ; 0.0084667 ; -0.00660693 ; 101.269;
16 ; 11 ; 19 ; 0.00756891 ; -0.000337019 ; -0.000417922 ; 101.316;
17 ; 11 ; 19 ; 0.029018 ; 0.00651675 ; -0.00695663 ; 101.215;
18 ; 11 ; 19 ; 0.0189234 ; 0.000357394 ; 0.000625732 ; 101.382;
19 ; 11 ; 19 ; 0.0156853 ; -0.000190198 ; -0.0033066 ; 101.624;
20 ; 11 ; 19 ; 0.0109539 ; 0.000473311 ; -0.0136755 ; 101.473;
21 ; 11 ; 19 ; 0.012559 ; -0.012198 ; -0.00712401 ; 102.057;
4 ; 12 ; 19 ; 0.00456743 ; -0.00405196 ; 0.015455 ; 101.53;
5 ; 12 ; 19 ; 0.0108891 ; 0.00196301 ; 0.0112864 ; 101.648;
6 ; 12 ; 19 ; 0.0183309 ; 0.00130249 ; -0.00467573 ; 101.409;
7 ; 12 ; 19 ; 0.0159152 ; -0.00237094 ; -0.000862183 ; 101.442;
8 ; 12 ; 19 ; 0.0163358 ; -0.00354935 ; 0.00282732 ; 101.398;
9 ; 12 ; 19 ; 0.0141696 ; -0.012682 ; 0.0150608 ; 101.507;
10 ; 12 ; 19 ; 0.0326304 ; -0.00114827 ; -0.000118028 ; 101.443;
11 ; 12 ; 19 ; 0.041249 ; 0.00126552 ; 0.00205774 ; 101.364;
12 ; 12 ; 19 ; 0.0322693 ; -0.00484775 ; 0.00946972 ; 101.616;
13 ; 12 ; 19 ; -0.000495223 ; 0.00523501 ; 0.0145054 ; 101.703;
14 ; 12 ; 19 ; 0.0237141 ; 0.00922584 ; -0.00328583 ; 101.17;
15 ; 12 ; 19 ; 0.0259966 ; 0.0161959 ; -0.00816533 ; 101.331;
16 ; 12 ; 19 ; 0.00799007 ; 0.0178271 ; -0.0031649 ; 101.944;
17 ; 12 ; 19 ; 0.0324391 ; 0.013233 ; -0.0122321 ; 101.035;
18 ; 12 ; 19 ; 0.0257989 ; -0.000601301 ; -0.00233433 ; 101.297;
19 ; 12 ; 19 ; 0.019284 ; -0.00200137 ; -0.00024013 ; 101.694;
20 ; 12 ; 19 ; 0.0138017 ; 0.00329269 ; -0.00495394 ; 101.827;
21 ; 12 ; 19 ; 0.0235667 ; -0.00988159 ; -0.00243793 ; 101.082;
4 ; 13 ; 19 ; 0.0178449 ; -0.000385291 ; -0.000320076 ; 101.678;
5 ; 13 ; 19 ; 0.0104986 ; -0.00940406 ; 0.0130643 ; 101.504;
6 ; 13 ; 19 ; 0.0140069 ; -0.00873795 ; 0.00551594 ; 101.488;
7 ; 13 ; 19 ; 0.0217949 ; -0.000917747 ; 0.00185848 ; 101.34;
8 ; 13 ; 19 ; 0.0116994 ; 0.0174146 ; -0.000592726 ; 101.322;
9 ; 13 ; 19 ; 0.0171335 ; 0.0108617 ; 0.00159555 ; 101.824;
10 ; 13 ; 19 ; 0.0241909 ; -0.000761568 ; 0.00449301 ; 101.603;
11 ; 13 ; 19 ; 0.0320803 ; -0.000500594 ; 0.0113375 ; 101.326;
12 ; 13 ; 19 ; 0.0524165 ; -0.00654494 ; 0.0107997 ; 101.277;
13 ; 13 ; 19 ; 0.00878167 ; 0.00280269 ; 0.0127309 ; 101.382;
14 ; 13 ; 19 ; 0.0111905 ; 0.00164043 ; 0.0118086 ; 101.579;
15 ; 13 ; 19 ; 0.0170942 ; 0.00331238 ; 0.00207636 ; 101.666;
16 ; 13 ; 19 ; 0.0138186 ; 0.00494325 ; -0.011008 ; 101.04;
17 ; 13 ; 19 ; 0.0221443 ; -0.00627578 ; -0.0102763 ; 101.552;
18 ; 13 ; 19 ; 0.019402 ; -0.00254122 ; -0.00971553 ; 101.401;
19 ; 13 ; 19 ; 0.0186102 ; -0.0056956 ; -0.0133938 ; 101.352;
20 ; 13 ; 19 ; 0.00995423 ; -0.00281905 ; -0.023625 ; 100.976;
21 ; 13 ; 19 ; 0.0177464 ; -0.0170472 ; -0.0150812 ; 101.493;
4 ; 14 ; 19 ; 0.0125058 ; -0.0167147 ; -0.00937498 ; 102.03;
5 ; 14 ; 19 ; 0.0146178 ; -0.000325985 ; 0.00968861 ; 101.334;
6 ; 14 ; 19 ; 0.0135434 ; -0.00487153 ; 0.00759278 ; 101.459;
7 ; 14 ; 19 ; 0.0192514 ; -4.50582e-05 ; 0.00592006 ; 101.47;
8 ; 14 ; 19 ; 0.0213699 ; 0.00800846 ; 0.00179971 ; 101.262;
9 ; 14 ; 19 ; 0.0245658 ; -0.00248363 ; 0.00977393 ; 101.827;
10 ; 14 ; 19 ; 0.0231503 ; -0.00271036 ; 0.00663487 ; 101.649;
11 ; 14 ; 19 ; 0.0260869 ; -0.00183838 ; 0.00956641 ; 101.383;
12 ; 14 ; 19 ; 0.037092 ; -0.000276883 ; 0.0150136 ; 101.113;
13 ; 14 ; 19 ; 0.0186456 ; -0.0024037 ; 0.00653188 ; 101.407;
14 ; 14 ; 19 ; 0.0170014 ; -0.000725774 ; 0.00585655 ; 101.574;
15 ; 14 ; 19 ; 0.0205571 ; 0.00333748 ; -0.00226832 ; 101.7;
16 ; 14 ; 19 ; 0.0179375 ; 0.00405097 ; -0.00489138 ; 101.438;
17 ; 14 ; 19 ; 0.0221184 ; -0.0047394 ; 0.00102031 ; 101.22;
18 ; 14 ; 19 ; 0.0196962 ; -0.00174571 ; -0.00535596 ; 101.419;
19 ; 14 ; 19 ; 0.0190351 ; -0.00378224 ; -0.00794466 ; 101.49;
20 ; 14 ; 19 ; 0.0198406 ; -0.00675989 ; -0.0181455 ; 101.389;
21 ; 14 ; 19 ; 0.0367707 ; -0.00172105 ; 0.00263292 ; 101.639;
4 ; 15 ; 19 ; 0.0429354 ; -0.00609011 ; 0.016948 ; 101.319;
5 ; 15 ; 19 ; 0.0170971 ; 0.0127585 ; -0.005435 ; 101.257;
6 ; 15 ; 19 ; 0.0139673 ; 0.00496934 ; 0.00394182 ; 101.467;
7 ; 15 ; 19 ; 0.0163015 ; 0.00463036 ; 0.00229801 ; 101.702;
8 ; 15 ; 19 ; 0.0241818 ; -0.000941291 ; 0.00882699 ; 101.571;
9 ; 15 ; 19 ; 0.0183757 ; -0.00837971 ; 0.00807705 ; 101.716;
10 ; 15 ; 19 ; 0.0214259 ; -0.00604798 ; 0.00470202 ; 101.717;
11 ; 15 ; 19 ; 0.0185611 ; -0.00463626 ; 0.000596993 ; 101.497;
12 ; 15 ; 19 ; 0.0132446 ; -0.00111951 ; 0.0111703 ; 101.184;
13 ; 15 ; 19 ; 0.0283121 ; -0.00573663 ; 0.00784504 ; 101.445;
14 ; 15 ; 19 ; 0.0237977 ; -0.00262396 ; 0.000774301 ; 101.635;
15 ; 15 ; 19 ; 0.0250593 ; 0.00467153 ; -0.00576472 ; 101.802;
16 ; 15 ; 19 ; 0.0231988 ; 0.00714621 ; -0.00541959 ; 101.851;
17 ; 15 ; 19 ; 0.0222425 ; -0.00141677 ; -0.00537923 ; 101.561;
18 ; 15 ; 19 ; 0.0233352 ; -0.00388349 ; -0.00296134 ; 101.531;
19 ; 15 ; 19 ; 0.0216382 ; -0.00318346 ; -0.000796229 ; 101.662;
20 ; 15 ; 19 ; 0.0245044 ; -0.00509412 ; -0.00705559 ; 101.903;
21 ; 15 ; 19 ; 0.012204 ; 0.00393284 ; 0.0110421 ; 100.867;
4 ; 16 ; 19 ; 0.00768678 ; -0.00342337 ; 0.0094634 ; 102.032;
5 ; 16 ; 19 ; 0.0166128 ; 0.00968464 ; 0.00242301 ; 101.089;
6 ; 16 ; 19 ; 0.0135204 ; 0.00876463 ; -0.00289025 ; 101.462;
7 ; 16 ; 19 ; 0.0125867 ; 0.00751705 ; -0.00514211 ; 101.836;
8 ; 16 ; 19 ; 0.0133951 ; 0.00820353 ; -0.00480508 ; 101.984;
9 ; 16 ; 19 ; 0.0223569 ; -0.00566624 ; -0.00444264 ; 101.625;
10 ; 16 ; 19 ; 0.0202598 ; -0.0082184 ; -0.00259767 ; 101.726;
11 ; 16 ; 19 ; 0.018456 ; -0.00984112 ; -0.00749935 ; 101.593;
12 ; 16 ; 19 ; 0.013551 ; -0.0104831 ; -0.0106665 ; 101.496;
13 ; 16 ; 19 ; 0.0216146 ; -0.000791969 ; 0.0115794 ; 101.793;
14 ; 16 ; 19 ; 0.0280036 ; -0.00112589 ; 0.00221168 ; 101.663;
15 ; 16 ; 19 ; 0.0291144 ; 0.0086839 ; -0.00289507 ; 101.681;
16 ; 16 ; 19 ; 0.0251706 ; 0.0126469 ; -0.0129612 ; 101.961;
17 ; 16 ; 19 ; 0.0219288 ; -0.000459534 ; -0.0163724 ; 102.039;
18 ; 16 ; 19 ; 0.0232015 ; -0.00402256 ; -0.00758217 ; 101.746;
19 ; 16 ; 19 ; 0.0199577 ; -0.00106455 ; -0.00292976 ; 101.721;
20 ; 16 ; 19 ; 0.0209702 ; 0.00278559 ; -0.00312857 ; 101.708;
21 ; 16 ; 19 ; 0.0065597 ; -0.0177985 ; -0.0302883 ; 101.089;
4 ; 17 ; 19 ; 0.0120474 ; 0.00673391 ; -0.00107813 ; 101.775;
5 ; 17 ; 19 ; 0.0135187 ; -0.0153702 ; 0.00416807 ; 101.469;
6 ; 17 ; 19 ; 0.0124495 ; 0.0028072 ; -0.00115119 ; 101.466;
7 ; 17 ; 19 ; 0.00827558 ; 0.00718156 ; -0.00348889 ; 101.718;
8 ; 17 ; 19 ; 0.00983569 ; 0.00823532 ; -0.0136356 ; 101.931;
9 ; 17 ; 19 ; 0.0232636 ; -0.0145504 ; -0.00601859 ; 101.744;
10 ; 17 ; 19 ; 0.0218205 ; -0.00709544 ; -0.00335325 ; 101.625;
11 ; 17 ; 19 ; 0.0195231 ; -0.00710472 ; -0.00410252 ; 101.445;
12 ; 17 ; 19 ; 0.0189578 ; -0.00972161 ; -0.0112277 ; 101.415;
13 ; 17 ; 19 ; 0.0256574 ; 0.00819887 ; -3.50301e-05 ; 101.924;
14 ; 17 ; 19 ; 0.0267157 ; 0.0019601 ; 0.0049525 ; 101.635;
15 ; 17 ; 19 ; 0.0278042 ; 0.00840768 ; 0.000832796 ; 101.524;
16 ; 17 ; 19 ; 0.0309929 ; 0.0158745 ; -0.000666074 ; 101.72;
17 ; 17 ; 19 ; 0.00924058 ; -0.00966368 ; -0.0188045 ; 101.867;
18 ; 17 ; 19 ; 0.0204211 ; -0.0040419 ; -0.0133478 ; 101.828;
19 ; 17 ; 19 ; 0.0204124 ; 0.000181037 ; -0.0103892 ; 101.798;
20 ; 17 ; 19 ; 0.022879 ; 0.00348234 ; -0.00820901 ; 101.65;
21 ; 17 ; 19 ; 0.0168855 ; 0.0103589 ; -0.0160772 ; 102.398;
4 ; 18 ; 19 ; 0.0126742 ; 0.0260979 ; 0.00361911 ; 101.236;
5 ; 18 ; 19 ; 0.01245 ; -0.0302852 ; -0.00336393 ; 101.98;
6 ; 18 ; 19 ; 0.010867 ; -0.00309603 ; 0.00383439 ; 101.438;
7 ; 18 ; 19 ; 0.00468506 ; 0.00525107 ; 0.00363997 ; 101.635;
8 ; 18 ; 19 ; 0.00942364 ; 0.00304125 ; 0.00621583 ; 101.888;
9 ; 18 ; 19 ; 0.0203414 ; -0.0226778 ; -0.00329574 ; 101.855;
10 ; 18 ; 19 ; 0.0226393 ; -0.00659172 ; -0.000487201 ; 101.567;
11 ; 18 ; 19 ; 0.0189049 ; -0.00516567 ; 0.00147866 ; 101.343;
12 ; 18 ; 19 ; 0.0172299 ; -0.00866891 ; -0.00392493 ; 101.587;
13 ; 18 ; 19 ; 0.0296499 ; 0.0144324 ; -0.00677883 ; 101.946;
14 ; 18 ; 19 ; 0.0277328 ; 0.0023012 ; 0.00351457 ; 101.568;
15 ; 18 ; 19 ; 0.0275328 ; 0.00709872 ; 0.000439651 ; 101.397;
16 ; 18 ; 19 ; 0.0281347 ; 0.0157415 ; 0.00776773 ; 101.525;
17 ; 18 ; 19 ; 0.00352153 ; -0.0197875 ; -0.0202037 ; 101.624;
18 ; 18 ; 19 ; 0.0164596 ; -0.00171477 ; -0.0139762 ; 101.818;
19 ; 18 ; 19 ; 0.0192324 ; 0.00273123 ; -0.0139915 ; 101.868;
20 ; 18 ; 19 ; 0.0169967 ; 0.00307765 ; -0.0135433 ; 101.848;
21 ; 18 ; 19 ; 0.021164 ; 0.00658544 ; -0.016184 ; 100.466;
4 ; 19 ; 19 ; 0.0268757 ; -0.00491512 ; -0.0319999 ; 101.287;
5 ; 19 ; 19 ; 0.00769829 ; -0.00419652 ; 0.00926625 ; 101.495;
6 ; 19 ; 19 ; 0.000315466 ; -9.0142e-06 ; 0.0121454 ; 101.395;
7 ; 19 ; 19 ; 0.00375542 ; 0.00719087 ; 0.0173998 ; 101.511;
8 ; 19 ; 19 ; 0.00979214 ; 0.00251604 ; 0.0352247 ; 101.938;
9 ; 19 ; 19 ; 0.0192181 ; 0.0113359 ; 0.00351976 ; 101.833;
10 ; 19 ; 19 ; 0.0236316 ; 0.00963945 ; 0.00914096 ; 101.722;
11 ; 19 ; 19 ; 0.0254086 ; 0.00304151 ; 0.00518085 ; 101.519;
12 ; 19 ; 19 ; 0.0136563 ; -0.0114583 ; 0.0081576 ; 100.946;
13 ; 19 ; 19 ; 0.0324985 ; 0.00779708 ; -0.0164906 ; 101.726;
14 ; 19 ; 19 ; 0.0327955 ; 0.00370572 ; -0.0166674 ; 101.95;
15 ; 19 ; 19 ; 0.0293432 ; -0.00657209 ; -0.000983524 ; 101.806;
16 ; 19 ; 19 ; 0.00552326 ; -0.00712438 ; 0.0434558 ; 101.076;
17 ; 19 ; 19 ; 0.0175712 ; -0.0126874 ; -0.0125586 ; 101.675;
18 ; 19 ; 19 ; 0.0237784 ; -0.00486617 ; -0.0115796 ; 101.195;
19 ; 19 ; 19 ; 0.023437 ; 0.00363815 ; -0.00552972 ; 101.369;
20 ; 19 ; 19 ; 0.024056 ; 0.0112538 ; -0.0203588 ; 102.196;
21 ; 19 ; 19 ; 0.0286666 ; 0.0113644 ; -0.0253593 ; 101.647;
4 ; 20 ; 19 ; 0.00193756 ; -0.00158161 ; 0.000686319 ; 101.563;
5 ; 20 ; 19 ; 0.0100547 ; -0.00644077 ; -0.00621625 ; 101.796;
6 ; 20 ; 19 ; 0.00520907 ; -0.00287776 ; 0.00910911 ; 101.463;
7 ; 20 ; 19 ; 0.00808282 ; 0.00493666 ; 0.0142396 ; 101.401;
8 ; 20 ; 19 ; 0.00981456 ; 0.00631488 ; 0.026576 ; 101.47;
9 ; 20 ; 19 ; 0.0246065 ; -0.00710199 ; -0.00558771 ; 101.701;
10 ; 20 ; 19 ; 0.0249886 ; 0.00194391 ; 0.00815276 ; 101.668;
11 ; 20 ; 19 ; 0.0260305 ; 0.0015784 ; 0.00729972 ; 101.543;
12 ; 20 ; 19 ; 0.0183601 ; -0.00225109 ; 0.00113756 ; 101.346;
13 ; 20 ; 19 ; 0.0399557 ; 0.0146201 ; -0.0119944 ; 101.858;
14 ; 20 ; 19 ; 0.0323735 ; 0.00811559 ; -0.0117579 ; 101.825;
15 ; 20 ; 19 ; 0.0239289 ; 0.00104419 ; 0.000752817 ; 101.583;
16 ; 20 ; 19 ; 0.0199434 ; -0.00913061 ; 0.0203751 ; 101.308;
17 ; 20 ; 19 ; 0.00620051 ; -0.0110598 ; -0.00442486 ; 101.977;
18 ; 20 ; 19 ; 0.0142657 ; -0.00301597 ; -0.0101492 ; 101.368;
19 ; 20 ; 19 ; 0.0129864 ; 0.00685168 ; -0.00449785 ; 101.312;
20 ; 20 ; 19 ; 0.0213546 ; 0.00791143 ; -0.00615942 ; 101.628;
21 ; 20 ; 19 ; 0.02966 ; -0.0249748 ; -0.0146752 ; 100.995;
4 ; 21 ; 19 ; 0.0192647 ; -0.00241506 ; -0.0156301 ; 101.274;
5 ; 21 ; 19 ; 0.0186646 ; -0.00565688 ; -0.0101981 ; 101.776;
6 ; 21 ; 19 ; 0.00870536 ; -0.00637621 ; 0.00439442 ; 101.598;
7 ; 21 ; 19 ; 0.0121057 ; 0.00295244 ; 0.00971317 ; 101.264;
8 ; 21 ; 19 ; 0.0153381 ; 0.0115267 ; 0.0121926 ; 101.108;
9 ; 21 ; 19 ; 0.0345698 ; -0.0247715 ; -0.0127004 ; 101.77;
10 ; 21 ; 19 ; 0.0234547 ; -0.00161131 ; 0.0052752 ; 101.59;
11 ; 21 ; 19 ; 0.0256421 ; 0.00340017 ; 0.00582081 ; 101.641;
12 ; 21 ; 19 ; 0.0205627 ; 0.00525653 ; -0.00333094 ; 101.848;
13 ; 21 ; 19 ; 0.0463118 ; 0.0173661 ; -0.00960453 ; 101.67;
14 ; 21 ; 19 ; 0.0331605 ; 0.0110388 ; -0.00936392 ; 101.769;
15 ; 21 ; 19 ; 0.0238009 ; 0.0055995 ; -0.00411614 ; 101.477;
16 ; 21 ; 19 ; 0.024013 ; -0.000365079 ; -0.00867436 ; 101.48;
17 ; 21 ; 19 ; 0.00495547 ; -0.00765384 ; -0.00407036 ; 102.24;
18 ; 21 ; 19 ; 0.00327732 ; -0.00320894 ; -0.0055589 ; 101.522;
19 ; 21 ; 19 ; 0.00334726 ; 0.00800431 ; -0.000537652 ; 101.175;
20 ; 21 ; 19 ; 0.0100323 ; 0.0108602 ; 0.00600761 ; 101.244;
21 ; 21 ; 19 ; 0.0105433 ; 0.00615497 ; -0.0436024 ; 101.515;
4 ; 4 ; 20 ; 0.0213794 ; -0.0148216 ; -0.00699515 ; 101.343;
5 ; 4 ; 20 ; 0.016626 ; -0.00349733 ; 0.0038196 ; 101.729;
6 ; 4 ; 20 ; 0.0154172 ; -0.00295363 ; 0.00965572 ; 101.628;
7 ; 4 ; 20 ; 0.0233019 ; -0.00251805 ; 0.00707595 ; 102.07;
8 ; 4 ; 20 ; 0.0157924 ; -0.0118382 ; -0.0173479 ; 102.618;
9 ; 4 ; 20 ; 0.0128847 ; -0.000574946 ; 0.0179023 ; 101.464;
10 ; 4 ; 20 ; 0.0155537 ; 0.00102029 ; 0.0201365 ; 101.259;
11 ; 4 ; 20 ; 0.0145639 ; 0.00403116 ; 0.00852197 ; 101.195;
12 ; 4 ; 20 ; 0.00136303 ; -0.00158787 ; -0.0184959 ; 101.248;
13 ; 4 ; 20 ; 0.0149831 ; -0.00112541 ; -0.000177833 ; 101.788;
14 ; 4 ; 20 ; 0.0107201 ; 0.00707863 ; 0.00115893 ; 101.781;
15 ; 4 ; 20 ; 0.0135634 ; 0.0123322 ; -0.0013689 ; 101.707;
16 ; 4 ; 20 ; 0.0193328 ; 0.021571 ; -0.0087762 ; 101.047;
17 ; 4 ; 20 ; 0.00315828 ; -0.00114007 ; -0.00201625 ; 101.62;
18 ; 4 ; 20 ; 0.0104576 ; -0.00428717 ; -0.00178308 ; 101.601;
19 ; 4 ; 20 ; 0.019282 ; -0.000553044 ; 0.0020141 ; 101.742;
20 ; 4 ; 20 ; 0.0261917 ; -0.0256674 ; 0.0117747 ; 101.782;
21 ; 4 ; 20 ; -0.00185042 ; -0.00421085 ; 0.000697942 ; 101.594;
4 ; 5 ; 20 ; 0.00532234 ; -0.0160047 ; -0.0112791 ; 100.819;
5 ; 5 ; 20 ; 0.0220807 ; -0.00342991 ; 0.0134295 ; 101.81;
6 ; 5 ; 20 ; 0.015561 ; -0.00243437 ; 0.00904887 ; 101.657;
7 ; 5 ; 20 ; 0.0196233 ; -0.00234092 ; 0.00347804 ; 101.867;
8 ; 5 ; 20 ; 0.0256124 ; -0.00683385 ; -0.00230592 ; 102.435;
9 ; 5 ; 20 ; 0.0202525 ; -0.000870135 ; 0.0471037 ; 101.4;
10 ; 5 ; 20 ; 0.0199202 ; 0.000501987 ; 0.0261567 ; 101.341;
11 ; 5 ; 20 ; 0.0216552 ; 0.00192444 ; 0.00763717 ; 101.373;
12 ; 5 ; 20 ; 0.0115558 ; 0.00260121 ; -0.0101788 ; 101.335;
13 ; 5 ; 20 ; 0.00773796 ; -0.00549395 ; -0.00221668 ; 101.627;
14 ; 5 ; 20 ; 0.0109897 ; 0.00570282 ; 0.0016131 ; 101.574;
15 ; 5 ; 20 ; 0.0149967 ; 0.00913115 ; -0.00067202 ; 101.485;
16 ; 5 ; 20 ; 0.0195053 ; 0.0158235 ; -0.00740872 ; 101.568;
17 ; 5 ; 20 ; -0.00458554 ; 0.0128032 ; -0.0124059 ; 101.763;
18 ; 5 ; 20 ; 0.00585088 ; 0.00563298 ; -0.00466612 ; 101.786;
19 ; 5 ; 20 ; 0.0147817 ; 0.00869375 ; 0.00103238 ; 101.823;
20 ; 5 ; 20 ; 0.0242514 ; -0.00333078 ; 0.00705688 ; 101.886;
21 ; 5 ; 20 ; -0.0162746 ; -0.0161348 ; -0.0155358 ; 101.78;
4 ; 6 ; 20 ; 0.00953943 ; -0.0108277 ; -0.00472368 ; 100.841;
5 ; 6 ; 20 ; 0.0145842 ; -0.00493909 ; 0.029221 ; 102.004;
6 ; 6 ; 20 ; 0.0212778 ; -0.00117782 ; 0.00492826 ; 101.74;
7 ; 6 ; 20 ; 0.0216104 ; -0.001414 ; 0.00157753 ; 101.768;
8 ; 6 ; 20 ; 0.0259522 ; 0.003101 ; 0.00813119 ; 101.802;
9 ; 6 ; 20 ; 0.0170608 ; 0.00306559 ; 0.0582121 ; 101.22;
10 ; 6 ; 20 ; 0.0256834 ; -0.00156083 ; 0.0332637 ; 101.455;
11 ; 6 ; 20 ; 0.0296814 ; -0.00062752 ; 0.00900826 ; 101.55;
12 ; 6 ; 20 ; 0.0235815 ; 0.000140486 ; 0.00301934 ; 101.461;
13 ; 6 ; 20 ; 0.00223118 ; -0.00373271 ; 0.000869347 ; 101.408;
14 ; 6 ; 20 ; 0.0135187 ; 0.0024305 ; -0.000221938 ; 101.54;
15 ; 6 ; 20 ; 0.0177451 ; 0.00462004 ; -9.46115e-05 ; 101.529;
16 ; 6 ; 20 ; 0.0159612 ; 0.000180868 ; -0.00637545 ; 101.836;
17 ; 6 ; 20 ; -0.00946494 ; 0.0164753 ; -0.0116272 ; 101.597;
18 ; 6 ; 20 ; 0.0013704 ; 0.0178308 ; -0.00871667 ; 102.026;
19 ; 6 ; 20 ; 0.00971659 ; 0.0218739 ; 0.000275121 ; 101.899;
20 ; 6 ; 20 ; 0.019 ; 0.0185803 ; 0.00384667 ; 101.586;
21 ; 6 ; 20 ; 0.0148735 ; -0.00604065 ; 0.00443038 ; 101.985;
4 ; 7 ; 20 ; -0.01289 ; -0.00923387 ; -0.0144475 ; 101.325;
5 ; 7 ; 20 ; 0.0245274 ; -0.000359951 ; 0.000477919 ; 101.307;
6 ; 7 ; 20 ; 0.0220285 ; -0.00474068 ; -0.00597061 ; 101.24;
7 ; 7 ; 20 ; 0.0183257 ; 0.000671154 ; 0.00104289 ; 101.154;
8 ; 7 ; 20 ; 0.0179092 ; 0.0232287 ; 0.00915465 ; 100.619;
9 ; 7 ; 20 ; 0.014026 ; -0.00801335 ; -0.000951748 ; 101.706;
10 ; 7 ; 20 ; 0.0115322 ; -0.00368144 ; -0.00399849 ; 101.606;
11 ; 7 ; 20 ; 0.0144005 ; 0.00583473 ; -0.00105291 ; 101.464;
12 ; 7 ; 20 ; 0.0135931 ; 0.0112616 ; -0.0230973 ; 101.455;
13 ; 7 ; 20 ; 0.0158534 ; -0.00185572 ; 0.00527921 ; 101.553;
14 ; 7 ; 20 ; 0.0221761 ; 0.000693796 ; 0.0113611 ; 101.747;
15 ; 7 ; 20 ; 0.0228474 ; 0.00295006 ; 0.00659154 ; 101.714;
16 ; 7 ; 20 ; 0.0327446 ; 0.0112757 ; -0.00548055 ; 101.025;
17 ; 7 ; 20 ; 0.00994031 ; 0.00635892 ; -0.00145908 ; 101.536;
18 ; 7 ; 20 ; 0.00623731 ; 0.0205073 ; -0.00150342 ; 101.382;
19 ; 7 ; 20 ; 0.00158664 ; 0.0172889 ; 0.00776524 ; 101.247;
20 ; 7 ; 20 ; -0.0160959 ; 0.00872723 ; 0.0191186 ; 101.37;
21 ; 7 ; 20 ; 0.00866763 ; 0.00301668 ; 0.0111648 ; 101.215;
4 ; 8 ; 20 ; 0.0232645 ; 0.0150326 ; 0.00381482 ; 102.214;
5 ; 8 ; 20 ; 0.0197267 ; -0.00216334 ; -0.00332757 ; 101.547;
6 ; 8 ; 20 ; 0.0207556 ; -0.0035112 ; -0.00465985 ; 101.349;
7 ; 8 ; 20 ; 0.0186302 ; -0.00133255 ; 5.37281e-05 ; 101.226;
8 ; 8 ; 20 ; 0.016201 ; 0.0080496 ; 0.00719855 ; 101.058;
9 ; 8 ; 20 ; 0.0216981 ; -0.00509709 ; 0.0013054 ; 101.531;
10 ; 8 ; 20 ; 0.0158076 ; -0.00204266 ; -0.000487907 ; 101.574;
11 ; 8 ; 20 ; 0.018771 ; 0.00683329 ; 0.00414708 ; 101.525;
12 ; 8 ; 20 ; 0.0187123 ; 0.00817509 ; -0.00518251 ; 101.351;
13 ; 8 ; 20 ; 0.0255182 ; -0.00105755 ; -0.000826241 ; 101.411;
14 ; 8 ; 20 ; 0.0234545 ; 0.000564873 ; 0.00702927 ; 101.611;
15 ; 8 ; 20 ; 0.0200838 ; 0.00232441 ; 0.0024303 ; 101.703;
16 ; 8 ; 20 ; 0.0212088 ; 0.00283146 ; 0.00270786 ; 101.341;
17 ; 8 ; 20 ; 0.00795076 ; -0.00218622 ; 0.000177221 ; 101.428;
18 ; 8 ; 20 ; 0.00780102 ; 0.0122693 ; 0.00064904 ; 101.329;
19 ; 8 ; 20 ; 0.00609423 ; 0.0112876 ; 0.00540004 ; 101.214;
20 ; 8 ; 20 ; -0.00395389 ; 0.0109635 ; 0.0165422 ; 101.222;
21 ; 8 ; 20 ; 0.0125684 ; -0.0264087 ; -0.0107065 ; 101.551;
4 ; 9 ; 20 ; 0.0107765 ; 0.00805613 ; -0.00611191 ; 101.071;
5 ; 9 ; 20 ; 0.00844603 ; -0.00966319 ; -0.00704931 ; 101.915;
6 ; 9 ; 20 ; 0.017824 ; -0.00299233 ; -0.00402033 ; 101.587;
7 ; 9 ; 20 ; 0.0195124 ; -0.00440197 ; -0.00255373 ; 101.477;
8 ; 9 ; 20 ; 0.0174449 ; -0.00656024 ; -0.00102245 ; 101.42;
9 ; 9 ; 20 ; 0.0225007 ; -0.00914284 ; 0.0137343 ; 101.65;
10 ; 9 ; 20 ; 0.0211089 ; -0.000640251 ; 0.00887361 ; 101.554;
11 ; 9 ; 20 ; 0.0242725 ; 0.00844463 ; 0.0102096 ; 101.532;
12 ; 9 ; 20 ; 0.0283693 ; 0.00869381 ; 0.0147446 ; 101.381;
13 ; 9 ; 20 ; 0.0162191 ; -0.00561415 ; 0.00365983 ; 101.35;
14 ; 9 ; 20 ; 0.0208781 ; -0.00070781 ; 0.000778492 ; 101.408;
15 ; 9 ; 20 ; 0.0145987 ; 0.0012341 ; -0.00237406 ; 101.627;
16 ; 9 ; 20 ; 0.00758932 ; -0.00121635 ; 0.000294308 ; 101.739;
17 ; 9 ; 20 ; 0.00850319 ; -0.0110693 ; -0.00818801 ; 101.696;
18 ; 9 ; 20 ; 0.00870413 ; 0.0019247 ; 0.00100521 ; 101.436;
19 ; 9 ; 20 ; 0.0123234 ; 0.00491029 ; 0.000500558 ; 101.336;
20 ; 9 ; 20 ; 0.0109243 ; 0.00605422 ; 0.00505481 ; 101.176;
21 ; 9 ; 20 ; 0.0341744 ; -0.0118042 ; -0.0189127 ; 102.645;
4 ; 10 ; 20 ; 0.000286917 ; 0.00217026 ; 0.00374688 ; 101.368;
5 ; 10 ; 20 ; -0.00718622 ; -0.00148496 ; -0.00910148 ; 101.613;
6 ; 10 ; 20 ; 0.00852738 ; 0.00127162 ; -0.00618799 ; 101.766;
7 ; 10 ; 20 ; 0.0211306 ; 0.00336603 ; -0.00522211 ; 101.598;
8 ; 10 ; 20 ; 0.0194443 ; -0.00333796 ; -0.00581529 ; 101.504;
9 ; 10 ; 20 ; 0.0129879 ; -0.00780996 ; 0.0154526 ; 101.706;
10 ; 10 ; 20 ; 0.019465 ; -0.00227004 ; 0.013808 ; 101.606;
11 ; 10 ; 20 ; 0.0224937 ; 0.00755986 ; 0.00868481 ; 101.551;
12 ; 10 ; 20 ; 0.0283003 ; 0.0168334 ; 0.00323484 ; 101.382;
13 ; 10 ; 20 ; 0.0123618 ; -8.46093e-05 ; 0.00954359 ; 101.532;
14 ; 10 ; 20 ; 0.0187771 ; 6.63839e-05 ; 0.00322589 ; 101.464;
15 ; 10 ; 20 ; 0.0198598 ; 0.000462517 ; -0.00134712 ; 101.56;
16 ; 10 ; 20 ; 0.0108442 ; 0.00654732 ; -0.00666025 ; 101.614;
17 ; 10 ; 20 ; 0.0102619 ; 5.92759e-05 ; -0.00515735 ; 101.515;
18 ; 10 ; 20 ; 0.0104741 ; 0.00146656 ; -0.0039455 ; 101.538;
19 ; 10 ; 20 ; 0.0155818 ; 0.00600803 ; -0.00577668 ; 101.502;
20 ; 10 ; 20 ; 0.0154728 ; 0.00133795 ; -0.00508656 ; 101.531;
21 ; 10 ; 20 ; 0.0291568 ; 0.00801738 ; 0.0109845 ; 101.046;
4 ; 11 ; 20 ; 0.0102058 ; 0.0188871 ; -0.00126469 ; 102.425;
5 ; 11 ; 20 ; 0.00273834 ; 0.0211602 ; -0.00649786 ; 101.587;
6 ; 11 ; 20 ; 0.00652857 ; 0.0117778 ; -0.00735022 ; 101.633;
7 ; 11 ; 20 ; 0.0183395 ; 0.00776961 ; -0.00311273 ; 101.56;
8 ; 11 ; 20 ; 0.0307771 ; 0.00802985 ; -0.00224541 ; 101.646;
9 ; 11 ; 20 ; -0.00155268 ; -0.00366878 ; 0.00495626 ; 101.606;
10 ; 11 ; 20 ; 0.00942328 ; 0.00115937 ; 0.00952075 ; 101.712;
11 ; 11 ; 20 ; 0.0156344 ; 0.00830274 ; 0.00389968 ; 101.654;
12 ; 11 ; 20 ; 0.0193459 ; 0.0147958 ; 0.000943167 ; 101.393;
13 ; 11 ; 20 ; 0.0152608 ; 0.011302 ; -0.0116845 ; 101.746;
14 ; 11 ; 20 ; 0.018528 ; 3.21528e-05 ; 0.00122343 ; 101.494;
15 ; 11 ; 20 ; 0.0216169 ; -0.00657031 ; 0.00289418 ; 101.457;
16 ; 11 ; 20 ; 0.0259955 ; 0.00210298 ; 0.00519424 ; 101.537;
17 ; 11 ; 20 ; 0.00775172 ; 0.0195276 ; 0.00528212 ; 101.444;
18 ; 11 ; 20 ; 0.0124784 ; 0.0104758 ; -0.00286402 ; 101.437;
19 ; 11 ; 20 ; 0.020015 ; 0.00997117 ; -0.00512398 ; 101.325;
20 ; 11 ; 20 ; 0.0249534 ; 0.0125911 ; -0.00833176 ; 101.53;
21 ; 11 ; 20 ; 0.00112765 ; 0.00633183 ; -0.0217227 ; 101.633;
4 ; 12 ; 20 ; -0.0200836 ; 0.00967625 ; 0.00133606 ; 101.519;
5 ; 12 ; 20 ; 0.0203498 ; 0.0312947 ; -0.0053434 ; 101.706;
6 ; 12 ; 20 ; 0.00577945 ; 0.0189816 ; -0.00721882 ; 101.521;
7 ; 12 ; 20 ; 0.0159857 ; 0.0101352 ; -0.00115019 ; 101.449;
8 ; 12 ; 20 ; 0.030283 ; 0.00505878 ; 0.00309767 ; 101.221;
9 ; 12 ; 20 ; -0.00934574 ; -0.00326638 ; 0.00218648 ; 101.596;
10 ; 12 ; 20 ; 0.0041217 ; 0.00398685 ; 0.00438952 ; 101.76;
11 ; 12 ; 20 ; 0.0124139 ; 0.00885051 ; 0.00190529 ; 101.774;
12 ; 12 ; 20 ; 0.0228172 ; 0.00132636 ; 0.00242248 ; 101.42;
13 ; 12 ; 20 ; 0.013292 ; 0.014659 ; -0.0316386 ; 101.769;
14 ; 12 ; 20 ; 0.0211281 ; 0.000589402 ; -0.000583418 ; 101.499;
15 ; 12 ; 20 ; 0.02315 ; -0.0108015 ; 0.00409197 ; 101.424;
16 ; 12 ; 20 ; 0.0242872 ; -0.00645984 ; -0.00389548 ; 101.671;
17 ; 12 ; 20 ; 0.00391329 ; 0.0306761 ; 0.00886754 ; 101.717;
18 ; 12 ; 20 ; 0.0147632 ; 0.0142156 ; -0.00050254 ; 101.263;
19 ; 12 ; 20 ; 0.0232438 ; 0.0101573 ; -0.00413084 ; 101.112;
20 ; 12 ; 20 ; 0.0267984 ; 0.0138876 ; -0.00501431 ; 101.456;
21 ; 12 ; 20 ; -0.012716 ; -0.00705344 ; -0.00340978 ; 100.983;
4 ; 13 ; 20 ; -0.0108846 ; 0.00772907 ; 0.0151134 ; 101.175;
5 ; 13 ; 20 ; 0.00394947 ; -0.000670828 ; 0.0135106 ; 101.882;
6 ; 13 ; 20 ; 0.00854709 ; 4.54443e-05 ; 0.0147278 ; 101.856;
7 ; 13 ; 20 ; 0.0132762 ; 0.00300498 ; 0.00357783 ; 101.846;
8 ; 13 ; 20 ; 0.0020224 ; 0.000254756 ; -0.0237042 ; 101.934;
9 ; 13 ; 20 ; 0.0126573 ; -0.00265834 ; -0.00432897 ; 101.378;
10 ; 13 ; 20 ; 0.00794046 ; -0.00229924 ; -0.00157456 ; 101.509;
11 ; 13 ; 20 ; 0.0138146 ; -0.00189532 ; 0.00394656 ; 101.636;
12 ; 13 ; 20 ; 0.0366796 ; -0.00697899 ; 0.0070017 ; 102.2;
13 ; 13 ; 20 ; 0.0132323 ; -0.00218443 ; 0.00209959 ; 101.487;
14 ; 13 ; 20 ; 0.0122393 ; -0.00332819 ; 7.74155e-05 ; 101.507;
15 ; 13 ; 20 ; 0.012462 ; -0.00939304 ; 0.000620104 ; 101.46;
16 ; 13 ; 20 ; 0.0152293 ; -0.0299458 ; -0.00292857 ; 101.896;
17 ; 13 ; 20 ; 0.0205421 ; 0.00251799 ; -0.00801949 ; 101.006;
18 ; 13 ; 20 ; 0.0189534 ; 0.00154559 ; 0.000112564 ; 101.387;
19 ; 13 ; 20 ; 0.00738542 ; -0.00387681 ; 0.00455556 ; 101.353;
20 ; 13 ; 20 ; -0.00643381 ; 0.00662499 ; -0.00344341 ; 100.862;
21 ; 13 ; 20 ; 0.000217799 ; 0.00278122 ; 0.00320998 ; 102.397;
4 ; 14 ; 20 ; 0.011145 ; -0.00876677 ; 0.0170584 ; 101.565;
5 ; 14 ; 20 ; 0.00251249 ; 0.0087827 ; 0.0123575 ; 101.89;
6 ; 14 ; 20 ; 0.00976318 ; 0.00161355 ; 0.0136666 ; 101.863;
7 ; 14 ; 20 ; 0.0171107 ; 0.00073251 ; 0.00572394 ; 101.719;
8 ; 14 ; 20 ; 0.0118188 ; 0.00253891 ; -0.00977275 ; 102.046;
9 ; 14 ; 20 ; 0.00207413 ; 0.00995744 ; -0.00143802 ; 101.891;
10 ; 14 ; 20 ; 0.00638647 ; 0.00108631 ; -0.000864581 ; 101.692;
11 ; 14 ; 20 ; 0.0124102 ; -0.00104976 ; 0.00228322 ; 101.645;
12 ; 14 ; 20 ; 0.0232179 ; -0.00371513 ; 0.0102418 ; 101.765;
13 ; 14 ; 20 ; 0.00536706 ; -0.00336341 ; 0.00216628 ; 101.409;
14 ; 14 ; 20 ; 0.0107129 ; -0.00292803 ; -0.00138127 ; 101.499;
15 ; 14 ; 20 ; 0.0139598 ; -0.0060788 ; -0.000594388 ; 101.547;
16 ; 14 ; 20 ; 0.0161939 ; -0.0213911 ; -0.00202942 ; 101.526;
17 ; 14 ; 20 ; 0.0164383 ; 0.0111878 ; -0.0137265 ; 101.298;
18 ; 14 ; 20 ; 0.0183514 ; 0.00114237 ; -0.00300484 ; 101.376;
19 ; 14 ; 20 ; 0.0120643 ; -0.00842019 ; 0.00579418 ; 101.387;
20 ; 14 ; 20 ; -0.00330984 ; -0.00325046 ; 0.00422251 ; 101.144;
21 ; 14 ; 20 ; 0.0221574 ; 0.0129942 ; 0.0300325 ; 101.592;
4 ; 15 ; 20 ; 0.000871481 ; 0.0043888 ; 0.000881649 ; 101.386;
5 ; 15 ; 20 ; 0.0145658 ; 0.00612387 ; 0.00268325 ; 102.146;
6 ; 15 ; 20 ; 0.0100191 ; 0.00442362 ; 0.00776692 ; 101.894;
7 ; 15 ; 20 ; 0.015278 ; -0.000758428 ; 0.00223158 ; 101.598;
8 ; 15 ; 20 ; 0.0260153 ; -0.00278483 ; 0.00566765 ; 101.594;
9 ; 15 ; 20 ; -0.00844793 ; -0.0121559 ; 0.00330818 ; 101.913;
10 ; 15 ; 20 ; 0.000789283 ; -0.00127254 ; -0.000353715 ; 101.809;
11 ; 15 ; 20 ; 0.00684473 ; -0.000194352 ; 0.00276928 ; 101.545;
12 ; 15 ; 20 ; 0.00910847 ; -0.00477868 ; 0.00229843 ; 101.343;
13 ; 15 ; 20 ; 0.00284007 ; -0.00358782 ; -0.00291978 ; 101.474;
14 ; 15 ; 20 ; 0.00667614 ; -0.00379074 ; -0.000699951 ; 101.459;
15 ; 15 ; 20 ; 0.0131085 ; -0.00129322 ; -0.00110671 ; 101.634;
16 ; 15 ; 20 ; 0.0188096 ; -0.00481002 ; -0.00399499 ; 101.418;
17 ; 15 ; 20 ; 0.0173944 ; 0.00414368 ; -0.0112304 ; 101.693;
18 ; 15 ; 20 ; 0.0175177 ; -0.00124725 ; -0.00662429 ; 101.408;
19 ; 15 ; 20 ; 0.0171515 ; -0.0107773 ; 0.00326486 ; 101.382;
20 ; 15 ; 20 ; 0.0138361 ; -0.0192507 ; 0.0147205 ; 101.529;
21 ; 15 ; 20 ; -0.00433688 ; 0.0053511 ; 0.00277678 ; 101.755;
4 ; 16 ; 20 ; 0.0167545 ; 0.0109981 ; 0.00940622 ; 101.718;
5 ; 16 ; 20 ; 0.0244621 ; -0.00329439 ; 0.00292333 ; 101.453;
6 ; 16 ; 20 ; 0.0155991 ; 0.00332875 ; 0.000533775 ; 101.772;
7 ; 16 ; 20 ; 0.011932 ; 0.00252748 ; -0.00504262 ; 101.537;
8 ; 16 ; 20 ; 0.0119528 ; -0.00516418 ; -0.00872947 ; 101.23;
9 ; 16 ; 20 ; 0.00726526 ; -0.0231531 ; -0.00189041 ; 101.655;
10 ; 16 ; 20 ; 0.00455006 ; -0.0132068 ; 0.000428168 ; 101.785;
11 ; 16 ; 20 ; 0.0107353 ; -0.00509013 ; 0.00306049 ; 101.559;
12 ; 16 ; 20 ; 0.00580713 ; -0.00272189 ; 0.00168714 ; 101.451;
13 ; 16 ; 20 ; 0.00413562 ; 0.00112965 ; -0.00428356 ; 101.24;
14 ; 16 ; 20 ; 0.00420207 ; -3.91383e-05 ; -0.00397229 ; 101.521;
15 ; 16 ; 20 ; 0.00696904 ; 0.00204238 ; -0.00404374 ; 101.806;
16 ; 16 ; 20 ; 0.0152402 ; 0.00245483 ; -0.00463631 ; 101.731;
17 ; 16 ; 20 ; 0.0164713 ; 0.000692082 ; -0.00729966 ; 101.663;
18 ; 16 ; 20 ; 0.0186529 ; -0.00361404 ; -0.0081254 ; 101.568;
19 ; 16 ; 20 ; 0.0193075 ; -0.00634725 ; -0.00460521 ; 101.45;
20 ; 16 ; 20 ; 0.0232563 ; -0.0116908 ; 0.00201706 ; 101.345;
21 ; 16 ; 20 ; 0.00258476 ; -0.0187655 ; 0.0238146 ; 101.018;
4 ; 17 ; 20 ; 0.00846994 ; 0.0148792 ; -0.0182399 ; 102.172;
5 ; 17 ; 20 ; 0.0170113 ; -0.00719404 ; -0.00280685 ; 100.911;
6 ; 17 ; 20 ; 0.0159648 ; 0.000609469 ; -0.00155135 ; 101.418;
7 ; 17 ; 20 ; 0.0104732 ; 0.00550621 ; -0.00550315 ; 101.541;
8 ; 17 ; 20 ; 0.00650897 ; 0.0111957 ; -0.0100333 ; 101.689;
9 ; 17 ; 20 ; 0.0126696 ; -0.0171084 ; -0.00722689 ; 101.663;
10 ; 17 ; 20 ; 0.0126539 ; -0.0169172 ; -0.00350391 ; 101.531;
11 ; 17 ; 20 ; 0.0160407 ; -0.00622277 ; 9.30612e-05 ; 101.303;
12 ; 17 ; 20 ; 0.0132045 ; -6.5138e-05 ; 0.00752747 ; 101.478;
13 ; 17 ; 20 ; 0.0231889 ; -0.00881423 ; -0.0102567 ; 101.113;
14 ; 17 ; 20 ; 0.00912629 ; -0.000112608 ; -0.00578107 ; 101.42;
15 ; 17 ; 20 ; 0.00814821 ; 0.00641668 ; -0.0039071 ; 101.828;
16 ; 17 ; 20 ; 0.00433171 ; 0.00248793 ; -0.00406054 ; 101.891;
17 ; 17 ; 20 ; 0.0249077 ; 0.00119079 ; -0.0096634 ; 101.481;
18 ; 17 ; 20 ; 0.0177015 ; -0.0027284 ; -0.00807379 ; 101.471;
19 ; 17 ; 20 ; 0.0134089 ; -0.00108481 ; -0.00988246 ; 101.487;
20 ; 17 ; 20 ; 0.0163414 ; 0.00066996 ; -0.0108459 ; 101.342;
21 ; 17 ; 20 ; 0.0030766 ; 0.00412058 ; -0.00350763 ; 101.583;
4 ; 18 ; 20 ; 0.00767997 ; 0.00285841 ; -0.0124471 ; 102.371;
5 ; 18 ; 20 ; 0.00640801 ; -0.00710909 ; -0.010339 ; 100.83;
6 ; 18 ; 20 ; 0.0171108 ; -0.00152168 ; -0.000502181 ; 101.194;
7 ; 18 ; 20 ; 0.0140432 ; 0.00564792 ; -0.00183447 ; 101.483;
8 ; 18 ; 20 ; 0.0195581 ; 0.0152695 ; 0.00467668 ; 101.607;
9 ; 18 ; 20 ; 0.00239341 ; -0.0188027 ; -0.0122968 ; 101.616;
10 ; 18 ; 20 ; 0.0193029 ; -0.0144735 ; -0.00546445 ; 101.487;
11 ; 18 ; 20 ; 0.0211471 ; -0.00646211 ; -0.00371821 ; 101.217;
12 ; 18 ; 20 ; 0.0186329 ; -0.000651167 ; -0.0021154 ; 101.313;
13 ; 18 ; 20 ; 0.03716 ; -0.0220593 ; -0.0114671 ; 101.072;
14 ; 18 ; 20 ; 0.0134752 ; 0.000698218 ; -0.0089724 ; 101.386;
15 ; 18 ; 20 ; 0.0112454 ; 0.00956368 ; -0.00479974 ; 101.886;
16 ; 18 ; 20 ; 0.0128338 ; 0.00788331 ; -0.00168217 ; 102.123;
17 ; 18 ; 20 ; 0.0354241 ; 0.000291406 ; -0.00857247 ; 101.43;
18 ; 18 ; 20 ; 0.0172486 ; -0.00108414 ; -0.008954 ; 101.388;
19 ; 18 ; 20 ; 0.0113389 ; -0.000634066 ; -0.0104535 ; 101.549;
20 ; 18 ; 20 ; 0.0160162 ; 0.0046449 ; -0.00446002 ; 101.705;
21 ; 18 ; 20 ; 0.00810828 ; -0.0039775 ; -0.00150913 ; 102.273;
4 ; 19 ; 20 ; -0.0140952 ; 0.028108 ; 0.00420624 ; 101.5;
5 ; 19 ; 20 ; 0.00798559 ; -0.012273 ; 0.000663891 ; 101.089;
6 ; 19 ; 20 ; 0.0127338 ; -0.0159991 ; 0.0051087 ; 101.372;
7 ; 19 ; 20 ; 0.0168166 ; -0.00533469 ; 0.00810089 ; 101.283;
8 ; 19 ; 20 ; 0.0140143 ; -0.00662637 ; 0.00538873 ; 100.83;
9 ; 19 ; 20 ; 0.0174478 ; -0.00495235 ; -0.00290787 ; 101.726;
10 ; 19 ; 20 ; 0.0170411 ; 0.00255843 ; 0.00340815 ; 101.577;
11 ; 19 ; 20 ; 0.0206379 ; 0.00749931 ; 0.0138955 ; 101.691;
12 ; 19 ; 20 ; 0.0169074 ; -0.000990849 ; 0.0193525 ; 102.153;
13 ; 19 ; 20 ; 0.00897614 ; -0.00601877 ; -0.00749631 ; 101.456;
14 ; 19 ; 20 ; 0.0230341 ; -0.00454467 ; -0.00962304 ; 101.485;
15 ; 19 ; 20 ; 0.0256666 ; -0.00459449 ; -0.00116689 ; 101.595;
16 ; 19 ; 20 ; 0.00955792 ; -0.0103516 ; 0.018128 ; 101.482;
17 ; 19 ; 20 ; 0.0160348 ; 0.0119856 ; 0.00450536 ; 101.729;
18 ; 19 ; 20 ; 0.0146177 ; 0.0071088 ; -0.00186583 ; 101.862;
19 ; 19 ; 20 ; 0.00876694 ; -0.000477499 ; -0.00842759 ; 101.714;
20 ; 19 ; 20 ; 0.0176579 ; 0.0020683 ; -0.0219318 ; 101.672;
21 ; 19 ; 20 ; -0.00220776 ; -0.00230683 ; -0.0181023 ; 101.077;
4 ; 20 ; 20 ; -0.00262336 ; 0.00934331 ; 0.0128367 ; 101.112;
5 ; 20 ; 20 ; 0.00885676 ; -0.0086689 ; 0.00187041 ; 101.079;
6 ; 20 ; 20 ; 0.0111276 ; -0.0109974 ; 0.00368369 ; 101.35;
7 ; 20 ; 20 ; 0.0132036 ; -0.00462257 ; 0.0034591 ; 101.299;
8 ; 20 ; 20 ; 0.0182479 ; -9.91238e-05 ; 0.0103075 ; 101.098;
9 ; 20 ; 20 ; 0.0315268 ; 0.0140666 ; -0.00585241 ; 101.528;
10 ; 20 ; 20 ; 0.0179259 ; 0.00346221 ; 0.00180417 ; 101.598;
11 ; 20 ; 20 ; 0.0166687 ; 0.00301284 ; 0.0110571 ; 101.798;
12 ; 20 ; 20 ; 0.0210317 ; 0.00585676 ; 0.0155062 ; 102.005;
13 ; 20 ; 20 ; 0.0127178 ; 0.000748397 ; -0.0150136 ; 101.228;
14 ; 20 ; 20 ; 0.0177978 ; -0.00058815 ; -0.0060886 ; 101.529;
15 ; 20 ; 20 ; 0.0173866 ; -0.00146995 ; -0.0014675 ; 101.714;
16 ; 20 ; 20 ; 0.0207325 ; -0.00319193 ; 0.00642175 ; 101.65;
17 ; 20 ; 20 ; 0.0219495 ; -0.00452349 ; 0.00785853 ; 101.067;
18 ; 20 ; 20 ; 0.0130933 ; -0.00142441 ; 0.00157843 ; 101.54;
19 ; 20 ; 20 ; 0.00656585 ; -0.00545866 ; -0.00144569 ; 101.603;
20 ; 20 ; 20 ; 0.00873909 ; -0.00266405 ; -0.0106605 ; 101.47;
21 ; 20 ; 20 ; -0.00159542 ; -0.0142006 ; -0.0207723 ; 101.484;
4 ; 21 ; 20 ; 0.0348242 ; -0.00223567 ; 0.00947297 ; 101.615;
5 ; 21 ; 20 ; 0.0126596 ; -0.00445017 ; 0.00711 ; 101.21;
6 ; 21 ; 20 ; 0.0101426 ; -0.0054707 ; -2.25105e-05 ; 101.242;
7 ; 21 ; 20 ; 0.0114933 ; -0.0014552 ; 0.00028783 ; 101.293;
8 ; 21 ; 20 ; 0.0187663 ; -0.000325971 ; 0.000686151 ; 101.444;
9 ; 21 ; 20 ; 0.0432274 ; 0.0191033 ; -0.0111425 ; 101.176;
10 ; 21 ; 20 ; 0.0175369 ; 0.00557101 ; 0.00101754 ; 101.735;
11 ; 21 ; 20 ; 0.01415 ; 0.00131199 ; 0.00746538 ; 101.932;
12 ; 21 ; 20 ; 0.0216583 ; 0.00507531 ; 0.00564625 ; 101.86;
13 ; 21 ; 20 ; 0.00963592 ; 0.00893619 ; -0.018021 ; 100.964;
14 ; 21 ; 20 ; 0.0156809 ; 0.00221394 ; -0.00486528 ; 101.654;
15 ; 21 ; 20 ; 0.0138698 ; 0.00187242 ; -0.00408255 ; 101.91;
16 ; 21 ; 20 ; 0.0200914 ; -0.00161982 ; -0.0142157 ; 101.59;
17 ; 21 ; 20 ; 0.0279772 ; -0.025904 ; 0.0140605 ; 100.505;
18 ; 21 ; 20 ; 0.00974129 ; -0.00617509 ; 0.00452312 ; 101.264;
19 ; 21 ; 20 ; 0.00365079 ; -0.00893297 ; 0.00551603 ; 101.441;
20 ; 21 ; 20 ; 0.0109822 ; -0.00856021 ; 0.00621881 ; 101.648;
21 ; 21 ; 20 ; 0.000801748 ; 0.0097781 ; -0.0214636 ; 101.385;
4 ; 4 ; 21 ; -0.0150704 ; 0.00799351 ; -0.00814233 ; 101.484;
5 ; 4 ; 21 ; 0.00514639 ; -0.0116785 ; 0.0241511 ; 101.108;
6 ; 4 ; 21 ; 0.0222454 ; 0.0088187 ; -0.00269744 ; 101.793;
7 ; 4 ; 21 ; 0.00375922 ; 0.0396062 ; -0.00886599 ; 101.535;
8 ; 4 ; 21 ; 0.0332046 ; -0.0101169 ; -0.0220024 ; 100.782;
9 ; 4 ; 21 ; 0.0238986 ; 0.0104153 ; -0.0208111 ; 101.532;
10 ; 4 ; 21 ; 0.0223907 ; -0.0189305 ; 0.0113704 ; 101.46;
11 ; 4 ; 21 ; 0.0220686 ; -0.0296891 ; 0.00529291 ; 100.626;
12 ; 4 ; 21 ; 0.0230104 ; 0.0289093 ; 0.00863669 ; 102.259;
13 ; 4 ; 21 ; 0.0063089 ; -0.0101798 ; 0.0129846 ; 101.247;
14 ; 4 ; 21 ; 0.034354 ; -0.019827 ; -0.0114978 ; 101.17;
15 ; 4 ; 21 ; 0.0522954 ; 0.0277661 ; -0.0135423 ; 102.148;
16 ; 4 ; 21 ; 0.00584031 ; -0.0125763 ; -0.000142881 ; 101.514;
17 ; 4 ; 21 ; 0.00550365 ; -0.00662884 ; 0.0115492 ; 101.244;
18 ; 4 ; 21 ; 0.0228363 ; -0.00791336 ; -0.0391181 ; 101.282;
19 ; 4 ; 21 ; 0.0332087 ; -0.010293 ; -0.0277127 ; 101.579;
20 ; 4 ; 21 ; 0.00628651 ; -0.00770291 ; 0.0151019 ; 102.257;
21 ; 4 ; 21 ; 0.00982005 ; -0.0157059 ; 0.00166946 ; 101.383;
4 ; 5 ; 21 ; -0.00812514 ; -0.0274792 ; 0.00280435 ; 101.969;
5 ; 5 ; 21 ; 0.00919641 ; -0.0118121 ; 0.00960851 ; 101.391;
6 ; 5 ; 21 ; 0.0143487 ; -0.00183282 ; 0.00377562 ; 101.689;
7 ; 5 ; 21 ; 0.00299185 ; 0.0237578 ; 0.00463438 ; 101.544;
8 ; 5 ; 21 ; 0.0220597 ; 0.000126103 ; -0.00474582 ; 100.99;
9 ; 5 ; 21 ; 0.00391128 ; -0.0189825 ; 0.0039917 ; 100.942;
10 ; 5 ; 21 ; 0.021632 ; -0.0148729 ; 0.00814661 ; 101.376;
11 ; 5 ; 21 ; 0.0251801 ; -0.0172197 ; 0.00189065 ; 101.109;
12 ; 5 ; 21 ; 0.0182222 ; 0.0102902 ; -0.0013671 ; 101.806;
13 ; 5 ; 21 ; 0.0130046 ; 0.0120511 ; 0.00308109 ; 101.358;
14 ; 5 ; 21 ; 0.0209067 ; -0.00298937 ; -0.0017735 ; 101.38;
15 ; 5 ; 21 ; 0.0303244 ; 0.0249203 ; -0.00213198 ; 101.668;
16 ; 5 ; 21 ; 0.00575875 ; -0.000624548 ; 0.0058576 ; 101.341;
17 ; 5 ; 21 ; 0.0125946 ; 0.00708559 ; -0.0106892 ; 101.588;
18 ; 5 ; 21 ; 0.0142788 ; 0.00280036 ; -0.028136 ; 101.39;
19 ; 5 ; 21 ; 0.0184088 ; 0.00313391 ; -0.0184247 ; 101.474;
20 ; 5 ; 21 ; 0.00360566 ; -0.00185228 ; 0.00624128 ; 101.888;
21 ; 5 ; 21 ; -0.00775717 ; -0.000227779 ; -0.0205356 ; 101.91;
4 ; 6 ; 21 ; 0.00914125 ; 0.00326086 ; -0.00390248 ; 101.491;
5 ; 6 ; 21 ; 0.000567141 ; -0.0247268 ; -0.0080972 ; 101.552;
6 ; 6 ; 21 ; 0.00698998 ; -0.0161364 ; -0.00258385 ; 101.374;
7 ; 6 ; 21 ; 0.0057579 ; 0.00667271 ; 0.00300543 ; 101.289;
8 ; 6 ; 21 ; 0.00673753 ; 0.0169541 ; 0.00598585 ; 101.219;
9 ; 6 ; 21 ; -0.000148156 ; -0.000361849 ; -0.00575315 ; 101.368;
10 ; 6 ; 21 ; 0.00847143 ; -0.0064742 ; -0.0022596 ; 101.243;
11 ; 6 ; 21 ; 0.0177664 ; 0.000239 ; -0.000645718 ; 101.396;
12 ; 6 ; 21 ; 0.0182153 ; -0.00489117 ; 0.00149959 ; 101.268;
13 ; 6 ; 21 ; 0.0377989 ; 0.00251575 ; -0.034359 ; 101.88;
14 ; 6 ; 21 ; 0.0207299 ; 0.0115986 ; -0.00310787 ; 101.748;
15 ; 6 ; 21 ; 0.0157711 ; 0.0160912 ; 2.34418e-05 ; 101.305;
16 ; 6 ; 21 ; 0.00837557 ; 0.0117669 ; 0.00394229 ; 101.322;
17 ; 6 ; 21 ; 0.0251652 ; -0.00067449 ; -0.0135245 ; 101.463;
18 ; 6 ; 21 ; 0.0153045 ; 0.00942702 ; -0.0135468 ; 101.529;
19 ; 6 ; 21 ; 0.0115603 ; 0.0144598 ; -0.00605349 ; 101.44;
20 ; 6 ; 21 ; 0.00728994 ; 0.00833711 ; 0.00105071 ; 101.344;
21 ; 6 ; 21 ; -0.00747011 ; 0.00462463 ; -0.0200338 ; 101.747;
4 ; 7 ; 21 ; 0.0185551 ; 0.0114321 ; 0.0019275 ; 101.761;
5 ; 7 ; 21 ; 0.00107784 ; 0.00343022 ; -0.0047102 ; 100.441;
6 ; 7 ; 21 ; 0.0328412 ; 0.0105127 ; 0.0103175 ; 101.968;
7 ; 7 ; 21 ; 0.0191831 ; 0.00137193 ; -0.0383803 ; 101.092;
8 ; 7 ; 21 ; 0.0354393 ; 0.0180263 ; 0.0118107 ; 101.985;
9 ; 7 ; 21 ; 0.0113605 ; 0.0334254 ; 0.0234958 ; 100.554;
10 ; 7 ; 21 ; 0.00751892 ; -0.0041117 ; 0.0148855 ; 101.944;
11 ; 7 ; 21 ; 0.00853001 ; -0.00581349 ; -0.00243828 ; 101.508;
12 ; 7 ; 21 ; -0.00585643 ; 0.0257929 ; -0.00656671 ; 102.297;
13 ; 7 ; 21 ; 0.0230006 ; 0.0298807 ; -0.00273182 ; 101.32;
14 ; 7 ; 21 ; 0.0162075 ; 0.0125067 ; -0.0185094 ; 100.928;
15 ; 7 ; 21 ; 0.0207555 ; -7.88724e-05 ; 0.0112753 ; 101.743;
16 ; 7 ; 21 ; -0.0194698 ; -0.00253947 ; 0.0121451 ; 101.815;
17 ; 7 ; 21 ; 0.0114058 ; -0.0157167 ; -0.012028 ; 102.127;
18 ; 7 ; 21 ; 0.0184379 ; -0.00187977 ; -0.00472137 ; 101.806;
19 ; 7 ; 21 ; 0.0389426 ; 0.00791496 ; 0.0157997 ; 101.682;
20 ; 7 ; 21 ; 0.022352 ; 0.00125308 ; 0.00926991 ; 102.59;
21 ; 7 ; 21 ; -0.0225559 ; -0.0413519 ; -0.0223021 ; 101.034;
4 ; 8 ; 21 ; 0.0166048 ; 0.0019921 ; -0.0004457 ; 101.02;
5 ; 8 ; 21 ; 0.00944626 ; 0.0070666 ; -0.000899697 ; 101.827;
6 ; 8 ; 21 ; 0.0255092 ; 0.0073728 ; 0.0049299 ; 101.818;
7 ; 8 ; 21 ; 0.0162163 ; -0.00525759 ; -0.0217257 ; 101.499;
8 ; 8 ; 21 ; 0.0260109 ; 0.0030821 ; 0.00244259 ; 101.983;
9 ; 8 ; 21 ; 0.0343243 ; 0.0254058 ; -0.00534186 ; 100.995;
10 ; 8 ; 21 ; 0.0155336 ; 0.000282312 ; 0.00532476 ; 101.37;
11 ; 8 ; 21 ; 0.0068439 ; -0.00907882 ; -0.00313863 ; 101.08;
12 ; 8 ; 21 ; 0.00144017 ; 0.0121073 ; -0.00325247 ; 101.947;
13 ; 8 ; 21 ; -0.0103256 ; 0.0164823 ; 0.00821351 ; 100.625;
14 ; 8 ; 21 ; 0.00784416 ; 0.0145326 ; -0.0117313 ; 101.058;
15 ; 8 ; 21 ; 0.0177866 ; 0.00728241 ; 0.00172021 ; 101.729;
16 ; 8 ; 21 ; -0.00416874 ; 0.001845 ; 0.0012253 ; 101.572;
17 ; 8 ; 21 ; -0.0105648 ; 0.00412736 ; -0.00376927 ; 101.584;
18 ; 8 ; 21 ; 0.0105215 ; 0.00255282 ; -0.00915993 ; 101.906;
19 ; 8 ; 21 ; 0.0284343 ; 0.00432665 ; -0.00116901 ; 101.784;
20 ; 8 ; 21 ; 0.0215282 ; -0.00362435 ; 0.00524631 ; 101.984;
21 ; 8 ; 21 ; 0.0149762 ; 0.00479294 ; 0.0100416 ; 102.157;
4 ; 9 ; 21 ; 0.00179727 ; 0.0113108 ; -0.0140733 ; 100.993;
5 ; 9 ; 21 ; 0.0049752 ; 0.00233858 ; -0.00501892 ; 101.08;
6 ; 9 ; 21 ; 0.0158688 ; 0.000946035 ; -0.00391445 ; 101.463;
7 ; 9 ; 21 ; 0.0180475 ; -0.0107527 ; -0.00633091 ; 101.488;
8 ; 9 ; 21 ; 0.0166234 ; -0.00465094 ; -0.0125043 ; 101.632;
9 ; 9 ; 21 ; 0.0234699 ; 0.0279887 ; -0.000840139 ; 101.894;
10 ; 9 ; 21 ; 0.0251344 ; 0.013505 ; -0.00789884 ; 101.232;
11 ; 9 ; 21 ; 0.00942578 ; -0.00334612 ; -0.00942072 ; 101.181;
12 ; 9 ; 21 ; 0.0140304 ; -0.005528 ; 0.00178474 ; 101.585;
13 ; 9 ; 21 ; 0.032795 ; 5.18342e-05 ; -0.0072308 ; 101.649;
14 ; 9 ; 21 ; 0.0113393 ; 0.00629294 ; 0.00132781 ; 101.42;
15 ; 9 ; 21 ; 0.0214026 ; 0.00685457 ; 0.00320677 ; 101.785;
16 ; 9 ; 21 ; 0.0231373 ; 0.00678662 ; -0.00418048 ; 101.481;
17 ; 9 ; 21 ; 0.0430006 ; -0.00421061 ; 0.011772 ; 100.789;
18 ; 9 ; 21 ; 0.015288 ; -0.00410838 ; -0.0129468 ; 101.55;
19 ; 9 ; 21 ; 0.013776 ; -0.00475843 ; -0.0224424 ; 101.661;
20 ; 9 ; 21 ; 0.0115819 ; -0.00274781 ; -0.00250656 ; 101.31;
21 ; 9 ; 21 ; 0.0216108 ; 0.00678496 ; 0.00598314 ; 101.023;
4 ; 10 ; 21 ; 0.0133487 ; -0.0127337 ; 0.00129493 ; 100.945;
5 ; 10 ; 21 ; -0.000202998 ; -0.0126109 ; 0.010293 ; 101.126;
6 ; 10 ; 21 ; 0.0131326 ; -0.00177862 ; -0.00192088 ; 101.203;
7 ; 10 ; 21 ; 0.0240076 ; 0.00101453 ; -0.00470779 ; 101.003;
8 ; 10 ; 21 ; 0.0189843 ; 0.0105821 ; -0.00646678 ; 101.247;
9 ; 10 ; 21 ; 0.0150256 ; -0.0193526 ; 0.0173585 ; 101.852;
10 ; 10 ; 21 ; 0.0204249 ; 0.0103699 ; 0.00111276 ; 101.815;
11 ; 10 ; 21 ; 0.0212974 ; 0.0124652 ; -0.0100631 ; 101.857;
12 ; 10 ; 21 ; 0.0342127 ; 0.00624954 ; -0.00561527 ; 101.645;
13 ; 10 ; 21 ; 0.013879 ; -0.00326075 ; 0.00211602 ; 101.715;
14 ; 10 ; 21 ; 0.0176567 ; -0.00798588 ; 0.00360824 ; 101.679;
15 ; 10 ; 21 ; 0.0198205 ; -0.00390186 ; 0.00845965 ; 101.813;
16 ; 10 ; 21 ; 0.0330097 ; 0.00474162 ; 0.00057286 ; 101.754;
17 ; 10 ; 21 ; 0.0216771 ; -0.00431307 ; -0.0140025 ; 101.362;
18 ; 10 ; 21 ; 0.0278884 ; -0.0147767 ; -0.00728842 ; 101.117;
19 ; 10 ; 21 ; 0.0206101 ; -0.00900389 ; -0.00911868 ; 101.451;
20 ; 10 ; 21 ; 0.0170731 ; 0.0058807 ; -0.00197208 ; 101.641;
21 ; 10 ; 21 ; 0.00748067 ; -0.000519876 ; -0.00505446 ; 101.918;
4 ; 11 ; 21 ; -0.00193048 ; 0.000791005 ; 0.0160307 ; 101.943;
5 ; 11 ; 21 ; 0.0218183 ; -0.0148728 ; -0.0149704 ; 101.09;
6 ; 11 ; 21 ; 0.014029 ; -0.00331169 ; -0.00111742 ; 101.029;
7 ; 11 ; 21 ; 0.0232716 ; 0.00768119 ; 0.000877048 ; 101.083;
8 ; 11 ; 21 ; 0.02247 ; 0.0118171 ; -0.00355713 ; 101.372;
9 ; 11 ; 21 ; 0.00185503 ; -0.00727156 ; 0.0301636 ; 100.803;
10 ; 11 ; 21 ; 0.00940737 ; -0.00200079 ; 0.0179346 ; 101.648;
11 ; 11 ; 21 ; 0.0213787 ; 0.0130029 ; 0.00228112 ; 101.945;
12 ; 11 ; 21 ; 0.0364046 ; 0.0160201 ; -0.00874844 ; 101.59;
13 ; 11 ; 21 ; 0.0259776 ; -0.00696166 ; 0.00771689 ; 101.353;
14 ; 11 ; 21 ; 0.0122686 ; -0.00826893 ; 0.00131373 ; 101.557;
15 ; 11 ; 21 ; 0.00670016 ; -0.00721914 ; -0.00884122 ; 101.437;
16 ; 11 ; 21 ; 0.0179444 ; 0.000490921 ; -0.0154735 ; 101.614;
17 ; 11 ; 21 ; 0.00474539 ; 0.00645522 ; 0.00575329 ; 101.631;
18 ; 11 ; 21 ; 0.0187588 ; -0.00726343 ; 0.00344237 ; 101.461;
19 ; 11 ; 21 ; 0.0278253 ; -0.0115029 ; 0.0113602 ; 101.583;
20 ; 11 ; 21 ; 0.0296175 ; -0.00232334 ; 0.00647017 ; 101.691;
21 ; 11 ; 21 ; 0.00916507 ; -0.00275821 ; -0.0340576 ; 101.552;
4 ; 12 ; 21 ; 0.0126478 ; -0.00650592 ; 0.0208855 ; 102.081;
5 ; 12 ; 21 ; 0.00498407 ; -0.00244053 ; -0.000761594 ; 102.214;
6 ; 12 ; 21 ; 0.0165392 ; -0.00229314 ; -0.00275996 ; 101.453;
7 ; 12 ; 21 ; 0.0277018 ; 0.00480547 ; 0.00424454 ; 101.256;
8 ; 12 ; 21 ; 0.0266607 ; 0.00871097 ; -0.00234651 ; 101.626;
9 ; 12 ; 21 ; -0.00273013 ; 0.00641683 ; -0.0148042 ; 101.344;
10 ; 12 ; 21 ; 0.00560832 ; 0.00314263 ; 0.00920422 ; 101.558;
11 ; 12 ; 21 ; 0.0187861 ; 0.00719543 ; 0.00422293 ; 101.901;
12 ; 12 ; 21 ; 0.0127669 ; 0.00454409 ; -0.00355125 ; 101.509;
13 ; 12 ; 21 ; -0.00764998 ; -0.00773662 ; 0.0144718 ; 100.922;
14 ; 12 ; 21 ; 0.0134487 ; -0.00640649 ; 0.00813005 ; 101.398;
15 ; 12 ; 21 ; 0.0095441 ; -0.00800823 ; -0.00757984 ; 101.401;
16 ; 12 ; 21 ; 0.00161587 ; -0.00276375 ; -0.0220167 ; 101.292;
17 ; 12 ; 21 ; 0.0195386 ; 0.0140843 ; -0.0193189 ; 100.799;
18 ; 12 ; 21 ; 0.0177343 ; -0.00026681 ; -0.00172161 ; 101.305;
19 ; 12 ; 21 ; 0.0202347 ; -0.0133247 ; 0.0020525 ; 101.442;
20 ; 12 ; 21 ; 0.0133238 ; -0.00735649 ; 0.00234932 ; 101.593;
21 ; 12 ; 21 ; 0.00950391 ; -0.00782025 ; -0.00764814 ; 100.733;
4 ; 13 ; 21 ; 0.0127288 ; -0.0334272 ; -0.00792407 ; 101.922;
5 ; 13 ; 21 ; 0.0120097 ; -0.0103239 ; -0.0143719 ; 100.292;
6 ; 13 ; 21 ; 0.0024449 ; -0.0226482 ; 0.00323022 ; 101.147;
7 ; 13 ; 21 ; 0.0169951 ; -0.00980104 ; 0.0162832 ; 101.312;
8 ; 13 ; 21 ; 0.00332032 ; -0.00704458 ; 0.000940735 ; 101.152;
9 ; 13 ; 21 ; 0.0522241 ; -0.00285833 ; -0.0402077 ; 101.215;
10 ; 13 ; 21 ; 0.0246972 ; 0.0144206 ; -0.000442573 ; 101.482;
11 ; 13 ; 21 ; 0.0131967 ; 0.00570819 ; 0.014366 ; 101.656;
12 ; 13 ; 21 ; 0.0277832 ; 0.0110853 ; -0.01129 ; 101.677;
13 ; 13 ; 21 ; 0.0386363 ; 0.0105531 ; -0.0026126 ; 101.43;
14 ; 13 ; 21 ; 0.0225492 ; -0.00713043 ; -0.0136062 ; 102.442;
15 ; 13 ; 21 ; 0.0320975 ; 0.0053457 ; -0.027032 ; 101.363;
16 ; 13 ; 21 ; -0.0024927 ; 0.00370567 ; 0.00442725 ; 100.964;
17 ; 13 ; 21 ; 0.0179682 ; 0.0125394 ; -0.0249528 ; 101.593;
18 ; 13 ; 21 ; 0.0166473 ; -0.00950783 ; -0.00889238 ; 102.031;
19 ; 13 ; 21 ; 0.0369107 ; -0.0153099 ; 0.000860452 ; 101.795;
20 ; 13 ; 21 ; 0.0164791 ; -0.0159141 ; -0.0133029 ; 102.082;
21 ; 13 ; 21 ; 0.000398932 ; 0.00828334 ; -0.00467231 ; 101.386;
4 ; 14 ; 21 ; 0.0217003 ; -0.0198462 ; -0.00250319 ; 101.007;
5 ; 14 ; 21 ; 0.0194051 ; -0.0155184 ; 0.00482577 ; 102.071;
6 ; 14 ; 21 ; 0.00870235 ; -0.0200856 ; 0.00621394 ; 101.469;
7 ; 14 ; 21 ; 0.0157767 ; -0.00460892 ; 0.0140705 ; 101.329;
8 ; 14 ; 21 ; 0.0131771 ; 0.00230575 ; 0.00152443 ; 101.131;
9 ; 14 ; 21 ; 0.0223239 ; 0.0213922 ; -0.00316853 ; 102.009;
10 ; 14 ; 21 ; 0.0237381 ; 0.00955775 ; -0.0081018 ; 101.662;
11 ; 14 ; 21 ; 0.0172286 ; 7.92828e-05 ; 0.00284869 ; 101.748;
12 ; 14 ; 21 ; 0.0302771 ; 0.00808198 ; -0.00128406 ; 101.687;
13 ; 14 ; 21 ; 0.024002 ; -0.010181 ; 0.00975388 ; 101.743;
14 ; 14 ; 21 ; 0.0272356 ; -0.00603081 ; 7.19053e-05 ; 102.139;
15 ; 14 ; 21 ; 0.0345479 ; 0.00543723 ; -0.0144261 ; 101.59;
16 ; 14 ; 21 ; 0.0103074 ; 0.00544733 ; -0.00319589 ; 101.219;
17 ; 14 ; 21 ; 0.0299853 ; -0.0208134 ; -0.00915655 ; 101.768;
18 ; 14 ; 21 ; 0.0253408 ; -0.00829882 ; -0.00510331 ; 101.752;
19 ; 14 ; 21 ; 0.0383402 ; -0.00395831 ; 0.00342707 ; 101.525;
20 ; 14 ; 21 ; 0.0206744 ; -0.00888918 ; -0.00688997 ; 101.946;
21 ; 14 ; 21 ; -0.00406745 ; 0.0100235 ; -0.0111365 ; 101.072;
4 ; 15 ; 21 ; 0.00158046 ; -0.0134995 ; 0.0122533 ; 101.824;
5 ; 15 ; 21 ; 0.00648221 ; 0.00371601 ; -7.90771e-06 ; 101.649;
6 ; 15 ; 21 ; 0.0157483 ; -0.0121422 ; 0.00914832 ; 101.72;
7 ; 15 ; 21 ; 0.0144269 ; -0.00152579 ; 0.0140469 ; 101.419;
8 ; 15 ; 21 ; 0.0164476 ; 0.0176276 ; 0.00884791 ; 101.223;
9 ; 15 ; 21 ; 0.0326797 ; 0.0261125 ; -0.0122676 ; 101.449;
10 ; 15 ; 21 ; 0.0270359 ; 0.0104346 ; -0.00703387 ; 101.552;
11 ; 15 ; 21 ; 0.0241954 ; -0.000847648 ; -0.00310396 ; 101.577;
12 ; 15 ; 21 ; 0.0296724 ; 0.00206602 ; 0.00597601 ; 101.654;
13 ; 15 ; 21 ; 0.0169721 ; 0.0214598 ; 0.011224 ; 100.995;
14 ; 15 ; 21 ; 0.0240856 ; 0.00329072 ; 0.00840485 ; 101.604;
15 ; 15 ; 21 ; 0.0325059 ; -0.000757717 ; -0.00100959 ; 101.963;
16 ; 15 ; 21 ; 0.0319771 ; -0.00602062 ; 0.000815432 ; 101.692;
17 ; 15 ; 21 ; 0.00769822 ; -0.0161767 ; -0.0156018 ; 100.058;
18 ; 15 ; 21 ; 0.0221896 ; -0.00666793 ; -0.00354296 ; 101.155;
19 ; 15 ; 21 ; 0.0288211 ; 0.00984764 ; 0.00336016 ; 101.483;
20 ; 15 ; 21 ; 0.0254072 ; 0.00173611 ; 0.00188985 ; 101.752;
21 ; 15 ; 21 ; 0.0232456 ; -0.0193252 ; 0.00424488 ; 101.401;
4 ; 16 ; 21 ; 0.0424396 ; -0.00218175 ; -0.00363892 ; 101.082;
5 ; 16 ; 21 ; 0.0285114 ; 0.0119186 ; 0.014064 ; 101.131;
6 ; 16 ; 21 ; 0.0146803 ; -0.00285363 ; 0.00944492 ; 101.402;
7 ; 16 ; 21 ; 0.0124576 ; 0.00127183 ; 0.0135283 ; 101.291;
8 ; 16 ; 21 ; 0.0167886 ; 0.0223072 ; 0.0156947 ; 101.165;
9 ; 16 ; 21 ; 0.0153849 ; -0.0310404 ; 0.00873556 ; 101.647;
10 ; 16 ; 21 ; 0.0287217 ; -0.000426497 ; 0.00236258 ; 101.268;
11 ; 16 ; 21 ; 0.0256283 ; -0.00196315 ; 0.00130074 ; 101.076;
12 ; 16 ; 21 ; 0.0219271 ; -0.0052339 ; 0.00217782 ; 101.197;
13 ; 16 ; 21 ; 0.000867875 ; -0.0232856 ; 0.0258747 ; 101.086;
14 ; 16 ; 21 ; 0.0126941 ; 0.00511108 ; 0.00190975 ; 101.288;
15 ; 16 ; 21 ; 0.0273653 ; 0.00337147 ; -0.00536514 ; 101.611;
16 ; 16 ; 21 ; 0.0321902 ; -0.00676248 ; 0.00829928 ; 101.586;
17 ; 16 ; 21 ; 0.0186247 ; -0.00233156 ; -0.00615322 ; 101.843;
18 ; 16 ; 21 ; 0.00893915 ; -0.0061331 ; -0.00561005 ; 101.174;
19 ; 16 ; 21 ; 0.0188923 ; 0.00878558 ; -0.00660947 ; 101.721;
20 ; 16 ; 21 ; 0.0309558 ; 0.00738506 ; -0.00588153 ; 101.622;
21 ; 16 ; 21 ; 0.0268142 ; -0.00471812 ; -0.0182305 ; 101.362;
4 ; 17 ; 21 ; -0.00436366 ; 0.00490574 ; 0.0036834 ; 100.383;
5 ; 17 ; 21 ; 0.023688 ; -0.012343 ; 0.0174287 ; 101.229;
6 ; 17 ; 21 ; 0.0136709 ; -0.00416387 ; 0.00895569 ; 101.277;
7 ; 17 ; 21 ; 0.00804536 ; 0.00621133 ; -0.00566495 ; 101.061;
8 ; 17 ; 21 ; 0.0276881 ; 0.014269 ; -0.00356761 ; 100.914;
9 ; 17 ; 21 ; 0.00434575 ; 0.0141272 ; 0.00819215 ; 101.9;
10 ; 17 ; 21 ; 0.020793 ; -0.0096448 ; 0.00679248 ; 101.381;
11 ; 17 ; 21 ; 0.0255563 ; -0.00167796 ; -0.000646947 ; 100.83;
12 ; 17 ; 21 ; 0.019018 ; -0.0018509 ; 0.000474367 ; 100.927;
13 ; 17 ; 21 ; -0.000105825 ; -0.00863764 ; -0.0330337 ; 101.015;
14 ; 17 ; 21 ; 0.0114597 ; -0.00507801 ; -0.00684238 ; 101.268;
15 ; 17 ; 21 ; 0.0271414 ; 0.0106396 ; -0.00466134 ; 101.379;
16 ; 17 ; 21 ; 0.0246139 ; 0.00890168 ; 0.0063754 ; 101.471;
17 ; 17 ; 21 ; 0.00689535 ; -0.00702086 ; 0.00752102 ; 101.568;
18 ; 17 ; 21 ; 0.0134011 ; 0.000216942 ; -0.000921665 ; 101.614;
19 ; 17 ; 21 ; 0.023152 ; 0.0113991 ; -0.0108583 ; 101.76;
20 ; 17 ; 21 ; 0.0286193 ; 0.00259627 ; -0.0138493 ; 101.741;
21 ; 17 ; 21 ; -0.00877753 ; -0.0113022 ; -0.000126699 ; 102.25;
4 ; 18 ; 21 ; -0.0181747 ; -0.00732269 ; 0.021243 ; 100.991;
5 ; 18 ; 21 ; 0.00244188 ; 0.00400725 ; 0.0134378 ; 101.424;
6 ; 18 ; 21 ; 0.0120322 ; -0.00539912 ; 0.00562146 ; 101.407;
7 ; 18 ; 21 ; 0.0164046 ; -0.000354958 ; -0.00912416 ; 101.264;
8 ; 18 ; 21 ; 0.0303151 ; 0.00166509 ; -0.00187533 ; 101.105;
9 ; 18 ; 21 ; 0.015913 ; 0.0236619 ; -0.0264913 ; 101.803;
10 ; 18 ; 21 ; 0.0169883 ; 0.00914605 ; -0.00207102 ; 101.522;
11 ; 18 ; 21 ; 0.02356 ; 0.00698949 ; -0.0114124 ; 101.056;
12 ; 18 ; 21 ; 0.0217376 ; 0.00912722 ; -0.0159906 ; 101.131;
13 ; 18 ; 21 ; 0.0121679 ; 0.0265426 ; -0.00481287 ; 100.891;
14 ; 18 ; 21 ; 0.0185804 ; 0.00387334 ; -0.00993579 ; 101.406;
15 ; 18 ; 21 ; 0.0331637 ; 0.00441101 ; 0.00529496 ; 101.757;
16 ; 18 ; 21 ; 0.0233048 ; 0.0054973 ; 0.0106274 ; 101.569;
17 ; 18 ; 21 ; 0.0191481 ; 0.00830139 ; 0.0254005 ; 102.263;
18 ; 18 ; 21 ; 0.0149411 ; 0.00664792 ; 0.00475143 ; 101.95;
19 ; 18 ; 21 ; 0.0240233 ; 0.00901171 ; -0.0123626 ; 101.874;
20 ; 18 ; 21 ; 0.0287949 ; -0.00152964 ; -0.0122919 ; 101.652;
21 ; 18 ; 21 ; 0.0269766 ; -0.0113423 ; -0.0155894 ; 101.848;
4 ; 19 ; 21 ; 0.00682152 ; -0.0167662 ; -0.00141914 ; 101.299;
5 ; 19 ; 21 ; 0.0348017 ; 0.00585639 ; 0.00582798 ; 100.36;
6 ; 19 ; 21 ; 0.0064218 ; 0.00450835 ; 0.00404623 ; 101.943;
7 ; 19 ; 21 ; 0.0145629 ; -0.00377286 ; -0.0257324 ; 101.675;
8 ; 19 ; 21 ; 0.0251598 ; -0.00301379 ; -0.0067663 ; 101.52;
9 ; 19 ; 21 ; 0.0144283 ; -0.0062964 ; 0.000817645 ; 101.528;
10 ; 19 ; 21 ; 0.00165088 ; 0.0130238 ; 0.0124441 ; 100.734;
11 ; 19 ; 21 ; 0.00273574 ; -0.00374962 ; 0.0154876 ; 101.243;
12 ; 19 ; 21 ; 0.00226535 ; -0.0189905 ; -0.0103885 ; 102.023;
13 ; 19 ; 21 ; 0.0338346 ; 0.00301127 ; -0.00946397 ; 101.926;
14 ; 19 ; 21 ; 0.0537524 ; -0.00352251 ; -0.0173357 ; 101.688;
15 ; 19 ; 21 ; 0.0431563 ; -0.0199785 ; -0.00124125 ; 100.901;
16 ; 19 ; 21 ; 0.0132008 ; 0.00659063 ; 0.00658223 ; 102.084;
17 ; 19 ; 21 ; 0.0330514 ; 0.0230075 ; 0.0166378 ; 100.976;
18 ; 19 ; 21 ; 0.0208123 ; -0.0172087 ; 0.00862133 ; 100.666;
19 ; 19 ; 21 ; -0.0187349 ; 0.000987831 ; 0.00767138 ; 101.905;
20 ; 19 ; 21 ; -0.0121872 ; 0.0269714 ; -0.00663389 ; 101.16;
21 ; 19 ; 21 ; 0.0272264 ; -0.0124157 ; 0.00974006 ; 101.552;
4 ; 20 ; 21 ; 0.00406006 ; 0.00765152 ; -0.00701258 ; 101.365;
5 ; 20 ; 21 ; 0.0205893 ; 0.0156137 ; 0.008988 ; 102.695;
6 ; 20 ; 21 ; 0.00717694 ; 0.00449435 ; 0.00593685 ; 101.993;
7 ; 20 ; 21 ; 0.00346007 ; -0.000859237 ; -0.0144259 ; 101.507;
8 ; 20 ; 21 ; 0.0145748 ; -0.00277254 ; -0.00765219 ; 101.5;
9 ; 20 ; 21 ; 0.0410131 ; 0.00687755 ; 0.0121436 ; 101.675;
10 ; 20 ; 21 ; 0.0151376 ; 0.0104953 ; 0.0104939 ; 101.171;
11 ; 20 ; 21 ; 0.0111105 ; -0.000903345 ; 0.0112602 ; 101.432;
12 ; 20 ; 21 ; 0.0117537 ; -0.0111903 ; -0.00332263 ; 101.648;
13 ; 20 ; 21 ; 0.0187097 ; -0.0084545 ; -0.0127189 ; 101.424;
14 ; 20 ; 21 ; 0.039979 ; -0.00368645 ; -0.0115997 ; 101.744;
15 ; 20 ; 21 ; 0.0387019 ; -0.0108982 ; -0.00184973 ; 101.24;
16 ; 20 ; 21 ; 0.0182755 ; 0.0068884 ; -0.00112315 ; 101.661;
17 ; 20 ; 21 ; 0.00565984 ; -0.007977 ; 0.000843234 ; 101.404;
18 ; 20 ; 21 ; 0.014824 ; -0.00928674 ; 0.00201352 ; 100.901;
19 ; 20 ; 21 ; -0.0102987 ; 0.00144244 ; -0.0062585 ; 101.625;
20 ; 20 ; 21 ; -0.0067036 ; 0.0170424 ; -0.0128703 ; 101.34;
21 ; 20 ; 21 ; 0.0220342 ; 0.0114761 ; -0.0195726 ; 101.474;
4 ; 21 ; 21 ; -0.0280835 ; -0.00551256 ; -0.00739587 ; 100.993;
5 ; 21 ; 21 ; 0.0149093 ; -0.00551455 ; -0.00295359 ; 101.602;
6 ; 21 ; 21 ; 0.0103804 ; -0.0043176 ; 0.00789596 ; 101.707;
7 ; 21 ; 21 ; 0.00233701 ; -0.00867047 ; 0.000839838 ; 101.362;
8 ; 21 ; 21 ; 0.0130097 ; -0.00457406 ; -0.00699946 ; 101.561;
9 ; 21 ; 21 ; 0.00907884 ; -0.00979935 ; 0.00183097 ; 102.149;
10 ; 21 ; 21 ; 0.019496 ; 0.00535376 ; 0.0020198 ; 101.691;
11 ; 21 ; 21 ; 0.0146587 ; 0.0089343 ; 3.84743e-05 ; 101.505;
12 ; 21 ; 21 ; 0.0215359 ; 0.00217713 ; 0.00501601 ; 101.442;
13 ; 21 ; 21 ; 0.0240698 ; -0.0162736 ; 0.015855 ; 102.017;
14 ; 21 ; 21 ; 0.0244911 ; -0.00614234 ; 0.00285008 ; 101.712;
15 ; 21 ; 21 ; 0.0277238 ; 0.00278037 ; -0.00465547 ; 101.521;
16 ; 21 ; 21 ; 0.0184167 ; 0.00887121 ; -0.0139769 ; 101.297;
17 ; 21 ; 21 ; 0.0185425 ; -0.0236516 ; 0.00789143 ; 101.381;
18 ; 21 ; 21 ; 0.0108485 ; -0.00578677 ; -0.0038051 ; 101.197;
19 ; 21 ; 21 ; 0.0106913 ; 0.00488837 ; -0.0214115 ; 101.358;
20 ; 21 ; 21 ; 0.00986831 ; 0.00615934 ; -0.0171184 ; 101.546;
21 ; 21 ; 21 ; -0.00817662 ; -0.00118226 ; 0.00352825 ; 101.077;
