4 ; 4 ; 4 ; 0.608571 ; 0.00472268 ; -0.0181793 ; 102.317;
5 ; 4 ; 4 ; 0.642342 ; 0.00601175 ; -0.00823264 ; 101.718;
6 ; 4 ; 4 ; 0.639243 ; 0.00491345 ; -0.00164926 ; 101.896;
7 ; 4 ; 4 ; 0.600994 ; -0.00370547 ; 0.0143747 ; 102.519;
8 ; 4 ; 4 ; 0.599883 ; 0.015575 ; -0.00123757 ; 103.691;
9 ; 4 ; 4 ; 0.615821 ; -0.00844461 ; 0.000386137 ; 101.48;
10 ; 4 ; 4 ; 0.612888 ; -0.00415092 ; 0.020932 ; 101.629;
11 ; 4 ; 4 ; 0.606879 ; -0.00451791 ; 0.0165704 ; 101.829;
12 ; 4 ; 4 ; 0.614201 ; 0.00435529 ; 0.0172068 ; 101.951;
13 ; 4 ; 4 ; 0.60438 ; -0.0125789 ; 0.00228355 ; 102.001;
14 ; 4 ; 4 ; 0.616536 ; 0.0132782 ; 0.00115045 ; 101.977;
15 ; 4 ; 4 ; 0.622431 ; -0.00685977 ; -0.00304211 ; 101.935;
16 ; 4 ; 4 ; 0.651114 ; -0.0015592 ; -0.0263854 ; 103.086;
17 ; 4 ; 4 ; 0.605576 ; -0.00859981 ; 0.0139568 ; 102.125;
18 ; 4 ; 4 ; 0.605567 ; -0.0149887 ; 0.0184435 ; 101.716;
19 ; 4 ; 4 ; 0.604532 ; 0.00448086 ; 0.00898664 ; 101.301;
20 ; 4 ; 4 ; 0.622389 ; 0.0303462 ; 0.00303962 ; 100.942;
21 ; 4 ; 4 ; 0.61728 ; -0.00619719 ; -0.000302436 ; 101.319;
4 ; 5 ; 4 ; 0.625862 ; -0.0221705 ; 0.00134469 ; 100.937;
5 ; 5 ; 4 ; 0.621914 ; 0.0252948 ; 0.00394632 ; 101.749;
6 ; 5 ; 4 ; 0.598991 ; 0.00240668 ; -0.0103963 ; 101.525;
7 ; 5 ; 4 ; 0.587055 ; 0.00557571 ; -0.00444565 ; 101.905;
8 ; 5 ; 4 ; 0.566592 ; -0.0185464 ; 0.0438275 ; 102.704;
9 ; 5 ; 4 ; 0.614488 ; -0.00359028 ; -0.0172702 ; 102.289;
10 ; 5 ; 4 ; 0.611396 ; -0.00642897 ; -0.00772543 ; 101.775;
11 ; 5 ; 4 ; 0.620927 ; -0.0164214 ; 0.0105167 ; 101.405;
12 ; 5 ; 4 ; 0.602187 ; 0.00328917 ; 0.0195499 ; 102.066;
13 ; 5 ; 4 ; 0.613576 ; 0.00144453 ; 0.00264673 ; 101.982;
14 ; 5 ; 4 ; 0.618303 ; 0.00252388 ; -0.0294143 ; 101.852;
15 ; 5 ; 4 ; 0.611846 ; -0.0284196 ; 0.012172 ; 101.474;
16 ; 5 ; 4 ; 0.596786 ; -0.0563142 ; 0.0118545 ; 101.583;
17 ; 5 ; 4 ; 0.60793 ; 0.00443011 ; 0.0365777 ; 101.42;
18 ; 5 ; 4 ; 0.58254 ; -0.00525715 ; 0.0147576 ; 101.589;
19 ; 5 ; 4 ; 0.596145 ; -0.00110323 ; 0.00347416 ; 101.347;
20 ; 5 ; 4 ; 0.577152 ; 0.0177986 ; 0.00256987 ; 101.661;
21 ; 5 ; 4 ; 0.62687 ; -0.0262809 ; -0.0218693 ; 102.239;
4 ; 6 ; 4 ; 0.650406 ; 0.0165909 ; -0.0165072 ; 101.835;
5 ; 6 ; 4 ; 0.612957 ; 0.0448041 ; 0.0177114 ; 101.479;
6 ; 6 ; 4 ; 0.566741 ; 0.00809577 ; -0.0306441 ; 101.626;
7 ; 6 ; 4 ; 0.580783 ; 0.0200184 ; -0.0401652 ; 101.861;
8 ; 6 ; 4 ; 0.650975 ; 0.025012 ; -0.00201037 ; 101.119;
9 ; 6 ; 4 ; 0.62425 ; -0.00252655 ; -0.0218128 ; 103.033;
10 ; 6 ; 4 ; 0.61673 ; -0.00530974 ; -0.0358177 ; 101.82;
11 ; 6 ; 4 ; 0.637808 ; -0.0222233 ; -0.00119601 ; 100.946;
12 ; 6 ; 4 ; 0.640427 ; 0.00663494 ; -0.00147872 ; 101.642;
13 ; 6 ; 4 ; 0.608476 ; 0.0161508 ; -0.00127281 ; 101.752;
14 ; 6 ; 4 ; 0.612401 ; -0.0100939 ; -0.0531296 ; 101.687;
15 ; 6 ; 4 ; 0.611471 ; -0.0373014 ; 0.0205169 ; 101.304;
16 ; 6 ; 4 ; 0.599418 ; -0.0279149 ; 0.00436481 ; 101.286;
17 ; 6 ; 4 ; 0.598478 ; 0.0217501 ; 0.0581848 ; 101.146;
18 ; 6 ; 4 ; 0.564056 ; 0.00755217 ; 0.0186967 ; 101.759;
19 ; 6 ; 4 ; 0.598862 ; -0.00088706 ; 0.0067895 ; 101.394;
20 ; 6 ; 4 ; 0.617938 ; -0.00537796 ; 0.00384265 ; 103.069;
21 ; 6 ; 4 ; 0.631423 ; -0.00413376 ; -0.0208268 ; 100.927;
4 ; 7 ; 4 ; 0.623016 ; 0.0137612 ; 0.0198462 ; 100.964;
5 ; 7 ; 4 ; 0.617849 ; -0.0131181 ; 0.0088282 ; 101.468;
6 ; 7 ; 4 ; 0.602245 ; -0.029674 ; 0.0206842 ; 101.537;
7 ; 7 ; 4 ; 0.607873 ; -0.0199209 ; 0.0127752 ; 101.591;
8 ; 7 ; 4 ; 0.611133 ; -0.0208021 ; 0.0071835 ; 102.194;
9 ; 7 ; 4 ; 0.617313 ; 0.0033484 ; -0.00419181 ; 102.103;
10 ; 7 ; 4 ; 0.623052 ; 0.0182281 ; -0.000759877 ; 102.143;
11 ; 7 ; 4 ; 0.614844 ; 0.0178518 ; -0.00181629 ; 102.03;
12 ; 7 ; 4 ; 0.611278 ; 0.0234101 ; -0.0055343 ; 102.034;
13 ; 7 ; 4 ; 0.605113 ; -0.0148649 ; 0.0118744 ; 101.23;
14 ; 7 ; 4 ; 0.597164 ; -0.0101548 ; -0.00687958 ; 101.53;
15 ; 7 ; 4 ; 0.604019 ; -0.00895469 ; -0.016624 ; 101.833;
16 ; 7 ; 4 ; 0.58664 ; -0.019303 ; -0.0226411 ; 102.354;
17 ; 7 ; 4 ; 0.606182 ; 0.00565735 ; 0.00170192 ; 101.669;
18 ; 7 ; 4 ; 0.602257 ; 0.00682911 ; 0.00870957 ; 101.825;
19 ; 7 ; 4 ; 0.609371 ; -0.0107804 ; 0.0155029 ; 101.7;
20 ; 7 ; 4 ; 0.594287 ; -0.0492505 ; 0.0260726 ; 101.123;
21 ; 7 ; 4 ; 0.648227 ; 0.0167108 ; 0.00767097 ; 102.616;
4 ; 8 ; 4 ; 0.635029 ; 0.00525006 ; 0.0127839 ; 102.025;
5 ; 8 ; 4 ; 0.621081 ; -0.00809248 ; 0.00171604 ; 101.776;
6 ; 8 ; 4 ; 0.62369 ; -0.0110043 ; -0.000479599 ; 101.489;
7 ; 8 ; 4 ; 0.6305 ; -0.00120327 ; -0.00222067 ; 101.193;
8 ; 8 ; 4 ; 0.633328 ; 0.0173509 ; -0.0133101 ; 100.868;
9 ; 8 ; 4 ; 0.625203 ; -0.0050052 ; -0.00877254 ; 101.918;
10 ; 8 ; 4 ; 0.62464 ; 0.015056 ; -0.0106281 ; 101.751;
11 ; 8 ; 4 ; 0.605292 ; 0.0152345 ; -0.0120271 ; 101.691;
12 ; 8 ; 4 ; 0.617088 ; 0.0177461 ; -0.019009 ; 102.196;
13 ; 8 ; 4 ; 0.606302 ; -0.0243419 ; 0.00082215 ; 101.469;
14 ; 8 ; 4 ; 0.598909 ; 0.00327956 ; -0.00828962 ; 101.183;
15 ; 8 ; 4 ; 0.607871 ; 0.0063934 ; -0.00535336 ; 101.903;
16 ; 8 ; 4 ; 0.615465 ; -0.00193908 ; -0.00958023 ; 102.291;
17 ; 8 ; 4 ; 0.617647 ; 0.014447 ; -0.00337734 ; 101.631;
18 ; 8 ; 4 ; 0.621843 ; 0.0102115 ; 0.000349552 ; 101.946;
19 ; 8 ; 4 ; 0.625796 ; -0.00207786 ; -0.00205672 ; 102.011;
20 ; 8 ; 4 ; 0.633318 ; -0.0103038 ; -0.000125836 ; 102.242;
21 ; 8 ; 4 ; 0.630968 ; 0.00261342 ; -0.0129022 ; 102.42;
4 ; 9 ; 4 ; 0.652822 ; 0.0182979 ; 0.018682 ; 101.259;
5 ; 9 ; 4 ; 0.621035 ; -0.00359223 ; 0.00308454 ; 102.069;
6 ; 9 ; 4 ; 0.632002 ; -0.0018711 ; -0.00146418 ; 102.172;
7 ; 9 ; 4 ; 0.632115 ; 0.0167894 ; -0.00622353 ; 101.736;
8 ; 9 ; 4 ; 0.633041 ; -0.0049211 ; -0.00407947 ; 101.396;
9 ; 9 ; 4 ; 0.60861 ; -0.0064895 ; -0.0223979 ; 101.762;
10 ; 9 ; 4 ; 0.597064 ; 0.00856353 ; -0.023437 ; 101.628;
11 ; 9 ; 4 ; 0.583742 ; 0.0099803 ; -0.00804028 ; 101.749;
12 ; 9 ; 4 ; 0.573501 ; 0.0105063 ; -0.0124783 ; 101.859;
13 ; 9 ; 4 ; 0.603926 ; -0.0175389 ; -0.00581084 ; 101.507;
14 ; 9 ; 4 ; 0.605403 ; 0.00189954 ; 0.00538311 ; 101.179;
15 ; 9 ; 4 ; 0.612856 ; 0.0109769 ; 0.0118576 ; 101.344;
16 ; 9 ; 4 ; 0.617913 ; -0.00716206 ; 0.00267011 ; 102.827;
17 ; 9 ; 4 ; 0.630985 ; 0.0207654 ; 0.00100817 ; 101.985;
18 ; 9 ; 4 ; 0.627132 ; 0.0210269 ; -0.00412076 ; 101.934;
19 ; 9 ; 4 ; 0.614654 ; 0.00230586 ; 0.000873255 ; 101.801;
20 ; 9 ; 4 ; 0.621638 ; -0.00911619 ; -0.0190049 ; 101.947;
21 ; 9 ; 4 ; 0.596159 ; 0.000369874 ; -0.0133221 ; 101.304;
4 ; 10 ; 4 ; 0.621182 ; 0.012968 ; -0.0157883 ; 101.782;
5 ; 10 ; 4 ; 0.624075 ; -0.00828999 ; 0.00984695 ; 101.719;
6 ; 10 ; 4 ; 0.622564 ; -0.00511691 ; 0.00899762 ; 102.718;
7 ; 10 ; 4 ; 0.620539 ; 0.0118796 ; -0.00223747 ; 102.33;
8 ; 10 ; 4 ; 0.615776 ; 0.0479631 ; -0.00961471 ; 101.896;
9 ; 10 ; 4 ; 0.600986 ; 0.000503465 ; -0.0150739 ; 101.582;
10 ; 10 ; 4 ; 0.589259 ; 0.0131887 ; -0.015629 ; 101.704;
11 ; 10 ; 4 ; 0.59743 ; 0.0227023 ; -0.000303172 ; 101.912;
12 ; 10 ; 4 ; 0.581301 ; -0.0149856 ; 0.0252 ; 102.279;
13 ; 10 ; 4 ; 0.610013 ; 0.000229463 ; 0.0072532 ; 101.605;
14 ; 10 ; 4 ; 0.605189 ; 0.00583972 ; 0.0181814 ; 101.711;
15 ; 10 ; 4 ; 0.607963 ; 0.0134104 ; 0.00350048 ; 101.45;
16 ; 10 ; 4 ; 0.609621 ; 0.0135756 ; 0.00928241 ; 100.265;
17 ; 10 ; 4 ; 0.618398 ; 0.00339464 ; 0.000295906 ; 102.04;
18 ; 10 ; 4 ; 0.619512 ; 0.00452458 ; 0.0125953 ; 102.424;
19 ; 10 ; 4 ; 0.611554 ; 0.00274877 ; 0.0177421 ; 102.292;
20 ; 10 ; 4 ; 0.595595 ; 0.000782193 ; 0.0112555 ; 101.476;
21 ; 10 ; 4 ; 0.601074 ; 0.0317308 ; 0.012564 ; 101.229;
4 ; 11 ; 4 ; 0.630053 ; 0.0513338 ; -0.00549176 ; 101.574;
5 ; 11 ; 4 ; 0.602202 ; -0.00155228 ; 0.0110651 ; 101.741;
6 ; 11 ; 4 ; 0.612096 ; -0.0133211 ; 0.00498316 ; 102.353;
7 ; 11 ; 4 ; 0.619409 ; 0.0180119 ; 0.014074 ; 102.08;
8 ; 11 ; 4 ; 0.619633 ; -0.00674493 ; -0.00849263 ; 101.569;
9 ; 11 ; 4 ; 0.61463 ; -0.0084947 ; -0.0154978 ; 101.572;
10 ; 11 ; 4 ; 0.611804 ; 0.00281109 ; -0.00591876 ; 101.717;
11 ; 11 ; 4 ; 0.612712 ; 0.0103557 ; 0.00918283 ; 102.125;
12 ; 11 ; 4 ; 0.628763 ; 0.0644577 ; 0.00334155 ; 101.445;
13 ; 11 ; 4 ; 0.586558 ; -0.0151647 ; 0.00486508 ; 101.96;
14 ; 11 ; 4 ; 0.593752 ; 0.0108084 ; 0.021432 ; 102.216;
15 ; 11 ; 4 ; 0.611847 ; 0.0144759 ; 0.017853 ; 102.096;
16 ; 11 ; 4 ; 0.61832 ; 0.014241 ; -0.0197055 ; 101.52;
17 ; 11 ; 4 ; 0.606512 ; -0.0197212 ; -0.00327319 ; 102.006;
18 ; 11 ; 4 ; 0.634872 ; -0.00495219 ; 0.020896 ; 101.939;
19 ; 11 ; 4 ; 0.609481 ; -0.00876217 ; -0.0028421 ; 102.477;
20 ; 11 ; 4 ; 0.611398 ; 0.0146794 ; 0.0095755 ; 101.859;
21 ; 11 ; 4 ; 0.628007 ; -0.029926 ; -0.00175149 ; 101.172;
4 ; 12 ; 4 ; 0.625237 ; 0.00911854 ; 0.0240395 ; 101.785;
5 ; 12 ; 4 ; 0.588164 ; 0.0095425 ; 0.0129167 ; 102.066;
6 ; 12 ; 4 ; 0.609818 ; -0.0168572 ; 0.00432761 ; 102.149;
7 ; 12 ; 4 ; 0.621171 ; 0.0331185 ; 0.028501 ; 101.831;
8 ; 12 ; 4 ; 0.628171 ; -0.00525641 ; -0.0183377 ; 101.613;
9 ; 12 ; 4 ; 0.622385 ; -0.0158032 ; -0.026191 ; 101.854;
10 ; 12 ; 4 ; 0.621991 ; -0.00385453 ; -0.00728078 ; 101.644;
11 ; 12 ; 4 ; 0.609628 ; -0.00794926 ; 0.0165654 ; 102.229;
12 ; 12 ; 4 ; 0.574092 ; 0.00109917 ; -0.00304585 ; 101.242;
13 ; 12 ; 4 ; 0.562908 ; -0.0328542 ; -0.00240309 ; 102.176;
14 ; 12 ; 4 ; 0.588694 ; 0.00920006 ; 0.0232081 ; 102.399;
15 ; 12 ; 4 ; 0.622343 ; 0.0150646 ; 0.0409292 ; 102.215;
16 ; 12 ; 4 ; 0.579444 ; 0.0232746 ; -0.00303494 ; 101.596;
17 ; 12 ; 4 ; 0.60521 ; -0.0234893 ; 0.000163624 ; 102.224;
18 ; 12 ; 4 ; 0.648498 ; 0.00172098 ; 0.020711 ; 101.273;
19 ; 12 ; 4 ; 0.60337 ; -0.0185221 ; -0.0242113 ; 102.291;
20 ; 12 ; 4 ; 0.60499 ; -0.00537451 ; -0.0147669 ; 102.251;
21 ; 12 ; 4 ; 0.613853 ; -0.0189469 ; -0.0106938 ; 100.336;
4 ; 13 ; 4 ; 0.62607 ; -0.0256472 ; -0.0362541 ; 103.492;
5 ; 13 ; 4 ; 0.615194 ; -0.00730868 ; -0.0277952 ; 101.756;
6 ; 13 ; 4 ; 0.619918 ; 0.00500415 ; -0.00667625 ; 101.56;
7 ; 13 ; 4 ; 0.617285 ; 0.00553387 ; -0.00196701 ; 101.674;
8 ; 13 ; 4 ; 0.616168 ; 0.000886526 ; -0.0224209 ; 102.927;
9 ; 13 ; 4 ; 0.613851 ; 0.00717313 ; -0.0333048 ; 101.733;
10 ; 13 ; 4 ; 0.604283 ; 0.00313069 ; -0.0138402 ; 102.308;
11 ; 13 ; 4 ; 0.616515 ; 0.0107364 ; 0.0124935 ; 102.252;
12 ; 13 ; 4 ; 0.627833 ; 0.000527993 ; 0.00387468 ; 102.292;
13 ; 13 ; 4 ; 0.592873 ; -0.00373261 ; -0.0106521 ; 101.521;
14 ; 13 ; 4 ; 0.583363 ; -0.00768584 ; -0.0200938 ; 101.841;
15 ; 13 ; 4 ; 0.602926 ; -0.0164857 ; -0.0105706 ; 101.84;
16 ; 13 ; 4 ; 0.609251 ; -0.00814925 ; 0.0144365 ; 100.864;
17 ; 13 ; 4 ; 0.61525 ; -0.000955665 ; 0.0133947 ; 101.857;
18 ; 13 ; 4 ; 0.620005 ; 0.014076 ; 0.0120161 ; 101.515;
19 ; 13 ; 4 ; 0.621398 ; 0.00283064 ; 0.0138358 ; 101.883;
20 ; 13 ; 4 ; 0.597349 ; -0.0238392 ; 0.0434542 ; 102.201;
21 ; 13 ; 4 ; 0.603019 ; -0.028807 ; 0.0231896 ; 101.32;
4 ; 14 ; 4 ; 0.637905 ; 0.0391775 ; 3.34487e-05 ; 102.194;
5 ; 14 ; 4 ; 0.61755 ; -0.0234954 ; -0.00819955 ; 101.517;
6 ; 14 ; 4 ; 0.612135 ; -0.0103697 ; -0.000275294 ; 101.802;
7 ; 14 ; 4 ; 0.607718 ; 0.00596028 ; -0.00038369 ; 101.764;
8 ; 14 ; 4 ; 0.626718 ; -0.00528219 ; -0.00584405 ; 101.343;
9 ; 14 ; 4 ; 0.623173 ; 0.0243799 ; -0.0142446 ; 102.383;
10 ; 14 ; 4 ; 0.606373 ; 0.0159018 ; -0.00598571 ; 102.285;
11 ; 14 ; 4 ; 0.602709 ; 0.00903614 ; 0.00233874 ; 101.372;
12 ; 14 ; 4 ; 0.628931 ; 0.0365462 ; 0.0236259 ; 101.577;
13 ; 14 ; 4 ; 0.594249 ; -0.0106299 ; 0.0013934 ; 101.988;
14 ; 14 ; 4 ; 0.60088 ; -0.01325 ; -0.00625633 ; 102.318;
15 ; 14 ; 4 ; 0.601416 ; -0.0214045 ; -0.0128634 ; 102.128;
16 ; 14 ; 4 ; 0.623763 ; -0.030141 ; -0.0208797 ; 101.696;
17 ; 14 ; 4 ; 0.609203 ; 0.00975074 ; 0.00940964 ; 101.615;
18 ; 14 ; 4 ; 0.60216 ; 0.00972554 ; 0.0133843 ; 101.332;
19 ; 14 ; 4 ; 0.613348 ; 0.00971614 ; -0.00400752 ; 101.484;
20 ; 14 ; 4 ; 0.641779 ; -0.000665398 ; 0.00155391 ; 102.309;
21 ; 14 ; 4 ; 0.642705 ; -0.018656 ; 0.00108095 ; 101.268;
4 ; 15 ; 4 ; 0.606571 ; 0.00590449 ; -0.0121055 ; 101.044;
5 ; 15 ; 4 ; 0.624534 ; -0.0290549 ; 0.0220246 ; 101.431;
6 ; 15 ; 4 ; 0.605552 ; -0.0157901 ; 0.00394039 ; 102.178;
7 ; 15 ; 4 ; 0.589775 ; -0.00343622 ; -0.00348844 ; 101.915;
8 ; 15 ; 4 ; 0.591988 ; 0.0249918 ; -0.0143466 ; 101.97;
9 ; 15 ; 4 ; 0.61362 ; 0.0134908 ; 0.00923728 ; 101.744;
10 ; 15 ; 4 ; 0.617681 ; 0.0107432 ; 0.00617624 ; 101.998;
11 ; 15 ; 4 ; 0.601642 ; 0.000892433 ; -0.0141712 ; 101.665;
12 ; 15 ; 4 ; 0.594902 ; -0.0173726 ; -0.0279173 ; 100.756;
13 ; 15 ; 4 ; 0.611676 ; 0.0027057 ; -0.00371877 ; 102.432;
14 ; 15 ; 4 ; 0.630134 ; 0.011992 ; 0.0019788 ; 102.361;
15 ; 15 ; 4 ; 0.614579 ; -0.00852907 ; -0.00297096 ; 101.661;
16 ; 15 ; 4 ; 0.593659 ; -0.0294851 ; -0.0056175 ; 101.745;
17 ; 15 ; 4 ; 0.623036 ; 0.0131003 ; -0.000921039 ; 101.931;
18 ; 15 ; 4 ; 0.613131 ; -0.00767027 ; 0.0093071 ; 101.698;
19 ; 15 ; 4 ; 0.614121 ; -0.0117369 ; -0.00911226 ; 101.513;
20 ; 15 ; 4 ; 0.613298 ; 0.022757 ; -0.0255267 ; 100.88;
21 ; 15 ; 4 ; 0.635549 ; -0.0234607 ; -0.0303236 ; 101.582;
4 ; 16 ; 4 ; 0.61829 ; -0.0165953 ; -0.0129714 ; 101.62;
5 ; 16 ; 4 ; 0.622402 ; -0.0172594 ; 0.0214509 ; 101.424;
6 ; 16 ; 4 ; 0.613437 ; -0.0160218 ; 0.0207171 ; 101.908;
7 ; 16 ; 4 ; 0.60957 ; -0.00829699 ; 0.0127432 ; 101.787;
8 ; 16 ; 4 ; 0.589873 ; -0.0240853 ; 0.00130139 ; 101.049;
9 ; 16 ; 4 ; 0.607018 ; -0.000618142 ; 0.00469744 ; 101.415;
10 ; 16 ; 4 ; 0.601741 ; 0.00309299 ; 0.00155208 ; 102.022;
11 ; 16 ; 4 ; 0.589776 ; 0.00249776 ; -0.0170047 ; 102.055;
12 ; 16 ; 4 ; 0.590999 ; -0.00467253 ; -0.0354222 ; 101.883;
13 ; 16 ; 4 ; 0.610154 ; 0.0147853 ; -0.0204103 ; 102;
14 ; 16 ; 4 ; 0.618951 ; 0.0208225 ; 0.00737793 ; 102.313;
15 ; 16 ; 4 ; 0.615984 ; -0.00312455 ; -0.000344109 ; 102.015;
16 ; 16 ; 4 ; 0.619801 ; -0.0185151 ; -0.0161459 ; 100.988;
17 ; 16 ; 4 ; 0.620097 ; 0.0170082 ; 0.0121169 ; 101.426;
18 ; 16 ; 4 ; 0.612558 ; 0.0017978 ; 0.0037786 ; 101.747;
19 ; 16 ; 4 ; 0.625738 ; -0.0135228 ; -0.000392639 ; 101.873;
20 ; 16 ; 4 ; 0.622892 ; -0.0104809 ; -0.0092821 ; 102.06;
21 ; 16 ; 4 ; 0.593814 ; -0.0106085 ; 0.00122003 ; 101.373;
4 ; 17 ; 4 ; 0.653442 ; -0.0209147 ; -1.95633e-05 ; 101.987;
5 ; 17 ; 4 ; 0.617654 ; -0.0137274 ; -0.0167998 ; 101.762;
6 ; 17 ; 4 ; 0.64293 ; -0.0166811 ; 0.0283209 ; 102.427;
7 ; 17 ; 4 ; 0.624012 ; -0.00156815 ; 0.00953846 ; 101.893;
8 ; 17 ; 4 ; 0.634606 ; 0.0132739 ; 0.0128808 ; 101.871;
9 ; 17 ; 4 ; 0.598891 ; -0.0147117 ; -0.0128888 ; 102.158;
10 ; 17 ; 4 ; 0.597652 ; 0.00346929 ; -0.00998587 ; 102.166;
11 ; 17 ; 4 ; 0.577379 ; -0.00694882 ; -0.0240287 ; 101.957;
12 ; 17 ; 4 ; 0.588668 ; -0.00142601 ; -0.0290709 ; 101.796;
13 ; 17 ; 4 ; 0.602407 ; 0.0316327 ; -0.0115405 ; 101.881;
14 ; 17 ; 4 ; 0.623588 ; 0.0246956 ; 0.00907111 ; 101.555;
15 ; 17 ; 4 ; 0.616339 ; -0.0322735 ; 0.0219381 ; 101.827;
16 ; 17 ; 4 ; 0.615371 ; -0.00426354 ; -0.010277 ; 102.491;
17 ; 17 ; 4 ; 0.599623 ; 0.014309 ; -0.00571361 ; 101.48;
18 ; 17 ; 4 ; 0.600615 ; 0.0110172 ; 0.0173654 ; 102.22;
19 ; 17 ; 4 ; 0.625947 ; 0.0213892 ; 0.0185785 ; 101.236;
20 ; 17 ; 4 ; 0.639318 ; -0.0124684 ; 0.0162831 ; 101.365;
21 ; 17 ; 4 ; 0.632235 ; 0.00413218 ; 0.0084248 ; 101.507;
4 ; 18 ; 4 ; 0.589191 ; -0.0141622 ; 0.0244809 ; 101.263;
5 ; 18 ; 4 ; 0.618412 ; -0.0135888 ; -0.045667 ; 101.966;
6 ; 18 ; 4 ; 0.654738 ; -0.0143881 ; 0.018743 ; 103.036;
7 ; 18 ; 4 ; 0.614505 ; -0.00120198 ; -0.00620545 ; 101.913;
8 ; 18 ; 4 ; 0.594534 ; -0.0219205 ; 0.00535279 ; 102.045;
9 ; 18 ; 4 ; 0.596335 ; -0.025509 ; -0.0176891 ; 102.606;
10 ; 18 ; 4 ; 0.614356 ; 0.00235825 ; -0.010941 ; 102.166;
11 ; 18 ; 4 ; 0.581193 ; -0.014995 ; -0.0274914 ; 101.964;
12 ; 18 ; 4 ; 0.592661 ; 0.0177125 ; 0.00128151 ; 100.317;
13 ; 18 ; 4 ; 0.593915 ; 0.046218 ; -0.00347754 ; 102.044;
14 ; 18 ; 4 ; 0.639497 ; 0.0359032 ; -0.00303567 ; 100.806;
15 ; 18 ; 4 ; 0.624086 ; -0.0545295 ; 0.0351828 ; 101.201;
16 ; 18 ; 4 ; 0.6516 ; 0.0171321 ; -0.00733973 ; 101.558;
17 ; 18 ; 4 ; 0.59444 ; 0.0117563 ; -0.033252 ; 102.102;
18 ; 18 ; 4 ; 0.597297 ; 0.00958586 ; 0.0283221 ; 102.84;
19 ; 18 ; 4 ; 0.620075 ; 0.0413466 ; 0.0291579 ; 100.721;
20 ; 18 ; 4 ; 0.596341 ; 0.0125711 ; -0.00504252 ; 102.751;
21 ; 18 ; 4 ; 0.603997 ; 0.0304798 ; -0.012506 ; 102.349;
4 ; 19 ; 4 ; 0.630144 ; 0.00412169 ; -0.00812541 ; 102.025;
5 ; 19 ; 4 ; 0.612951 ; -0.0112931 ; -0.00728015 ; 101.304;
6 ; 19 ; 4 ; 0.622404 ; 0.00293466 ; -0.00489788 ; 101.632;
7 ; 19 ; 4 ; 0.625252 ; 0.00344766 ; -0.0196821 ; 102.265;
8 ; 19 ; 4 ; 0.60306 ; -0.00123038 ; -0.0100048 ; 101.37;
9 ; 19 ; 4 ; 0.581366 ; -0.00718939 ; -0.010906 ; 101.982;
10 ; 19 ; 4 ; 0.595074 ; -0.000699828 ; 0.000640492 ; 101.731;
11 ; 19 ; 4 ; 0.603083 ; 0.0045765 ; 0.0040852 ; 101.788;
12 ; 19 ; 4 ; 0.60534 ; -0.0157443 ; -0.0308642 ; 101.73;
13 ; 19 ; 4 ; 0.600975 ; 0.00345032 ; 0.00435011 ; 102.259;
14 ; 19 ; 4 ; 0.61268 ; -0.00350806 ; 0.00435863 ; 102.367;
15 ; 19 ; 4 ; 0.61211 ; -0.0087407 ; 0.00254957 ; 101.916;
16 ; 19 ; 4 ; 0.633614 ; -0.0199008 ; -0.0159875 ; 101.139;
17 ; 19 ; 4 ; 0.599802 ; -0.0017431 ; 0.00825577 ; 101.419;
18 ; 19 ; 4 ; 0.607468 ; -0.00423702 ; -0.0038932 ; 101.58;
19 ; 19 ; 4 ; 0.616202 ; 0.0133887 ; -0.0146518 ; 101.898;
20 ; 19 ; 4 ; 0.614317 ; 0.0205867 ; -0.0313646 ; 101.193;
21 ; 19 ; 4 ; 0.605388 ; -0.00452639 ; -0.0367345 ; 101.935;
4 ; 20 ; 4 ; 0.632201 ; -0.00510259 ; 0.0290001 ; 102.134;
5 ; 20 ; 4 ; 0.624496 ; -0.0205302 ; -0.00868401 ; 101.745;
6 ; 20 ; 4 ; 0.637778 ; -0.0178723 ; 0.0114921 ; 101.555;
7 ; 20 ; 4 ; 0.644956 ; 0.0358844 ; -0.0105816 ; 101.968;
8 ; 20 ; 4 ; 0.640309 ; 0.00759456 ; -0.0549908 ; 103.348;
9 ; 20 ; 4 ; 0.558802 ; 0.00351898 ; -0.00283988 ; 100.625;
10 ; 20 ; 4 ; 0.591946 ; -0.0148052 ; -0.0141384 ; 101.682;
11 ; 20 ; 4 ; 0.61697 ; 0.00397853 ; 0.00747644 ; 102.043;
12 ; 20 ; 4 ; 0.596067 ; 0.0177849 ; 0.0117338 ; 102.318;
13 ; 20 ; 4 ; 0.597664 ; 0.00262146 ; -0.0195452 ; 101.689;
14 ; 20 ; 4 ; 0.637924 ; -0.0080539 ; -0.0239338 ; 101.406;
15 ; 20 ; 4 ; 0.600687 ; -0.0171911 ; -0.00229074 ; 101.933;
16 ; 20 ; 4 ; 0.590631 ; 0.00366312 ; 0.0128721 ; 102.035;
17 ; 20 ; 4 ; 0.605 ; -0.00730917 ; 0.0169761 ; 101.47;
18 ; 20 ; 4 ; 0.603111 ; 0.0148596 ; -0.0154535 ; 100.889;
19 ; 20 ; 4 ; 0.621012 ; 0.0142367 ; -0.011383 ; 102.147;
20 ; 20 ; 4 ; 0.621134 ; 0.0225788 ; -0.0158977 ; 102.581;
21 ; 20 ; 4 ; 0.653684 ; -0.0141253 ; 0.0113572 ; 102.114;
4 ; 21 ; 4 ; 0.646697 ; -0.000637173 ; 0.0149617 ; 102.122;
5 ; 21 ; 4 ; 0.62092 ; -0.0284113 ; -0.0201749 ; 102.181;
6 ; 21 ; 4 ; 0.627442 ; -0.0364092 ; 0.0248129 ; 101.87;
7 ; 21 ; 4 ; 0.640485 ; 0.0569961 ; 0.00968679 ; 101.507;
8 ; 21 ; 4 ; 0.63188 ; -0.0026302 ; -0.015407 ; 101.232;
9 ; 21 ; 4 ; 0.547263 ; 0.03514 ; 0.00210003 ; 99.8206;
10 ; 21 ; 4 ; 0.597902 ; -0.00855797 ; -0.0343015 ; 101.782;
11 ; 21 ; 4 ; 0.63262 ; 0.00121285 ; -0.00531324 ; 102.235;
12 ; 21 ; 4 ; 0.631838 ; -0.00101953 ; 0.0203907 ; 101.894;
13 ; 21 ; 4 ; 0.592209 ; 0.0113969 ; -0.0247113 ; 101.287;
14 ; 21 ; 4 ; 0.662406 ; -0.0146783 ; -0.034018 ; 100.545;
15 ; 21 ; 4 ; 0.607375 ; -0.0326759 ; -0.00942645 ; 101.579;
16 ; 21 ; 4 ; 0.640122 ; -0.0226226 ; 0.00668562 ; 101.642;
17 ; 21 ; 4 ; 0.603863 ; -0.0159638 ; 0.018369 ; 101.812;
18 ; 21 ; 4 ; 0.595725 ; 0.0304993 ; -0.0233471 ; 100.545;
19 ; 21 ; 4 ; 0.626827 ; 0.0163802 ; -0.00833282 ; 102.189;
20 ; 21 ; 4 ; 0.639563 ; -0.0155423 ; -0.0258466 ; 102.691;
21 ; 21 ; 4 ; 0.645394 ; 0.0264449 ; 0.00290674 ; 102.636;
4 ; 4 ; 5 ; 0.472315 ; -0.0189871 ; 0.0348693 ; 100.544;
5 ; 4 ; 5 ; 0.494976 ; 0.00180504 ; -0.00248209 ; 101.66;
6 ; 4 ; 5 ; 0.488417 ; 0.00680049 ; -0.00339245 ; 102.034;
7 ; 4 ; 5 ; 0.469446 ; 0.00194816 ; 2.87148e-05 ; 102.321;
8 ; 4 ; 5 ; 0.440438 ; -0.0109218 ; -0.00964264 ; 101.796;
9 ; 4 ; 5 ; 0.47976 ; -0.00611833 ; 0.00445755 ; 102.053;
10 ; 4 ; 5 ; 0.479727 ; -0.000494715 ; 0.00560613 ; 101.81;
11 ; 4 ; 5 ; 0.476884 ; 0.00375369 ; 0.00652828 ; 101.24;
12 ; 4 ; 5 ; 0.449377 ; 0.0056691 ; -0.0071661 ; 100.683;
13 ; 4 ; 5 ; 0.481204 ; 0.00591068 ; 0.00769638 ; 102.028;
14 ; 4 ; 5 ; 0.480323 ; 0.00846419 ; 0.00129816 ; 101.986;
15 ; 4 ; 5 ; 0.471208 ; 0.0146934 ; -0.0121186 ; 101.868;
16 ; 4 ; 5 ; 0.458653 ; 0.00346632 ; -0.0277897 ; 100.489;
17 ; 4 ; 5 ; 0.485516 ; -0.0015671 ; -0.0174599 ; 101.894;
18 ; 4 ; 5 ; 0.479496 ; 0.00596526 ; -0.0131377 ; 101.625;
19 ; 4 ; 5 ; 0.471321 ; -0.00315028 ; -0.00395336 ; 101.651;
20 ; 4 ; 5 ; 0.495788 ; -0.0130823 ; -0.0104147 ; 101.615;
21 ; 4 ; 5 ; 0.508643 ; -0.0182313 ; 0.00189034 ; 101.053;
4 ; 5 ; 5 ; 0.508525 ; -0.0250408 ; -0.00877094 ; 101.637;
5 ; 5 ; 5 ; 0.503398 ; 0.0147014 ; 0.0150268 ; 101.468;
6 ; 5 ; 5 ; 0.493718 ; 0.0104455 ; 0.00377321 ; 102.03;
7 ; 5 ; 5 ; 0.477314 ; 0.00512517 ; 0.00671408 ; 102.418;
8 ; 5 ; 5 ; 0.454976 ; -0.00704305 ; 0.00215636 ; 102.011;
9 ; 5 ; 5 ; 0.471 ; 0.0150717 ; -0.02106 ; 101.663;
10 ; 5 ; 5 ; 0.481884 ; 0.0118428 ; -0.00509853 ; 101.731;
11 ; 5 ; 5 ; 0.483166 ; 0.00947103 ; 0.00331669 ; 101.421;
12 ; 5 ; 5 ; 0.47014 ; 0.00377923 ; 0.00181347 ; 100.972;
13 ; 5 ; 5 ; 0.485454 ; 0.00715041 ; -0.0068664 ; 101.779;
14 ; 5 ; 5 ; 0.47832 ; 0.00922015 ; -0.00903891 ; 102.104;
15 ; 5 ; 5 ; 0.467111 ; 0.0115591 ; -0.0158531 ; 102.113;
16 ; 5 ; 5 ; 0.465902 ; 0.0107587 ; -0.0186218 ; 101.366;
17 ; 5 ; 5 ; 0.468578 ; 0.0177908 ; -0.000434658 ; 100.888;
18 ; 5 ; 5 ; 0.477341 ; 0.00575858 ; -0.00436319 ; 101.538;
19 ; 5 ; 5 ; 0.475776 ; -0.00603761 ; -0.00165774 ; 101.874;
20 ; 5 ; 5 ; 0.474693 ; -0.0113121 ; -0.00859043 ; 101.77;
21 ; 5 ; 5 ; 0.485277 ; 0.022907 ; 0.0406223 ; 101.233;
4 ; 6 ; 5 ; 0.501368 ; -0.0188033 ; 0.0158782 ; 100.616;
5 ; 6 ; 5 ; 0.5014 ; 0.0160941 ; 0.0230529 ; 101.314;
6 ; 6 ; 5 ; 0.501565 ; 0.014367 ; 0.0111829 ; 101.988;
7 ; 6 ; 5 ; 0.48696 ; 0.00952645 ; 0.0137921 ; 102.468;
8 ; 6 ; 5 ; 0.474375 ; 0.00518341 ; 0.0135433 ; 102.165;
9 ; 6 ; 5 ; 0.464875 ; 0.0345846 ; -0.0450822 ; 101.361;
10 ; 6 ; 5 ; 0.486458 ; 0.0193718 ; -0.00988117 ; 101.65;
11 ; 6 ; 5 ; 0.49426 ; 0.0129252 ; 0.00372471 ; 101.629;
12 ; 6 ; 5 ; 0.4904 ; 0.00834107 ; 0.00850262 ; 101.556;
13 ; 6 ; 5 ; 0.488717 ; 0.0112361 ; -0.0200333 ; 101.489;
14 ; 6 ; 5 ; 0.47377 ; 0.0113696 ; -0.0153461 ; 102.257;
15 ; 6 ; 5 ; 0.464687 ; 0.0110873 ; -0.0161751 ; 102.474;
16 ; 6 ; 5 ; 0.460796 ; 0.017797 ; -0.000576777 ; 102.195;
17 ; 6 ; 5 ; 0.450419 ; 0.0291443 ; 0.0139446 ; 100.338;
18 ; 6 ; 5 ; 0.474642 ; 0.00364681 ; 0.000880709 ; 101.492;
19 ; 6 ; 5 ; 0.473547 ; -0.00900844 ; -0.00127823 ; 102.084;
20 ; 6 ; 5 ; 0.461801 ; -0.00153785 ; -0.0101638 ; 102.164;
21 ; 6 ; 5 ; 0.511767 ; -0.0377115 ; -0.0251902 ; 100.906;
4 ; 7 ; 5 ; 0.460502 ; 0.0420456 ; -0.00406044 ; 101.843;
5 ; 7 ; 5 ; 0.485119 ; -0.000696781 ; -0.00323585 ; 101.561;
6 ; 7 ; 5 ; 0.471994 ; -0.00253253 ; 0.00420476 ; 101.324;
7 ; 7 ; 5 ; 0.469873 ; 0.00047286 ; 0.0108923 ; 101.426;
8 ; 7 ; 5 ; 0.478935 ; 0.00234116 ; 0.0133016 ; 101.303;
9 ; 7 ; 5 ; 0.473994 ; -0.00787319 ; -0.00570263 ; 101.263;
10 ; 7 ; 5 ; 0.46771 ; 0.000690342 ; -0.00123413 ; 101.414;
11 ; 7 ; 5 ; 0.461737 ; 0.0166605 ; -0.000595675 ; 101.21;
12 ; 7 ; 5 ; 0.456748 ; 0.0172934 ; -0.0205041 ; 101.185;
13 ; 7 ; 5 ; 0.476286 ; -0.0022343 ; 0.00274324 ; 101.925;
14 ; 7 ; 5 ; 0.470548 ; -0.00165897 ; 0.000707266 ; 101.535;
15 ; 7 ; 5 ; 0.460333 ; -0.00234767 ; -0.00890528 ; 101.761;
16 ; 7 ; 5 ; 0.426115 ; -0.00504057 ; 0.00820538 ; 101.709;
17 ; 7 ; 5 ; 0.445165 ; 0.0176484 ; 0.00549878 ; 102.18;
18 ; 7 ; 5 ; 0.44743 ; 0.0128026 ; -0.00230169 ; 101.767;
19 ; 7 ; 5 ; 0.474008 ; 0.00710252 ; -0.00997309 ; 101.061;
20 ; 7 ; 5 ; 0.506323 ; -0.00408434 ; -0.00212684 ; 100.073;
21 ; 7 ; 5 ; 0.491201 ; 0.00215608 ; -0.0148918 ; 101.376;
4 ; 8 ; 5 ; 0.497907 ; -0.0267179 ; 0.000642959 ; 101.219;
5 ; 8 ; 5 ; 0.483807 ; -0.00231594 ; 0.0115096 ; 101.486;
6 ; 8 ; 5 ; 0.47825 ; -0.00413019 ; 0.0050504 ; 101.47;
7 ; 8 ; 5 ; 0.47588 ; -0.00208271 ; 0.00555091 ; 101.598;
8 ; 8 ; 5 ; 0.475317 ; -8.62352e-05 ; 0.0121405 ; 101.4;
9 ; 8 ; 5 ; 0.483763 ; 0.00804855 ; -0.00727519 ; 101.384;
10 ; 8 ; 5 ; 0.474412 ; 0.00285404 ; -0.00457631 ; 101.425;
11 ; 8 ; 5 ; 0.468606 ; 0.00965669 ; -0.00116881 ; 101.369;
12 ; 8 ; 5 ; 0.45732 ; 0.0191771 ; -0.00754351 ; 101.343;
13 ; 8 ; 5 ; 0.483467 ; -0.0125312 ; -0.0029634 ; 101.573;
14 ; 8 ; 5 ; 0.47343 ; -0.00344739 ; -0.00224173 ; 101.575;
15 ; 8 ; 5 ; 0.466199 ; -0.00182317 ; -0.0106138 ; 101.725;
16 ; 8 ; 5 ; 0.451178 ; -0.000507315 ; -0.010159 ; 101.931;
17 ; 8 ; 5 ; 0.465788 ; -0.00552472 ; -0.00255047 ; 102.08;
18 ; 8 ; 5 ; 0.45962 ; 0.0073726 ; -0.00420547 ; 101.773;
19 ; 8 ; 5 ; 0.478715 ; 0.0080725 ; -0.0107057 ; 101.275;
20 ; 8 ; 5 ; 0.494674 ; -0.00528952 ; -0.00582003 ; 100.691;
21 ; 8 ; 5 ; 0.490024 ; 0.0307177 ; -0.0329977 ; 100.699;
4 ; 9 ; 5 ; 0.471357 ; -0.0162584 ; -0.00073427 ; 102.261;
5 ; 9 ; 5 ; 0.463696 ; -0.00632878 ; 0.00353887 ; 101.648;
6 ; 9 ; 5 ; 0.477421 ; -0.00408537 ; 0.00568473 ; 101.582;
7 ; 9 ; 5 ; 0.480566 ; -0.00318421 ; 0.00166282 ; 101.698;
8 ; 9 ; 5 ; 0.478646 ; -0.00410555 ; -0.000905629 ; 101.699;
9 ; 9 ; 5 ; 0.482115 ; 0.00597329 ; -0.00421162 ; 101.452;
10 ; 9 ; 5 ; 0.482132 ; 0.00392472 ; -0.00768731 ; 101.397;
11 ; 9 ; 5 ; 0.48183 ; -0.00247841 ; -0.00229277 ; 101.55;
12 ; 9 ; 5 ; 0.47015 ; 0.00586026 ; 0.00476534 ; 101.744;
13 ; 9 ; 5 ; 0.46831 ; -0.0095342 ; 0.0159738 ; 101.639;
14 ; 9 ; 5 ; 0.473158 ; -0.00745471 ; 0.00313037 ; 101.679;
15 ; 9 ; 5 ; 0.469016 ; -0.00321873 ; -0.00139613 ; 101.677;
16 ; 9 ; 5 ; 0.476425 ; 0.0035144 ; -0.0216755 ; 101.844;
17 ; 9 ; 5 ; 0.469076 ; -0.0149999 ; -0.00697544 ; 101.896;
18 ; 9 ; 5 ; 0.479713 ; 0.000558708 ; -0.00537841 ; 101.769;
19 ; 9 ; 5 ; 0.490119 ; 0.0100308 ; -0.00689945 ; 101.535;
20 ; 9 ; 5 ; 0.484336 ; 0.000735763 ; -0.0114055 ; 101.467;
21 ; 9 ; 5 ; 0.472848 ; 0.0349539 ; -0.0128372 ; 101.333;
4 ; 10 ; 5 ; 0.488861 ; 0.0399348 ; -0.00468464 ; 102.565;
5 ; 10 ; 5 ; 0.469141 ; -0.0208158 ; -0.000211418 ; 101.91;
6 ; 10 ; 5 ; 0.472529 ; -0.00676569 ; 0.00599902 ; 101.724;
7 ; 10 ; 5 ; 0.479693 ; -0.00140695 ; 0.00851222 ; 101.752;
8 ; 10 ; 5 ; 0.483192 ; 0.000114317 ; -0.00192602 ; 101.79;
9 ; 10 ; 5 ; 0.484211 ; -0.0024098 ; 0.00904176 ; 101.725;
10 ; 10 ; 5 ; 0.488208 ; -0.00131185 ; -0.00135578 ; 101.555;
11 ; 10 ; 5 ; 0.489483 ; -0.0093877 ; 0.000544406 ; 101.689;
12 ; 10 ; 5 ; 0.492002 ; -0.0131317 ; 0.00136043 ; 101.842;
13 ; 10 ; 5 ; 0.467587 ; -0.00911136 ; 0.012816 ; 101.628;
14 ; 10 ; 5 ; 0.466365 ; -0.0091553 ; 0.0161306 ; 101.662;
15 ; 10 ; 5 ; 0.462174 ; -0.00659309 ; 0.0145594 ; 101.58;
16 ; 10 ; 5 ; 0.462113 ; 0.000558625 ; 0.00580736 ; 101.396;
17 ; 10 ; 5 ; 0.457702 ; -0.00165463 ; 0.00771442 ; 101.333;
18 ; 10 ; 5 ; 0.477408 ; 0.00114147 ; -0.00231753 ; 101.519;
19 ; 10 ; 5 ; 0.491001 ; 0.0113142 ; -0.00123246 ; 101.461;
20 ; 10 ; 5 ; 0.496549 ; 0.0113767 ; -0.00179723 ; 101.376;
21 ; 10 ; 5 ; 0.477226 ; 0.0334132 ; 0.00454858 ; 101.418;
4 ; 11 ; 5 ; 0.448434 ; 0.0132153 ; 0.0358508 ; 100.758;
5 ; 11 ; 5 ; 0.455728 ; 0.0206836 ; -0.00178243 ; 101.568;
6 ; 11 ; 5 ; 0.465729 ; 0.00731971 ; 0.0101513 ; 101.68;
7 ; 11 ; 5 ; 0.480086 ; 0.00908656 ; 0.0201157 ; 101.766;
8 ; 11 ; 5 ; 0.481721 ; 0.00867975 ; 0.019834 ; 101.693;
9 ; 11 ; 5 ; 0.495967 ; -8.56594e-05 ; 0.0116757 ; 101.854;
10 ; 11 ; 5 ; 0.49011 ; -0.00294898 ; 0.0096324 ; 101.721;
11 ; 11 ; 5 ; 0.483147 ; -0.00664772 ; 0.00548825 ; 101.773;
12 ; 11 ; 5 ; 0.489883 ; -0.0101988 ; -0.00168607 ; 101.862;
13 ; 11 ; 5 ; 0.479922 ; -0.0149805 ; 0.0149879 ; 101.238;
14 ; 11 ; 5 ; 0.470882 ; -0.0113736 ; 0.0167255 ; 101.51;
15 ; 11 ; 5 ; 0.463108 ; -0.0062282 ; 0.010226 ; 101.684;
16 ; 11 ; 5 ; 0.457232 ; -0.000520753 ; 0.0146128 ; 101.617;
17 ; 11 ; 5 ; 0.457662 ; 0.0142602 ; 0.000940994 ; 100.875;
18 ; 11 ; 5 ; 0.469885 ; 0.01369 ; 0.00239438 ; 101.3;
19 ; 11 ; 5 ; 0.482084 ; 0.0184167 ; 0.00186926 ; 101.476;
20 ; 11 ; 5 ; 0.492784 ; 0.0163116 ; 0.00591543 ; 101.401;
21 ; 11 ; 5 ; 0.492129 ; 0.0501143 ; -0.00132776 ; 101.612;
4 ; 12 ; 5 ; 0.500757 ; 0.0182548 ; 0.0175761 ; 101.374;
5 ; 12 ; 5 ; 0.425166 ; 0.0642918 ; -0.00869207 ; 101.175;
6 ; 12 ; 5 ; 0.467788 ; 0.0151174 ; 0.0129113 ; 101.717;
7 ; 12 ; 5 ; 0.483331 ; 0.0139959 ; 0.0240633 ; 101.877;
8 ; 12 ; 5 ; 0.475847 ; 0.00363982 ; 0.0203469 ; 101.812;
9 ; 12 ; 5 ; 0.496264 ; 0.00339183 ; 0.00932655 ; 101.761;
10 ; 12 ; 5 ; 0.49326 ; -0.00262549 ; 0.0147724 ; 101.844;
11 ; 12 ; 5 ; 0.477981 ; -0.00451304 ; 0.00867454 ; 101.859;
12 ; 12 ; 5 ; 0.469396 ; -0.000678484 ; -0.00524091 ; 102.283;
13 ; 12 ; 5 ; 0.484687 ; -0.0185644 ; 0.0256621 ; 101.027;
14 ; 12 ; 5 ; 0.476495 ; -0.0118017 ; 0.0111657 ; 101.383;
15 ; 12 ; 5 ; 0.467283 ; -0.0045281 ; 0.000455045 ; 101.737;
16 ; 12 ; 5 ; 0.459854 ; 0.00424429 ; 0.00440034 ; 101.928;
17 ; 12 ; 5 ; 0.463166 ; 0.0214968 ; -0.0138811 ; 100.843;
18 ; 12 ; 5 ; 0.464921 ; 0.0201701 ; 0.00371886 ; 101.173;
19 ; 12 ; 5 ; 0.474303 ; 0.0226057 ; 0.000534219 ; 101.531;
20 ; 12 ; 5 ; 0.479835 ; 0.0217903 ; -0.00416786 ; 101.395;
21 ; 12 ; 5 ; 0.479773 ; 0.0220664 ; 0.0133763 ; 103.553;
4 ; 13 ; 5 ; 0.481675 ; -0.000755617 ; 0.0183691 ; 100.681;
5 ; 13 ; 5 ; 0.459384 ; -0.0124104 ; -0.00741057 ; 101.506;
6 ; 13 ; 5 ; 0.466276 ; -0.00508102 ; 0.00229905 ; 101.766;
7 ; 13 ; 5 ; 0.46453 ; 0.00442856 ; 0.00985799 ; 101.751;
8 ; 13 ; 5 ; 0.459175 ; 0.00417177 ; 0.00626978 ; 101.558;
9 ; 13 ; 5 ; 0.464137 ; 0.00383584 ; 0.00779165 ; 102.58;
10 ; 13 ; 5 ; 0.450741 ; -5.04859e-05 ; 0.000518695 ; 102.458;
11 ; 13 ; 5 ; 0.471402 ; 0.00189829 ; 0.00108706 ; 102.363;
12 ; 13 ; 5 ; 0.499529 ; -0.00390018 ; -0.0106009 ; 102.453;
13 ; 13 ; 5 ; 0.465538 ; -0.00558413 ; -0.0197916 ; 101.593;
14 ; 13 ; 5 ; 0.450727 ; 0.00926028 ; -0.007271 ; 101.772;
15 ; 13 ; 5 ; 0.444526 ; 0.0114232 ; 0.0119743 ; 101.661;
16 ; 13 ; 5 ; 0.446457 ; -0.0169256 ; 0.0671842 ; 100.94;
17 ; 13 ; 5 ; 0.44882 ; 0.00150565 ; -0.00214439 ; 101.619;
18 ; 13 ; 5 ; 0.464883 ; 0.00688681 ; -0.00687952 ; 102.124;
19 ; 13 ; 5 ; 0.487584 ; 0.00761969 ; 0.00065035 ; 102.225;
20 ; 13 ; 5 ; 0.515961 ; 0.00650411 ; 0.0349847 ; 101.266;
21 ; 13 ; 5 ; 0.505242 ; -0.0571169 ; 0.05172 ; 102.689;
4 ; 14 ; 5 ; 0.439164 ; -0.0348373 ; 0.00585195 ; 102.531;
5 ; 14 ; 5 ; 0.474405 ; -0.0227078 ; -0.00166329 ; 101.709;
6 ; 14 ; 5 ; 0.468986 ; -0.00947061 ; 0.001037 ; 101.733;
7 ; 14 ; 5 ; 0.465874 ; 0.00236741 ; 0.00574535 ; 101.679;
8 ; 14 ; 5 ; 0.456842 ; 0.00408244 ; 0.00555837 ; 101.504;
9 ; 14 ; 5 ; 0.479846 ; -0.0133487 ; 0.00488214 ; 102.161;
10 ; 14 ; 5 ; 0.45862 ; -0.00389959 ; -9.33382e-05 ; 102.327;
11 ; 14 ; 5 ; 0.466971 ; 0.00450398 ; -0.000508964 ; 102.188;
12 ; 14 ; 5 ; 0.495306 ; 0.000398558 ; 0.00450296 ; 102.541;
13 ; 14 ; 5 ; 0.48088 ; -0.0196691 ; 0.000799244 ; 101.824;
14 ; 14 ; 5 ; 0.46407 ; 0.00070138 ; -0.00462593 ; 101.883;
15 ; 14 ; 5 ; 0.457723 ; 0.00657013 ; 0.00412999 ; 101.766;
16 ; 14 ; 5 ; 0.44669 ; 0.00377308 ; 0.0305568 ; 101.423;
17 ; 14 ; 5 ; 0.47022 ; 0.00413467 ; -0.00735599 ; 101.979;
18 ; 14 ; 5 ; 0.470715 ; 0.00919177 ; -0.00771289 ; 102.173;
19 ; 14 ; 5 ; 0.488241 ; 0.0123938 ; 0.000467505 ; 102.361;
20 ; 14 ; 5 ; 0.504036 ; 0.00717497 ; 0.0181123 ; 102.034;
21 ; 14 ; 5 ; 0.500607 ; -0.0286902 ; -0.0434072 ; 101.598;
4 ; 15 ; 5 ; 0.490166 ; -0.0306884 ; 0.0138708 ; 100.758;
5 ; 15 ; 5 ; 0.465299 ; -0.0189352 ; 0.00930912 ; 101.649;
6 ; 15 ; 5 ; 0.466207 ; -0.0164351 ; 0.00448024 ; 101.711;
7 ; 15 ; 5 ; 0.463546 ; -0.00681242 ; 0.00741504 ; 101.786;
8 ; 15 ; 5 ; 0.460879 ; 0.0034184 ; -0.00287373 ; 101.49;
9 ; 15 ; 5 ; 0.486315 ; -0.00924119 ; 0.00226669 ; 101.738;
10 ; 15 ; 5 ; 0.47208 ; -0.00415619 ; 0.00321328 ; 102.026;
11 ; 15 ; 5 ; 0.459429 ; 0.00761421 ; 0.00167375 ; 101.872;
12 ; 15 ; 5 ; 0.474927 ; 0.0136343 ; 0.00943484 ; 102.118;
13 ; 15 ; 5 ; 0.480844 ; -0.00371614 ; -0.0134489 ; 101.589;
14 ; 15 ; 5 ; 0.475803 ; -0.00382961 ; -0.00790255 ; 101.754;
15 ; 15 ; 5 ; 0.473706 ; 0.00263662 ; -0.00878957 ; 101.857;
16 ; 15 ; 5 ; 0.465217 ; 0.0100868 ; -0.0137253 ; 101.928;
17 ; 15 ; 5 ; 0.475214 ; 0.00814463 ; -0.0152858 ; 101.996;
18 ; 15 ; 5 ; 0.477251 ; 0.0102348 ; -0.00927875 ; 102.071;
19 ; 15 ; 5 ; 0.485365 ; 0.0157678 ; 0.00137554 ; 102.289;
20 ; 15 ; 5 ; 0.494429 ; 0.016073 ; 0.0068338 ; 102.741;
21 ; 15 ; 5 ; 0.496727 ; 0.0152682 ; 0.00558364 ; 102.274;
4 ; 16 ; 5 ; 0.483237 ; -0.00590844 ; -0.00752705 ; 102.196;
5 ; 16 ; 5 ; 0.463537 ; 0.00247073 ; 0.00334231 ; 101.647;
6 ; 16 ; 5 ; 0.468387 ; -0.00935304 ; 0.00507698 ; 101.714;
7 ; 16 ; 5 ; 0.465967 ; -0.0118482 ; 0.00862251 ; 101.878;
8 ; 16 ; 5 ; 0.468018 ; -0.0117469 ; 0.00746014 ; 102.028;
9 ; 16 ; 5 ; 0.482305 ; -0.00655508 ; 0.00814113 ; 101.632;
10 ; 16 ; 5 ; 0.474036 ; -0.0101038 ; 0.00424481 ; 101.723;
11 ; 16 ; 5 ; 0.458394 ; -0.00312942 ; 0.00123135 ; 101.585;
12 ; 16 ; 5 ; 0.449737 ; 0.0140859 ; -0.00188357 ; 101.555;
13 ; 16 ; 5 ; 0.461016 ; -0.0087083 ; -0.0247492 ; 101.074;
14 ; 16 ; 5 ; 0.47215 ; -0.00564139 ; -0.012677 ; 101.532;
15 ; 16 ; 5 ; 0.473337 ; -0.0067006 ; -0.00692857 ; 101.75;
16 ; 16 ; 5 ; 0.485154 ; -0.00737107 ; -0.00710343 ; 101.952;
17 ; 16 ; 5 ; 0.4838 ; 0.0117447 ; -0.00860961 ; 101.289;
18 ; 16 ; 5 ; 0.481946 ; 0.0104607 ; -0.00859314 ; 101.688;
19 ; 16 ; 5 ; 0.485509 ; 0.0121304 ; 0.00305145 ; 101.74;
20 ; 16 ; 5 ; 0.492307 ; 0.0204829 ; 0.0156496 ; 102.1;
21 ; 16 ; 5 ; 0.497377 ; -0.0240367 ; -0.0207391 ; 102.295;
4 ; 17 ; 5 ; 0.509371 ; -0.000698942 ; 0.00319756 ; 101.699;
5 ; 17 ; 5 ; 0.489347 ; 0.015832 ; -0.00678755 ; 100.968;
6 ; 17 ; 5 ; 0.47644 ; 0.00193898 ; -0.00405494 ; 101.417;
7 ; 17 ; 5 ; 0.473488 ; -0.00947653 ; 0.000107255 ; 101.644;
8 ; 17 ; 5 ; 0.463987 ; -0.0293604 ; 0.0160345 ; 101.985;
9 ; 17 ; 5 ; 0.485445 ; -0.00517992 ; -0.00812533 ; 101.507;
10 ; 17 ; 5 ; 0.475858 ; -0.0129527 ; 0.000700524 ; 101.609;
11 ; 17 ; 5 ; 0.46692 ; -0.0152415 ; 0.000638241 ; 101.56;
12 ; 17 ; 5 ; 0.45335 ; -0.00824349 ; 9.66753e-06 ; 101.839;
13 ; 17 ; 5 ; 0.482876 ; 0.000996109 ; -0.0210153 ; 101.256;
14 ; 17 ; 5 ; 0.468862 ; -0.00275555 ; -0.0156008 ; 101.229;
15 ; 17 ; 5 ; 0.46018 ; -0.00842252 ; -0.00453528 ; 101.66;
16 ; 17 ; 5 ; 0.470554 ; -0.00883141 ; -0.00378917 ; 101.959;
17 ; 17 ; 5 ; 0.496329 ; -0.0186464 ; -0.00840457 ; 100.994;
18 ; 17 ; 5 ; 0.484703 ; -0.0033536 ; -0.00572735 ; 101.272;
19 ; 17 ; 5 ; 0.478644 ; 0.00616665 ; 0.00124737 ; 101.351;
20 ; 17 ; 5 ; 0.482473 ; 0.00758428 ; 0.00493356 ; 101.657;
21 ; 17 ; 5 ; 0.472086 ; 0.0100479 ; 0.0338299 ; 103.021;
4 ; 18 ; 5 ; 0.507993 ; -0.00631055 ; 0.0337334 ; 101.93;
5 ; 18 ; 5 ; 0.500235 ; 0.0150014 ; -0.00904894 ; 100.35;
6 ; 18 ; 5 ; 0.486441 ; 0.00906619 ; -0.0129743 ; 101.207;
7 ; 18 ; 5 ; 0.481466 ; -0.00393315 ; -0.0102011 ; 101.364;
8 ; 18 ; 5 ; 0.473105 ; -0.011494 ; 0.00112352 ; 101.243;
9 ; 18 ; 5 ; 0.490626 ; 0.00485529 ; -0.0231669 ; 101.314;
10 ; 18 ; 5 ; 0.476242 ; -0.0182082 ; -0.00466256 ; 101.579;
11 ; 18 ; 5 ; 0.472087 ; -0.0217695 ; -0.00299929 ; 101.546;
12 ; 18 ; 5 ; 0.47982 ; -0.0169915 ; -0.00207225 ; 101.759;
13 ; 18 ; 5 ; 0.503628 ; 0.0257037 ; -0.0239182 ; 101.262;
14 ; 18 ; 5 ; 0.473397 ; -0.00601139 ; -0.0126591 ; 101.248;
15 ; 18 ; 5 ; 0.455726 ; -0.0118331 ; -0.00223604 ; 101.654;
16 ; 18 ; 5 ; 0.438939 ; -0.0207975 ; -0.00566992 ; 101.581;
17 ; 18 ; 5 ; 0.497259 ; -0.0464021 ; -0.0138046 ; 100.948;
18 ; 18 ; 5 ; 0.488114 ; -0.0105343 ; -0.00383145 ; 101.143;
19 ; 18 ; 5 ; 0.476725 ; 0.00533401 ; -0.000258615 ; 101.286;
20 ; 18 ; 5 ; 0.465108 ; 0.0013975 ; -0.00843526 ; 101.559;
21 ; 18 ; 5 ; 0.460859 ; -0.00851891 ; -0.0153202 ; 100.6;
4 ; 19 ; 5 ; 0.487712 ; -0.0172037 ; 0.00532821 ; 101.812;
5 ; 19 ; 5 ; 0.469279 ; 0.00163469 ; -0.00511853 ; 101.802;
6 ; 19 ; 5 ; 0.462484 ; 0.0089829 ; -0.0113888 ; 101.763;
7 ; 19 ; 5 ; 0.463308 ; 0.0102233 ; -0.0173609 ; 101.915;
8 ; 19 ; 5 ; 0.475475 ; 0.00997461 ; -0.0341058 ; 102.509;
9 ; 19 ; 5 ; 0.482462 ; 0.00426574 ; 0.00466032 ; 101.995;
10 ; 19 ; 5 ; 0.474845 ; 0.000763979 ; -0.00646008 ; 102.143;
11 ; 19 ; 5 ; 0.483568 ; -0.00180837 ; -0.00818405 ; 102.025;
12 ; 19 ; 5 ; 0.512196 ; -0.00813812 ; 0.0106879 ; 102.372;
13 ; 19 ; 5 ; 0.480592 ; -0.0024225 ; -0.00166174 ; 101.23;
14 ; 19 ; 5 ; 0.480103 ; -0.00161547 ; -0.00641154 ; 101.148;
15 ; 19 ; 5 ; 0.470658 ; -0.00934726 ; -0.00704556 ; 101.219;
16 ; 19 ; 5 ; 0.43834 ; -0.00491084 ; -0.0321465 ; 100.149;
17 ; 19 ; 5 ; 0.467957 ; -0.00838993 ; -0.00182205 ; 101.978;
18 ; 19 ; 5 ; 0.473683 ; 0.00758118 ; -0.00135323 ; 101.9;
19 ; 19 ; 5 ; 0.480445 ; 0.0130543 ; -0.00458328 ; 101.589;
20 ; 19 ; 5 ; 0.470403 ; 0.0305011 ; -0.022672 ; 101.321;
21 ; 19 ; 5 ; 0.485194 ; -0.0273409 ; -0.0222713 ; 101.83;
4 ; 20 ; 5 ; 0.471569 ; -0.0126488 ; 0.00890921 ; 101.705;
5 ; 20 ; 5 ; 0.470062 ; -0.000527362 ; -0.0119918 ; 100.693;
6 ; 20 ; 5 ; 0.468843 ; 0.00907805 ; -0.0127982 ; 101.485;
7 ; 20 ; 5 ; 0.466972 ; 0.0147281 ; -0.0163569 ; 101.918;
8 ; 20 ; 5 ; 0.472412 ; 0.0145335 ; -0.0202676 ; 102.206;
9 ; 20 ; 5 ; 0.493149 ; 0.000648258 ; -4.79744e-05 ; 103.068;
10 ; 20 ; 5 ; 0.482324 ; -0.00184958 ; -0.00698835 ; 102.212;
11 ; 20 ; 5 ; 0.481039 ; -0.00456948 ; -0.00893863 ; 101.903;
12 ; 20 ; 5 ; 0.489873 ; -0.00644598 ; 0.00322827 ; 101.997;
13 ; 20 ; 5 ; 0.476424 ; 0.011969 ; -0.0155678 ; 101.263;
14 ; 20 ; 5 ; 0.479818 ; -0.000800557 ; -0.0106859 ; 101.228;
15 ; 20 ; 5 ; 0.473718 ; -0.0123072 ; -0.00991064 ; 101.471;
16 ; 20 ; 5 ; 0.456463 ; -0.0118798 ; -0.0120532 ; 100.934;
17 ; 20 ; 5 ; 0.446752 ; 0.0137537 ; 0.0105015 ; 101.989;
18 ; 20 ; 5 ; 0.466104 ; 0.00803029 ; -0.00310633 ; 102.026;
19 ; 20 ; 5 ; 0.477639 ; 0.00689867 ; -0.00457771 ; 101.832;
20 ; 20 ; 5 ; 0.48398 ; 0.0192406 ; -0.0127544 ; 101.561;
21 ; 20 ; 5 ; 0.513226 ; -0.0124993 ; -0.00132423 ; 101.184;
4 ; 21 ; 5 ; 0.49588 ; -0.0112923 ; 0.0264014 ; 101.086;
5 ; 21 ; 5 ; 0.475536 ; 0.00631306 ; -0.00910683 ; 99.82;
6 ; 21 ; 5 ; 0.474524 ; 0.00694464 ; -0.0139873 ; 101.289;
7 ; 21 ; 5 ; 0.469981 ; 0.0194909 ; -0.0127579 ; 101.844;
8 ; 21 ; 5 ; 0.472822 ; 0.0189241 ; -0.00690951 ; 101.899;
9 ; 21 ; 5 ; 0.493928 ; -0.0132391 ; -0.00466027 ; 103.726;
10 ; 21 ; 5 ; 0.492167 ; 0.000150099 ; -0.00643506 ; 102.153;
11 ; 21 ; 5 ; 0.47812 ; -0.00585648 ; -0.00959838 ; 101.719;
12 ; 21 ; 5 ; 0.460398 ; -0.00446441 ; -0.00613582 ; 101.819;
13 ; 21 ; 5 ; 0.47183 ; 0.020398 ; -0.00807989 ; 101.545;
14 ; 21 ; 5 ; 0.481457 ; -0.000699601 ; -0.0193803 ; 101.168;
15 ; 21 ; 5 ; 0.481394 ; -0.015412 ; -0.0114502 ; 101.748;
16 ; 21 ; 5 ; 0.478847 ; -0.0163092 ; 0.0064531 ; 101.9;
17 ; 21 ; 5 ; 0.428518 ; 0.0306096 ; 0.021943 ; 101.943;
18 ; 21 ; 5 ; 0.462532 ; 0.00465149 ; -0.00340896 ; 102.173;
19 ; 21 ; 5 ; 0.479656 ; -0.00255902 ; -0.00162021 ; 102.12;
20 ; 21 ; 5 ; 0.485753 ; 0.00563351 ; 0.0097233 ; 101.76;
21 ; 21 ; 5 ; 0.457529 ; 0.0304261 ; -0.0110055 ; 102.366;
4 ; 4 ; 6 ; 0.355621 ; -0.000732769 ; 0.0268007 ; 101.268;
5 ; 4 ; 6 ; 0.360215 ; -0.000334243 ; -0.00100078 ; 101.306;
6 ; 4 ; 6 ; 0.362132 ; 0.00852789 ; 0.00147856 ; 101.212;
7 ; 4 ; 6 ; 0.365372 ; 0.0101933 ; 0.0156184 ; 101.28;
8 ; 4 ; 6 ; 0.349959 ; 0.0104513 ; 0.0305175 ; 100.581;
9 ; 4 ; 6 ; 0.354732 ; -0.000989492 ; -0.00496426 ; 101.542;
10 ; 4 ; 6 ; 0.34922 ; 0.00519145 ; 0.000250921 ; 101.507;
11 ; 4 ; 6 ; 0.365245 ; 0.000615834 ; 0.00163284 ; 101.29;
12 ; 4 ; 6 ; 0.389712 ; 0.0112495 ; -0.00166778 ; 101.081;
13 ; 4 ; 6 ; 0.368498 ; 0.0163821 ; 0.00681989 ; 101.151;
14 ; 4 ; 6 ; 0.369907 ; 0.0100541 ; 0.0026115 ; 101.083;
15 ; 4 ; 6 ; 0.3657 ; 0.00361578 ; 8.32109e-05 ; 101.41;
16 ; 4 ; 6 ; 0.366961 ; -0.0156335 ; -0.0093191 ; 101.336;
17 ; 4 ; 6 ; 0.356822 ; -0.000995962 ; 0.00282124 ; 101.147;
18 ; 4 ; 6 ; 0.355484 ; -0.0102111 ; -0.0015033 ; 101.084;
19 ; 4 ; 6 ; 0.37165 ; -0.00842437 ; -0.00597595 ; 101.179;
20 ; 4 ; 6 ; 0.406828 ; -0.00325981 ; -0.0193629 ; 100.792;
21 ; 4 ; 6 ; 0.383296 ; 0.0253045 ; -0.00490813 ; 101.589;
4 ; 5 ; 6 ; 0.404568 ; 0.00384079 ; -0.0190396 ; 101.297;
5 ; 5 ; 6 ; 0.355083 ; 0.0132508 ; 0.00889803 ; 101.789;
6 ; 5 ; 6 ; 0.358735 ; 0.0148076 ; 0.00315722 ; 101.304;
7 ; 5 ; 6 ; 0.359215 ; 0.0147487 ; 0.0108793 ; 101.238;
8 ; 5 ; 6 ; 0.363462 ; 0.0128901 ; 0.0166706 ; 101.166;
9 ; 5 ; 6 ; 0.361662 ; 0.0274448 ; -0.0304902 ; 101.381;
10 ; 5 ; 6 ; 0.355826 ; 0.0132684 ; -0.0107377 ; 101.417;
11 ; 5 ; 6 ; 0.365376 ; 0.00381244 ; -0.00307925 ; 101.35;
12 ; 5 ; 6 ; 0.379785 ; 0.00207685 ; 0.00202356 ; 101.178;
13 ; 5 ; 6 ; 0.338798 ; -0.00462869 ; 0.0141627 ; 101.363;
14 ; 5 ; 6 ; 0.358726 ; 0.0039977 ; 0.0028076 ; 101.286;
15 ; 5 ; 6 ; 0.359902 ; 0.0075009 ; -0.00558548 ; 101.42;
16 ; 5 ; 6 ; 0.362761 ; 0.00159579 ; -0.000808133 ; 101.519;
17 ; 5 ; 6 ; 0.337445 ; 0.00306028 ; -0.0292948 ; 101.642;
18 ; 5 ; 6 ; 0.349995 ; -0.00784125 ; -0.00616356 ; 101.254;
19 ; 5 ; 6 ; 0.364856 ; -0.0060061 ; -0.00178841 ; 101.334;
20 ; 5 ; 6 ; 0.390748 ; -0.00225393 ; -0.0143955 ; 101.097;
21 ; 5 ; 6 ; 0.369123 ; 0.0157946 ; 0.0215835 ; 101.839;
4 ; 6 ; 6 ; 0.357763 ; -0.0114406 ; 0.0646837 ; 101.123;
5 ; 6 ; 6 ; 0.362001 ; 0.0260495 ; 0.0134645 ; 102.214;
6 ; 6 ; 6 ; 0.353949 ; 0.0178657 ; 0.00560868 ; 101.421;
7 ; 6 ; 6 ; 0.356777 ; 0.0183389 ; 0.00476303 ; 101.343;
8 ; 6 ; 6 ; 0.358613 ; 0.00902281 ; 0.00610611 ; 101.993;
9 ; 6 ; 6 ; 0.372562 ; 0.0369354 ; -0.0549761 ; 101.361;
10 ; 6 ; 6 ; 0.363245 ; 0.0204939 ; -0.0168729 ; 101.328;
11 ; 6 ; 6 ; 0.366292 ; 0.00397272 ; -0.00423532 ; 101.389;
12 ; 6 ; 6 ; 0.361676 ; -0.00474598 ; 0.00301319 ; 101.718;
13 ; 6 ; 6 ; 0.321875 ; -0.0169553 ; 0.0261764 ; 101.889;
14 ; 6 ; 6 ; 0.348928 ; 0.00135846 ; 0.000446872 ; 101.305;
15 ; 6 ; 6 ; 0.353802 ; 0.017449 ; -0.00894165 ; 101.41;
16 ; 6 ; 6 ; 0.356558 ; 0.0143715 ; 0.00203679 ; 101.305;
17 ; 6 ; 6 ; 0.327255 ; 0.00280423 ; -0.0469784 ; 102.069;
18 ; 6 ; 6 ; 0.346704 ; -0.0021738 ; -0.010832 ; 101.387;
19 ; 6 ; 6 ; 0.359543 ; -0.00205917 ; 0.00110899 ; 101.468;
20 ; 6 ; 6 ; 0.367515 ; 0.00845455 ; -0.00962735 ; 101.52;
21 ; 6 ; 6 ; 0.351892 ; -0.014385 ; -0.0451392 ; 100.911;
4 ; 7 ; 6 ; 0.430712 ; 0.0142971 ; 0.00197828 ; 101.773;
5 ; 7 ; 6 ; 0.375456 ; -0.00629611 ; 0.00675022 ; 101.659;
6 ; 7 ; 6 ; 0.360008 ; -0.00963266 ; -0.00103778 ; 101.434;
7 ; 7 ; 6 ; 0.339 ; 0.00658781 ; 0.00344874 ; 101.122;
8 ; 7 ; 6 ; 0.334781 ; 0.0343173 ; -0.0122026 ; 100.733;
9 ; 7 ; 6 ; 0.358539 ; 0.0142073 ; 0.00265487 ; 101.556;
10 ; 7 ; 6 ; 0.355485 ; 0.00375493 ; 0.00722332 ; 101.502;
11 ; 7 ; 6 ; 0.356436 ; -0.00910569 ; 0.016777 ; 101.653;
12 ; 7 ; 6 ; 0.346769 ; -0.0163841 ; 0.0279114 ; 101.977;
13 ; 7 ; 6 ; 0.338244 ; -0.00179072 ; 0.0220856 ; 102.879;
14 ; 7 ; 6 ; 0.35806 ; 0.00370148 ; 0.0234458 ; 102.361;
15 ; 7 ; 6 ; 0.364266 ; 0.0111612 ; 0.0072495 ; 101.873;
16 ; 7 ; 6 ; 0.350208 ; 0.00891309 ; -0.023592 ; 101.582;
17 ; 7 ; 6 ; 0.360028 ; -0.00328021 ; -0.019588 ; 101.522;
18 ; 7 ; 6 ; 0.358314 ; 0.00181378 ; -0.0249508 ; 101.548;
19 ; 7 ; 6 ; 0.368875 ; 0.0112615 ; -0.0194888 ; 101.602;
20 ; 7 ; 6 ; 0.37436 ; 0.00994567 ; -0.00841268 ; 101.37;
21 ; 7 ; 6 ; 0.354635 ; -0.0107474 ; 0.0126845 ; 100.659;
4 ; 8 ; 6 ; 0.373741 ; -0.0505585 ; 0.0314501 ; 101.896;
5 ; 8 ; 6 ; 0.374383 ; -0.0012456 ; 0.0244354 ; 101.36;
6 ; 8 ; 6 ; 0.36214 ; -0.00766853 ; 0.00519242 ; 101.534;
7 ; 8 ; 6 ; 0.342546 ; 0.00313892 ; 0.00721279 ; 101.391;
8 ; 8 ; 6 ; 0.336226 ; 0.0221786 ; 0.00404984 ; 101.035;
9 ; 8 ; 6 ; 0.3413 ; 0.00845257 ; 0.00248362 ; 101.231;
10 ; 8 ; 6 ; 0.346983 ; 0.00674639 ; 0.00848677 ; 101.418;
11 ; 8 ; 6 ; 0.350251 ; -0.00164385 ; 0.0171256 ; 101.572;
12 ; 8 ; 6 ; 0.354199 ; -0.0133456 ; 0.0238824 ; 101.889;
13 ; 8 ; 6 ; 0.353936 ; 0.00185658 ; 0.00734837 ; 102.309;
14 ; 8 ; 6 ; 0.359952 ; 0.00181013 ; 0.0147305 ; 102.268;
15 ; 8 ; 6 ; 0.366543 ; 0.00714882 ; 0.00180558 ; 101.975;
16 ; 8 ; 6 ; 0.361138 ; 0.00996454 ; -0.00637169 ; 101.857;
17 ; 8 ; 6 ; 0.350205 ; -0.00440885 ; -0.013075 ; 101.844;
18 ; 8 ; 6 ; 0.358463 ; 0.0011949 ; -0.0173341 ; 101.609;
19 ; 8 ; 6 ; 0.372384 ; 0.0110056 ; -0.00949047 ; 101.567;
20 ; 8 ; 6 ; 0.379071 ; 0.0176897 ; -0.0157583 ; 101.575;
21 ; 8 ; 6 ; 0.363342 ; -0.0128338 ; -0.00958027 ; 102.158;
4 ; 9 ; 6 ; 0.355028 ; -0.0140366 ; -0.0184571 ; 101.368;
5 ; 9 ; 6 ; 0.343474 ; 0.00768667 ; 0.00750557 ; 101.59;
6 ; 9 ; 6 ; 0.358248 ; 0.00229961 ; 0.0129638 ; 101.666;
7 ; 9 ; 6 ; 0.350068 ; 0.0042214 ; 0.0173431 ; 101.717;
8 ; 9 ; 6 ; 0.335937 ; 0.000849568 ; 0.0125053 ; 101.819;
9 ; 9 ; 6 ; 0.332767 ; 0.00271014 ; -0.00847135 ; 101.25;
10 ; 9 ; 6 ; 0.337673 ; 0.00333356 ; 0.00490595 ; 101.341;
11 ; 9 ; 6 ; 0.340712 ; -0.000668265 ; 0.015814 ; 101.438;
12 ; 9 ; 6 ; 0.351472 ; 0.00604351 ; 0.0191662 ; 101.721;
13 ; 9 ; 6 ; 0.373124 ; -0.00234043 ; -0.00764783 ; 101.75;
14 ; 9 ; 6 ; 0.370526 ; -0.00111919 ; -0.000180834 ; 102.063;
15 ; 9 ; 6 ; 0.370335 ; -0.000582215 ; -0.00419478 ; 102.006;
16 ; 9 ; 6 ; 0.371119 ; 0.00539641 ; -0.00295089 ; 102.146;
17 ; 9 ; 6 ; 0.360765 ; -0.00370839 ; -0.00144342 ; 101.998;
18 ; 9 ; 6 ; 0.361194 ; -0.00282364 ; -0.00405719 ; 101.822;
19 ; 9 ; 6 ; 0.375487 ; 0.00721264 ; -0.00198711 ; 101.674;
20 ; 9 ; 6 ; 0.386091 ; 0.0231136 ; -0.00172618 ; 101.557;
21 ; 9 ; 6 ; 0.371548 ; 0.00374453 ; -0.0295297 ; 101.416;
4 ; 10 ; 6 ; 0.325487 ; -0.0249711 ; -0.000990843 ; 102.347;
5 ; 10 ; 6 ; 0.342608 ; -0.00222648 ; -0.00682289 ; 101.656;
6 ; 10 ; 6 ; 0.348796 ; 0.00113772 ; 0.00681569 ; 101.744;
7 ; 10 ; 6 ; 0.351236 ; -0.000169519 ; 0.0184259 ; 101.722;
8 ; 10 ; 6 ; 0.345156 ; -0.00177274 ; 0.0214416 ; 101.95;
9 ; 10 ; 6 ; 0.358064 ; -0.00516537 ; -0.00574848 ; 101.444;
10 ; 10 ; 6 ; 0.34189 ; -0.00277888 ; -0.00361676 ; 101.562;
11 ; 10 ; 6 ; 0.339776 ; -0.00562479 ; 0.00421728 ; 101.569;
12 ; 10 ; 6 ; 0.332469 ; 0.00166414 ; 0.0240936 ; 101.642;
13 ; 10 ; 6 ; 0.376249 ; -0.00753038 ; -0.00537837 ; 101.258;
14 ; 10 ; 6 ; 0.372879 ; -0.00629172 ; -0.00756029 ; 101.571;
15 ; 10 ; 6 ; 0.366984 ; -0.00606482 ; -0.00633099 ; 101.646;
16 ; 10 ; 6 ; 0.35905 ; -0.00448837 ; -0.0128423 ; 101.844;
17 ; 10 ; 6 ; 0.350055 ; -0.0112128 ; -0.00670132 ; 101.528;
18 ; 10 ; 6 ; 0.360678 ; -0.00712344 ; -0.00152264 ; 101.78;
19 ; 10 ; 6 ; 0.369358 ; -0.00189603 ; -0.0035836 ; 101.64;
20 ; 10 ; 6 ; 0.376821 ; 0.0109117 ; 0.00458103 ; 101.432;
21 ; 10 ; 6 ; 0.351577 ; 0.00100089 ; -0.0364225 ; 101.479;
4 ; 11 ; 6 ; 0.357268 ; 0.0134957 ; -0.00695675 ; 101.994;
5 ; 11 ; 6 ; 0.3293 ; -0.00418557 ; 0.00641477 ; 100.943;
6 ; 11 ; 6 ; 0.341108 ; -0.00216047 ; 0.00404006 ; 101.432;
7 ; 11 ; 6 ; 0.350048 ; -0.00393316 ; 0.0124722 ; 101.601;
8 ; 11 ; 6 ; 0.34932 ; -0.00709006 ; 0.0346381 ; 101.551;
9 ; 11 ; 6 ; 0.371988 ; 0.0160704 ; 0.00251714 ; 101.773;
10 ; 11 ; 6 ; 0.362257 ; 0.00184907 ; -0.00211511 ; 101.919;
11 ; 11 ; 6 ; 0.350044 ; -0.00358688 ; -0.00148196 ; 101.895;
12 ; 11 ; 6 ; 0.33575 ; -0.0129845 ; 0.000914585 ; 101.707;
13 ; 11 ; 6 ; 0.344733 ; -0.00364318 ; 0.00333393 ; 101.033;
14 ; 11 ; 6 ; 0.363003 ; -0.00437369 ; -0.00869789 ; 101.245;
15 ; 11 ; 6 ; 0.359824 ; -0.00476341 ; -0.00865935 ; 101.365;
16 ; 11 ; 6 ; 0.353674 ; -0.00535853 ; 0.00168239 ; 101.656;
17 ; 11 ; 6 ; 0.354052 ; -0.0237052 ; -0.0148832 ; 101.76;
18 ; 11 ; 6 ; 0.359768 ; -0.0138312 ; -0.011963 ; 101.871;
19 ; 11 ; 6 ; 0.368601 ; -0.00686949 ; -0.0167404 ; 101.915;
20 ; 11 ; 6 ; 0.36824 ; -0.00293354 ; -0.0113905 ; 101.547;
21 ; 11 ; 6 ; 0.391903 ; 0.000684022 ; -0.0016233 ; 102.907;
4 ; 12 ; 6 ; 0.386092 ; 0.00377997 ; 0.0116172 ; 102.216;
5 ; 12 ; 6 ; 0.30403 ; 0.00668037 ; 0.0178895 ; 100.407;
6 ; 12 ; 6 ; 0.340351 ; -0.00845801 ; 0.0033493 ; 101.256;
7 ; 12 ; 6 ; 0.348162 ; -0.0101669 ; 0.00580794 ; 101.596;
8 ; 12 ; 6 ; 0.345482 ; -0.00937495 ; 0.0173452 ; 101.615;
9 ; 12 ; 6 ; 0.372488 ; 0.0339279 ; 0.00100703 ; 101.887;
10 ; 12 ; 6 ; 0.371574 ; 0.0100848 ; 0.00227603 ; 102.11;
11 ; 12 ; 6 ; 0.355581 ; 0.00452633 ; -0.00344432 ; 102.104;
12 ; 12 ; 6 ; 0.334583 ; 0.00802959 ; -0.0188065 ; 101.664;
13 ; 12 ; 6 ; 0.329728 ; 0.00569479 ; 0.00895817 ; 101.204;
14 ; 12 ; 6 ; 0.351848 ; -0.00329458 ; -0.00932104 ; 101.072;
15 ; 12 ; 6 ; 0.354953 ; -0.00327693 ; -0.0124993 ; 101.267;
16 ; 12 ; 6 ; 0.3476 ; -0.00974405 ; 0.00392405 ; 101.797;
17 ; 12 ; 6 ; 0.366019 ; -0.0322661 ; -0.0117861 ; 102.237;
18 ; 12 ; 6 ; 0.358297 ; -0.016105 ; -0.0190907 ; 101.864;
19 ; 12 ; 6 ; 0.36987 ; -0.00777676 ; -0.0195652 ; 101.99;
20 ; 12 ; 6 ; 0.380531 ; 7.61132e-05 ; -0.000567116 ; 101.619;
21 ; 12 ; 6 ; 0.380679 ; 0.00790983 ; 0.011786 ; 100.708;
4 ; 13 ; 6 ; 0.348077 ; 0.0110807 ; -0.00794903 ; 101.601;
5 ; 13 ; 6 ; 0.375676 ; 0.00850399 ; -0.0123257 ; 101.523;
6 ; 13 ; 6 ; 0.373908 ; 0.00136127 ; -0.00405105 ; 101.508;
7 ; 13 ; 6 ; 0.360377 ; 0.00244433 ; 0.00271542 ; 101.518;
8 ; 13 ; 6 ; 0.351233 ; -0.000535909 ; 0.00621284 ; 101.036;
9 ; 13 ; 6 ; 0.351297 ; 0.00115344 ; 0.00338208 ; 101.996;
10 ; 13 ; 6 ; 0.356662 ; -0.0069176 ; 0.00507834 ; 102.082;
11 ; 13 ; 6 ; 0.356856 ; -0.0035219 ; 0.00391803 ; 101.714;
12 ; 13 ; 6 ; 0.339983 ; 0.019888 ; -0.0103497 ; 101.003;
13 ; 13 ; 6 ; 0.348993 ; -0.00157242 ; 0.0299382 ; 102.04;
14 ; 13 ; 6 ; 0.361715 ; 0.0096233 ; 0.019891 ; 102.086;
15 ; 13 ; 6 ; 0.365393 ; 0.0120944 ; -0.000293951 ; 101.723;
16 ; 13 ; 6 ; 0.363754 ; 0.00981682 ; -0.00457895 ; 101.418;
17 ; 13 ; 6 ; 0.369143 ; -0.00144116 ; 0.00256152 ; 101.885;
18 ; 13 ; 6 ; 0.366599 ; 0.0116952 ; 0.0107338 ; 102.257;
19 ; 13 ; 6 ; 0.37638 ; 0.00679407 ; 0.00739542 ; 102.099;
20 ; 13 ; 6 ; 0.393954 ; -0.00429393 ; -0.00173955 ; 101.698;
21 ; 13 ; 6 ; 0.372457 ; 0.0146047 ; 0.0196065 ; 101.869;
4 ; 14 ; 6 ; 0.367355 ; 0.0121933 ; 0.0146378 ; 102.272;
5 ; 14 ; 6 ; 0.380632 ; 0.00193369 ; -0.00401731 ; 101.684;
6 ; 14 ; 6 ; 0.373597 ; -0.00246809 ; -0.00246289 ; 101.564;
7 ; 14 ; 6 ; 0.362484 ; -0.000662694 ; 0.00223405 ; 101.594;
8 ; 14 ; 6 ; 0.356395 ; 0.0013532 ; 0.00731354 ; 101.398;
9 ; 14 ; 6 ; 0.330448 ; -0.0156522 ; -0.00193464 ; 101.463;
10 ; 14 ; 6 ; 0.348705 ; -0.0103314 ; 0.00360504 ; 101.871;
11 ; 14 ; 6 ; 0.353624 ; -0.00973172 ; 0.00381949 ; 101.762;
12 ; 14 ; 6 ; 0.355958 ; 0.0111271 ; 0.00117038 ; 101.315;
13 ; 14 ; 6 ; 0.351806 ; 0.00518617 ; 0.0257479 ; 102.275;
14 ; 14 ; 6 ; 0.356732 ; 0.00747419 ; 0.0175183 ; 102.011;
15 ; 14 ; 6 ; 0.35682 ; 0.00809787 ; -0.00271523 ; 101.652;
16 ; 14 ; 6 ; 0.364267 ; 0.00823775 ; -0.0090651 ; 101.545;
17 ; 14 ; 6 ; 0.353981 ; 0.00721107 ; -0.00682659 ; 101.655;
18 ; 14 ; 6 ; 0.364298 ; 0.00858019 ; 0.0063677 ; 102.029;
19 ; 14 ; 6 ; 0.37593 ; 0.0032378 ; 0.00480266 ; 101.905;
20 ; 14 ; 6 ; 0.388776 ; -0.00362912 ; 0.0016518 ; 101.834;
21 ; 14 ; 6 ; 0.374151 ; 0.00125974 ; -0.00455737 ; 100.422;
4 ; 15 ; 6 ; 0.372503 ; -0.0149957 ; 0.0224159 ; 102.941;
5 ; 15 ; 6 ; 0.364359 ; -0.0102828 ; 0.0101647 ; 101.827;
6 ; 15 ; 6 ; 0.367463 ; -0.00936653 ; 0.00379086 ; 101.673;
7 ; 15 ; 6 ; 0.361488 ; -0.00717327 ; 0.00736632 ; 101.652;
8 ; 15 ; 6 ; 0.365875 ; -0.00507809 ; 0.00426201 ; 101.77;
9 ; 15 ; 6 ; 0.347684 ; -0.0127131 ; -0.000879046 ; 100.945;
10 ; 15 ; 6 ; 0.342399 ; -0.0149549 ; 0.00295482 ; 101.532;
11 ; 15 ; 6 ; 0.349315 ; -0.0156256 ; 0.00639699 ; 101.639;
12 ; 15 ; 6 ; 0.360724 ; -0.00762931 ; 0.00611167 ; 101.923;
13 ; 15 ; 6 ; 0.349754 ; 0.0227816 ; 0.0102762 ; 102.391;
14 ; 15 ; 6 ; 0.349952 ; 0.00758017 ; 0.0102682 ; 101.995;
15 ; 15 ; 6 ; 0.344457 ; 0.00306361 ; -0.0073012 ; 101.643;
16 ; 15 ; 6 ; 0.352049 ; 0.00146526 ; -0.0148443 ; 101.42;
17 ; 15 ; 6 ; 0.345905 ; 0.00608694 ; 0.00674437 ; 101.595;
18 ; 15 ; 6 ; 0.360007 ; 0.00482664 ; 0.0025014 ; 101.71;
19 ; 15 ; 6 ; 0.37117 ; 0.00136909 ; 0.00372032 ; 101.784;
20 ; 15 ; 6 ; 0.380931 ; -0.00469089 ; -0.00013701 ; 101.789;
21 ; 15 ; 6 ; 0.395202 ; -0.0184692 ; -0.0103777 ; 101.629;
4 ; 16 ; 6 ; 0.360161 ; -0.00625417 ; 0.0456848 ; 101.474;
5 ; 16 ; 6 ; 0.356796 ; -0.0102539 ; -0.00929108 ; 101.728;
6 ; 16 ; 6 ; 0.361192 ; -0.0127261 ; 0.0011138 ; 101.607;
7 ; 16 ; 6 ; 0.361665 ; -0.0109135 ; 0.00567227 ; 101.561;
8 ; 16 ; 6 ; 0.360749 ; -0.0161166 ; 0.00896999 ; 101.447;
9 ; 16 ; 6 ; 0.35403 ; 0.0023322 ; 0.00938249 ; 101.698;
10 ; 16 ; 6 ; 0.345146 ; -0.00653028 ; 0.0066189 ; 101.438;
11 ; 16 ; 6 ; 0.341923 ; -0.00944893 ; 0.00999954 ; 101.404;
12 ; 16 ; 6 ; 0.343247 ; -0.00997718 ; 0.00442675 ; 101.643;
13 ; 16 ; 6 ; 0.364586 ; 0.023721 ; 0.00567062 ; 101.981;
14 ; 16 ; 6 ; 0.352753 ; 0.00921176 ; 0.00721009 ; 101.883;
15 ; 16 ; 6 ; 0.346106 ; 0.000130111 ; -0.00478269 ; 101.628;
16 ; 16 ; 6 ; 0.334694 ; -0.00487033 ; -0.0194626 ; 101.256;
17 ; 16 ; 6 ; 0.347907 ; 0.0100684 ; -0.0110143 ; 101.611;
18 ; 16 ; 6 ; 0.355542 ; 0.00508484 ; -0.00440809 ; 101.758;
19 ; 16 ; 6 ; 0.365263 ; 0.008911 ; -0.00301272 ; 101.916;
20 ; 16 ; 6 ; 0.370041 ; 0.000497014 ; -0.00206366 ; 101.792;
21 ; 16 ; 6 ; 0.345677 ; 0.0293911 ; 0.0106769 ; 101.852;
4 ; 17 ; 6 ; 0.347328 ; 0.00939842 ; -0.0242519 ; 102.377;
5 ; 17 ; 6 ; 0.360852 ; -0.0203866 ; -0.0167661 ; 102.198;
6 ; 17 ; 6 ; 0.360046 ; -0.0124794 ; -0.0117695 ; 101.842;
7 ; 17 ; 6 ; 0.36289 ; -0.00828441 ; -0.00905847 ; 101.733;
8 ; 17 ; 6 ; 0.358179 ; -0.00946689 ; 0.00220117 ; 101.412;
9 ; 17 ; 6 ; 0.350503 ; 0.0313932 ; 0.0232622 ; 102.379;
10 ; 17 ; 6 ; 0.344222 ; 0.0120394 ; 0.0160596 ; 101.934;
11 ; 17 ; 6 ; 0.337172 ; -0.00127884 ; 0.0124226 ; 101.672;
12 ; 17 ; 6 ; 0.340079 ; -0.000194631 ; 0.015579 ; 101.021;
13 ; 17 ; 6 ; 0.376712 ; -0.000260348 ; 0.00901605 ; 101.065;
14 ; 17 ; 6 ; 0.362245 ; 0.0102479 ; 0.00673125 ; 101.561;
15 ; 17 ; 6 ; 0.35067 ; 0.00463476 ; -0.00188469 ; 101.688;
16 ; 17 ; 6 ; 0.34926 ; -0.00710202 ; -0.0151013 ; 101.574;
17 ; 17 ; 6 ; 0.357248 ; 0.0189029 ; -0.0197468 ; 101.887;
18 ; 17 ; 6 ; 0.360037 ; 0.0124344 ; -0.0148309 ; 101.886;
19 ; 17 ; 6 ; 0.366694 ; 0.015962 ; -0.0161671 ; 102.171;
20 ; 17 ; 6 ; 0.365966 ; 0.0171687 ; -0.00683189 ; 102.01;
21 ; 17 ; 6 ; 0.371353 ; 0.00139741 ; -0.0272532 ; 101.002;
4 ; 18 ; 6 ; 0.380923 ; 0.00551411 ; -0.0134069 ; 100.235;
5 ; 18 ; 6 ; 0.362233 ; -0.0291929 ; -0.00686353 ; 102.831;
6 ; 18 ; 6 ; 0.36258 ; -0.0124526 ; -0.0214674 ; 101.974;
7 ; 18 ; 6 ; 0.366001 ; -0.00617436 ; -0.0213993 ; 101.874;
8 ; 18 ; 6 ; 0.365568 ; 0.00338992 ; -0.0135343 ; 101.861;
9 ; 18 ; 6 ; 0.353352 ; 0.0446793 ; 0.0306043 ; 102.574;
10 ; 18 ; 6 ; 0.339765 ; 0.0230536 ; 0.020761 ; 102.228;
11 ; 18 ; 6 ; 0.333432 ; 0.0011916 ; 0.0119423 ; 101.959;
12 ; 18 ; 6 ; 0.343164 ; -0.00422747 ; 0.0089055 ; 101.352;
13 ; 18 ; 6 ; 0.379507 ; -0.0140705 ; 0.0085682 ; 100.643;
14 ; 18 ; 6 ; 0.367047 ; 0.00875101 ; 0.00861419 ; 101.283;
15 ; 18 ; 6 ; 0.352041 ; 0.00663631 ; 0.000364823 ; 101.649;
16 ; 18 ; 6 ; 0.351671 ; -0.00609937 ; -0.00156634 ; 101.861;
17 ; 18 ; 6 ; 0.365528 ; 0.0257272 ; -0.0103795 ; 102.059;
18 ; 18 ; 6 ; 0.363066 ; 0.0160183 ; -0.022653 ; 101.941;
19 ; 18 ; 6 ; 0.369883 ; 0.0176424 ; -0.0261188 ; 102.211;
20 ; 18 ; 6 ; 0.370089 ; 0.0218168 ; -0.0285878 ; 102.395;
21 ; 18 ; 6 ; 0.382119 ; 0.00610132 ; -0.0136732 ; 101.793;
4 ; 19 ; 6 ; 0.350462 ; -0.0252821 ; 0.0333427 ; 102.425;
5 ; 19 ; 6 ; 0.360614 ; -0.0134692 ; -0.025067 ; 101.716;
6 ; 19 ; 6 ; 0.362905 ; -0.00611123 ; -0.0244749 ; 101.508;
7 ; 19 ; 6 ; 0.361029 ; 0.00613895 ; -0.0191512 ; 101.288;
8 ; 19 ; 6 ; 0.350271 ; 0.0304682 ; -0.0150982 ; 101.081;
9 ; 19 ; 6 ; 0.361146 ; -0.00685366 ; 0.0175926 ; 101.358;
10 ; 19 ; 6 ; 0.358666 ; -0.00518092 ; 0.0123504 ; 101.613;
11 ; 19 ; 6 ; 0.364502 ; -0.00337464 ; -0.00124405 ; 102.024;
12 ; 19 ; 6 ; 0.362413 ; -0.00741562 ; -0.0209602 ; 102.769;
13 ; 19 ; 6 ; 0.352703 ; 0.0110107 ; 0.00253438 ; 102.178;
14 ; 19 ; 6 ; 0.347396 ; 0.010231 ; 0.00209812 ; 102.406;
15 ; 19 ; 6 ; 0.357596 ; 0.00637666 ; -0.0049314 ; 102.357;
16 ; 19 ; 6 ; 0.379818 ; -0.00202659 ; -0.00490947 ; 101.456;
17 ; 19 ; 6 ; 0.3695 ; 0.0224097 ; -0.00438594 ; 101.81;
18 ; 19 ; 6 ; 0.355193 ; 0.0153985 ; -0.00128808 ; 101.616;
19 ; 19 ; 6 ; 0.346598 ; 0.00614521 ; 0.00864071 ; 101.485;
20 ; 19 ; 6 ; 0.359799 ; 0.0193376 ; 0.0125268 ; 101.487;
21 ; 19 ; 6 ; 0.38683 ; 0.0192551 ; -0.00474738 ; 101.185;
4 ; 20 ; 6 ; 0.333479 ; -0.00966281 ; 0.00651536 ; 101.508;
5 ; 20 ; 6 ; 0.367771 ; -0.0168262 ; -0.0239865 ; 101.58;
6 ; 20 ; 6 ; 0.362458 ; -0.00699048 ; -0.0233298 ; 101.473;
7 ; 20 ; 6 ; 0.356216 ; 0.00701287 ; -0.02071 ; 101.461;
8 ; 20 ; 6 ; 0.357411 ; 0.019351 ; -0.0134953 ; 101.139;
9 ; 20 ; 6 ; 0.343764 ; 0.00196756 ; 0.000807369 ; 100.825;
10 ; 20 ; 6 ; 0.352696 ; -0.0044424 ; 0.00785803 ; 101.46;
11 ; 20 ; 6 ; 0.361433 ; 3.41841e-05 ; 0.00220781 ; 101.949;
12 ; 20 ; 6 ; 0.366631 ; 0.00251895 ; -0.00595758 ; 102.437;
13 ; 20 ; 6 ; 0.356884 ; -0.0182272 ; -0.00827889 ; 102.567;
14 ; 20 ; 6 ; 0.354252 ; 0.003179 ; -0.000947498 ; 102.425;
15 ; 20 ; 6 ; 0.359125 ; 0.0037957 ; -0.0032781 ; 102.292;
16 ; 20 ; 6 ; 0.36947 ; 0.00328337 ; -0.0085003 ; 102.057;
17 ; 20 ; 6 ; 0.346776 ; -0.00121526 ; -0.0279361 ; 101.359;
18 ; 20 ; 6 ; 0.354927 ; 0.0121599 ; -0.00626809 ; 101.668;
19 ; 20 ; 6 ; 0.358402 ; 0.00651699 ; 0.00776086 ; 101.655;
20 ; 20 ; 6 ; 0.349984 ; 0.00992745 ; 0.0166412 ; 101.498;
21 ; 20 ; 6 ; 0.368697 ; -0.0113498 ; -0.0116949 ; 101.275;
4 ; 21 ; 6 ; 0.381925 ; 0.0163669 ; 0.0147199 ; 102.511;
5 ; 21 ; 6 ; 0.377312 ; -0.0124397 ; -0.0266141 ; 101.547;
6 ; 21 ; 6 ; 0.361816 ; -0.00917272 ; -0.0215738 ; 101.464;
7 ; 21 ; 6 ; 0.355559 ; 0.00587196 ; -0.021723 ; 101.623;
8 ; 21 ; 6 ; 0.354983 ; 0.0111443 ; -0.0174625 ; 101.827;
9 ; 21 ; 6 ; 0.330592 ; 0.0086181 ; -0.0139898 ; 100.609;
10 ; 21 ; 6 ; 0.35064 ; -0.0013645 ; 0.00589326 ; 101.312;
11 ; 21 ; 6 ; 0.360449 ; 0.00620721 ; 0.0079617 ; 101.834;
12 ; 21 ; 6 ; 0.365054 ; 0.0216546 ; 0.0131418 ; 102.056;
13 ; 21 ; 6 ; 0.360839 ; -0.0313685 ; -0.017941 ; 102.662;
14 ; 21 ; 6 ; 0.361106 ; -0.0044809 ; -0.00409198 ; 102.491;
15 ; 21 ; 6 ; 0.359853 ; 0.00262083 ; -0.00370063 ; 102.415;
16 ; 21 ; 6 ; 0.351404 ; -0.00107648 ; -0.00571965 ; 102.243;
17 ; 21 ; 6 ; 0.336822 ; -0.0213469 ; -0.0332816 ; 101.296;
18 ; 21 ; 6 ; 0.3532 ; 0.0088936 ; -0.0101226 ; 101.689;
19 ; 21 ; 6 ; 0.363701 ; 0.0044557 ; 0.00919517 ; 101.788;
20 ; 21 ; 6 ; 0.358644 ; -8.68656e-05 ; 0.0116082 ; 101.787;
21 ; 21 ; 6 ; 0.366817 ; 0.0123156 ; -0.00235042 ; 101.279;
4 ; 4 ; 7 ; 0.273657 ; -0.0052315 ; -0.0238844 ; 101.468;
5 ; 4 ; 7 ; 0.231507 ; -0.0166709 ; -0.00562021 ; 102.033;
6 ; 4 ; 7 ; 0.242568 ; -0.0104495 ; 0.00029054 ; 102.067;
7 ; 4 ; 7 ; 0.267306 ; -0.00492992 ; 0.000353092 ; 101.744;
8 ; 4 ; 7 ; 0.284796 ; -0.0292447 ; 0.00456915 ; 101.351;
9 ; 4 ; 7 ; 0.266519 ; 0.00507065 ; 0.00811938 ; 101.912;
10 ; 4 ; 7 ; 0.254088 ; 0.00688084 ; 0.00645619 ; 102.119;
11 ; 4 ; 7 ; 0.238557 ; 0.0116085 ; -0.00618844 ; 102.158;
12 ; 4 ; 7 ; 0.241632 ; 0.0158103 ; -0.0184662 ; 101.246;
13 ; 4 ; 7 ; 0.259784 ; 0.0283335 ; 0.0146706 ; 101.957;
14 ; 4 ; 7 ; 0.26323 ; 0.0202366 ; 0.00742689 ; 101.724;
15 ; 4 ; 7 ; 0.264057 ; -0.00549623 ; -0.00299961 ; 101.665;
16 ; 4 ; 7 ; 0.260113 ; -0.0257851 ; 0.0157586 ; 101.554;
17 ; 4 ; 7 ; 0.262534 ; 0.0246129 ; 0.0124503 ; 102.63;
18 ; 4 ; 7 ; 0.26874 ; 0.0158556 ; 0.00414828 ; 102.258;
19 ; 4 ; 7 ; 0.261379 ; 0.0112002 ; -0.00547972 ; 102.045;
20 ; 4 ; 7 ; 0.259506 ; -0.000975852 ; -0.00956548 ; 101.642;
21 ; 4 ; 7 ; 0.232008 ; 0.0169877 ; -0.0243152 ; 102.084;
4 ; 5 ; 7 ; 0.259828 ; -0.0301923 ; -0.0216144 ; 99.7369;
5 ; 5 ; 7 ; 0.255079 ; -0.000873035 ; 0.0334724 ; 101.665;
6 ; 5 ; 7 ; 0.246517 ; -0.00241985 ; 0.00897429 ; 101.826;
7 ; 5 ; 7 ; 0.260374 ; 0.00252449 ; 0.00335145 ; 101.602;
8 ; 5 ; 7 ; 0.2821 ; -0.00823894 ; -0.00154986 ; 101.556;
9 ; 5 ; 7 ; 0.255869 ; 0.00929806 ; 0.00635435 ; 101.805;
10 ; 5 ; 7 ; 0.248019 ; 0.00429673 ; 0.0067383 ; 101.947;
11 ; 5 ; 7 ; 0.240256 ; 0.00776098 ; -0.00427138 ; 101.891;
12 ; 5 ; 7 ; 0.240184 ; 0.0149149 ; -0.0160528 ; 101.7;
13 ; 5 ; 7 ; 0.26873 ; -0.00432335 ; 0.0107167 ; 102.141;
14 ; 5 ; 7 ; 0.264483 ; 0.00902451 ; 0.0045105 ; 101.731;
15 ; 5 ; 7 ; 0.261617 ; -0.00354772 ; -0.00213875 ; 101.659;
16 ; 5 ; 7 ; 0.258188 ; -0.0153762 ; 0.0059857 ; 101.586;
17 ; 5 ; 7 ; 0.255099 ; 0.00663188 ; -0.00297833 ; 101.915;
18 ; 5 ; 7 ; 0.261516 ; 0.00953868 ; 0.00124114 ; 101.995;
19 ; 5 ; 7 ; 0.261838 ; 0.0122181 ; -0.00936193 ; 101.853;
20 ; 5 ; 7 ; 0.257721 ; 0.00456997 ; -0.00901996 ; 101.959;
21 ; 5 ; 7 ; 0.24205 ; 0.027114 ; -0.0117713 ; 101.32;
4 ; 6 ; 7 ; 0.251562 ; 0.0228869 ; 0.0389088 ; 101.429;
5 ; 6 ; 7 ; 0.281581 ; 0.0189684 ; 0.0518066 ; 101.348;
6 ; 6 ; 7 ; 0.246 ; 0.00153701 ; 0.0189291 ; 101.647;
7 ; 6 ; 7 ; 0.253849 ; 0.0106736 ; 0.00485444 ; 101.562;
8 ; 6 ; 7 ; 0.268137 ; 0.0171848 ; 0.00810423 ; 101.473;
9 ; 6 ; 7 ; 0.249594 ; 0.0157535 ; 0.0109223 ; 101.704;
10 ; 6 ; 7 ; 0.241162 ; 0.00246696 ; 0.0035854 ; 101.846;
11 ; 6 ; 7 ; 0.239093 ; 0.00626748 ; -0.00397109 ; 101.823;
12 ; 6 ; 7 ; 0.260311 ; 0.0170182 ; -0.0170181 ; 101.482;
13 ; 6 ; 7 ; 0.267143 ; -0.0329493 ; 0.0126807 ; 102.218;
14 ; 6 ; 7 ; 0.268038 ; 0.00523664 ; 0.000238977 ; 101.766;
15 ; 6 ; 7 ; 0.259731 ; 0.00369531 ; -0.00386356 ; 101.702;
16 ; 6 ; 7 ; 0.26039 ; -0.00188146 ; -0.0075312 ; 101.741;
17 ; 6 ; 7 ; 0.250737 ; -0.014223 ; -0.0152343 ; 101.257;
18 ; 6 ; 7 ; 0.254288 ; 0.00922118 ; -0.000843656 ; 101.964;
19 ; 6 ; 7 ; 0.261215 ; 0.0158001 ; -0.0116349 ; 101.905;
20 ; 6 ; 7 ; 0.273952 ; 0.0127129 ; -0.022091 ; 101.917;
21 ; 6 ; 7 ; 0.269973 ; -0.000815102 ; -0.0283199 ; 101.246;
4 ; 7 ; 7 ; 0.29914 ; -0.00906506 ; 0.0177632 ; 101.888;
5 ; 7 ; 7 ; 0.259133 ; 0.00805993 ; 0.0220437 ; 101.684;
6 ; 7 ; 7 ; 0.261641 ; 0.00819802 ; 0.0152095 ; 101.172;
7 ; 7 ; 7 ; 0.271269 ; 0.0142477 ; 0.0203524 ; 101.396;
8 ; 7 ; 7 ; 0.255559 ; 0.0290332 ; 0.029929 ; 101.637;
9 ; 7 ; 7 ; 0.251806 ; 0.00445512 ; 0.00272036 ; 101.901;
10 ; 7 ; 7 ; 0.254714 ; 0.00972806 ; -0.00146251 ; 102.168;
11 ; 7 ; 7 ; 0.266948 ; 0.00339068 ; 0.00202765 ; 102.402;
12 ; 7 ; 7 ; 0.289518 ; 0.000511273 ; 0.010321 ; 102.539;
13 ; 7 ; 7 ; 0.274587 ; -0.0332595 ; 0.0163233 ; 101.473;
14 ; 7 ; 7 ; 0.268949 ; -0.0097115 ; 0.00403795 ; 101.815;
15 ; 7 ; 7 ; 0.265232 ; -0.0102989 ; -0.0137589 ; 101.823;
16 ; 7 ; 7 ; 0.269079 ; -0.0349581 ; -0.0217548 ; 102.348;
17 ; 7 ; 7 ; 0.244022 ; 0.00767122 ; -0.0147591 ; 101.504;
18 ; 7 ; 7 ; 0.244775 ; 0.00515173 ; -0.00730876 ; 101.33;
19 ; 7 ; 7 ; 0.265764 ; -0.00401542 ; 0.00465589 ; 101.425;
20 ; 7 ; 7 ; 0.293151 ; -0.015274 ; 0.0250164 ; 100.895;
21 ; 7 ; 7 ; 0.282745 ; -0.00786104 ; 0.00387283 ; 102.381;
4 ; 8 ; 7 ; 0.277461 ; 0.00987608 ; -0.0192138 ; 101.143;
5 ; 8 ; 7 ; 0.260402 ; 0.0145334 ; 0.017133 ; 101.264;
6 ; 8 ; 7 ; 0.261238 ; 0.00897355 ; 0.0140497 ; 101.262;
7 ; 8 ; 7 ; 0.265771 ; 0.0110616 ; 0.0172456 ; 101.493;
8 ; 8 ; 7 ; 0.27208 ; 0.0209986 ; 0.0273215 ; 101.952;
9 ; 8 ; 7 ; 0.259382 ; -0.00340802 ; 0.00215461 ; 101.843;
10 ; 8 ; 7 ; 0.258828 ; 0.0023441 ; 0.00294995 ; 102.109;
11 ; 8 ; 7 ; 0.267709 ; -0.000456485 ; 0.00446307 ; 102.339;
12 ; 8 ; 7 ; 0.27238 ; -0.00648256 ; 0.013624 ; 102.511;
13 ; 8 ; 7 ; 0.278488 ; -0.0135896 ; 0.0208269 ; 102.142;
14 ; 8 ; 7 ; 0.268718 ; -0.00692097 ; 0.00781628 ; 101.87;
15 ; 8 ; 7 ; 0.26147 ; -0.00816067 ; -0.00951415 ; 101.73;
16 ; 8 ; 7 ; 0.262751 ; -0.0199728 ; -0.0162977 ; 102.063;
17 ; 8 ; 7 ; 0.257887 ; 0.0272742 ; -0.0144747 ; 101.408;
18 ; 8 ; 7 ; 0.25006 ; 0.0107861 ; -0.00756717 ; 101.324;
19 ; 8 ; 7 ; 0.261358 ; -0.00145687 ; -0.000765849 ; 101.547;
20 ; 8 ; 7 ; 0.27899 ; -0.00803475 ; 0.0115975 ; 101.307;
21 ; 8 ; 7 ; 0.275245 ; 0.00474315 ; 0.0119378 ; 101.896;
4 ; 9 ; 7 ; 0.284984 ; 0.0433164 ; 0.000432457 ; 102.395;
5 ; 9 ; 7 ; 0.258997 ; 0.00303158 ; 0.0178716 ; 101.642;
6 ; 9 ; 7 ; 0.258207 ; 0.00828584 ; 0.0142604 ; 101.574;
7 ; 9 ; 7 ; 0.257739 ; 0.00517848 ; 0.0140509 ; 101.793;
8 ; 9 ; 7 ; 0.26828 ; 0.00856777 ; 0.0181756 ; 101.928;
9 ; 9 ; 7 ; 0.238181 ; -0.00926823 ; -0.000392991 ; 101.553;
10 ; 9 ; 7 ; 0.255123 ; -0.00562078 ; 0.00330052 ; 101.971;
11 ; 9 ; 7 ; 0.26006 ; -0.0024854 ; 0.00426394 ; 102.22;
12 ; 9 ; 7 ; 0.262545 ; -0.00855244 ; 0.0101116 ; 102.234;
13 ; 9 ; 7 ; 0.264604 ; 0.00431294 ; 0.000975593 ; 102.122;
14 ; 9 ; 7 ; 0.265192 ; -0.00194798 ; 0.00304594 ; 101.908;
15 ; 9 ; 7 ; 0.256808 ; -0.00259557 ; -0.00626921 ; 101.697;
16 ; 9 ; 7 ; 0.24601 ; -0.0044068 ; -0.00422689 ; 101.53;
17 ; 9 ; 7 ; 0.265138 ; 0.0218566 ; -0.011262 ; 101.822;
18 ; 9 ; 7 ; 0.260285 ; 0.0158415 ; -0.00735353 ; 101.574;
19 ; 9 ; 7 ; 0.261416 ; 0.000358553 ; -0.00585649 ; 101.767;
20 ; 9 ; 7 ; 0.25498 ; -0.00221215 ; -0.00484407 ; 101.902;
21 ; 9 ; 7 ; 0.296308 ; -0.0334589 ; -0.0277026 ; 102.862;
4 ; 10 ; 7 ; 0.261478 ; 0.0356777 ; 0.0373695 ; 101.963;
5 ; 10 ; 7 ; 0.257882 ; 0.015836 ; -0.00497396 ; 102.216;
6 ; 10 ; 7 ; 0.254592 ; 0.00761267 ; 0.000245727 ; 101.751;
7 ; 10 ; 7 ; 0.251819 ; -2.52019e-05 ; 0.00257926 ; 101.765;
8 ; 10 ; 7 ; 0.243171 ; 0.00356283 ; 0.0142016 ; 101.719;
9 ; 10 ; 7 ; 0.2526 ; 0.0124946 ; 0.00320736 ; 101.715;
10 ; 10 ; 7 ; 0.252258 ; 0.00042968 ; -0.00200239 ; 101.803;
11 ; 10 ; 7 ; 0.258415 ; 0.00295593 ; -0.00254915 ; 101.945;
12 ; 10 ; 7 ; 0.262992 ; 0.00706324 ; -0.000806376 ; 102.204;
13 ; 10 ; 7 ; 0.269162 ; 0.0166922 ; -0.00581319 ; 101.789;
14 ; 10 ; 7 ; 0.259865 ; 0.0122156 ; -0.00330796 ; 101.874;
15 ; 10 ; 7 ; 0.255404 ; 0.00725471 ; -0.00252308 ; 101.848;
16 ; 10 ; 7 ; 0.245821 ; -0.00381162 ; -0.00363473 ; 101.607;
17 ; 10 ; 7 ; 0.270423 ; -0.00577496 ; 0.00261507 ; 102.023;
18 ; 10 ; 7 ; 0.271504 ; 0.00999716 ; -0.000601681 ; 101.871;
19 ; 10 ; 7 ; 0.274854 ; -0.002858 ; -0.000327596 ; 101.874;
20 ; 10 ; 7 ; 0.263318 ; -0.00730339 ; 0.000357193 ; 101.988;
21 ; 10 ; 7 ; 0.26068 ; -0.058607 ; -0.0254926 ; 101.463;
4 ; 11 ; 7 ; 0.272349 ; 0.0137725 ; 0.0159553 ; 101.748;
5 ; 11 ; 7 ; 0.284048 ; 0.0134197 ; -0.0142613 ; 101.839;
6 ; 11 ; 7 ; 0.265038 ; 0.00814039 ; -0.0096973 ; 101.781;
7 ; 11 ; 7 ; 0.256273 ; -0.00533705 ; -0.00156839 ; 101.808;
8 ; 11 ; 7 ; 0.24937 ; -0.00181053 ; 0.00189225 ; 101.754;
9 ; 11 ; 7 ; 0.269049 ; 0.0204966 ; 0.00672486 ; 101.863;
10 ; 11 ; 7 ; 0.263654 ; 0.00644047 ; -0.000333887 ; 101.716;
11 ; 11 ; 7 ; 0.265905 ; -0.00432651 ; 0.00096012 ; 101.666;
12 ; 11 ; 7 ; 0.258679 ; 0.00828276 ; -0.00596993 ; 101.979;
13 ; 11 ; 7 ; 0.269203 ; 0.0198297 ; -0.00624426 ; 101.779;
14 ; 11 ; 7 ; 0.261623 ; 0.0186961 ; -0.00731566 ; 101.857;
15 ; 11 ; 7 ; 0.255722 ; 0.0111132 ; 0.00626788 ; 102.047;
16 ; 11 ; 7 ; 0.258219 ; 0.00653813 ; 0.0020246 ; 102;
17 ; 11 ; 7 ; 0.26934 ; 0.00816008 ; 0.00207469 ; 101.466;
18 ; 11 ; 7 ; 0.268327 ; 0.0112414 ; -0.00174164 ; 101.936;
19 ; 11 ; 7 ; 0.270868 ; 0.00511875 ; -0.00145591 ; 101.966;
20 ; 11 ; 7 ; 0.287264 ; -0.00800698 ; 0.000974887 ; 102.029;
21 ; 11 ; 7 ; 0.270584 ; -0.0190276 ; -0.0271657 ; 101.198;
4 ; 12 ; 7 ; 0.288699 ; -0.00909787 ; -0.00796472 ; 101.995;
5 ; 12 ; 7 ; 0.303896 ; -0.0012177 ; -0.00280125 ; 101.42;
6 ; 12 ; 7 ; 0.273029 ; 0.00888881 ; -0.016886 ; 101.692;
7 ; 12 ; 7 ; 0.25807 ; -0.00849157 ; -0.00489575 ; 101.747;
8 ; 12 ; 7 ; 0.257496 ; -0.00408536 ; -0.00388791 ; 101.584;
9 ; 12 ; 7 ; 0.263379 ; 0.0148482 ; 0.00232797 ; 101.817;
10 ; 12 ; 7 ; 0.276371 ; 0.00752075 ; 0.00488296 ; 101.686;
11 ; 12 ; 7 ; 0.275869 ; -0.0115407 ; 0.00585392 ; 101.502;
12 ; 12 ; 7 ; 0.2702 ; -0.0170507 ; 0.00584845 ; 101.239;
13 ; 12 ; 7 ; 0.264239 ; 0.0124834 ; -0.0159892 ; 101.769;
14 ; 12 ; 7 ; 0.264123 ; 0.0226955 ; -0.0030066 ; 101.876;
15 ; 12 ; 7 ; 0.254781 ; 0.0119541 ; 0.0140962 ; 102.103;
16 ; 12 ; 7 ; 0.247333 ; -0.00128844 ; 0.0243655 ; 102.062;
17 ; 12 ; 7 ; 0.259369 ; 0.0293201 ; -0.00660349 ; 101.261;
18 ; 12 ; 7 ; 0.265029 ; 0.0149036 ; -0.00288927 ; 101.81;
19 ; 12 ; 7 ; 0.263578 ; 0.0117689 ; -0.00413365 ; 102.003;
20 ; 12 ; 7 ; 0.271367 ; 0.00338471 ; -0.00112143 ; 101.755;
21 ; 12 ; 7 ; 0.267968 ; 0.0112855 ; -0.00793442 ; 102.223;
4 ; 13 ; 7 ; 0.279763 ; 0.000445195 ; -0.00523334 ; 100.904;
5 ; 13 ; 7 ; 0.246314 ; -0.01304 ; -0.00748098 ; 101.556;
6 ; 13 ; 7 ; 0.25621 ; -0.0197855 ; 0.00903981 ; 101.863;
7 ; 13 ; 7 ; 0.262333 ; -0.00400256 ; 0.0163943 ; 101.688;
8 ; 13 ; 7 ; 0.261869 ; 0.0145052 ; 0.027269 ; 100.996;
9 ; 13 ; 7 ; 0.237823 ; 0.0109075 ; 0.00367063 ; 101.487;
10 ; 13 ; 7 ; 0.238045 ; 0.0038491 ; -0.00511516 ; 101.648;
11 ; 13 ; 7 ; 0.244658 ; 0.00715695 ; -0.00682105 ; 102.068;
12 ; 13 ; 7 ; 0.240648 ; 0.0255595 ; -0.00980907 ; 102.223;
13 ; 13 ; 7 ; 0.256641 ; 0.00346277 ; 0.00386984 ; 101.385;
14 ; 13 ; 7 ; 0.256783 ; -0.00418908 ; -0.00412491 ; 101.711;
15 ; 13 ; 7 ; 0.265595 ; -0.00669544 ; -0.00429232 ; 101.977;
16 ; 13 ; 7 ; 0.287898 ; -0.00991645 ; 0.00486817 ; 102.424;
17 ; 13 ; 7 ; 0.277192 ; -0.00536156 ; 0.00650866 ; 101.724;
18 ; 13 ; 7 ; 0.269692 ; -0.0120897 ; 0.0156816 ; 101.892;
19 ; 13 ; 7 ; 0.268174 ; -0.0119273 ; 0.00126096 ; 101.828;
20 ; 13 ; 7 ; 0.258167 ; 0.0120795 ; -0.0279373 ; 102.128;
21 ; 13 ; 7 ; 0.282266 ; -0.036683 ; -0.0179473 ; 101.629;
4 ; 14 ; 7 ; 0.273116 ; -0.00752571 ; 0.0210735 ; 102.206;
5 ; 14 ; 7 ; 0.254196 ; -0.009031 ; -0.0115784 ; 101.84;
6 ; 14 ; 7 ; 0.255487 ; -0.0146761 ; 0.000529813 ; 101.798;
7 ; 14 ; 7 ; 0.259067 ; -0.00323566 ; 0.0102153 ; 101.58;
8 ; 14 ; 7 ; 0.261133 ; 0.0093586 ; 0.0187745 ; 101.423;
9 ; 14 ; 7 ; 0.227582 ; 0.0120887 ; -0.0178561 ; 101.33;
10 ; 14 ; 7 ; 0.236569 ; 0.00543113 ; -0.00753129 ; 101.622;
11 ; 14 ; 7 ; 0.243881 ; 0.00803087 ; -0.00365975 ; 102.05;
12 ; 14 ; 7 ; 0.247423 ; 0.0166581 ; -0.00322512 ; 102.041;
13 ; 14 ; 7 ; 0.257587 ; -0.00674859 ; 0.000337535 ; 101.552;
14 ; 14 ; 7 ; 0.254302 ; -0.00312997 ; -0.004382 ; 101.779;
15 ; 14 ; 7 ; 0.254513 ; -0.00202747 ; -0.00458959 ; 101.992;
16 ; 14 ; 7 ; 0.269367 ; -0.0070371 ; -0.0010347 ; 102.097;
17 ; 14 ; 7 ; 0.284499 ; -0.00773904 ; 0.00370468 ; 101.752;
18 ; 14 ; 7 ; 0.272903 ; -0.0104659 ; 0.012297 ; 101.849;
19 ; 14 ; 7 ; 0.26733 ; -0.00972749 ; 0.00578524 ; 101.95;
20 ; 14 ; 7 ; 0.269601 ; -0.00608161 ; -0.0136437 ; 101.776;
21 ; 14 ; 7 ; 0.25409 ; -0.00057244 ; -0.0265023 ; 100.993;
4 ; 15 ; 7 ; 0.289756 ; 0.00241486 ; 0.00926888 ; 101.12;
5 ; 15 ; 7 ; 0.260046 ; -0.0143194 ; -0.0105837 ; 101.984;
6 ; 15 ; 7 ; 0.257143 ; -0.0101006 ; -0.012838 ; 101.823;
7 ; 15 ; 7 ; 0.260725 ; -0.00142092 ; -0.00529694 ; 101.552;
8 ; 15 ; 7 ; 0.259539 ; 0.00186624 ; 0.00902377 ; 101.539;
9 ; 15 ; 7 ; 0.254596 ; 0.0101202 ; -0.00949167 ; 101.625;
10 ; 15 ; 7 ; 0.243659 ; 0.0104664 ; -0.00819199 ; 101.573;
11 ; 15 ; 7 ; 0.24912 ; 0.0111065 ; 0.00198697 ; 101.766;
12 ; 15 ; 7 ; 0.253247 ; 0.00935352 ; 0.00426301 ; 101.961;
13 ; 15 ; 7 ; 0.258179 ; -0.00426099 ; -0.0206819 ; 101.645;
14 ; 15 ; 7 ; 0.252638 ; 0.000523374 ; -0.0105898 ; 101.802;
15 ; 15 ; 7 ; 0.242153 ; 0.00406875 ; -0.00931419 ; 101.939;
16 ; 15 ; 7 ; 0.233418 ; 0.00254001 ; -0.00680497 ; 102.006;
17 ; 15 ; 7 ; 0.261926 ; -0.0147036 ; -0.012007 ; 101.496;
18 ; 15 ; 7 ; 0.268614 ; -0.0122351 ; -0.00102553 ; 101.632;
19 ; 15 ; 7 ; 0.267525 ; -0.0093928 ; 0.000691639 ; 101.821;
20 ; 15 ; 7 ; 0.263402 ; -0.0117664 ; 0.00690472 ; 101.939;
21 ; 15 ; 7 ; 0.274168 ; 0.0468904 ; 0.0149127 ; 101.005;
4 ; 16 ; 7 ; 0.224507 ; 0.00477764 ; 0.00063133 ; 102.481;
5 ; 16 ; 7 ; 0.257864 ; -0.00929052 ; -0.000373958 ; 102.13;
6 ; 16 ; 7 ; 0.263886 ; -0.00997494 ; -0.0100973 ; 102.008;
7 ; 16 ; 7 ; 0.271978 ; -0.00152472 ; -0.0108034 ; 101.767;
8 ; 16 ; 7 ; 0.268793 ; 0.00334869 ; -0.00473533 ; 101.224;
9 ; 16 ; 7 ; 0.272829 ; 0.0216795 ; -0.00490517 ; 102.075;
10 ; 16 ; 7 ; 0.261504 ; 0.0130463 ; -0.00228493 ; 101.609;
11 ; 16 ; 7 ; 0.259133 ; 0.00843771 ; 0.00702375 ; 101.455;
12 ; 16 ; 7 ; 0.256149 ; 0.0137679 ; 0.00158487 ; 101.55;
13 ; 16 ; 7 ; 0.253086 ; 0.00347955 ; -0.0126371 ; 101.663;
14 ; 16 ; 7 ; 0.253537 ; 0.00427014 ; -0.0145451 ; 101.848;
15 ; 16 ; 7 ; 0.247509 ; 0.00589533 ; -0.0161074 ; 101.997;
16 ; 16 ; 7 ; 0.230419 ; 0.0048761 ; -0.00903467 ; 102.1;
17 ; 16 ; 7 ; 0.241375 ; -0.00595066 ; -0.0225685 ; 102.051;
18 ; 16 ; 7 ; 0.258312 ; -0.0096531 ; -0.0189036 ; 101.576;
19 ; 16 ; 7 ; 0.267583 ; -0.00646439 ; -0.0188274 ; 101.673;
20 ; 16 ; 7 ; 0.255542 ; 0.00503511 ; -0.0074326 ; 101.948;
21 ; 16 ; 7 ; 0.245297 ; -0.0210137 ; 0.00649842 ; 101.751;
4 ; 17 ; 7 ; 0.296153 ; 0.00384249 ; 0.0606736 ; 100.889;
5 ; 17 ; 7 ; 0.250523 ; 0.014174 ; -0.0111716 ; 102.422;
6 ; 17 ; 7 ; 0.263369 ; -0.003313 ; -0.00902722 ; 102.088;
7 ; 17 ; 7 ; 0.272381 ; -0.00326493 ; -0.00389763 ; 101.878;
8 ; 17 ; 7 ; 0.285557 ; -0.000509536 ; -0.0102048 ; 101.733;
9 ; 17 ; 7 ; 0.273872 ; 0.0199052 ; 0.00972599 ; 101.963;
10 ; 17 ; 7 ; 0.268747 ; 0.0140987 ; 0.00269258 ; 101.738;
11 ; 17 ; 7 ; 0.259523 ; 0.00156928 ; 0.00466423 ; 101.443;
12 ; 17 ; 7 ; 0.262425 ; -0.00191914 ; 0.0108934 ; 101.058;
13 ; 17 ; 7 ; 0.263543 ; 0.0149383 ; 0.0117785 ; 101.74;
14 ; 17 ; 7 ; 0.263778 ; 0.00603692 ; -0.00642766 ; 101.669;
15 ; 17 ; 7 ; 0.261909 ; -0.00203483 ; -0.019544 ; 101.7;
16 ; 17 ; 7 ; 0.255238 ; 0.00554873 ; -0.0228148 ; 101.836;
17 ; 17 ; 7 ; 0.257006 ; 0.0229463 ; -0.0168166 ; 101.779;
18 ; 17 ; 7 ; 0.259692 ; 0.0027237 ; -0.0246472 ; 101.809;
19 ; 17 ; 7 ; 0.277452 ; -0.00111869 ; -0.0273888 ; 101.775;
20 ; 17 ; 7 ; 0.279028 ; -0.0017934 ; -0.0284768 ; 101.33;
21 ; 17 ; 7 ; 0.224365 ; 0.021358 ; -0.0179473 ; 102.37;
4 ; 18 ; 7 ; 0.247589 ; 0.0275771 ; 0.0059905 ; 101.046;
5 ; 18 ; 7 ; 0.24505 ; 0.0246544 ; -0.0263034 ; 102.609;
6 ; 18 ; 7 ; 0.261379 ; 0.00311579 ; -0.00866382 ; 102.057;
7 ; 18 ; 7 ; 0.268311 ; -0.00470872 ; 0.00406423 ; 101.845;
8 ; 18 ; 7 ; 0.267185 ; -0.0142835 ; 0.0209444 ; 101.608;
9 ; 18 ; 7 ; 0.276368 ; 0.012811 ; 0.02375 ; 101.807;
10 ; 18 ; 7 ; 0.267622 ; 0.0128216 ; 0.00406346 ; 101.818;
11 ; 18 ; 7 ; 0.25571 ; -0.00365499 ; 0.00256555 ; 101.595;
12 ; 18 ; 7 ; 0.255642 ; -0.00912092 ; 0.0070819 ; 101.291;
13 ; 18 ; 7 ; 0.275188 ; 0.0252245 ; 0.0171969 ; 101.811;
14 ; 18 ; 7 ; 0.268605 ; 0.00570396 ; 0.00207524 ; 101.614;
15 ; 18 ; 7 ; 0.267256 ; -0.00661064 ; -0.0190015 ; 101.567;
16 ; 18 ; 7 ; 0.259285 ; 0.000286883 ; -0.0304227 ; 101.879;
17 ; 18 ; 7 ; 0.266479 ; 0.0365944 ; -0.00830252 ; 101.219;
18 ; 18 ; 7 ; 0.266453 ; 0.0132846 ; -0.0230604 ; 102.026;
19 ; 18 ; 7 ; 0.282223 ; 0.00461229 ; -0.0248545 ; 102.041;
20 ; 18 ; 7 ; 0.279123 ; -0.00169975 ; -0.021434 ; 101.947;
21 ; 18 ; 7 ; 0.253451 ; 0.0243306 ; -0.0477938 ; 100.856;
4 ; 19 ; 7 ; 0.24295 ; 0.0107733 ; 0.0262034 ; 101.277;
5 ; 19 ; 7 ; 0.256718 ; -0.00921568 ; 0.000784848 ; 102.011;
6 ; 19 ; 7 ; 0.254243 ; -0.012956 ; -0.00932975 ; 102.005;
7 ; 19 ; 7 ; 0.252867 ; -0.00507254 ; -6.13121e-05 ; 102.032;
8 ; 19 ; 7 ; 0.244911 ; 0.00483513 ; 0.00260708 ; 102.533;
9 ; 19 ; 7 ; 0.258078 ; 0.0231582 ; 0.0282276 ; 102.018;
10 ; 19 ; 7 ; 0.256482 ; 0.00465767 ; 0.0270066 ; 101.927;
11 ; 19 ; 7 ; 0.269637 ; -0.00146872 ; 0.0141647 ; 101.844;
12 ; 19 ; 7 ; 0.28018 ; 0.0243784 ; -0.0216491 ; 102.37;
13 ; 19 ; 7 ; 0.275433 ; 0.0209804 ; 0.00151828 ; 101.516;
14 ; 19 ; 7 ; 0.285677 ; 0.00885875 ; 0.00713856 ; 101.638;
15 ; 19 ; 7 ; 0.279071 ; -0.00516899 ; 0.00321402 ; 101.696;
16 ; 19 ; 7 ; 0.250121 ; -0.00906626 ; -0.00927656 ; 102.216;
17 ; 19 ; 7 ; 0.251158 ; -0.00438994 ; -0.00250017 ; 101.811;
18 ; 19 ; 7 ; 0.249193 ; -0.00213139 ; -0.00316488 ; 101.865;
19 ; 19 ; 7 ; 0.255118 ; -0.00421193 ; 0.00115898 ; 101.67;
20 ; 19 ; 7 ; 0.257642 ; 0.0113866 ; -0.00396218 ; 101.407;
21 ; 19 ; 7 ; 0.240841 ; -0.0168021 ; 0.0179809 ; 100.927;
4 ; 20 ; 7 ; 0.255729 ; 0.0051054 ; 0.0125053 ; 102.868;
5 ; 20 ; 7 ; 0.237809 ; 0.0113767 ; -0.00444499 ; 102.007;
6 ; 20 ; 7 ; 0.251395 ; -0.00202833 ; -0.00581838 ; 102.13;
7 ; 20 ; 7 ; 0.255615 ; -0.00310543 ; -0.00176232 ; 102.131;
8 ; 20 ; 7 ; 0.252641 ; 0.00288579 ; 0.00744265 ; 102.285;
9 ; 20 ; 7 ; 0.27894 ; 0.0191734 ; 0.0175666 ; 101.023;
10 ; 20 ; 7 ; 0.260815 ; 0.00449798 ; 0.0236394 ; 101.721;
11 ; 20 ; 7 ; 0.262909 ; -0.00777999 ; 0.0123098 ; 102.061;
12 ; 20 ; 7 ; 0.276353 ; 0.00566024 ; -0.00401192 ; 101.931;
13 ; 20 ; 7 ; 0.264733 ; 0.0034046 ; 0.0026274 ; 101.709;
14 ; 20 ; 7 ; 0.273931 ; 0.00653783 ; 0.0051083 ; 101.774;
15 ; 20 ; 7 ; 0.272088 ; 0.000592752 ; 0.00377661 ; 101.666;
16 ; 20 ; 7 ; 0.267622 ; -0.0042285 ; -0.00108401 ; 102.067;
17 ; 20 ; 7 ; 0.263989 ; -0.0226367 ; 0.0189361 ; 101.578;
18 ; 20 ; 7 ; 0.255918 ; -0.0106278 ; 0.00512712 ; 101.831;
19 ; 20 ; 7 ; 0.255096 ; -0.0112458 ; 0.00437712 ; 101.772;
20 ; 20 ; 7 ; 0.257942 ; 0.000733477 ; 0.000567597 ; 101.584;
21 ; 20 ; 7 ; 0.270478 ; -0.00819177 ; 0.0373106 ; 101.555;
4 ; 21 ; 7 ; 0.285079 ; -0.00222622 ; 0.0167357 ; 101.399;
5 ; 21 ; 7 ; 0.217989 ; 0.0303631 ; -0.0047087 ; 102.236;
6 ; 21 ; 7 ; 0.253201 ; 0.00614256 ; -0.000130353 ; 102.262;
7 ; 21 ; 7 ; 0.261929 ; -0.00110971 ; -4.50014e-05 ; 102.165;
8 ; 21 ; 7 ; 0.264715 ; -0.00165212 ; 0.00280633 ; 102.119;
9 ; 21 ; 7 ; 0.288741 ; 0.0146921 ; 0.00586399 ; 100.355;
10 ; 21 ; 7 ; 0.266112 ; 0.00534683 ; 0.0226657 ; 101.459;
11 ; 21 ; 7 ; 0.258321 ; -0.0148357 ; 0.0147167 ; 102.08;
12 ; 21 ; 7 ; 0.264696 ; -0.0176406 ; 0.0117191 ; 101.919;
13 ; 21 ; 7 ; 0.253465 ; -0.0184936 ; -0.00728502 ; 102.018;
14 ; 21 ; 7 ; 0.266069 ; 0.0106518 ; 0.00612504 ; 101.823;
15 ; 21 ; 7 ; 0.271472 ; 0.00914347 ; 0.006458 ; 101.626;
16 ; 21 ; 7 ; 0.285531 ; -0.00143619 ; 0.0114118 ; 101.637;
17 ; 21 ; 7 ; 0.281509 ; -0.0250722 ; 0.037391 ; 101.283;
18 ; 21 ; 7 ; 0.259573 ; -0.0216099 ; 0.0112073 ; 101.819;
19 ; 21 ; 7 ; 0.254701 ; -0.0204649 ; 0.0082168 ; 101.866;
20 ; 21 ; 7 ; 0.246005 ; -0.0119031 ; 0.00617462 ; 101.867;
21 ; 21 ; 7 ; 0.260806 ; 0.0529022 ; 0.00599037 ; 101.689;
4 ; 4 ; 8 ; 0.163965 ; 0.0277163 ; 0.0241904 ; 100.911;
5 ; 4 ; 8 ; 0.165104 ; 0.0212874 ; -0.01 ; 101.584;
6 ; 4 ; 8 ; 0.16479 ; -0.00168122 ; 0.0299027 ; 101.211;
7 ; 4 ; 8 ; 0.165666 ; -0.0144481 ; -0.0118257 ; 103.108;
8 ; 4 ; 8 ; 0.176146 ; -0.0233226 ; -0.0108194 ; 101.946;
9 ; 4 ; 8 ; 0.182344 ; 0.00240026 ; 0.0159205 ; 102.101;
10 ; 4 ; 8 ; 0.168115 ; 0.0144834 ; 0.00278134 ; 101.582;
11 ; 4 ; 8 ; 0.199784 ; 0.0114501 ; 0.00768173 ; 100.049;
12 ; 4 ; 8 ; 0.200142 ; -0.00864617 ; -0.00558096 ; 101.916;
13 ; 4 ; 8 ; 0.209657 ; -0.0182883 ; 0.0205536 ; 102.002;
14 ; 4 ; 8 ; 0.182511 ; 0.00720944 ; 0.00135609 ; 101.689;
15 ; 4 ; 8 ; 0.163626 ; 0.016185 ; -0.009761 ; 102.549;
16 ; 4 ; 8 ; 0.151805 ; -0.0225818 ; -0.00121886 ; 100.417;
17 ; 4 ; 8 ; 0.192618 ; 0.0161426 ; -0.00629635 ; 102.902;
18 ; 4 ; 8 ; 0.201055 ; -0.0203283 ; -0.00486781 ; 101.174;
19 ; 4 ; 8 ; 0.211867 ; 0.023901 ; 0.0259479 ; 102.164;
20 ; 4 ; 8 ; 0.15995 ; 0.0579165 ; 0.00479903 ; 100.651;
21 ; 4 ; 8 ; 0.164487 ; 0.00764013 ; -0.028372 ; 100.958;
4 ; 5 ; 8 ; 0.194433 ; -0.0286183 ; 0.0304901 ; 102.217;
5 ; 5 ; 8 ; 0.203385 ; -0.0094451 ; 0.0361758 ; 101.533;
6 ; 5 ; 8 ; 0.178132 ; -3.82996e-05 ; 0.0215777 ; 101.214;
7 ; 5 ; 8 ; 0.176667 ; -0.00593327 ; -0.00769131 ; 102.244;
8 ; 5 ; 8 ; 0.184701 ; -0.0129674 ; 0.00214171 ; 101.801;
9 ; 5 ; 8 ; 0.18434 ; 0.0068299 ; 0.0280884 ; 101.637;
10 ; 5 ; 8 ; 0.173278 ; 0.00952876 ; 0.00441293 ; 101.967;
11 ; 5 ; 8 ; 0.198734 ; 0.0101209 ; -0.00055042 ; 101.208;
12 ; 5 ; 8 ; 0.201891 ; -0.00164006 ; -0.00886503 ; 101.623;
13 ; 5 ; 8 ; 0.237929 ; 0.00686667 ; -0.00374455 ; 102.329;
14 ; 5 ; 8 ; 0.200805 ; 0.00342884 ; -0.00122132 ; 101.815;
15 ; 5 ; 8 ; 0.180844 ; 0.00958612 ; -0.00622622 ; 102.03;
16 ; 5 ; 8 ; 0.169092 ; -0.00612319 ; -0.00351592 ; 100.959;
17 ; 5 ; 8 ; 0.17857 ; 0.0315111 ; 0.00402073 ; 101.714;
18 ; 5 ; 8 ; 0.192286 ; -0.0058536 ; -0.00605593 ; 101.336;
19 ; 5 ; 8 ; 0.191389 ; 0.00502629 ; 0.0171192 ; 101.897;
20 ; 5 ; 8 ; 0.162476 ; 0.0224009 ; 0.0145972 ; 101.22;
21 ; 5 ; 8 ; 0.209484 ; -0.038912 ; -0.0163876 ; 102.349;
4 ; 6 ; 8 ; 0.17783 ; -0.0253946 ; -0.0181787 ; 101.011;
5 ; 6 ; 8 ; 0.18471 ; -0.000437034 ; 0.0214695 ; 101.667;
6 ; 6 ; 8 ; 0.184647 ; -0.00647113 ; 0.0127391 ; 101.652;
7 ; 6 ; 8 ; 0.181913 ; -0.00101012 ; -0.00229437 ; 101.85;
8 ; 6 ; 8 ; 0.195215 ; 0.00863233 ; 0.00649754 ; 101.837;
9 ; 6 ; 8 ; 0.177316 ; -0.00749842 ; 0.0160036 ; 102.047;
10 ; 6 ; 8 ; 0.183479 ; -0.000692719 ; 0.000818899 ; 102.216;
11 ; 6 ; 8 ; 0.198383 ; 0.00782772 ; -0.0140155 ; 102.176;
12 ; 6 ; 8 ; 0.197229 ; 0.00748307 ; -0.00597203 ; 101.434;
13 ; 6 ; 8 ; 0.17194 ; 0.0123658 ; -0.0204592 ; 100.851;
14 ; 6 ; 8 ; 0.196006 ; -0.00102031 ; -0.00152042 ; 101.866;
15 ; 6 ; 8 ; 0.186088 ; -0.00933227 ; 0.00692717 ; 102.046;
16 ; 6 ; 8 ; 0.190707 ; 0.00666296 ; -0.00410741 ; 101.728;
17 ; 6 ; 8 ; 0.230989 ; 0.00457096 ; 0.0187221 ; 100.648;
18 ; 6 ; 8 ; 0.189682 ; 0.000831572 ; 0.000874261 ; 101.293;
19 ; 6 ; 8 ; 0.169996 ; -0.0230599 ; -0.00691867 ; 101.507;
20 ; 6 ; 8 ; 0.179182 ; -0.0190756 ; -0.0045834 ; 101.435;
21 ; 6 ; 8 ; 0.178249 ; -0.018542 ; 0.0141293 ; 102.047;
4 ; 7 ; 8 ; 0.175531 ; 0.0122685 ; 0.020626 ; 101.406;
5 ; 7 ; 8 ; 0.193009 ; 0.019681 ; 0.0086731 ; 100.742;
6 ; 7 ; 8 ; 0.179442 ; -0.0308722 ; 0.00622112 ; 101.633;
7 ; 7 ; 8 ; 0.195977 ; 0.00345465 ; -0.0183901 ; 101.384;
8 ; 7 ; 8 ; 0.184949 ; -0.0127927 ; 0.0211936 ; 100.523;
9 ; 7 ; 8 ; 0.17075 ; 0.0245123 ; -0.00274296 ; 100.495;
10 ; 7 ; 8 ; 0.213209 ; 0.0250816 ; -0.00127243 ; 102.671;
11 ; 7 ; 8 ; 0.178712 ; 0.0060138 ; 0.014846 ; 101.206;
12 ; 7 ; 8 ; 0.182169 ; 0.0295096 ; 0.00871491 ; 102.249;
13 ; 7 ; 8 ; 0.205219 ; 0.0135568 ; 0.0283882 ; 100.967;
14 ; 7 ; 8 ; 0.213292 ; 0.0201909 ; 0.0137249 ; 101.487;
15 ; 7 ; 8 ; 0.197777 ; 0.0264546 ; -0.00623769 ; 101.567;
16 ; 7 ; 8 ; 0.168466 ; -0.000281487 ; -0.0213823 ; 102.356;
17 ; 7 ; 8 ; 0.170678 ; -0.00369704 ; -0.0138001 ; 101.701;
18 ; 7 ; 8 ; 0.196445 ; 0.0332366 ; -0.034482 ; 100.964;
19 ; 7 ; 8 ; 0.134958 ; -0.00878506 ; -0.0149159 ; 101.845;
20 ; 7 ; 8 ; 0.190214 ; 0.00735512 ; -0.00545211 ; 101.273;
21 ; 7 ; 8 ; 0.195037 ; 0.00674742 ; -0.0247159 ; 101.047;
4 ; 8 ; 8 ; 0.200618 ; -0.0325523 ; 0.0332742 ; 101.337;
5 ; 8 ; 8 ; 0.179268 ; 0.0072174 ; 0.0244225 ; 103.78;
6 ; 8 ; 8 ; 0.186776 ; -0.0127803 ; 0.00793455 ; 102.346;
7 ; 8 ; 8 ; 0.197338 ; 0.0065432 ; -0.0180176 ; 101.676;
8 ; 8 ; 8 ; 0.182749 ; -0.00752689 ; 0.00298053 ; 101.051;
9 ; 8 ; 8 ; 0.175523 ; -0.00100296 ; 0.0334502 ; 101.451;
10 ; 8 ; 8 ; 0.195492 ; 0.0143857 ; 0.0137669 ; 102.089;
11 ; 8 ; 8 ; 0.176348 ; -0.00102156 ; 0.0245732 ; 101.217;
12 ; 8 ; 8 ; 0.181121 ; 0.0066589 ; 0.0136639 ; 101.894;
13 ; 8 ; 8 ; 0.175139 ; -0.000478104 ; 0.00157748 ; 100.805;
14 ; 8 ; 8 ; 0.192785 ; 0.00832051 ; 0.00541572 ; 101.443;
15 ; 8 ; 8 ; 0.183352 ; 0.0110046 ; -0.0106685 ; 101.823;
16 ; 8 ; 8 ; 0.182649 ; -0.00249619 ; -0.0180937 ; 102.542;
17 ; 8 ; 8 ; 0.178859 ; 0.00368902 ; -0.0190408 ; 102.505;
18 ; 8 ; 8 ; 0.190935 ; 0.0170198 ; -0.0260514 ; 101.507;
19 ; 8 ; 8 ; 0.162832 ; -0.0126776 ; -0.0174319 ; 101.781;
20 ; 8 ; 8 ; 0.189027 ; -0.00555751 ; -0.00984239 ; 101.401;
21 ; 8 ; 8 ; 0.191044 ; -0.0414675 ; 0.00471932 ; 102.092;
4 ; 9 ; 8 ; 0.212207 ; 0.00730562 ; -0.0043238 ; 101.408;
5 ; 9 ; 8 ; 0.180713 ; -0.00198444 ; 0.0384987 ; 101.476;
6 ; 9 ; 8 ; 0.191117 ; 0.00726258 ; 0.0144905 ; 102.515;
7 ; 9 ; 8 ; 0.193359 ; 0.00437502 ; -0.00608134 ; 101.999;
8 ; 9 ; 8 ; 0.185511 ; -0.0106338 ; -0.00697147 ; 101.894;
9 ; 9 ; 8 ; 0.167374 ; 0.01754 ; 0.0156239 ; 101.897;
10 ; 9 ; 8 ; 0.169339 ; 0.00925822 ; 0.0237688 ; 101.7;
11 ; 9 ; 8 ; 0.175502 ; 0.00440292 ; 0.0203815 ; 101.805;
12 ; 9 ; 8 ; 0.192758 ; -0.00440587 ; 0.00606444 ; 102.024;
13 ; 9 ; 8 ; 0.184879 ; 0.026914 ; 0.0169903 ; 102.081;
14 ; 9 ; 8 ; 0.181472 ; 0.00925383 ; -0.000384579 ; 101.709;
15 ; 9 ; 8 ; 0.173633 ; 0.00535292 ; -0.0165682 ; 102.064;
16 ; 9 ; 8 ; 0.180067 ; 0.00155439 ; -0.0155071 ; 102.402;
17 ; 9 ; 8 ; 0.179754 ; -0.0528092 ; 0.0115788 ; 102.476;
18 ; 9 ; 8 ; 0.187751 ; -0.00723097 ; -0.005013 ; 102.186;
19 ; 9 ; 8 ; 0.197717 ; -0.0011548 ; -0.0108329 ; 101.829;
20 ; 9 ; 8 ; 0.195031 ; -0.023351 ; -0.0139115 ; 101.81;
21 ; 9 ; 8 ; 0.22468 ; -0.0346162 ; -0.0219535 ; 101.831;
4 ; 10 ; 8 ; 0.178567 ; 0.0182868 ; 0.0269102 ; 101.021;
5 ; 10 ; 8 ; 0.172424 ; -0.00726023 ; -0.0120265 ; 100.501;
6 ; 10 ; 8 ; 0.185465 ; -0.000742107 ; 0.00732083 ; 101.452;
7 ; 10 ; 8 ; 0.184903 ; -2.91602e-06 ; 0.0169455 ; 101.816;
8 ; 10 ; 8 ; 0.185507 ; -0.00901193 ; 0.0198623 ; 101.925;
9 ; 10 ; 8 ; 0.178903 ; -0.0170354 ; 0.0176209 ; 100.627;
10 ; 10 ; 8 ; 0.160681 ; 0.0100468 ; 0.00652474 ; 101.622;
11 ; 10 ; 8 ; 0.166805 ; 0.0169909 ; -0.00694405 ; 102.119;
12 ; 10 ; 8 ; 0.199133 ; 0.00918767 ; -0.00632603 ; 102.218;
13 ; 10 ; 8 ; 0.180211 ; -0.00777662 ; 0.00483474 ; 101.041;
14 ; 10 ; 8 ; 0.188553 ; 0.00872711 ; -0.000930007 ; 102.025;
15 ; 10 ; 8 ; 0.186883 ; 0.0028342 ; -0.0166055 ; 102.346;
16 ; 10 ; 8 ; 0.17818 ; -0.00653525 ; -0.00548347 ; 102.073;
17 ; 10 ; 8 ; 0.191387 ; -0.0326132 ; -0.0379376 ; 100.809;
18 ; 10 ; 8 ; 0.193515 ; -0.0208229 ; -0.0101054 ; 101.732;
19 ; 10 ; 8 ; 0.20216 ; 0.00120757 ; -0.0128024 ; 101.962;
20 ; 10 ; 8 ; 0.214686 ; -0.0190275 ; -0.0139211 ; 102.147;
21 ; 10 ; 8 ; 0.149894 ; -0.024135 ; 0.00354704 ; 100.481;
4 ; 11 ; 8 ; 0.170932 ; 0.0020671 ; 0.0128282 ; 102.059;
5 ; 11 ; 8 ; 0.209566 ; -0.00680895 ; -4.93701e-05 ; 102.846;
6 ; 11 ; 8 ; 0.191546 ; -0.00238517 ; -0.00424853 ; 101.904;
7 ; 11 ; 8 ; 0.182101 ; 0.0107445 ; 0.0119896 ; 101.869;
8 ; 11 ; 8 ; 0.182104 ; 0.00647788 ; 0.011046 ; 101.742;
9 ; 11 ; 8 ; 0.162901 ; 0.0106184 ; -0.021448 ; 101.304;
10 ; 11 ; 8 ; 0.171529 ; 0.00921289 ; -0.00680586 ; 101.341;
11 ; 11 ; 8 ; 0.178492 ; 0.0215797 ; -0.00779935 ; 101.657;
12 ; 11 ; 8 ; 0.186948 ; 0.0124539 ; 0.0102434 ; 101.413;
13 ; 11 ; 8 ; 0.200679 ; 0.00504335 ; 0.0052656 ; 102.241;
14 ; 11 ; 8 ; 0.181851 ; -0.00988795 ; -0.00656314 ; 102.081;
15 ; 11 ; 8 ; 0.182883 ; -0.0181944 ; -0.0164813 ; 102.516;
16 ; 11 ; 8 ; 0.192203 ; -0.0185838 ; 0.0103054 ; 101.888;
17 ; 11 ; 8 ; 0.210623 ; 0.0181064 ; -0.00923883 ; 101.351;
18 ; 11 ; 8 ; 0.201804 ; -0.0156069 ; -0.0166767 ; 101.605;
19 ; 11 ; 8 ; 0.201552 ; -0.0110505 ; -0.0134066 ; 102.507;
20 ; 11 ; 8 ; 0.204819 ; -0.00330488 ; -0.0119377 ; 102.447;
21 ; 11 ; 8 ; 0.178236 ; -0.00609923 ; -0.0126907 ; 101.343;
4 ; 12 ; 8 ; 0.18901 ; -0.00714651 ; -0.013693 ; 102.831;
5 ; 12 ; 8 ; 0.194784 ; -0.0111147 ; -0.0204083 ; 100.672;
6 ; 12 ; 8 ; 0.197274 ; -0.00624655 ; 0.00226941 ; 102.138;
7 ; 12 ; 8 ; 0.186204 ; -0.000201405 ; 0.00457511 ; 101.951;
8 ; 12 ; 8 ; 0.193212 ; -0.00212738 ; -0.0121345 ; 101.661;
9 ; 12 ; 8 ; 0.20668 ; 0.0123163 ; 0.0266351 ; 102.196;
10 ; 12 ; 8 ; 0.189508 ; 0.0172842 ; 0.00626946 ; 101.798;
11 ; 12 ; 8 ; 0.197577 ; 0.0292119 ; -0.00137595 ; 101.735;
12 ; 12 ; 8 ; 0.18084 ; 0.0236643 ; 0.00524156 ; 101.468;
13 ; 12 ; 8 ; 0.186145 ; 0.0172206 ; 0.0357285 ; 101.104;
14 ; 12 ; 8 ; 0.184764 ; 0.000542465 ; 0.000758083 ; 101.798;
15 ; 12 ; 8 ; 0.172804 ; -0.00808912 ; -0.0133995 ; 101.76;
16 ; 12 ; 8 ; 0.179389 ; -0.00860961 ; 0.0146555 ; 101.371;
17 ; 12 ; 8 ; 0.19019 ; -0.0100204 ; 0.0147871 ; 101.763;
18 ; 12 ; 8 ; 0.196672 ; -0.00982533 ; -0.00188707 ; 101.872;
19 ; 12 ; 8 ; 0.183092 ; -0.0109036 ; -0.000615474 ; 102.558;
20 ; 12 ; 8 ; 0.175123 ; -3.56238e-05 ; 0.00242792 ; 102.62;
21 ; 12 ; 8 ; 0.190819 ; -0.00799152 ; -0.0191216 ; 100.739;
4 ; 13 ; 8 ; 0.195972 ; 0.0101828 ; 0.0209511 ; 101.861;
5 ; 13 ; 8 ; 0.169826 ; -0.0405834 ; -0.017607 ; 102.711;
6 ; 13 ; 8 ; 0.201364 ; -0.0458628 ; 0.0157014 ; 100.954;
7 ; 13 ; 8 ; 0.208351 ; 0.0160508 ; 0.0120923 ; 102.374;
8 ; 13 ; 8 ; 0.223407 ; 0.000508676 ; 0.0256265 ; 101.755;
9 ; 13 ; 8 ; 0.233233 ; 0.0228888 ; 0.0146688 ; 101.94;
10 ; 13 ; 8 ; 0.1834 ; 0.00985895 ; 0.00686273 ; 102.968;
11 ; 13 ; 8 ; 0.165812 ; 0.0295729 ; 0.00446495 ; 101.121;
12 ; 13 ; 8 ; 0.172099 ; -0.0361968 ; -0.0366978 ; 101.816;
13 ; 13 ; 8 ; 0.188196 ; -0.00793241 ; -0.00607902 ; 101.35;
14 ; 13 ; 8 ; 0.216211 ; -9.01776e-05 ; 0.0273522 ; 101.562;
15 ; 13 ; 8 ; 0.191399 ; -0.0136866 ; -0.0342024 ; 101.381;
16 ; 13 ; 8 ; 0.213031 ; -0.00903003 ; -0.0305784 ; 101.794;
17 ; 13 ; 8 ; 0.159099 ; -0.0247653 ; -0.0162573 ; 101.106;
18 ; 13 ; 8 ; 0.179295 ; 0.00284199 ; 0.0340212 ; 101.034;
19 ; 13 ; 8 ; 0.187181 ; -0.0237514 ; 0.0264272 ; 101.671;
20 ; 13 ; 8 ; 0.240061 ; 0.00344946 ; -0.0211236 ; 102.413;
21 ; 13 ; 8 ; 0.197045 ; 0.0072568 ; -0.0373794 ; 101.98;
4 ; 14 ; 8 ; 0.22304 ; -0.0151504 ; -0.00839373 ; 101.944;
5 ; 14 ; 8 ; 0.219105 ; -0.0423662 ; -0.0077598 ; 101.513;
6 ; 14 ; 8 ; 0.203449 ; -0.0372091 ; 0.00756157 ; 101.328;
7 ; 14 ; 8 ; 0.198483 ; 0.00209835 ; 0.00567474 ; 102.365;
8 ; 14 ; 8 ; 0.202834 ; -0.00677647 ; 0.0104873 ; 101.775;
9 ; 14 ; 8 ; 0.180907 ; -0.0111801 ; 0.00192736 ; 102.623;
10 ; 14 ; 8 ; 0.17949 ; 0.00285205 ; 0.00717154 ; 102.638;
11 ; 14 ; 8 ; 0.176301 ; 0.0174625 ; 0.00765597 ; 101.708;
12 ; 14 ; 8 ; 0.183 ; -0.0185383 ; -0.0175633 ; 102.115;
13 ; 14 ; 8 ; 0.184252 ; -0.0364765 ; -0.021073 ; 102.559;
14 ; 14 ; 8 ; 0.192525 ; 0.00153611 ; 0.0116728 ; 101.684;
15 ; 14 ; 8 ; 0.176253 ; 0.0116926 ; -0.0135795 ; 101.376;
16 ; 14 ; 8 ; 0.202847 ; 0.00893575 ; -0.0100623 ; 101.704;
17 ; 14 ; 8 ; 0.193677 ; 0.0307933 ; -0.0113523 ; 101.537;
18 ; 14 ; 8 ; 0.181827 ; 0.00598674 ; 0.0151119 ; 101.266;
19 ; 14 ; 8 ; 0.179541 ; -0.0154674 ; 0.00302545 ; 101.503;
20 ; 14 ; 8 ; 0.210424 ; 0.00702383 ; -0.0346948 ; 101.813;
21 ; 14 ; 8 ; 0.162529 ; 0.00205334 ; -0.0294704 ; 102.764;
4 ; 15 ; 8 ; 0.172207 ; -0.0218573 ; 0.0112331 ; 100.792;
5 ; 15 ; 8 ; 0.226019 ; 0.0060346 ; 0.0226977 ; 100.411;
6 ; 15 ; 8 ; 0.211075 ; -0.0207529 ; 0.000392355 ; 101.433;
7 ; 15 ; 8 ; 0.188227 ; -0.0146988 ; -0.000151163 ; 102.176;
8 ; 15 ; 8 ; 0.182309 ; -0.0044112 ; 0.00192528 ; 101.969;
9 ; 15 ; 8 ; 0.206959 ; -0.0454064 ; -0.0105598 ; 101.245;
10 ; 15 ; 8 ; 0.186145 ; -0.0102582 ; 0.00529903 ; 101.924;
11 ; 15 ; 8 ; 0.191356 ; 0.0040939 ; 0.00686516 ; 102.099;
12 ; 15 ; 8 ; 0.196935 ; 0.000643328 ; 0.00364433 ; 102.102;
13 ; 15 ; 8 ; 0.162626 ; -0.0208731 ; -0.016955 ; 101.225;
14 ; 15 ; 8 ; 0.166236 ; 0.00343238 ; -0.0109465 ; 101.449;
15 ; 15 ; 8 ; 0.162054 ; 0.0359866 ; -0.000810319 ; 101.295;
16 ; 15 ; 8 ; 0.174643 ; 0.0238987 ; 0.000584978 ; 101.639;
17 ; 15 ; 8 ; 0.183016 ; 0.00905785 ; -0.0257499 ; 100.726;
18 ; 15 ; 8 ; 0.187416 ; 1.53119e-05 ; -0.00588757 ; 101.307;
19 ; 15 ; 8 ; 0.176345 ; -0.00861936 ; -0.00567927 ; 101.253;
20 ; 15 ; 8 ; 0.168334 ; 0.00732819 ; -0.0256412 ; 101.187;
21 ; 15 ; 8 ; 0.184099 ; 0.0135437 ; -0.0277489 ; 102.237;
4 ; 16 ; 8 ; 0.218521 ; -0.00309032 ; -0.0257612 ; 100.892;
5 ; 16 ; 8 ; 0.159567 ; -0.00245334 ; 0.00455833 ; 102.922;
6 ; 16 ; 8 ; 0.188261 ; -0.0111409 ; 0.0106321 ; 101.448;
7 ; 16 ; 8 ; 0.183195 ; -0.0146307 ; 0.00786922 ; 101.575;
8 ; 16 ; 8 ; 0.195748 ; 0.0113873 ; 0.00611509 ; 102.065;
9 ; 16 ; 8 ; 0.191065 ; -0.00509327 ; 0.0311504 ; 101.519;
10 ; 16 ; 8 ; 0.194889 ; -0.016721 ; 0.006711 ; 101.63;
11 ; 16 ; 8 ; 0.191871 ; -0.0157534 ; -0.012885 ; 101.915;
12 ; 16 ; 8 ; 0.191425 ; -0.0180472 ; -0.00321697 ; 101.644;
13 ; 16 ; 8 ; 0.168046 ; -0.0271206 ; -0.0107953 ; 102.144;
14 ; 16 ; 8 ; 0.174729 ; -0.00113165 ; -0.0194504 ; 101.617;
15 ; 16 ; 8 ; 0.179996 ; 0.0252034 ; -0.0195584 ; 101.583;
16 ; 16 ; 8 ; 0.161982 ; 0.0133517 ; -0.00799068 ; 101.364;
17 ; 16 ; 8 ; 0.199195 ; 0.032153 ; 0.0125517 ; 101.742;
18 ; 16 ; 8 ; 0.194011 ; 0.00594814 ; 0.00591427 ; 101.5;
19 ; 16 ; 8 ; 0.18587 ; 0.00410429 ; 0.015542 ; 101.516;
20 ; 16 ; 8 ; 0.168851 ; 0.00646745 ; -0.00129297 ; 101.22;
21 ; 16 ; 8 ; 0.127652 ; 0.0181976 ; 0.0110812 ; 101.762;
4 ; 17 ; 8 ; 0.191792 ; -0.000789122 ; 0.0273361 ; 100.649;
5 ; 17 ; 8 ; 0.183392 ; 0.0152567 ; 0.0314119 ; 101.653;
6 ; 17 ; 8 ; 0.161479 ; -0.00129182 ; 0.0227569 ; 101.787;
7 ; 17 ; 8 ; 0.175312 ; -0.00326502 ; 0.00883438 ; 101.385;
8 ; 17 ; 8 ; 0.207055 ; 0.0126177 ; -0.00768881 ; 101.776;
9 ; 17 ; 8 ; 0.170973 ; -0.00179238 ; 0.0151902 ; 102.071;
10 ; 17 ; 8 ; 0.183531 ; -0.0128591 ; 0.00835436 ; 101.81;
11 ; 17 ; 8 ; 0.197812 ; -0.0251915 ; -0.0176242 ; 101.801;
12 ; 17 ; 8 ; 0.192345 ; -0.0153548 ; -0.00378662 ; 101.634;
13 ; 17 ; 8 ; 0.204082 ; -0.0410308 ; -0.0116856 ; 101.333;
14 ; 17 ; 8 ; 0.182003 ; -0.0101174 ; -0.0171196 ; 101.717;
15 ; 17 ; 8 ; 0.184205 ; 0.0251303 ; -0.0191281 ; 101.486;
16 ; 17 ; 8 ; 0.16739 ; 0.0182238 ; -0.0106157 ; 101.294;
17 ; 17 ; 8 ; 0.155063 ; -0.0132459 ; -0.0272394 ; 101.584;
18 ; 17 ; 8 ; 0.184105 ; 0.016311 ; -0.0017461 ; 101.717;
19 ; 17 ; 8 ; 0.185144 ; 0.0175418 ; -0.00184118 ; 101.645;
20 ; 17 ; 8 ; 0.177834 ; 9.61706e-05 ; -0.009065 ; 101.681;
21 ; 17 ; 8 ; 0.179551 ; -0.013755 ; -0.0283879 ; 101.967;
4 ; 18 ; 8 ; 0.123876 ; -0.016125 ; -0.0348338 ; 102.736;
5 ; 18 ; 8 ; 0.122022 ; 0.0364807 ; -0.00800671 ; 101.446;
6 ; 18 ; 8 ; 0.158768 ; 0.0154912 ; 0.0155588 ; 101.632;
7 ; 18 ; 8 ; 0.178908 ; 0.00145002 ; 0.010535 ; 101.746;
8 ; 18 ; 8 ; 0.202297 ; 0.000698165 ; -0.00576679 ; 101.453;
9 ; 18 ; 8 ; 0.123282 ; 0.022155 ; 0.0292254 ; 100.935;
10 ; 18 ; 8 ; 0.166977 ; 0.000667482 ; 0.00634759 ; 101.572;
11 ; 18 ; 8 ; 0.199069 ; -0.0102393 ; -0.00373512 ; 101.367;
12 ; 18 ; 8 ; 0.194762 ; 0.00381199 ; 0.00359323 ; 101.589;
13 ; 18 ; 8 ; 0.182306 ; 0.0394023 ; -0.00792375 ; 102.174;
14 ; 18 ; 8 ; 0.183862 ; 0.00997216 ; -0.00719498 ; 101.555;
15 ; 18 ; 8 ; 0.175518 ; 0.026206 ; -0.00759551 ; 101.458;
16 ; 18 ; 8 ; 0.168586 ; 0.0112555 ; -0.0166976 ; 101.853;
17 ; 18 ; 8 ; 0.203709 ; 0.0100897 ; -0.000607416 ; 101.245;
18 ; 18 ; 8 ; 0.181154 ; 0.0030824 ; -0.00914426 ; 101.352;
19 ; 18 ; 8 ; 0.184031 ; 0.00624859 ; 0.000725979 ; 101.321;
20 ; 18 ; 8 ; 0.176149 ; -0.00987745 ; -0.000897197 ; 102.066;
21 ; 18 ; 8 ; 0.173441 ; 0.0432386 ; -0.000461205 ; 101.736;
4 ; 19 ; 8 ; 0.160798 ; 0.0252834 ; 0.0370582 ; 101.717;
5 ; 19 ; 8 ; 0.163948 ; 0.0290712 ; 0.0199425 ; 101.517;
6 ; 19 ; 8 ; 0.17482 ; 0.00536635 ; 0.0357119 ; 101.159;
7 ; 19 ; 8 ; 0.169026 ; -0.0366121 ; 0.0491206 ; 101.192;
8 ; 19 ; 8 ; 0.200138 ; 0.0330522 ; 0.0169797 ; 101.669;
9 ; 19 ; 8 ; 0.173112 ; 0.0355944 ; -0.0143568 ; 102.299;
10 ; 19 ; 8 ; 0.211558 ; 0.00696912 ; -0.0219942 ; 100.704;
11 ; 19 ; 8 ; 0.204028 ; 0.02143 ; 0.00435415 ; 101.474;
12 ; 19 ; 8 ; 0.18582 ; -0.0176436 ; 0.0464899 ; 101.754;
13 ; 19 ; 8 ; 0.164696 ; 0.00893476 ; -0.000361577 ; 101.449;
14 ; 19 ; 8 ; 0.16827 ; 0.0388225 ; -0.0323424 ; 101.234;
15 ; 19 ; 8 ; 0.150422 ; 0.0226803 ; 0.0184529 ; 103.06;
16 ; 19 ; 8 ; 0.189181 ; 0.00567789 ; 0.00527368 ; 101.401;
17 ; 19 ; 8 ; 0.212596 ; -0.034324 ; -0.00634578 ; 100.699;
18 ; 19 ; 8 ; 0.166655 ; -0.0303219 ; 0.0103194 ; 102.427;
19 ; 19 ; 8 ; 0.193683 ; 0.020909 ; -0.00307784 ; 102.488;
20 ; 19 ; 8 ; 0.152578 ; 0.0234433 ; -0.0111706 ; 100.925;
21 ; 19 ; 8 ; 0.205085 ; 0.0150965 ; -0.00365605 ; 101.958;
4 ; 20 ; 8 ; 0.177339 ; 0.00227295 ; -0.0135386 ; 101.322;
5 ; 20 ; 8 ; 0.159498 ; -0.00865287 ; -0.0155813 ; 102.279;
6 ; 20 ; 8 ; 0.167492 ; 0.00790488 ; 0.0136167 ; 101.955;
7 ; 20 ; 8 ; 0.16616 ; -0.021908 ; 0.024713 ; 101.871;
8 ; 20 ; 8 ; 0.191891 ; 0.00575905 ; 0.0125743 ; 101.735;
9 ; 20 ; 8 ; 0.170734 ; -0.00619607 ; -0.0197888 ; 101.756;
10 ; 20 ; 8 ; 0.197923 ; 0.00908331 ; -0.0145403 ; 101.123;
11 ; 20 ; 8 ; 0.198844 ; 0.0203654 ; 0.00890893 ; 101.512;
12 ; 20 ; 8 ; 0.184506 ; -0.0113114 ; 0.0332365 ; 101.754;
13 ; 20 ; 8 ; 0.165965 ; -0.0469028 ; -0.0155075 ; 101.293;
14 ; 20 ; 8 ; 0.175066 ; 0.017084 ; -0.0194583 ; 101.131;
15 ; 20 ; 8 ; 0.169953 ; 0.0215816 ; 0.0164816 ; 102.217;
16 ; 20 ; 8 ; 0.180086 ; -0.00348659 ; 0.0100082 ; 101.488;
17 ; 20 ; 8 ; 0.191664 ; -0.0491647 ; 0.00755217 ; 100.856;
18 ; 20 ; 8 ; 0.173387 ; -0.0347752 ; 0.00502986 ; 101.899;
19 ; 20 ; 8 ; 0.193952 ; 0.00512952 ; -0.00946166 ; 101.9;
20 ; 20 ; 8 ; 0.172204 ; 0.0229947 ; -0.00664543 ; 100.729;
21 ; 20 ; 8 ; 0.194826 ; -0.0206505 ; 0.000601901 ; 100.981;
4 ; 21 ; 8 ; 0.199335 ; -0.00122287 ; -0.000531603 ; 102.131;
5 ; 21 ; 8 ; 0.204883 ; -0.00209105 ; 0.00664155 ; 102.213;
6 ; 21 ; 8 ; 0.179821 ; 0.00769643 ; -0.0112494 ; 102.277;
7 ; 21 ; 8 ; 0.173854 ; -0.00238106 ; -0.00544184 ; 102.176;
8 ; 21 ; 8 ; 0.180471 ; -0.0197687 ; 0.0021103 ; 101.939;
9 ; 21 ; 8 ; 0.186684 ; -0.0474937 ; 0.0372433 ; 100.936;
10 ; 21 ; 8 ; 0.186797 ; -0.0060164 ; 0.0145147 ; 101.77;
11 ; 21 ; 8 ; 0.195771 ; 0.015208 ; 0.0166624 ; 102.031;
12 ; 21 ; 8 ; 0.190019 ; 0.00182699 ; 0.00838223 ; 101.996;
13 ; 21 ; 8 ; 0.17539 ; -0.0045983 ; 0.00688377 ; 101.266;
14 ; 21 ; 8 ; 0.184946 ; -0.0070675 ; 0.00160001 ; 101.359;
15 ; 21 ; 8 ; 0.200382 ; 0.00899161 ; 0.00608853 ; 101.458;
16 ; 21 ; 8 ; 0.183835 ; -0.00648117 ; 0.00565021 ; 101.473;
17 ; 21 ; 8 ; 0.185772 ; -0.0561621 ; -0.00457245 ; 102.863;
18 ; 21 ; 8 ; 0.185301 ; -0.0327491 ; -0.0014649 ; 101.742;
19 ; 21 ; 8 ; 0.190927 ; -0.00513228 ; -0.0148999 ; 101.27;
20 ; 21 ; 8 ; 0.187411 ; 0.00948631 ; -0.00324014 ; 100.956;
21 ; 21 ; 8 ; 0.159601 ; 0.0378102 ; 0.0371501 ; 101.894;
4 ; 4 ; 9 ; 0.0946502 ; 0.00305013 ; 0.0279427 ; 100.961;
5 ; 4 ; 9 ; 0.134354 ; -0.00440213 ; -0.0105 ; 102.416;
6 ; 4 ; 9 ; 0.128265 ; -0.00589658 ; 0.0169871 ; 102.051;
7 ; 4 ; 9 ; 0.131121 ; -0.00948189 ; 0.0149675 ; 101.38;
8 ; 4 ; 9 ; 0.156478 ; -0.00957464 ; -0.00600599 ; 100.938;
9 ; 4 ; 9 ; 0.158589 ; -0.00338591 ; -0.00342938 ; 101.859;
10 ; 4 ; 9 ; 0.149127 ; -0.00615366 ; -0.0176748 ; 101.645;
11 ; 4 ; 9 ; 0.122122 ; -0.00125498 ; -0.00179485 ; 102.38;
12 ; 4 ; 9 ; 0.108999 ; -0.0027464 ; -0.00508479 ; 102.838;
13 ; 4 ; 9 ; 0.136778 ; -0.0147023 ; 0.010001 ; 101.587;
14 ; 4 ; 9 ; 0.114484 ; -0.0159926 ; -0.00826186 ; 101.66;
15 ; 4 ; 9 ; 0.101303 ; 0.00603328 ; -0.020805 ; 101.884;
16 ; 4 ; 9 ; 0.117354 ; 0.0181241 ; -0.029439 ; 103.163;
17 ; 4 ; 9 ; 0.117077 ; -0.0173433 ; -0.0105053 ; 102.098;
18 ; 4 ; 9 ; 0.111404 ; -0.0096778 ; -0.00944946 ; 101.261;
19 ; 4 ; 9 ; 0.118907 ; 0.00340512 ; -0.0119771 ; 101.385;
20 ; 4 ; 9 ; 0.145424 ; 0.0208033 ; -0.00909972 ; 101.625;
21 ; 4 ; 9 ; 0.130725 ; 0.0326309 ; 0.0289668 ; 101.953;
4 ; 5 ; 9 ; 0.15045 ; 0.00301376 ; -0.0175966 ; 101.213;
5 ; 5 ; 9 ; 0.141096 ; 0.00888263 ; 0.00044492 ; 101.379;
6 ; 5 ; 9 ; 0.124461 ; -0.0397601 ; 0.0140551 ; 101.673;
7 ; 5 ; 9 ; 0.108766 ; -0.010921 ; 0.00951615 ; 101.984;
8 ; 5 ; 9 ; 0.13335 ; -0.00793144 ; 0.0145564 ; 101.081;
9 ; 5 ; 9 ; 0.143624 ; -0.00467615 ; -0.00556851 ; 101.414;
10 ; 5 ; 9 ; 0.160309 ; -0.00679755 ; -0.017668 ; 101.108;
11 ; 5 ; 9 ; 0.138091 ; 0.00434891 ; 0.00842825 ; 102.829;
12 ; 5 ; 9 ; 0.11811 ; 0.0082215 ; 0.0291076 ; 102.847;
13 ; 5 ; 9 ; 0.127107 ; 0.00249969 ; -0.00811021 ; 102.163;
14 ; 5 ; 9 ; 0.120794 ; -0.0157497 ; 0.015412 ; 101.921;
15 ; 5 ; 9 ; 0.107355 ; 0.00743931 ; -0.0210683 ; 101.595;
16 ; 5 ; 9 ; 0.0975876 ; 0.00703382 ; -0.0190185 ; 101.218;
17 ; 5 ; 9 ; 0.128824 ; -0.011533 ; -0.00744773 ; 102.267;
18 ; 5 ; 9 ; 0.0928008 ; -0.0103551 ; -0.00513357 ; 101.899;
19 ; 5 ; 9 ; 0.107301 ; -0.00728508 ; -0.0309217 ; 101.377;
20 ; 5 ; 9 ; 0.102859 ; 0.0124613 ; -0.0161108 ; 102.077;
21 ; 5 ; 9 ; 0.109195 ; -0.0177074 ; -0.0150336 ; 101.049;
4 ; 6 ; 9 ; 0.168453 ; 0.0181786 ; -0.0126743 ; 102.661;
5 ; 6 ; 9 ; 0.129277 ; 0.0228951 ; 0.0194702 ; 100.719;
6 ; 6 ; 9 ; 0.115104 ; -0.0622633 ; 0.00794147 ; 101.199;
7 ; 6 ; 9 ; 0.0976303 ; -0.010264 ; -0.00407695 ; 102.129;
8 ; 6 ; 9 ; 0.14518 ; -0.010903 ; -0.0132368 ; 101.479;
9 ; 6 ; 9 ; 0.11931 ; -0.0015308 ; -0.0117475 ; 101.316;
10 ; 6 ; 9 ; 0.15169 ; -0.0150879 ; -0.0202524 ; 101.143;
11 ; 6 ; 9 ; 0.134589 ; 0.000796752 ; 0.00668427 ; 103.501;
12 ; 6 ; 9 ; 0.162353 ; 0.0214865 ; 0.0222381 ; 100.974;
13 ; 6 ; 9 ; 0.130439 ; 0.0248212 ; -0.0152576 ; 102.333;
14 ; 6 ; 9 ; 0.122755 ; -0.00553354 ; 0.0395123 ; 102.151;
15 ; 6 ; 9 ; 0.106311 ; 0.0131431 ; -0.0211153 ; 102.026;
16 ; 6 ; 9 ; 0.151354 ; 0.0048628 ; 0.00973122 ; 101.492;
17 ; 6 ; 9 ; 0.132715 ; -0.00859854 ; 0.00703115 ; 101.904;
18 ; 6 ; 9 ; 0.0792816 ; 0.000397929 ; 0.00479515 ; 102.199;
19 ; 6 ; 9 ; 0.10718 ; -0.00667292 ; -0.041695 ; 101.318;
20 ; 6 ; 9 ; 0.114747 ; 0.0337076 ; 0.0235394 ; 100.398;
21 ; 6 ; 9 ; 0.150715 ; -0.0239563 ; -0.00103973 ; 101.619;
4 ; 7 ; 9 ; 0.12049 ; -0.00258921 ; 0.0033171 ; 101.013;
5 ; 7 ; 9 ; 0.124332 ; 0.00475184 ; 0.00859604 ; 101.709;
6 ; 7 ; 9 ; 0.139977 ; -0.00277263 ; 0.00440496 ; 101.763;
7 ; 7 ; 9 ; 0.146143 ; -0.00334268 ; 0.00404715 ; 101.787;
8 ; 7 ; 9 ; 0.129276 ; 0.0101074 ; 0.00221937 ; 101.163;
9 ; 7 ; 9 ; 0.135753 ; 0.0030008 ; -0.00609378 ; 101.445;
10 ; 7 ; 9 ; 0.131888 ; 0.0126719 ; -0.00440519 ; 101.517;
11 ; 7 ; 9 ; 0.13158 ; -0.00101704 ; -0.0054508 ; 101.708;
12 ; 7 ; 9 ; 0.12845 ; -0.0222529 ; -0.0294676 ; 101.504;
13 ; 7 ; 9 ; 0.127162 ; 0.00499442 ; -0.00732759 ; 101.947;
14 ; 7 ; 9 ; 0.136633 ; 0.0140827 ; -0.00230265 ; 102.263;
15 ; 7 ; 9 ; 0.142386 ; 0.00955698 ; 0.00376989 ; 101.715;
16 ; 7 ; 9 ; 0.13059 ; 0.0304727 ; -0.00576672 ; 102.01;
17 ; 7 ; 9 ; 0.116953 ; -0.0129861 ; -0.0140183 ; 101.389;
18 ; 7 ; 9 ; 0.136646 ; 0.000315157 ; -0.0174635 ; 102.039;
19 ; 7 ; 9 ; 0.136985 ; 0.0167276 ; 0.00691129 ; 102.381;
20 ; 7 ; 9 ; 0.12128 ; 0.0113415 ; 0.0409777 ; 101.571;
21 ; 7 ; 9 ; 0.141431 ; 0.0263144 ; -0.0445974 ; 102.017;
4 ; 8 ; 9 ; 0.099311 ; 0.00648036 ; 0.00889789 ; 101.646;
5 ; 8 ; 9 ; 0.12584 ; 0.0246334 ; -0.0055268 ; 101.769;
6 ; 8 ; 9 ; 0.138977 ; 0.0038698 ; -0.00612316 ; 101.975;
7 ; 8 ; 9 ; 0.132768 ; -0.00982896 ; -0.0038095 ; 101.939;
8 ; 8 ; 9 ; 0.153778 ; -0.0370275 ; -0.000865465 ; 101.896;
9 ; 8 ; 9 ; 0.12709 ; 0.0213476 ; -0.00514873 ; 101.199;
10 ; 8 ; 9 ; 0.135026 ; 0.0104466 ; -0.00110835 ; 101.402;
11 ; 8 ; 9 ; 0.150729 ; -0.00389561 ; 0.00151207 ; 101.775;
12 ; 8 ; 9 ; 0.150535 ; -0.0302443 ; 0.00583761 ; 101.879;
13 ; 8 ; 9 ; 0.135766 ; 0.00112919 ; -0.00760431 ; 102.401;
14 ; 8 ; 9 ; 0.134427 ; 0.0111828 ; -0.00722874 ; 102.668;
15 ; 8 ; 9 ; 0.136171 ; -0.00125803 ; -0.00126897 ; 102.307;
16 ; 8 ; 9 ; 0.153351 ; -0.0267929 ; 0.0102536 ; 100.436;
17 ; 8 ; 9 ; 0.1267 ; 0.00121635 ; -0.00851406 ; 101.659;
18 ; 8 ; 9 ; 0.13874 ; 0.00315223 ; -0.00976838 ; 102.128;
19 ; 8 ; 9 ; 0.137941 ; 0.00851251 ; -0.00939524 ; 102.692;
20 ; 8 ; 9 ; 0.136932 ; 0.0385802 ; 0.0138954 ; 102.846;
21 ; 8 ; 9 ; 0.15018 ; 0.0105607 ; -0.0208428 ; 101.161;
4 ; 9 ; 9 ; 0.17343 ; 0.0141835 ; -0.0114449 ; 100.979;
5 ; 9 ; 9 ; 0.12955 ; 0.00916586 ; -0.00099429 ; 101.513;
6 ; 9 ; 9 ; 0.124732 ; 0.0106729 ; -0.00851028 ; 101.857;
7 ; 9 ; 9 ; 0.115579 ; 0.00399244 ; -0.00326685 ; 102.025;
8 ; 9 ; 9 ; 0.0999855 ; 0.0115552 ; 0.00676489 ; 102.014;
9 ; 9 ; 9 ; 0.118912 ; 0.0151996 ; -0.0183325 ; 101.315;
10 ; 9 ; 9 ; 0.139998 ; -0.00086878 ; -0.0126987 ; 101.736;
11 ; 9 ; 9 ; 0.145487 ; 0.00572361 ; -0.0114439 ; 102.055;
12 ; 9 ; 9 ; 0.169014 ; 0.0104204 ; -0.00972412 ; 101.608;
13 ; 9 ; 9 ; 0.131712 ; -0.00277441 ; -0.00302208 ; 101.823;
14 ; 9 ; 9 ; 0.132634 ; -0.00782758 ; -0.0100081 ; 101.978;
15 ; 9 ; 9 ; 0.130108 ; -0.00998334 ; -0.00457344 ; 102.058;
16 ; 9 ; 9 ; 0.127872 ; -0.0114855 ; -0.0037347 ; 103.151;
17 ; 9 ; 9 ; 0.141796 ; 0.00474762 ; -0.0213166 ; 101.952;
18 ; 9 ; 9 ; 0.149246 ; 0.00668349 ; -0.0120696 ; 101.813;
19 ; 9 ; 9 ; 0.13298 ; -0.00385323 ; -0.0127581 ; 102.075;
20 ; 9 ; 9 ; 0.121786 ; -0.00199141 ; -0.0276779 ; 102.798;
21 ; 9 ; 9 ; 0.133056 ; -0.00378045 ; -0.0019825 ; 101.293;
4 ; 10 ; 9 ; 0.108824 ; 0.0151011 ; 0.0232024 ; 101.881;
5 ; 10 ; 9 ; 0.118602 ; -0.00534206 ; 0.00684105 ; 101.742;
6 ; 10 ; 9 ; 0.117446 ; 0.0063746 ; 0.00634305 ; 101.904;
7 ; 10 ; 9 ; 0.123733 ; 0.00162914 ; 0.00421675 ; 102.17;
8 ; 10 ; 9 ; 0.128576 ; -0.00330363 ; 0.0173026 ; 101.715;
9 ; 10 ; 9 ; 0.131377 ; -0.00405468 ; -0.0178309 ; 101.786;
10 ; 10 ; 9 ; 0.13312 ; 4.7434e-05 ; -0.0187522 ; 101.848;
11 ; 10 ; 9 ; 0.128398 ; 0.0136733 ; -0.020888 ; 102.118;
12 ; 10 ; 9 ; 0.118459 ; 0.0166772 ; -0.0296298 ; 102.619;
13 ; 10 ; 9 ; 0.13242 ; -0.00855346 ; -0.0114856 ; 101.779;
14 ; 10 ; 9 ; 0.132776 ; -0.0083772 ; -0.00969473 ; 101.641;
15 ; 10 ; 9 ; 0.125656 ; -0.000522649 ; -0.00407141 ; 101.671;
16 ; 10 ; 9 ; 0.128205 ; 0.00215048 ; -0.00607292 ; 101.388;
17 ; 10 ; 9 ; 0.132086 ; 0.0072599 ; -0.0349086 ; 101.432;
18 ; 10 ; 9 ; 0.131582 ; 0.00435587 ; -0.00867215 ; 101.751;
19 ; 10 ; 9 ; 0.113325 ; -0.0136891 ; -0.00803264 ; 101.737;
20 ; 10 ; 9 ; 0.112029 ; -0.0146479 ; -0.0184681 ; 101.892;
21 ; 10 ; 9 ; 0.144068 ; 0.0007399 ; -0.0173051 ; 101.834;
4 ; 11 ; 9 ; 0.0983466 ; 0.0289533 ; 0.00688747 ; 101.214;
5 ; 11 ; 9 ; 0.11834 ; -0.00207679 ; 0.00506093 ; 101.919;
6 ; 11 ; 9 ; 0.109464 ; -0.0107589 ; 0.015342 ; 101.028;
7 ; 11 ; 9 ; 0.128168 ; -0.00940012 ; 0.00606195 ; 101.25;
8 ; 11 ; 9 ; 0.129633 ; -0.014182 ; -0.00443168 ; 102.598;
9 ; 11 ; 9 ; 0.17114 ; -0.0124839 ; 0.00228197 ; 101.536;
10 ; 11 ; 9 ; 0.157879 ; 0.0236233 ; -0.00387456 ; 102.178;
11 ; 11 ; 9 ; 0.127513 ; 0.0100443 ; -0.0211881 ; 101.715;
12 ; 11 ; 9 ; 0.14294 ; 0.0246861 ; -0.0277498 ; 101.849;
13 ; 11 ; 9 ; 0.133259 ; -0.0200503 ; -0.00518362 ; 101.434;
14 ; 11 ; 9 ; 0.146036 ; -0.0179097 ; 0.00806329 ; 101.804;
15 ; 11 ; 9 ; 0.116913 ; -0.00360787 ; -0.0048484 ; 101.416;
16 ; 11 ; 9 ; 0.112319 ; 0.0110488 ; -0.0169317 ; 102.311;
17 ; 11 ; 9 ; 0.115729 ; 0.0035009 ; -0.0191171 ; 101.324;
18 ; 11 ; 9 ; 0.116413 ; 0.0110177 ; -0.00235688 ; 102.079;
19 ; 11 ; 9 ; 0.115604 ; -0.0120714 ; 0.0130571 ; 101.754;
20 ; 11 ; 9 ; 0.113818 ; -0.0291708 ; -0.0241712 ; 101.207;
21 ; 11 ; 9 ; 0.12454 ; -0.0171185 ; -0.0111859 ; 100.407;
4 ; 12 ; 9 ; 0.121297 ; 0.0378594 ; 0.0118886 ; 101.41;
5 ; 12 ; 9 ; 0.123098 ; -0.00045032 ; 0.00294148 ; 101.717;
6 ; 12 ; 9 ; 0.103977 ; -0.0199777 ; 0.0140723 ; 100.215;
7 ; 12 ; 9 ; 0.128848 ; -0.0152087 ; 0.00382943 ; 100.505;
8 ; 12 ; 9 ; 0.132373 ; -0.0209478 ; 0.0250204 ; 100.572;
9 ; 12 ; 9 ; 0.198378 ; -0.0179787 ; 0.0130433 ; 101.131;
10 ; 12 ; 9 ; 0.182283 ; 0.0328976 ; 0.0122923 ; 102.557;
11 ; 12 ; 9 ; 0.127668 ; 0.0023863 ; -0.0170242 ; 101.577;
12 ; 12 ; 9 ; 0.122032 ; -0.00166448 ; 0.0144855 ; 102.014;
13 ; 12 ; 9 ; 0.126057 ; -0.0269001 ; 0.00572363 ; 100.861;
14 ; 12 ; 9 ; 0.150198 ; -0.028724 ; 0.0219138 ; 101.841;
15 ; 12 ; 9 ; 0.110496 ; -0.014298 ; -0.0036474 ; 101.073;
16 ; 12 ; 9 ; 0.0781062 ; 0.0311344 ; -0.00197726 ; 100.13;
17 ; 12 ; 9 ; 0.108436 ; -0.0041921 ; -0.00616361 ; 101.562;
18 ; 12 ; 9 ; 0.115778 ; 0.0198908 ; -0.0084875 ; 102.225;
19 ; 12 ; 9 ; 0.127853 ; -0.00437064 ; 0.0270232 ; 101.72;
20 ; 12 ; 9 ; 0.091167 ; -0.0492653 ; -0.00392902 ; 102.106;
21 ; 12 ; 9 ; 0.136969 ; -0.029215 ; -0.0101232 ; 100.834;
4 ; 13 ; 9 ; 0.155337 ; 0.0389767 ; -0.0397917 ; 101.588;
5 ; 13 ; 9 ; 0.129589 ; 0.00930354 ; -0.00614268 ; 102.005;
6 ; 13 ; 9 ; 0.140106 ; -0.0121883 ; -0.00286553 ; 101.921;
7 ; 13 ; 9 ; 0.147855 ; -0.00985493 ; 0.00810762 ; 102.443;
8 ; 13 ; 9 ; 0.15186 ; -0.0103827 ; 0.03036 ; 101.293;
9 ; 13 ; 9 ; 0.121977 ; -0.00209048 ; -0.00360416 ; 101.998;
10 ; 13 ; 9 ; 0.13328 ; -0.00249394 ; 0.0154232 ; 102.118;
11 ; 13 ; 9 ; 0.144085 ; -0.00493906 ; 0.02339 ; 101.922;
12 ; 13 ; 9 ; 0.16074 ; 0.00098522 ; 0.0221388 ; 102.463;
13 ; 13 ; 9 ; 0.133851 ; -0.0168593 ; -0.00258469 ; 101.469;
14 ; 13 ; 9 ; 0.12449 ; 0.013986 ; -0.005694 ; 101.9;
15 ; 13 ; 9 ; 0.115287 ; 0.0124142 ; -0.00215351 ; 102.011;
16 ; 13 ; 9 ; 0.117771 ; -0.032825 ; 0.0214845 ; 101.921;
17 ; 13 ; 9 ; 0.125331 ; -0.00452566 ; -0.00480267 ; 101.601;
18 ; 13 ; 9 ; 0.112716 ; -0.00506259 ; -0.00650559 ; 101.826;
19 ; 13 ; 9 ; 0.127015 ; 0.00250428 ; -0.0011568 ; 101.389;
20 ; 13 ; 9 ; 0.131585 ; -0.00272773 ; 0.00312664 ; 100.192;
21 ; 13 ; 9 ; 0.142222 ; 0.027693 ; -0.0452372 ; 101.823;
4 ; 14 ; 9 ; 0.100551 ; -0.0378342 ; -0.00237816 ; 100.926;
5 ; 14 ; 9 ; 0.119376 ; 0.0135067 ; 0.00580123 ; 101.768;
6 ; 14 ; 9 ; 0.123736 ; 0.000187294 ; 0.00655948 ; 101.667;
7 ; 14 ; 9 ; 0.14326 ; -0.00323329 ; 0.00752733 ; 101.796;
8 ; 14 ; 9 ; 0.156283 ; 0.0136886 ; -0.0043739 ; 104.017;
9 ; 14 ; 9 ; 0.130539 ; -0.00640504 ; -0.00139332 ; 101.487;
10 ; 14 ; 9 ; 0.137552 ; -0.0137299 ; 0.0107227 ; 101.621;
11 ; 14 ; 9 ; 0.135842 ; -0.0170057 ; 0.0155745 ; 101.825;
12 ; 14 ; 9 ; 0.130945 ; -0.019227 ; 0.0156031 ; 101.017;
13 ; 14 ; 9 ; 0.144057 ; -0.0138967 ; -0.00191379 ; 101.624;
14 ; 14 ; 9 ; 0.132584 ; -0.00804596 ; -0.00187202 ; 102.264;
15 ; 14 ; 9 ; 0.124047 ; 0.00900999 ; 0.00623017 ; 101.663;
16 ; 14 ; 9 ; 0.102113 ; 0.0212808 ; -0.0166845 ; 101.839;
17 ; 14 ; 9 ; 0.127189 ; 0.00185802 ; -0.0114624 ; 101.413;
18 ; 14 ; 9 ; 0.13359 ; 0.00921054 ; -0.00293762 ; 101.184;
19 ; 14 ; 9 ; 0.14724 ; 0.0174987 ; -0.000632701 ; 101.454;
20 ; 14 ; 9 ; 0.152959 ; 0.0256986 ; -0.00415915 ; 101.407;
21 ; 14 ; 9 ; 0.120927 ; 0.0292592 ; -0.0408462 ; 101.938;
4 ; 15 ; 9 ; 0.172237 ; -0.00329623 ; 0.0375506 ; 101.357;
5 ; 15 ; 9 ; 0.106988 ; 0.00192583 ; 0.010697 ; 101.593;
6 ; 15 ; 9 ; 0.12718 ; 0.000685572 ; 0.00807678 ; 101.898;
7 ; 15 ; 9 ; 0.144015 ; -0.00658358 ; 0.014958 ; 101.061;
8 ; 15 ; 9 ; 0.141341 ; -0.00414517 ; 0.0128547 ; 100.03;
9 ; 15 ; 9 ; 0.127678 ; -0.00422296 ; -0.00151019 ; 101.743;
10 ; 15 ; 9 ; 0.118799 ; -0.00437878 ; -0.0104971 ; 101.499;
11 ; 15 ; 9 ; 0.119356 ; -0.00943829 ; 0.00412377 ; 102.131;
12 ; 15 ; 9 ; 0.131352 ; -0.018987 ; 0.00506402 ; 102.319;
13 ; 15 ; 9 ; 0.127592 ; 0.00283667 ; -0.0221093 ; 101.525;
14 ; 15 ; 9 ; 0.130588 ; -0.00157371 ; -0.0154726 ; 101.947;
15 ; 15 ; 9 ; 0.133589 ; 0.00470462 ; 0.00895962 ; 101.833;
16 ; 15 ; 9 ; 0.142679 ; 0.0278066 ; 0.0245514 ; 100.387;
17 ; 15 ; 9 ; 0.128624 ; 0.0185951 ; -0.0140821 ; 101.325;
18 ; 15 ; 9 ; 0.137234 ; 0.00651904 ; 0.00145381 ; 101.088;
19 ; 15 ; 9 ; 0.147092 ; -0.00289308 ; -0.00266167 ; 101.183;
20 ; 15 ; 9 ; 0.157833 ; 0.0298348 ; -0.00621591 ; 101.704;
21 ; 15 ; 9 ; 0.138269 ; -0.0111434 ; -0.00396223 ; 101.952;
4 ; 16 ; 9 ; 0.0992621 ; 0.0156169 ; 0.0268542 ; 103.821;
5 ; 16 ; 9 ; 0.112377 ; 0.00114089 ; 0.00222603 ; 101.659;
6 ; 16 ; 9 ; 0.135302 ; -0.0122827 ; 0.00712932 ; 101.912;
7 ; 16 ; 9 ; 0.139845 ; -0.00566908 ; 0.0229253 ; 101.615;
8 ; 16 ; 9 ; 0.141788 ; -0.0133585 ; 0.0365287 ; 100.416;
9 ; 16 ; 9 ; 0.123475 ; 0.0139654 ; 0.0107462 ; 101.863;
10 ; 16 ; 9 ; 0.122654 ; 0.00632339 ; -0.000509188 ; 101.706;
11 ; 16 ; 9 ; 0.134691 ; -0.000156901 ; 0.00141867 ; 102.144;
12 ; 16 ; 9 ; 0.11381 ; -0.0134286 ; 0.0214847 ; 102.882;
13 ; 16 ; 9 ; 0.113088 ; 0.000197169 ; -0.0271215 ; 101.56;
14 ; 16 ; 9 ; 0.126299 ; -0.000743159 ; -0.0181226 ; 101.68;
15 ; 16 ; 9 ; 0.131413 ; 0.000720622 ; -0.00889927 ; 102.124;
16 ; 16 ; 9 ; 0.122365 ; 0.0182131 ; 0.0119086 ; 102.772;
17 ; 16 ; 9 ; 0.137785 ; 0.0160398 ; -0.0104302 ; 101.47;
18 ; 16 ; 9 ; 0.132884 ; 0.0136147 ; -0.00690893 ; 101.714;
19 ; 16 ; 9 ; 0.126971 ; -0.00397299 ; -0.00788388 ; 101.429;
20 ; 16 ; 9 ; 0.130072 ; -0.0168321 ; -0.0229906 ; 101.281;
21 ; 16 ; 9 ; 0.135469 ; 0.00209673 ; 0.0104389 ; 101.752;
4 ; 17 ; 9 ; 0.117643 ; 7.81991e-05 ; -0.00115263 ; 101.353;
5 ; 17 ; 9 ; 0.121559 ; 0.00573834 ; 0.0116667 ; 101.675;
6 ; 17 ; 9 ; 0.1119 ; -0.0184488 ; -0.00765737 ; 102.348;
7 ; 17 ; 9 ; 0.13896 ; 0.0213892 ; 0.0227816 ; 102.479;
8 ; 17 ; 9 ; 0.126369 ; 0.0154007 ; 0.018601 ; 102.102;
9 ; 17 ; 9 ; 0.11705 ; 0.030899 ; 0.00710831 ; 101.992;
10 ; 17 ; 9 ; 0.116106 ; 0.0245169 ; 0.00124045 ; 101.093;
11 ; 17 ; 9 ; 0.128735 ; -0.0112503 ; 0.0118977 ; 101.815;
12 ; 17 ; 9 ; 0.172632 ; -0.00646363 ; 0.00351673 ; 102.104;
13 ; 17 ; 9 ; 0.125046 ; 0.000172185 ; -0.0194368 ; 101.383;
14 ; 17 ; 9 ; 0.143836 ; 0.0103455 ; 0.00832204 ; 102.336;
15 ; 17 ; 9 ; 0.148204 ; 0.0148547 ; -0.00274125 ; 101.705;
16 ; 17 ; 9 ; 0.136507 ; -0.000574828 ; -0.03584 ; 102.399;
17 ; 17 ; 9 ; 0.145484 ; -0.00446477 ; 0.00712707 ; 102.234;
18 ; 17 ; 9 ; 0.151103 ; 0.0160983 ; 0.00470204 ; 102.208;
19 ; 17 ; 9 ; 0.117221 ; 0.00788338 ; -0.00486546 ; 101.914;
20 ; 17 ; 9 ; 0.12344 ; 0.0110575 ; -0.00662693 ; 101.625;
21 ; 17 ; 9 ; 0.111103 ; 0.00571463 ; -0.00674437 ; 101.359;
4 ; 18 ; 9 ; 0.105176 ; -0.0133311 ; -0.0223259 ; 100.866;
5 ; 18 ; 9 ; 0.122268 ; 0.00666221 ; 0.0233811 ; 101.784;
6 ; 18 ; 9 ; 0.0976752 ; -0.0224371 ; -0.022188 ; 102.756;
7 ; 18 ; 9 ; 0.145551 ; 0.0370738 ; 0.017608 ; 102.769;
8 ; 18 ; 9 ; 0.158048 ; -0.0104897 ; -0.0114794 ; 101.775;
9 ; 18 ; 9 ; 0.107763 ; 0.0322152 ; -0.00833919 ; 102.28;
10 ; 18 ; 9 ; 0.102045 ; 0.0372541 ; -0.0157053 ; 100.677;
11 ; 18 ; 9 ; 0.108711 ; -0.0220687 ; 0.0175271 ; 101.694;
12 ; 18 ; 9 ; 0.170407 ; -0.00399461 ; -0.0226044 ; 101.272;
13 ; 18 ; 9 ; 0.134016 ; 0.00613856 ; -0.0193336 ; 101.397;
14 ; 18 ; 9 ; 0.161698 ; 0.0262388 ; 0.0275416 ; 102.945;
15 ; 18 ; 9 ; 0.165795 ; 0.0305187 ; 0.0117033 ; 101.418;
16 ; 18 ; 9 ; 0.157042 ; 0.00700998 ; -0.01615 ; 100.991;
17 ; 18 ; 9 ; 0.146675 ; -0.0118336 ; 0.0174112 ; 102.776;
18 ; 18 ; 9 ; 0.16298 ; 0.00851733 ; 0.0183803 ; 102.221;
19 ; 18 ; 9 ; 0.115482 ; 0.0047406 ; -3.58729e-05 ; 102.004;
20 ; 18 ; 9 ; 0.13173 ; 0.00703607 ; 0.00768595 ; 101;
21 ; 18 ; 9 ; 0.0823461 ; -0.0100777 ; -0.00536519 ; 101.702;
4 ; 19 ; 9 ; 0.159398 ; 0.00121464 ; 0.000565374 ; 100.247;
5 ; 19 ; 9 ; 0.128761 ; 0.00593657 ; 0.0142222 ; 101.117;
6 ; 19 ; 9 ; 0.13269 ; -0.000703736 ; 0.0117348 ; 100.948;
7 ; 19 ; 9 ; 0.115713 ; -0.00845619 ; 0.00836472 ; 101.743;
8 ; 19 ; 9 ; 0.115638 ; -0.01017 ; 0.00631037 ; 101.867;
9 ; 19 ; 9 ; 0.125394 ; 0.00834807 ; 0.00554616 ; 101.899;
10 ; 19 ; 9 ; 0.120396 ; 0.00880535 ; 0.000657897 ; 101.814;
11 ; 19 ; 9 ; 0.12145 ; -0.00134171 ; -0.00530336 ; 101.595;
12 ; 19 ; 9 ; 0.122414 ; -0.0332553 ; -0.0190785 ; 101.218;
13 ; 19 ; 9 ; 0.142706 ; 0.0058543 ; -0.00388801 ; 102.293;
14 ; 19 ; 9 ; 0.129366 ; 0.00415931 ; 0.00729513 ; 102.288;
15 ; 19 ; 9 ; 0.127025 ; -0.00376243 ; -0.000387684 ; 101.766;
16 ; 19 ; 9 ; 0.132725 ; -0.00771671 ; 0.0109978 ; 101.465;
17 ; 19 ; 9 ; 0.141202 ; 0.0237179 ; -0.0193591 ; 102.046;
18 ; 19 ; 9 ; 0.138362 ; 0.0319466 ; -0.00746908 ; 102.168;
19 ; 19 ; 9 ; 0.124241 ; 0.000213202 ; -0.010779 ; 101.752;
20 ; 19 ; 9 ; 0.108145 ; -0.0450605 ; -0.0225573 ; 100.617;
21 ; 19 ; 9 ; 0.140622 ; 0.00533541 ; 0.0540937 ; 101.772;
4 ; 20 ; 9 ; 0.138779 ; -0.0366211 ; -0.00306384 ; 104.877;
5 ; 20 ; 9 ; 0.116165 ; 0.0122671 ; 0.0191339 ; 101.378;
6 ; 20 ; 9 ; 0.148101 ; -0.00456024 ; -0.00432913 ; 101.054;
7 ; 20 ; 9 ; 0.140156 ; -0.0302064 ; 0.00854499 ; 101.328;
8 ; 20 ; 9 ; 0.101325 ; -0.00578437 ; -0.0157222 ; 102.136;
9 ; 20 ; 9 ; 0.119977 ; 0.0122723 ; 0.0114879 ; 100.984;
10 ; 20 ; 9 ; 0.119035 ; 0.0349962 ; 0.0114344 ; 101.779;
11 ; 20 ; 9 ; 0.125643 ; 0.00760732 ; 0.0040556 ; 101.597;
12 ; 20 ; 9 ; 0.143762 ; 0.0325943 ; 0.0161469 ; 101.888;
13 ; 20 ; 9 ; 0.12255 ; 0.0141205 ; 0.000619362 ; 101.52;
14 ; 20 ; 9 ; 0.109369 ; -0.00581201 ; 0.00716588 ; 102.535;
15 ; 20 ; 9 ; 0.129472 ; -0.000909303 ; -0.00113 ; 102.492;
16 ; 20 ; 9 ; 0.143766 ; -0.00793511 ; -0.0149001 ; 101.829;
17 ; 20 ; 9 ; 0.136778 ; 0.0136426 ; -0.0119014 ; 102.03;
18 ; 20 ; 9 ; 0.138889 ; 0.0181182 ; -0.00415851 ; 101.691;
19 ; 20 ; 9 ; 0.128793 ; 0.0110263 ; 0.00189723 ; 102.55;
20 ; 20 ; 9 ; 0.12803 ; -0.0187956 ; 0.0125677 ; 102.082;
21 ; 20 ; 9 ; 0.147329 ; -0.0105085 ; 0.0182571 ; 101.186;
4 ; 21 ; 9 ; 0.133069 ; -0.0112734 ; -0.0106448 ; 101.328;
5 ; 21 ; 9 ; 0.112608 ; 0.0195164 ; 0.024005 ; 101.263;
6 ; 21 ; 9 ; 0.157037 ; -0.00518032 ; -0.00598485 ; 100.809;
7 ; 21 ; 9 ; 0.15725 ; -0.0448686 ; 0.0195028 ; 100.858;
8 ; 21 ; 9 ; 0.0756363 ; -0.00369026 ; 0.0296891 ; 101.584;
9 ; 21 ; 9 ; 0.122375 ; 0.00749094 ; 0.00928372 ; 100.441;
10 ; 21 ; 9 ; 0.137485 ; 0.0493114 ; 0.0262241 ; 102.25;
11 ; 21 ; 9 ; 0.136001 ; 0.000610196 ; 0.0106141 ; 101.631;
12 ; 21 ; 9 ; 0.138083 ; 0.0353921 ; 0.01026 ; 101.498;
13 ; 21 ; 9 ; 0.107106 ; 0.0327747 ; -0.00958895 ; 100.911;
14 ; 21 ; 9 ; 0.0939171 ; -0.00249545 ; -0.000551339 ; 102.379;
15 ; 21 ; 9 ; 0.128445 ; 0.00335402 ; 0.00382857 ; 102.854;
16 ; 21 ; 9 ; 0.130772 ; -0.0163007 ; -0.00274755 ; 101.739;
17 ; 21 ; 9 ; 0.129353 ; 0.00694992 ; -0.00808553 ; 101.736;
18 ; 21 ; 9 ; 0.133413 ; 0.0108576 ; 0.000829109 ; 101.36;
19 ; 21 ; 9 ; 0.126518 ; 0.0171961 ; 0.0053843 ; 102.973;
20 ; 21 ; 9 ; 0.167409 ; 0.0110549 ; 0.00264406 ; 100.866;
21 ; 21 ; 9 ; 0.119593 ; 0.022831 ; 0.028687 ; 100.823;
4 ; 4 ; 10 ; 0.0649455 ; 0.0398413 ; -0.0316233 ; 102.444;
5 ; 4 ; 10 ; 0.0649838 ; 0.000225357 ; 0.00128291 ; 101.315;
6 ; 4 ; 10 ; 0.0721654 ; -0.00169277 ; -0.00121652 ; 101.836;
7 ; 4 ; 10 ; 0.0796993 ; -0.011255 ; 0.00421018 ; 102.105;
8 ; 4 ; 10 ; 0.0765669 ; -0.0239174 ; -0.00744911 ; 102.429;
9 ; 4 ; 10 ; 0.0893108 ; -0.00902731 ; -0.00435346 ; 101.583;
10 ; 4 ; 10 ; 0.086847 ; 0.000781489 ; -0.000223381 ; 101.556;
11 ; 4 ; 10 ; 0.0880323 ; 0.0103478 ; 0.0105739 ; 101.895;
12 ; 4 ; 10 ; 0.0911879 ; 0.0201576 ; -0.00200181 ; 101.392;
13 ; 4 ; 10 ; 0.0989909 ; 0.017298 ; 0.000417727 ; 101.809;
14 ; 4 ; 10 ; 0.106949 ; 0.00674906 ; -0.014659 ; 101.733;
15 ; 4 ; 10 ; 0.092004 ; 0.0083777 ; -0.0182811 ; 101.599;
16 ; 4 ; 10 ; 0.0656281 ; 0.0268369 ; 0.00216042 ; 100.796;
17 ; 4 ; 10 ; 0.0999858 ; -0.00878971 ; 0.00372491 ; 101.974;
18 ; 4 ; 10 ; 0.0979001 ; -0.0112019 ; 0.00483359 ; 102.202;
19 ; 4 ; 10 ; 0.10143 ; 0.00527028 ; 0.00307169 ; 102.07;
20 ; 4 ; 10 ; 0.108377 ; 0.0386275 ; 0.0140099 ; 101.411;
21 ; 4 ; 10 ; 0.085768 ; -0.0294474 ; 0.00341781 ; 101.681;
4 ; 5 ; 10 ; 0.071712 ; 0.00659573 ; 0.0237615 ; 101.892;
5 ; 5 ; 10 ; 0.0800411 ; 0.0154099 ; -0.00780252 ; 101.412;
6 ; 5 ; 10 ; 0.0756658 ; 0.00382788 ; -0.00621044 ; 101.834;
7 ; 5 ; 10 ; 0.0781913 ; -0.00183359 ; 0.0015661 ; 101.921;
8 ; 5 ; 10 ; 0.0797252 ; -0.0191332 ; 0.00439599 ; 102.306;
9 ; 5 ; 10 ; 0.0879189 ; -0.0031764 ; -0.0143729 ; 102.242;
10 ; 5 ; 10 ; 0.0842197 ; -0.00101665 ; -0.00215243 ; 101.815;
11 ; 5 ; 10 ; 0.0858425 ; 0.00693529 ; 0.0124352 ; 101.805;
12 ; 5 ; 10 ; 0.0932791 ; 0.0184771 ; 0.00840554 ; 101.764;
13 ; 5 ; 10 ; 0.0931256 ; 0.0133893 ; -0.00815208 ; 101.918;
14 ; 5 ; 10 ; 0.100941 ; 0.00658319 ; -0.00886391 ; 101.873;
15 ; 5 ; 10 ; 0.0965451 ; 0.0108251 ; -0.0109329 ; 101.705;
16 ; 5 ; 10 ; 0.07659 ; 0.0148158 ; -0.0087752 ; 101.165;
17 ; 5 ; 10 ; 0.114982 ; -0.0147306 ; -0.0221332 ; 101.769;
18 ; 5 ; 10 ; 0.0970737 ; -0.0112179 ; -0.0019255 ; 102.067;
19 ; 5 ; 10 ; 0.0916754 ; -0.00214943 ; -0.00172658 ; 102.105;
20 ; 5 ; 10 ; 0.102702 ; 0.0260982 ; 0.00410208 ; 101.613;
21 ; 5 ; 10 ; 0.0776539 ; 0.0240913 ; -0.0242295 ; 102.296;
4 ; 6 ; 10 ; 0.09281 ; -0.020668 ; -0.00370572 ; 101.004;
5 ; 6 ; 10 ; 0.0852978 ; 0.0345539 ; -0.0187315 ; 101.568;
6 ; 6 ; 10 ; 0.0827237 ; 0.00483392 ; -0.00713968 ; 101.698;
7 ; 6 ; 10 ; 0.0802254 ; 0.00282142 ; 0.00378705 ; 101.742;
8 ; 6 ; 10 ; 0.0787481 ; 0.00709491 ; 0.016479 ; 101.513;
9 ; 6 ; 10 ; 0.0755513 ; 0.00182109 ; -0.0193728 ; 102.637;
10 ; 6 ; 10 ; 0.0873324 ; -0.00556906 ; -0.00388313 ; 102.062;
11 ; 6 ; 10 ; 0.0868859 ; 0.00213811 ; 0.0156742 ; 101.882;
12 ; 6 ; 10 ; 0.0878585 ; 0.0127981 ; 0.0233982 ; 101.526;
13 ; 6 ; 10 ; 0.0880667 ; 0.0036861 ; -0.00952409 ; 101.676;
14 ; 6 ; 10 ; 0.0945329 ; 0.0106307 ; -0.00574462 ; 102.024;
15 ; 6 ; 10 ; 0.100281 ; 0.0118713 ; -0.00761881 ; 101.854;
16 ; 6 ; 10 ; 0.106002 ; 0.0121989 ; -0.0103067 ; 101.456;
17 ; 6 ; 10 ; 0.112151 ; 0.00168962 ; -0.0324722 ; 101.242;
18 ; 6 ; 10 ; 0.104174 ; -0.0172551 ; -0.0119524 ; 102.087;
19 ; 6 ; 10 ; 0.0873192 ; -0.0121963 ; -0.00992555 ; 102.172;
20 ; 6 ; 10 ; 0.0908923 ; 0.0032922 ; -0.00713042 ; 102.38;
21 ; 6 ; 10 ; 0.0842471 ; 0.0080695 ; -0.00784983 ; 101.768;
4 ; 7 ; 10 ; 0.0657886 ; 0.00819266 ; -0.0162008 ; 101.674;
5 ; 7 ; 10 ; 0.0949379 ; 0.00475496 ; 0.012548 ; 101.575;
6 ; 7 ; 10 ; 0.104915 ; 0.0130262 ; -0.000294424 ; 101.468;
7 ; 7 ; 10 ; 0.10471 ; 0.0171723 ; 0.000498348 ; 101.517;
8 ; 7 ; 10 ; 0.0951815 ; 0.0287401 ; 0.00141938 ; 101.622;
9 ; 7 ; 10 ; 0.0808629 ; -0.00344405 ; -0.0101394 ; 101.166;
10 ; 7 ; 10 ; 0.0906732 ; -0.0114014 ; -0.018959 ; 101.564;
11 ; 7 ; 10 ; 0.0829902 ; -0.000865539 ; -0.0101764 ; 101.894;
12 ; 7 ; 10 ; 0.0619722 ; 0.0311918 ; 0.0125654 ; 101.726;
13 ; 7 ; 10 ; 0.0662525 ; 0.0035862 ; 0.00618444 ; 101.293;
14 ; 7 ; 10 ; 0.0746593 ; 0.0117206 ; -0.00194836 ; 101.655;
15 ; 7 ; 10 ; 0.0955289 ; -0.0016289 ; -0.000775143 ; 101.651;
16 ; 7 ; 10 ; 0.115775 ; -0.0256991 ; 0.0118853 ; 101.354;
17 ; 7 ; 10 ; 0.0906817 ; 0.0280668 ; -0.00961193 ; 101.302;
18 ; 7 ; 10 ; 0.0814198 ; 0.0166391 ; -0.011418 ; 101.149;
19 ; 7 ; 10 ; 0.0818903 ; 0.00452358 ; 0.00447853 ; 101.19;
20 ; 7 ; 10 ; 0.0898021 ; 0.0121019 ; 0.00364692 ; 100.767;
21 ; 7 ; 10 ; 0.0585925 ; 0.00922883 ; 0.0167133 ; 101.356;
4 ; 8 ; 10 ; 0.0922666 ; -0.0183399 ; -0.0217857 ; 102.042;
5 ; 8 ; 10 ; 0.0907508 ; 0.0119293 ; -0.00685924 ; 101.637;
6 ; 8 ; 10 ; 0.0988244 ; 0.00891611 ; -0.000153808 ; 101.629;
7 ; 8 ; 10 ; 0.101854 ; 0.00582678 ; 0.00597511 ; 101.753;
8 ; 8 ; 10 ; 0.0969421 ; 0.015387 ; -0.000830173 ; 101.55;
9 ; 8 ; 10 ; 0.0927355 ; -0.00709124 ; -0.0102317 ; 101.675;
10 ; 8 ; 10 ; 0.0911157 ; -0.0125258 ; -0.0132219 ; 101.699;
11 ; 8 ; 10 ; 0.0872233 ; -0.0112359 ; -0.00389024 ; 101.941;
12 ; 8 ; 10 ; 0.0722613 ; 0.0110301 ; 0.0025217 ; 101.98;
13 ; 8 ; 10 ; 0.0834037 ; 0.0140639 ; -0.00327163 ; 101.956;
14 ; 8 ; 10 ; 0.0796755 ; 0.0123285 ; -0.00419341 ; 101.832;
15 ; 8 ; 10 ; 0.0949014 ; 0.00130282 ; -0.00528146 ; 101.648;
16 ; 8 ; 10 ; 0.106939 ; -0.0123235 ; 0.00319031 ; 101.383;
17 ; 8 ; 10 ; 0.0807645 ; 0.0109695 ; 0.0127068 ; 101.723;
18 ; 8 ; 10 ; 0.0818999 ; 0.00987235 ; -0.000293725 ; 101.416;
19 ; 8 ; 10 ; 0.0806014 ; 0.00374445 ; 0.00984672 ; 101.327;
20 ; 8 ; 10 ; 0.0854286 ; 0.00376243 ; 0.0180799 ; 101.064;
21 ; 8 ; 10 ; 0.0924305 ; -0.0105926 ; -0.0115884 ; 101.362;
4 ; 9 ; 10 ; 0.0664035 ; 0.014763 ; -0.00848423 ; 100.783;
5 ; 9 ; 10 ; 0.0963261 ; -0.00348055 ; -0.0145768 ; 102.139;
6 ; 9 ; 10 ; 0.0941484 ; -0.00650325 ; -0.000854235 ; 101.871;
7 ; 9 ; 10 ; 0.0994385 ; -0.0183454 ; 0.00927145 ; 101.972;
8 ; 9 ; 10 ; 0.101153 ; -0.0106502 ; 0.0113605 ; 101.955;
9 ; 9 ; 10 ; 0.0832906 ; 0.00479429 ; -0.00412108 ; 101.815;
10 ; 9 ; 10 ; 0.0869488 ; -0.0115151 ; -0.00315566 ; 101.928;
11 ; 9 ; 10 ; 0.0894414 ; -0.0227617 ; 0.0070335 ; 102.084;
12 ; 9 ; 10 ; 0.0935573 ; -0.0291059 ; -0.00119685 ; 102.203;
13 ; 9 ; 10 ; 0.0794392 ; 0.0125335 ; -0.0160651 ; 102.157;
14 ; 9 ; 10 ; 0.0818299 ; 0.0110789 ; -0.010541 ; 101.992;
15 ; 9 ; 10 ; 0.0866472 ; 0.00791272 ; -0.0126402 ; 101.671;
16 ; 9 ; 10 ; 0.0964339 ; 0.000764059 ; -0.0111174 ; 101.348;
17 ; 9 ; 10 ; 0.0730883 ; 0.0049471 ; 0.0175752 ; 101.283;
18 ; 9 ; 10 ; 0.0739635 ; 0.000442609 ; 0.0151577 ; 101.586;
19 ; 9 ; 10 ; 0.0725217 ; -0.00145862 ; 0.0135108 ; 101.46;
20 ; 9 ; 10 ; 0.0789517 ; 0.00510194 ; 0.023881 ; 101.297;
21 ; 9 ; 10 ; 0.0890934 ; 0.0261009 ; -0.0241012 ; 103.341;
4 ; 10 ; 10 ; 0.0511536 ; 0.0347349 ; 0.0429022 ; 101.534;
5 ; 10 ; 10 ; 0.0864568 ; -0.0158763 ; -0.00137651 ; 102.031;
6 ; 10 ; 10 ; 0.0883723 ; -0.0140655 ; -0.00345313 ; 102.096;
7 ; 10 ; 10 ; 0.0944177 ; -0.0213242 ; 0.00304646 ; 102.092;
8 ; 10 ; 10 ; 0.106718 ; -0.0309564 ; 0.0144252 ; 102.185;
9 ; 10 ; 10 ; 0.0821999 ; 0.00365027 ; 0.00665878 ; 102.494;
10 ; 10 ; 10 ; 0.0839451 ; -0.00553853 ; 0.00474662 ; 102.225;
11 ; 10 ; 10 ; 0.0875931 ; -0.0175931 ; 0.00955928 ; 102.116;
12 ; 10 ; 10 ; 0.0959112 ; -0.0367451 ; 0.0147131 ; 102.139;
13 ; 10 ; 10 ; 0.0779153 ; -0.0111592 ; -0.0201616 ; 102.1;
14 ; 10 ; 10 ; 0.0772941 ; 0.00325387 ; -0.0126578 ; 102.01;
15 ; 10 ; 10 ; 0.0771747 ; 0.00698882 ; -0.00542224 ; 101.862;
16 ; 10 ; 10 ; 0.0839104 ; 0.002018 ; -0.016472 ; 101.512;
17 ; 10 ; 10 ; 0.0593519 ; 0.010875 ; -0.00229341 ; 101.204;
18 ; 10 ; 10 ; 0.0674303 ; -0.00217944 ; 0.0128102 ; 101.468;
19 ; 10 ; 10 ; 0.070525 ; -0.0048557 ; 0.00649846 ; 101.438;
20 ; 10 ; 10 ; 0.0724347 ; 0.00588786 ; 0.000405728 ; 101.266;
21 ; 10 ; 10 ; 0.0417013 ; -0.0316712 ; -0.00462947 ; 102.604;
4 ; 11 ; 10 ; 0.0474173 ; 0.0246794 ; 0.0309378 ; 104.004;
5 ; 11 ; 10 ; 0.0718688 ; -0.0300724 ; 0.0150314 ; 101.283;
6 ; 11 ; 10 ; 0.0829164 ; -0.0171401 ; 0.00199381 ; 101.931;
7 ; 11 ; 10 ; 0.0867925 ; -0.00544668 ; 0.000471873 ; 102.003;
8 ; 11 ; 10 ; 0.0960582 ; -0.0176015 ; -0.00490071 ; 101.931;
9 ; 11 ; 10 ; 0.101113 ; -0.00235021 ; 0.00416572 ; 102.079;
10 ; 11 ; 10 ; 0.0914494 ; 0.00357395 ; 0.00843732 ; 102.389;
11 ; 11 ; 10 ; 0.0876476 ; -0.00428885 ; 0.00514165 ; 102.224;
12 ; 11 ; 10 ; 0.0853203 ; -0.0172941 ; 0.0101982 ; 101.927;
13 ; 11 ; 10 ; 0.0882241 ; 0.0119435 ; -0.0166443 ; 101.839;
14 ; 11 ; 10 ; 0.0756567 ; 0.0053765 ; -0.0103622 ; 101.892;
15 ; 11 ; 10 ; 0.0735758 ; 0.00362346 ; 0.00197172 ; 101.813;
16 ; 11 ; 10 ; 0.0753138 ; 0.00732274 ; 0.00384714 ; 102.028;
17 ; 11 ; 10 ; 0.082721 ; 0.0391043 ; -0.00104848 ; 101.705;
18 ; 11 ; 10 ; 0.0696557 ; 0.010221 ; 0.00374282 ; 101.591;
19 ; 11 ; 10 ; 0.07284 ; -0.00638953 ; 0.00230301 ; 101.695;
20 ; 11 ; 10 ; 0.0762472 ; -0.00450565 ; -0.00492786 ; 101.485;
21 ; 11 ; 10 ; 0.0788457 ; 0.00906016 ; -0.00446848 ; 101.563;
4 ; 12 ; 10 ; 0.082955 ; -0.00269546 ; -0.00356467 ; 99.8888;
5 ; 12 ; 10 ; 0.0764684 ; -0.0450937 ; 0.0233988 ; 100.859;
6 ; 12 ; 10 ; 0.0765244 ; -0.0139562 ; 0.00567086 ; 101.842;
7 ; 12 ; 10 ; 0.0809387 ; 0.0078939 ; 0.00227568 ; 102.054;
8 ; 12 ; 10 ; 0.0853031 ; 0.0161995 ; 0.00796438 ; 101.967;
9 ; 12 ; 10 ; 0.113296 ; -0.00369784 ; -0.00522399 ; 101.208;
10 ; 12 ; 10 ; 0.0992709 ; 0.00773288 ; 0.0101008 ; 102.47;
11 ; 12 ; 10 ; 0.0906286 ; 0.000840474 ; 0.0020137 ; 102.251;
12 ; 12 ; 10 ; 0.0896601 ; -0.017478 ; -0.0131436 ; 101.899;
13 ; 12 ; 10 ; 0.0900411 ; 0.0408451 ; -0.0156719 ; 101.657;
14 ; 12 ; 10 ; 0.0782205 ; 0.00861598 ; -0.00751729 ; 101.9;
15 ; 12 ; 10 ; 0.075886 ; 0.000264544 ; 0.00609774 ; 101.759;
16 ; 12 ; 10 ; 0.084932 ; 0.00226958 ; 0.0163921 ; 101.651;
17 ; 12 ; 10 ; 0.102298 ; 0.0622599 ; 0.007623 ; 101.764;
18 ; 12 ; 10 ; 0.0767923 ; 0.0171074 ; -0.000362379 ; 101.816;
19 ; 12 ; 10 ; 0.0778541 ; -0.00479766 ; 0.0025652 ; 101.898;
20 ; 12 ; 10 ; 0.0819051 ; -0.00660043 ; 0.00593783 ; 101.923;
21 ; 12 ; 10 ; 0.0800059 ; -0.00212629 ; -0.025567 ; 102.039;
4 ; 13 ; 10 ; 0.0755253 ; -0.0145032 ; -0.034799 ; 102.181;
5 ; 13 ; 10 ; 0.101796 ; -0.00856211 ; 0.00862887 ; 101.325;
6 ; 13 ; 10 ; 0.103744 ; -0.00340905 ; 0.000940167 ; 101.359;
7 ; 13 ; 10 ; 0.0943559 ; -0.00662035 ; -0.0015784 ; 101.619;
8 ; 13 ; 10 ; 0.0643088 ; 0.00132506 ; -0.0306135 ; 102.008;
9 ; 13 ; 10 ; 0.0904116 ; -0.00013634 ; -0.0026916 ; 101.697;
10 ; 13 ; 10 ; 0.0955899 ; 0.0023375 ; 0.00160981 ; 101.439;
11 ; 13 ; 10 ; 0.101276 ; 0.0157655 ; 0.0115027 ; 101.55;
12 ; 13 ; 10 ; 0.0820704 ; 0.0358853 ; 0.0290712 ; 101.868;
13 ; 13 ; 10 ; 0.111572 ; -0.000825757 ; 0.000645591 ; 101.637;
14 ; 13 ; 10 ; 0.109072 ; -0.0114965 ; -0.0111171 ; 101.892;
15 ; 13 ; 10 ; 0.0748288 ; 0.000175006 ; -0.0159525 ; 102.014;
16 ; 13 ; 10 ; 0.0441713 ; 0.0342233 ; -0.00992652 ; 103.501;
17 ; 13 ; 10 ; 0.0832472 ; -0.0132145 ; -0.0300676 ; 101.454;
18 ; 13 ; 10 ; 0.0959239 ; -0.0148838 ; -0.0326426 ; 101.472;
19 ; 13 ; 10 ; 0.0893813 ; -0.015682 ; -0.019896 ; 101.57;
20 ; 13 ; 10 ; 0.051172 ; 0.00224918 ; -0.00993326 ; 101.671;
21 ; 13 ; 10 ; 0.0465158 ; 0.0268915 ; -0.0211203 ; 101.773;
4 ; 14 ; 10 ; 0.0681013 ; 0.000106528 ; -0.0494267 ; 100.889;
5 ; 14 ; 10 ; 0.106797 ; 0.00705708 ; 0.00513802 ; 101.169;
6 ; 14 ; 10 ; 0.102002 ; -0.00168649 ; 2.61641e-05 ; 101.327;
7 ; 14 ; 10 ; 0.0923053 ; -0.00695934 ; -0.0011818 ; 101.551;
8 ; 14 ; 10 ; 0.079692 ; -0.00490052 ; -0.00982395 ; 101.969;
9 ; 14 ; 10 ; 0.0838058 ; -0.000504538 ; -0.00293964 ; 102.161;
10 ; 14 ; 10 ; 0.0937842 ; 0.0036657 ; 0.0033133 ; 101.733;
11 ; 14 ; 10 ; 0.100201 ; 0.0119551 ; 0.0128796 ; 101.797;
12 ; 14 ; 10 ; 0.092477 ; 0.0240998 ; 0.0192234 ; 101.853;
13 ; 14 ; 10 ; 0.103945 ; -0.00195952 ; 0.00672624 ; 102.065;
14 ; 14 ; 10 ; 0.0999742 ; -0.00736543 ; -0.00658046 ; 101.841;
15 ; 14 ; 10 ; 0.0733388 ; 9.18655e-05 ; -0.0134665 ; 101.691;
16 ; 14 ; 10 ; 0.0497923 ; 0.0236769 ; -0.0117741 ; 102.277;
17 ; 14 ; 10 ; 0.0832873 ; -0.00825398 ; -0.0321014 ; 102.245;
18 ; 14 ; 10 ; 0.094156 ; -0.0100895 ; -0.0288511 ; 101.777;
19 ; 14 ; 10 ; 0.0962856 ; -0.00926923 ; -0.0148297 ; 101.757;
20 ; 14 ; 10 ; 0.0772385 ; -0.0086433 ; -0.0119064 ; 101.302;
21 ; 14 ; 10 ; 0.120247 ; 0.0227239 ; -0.0278649 ; 101.9;
4 ; 15 ; 10 ; 0.111687 ; -0.00226064 ; 0.0212307 ; 101.297;
5 ; 15 ; 10 ; 0.0867331 ; 0.0199426 ; -0.00614699 ; 101.3;
6 ; 15 ; 10 ; 0.0927736 ; 0.00566196 ; -0.000414772 ; 101.365;
7 ; 15 ; 10 ; 0.0894383 ; -0.00554803 ; 0.00417648 ; 101.641;
8 ; 15 ; 10 ; 0.087964 ; -0.00703201 ; 0.00618346 ; 101.641;
9 ; 15 ; 10 ; 0.0832082 ; -0.000912667 ; -0.00224235 ; 102.171;
10 ; 15 ; 10 ; 0.0919503 ; 0.00382789 ; 0.00448288 ; 102.131;
11 ; 15 ; 10 ; 0.0990859 ; 0.00142993 ; 0.0148776 ; 102.064;
12 ; 15 ; 10 ; 0.103222 ; 0.0080761 ; 0.0163173 ; 102.069;
13 ; 15 ; 10 ; 0.0879418 ; -0.010032 ; 0.00593197 ; 101.607;
14 ; 15 ; 10 ; 0.0854914 ; -0.010776 ; 0.000536116 ; 101.601;
15 ; 15 ; 10 ; 0.0743656 ; -0.00645273 ; -0.0126855 ; 101.299;
16 ; 15 ; 10 ; 0.0580781 ; 0.00819722 ; -0.0129872 ; 100.826;
17 ; 15 ; 10 ; 0.0848726 ; 0.00862258 ; -0.0171864 ; 101.857;
18 ; 15 ; 10 ; 0.0911344 ; 0.00393596 ; -0.0169398 ; 102.085;
19 ; 15 ; 10 ; 0.104765 ; 0.00560277 ; 7.85961e-05 ; 102.026;
20 ; 15 ; 10 ; 0.112914 ; -0.00647291 ; -0.00998186 ; 101.434;
21 ; 15 ; 10 ; 0.0777175 ; -0.00719469 ; 0.00895239 ; 101.509;
4 ; 16 ; 10 ; 0.0682661 ; 0.0120421 ; 0.0131583 ; 101.176;
5 ; 16 ; 10 ; 0.064728 ; 0.0174262 ; -0.00524137 ; 101.699;
6 ; 16 ; 10 ; 0.0742484 ; 0.00643812 ; -0.00600001 ; 101.666;
7 ; 16 ; 10 ; 0.0781089 ; -0.00563594 ; 0.0010119 ; 101.751;
8 ; 16 ; 10 ; 0.0838316 ; -0.00337557 ; 0.00525613 ; 101.682;
9 ; 16 ; 10 ; 0.0837774 ; 0.00429495 ; -0.0102078 ; 101.8;
10 ; 16 ; 10 ; 0.0866359 ; 0.00325661 ; 0.00502542 ; 101.989;
11 ; 16 ; 10 ; 0.0925579 ; -0.00257311 ; 0.0169931 ; 101.803;
12 ; 16 ; 10 ; 0.10201 ; -0.00305232 ; 0.0239222 ; 102.037;
13 ; 16 ; 10 ; 0.0909973 ; -0.0113938 ; -0.010441 ; 101.54;
14 ; 16 ; 10 ; 0.0830686 ; -0.0159112 ; -0.00424351 ; 101.704;
15 ; 16 ; 10 ; 0.0810123 ; -0.0154828 ; -0.015895 ; 101.655;
16 ; 16 ; 10 ; 0.0725699 ; -0.00608967 ; -0.0225568 ; 101.369;
17 ; 16 ; 10 ; 0.0924557 ; 0.0163857 ; -0.0148848 ; 101.561;
18 ; 16 ; 10 ; 0.0942128 ; 0.0153636 ; -0.00680546 ; 101.857;
19 ; 16 ; 10 ; 0.101016 ; 0.0189347 ; 0.00766893 ; 101.94;
20 ; 16 ; 10 ; 0.113223 ; 0.0175782 ; 0.0119484 ; 102.27;
21 ; 16 ; 10 ; 0.10363 ; -0.0365728 ; -0.0326186 ; 102.339;
4 ; 17 ; 10 ; 0.0686441 ; 0.0121268 ; 0.000561041 ; 101.689;
5 ; 17 ; 10 ; 0.0576657 ; -0.00473296 ; 0.0081606 ; 101.324;
6 ; 17 ; 10 ; 0.0608426 ; 0.00153731 ; -0.00281343 ; 101.615;
7 ; 17 ; 10 ; 0.0720553 ; -0.000927594 ; 0.00278148 ; 101.839;
8 ; 17 ; 10 ; 0.0822379 ; -0.0117945 ; 0.00532958 ; 101.694;
9 ; 17 ; 10 ; 0.0831295 ; 0.0214433 ; 0.00295528 ; 101.255;
10 ; 17 ; 10 ; 0.0892349 ; 0.00409141 ; 0.00598434 ; 101.64;
11 ; 17 ; 10 ; 0.0933222 ; -0.00342429 ; 0.01349 ; 101.532;
12 ; 17 ; 10 ; 0.0940334 ; -0.00343674 ; 0.0165111 ; 101.163;
13 ; 17 ; 10 ; 0.0771103 ; 0.00510195 ; -0.0240673 ; 102.258;
14 ; 17 ; 10 ; 0.0878183 ; -0.0136643 ; -0.00478569 ; 101.869;
15 ; 17 ; 10 ; 0.0903045 ; -0.0160648 ; -0.00575688 ; 101.758;
16 ; 17 ; 10 ; 0.0881918 ; -0.0144754 ; -0.0220136 ; 102.047;
17 ; 17 ; 10 ; 0.10954 ; 0.0165125 ; -0.00731001 ; 101.136;
18 ; 17 ; 10 ; 0.0981267 ; 0.0161067 ; -0.00401275 ; 101.443;
19 ; 17 ; 10 ; 0.0959664 ; 0.0166768 ; 0.000484412 ; 101.599;
20 ; 17 ; 10 ; 0.101518 ; 0.0225882 ; 0.0190157 ; 102.037;
21 ; 17 ; 10 ; 0.0832034 ; 0.00512643 ; -0.0213693 ; 101.895;
4 ; 18 ; 10 ; 0.0951469 ; -0.00826846 ; -0.00657929 ; 101.528;
5 ; 18 ; 10 ; 0.0559515 ; -0.0155594 ; 0.0187576 ; 100.656;
6 ; 18 ; 10 ; 0.0565543 ; -0.00423555 ; -0.00177106 ; 101.528;
7 ; 18 ; 10 ; 0.0680013 ; 0.00118896 ; 0.000726929 ; 101.777;
8 ; 18 ; 10 ; 0.0745561 ; 0.00523374 ; -0.00157871 ; 101.509;
9 ; 18 ; 10 ; 0.0850114 ; 0.0317969 ; 0.0167595 ; 100.916;
10 ; 18 ; 10 ; 0.0901347 ; 0.00575961 ; 0.00788806 ; 101.478;
11 ; 18 ; 10 ; 0.0935398 ; -0.00134245 ; 0.011723 ; 101.462;
12 ; 18 ; 10 ; 0.0870635 ; 0.00584708 ; 0.00967901 ; 100.816;
13 ; 18 ; 10 ; 0.0613121 ; 0.00709941 ; -0.025575 ; 102.477;
14 ; 18 ; 10 ; 0.0905448 ; -0.00592601 ; -0.00503801 ; 102.076;
15 ; 18 ; 10 ; 0.0939657 ; -0.0124909 ; 0.0025242 ; 101.748;
16 ; 18 ; 10 ; 0.0890241 ; -0.000114069 ; -0.00934876 ; 101.693;
17 ; 18 ; 10 ; 0.11827 ; 0.0191463 ; 0.00401483 ; 100.721;
18 ; 18 ; 10 ; 0.101044 ; 0.0125706 ; -0.00581055 ; 101.278;
19 ; 18 ; 10 ; 0.0944579 ; 0.0123995 ; -0.00803648 ; 101.411;
20 ; 18 ; 10 ; 0.0927057 ; 0.0194285 ; -0.00126936 ; 101.545;
21 ; 18 ; 10 ; 0.109087 ; -0.00561129 ; -0.0353351 ; 101.043;
4 ; 19 ; 10 ; 0.0616724 ; 0.00782628 ; -0.0105424 ; 101.196;
5 ; 19 ; 10 ; 0.0918126 ; -0.00611847 ; 0.00147746 ; 102.642;
6 ; 19 ; 10 ; 0.091038 ; -0.00303791 ; 0.00687463 ; 102.23;
7 ; 19 ; 10 ; 0.101783 ; 0.00616447 ; -0.00214747 ; 101.972;
8 ; 19 ; 10 ; 0.119655 ; 0.0119078 ; -0.00791505 ; 102.393;
9 ; 19 ; 10 ; 0.0782921 ; 0.00960959 ; 0.00101005 ; 101.533;
10 ; 19 ; 10 ; 0.0685797 ; 0.0160093 ; 0.00292207 ; 101.292;
11 ; 19 ; 10 ; 0.0537173 ; 0.00624841 ; -0.00559734 ; 101.425;
12 ; 19 ; 10 ; 0.0540787 ; -0.0160477 ; -0.0232545 ; 101.566;
13 ; 19 ; 10 ; 0.0791336 ; -0.00397646 ; 0.0050152 ; 102.112;
14 ; 19 ; 10 ; 0.0792289 ; -0.00938669 ; 0.00134299 ; 101.778;
15 ; 19 ; 10 ; 0.0740934 ; -0.0128727 ; -0.00386241 ; 101.871;
16 ; 19 ; 10 ; 0.0625641 ; -0.0174662 ; 0.00686293 ; 102.158;
17 ; 19 ; 10 ; 0.111462 ; 0.00219141 ; 0.000544997 ; 102.337;
18 ; 19 ; 10 ; 0.114788 ; -0.00668902 ; -0.00914808 ; 102.037;
19 ; 19 ; 10 ; 0.0981729 ; -0.012741 ; -0.0130276 ; 101.993;
20 ; 19 ; 10 ; 0.0961836 ; -0.027802 ; -0.00513656 ; 102.558;
21 ; 19 ; 10 ; 0.0864715 ; 0.0105714 ; -0.0254368 ; 102.646;
4 ; 20 ; 10 ; 0.11061 ; -0.00535917 ; -0.020187 ; 101.961;
5 ; 20 ; 10 ; 0.0952705 ; -0.0228766 ; 0.00529479 ; 102.345;
6 ; 20 ; 10 ; 0.097043 ; -0.00444615 ; 0.00452431 ; 102.008;
7 ; 20 ; 10 ; 0.108129 ; 0.0079391 ; -0.000891641 ; 101.724;
8 ; 20 ; 10 ; 0.111441 ; 0.0125062 ; -0.00905496 ; 101.861;
9 ; 20 ; 10 ; 0.102195 ; 0.00720452 ; 0.0171183 ; 101.947;
10 ; 20 ; 10 ; 0.0782112 ; 0.0116408 ; 0.00472826 ; 101.461;
11 ; 20 ; 10 ; 0.0603289 ; 0.00791535 ; -0.00364774 ; 101.395;
12 ; 20 ; 10 ; 0.0510448 ; -0.00562244 ; -0.0139928 ; 101.629;
13 ; 20 ; 10 ; 0.0855839 ; -0.012588 ; 0.00340569 ; 101.795;
14 ; 20 ; 10 ; 0.0828563 ; -0.0113737 ; 0.00140193 ; 101.74;
15 ; 20 ; 10 ; 0.0788732 ; -0.0136317 ; -0.00215392 ; 101.908;
16 ; 20 ; 10 ; 0.0715749 ; -0.0182284 ; -0.00179275 ; 102.14;
17 ; 20 ; 10 ; 0.092406 ; -0.00167593 ; -0.0158149 ; 102.185;
18 ; 20 ; 10 ; 0.108645 ; -0.00646578 ; -0.00957585 ; 102.032;
19 ; 20 ; 10 ; 0.102336 ; -0.00631661 ; -0.00723998 ; 101.938;
20 ; 20 ; 10 ; 0.0919242 ; -0.0162239 ; -0.00869021 ; 102.228;
21 ; 20 ; 10 ; 0.0670218 ; -0.0184704 ; 0.0298906 ; 102.289;
4 ; 21 ; 10 ; 0.093683 ; -0.00252329 ; 0.00645581 ; 102.323;
5 ; 21 ; 10 ; 0.0924503 ; -0.0287212 ; 0.0189199 ; 101.857;
6 ; 21 ; 10 ; 0.104676 ; -0.00676468 ; -0.00169738 ; 101.996;
7 ; 21 ; 10 ; 0.113807 ; 0.00905201 ; -0.00378468 ; 101.523;
8 ; 21 ; 10 ; 0.104868 ; 0.0102402 ; 0.00229214 ; 101.447;
9 ; 21 ; 10 ; 0.129538 ; 0.0122205 ; 0.0287161 ; 102.403;
10 ; 21 ; 10 ; 0.0822891 ; 0.0045195 ; 0.00344316 ; 101.682;
11 ; 21 ; 10 ; 0.0631953 ; 0.00869542 ; -0.00181758 ; 101.464;
12 ; 21 ; 10 ; 0.0648665 ; 0.00477396 ; 0.00509493 ; 101.52;
13 ; 21 ; 10 ; 0.0968469 ; -0.02803 ; 0.0026339 ; 101.636;
14 ; 21 ; 10 ; 0.0846991 ; -0.0116504 ; -6.3548e-05 ; 101.828;
15 ; 21 ; 10 ; 0.0845634 ; -0.0153026 ; -0.00324403 ; 101.979;
16 ; 21 ; 10 ; 0.0910742 ; -0.0182999 ; -0.0131135 ; 102.326;
17 ; 21 ; 10 ; 0.0828607 ; -0.00406651 ; -0.0153899 ; 101.891;
18 ; 21 ; 10 ; 0.10137 ; -0.00548928 ; -0.0117683 ; 102.19;
19 ; 21 ; 10 ; 0.103642 ; 0.00115005 ; -0.00259025 ; 101.935;
20 ; 21 ; 10 ; 0.0954239 ; -0.000310609 ; -0.00641761 ; 101.723;
21 ; 21 ; 10 ; 0.0891488 ; 0.0118746 ; 0.00672464 ; 101.104;
4 ; 4 ; 11 ; 0.0512297 ; 0.0161501 ; 0.0230702 ; 101.986;
5 ; 4 ; 11 ; 0.0389289 ; -0.00996896 ; 0.00471523 ; 101.868;
6 ; 4 ; 11 ; 0.044399 ; 0.00578196 ; 0.00431864 ; 101.884;
7 ; 4 ; 11 ; 0.0593101 ; 0.0163987 ; 0.00188345 ; 101.989;
8 ; 4 ; 11 ; 0.0519779 ; 0.020191 ; 0.0133086 ; 102.039;
9 ; 4 ; 11 ; 0.0548309 ; 0.00860714 ; -0.0101802 ; 102.257;
10 ; 4 ; 11 ; 0.053031 ; -0.00025754 ; -0.00978226 ; 102.336;
11 ; 4 ; 11 ; 0.0483281 ; -0.00209063 ; -0.00985524 ; 102.048;
12 ; 4 ; 11 ; 0.0462476 ; 0.0188269 ; -0.00955472 ; 101.973;
13 ; 4 ; 11 ; 0.0588445 ; -0.00932719 ; 0.00156214 ; 101.709;
14 ; 4 ; 11 ; 0.0503667 ; -0.00912564 ; 0.00613229 ; 102.172;
15 ; 4 ; 11 ; 0.0499559 ; -0.00969285 ; 0.00977207 ; 102.513;
16 ; 4 ; 11 ; 0.0158408 ; -0.00434324 ; 0.0191563 ; 103.334;
17 ; 4 ; 11 ; 0.049064 ; -0.00128974 ; 0.00499488 ; 101.883;
18 ; 4 ; 11 ; 0.053325 ; -0.00178517 ; 0.0088015 ; 102.088;
19 ; 4 ; 11 ; 0.0627305 ; -0.00559752 ; -0.00350598 ; 101.736;
20 ; 4 ; 11 ; 0.0876973 ; -0.0189825 ; -0.0247951 ; 101.153;
21 ; 4 ; 11 ; 0.0499129 ; -0.0055282 ; 0.00174845 ; 100.632;
4 ; 5 ; 11 ; 0.0524587 ; 0.0261932 ; -0.0239221 ; 100.921;
5 ; 5 ; 11 ; 0.0518336 ; -0.0233349 ; 0.00344633 ; 102.186;
6 ; 5 ; 11 ; 0.0480501 ; 0.00348252 ; 0.00171365 ; 101.885;
7 ; 5 ; 11 ; 0.0606392 ; 0.0174227 ; -0.000400439 ; 101.766;
8 ; 5 ; 11 ; 0.0626876 ; 0.0148331 ; 0.0053077 ; 101.842;
9 ; 5 ; 11 ; 0.0620837 ; 0.00793148 ; 0.0070883 ; 101.461;
10 ; 5 ; 11 ; 0.0533734 ; -0.00512917 ; -0.00974559 ; 102.019;
11 ; 5 ; 11 ; 0.0462104 ; -0.0135069 ; -0.011756 ; 101.924;
12 ; 5 ; 11 ; 0.048306 ; 0.0020022 ; -0.0104248 ; 101.776;
13 ; 5 ; 11 ; 0.0535504 ; -0.000777328 ; -0.000449061 ; 101.95;
14 ; 5 ; 11 ; 0.0501695 ; -0.00978567 ; -0.00144602 ; 102.036;
15 ; 5 ; 11 ; 0.0510815 ; -0.00980871 ; 0.00371539 ; 102.158;
16 ; 5 ; 11 ; 0.0430355 ; -0.00689955 ; 0.0077005 ; 102.745;
17 ; 5 ; 11 ; 0.0583044 ; -0.0137643 ; 0.00419466 ; 101.564;
18 ; 5 ; 11 ; 0.0534124 ; -0.00260695 ; 0.00664199 ; 101.966;
19 ; 5 ; 11 ; 0.0535494 ; -0.00424928 ; 6.82593e-05 ; 101.78;
20 ; 5 ; 11 ; 0.0732844 ; -0.0061674 ; -0.0194376 ; 101.549;
21 ; 5 ; 11 ; 0.0565875 ; 0.00190111 ; -0.0204153 ; 100.492;
4 ; 6 ; 11 ; 0.07392 ; -0.0025871 ; 0.0211179 ; 101.645;
5 ; 6 ; 11 ; 0.0510161 ; -0.0295235 ; 0.00721076 ; 102.627;
6 ; 6 ; 11 ; 0.0545894 ; -0.00277206 ; -0.000759549 ; 101.874;
7 ; 6 ; 11 ; 0.0647131 ; 0.0141387 ; -0.00257383 ; 101.528;
8 ; 6 ; 11 ; 0.0754282 ; 0.00854522 ; 0.00629865 ; 101.81;
9 ; 6 ; 11 ; 0.0610917 ; 0.00368504 ; 0.0258542 ; 100.745;
10 ; 6 ; 11 ; 0.0535158 ; -0.00593014 ; -0.0137814 ; 101.764;
11 ; 6 ; 11 ; 0.0449316 ; -0.0241894 ; -0.0156805 ; 101.764;
12 ; 6 ; 11 ; 0.0535809 ; -0.0135836 ; -0.00514441 ; 101.396;
13 ; 6 ; 11 ; 0.0589998 ; 0.0132833 ; -0.0201136 ; 101.886;
14 ; 6 ; 11 ; 0.0523178 ; -0.0112844 ; -0.00313588 ; 101.947;
15 ; 6 ; 11 ; 0.0578934 ; -0.0120829 ; -0.00153447 ; 101.822;
16 ; 6 ; 11 ; 0.0683785 ; -0.00104549 ; 0.00394954 ; 101.902;
17 ; 6 ; 11 ; 0.0519632 ; -0.0120062 ; -0.00890384 ; 101.369;
18 ; 6 ; 11 ; 0.0579067 ; -0.00868968 ; 0.0059892 ; 101.793;
19 ; 6 ; 11 ; 0.0450632 ; -0.00182837 ; 0.00410978 ; 101.818;
20 ; 6 ; 11 ; 0.0516171 ; 0.00369951 ; -0.00959636 ; 101.667;
21 ; 6 ; 11 ; 0.0527101 ; -0.0162358 ; 0.0552128 ; 101.901;
4 ; 7 ; 11 ; 0.0749631 ; -0.0267111 ; -0.0047579 ; 102.505;
5 ; 7 ; 11 ; 0.0795694 ; -0.0040177 ; -0.00533559 ; 101.979;
6 ; 7 ; 11 ; 0.078535 ; -0.0193561 ; -0.0150211 ; 101.669;
7 ; 7 ; 11 ; 0.0648549 ; -0.00824357 ; -0.0171111 ; 101.709;
8 ; 7 ; 11 ; 0.0264196 ; 0.0111622 ; -0.0143632 ; 102.769;
9 ; 7 ; 11 ; 0.0447183 ; -0.0112089 ; -0.0104106 ; 102.124;
10 ; 7 ; 11 ; 0.0446488 ; -0.00770832 ; -0.0135796 ; 101.811;
11 ; 7 ; 11 ; 0.0486586 ; 0.00512677 ; 0.000259986 ; 101.82;
12 ; 7 ; 11 ; 0.0496538 ; 0.0184813 ; 0.0208493 ; 102.228;
13 ; 7 ; 11 ; 0.0564627 ; 0.00232089 ; -0.000774697 ; 101.984;
14 ; 7 ; 11 ; 0.0492598 ; 0.00653789 ; -0.0133685 ; 101.398;
15 ; 7 ; 11 ; 0.0409633 ; -0.00194984 ; -0.0156172 ; 101.451;
16 ; 7 ; 11 ; 0.0558885 ; -0.0322925 ; -0.0156262 ; 101.754;
17 ; 7 ; 11 ; 0.0507494 ; 0.00829139 ; -0.0043475 ; 101.487;
18 ; 7 ; 11 ; 0.0572695 ; 0.00812658 ; 0.00121587 ; 101.438;
19 ; 7 ; 11 ; 0.071683 ; 0.0105497 ; -0.00830278 ; 101.521;
20 ; 7 ; 11 ; 0.0871201 ; 0.0156674 ; -0.0204624 ; 102.457;
21 ; 7 ; 11 ; 0.0451135 ; -0.0199278 ; -0.0152978 ; 102.518;
4 ; 8 ; 11 ; 0.0516139 ; 0.0225498 ; -0.0363644 ; 100.792;
5 ; 8 ; 11 ; 0.058352 ; -0.00995319 ; 0.00169554 ; 101.681;
6 ; 8 ; 11 ; 0.0725817 ; -0.0156681 ; -0.0081275 ; 101.696;
7 ; 8 ; 11 ; 0.0699586 ; -0.00753652 ; -0.00809378 ; 101.703;
8 ; 8 ; 11 ; 0.0492447 ; 0.0038013 ; -0.01258 ; 102.319;
9 ; 8 ; 11 ; 0.0634409 ; 0.010013 ; -0.00104951 ; 101.612;
10 ; 8 ; 11 ; 0.0541372 ; -0.00270573 ; -0.00796354 ; 101.775;
11 ; 8 ; 11 ; 0.0574908 ; 0.00237732 ; 0.00387975 ; 101.86;
12 ; 8 ; 11 ; 0.0527407 ; 0.0130113 ; 0.00926619 ; 102.019;
13 ; 8 ; 11 ; 0.0557273 ; 0.00977488 ; -0.0143205 ; 101.787;
14 ; 8 ; 11 ; 0.0512355 ; 0.00458547 ; -0.0160831 ; 101.473;
15 ; 8 ; 11 ; 0.0461198 ; -0.00664705 ; -0.0178112 ; 101.551;
16 ; 8 ; 11 ; 0.0397264 ; -0.0192014 ; -0.0130982 ; 101.663;
17 ; 8 ; 11 ; 0.06887 ; -0.0037359 ; -0.000828936 ; 101.457;
18 ; 8 ; 11 ; 0.0622879 ; 0.00284218 ; -0.000107308 ; 101.345;
19 ; 8 ; 11 ; 0.0697914 ; 0.0090056 ; -0.0030666 ; 101.335;
20 ; 8 ; 11 ; 0.07518 ; 0.0155181 ; -0.0144387 ; 101.678;
21 ; 8 ; 11 ; 0.0341932 ; -0.0223563 ; 0.00814061 ; 100.415;
4 ; 9 ; 11 ; 0.065945 ; 0.00262939 ; -0.0147983 ; 100.629;
5 ; 9 ; 11 ; 0.0563578 ; -0.00528078 ; 0.00166224 ; 102.053;
6 ; 9 ; 11 ; 0.0655241 ; -0.00967982 ; 0.000324148 ; 101.948;
7 ; 9 ; 11 ; 0.0758925 ; -0.00452876 ; 4.83547e-06 ; 101.895;
8 ; 9 ; 11 ; 0.0782168 ; -0.00702255 ; -0.00115047 ; 101.691;
9 ; 9 ; 11 ; 0.0704961 ; 0.0141008 ; -0.007291 ; 101.449;
10 ; 9 ; 11 ; 0.0647696 ; 0.00178683 ; -0.00349515 ; 101.735;
11 ; 9 ; 11 ; 0.065346 ; -0.001592 ; 0.00497952 ; 101.985;
12 ; 9 ; 11 ; 0.0664839 ; -0.00472613 ; 0.00661026 ; 101.98;
13 ; 9 ; 11 ; 0.072036 ; -0.0018395 ; 0.0143176 ; 101.699;
14 ; 9 ; 11 ; 0.0565459 ; -0.00218451 ; -0.0070991 ; 101.635;
15 ; 9 ; 11 ; 0.0519405 ; -0.0122635 ; -0.0152936 ; 101.736;
16 ; 9 ; 11 ; 0.0402371 ; -0.0157118 ; -0.00995397 ; 101.56;
17 ; 9 ; 11 ; 0.0747781 ; -0.00171468 ; 0.00586816 ; 101.291;
18 ; 9 ; 11 ; 0.0708006 ; -0.00118572 ; 0.00343074 ; 101.365;
19 ; 9 ; 11 ; 0.0677275 ; 0.00540509 ; 0.00285663 ; 101.386;
20 ; 9 ; 11 ; 0.0612081 ; 0.0174374 ; 0.000804217 ; 101.007;
21 ; 9 ; 11 ; 0.0898649 ; 0.00675242 ; -0.00870112 ; 101.866;
4 ; 10 ; 11 ; 0.049366 ; -0.000443117 ; -0.000535644 ; 102.789;
5 ; 10 ; 11 ; 0.0600188 ; 0.00182609 ; 0.00282064 ; 102.38;
6 ; 10 ; 11 ; 0.0600887 ; -0.00232307 ; 0.00385067 ; 102.188;
7 ; 10 ; 11 ; 0.0624936 ; -0.000151748 ; 0.000928799 ; 102.088;
8 ; 10 ; 11 ; 0.0783109 ; -0.00175839 ; -0.0030912 ; 101.754;
9 ; 10 ; 11 ; 0.075019 ; 0.0054233 ; -0.00427562 ; 101.348;
10 ; 10 ; 11 ; 0.071234 ; -0.00137294 ; -0.00387234 ; 101.718;
11 ; 10 ; 11 ; 0.0681736 ; -0.00640255 ; 0.00881076 ; 102.092;
12 ; 10 ; 11 ; 0.0654392 ; -0.011521 ; 0.0166138 ; 102.251;
13 ; 10 ; 11 ; 0.0849522 ; -0.00488159 ; 0.0244261 ; 102.153;
14 ; 10 ; 11 ; 0.0693686 ; -0.0054008 ; 0.00599238 ; 101.872;
15 ; 10 ; 11 ; 0.0654083 ; -0.0108485 ; -0.00985038 ; 101.832;
16 ; 10 ; 11 ; 0.055732 ; -0.024973 ; -0.0124029 ; 101.653;
17 ; 10 ; 11 ; 0.053101 ; 0.014147 ; 0.0107325 ; 101.54;
18 ; 10 ; 11 ; 0.063483 ; 0.0033908 ; 0.00633669 ; 101.551;
19 ; 10 ; 11 ; 0.0656268 ; 0.00675816 ; 0.00342403 ; 101.881;
20 ; 10 ; 11 ; 0.0670448 ; 0.0105918 ; -0.000610193 ; 101.893;
21 ; 10 ; 11 ; 0.053583 ; -0.0111265 ; -0.0126801 ; 100.409;
4 ; 11 ; 11 ; 0.0274592 ; 0.0114291 ; -0.0221952 ; 101.629;
5 ; 11 ; 11 ; 0.0755892 ; 0.00317426 ; 0.00710639 ; 101.587;
6 ; 11 ; 11 ; 0.0640565 ; 0.00318457 ; 0.00230189 ; 102.152;
7 ; 11 ; 11 ; 0.0521194 ; 0.00624744 ; -0.000724522 ; 102.141;
8 ; 11 ; 11 ; 0.0570663 ; 0.0010195 ; -0.0062403 ; 101.728;
9 ; 11 ; 11 ; 0.0778799 ; 0.0120719 ; 0.000109416 ; 101.651;
10 ; 11 ; 11 ; 0.0722995 ; -0.00715125 ; -0.000384601 ; 101.588;
11 ; 11 ; 11 ; 0.0699044 ; -0.0191688 ; 0.0112482 ; 101.774;
12 ; 11 ; 11 ; 0.0586821 ; -0.0119845 ; 0.0230646 ; 102.114;
13 ; 11 ; 11 ; 0.0739014 ; -0.0136594 ; 0.0127646 ; 101.683;
14 ; 11 ; 11 ; 0.0699728 ; -0.00893347 ; 0.0158111 ; 102.208;
15 ; 11 ; 11 ; 0.0664985 ; -0.0057201 ; 0.0016971 ; 102.396;
16 ; 11 ; 11 ; 0.0603147 ; -0.00875504 ; -0.0139683 ; 101.755;
17 ; 11 ; 11 ; 0.0552043 ; 0.000709889 ; -0.00134509 ; 101.714;
18 ; 11 ; 11 ; 0.0570539 ; 0.00700155 ; 0.00576771 ; 101.765;
19 ; 11 ; 11 ; 0.0631986 ; 0.00844422 ; -0.00217294 ; 102.039;
20 ; 11 ; 11 ; 0.0736919 ; 0.0104936 ; -0.0035212 ; 102.297;
21 ; 11 ; 11 ; 0.0608523 ; -0.000684476 ; 0.0186432 ; 101.051;
4 ; 12 ; 11 ; 0.0561656 ; 0.0209749 ; -0.0092258 ; 101.189;
5 ; 12 ; 11 ; 0.091701 ; -0.00236955 ; 0.0070185 ; 101.014;
6 ; 12 ; 11 ; 0.0651897 ; 0.00666239 ; 0.00267413 ; 101.998;
7 ; 12 ; 11 ; 0.0471438 ; 0.00924631 ; 0.00188821 ; 102.059;
8 ; 12 ; 11 ; 0.0433519 ; -0.00154019 ; 0.0130716 ; 101.479;
9 ; 12 ; 11 ; 0.0732958 ; 0.0198714 ; -0.00162786 ; 102.041;
10 ; 12 ; 11 ; 0.0759224 ; -0.00846844 ; 0.0041888 ; 101.496;
11 ; 12 ; 11 ; 0.0750689 ; -0.0275519 ; 0.0153711 ; 101.537;
12 ; 12 ; 11 ; 0.0725904 ; -0.027205 ; 0.0207241 ; 101.977;
13 ; 12 ; 11 ; 0.0625689 ; -0.0292003 ; 0.0173146 ; 101.031;
14 ; 12 ; 11 ; 0.0690346 ; -0.00942015 ; 0.0140562 ; 102.377;
15 ; 12 ; 11 ; 0.0687657 ; -0.00443415 ; 0.00533183 ; 102.738;
16 ; 12 ; 11 ; 0.0731788 ; -0.00623035 ; -0.011558 ; 102.12;
17 ; 12 ; 11 ; 0.0714942 ; -0.0134042 ; -0.00406693 ; 101.769;
18 ; 12 ; 11 ; 0.0534253 ; 0.00569488 ; 0.00154096 ; 101.796;
19 ; 12 ; 11 ; 0.0614824 ; 0.00951985 ; -0.00443258 ; 101.935;
20 ; 12 ; 11 ; 0.0603963 ; 0.0192762 ; 0.00296348 ; 101.683;
21 ; 12 ; 11 ; 0.0291173 ; 0.00434453 ; -0.0100039 ; 102.266;
4 ; 13 ; 11 ; 0.0480825 ; -0.00696002 ; -0.00271214 ; 100.311;
5 ; 13 ; 11 ; 0.0446658 ; 0.0101059 ; -0.0179358 ; 101.944;
6 ; 13 ; 11 ; 0.0506588 ; 0.00200299 ; -0.0137396 ; 101.898;
7 ; 13 ; 11 ; 0.0454829 ; 0.000660625 ; -0.000391222 ; 101.762;
8 ; 13 ; 11 ; 0.0338899 ; -0.0178069 ; 0.0054718 ; 102.379;
9 ; 13 ; 11 ; 0.0569063 ; 0.000452841 ; -0.00364049 ; 102.665;
10 ; 13 ; 11 ; 0.0556129 ; -0.00469614 ; -0.00622168 ; 102.448;
11 ; 13 ; 11 ; 0.0486209 ; 0.00413278 ; -0.00887153 ; 102.009;
12 ; 13 ; 11 ; 0.0414377 ; 0.0200402 ; -0.00817865 ; 101.963;
13 ; 13 ; 11 ; 0.0533356 ; 0.00828184 ; -0.00618819 ; 101.625;
14 ; 13 ; 11 ; 0.0566946 ; -0.000451558 ; 0.000587561 ; 101.702;
15 ; 13 ; 11 ; 0.0475569 ; 0.00596901 ; -0.0015448 ; 102.145;
16 ; 13 ; 11 ; 0.0537133 ; -0.000788467 ; 0.000888332 ; 102.653;
17 ; 13 ; 11 ; 0.0632465 ; 0.00806994 ; 0.000856778 ; 101.414;
18 ; 13 ; 11 ; 0.0710063 ; 0.00224583 ; 0.00272655 ; 101.616;
19 ; 13 ; 11 ; 0.0721095 ; -0.0119026 ; 0.0019365 ; 102.089;
20 ; 13 ; 11 ; 0.0880405 ; -0.0178229 ; 0.0341571 ; 102.428;
21 ; 13 ; 11 ; 0.0261623 ; -0.0175623 ; -0.017534 ; 102.309;
4 ; 14 ; 11 ; 0.0634718 ; -0.00518653 ; -0.0349167 ; 103.046;
5 ; 14 ; 11 ; 0.0446987 ; -0.00215633 ; 0.00826299 ; 102.346;
6 ; 14 ; 11 ; 0.0471928 ; 0.00233261 ; -0.00291716 ; 101.952;
7 ; 14 ; 11 ; 0.0411537 ; 0.00540331 ; 0.00345541 ; 101.739;
8 ; 14 ; 11 ; 0.0324191 ; -0.00258684 ; 0.0085924 ; 101.934;
9 ; 14 ; 11 ; 0.0841675 ; -0.00311476 ; -0.00966704 ; 102.103;
10 ; 14 ; 11 ; 0.0635479 ; -0.00586998 ; -0.00641032 ; 102.179;
11 ; 14 ; 11 ; 0.0546349 ; -0.00114951 ; -0.00455069 ; 101.947;
12 ; 14 ; 11 ; 0.0381966 ; 0.0142114 ; -0.00956112 ; 101.705;
13 ; 14 ; 11 ; 0.0563103 ; 0.0218696 ; -0.00681131 ; 101.503;
14 ; 14 ; 11 ; 0.0599411 ; 0.00490366 ; 0.000371901 ; 101.619;
15 ; 14 ; 11 ; 0.0555565 ; 0.00501298 ; -0.000835032 ; 102.038;
16 ; 14 ; 11 ; 0.0487724 ; 0.012047 ; -0.00192282 ; 102.474;
17 ; 14 ; 11 ; 0.0621681 ; 0.0097603 ; 0.00135172 ; 101.903;
18 ; 14 ; 11 ; 0.0661448 ; 0.000760821 ; 0.00214655 ; 101.783;
19 ; 14 ; 11 ; 0.0682677 ; -0.0123038 ; 0.000871372 ; 101.985;
20 ; 14 ; 11 ; 0.0730894 ; -0.0202294 ; 0.0100933 ; 102.337;
21 ; 14 ; 11 ; 0.0932204 ; -0.0221442 ; 0.0328628 ; 101.042;
4 ; 15 ; 11 ; 0.056952 ; 0.0385593 ; 0.00218859 ; 100.848;
5 ; 15 ; 11 ; 0.0335252 ; -0.00826225 ; 0.029117 ; 101.564;
6 ; 15 ; 11 ; 0.0400039 ; -0.000691938 ; 0.0151585 ; 101.787;
7 ; 15 ; 11 ; 0.0373234 ; 0.00374769 ; 0.00968659 ; 101.683;
8 ; 15 ; 11 ; 0.0299379 ; 0.0168975 ; 0.00998307 ; 101.506;
9 ; 15 ; 11 ; 0.0550121 ; 0.00138852 ; -0.00460467 ; 101.223;
10 ; 15 ; 11 ; 0.0636698 ; -0.00507402 ; -9.94681e-05 ; 101.68;
11 ; 15 ; 11 ; 0.0602821 ; -0.00465138 ; 0.00732698 ; 101.766;
12 ; 15 ; 11 ; 0.0482919 ; -0.00114279 ; 0.00482997 ; 101.797;
13 ; 15 ; 11 ; 0.0622943 ; 0.0161524 ; -0.000337203 ; 101.838;
14 ; 15 ; 11 ; 0.0592907 ; 0.00857762 ; -4.65047e-06 ; 101.723;
15 ; 15 ; 11 ; 0.0626667 ; 0.00156044 ; 0.00104154 ; 101.91;
16 ; 15 ; 11 ; 0.0620447 ; 0.00890761 ; -0.00239973 ; 102.157;
17 ; 15 ; 11 ; 0.0719641 ; 0.00141514 ; -0.00181912 ; 102.094;
18 ; 15 ; 11 ; 0.0644784 ; 0.00413842 ; -0.000538636 ; 101.94;
19 ; 15 ; 11 ; 0.0631076 ; 0.000405001 ; 0.00163504 ; 101.98;
20 ; 15 ; 11 ; 0.0614267 ; -0.0226402 ; -0.0102898 ; 101.948;
21 ; 15 ; 11 ; 0.069602 ; 0.0393558 ; -0.0363689 ; 100.686;
4 ; 16 ; 11 ; 0.0636714 ; 0.0155978 ; 0.00925303 ; 102.09;
5 ; 16 ; 11 ; 0.0506792 ; 0.00703474 ; 0.0100429 ; 101.123;
6 ; 16 ; 11 ; 0.0430985 ; -0.00234642 ; 0.0154983 ; 101.377;
7 ; 16 ; 11 ; 0.0450008 ; -0.00391231 ; 0.0121807 ; 101.542;
8 ; 16 ; 11 ; 0.0402113 ; -0.000908013 ; 0.00505806 ; 101.797;
9 ; 16 ; 11 ; 0.0426939 ; 0.00379009 ; 0.00906216 ; 101.131;
10 ; 16 ; 11 ; 0.0580685 ; 0.00150592 ; 0.00852294 ; 101.324;
11 ; 16 ; 11 ; 0.0653427 ; 0.00174874 ; 0.0117757 ; 101.658;
12 ; 16 ; 11 ; 0.06518 ; -0.00478415 ; 0.0231796 ; 102.038;
13 ; 16 ; 11 ; 0.0635817 ; -0.010713 ; -0.0093707 ; 102.327;
14 ; 16 ; 11 ; 0.0609691 ; -0.00126124 ; -0.00334619 ; 101.873;
15 ; 16 ; 11 ; 0.0641314 ; -0.00388464 ; -0.00392592 ; 101.837;
16 ; 16 ; 11 ; 0.0744658 ; -0.0121169 ; 0.00308358 ; 101.846;
17 ; 16 ; 11 ; 0.0792789 ; -0.00171666 ; -0.00515348 ; 101.58;
18 ; 16 ; 11 ; 0.0692492 ; 0.0120099 ; 0.00117611 ; 101.886;
19 ; 16 ; 11 ; 0.0636304 ; 0.0194313 ; 0.00868508 ; 101.968;
20 ; 16 ; 11 ; 0.0637937 ; 0.00228758 ; 0.00796003 ; 101.978;
21 ; 16 ; 11 ; 0.0755185 ; 0.00018937 ; -0.00703188 ; 102.087;
4 ; 17 ; 11 ; 0.0927906 ; 0.0487843 ; 0.0629783 ; 101.837;
5 ; 17 ; 11 ; 0.0398077 ; 0.00220475 ; 0.0105325 ; 101.723;
6 ; 17 ; 11 ; 0.0486681 ; 0.00215217 ; 0.010558 ; 101.429;
7 ; 17 ; 11 ; 0.0573071 ; 0.00181014 ; 0.0149574 ; 101.54;
8 ; 17 ; 11 ; 0.0577818 ; -0.0095607 ; 0.0150223 ; 101.668;
9 ; 17 ; 11 ; 0.073824 ; -0.00274621 ; -0.00387175 ; 101.03;
10 ; 17 ; 11 ; 0.0601594 ; 0.00138072 ; 0.0114916 ; 101.296;
11 ; 17 ; 11 ; 0.0624929 ; 0.00248365 ; 0.0110842 ; 101.681;
12 ; 17 ; 11 ; 0.0652222 ; 0.00798982 ; 0.00593724 ; 101.783;
13 ; 17 ; 11 ; 0.0623725 ; -0.00787167 ; -0.00383366 ; 101.883;
14 ; 17 ; 11 ; 0.0538447 ; -0.00324636 ; -0.00817028 ; 102.103;
15 ; 17 ; 11 ; 0.0586545 ; 0.00193508 ; -0.0160147 ; 102.049;
16 ; 17 ; 11 ; 0.0600203 ; -0.00264772 ; -0.0112498 ; 101.639;
17 ; 17 ; 11 ; 0.0710276 ; 0.0059336 ; 0.0126991 ; 102.203;
18 ; 17 ; 11 ; 0.0726941 ; 0.0141066 ; 0.00878923 ; 101.77;
19 ; 17 ; 11 ; 0.0635216 ; 0.0232566 ; 0.00670293 ; 101.778;
20 ; 17 ; 11 ; 0.0552932 ; 0.0288503 ; 0.015941 ; 102.146;
21 ; 17 ; 11 ; 0.0641685 ; -0.001865 ; -0.017367 ; 102.714;
4 ; 18 ; 11 ; 0.0189759 ; 0.0322548 ; -0.0290926 ; 102.119;
5 ; 18 ; 11 ; 0.0166691 ; -0.0107619 ; 0.0268367 ; 102.106;
6 ; 18 ; 11 ; 0.052775 ; 0.00660625 ; 0.00740025 ; 101.622;
7 ; 18 ; 11 ; 0.0631583 ; 0.0106176 ; 0.0165359 ; 101.564;
8 ; 18 ; 11 ; 0.0666636 ; 0.00839809 ; 0.0174236 ; 101.406;
9 ; 18 ; 11 ; 0.0827733 ; -0.00913116 ; -0.0200325 ; 101.011;
10 ; 18 ; 11 ; 0.0694442 ; -0.000452133 ; 0.00921982 ; 101.306;
11 ; 18 ; 11 ; 0.063218 ; -0.000434804 ; 0.00818088 ; 101.748;
12 ; 18 ; 11 ; 0.0607312 ; 0.00144365 ; -0.00378771 ; 102.022;
13 ; 18 ; 11 ; 0.0540454 ; 0.00469863 ; 0.00473449 ; 101.573;
14 ; 18 ; 11 ; 0.0535906 ; -0.00153953 ; -0.0106002 ; 102.085;
15 ; 18 ; 11 ; 0.059388 ; 0.0062477 ; -0.0236081 ; 102.155;
16 ; 18 ; 11 ; 0.0641693 ; 0.00413264 ; -0.0272897 ; 101.862;
17 ; 18 ; 11 ; 0.0685559 ; 0.00923987 ; 0.0281149 ; 102.766;
18 ; 18 ; 11 ; 0.0714444 ; 0.0117805 ; 0.0149524 ; 101.781;
19 ; 18 ; 11 ; 0.0633253 ; 0.0172743 ; 0.00435722 ; 101.56;
20 ; 18 ; 11 ; 0.0488968 ; 0.0206824 ; 0.00211046 ; 101.761;
21 ; 18 ; 11 ; 0.0704683 ; -0.0329846 ; -0.0584656 ; 102.479;
4 ; 19 ; 11 ; 0.0436387 ; -0.0300077 ; 0.00866971 ; 101.596;
5 ; 19 ; 11 ; 0.0533973 ; 0.00802452 ; -0.00858069 ; 101.543;
6 ; 19 ; 11 ; 0.0633722 ; 0.0160807 ; -7.08419e-05 ; 101.531;
7 ; 19 ; 11 ; 0.0588257 ; 0.012014 ; -0.00772094 ; 101.56;
8 ; 19 ; 11 ; 0.0377984 ; -0.000492098 ; -0.0134567 ; 101.283;
9 ; 19 ; 11 ; 0.0562005 ; 0.0229545 ; 0.00871693 ; 101.744;
10 ; 19 ; 11 ; 0.0382748 ; 0.0109531 ; -0.014775 ; 101.688;
11 ; 19 ; 11 ; 0.0352298 ; -0.00270863 ; -0.0231654 ; 101.902;
12 ; 19 ; 11 ; 0.04291 ; 0.0100747 ; -0.014923 ; 101.129;
13 ; 19 ; 11 ; 0.0565154 ; -0.00436857 ; -0.0109503 ; 101.868;
14 ; 19 ; 11 ; 0.0597106 ; -0.00969599 ; -0.00276566 ; 101.439;
15 ; 19 ; 11 ; 0.0543991 ; -0.0116095 ; 0.0127879 ; 101.401;
16 ; 19 ; 11 ; 0.0539866 ; -0.00456087 ; 0.0342913 ; 100.479;
17 ; 19 ; 11 ; 0.0821746 ; 0.000185366 ; 0.0174874 ; 101.954;
18 ; 19 ; 11 ; 0.0731986 ; 0.00378438 ; 0.00569879 ; 102.359;
19 ; 19 ; 11 ; 0.0596763 ; -0.00144318 ; 0.0054084 ; 101.719;
20 ; 19 ; 11 ; 0.0679733 ; -0.0281834 ; 0.00840959 ; 100.308;
21 ; 19 ; 11 ; 0.0502864 ; -0.0565978 ; -0.00993162 ; 101.135;
4 ; 20 ; 11 ; 0.0473885 ; 0.0268286 ; -0.0176545 ; 101.612;
5 ; 20 ; 11 ; 0.0619896 ; -0.0152192 ; -0.00414791 ; 101.736;
6 ; 20 ; 11 ; 0.0657323 ; 0.00420538 ; 0.00270652 ; 101.738;
7 ; 20 ; 11 ; 0.0685881 ; 0.00860124 ; -0.00284062 ; 101.904;
8 ; 20 ; 11 ; 0.0516147 ; 0.00314119 ; -0.0131871 ; 101.62;
9 ; 20 ; 11 ; 0.0543844 ; 0.0219956 ; 0.00549225 ; 101.851;
10 ; 20 ; 11 ; 0.0451943 ; 0.0104191 ; -0.0101466 ; 101.568;
11 ; 20 ; 11 ; 0.0422669 ; 0.000900728 ; -0.0169069 ; 101.859;
12 ; 20 ; 11 ; 0.0439135 ; 0.0027593 ; -0.0131499 ; 101.735;
13 ; 20 ; 11 ; 0.0657727 ; 0.00105253 ; -0.00159661 ; 101.841;
14 ; 20 ; 11 ; 0.0633317 ; -0.00774342 ; 0.000321337 ; 101.609;
15 ; 20 ; 11 ; 0.0583025 ; -0.0120292 ; 0.012218 ; 101.637;
16 ; 20 ; 11 ; 0.0514543 ; -0.0116081 ; 0.023534 ; 101.21;
17 ; 20 ; 11 ; 0.0599722 ; -0.0113464 ; -0.00996453 ; 102.287;
18 ; 20 ; 11 ; 0.0665362 ; 0.00172301 ; 0.00113184 ; 102.339;
19 ; 20 ; 11 ; 0.0543988 ; 0.0046285 ; 0.00549206 ; 101.872;
20 ; 20 ; 11 ; 0.0596246 ; -0.0135104 ; 0.00665539 ; 100.859;
21 ; 20 ; 11 ; 0.0722307 ; 0.0213911 ; 0.0153132 ; 101.014;
4 ; 21 ; 11 ; 0.0549524 ; -0.0045545 ; 0.0419977 ; 101.137;
5 ; 21 ; 11 ; 0.0641286 ; -0.0303901 ; -0.0122847 ; 101.622;
6 ; 21 ; 11 ; 0.0708878 ; -0.00669204 ; 0.00740314 ; 102.019;
7 ; 21 ; 11 ; 0.0804254 ; 0.00463094 ; 0.00120311 ; 102.275;
8 ; 21 ; 11 ; 0.0703431 ; 0.00188573 ; -0.0146845 ; 101.87;
9 ; 21 ; 11 ; 0.0401769 ; 0.0223194 ; 0.00629911 ; 101.776;
10 ; 21 ; 11 ; 0.0593771 ; 0.0123488 ; -0.00174289 ; 101.54;
11 ; 21 ; 11 ; 0.0528784 ; 0.00450166 ; -0.00828524 ; 101.924;
12 ; 21 ; 11 ; 0.0471309 ; 0.00164938 ; -0.00155312 ; 102.4;
13 ; 21 ; 11 ; 0.0781176 ; -0.00203625 ; 0.00151884 ; 101.776;
14 ; 21 ; 11 ; 0.0631947 ; -0.00378616 ; 0.00304319 ; 101.83;
15 ; 21 ; 11 ; 0.0592065 ; -0.0126749 ; 0.0109167 ; 101.98;
16 ; 21 ; 11 ; 0.0623834 ; -0.012013 ; 0.00793055 ; 101.788;
17 ; 21 ; 11 ; 0.0364334 ; -0.0270017 ; -0.0271182 ; 102.211;
18 ; 21 ; 11 ; 0.0630071 ; 0.0016937 ; -0.00100026 ; 102.269;
19 ; 21 ; 11 ; 0.0492263 ; 0.0115701 ; 0.00556553 ; 101.986;
20 ; 21 ; 11 ; 0.0411731 ; 0.00493175 ; 0.00878756 ; 101.827;
21 ; 21 ; 11 ; 0.054281 ; 0.00050358 ; 0.00181015 ; 102.808;
4 ; 4 ; 12 ; 0.0163897 ; 0.0207903 ; 0.00206117 ; 100.486;
5 ; 4 ; 12 ; 0.0477427 ; -0.000757871 ; -0.00587278 ; 101.703;
6 ; 4 ; 12 ; 0.0503389 ; 0.00819922 ; -0.00727282 ; 101.536;
7 ; 4 ; 12 ; 0.0393924 ; 0.00838102 ; -0.00236979 ; 101.822;
8 ; 4 ; 12 ; 0.0291033 ; 0.00275698 ; 0.0343299 ; 101.569;
9 ; 4 ; 12 ; 0.0551098 ; 0.0118993 ; 0.00925298 ; 101.884;
10 ; 4 ; 12 ; 0.0497369 ; 6.41259e-05 ; -0.00807706 ; 101.917;
11 ; 4 ; 12 ; 0.0412523 ; 0.00735931 ; -0.0150598 ; 101.594;
12 ; 4 ; 12 ; 0.0460813 ; 0.0239228 ; -0.0159034 ; 99.9787;
13 ; 4 ; 12 ; 0.0268443 ; -0.0114345 ; -0.00884257 ; 102;
14 ; 4 ; 12 ; 0.0245999 ; -0.0298508 ; -0.0116756 ; 101.575;
15 ; 4 ; 12 ; 0.046015 ; -0.0311715 ; -0.00233015 ; 101.322;
16 ; 4 ; 12 ; 0.0705638 ; -0.00215036 ; 0.0123155 ; 100.878;
17 ; 4 ; 12 ; 0.0558228 ; -0.0172624 ; -0.0203736 ; 101.715;
18 ; 4 ; 12 ; 0.0534454 ; 0.0099315 ; -0.0279304 ; 102.103;
19 ; 4 ; 12 ; 0.0599257 ; 0.0265229 ; -0.0257789 ; 101.677;
20 ; 4 ; 12 ; 0.0897063 ; 0.0191085 ; -0.0127953 ; 101.203;
21 ; 4 ; 12 ; 0.0646973 ; 0.0034253 ; 0.000794721 ; 102.619;
4 ; 5 ; 12 ; 0.0331993 ; -0.0241282 ; 0.0215148 ; 102.308;
5 ; 5 ; 12 ; 0.0415718 ; 0.0124104 ; -0.00194409 ; 101.819;
6 ; 5 ; 12 ; 0.0436422 ; 0.00500267 ; -0.00749441 ; 101.652;
7 ; 5 ; 12 ; 0.0364503 ; 0.00122372 ; -0.000907363 ; 101.693;
8 ; 5 ; 12 ; 0.0381528 ; 0.00187126 ; 0.0115215 ; 101.999;
9 ; 5 ; 12 ; 0.0489784 ; 0.0150923 ; -0.00503975 ; 101.654;
10 ; 5 ; 12 ; 0.0447298 ; 0.00734711 ; -0.0132573 ; 101.975;
11 ; 5 ; 12 ; 0.0374817 ; 0.00602723 ; -0.0154042 ; 101.872;
12 ; 5 ; 12 ; 0.0287241 ; 0.0199549 ; -0.01427 ; 100.921;
13 ; 5 ; 12 ; 0.0302053 ; -0.0106433 ; -0.000351414 ; 102.328;
14 ; 5 ; 12 ; 0.0262192 ; -0.0247555 ; -0.00977038 ; 101.781;
15 ; 5 ; 12 ; 0.0421293 ; -0.0278775 ; -0.00733444 ; 101.419;
16 ; 5 ; 12 ; 0.055683 ; -0.0177058 ; 0.00617133 ; 101.208;
17 ; 5 ; 12 ; 0.0222123 ; 0.00349894 ; -0.00864535 ; 101.378;
18 ; 5 ; 12 ; 0.0396382 ; 0.00565898 ; -0.0188239 ; 101.948;
19 ; 5 ; 12 ; 0.0482609 ; 0.0157512 ; -0.0141381 ; 101.854;
20 ; 5 ; 12 ; 0.0685374 ; 0.0239713 ; -0.0211576 ; 101.291;
21 ; 5 ; 12 ; 0.0310934 ; 0.0016885 ; 0.00116779 ; 102.643;
4 ; 6 ; 12 ; 0.0576986 ; -0.00597458 ; -0.000943043 ; 101.597;
5 ; 6 ; 12 ; 0.0321429 ; 0.0274776 ; -0.00515267 ; 101.899;
6 ; 6 ; 12 ; 0.0378227 ; -0.00132543 ; -0.00453172 ; 101.829;
7 ; 6 ; 12 ; 0.0351038 ; -0.0075509 ; -0.00288211 ; 101.748;
8 ; 6 ; 12 ; 0.0414675 ; 0.00107112 ; -0.000727025 ; 101.787;
9 ; 6 ; 12 ; 0.0334117 ; 0.0326427 ; -0.0135714 ; 101.678;
10 ; 6 ; 12 ; 0.0426825 ; 0.0118739 ; -0.0176564 ; 101.971;
11 ; 6 ; 12 ; 0.030512 ; 0.00527709 ; -0.0149965 ; 102.231;
12 ; 6 ; 12 ; 0.0220103 ; 0.00518963 ; -0.00502691 ; 101.971;
13 ; 6 ; 12 ; 0.0287789 ; -0.0114101 ; -0.00228339 ; 102.581;
14 ; 6 ; 12 ; 0.0321147 ; -0.0200456 ; -0.00343832 ; 101.972;
15 ; 6 ; 12 ; 0.0376164 ; -0.0278611 ; -0.0109325 ; 101.547;
16 ; 6 ; 12 ; 0.0407594 ; -0.0217832 ; -0.00685188 ; 101.58;
17 ; 6 ; 12 ; -0.0162094 ; 0.0220283 ; -0.00465077 ; 101.041;
18 ; 6 ; 12 ; 0.0337067 ; -0.00264221 ; -0.00983512 ; 101.773;
19 ; 6 ; 12 ; 0.0388285 ; 0.00622012 ; -0.00657906 ; 101.947;
20 ; 6 ; 12 ; 0.0419601 ; 0.0242844 ; -0.0155299 ; 101.965;
21 ; 6 ; 12 ; 0.011963 ; 0.00565418 ; -0.0289505 ; 100.915;
4 ; 7 ; 12 ; 0.0571534 ; -0.00344625 ; 0.00248836 ; 101.977;
5 ; 7 ; 12 ; 0.0446825 ; -0.014651 ; 0.00750916 ; 101.819;
6 ; 7 ; 12 ; 0.0408708 ; -0.0140412 ; 0.00838439 ; 101.873;
7 ; 7 ; 12 ; 0.0408507 ; -0.00963277 ; -0.00530622 ; 101.6;
8 ; 7 ; 12 ; 0.0163404 ; 0.016048 ; -0.00251534 ; 101.601;
9 ; 7 ; 12 ; 0.0348012 ; 0.00878601 ; -0.00738872 ; 101.698;
10 ; 7 ; 12 ; 0.0334174 ; 0.00568854 ; -0.00870217 ; 101.736;
11 ; 7 ; 12 ; 0.0345835 ; -0.00411086 ; 0.00869855 ; 101.504;
12 ; 7 ; 12 ; 0.0262465 ; 0.0140072 ; 0.0375136 ; 101.434;
13 ; 7 ; 12 ; 0.0137614 ; -0.0101378 ; 0.00875049 ; 101.411;
14 ; 7 ; 12 ; 0.0270601 ; -0.00140035 ; 0.00691798 ; 101.628;
15 ; 7 ; 12 ; 0.0365925 ; 0.00632858 ; 0.00372167 ; 101.856;
16 ; 7 ; 12 ; 0.0343292 ; 0.00985304 ; 0.00827561 ; 101.333;
17 ; 7 ; 12 ; 0.0274189 ; -0.00904214 ; -0.00351727 ; 100.828;
18 ; 7 ; 12 ; 0.0244528 ; -0.0196499 ; -0.00188347 ; 101.21;
19 ; 7 ; 12 ; 0.0291564 ; -0.00571998 ; -0.000184122 ; 101.353;
20 ; 7 ; 12 ; 0.0347339 ; 0.0177641 ; -0.0227054 ; 101.524;
21 ; 7 ; 12 ; 0.037856 ; 0.0317866 ; 0.0138168 ; 101.348;
4 ; 8 ; 12 ; 0.00614678 ; 0.00272554 ; -0.00573499 ; 101.801;
5 ; 8 ; 12 ; 0.0375462 ; -0.0119335 ; 0.0048773 ; 101.553;
6 ; 8 ; 12 ; 0.0387785 ; -0.012667 ; 0.00465761 ; 101.648;
7 ; 8 ; 12 ; 0.0391745 ; -0.0086235 ; -0.00697369 ; 101.484;
8 ; 8 ; 12 ; 0.03963 ; 0.002232 ; -0.0105005 ; 101.445;
9 ; 8 ; 12 ; 0.023884 ; -0.00722858 ; -0.00411906 ; 101.668;
10 ; 8 ; 12 ; 0.0318202 ; -0.00343321 ; -0.00725254 ; 101.802;
11 ; 8 ; 12 ; 0.0359412 ; -0.0114766 ; 0.00742009 ; 101.698;
12 ; 8 ; 12 ; 0.0367466 ; -0.00401197 ; 0.0313329 ; 101.545;
13 ; 8 ; 12 ; 0.0323375 ; -0.00507072 ; 0.00122322 ; 102.075;
14 ; 8 ; 12 ; 0.0300166 ; -0.00288766 ; 0.0039567 ; 101.775;
15 ; 8 ; 12 ; 0.037969 ; 0.00440103 ; -0.000111659 ; 101.766;
16 ; 8 ; 12 ; 0.0377704 ; 0.0113942 ; 0.00414535 ; 101.897;
17 ; 8 ; 12 ; 0.0249766 ; 0.00821885 ; -0.0120262 ; 102.012;
18 ; 8 ; 12 ; 0.0264194 ; -0.00934597 ; -0.00765288 ; 101.571;
19 ; 8 ; 12 ; 0.0355662 ; -0.00138056 ; -0.00389249 ; 101.572;
20 ; 8 ; 12 ; 0.0318836 ; 0.0134406 ; -0.00802369 ; 101.41;
21 ; 8 ; 12 ; 0.0584318 ; 0.0274197 ; 0.023777 ; 101.727;
4 ; 9 ; 12 ; -0.0192951 ; -0.0204078 ; -0.009197 ; 102.339;
5 ; 9 ; 12 ; 0.0377026 ; 0.022864 ; 0.00194129 ; 101.275;
6 ; 9 ; 12 ; 0.0352632 ; -0.00145098 ; -0.00126616 ; 101.371;
7 ; 9 ; 12 ; 0.0372615 ; -0.00451724 ; -0.00674195 ; 101.324;
8 ; 9 ; 12 ; 0.0474663 ; -0.00931097 ; -0.0123322 ; 101.298;
9 ; 9 ; 12 ; 0.0409632 ; -0.0155733 ; -0.00473994 ; 101.665;
10 ; 9 ; 12 ; 0.031281 ; -0.0135499 ; -0.00380643 ; 101.708;
11 ; 9 ; 12 ; 0.0332365 ; -0.0150003 ; 0.00613536 ; 101.731;
12 ; 9 ; 12 ; 0.0464976 ; -0.0188635 ; 0.0168686 ; 101.728;
13 ; 9 ; 12 ; 0.0431538 ; 6.03196e-05 ; 0.00475269 ; 101.398;
14 ; 9 ; 12 ; 0.0356875 ; -0.00176392 ; 0.00312709 ; 101.812;
15 ; 9 ; 12 ; 0.0356932 ; 0.00254983 ; -0.000982866 ; 101.722;
16 ; 9 ; 12 ; 0.042922 ; 0.0125676 ; -0.00801307 ; 101.861;
17 ; 9 ; 12 ; 0.0272077 ; 0.014305 ; -0.013218 ; 102.456;
18 ; 9 ; 12 ; 0.0325273 ; 0.00624971 ; -0.015302 ; 101.994;
19 ; 9 ; 12 ; 0.0487205 ; 0.00497711 ; -0.00888664 ; 101.759;
20 ; 9 ; 12 ; 0.0426759 ; 0.00563645 ; 0.0017093 ; 101.698;
21 ; 9 ; 12 ; 0.0414268 ; 0.00424749 ; -0.0103969 ; 101.377;
4 ; 10 ; 12 ; 0.0369324 ; 0.0183033 ; -0.0219825 ; 101.764;
5 ; 10 ; 12 ; 0.0455739 ; 0.0360966 ; -0.0136414 ; 101.795;
6 ; 10 ; 12 ; 0.0324854 ; 0.0160012 ; -0.00862209 ; 101.351;
7 ; 10 ; 12 ; 0.0316539 ; 0.00909469 ; -0.00538707 ; 101.226;
8 ; 10 ; 12 ; 0.0301458 ; -0.00375734 ; 0.00172444 ; 101.401;
9 ; 10 ; 12 ; 0.041881 ; -0.000705523 ; -0.012757 ; 101.8;
10 ; 10 ; 12 ; 0.0341739 ; -0.00246817 ; -0.00694365 ; 101.554;
11 ; 10 ; 12 ; 0.0280292 ; 0.00404405 ; 0.00537732 ; 101.46;
12 ; 10 ; 12 ; 0.0273239 ; 0.000327146 ; 0.00845315 ; 101.516;
13 ; 10 ; 12 ; 0.0459281 ; -0.00263729 ; 0.00162547 ; 101.501;
14 ; 10 ; 12 ; 0.035865 ; -0.00159267 ; 0.00281234 ; 101.711;
15 ; 10 ; 12 ; 0.027128 ; 0.00190814 ; 0.00382016 ; 101.682;
16 ; 10 ; 12 ; 0.0296147 ; 0.0101327 ; -0.00438129 ; 101.465;
17 ; 10 ; 12 ; 0.0336423 ; 0.00539438 ; -0.0239646 ; 101.882;
18 ; 10 ; 12 ; 0.0345045 ; 0.00612658 ; -0.0164934 ; 102.231;
19 ; 10 ; 12 ; 0.0474449 ; 0.000215613 ; -0.0142001 ; 102.076;
20 ; 10 ; 12 ; 0.0664045 ; 0.00254884 ; -0.00603782 ; 101.842;
21 ; 10 ; 12 ; 0.0439528 ; -0.00294716 ; -0.0284419 ; 103.237;
4 ; 11 ; 12 ; 0.0344286 ; -0.0215485 ; -0.00364733 ; 102.497;
5 ; 11 ; 12 ; 0.0389763 ; 0.0156912 ; -0.0158095 ; 101.946;
6 ; 11 ; 12 ; 0.035712 ; 0.0209963 ; -0.0111978 ; 101.598;
7 ; 11 ; 12 ; 0.0365618 ; 0.0191046 ; -0.00679164 ; 101.411;
8 ; 11 ; 12 ; 0.0379519 ; 0.00718574 ; 0.00301817 ; 101.3;
9 ; 11 ; 12 ; 0.0264705 ; 0.0163159 ; -0.0264212 ; 101.845;
10 ; 11 ; 12 ; 0.031432 ; 0.015845 ; -0.00949747 ; 101.653;
11 ; 11 ; 12 ; 0.0291271 ; 0.0192321 ; 0.00961572 ; 101.551;
12 ; 11 ; 12 ; 0.0206294 ; 0.0177489 ; 0.0111443 ; 101.194;
13 ; 11 ; 12 ; 0.0292699 ; -0.00253509 ; 0.0136928 ; 101.684;
14 ; 11 ; 12 ; 0.0327777 ; -0.00402661 ; 0.00934278 ; 101.688;
15 ; 11 ; 12 ; 0.0259266 ; -0.00361559 ; 0.00597573 ; 101.688;
16 ; 11 ; 12 ; 0.00515669 ; 0.00524974 ; 0.0130687 ; 101.886;
17 ; 11 ; 12 ; 0.0379993 ; -0.0154989 ; 0.0080513 ; 101.807;
18 ; 11 ; 12 ; 0.0327464 ; -0.0028855 ; -0.00550021 ; 101.846;
19 ; 11 ; 12 ; 0.0306549 ; -0.00363205 ; -0.0101243 ; 101.966;
20 ; 11 ; 12 ; 0.0479816 ; -0.00956543 ; -0.00775811 ; 102.095;
21 ; 11 ; 12 ; 0.0483928 ; 0.00506084 ; 0.00116766 ; 102.004;
4 ; 12 ; 12 ; 0.0367766 ; -0.00846342 ; -0.0429197 ; 99.7975;
5 ; 12 ; 12 ; 0.0293248 ; 0.00522666 ; -0.00684067 ; 101.893;
6 ; 12 ; 12 ; 0.0373357 ; 0.018473 ; -0.0124843 ; 101.698;
7 ; 12 ; 12 ; 0.0384804 ; 0.023792 ; -0.00911501 ; 101.521;
8 ; 12 ; 12 ; 0.0319937 ; 0.023344 ; -0.00199916 ; 101.695;
9 ; 12 ; 12 ; 0.0178286 ; 0.0199954 ; -0.0317394 ; 101.762;
10 ; 12 ; 12 ; 0.0284462 ; 0.0244147 ; -0.0119282 ; 101.835;
11 ; 12 ; 12 ; 0.0325064 ; 0.0238219 ; 0.0116965 ; 101.779;
12 ; 12 ; 12 ; 0.04127 ; 0.0195013 ; 0.0138993 ; 101.571;
13 ; 12 ; 12 ; 0.0183207 ; 0.00389649 ; 0.0307842 ; 101.27;
14 ; 12 ; 12 ; 0.0300973 ; -0.00758244 ; 0.0108419 ; 101.782;
15 ; 12 ; 12 ; 0.0281545 ; -0.00775184 ; 0.003672 ; 101.608;
16 ; 12 ; 12 ; 0.0134897 ; 0.000876298 ; -0.000461326 ; 101.282;
17 ; 12 ; 12 ; 0.0397459 ; -0.0300972 ; 0.0373585 ; 101.798;
18 ; 12 ; 12 ; 0.0300225 ; -0.00782204 ; 0.000877458 ; 101.717;
19 ; 12 ; 12 ; 0.0189152 ; -0.00513196 ; -0.00823991 ; 102;
20 ; 12 ; 12 ; 0.0172672 ; -0.0102667 ; -0.00561331 ; 102.502;
21 ; 12 ; 12 ; 0.0387953 ; 0.0033248 ; 0.021305 ; 101.982;
4 ; 13 ; 12 ; 0.0449415 ; 0.0134717 ; 0.00130663 ; 101.594;
5 ; 13 ; 12 ; 0.028837 ; -0.00466208 ; -0.0204831 ; 102.27;
6 ; 13 ; 12 ; 0.0307342 ; -0.0159366 ; -0.0110688 ; 102.234;
7 ; 13 ; 12 ; 0.0332601 ; -0.00145872 ; 0.000876073 ; 101.96;
8 ; 13 ; 12 ; 0.0250499 ; 0.0189322 ; 0.00990681 ; 101.189;
9 ; 13 ; 12 ; 0.0475031 ; 4.27092e-07 ; 0.00185931 ; 101.329;
10 ; 13 ; 12 ; 0.0333151 ; 0.00202066 ; 0.0025874 ; 101.684;
11 ; 13 ; 12 ; 0.0178731 ; 0.0145426 ; 0.00763768 ; 102.263;
12 ; 13 ; 12 ; 0.0204935 ; 0.0406679 ; 0.0280772 ; 102.051;
13 ; 13 ; 12 ; 0.0261823 ; 0.0196491 ; 0.00187819 ; 101.874;
14 ; 13 ; 12 ; 0.0329375 ; 0.0175347 ; -0.000254699 ; 101.82;
15 ; 13 ; 12 ; 0.0502542 ; 0.013197 ; 0.0176171 ; 101.636;
16 ; 13 ; 12 ; 0.0530345 ; 0.00815203 ; 0.0399811 ; 101.619;
17 ; 13 ; 12 ; 0.0406829 ; 0.00512804 ; 0.00832897 ; 101.759;
18 ; 13 ; 12 ; 0.0481152 ; 0.00243926 ; -0.00574208 ; 101.518;
19 ; 13 ; 12 ; 0.0433658 ; -0.0222841 ; 0.00289304 ; 101.375;
20 ; 13 ; 12 ; 0.0501051 ; -0.0421457 ; 0.0269002 ; 102.158;
21 ; 13 ; 12 ; 0.0414885 ; -0.00932159 ; -0.00424625 ; 102.111;
4 ; 14 ; 12 ; 0.0317424 ; 0.018134 ; -0.0154678 ; 101.889;
5 ; 14 ; 12 ; 0.0286502 ; -0.00823405 ; -0.0171898 ; 101.973;
6 ; 14 ; 12 ; 0.0324846 ; -0.0122872 ; -0.00959191 ; 102.136;
7 ; 14 ; 12 ; 0.0381556 ; -0.00256504 ; 0.00094878 ; 102.001;
8 ; 14 ; 12 ; 0.034127 ; 0.0165483 ; 0.00518949 ; 101.406;
9 ; 14 ; 12 ; 0.0520596 ; 0.00694906 ; 0.00161499 ; 101.704;
10 ; 14 ; 12 ; 0.0345887 ; 0.00398471 ; 0.00468564 ; 101.798;
11 ; 14 ; 12 ; 0.0199788 ; 0.0110991 ; 0.0128234 ; 102.277;
12 ; 14 ; 12 ; 0.0127787 ; 0.0238238 ; 0.0128135 ; 102.306;
13 ; 14 ; 12 ; 0.0313731 ; 0.0107677 ; -0.000193393 ; 102.209;
14 ; 14 ; 12 ; 0.0344791 ; 0.0146628 ; -1.00348e-05 ; 101.928;
15 ; 14 ; 12 ; 0.0476438 ; 0.010674 ; 0.0118215 ; 101.741;
16 ; 14 ; 12 ; 0.0539037 ; 0.0136882 ; 0.0274906 ; 101.536;
17 ; 14 ; 12 ; 0.0471641 ; 0.00861142 ; -0.00507389 ; 102.257;
18 ; 14 ; 12 ; 0.0478702 ; 0.00131227 ; -0.00658279 ; 101.744;
19 ; 14 ; 12 ; 0.0406473 ; -0.0166975 ; -0.0038512 ; 101.581;
20 ; 14 ; 12 ; 0.0423424 ; -0.0380241 ; 0.0182016 ; 101.483;
21 ; 14 ; 12 ; 0.0571642 ; 0.0247163 ; 0.0105379 ; 102.334;
4 ; 15 ; 12 ; 0.0324718 ; -0.0146447 ; 0.0069179 ; 101.11;
5 ; 15 ; 12 ; 0.04776 ; 0.00118908 ; -0.0027133 ; 101.319;
6 ; 15 ; 12 ; 0.040019 ; -0.00626249 ; -0.00156918 ; 101.743;
7 ; 15 ; 12 ; 0.0481948 ; -0.00447079 ; 0.00781334 ; 101.846;
8 ; 15 ; 12 ; 0.0459961 ; 0.00525265 ; 0.0036345 ; 101.93;
9 ; 15 ; 12 ; 0.0434484 ; -0.00463717 ; 0.00530721 ; 101.665;
10 ; 15 ; 12 ; 0.0380441 ; 0.00359058 ; 0.0100578 ; 101.831;
11 ; 15 ; 12 ; 0.028608 ; 0.00606323 ; 0.017407 ; 102.044;
12 ; 15 ; 12 ; 0.015387 ; 0.00392048 ; 0.0113654 ; 102.546;
13 ; 15 ; 12 ; 0.0404792 ; -0.00648765 ; 0.0011507 ; 101.868;
14 ; 15 ; 12 ; 0.0402978 ; 0.00573017 ; 0.00327417 ; 101.961;
15 ; 15 ; 12 ; 0.0455924 ; 0.00253115 ; 0.00621539 ; 101.999;
16 ; 15 ; 12 ; 0.0479927 ; 0.00913065 ; 0.00308781 ; 101.68;
17 ; 15 ; 12 ; 0.055929 ; 0.0125685 ; -5.74525e-05 ; 102.164;
18 ; 15 ; 12 ; 0.0520251 ; 0.00303458 ; -0.0056387 ; 101.958;
19 ; 15 ; 12 ; 0.0429131 ; -0.00188853 ; -0.00694308 ; 101.781;
20 ; 15 ; 12 ; 0.0295439 ; -0.0209037 ; -0.00464091 ; 101.389;
21 ; 15 ; 12 ; 0.0665379 ; 0.0268463 ; -0.0248298 ; 101.059;
4 ; 16 ; 12 ; 0.023481 ; 0.0145493 ; 0.00531892 ; 101.14;
5 ; 16 ; 12 ; 0.0619402 ; 0.00399278 ; 0.00122196 ; 101.42;
6 ; 16 ; 12 ; 0.0519185 ; 0.00152069 ; 0.00911519 ; 101.489;
7 ; 16 ; 12 ; 0.0518374 ; -0.00257453 ; 0.0197542 ; 101.603;
8 ; 16 ; 12 ; 0.0509898 ; -0.00739018 ; 0.0202032 ; 101.821;
9 ; 16 ; 12 ; 0.0279463 ; -0.0286378 ; 0.00140018 ; 101.663;
10 ; 16 ; 12 ; 0.036727 ; -0.00684392 ; 0.0111049 ; 101.691;
11 ; 16 ; 12 ; 0.0369882 ; 0.00576224 ; 0.0171528 ; 101.727;
12 ; 16 ; 12 ; 0.0392582 ; 0.00944702 ; 0.0256404 ; 101.884;
13 ; 16 ; 12 ; 0.0522163 ; -0.00937062 ; -0.00212865 ; 101.444;
14 ; 16 ; 12 ; 0.048292 ; -0.0017283 ; 0.000843896 ; 101.735;
15 ; 16 ; 12 ; 0.0495176 ; -0.00396022 ; 0.00702757 ; 102.09;
16 ; 16 ; 12 ; 0.0423244 ; -0.00391744 ; 0.00293379 ; 102.163;
17 ; 16 ; 12 ; 0.0446238 ; 0.00773313 ; -0.00127186 ; 102.067;
18 ; 16 ; 12 ; 0.0546183 ; 0.00787364 ; -0.00250708 ; 102.064;
19 ; 16 ; 12 ; 0.0491973 ; 0.00809264 ; -0.00102356 ; 101.967;
20 ; 16 ; 12 ; 0.0369192 ; 0.00687108 ; -0.00636434 ; 101.894;
21 ; 16 ; 12 ; 0.0206449 ; -0.00163492 ; -0.00264722 ; 101.305;
4 ; 17 ; 12 ; 0.0749918 ; 0.00807547 ; -0.012914 ; 101.562;
5 ; 17 ; 12 ; 0.0526585 ; 0.0085688 ; 0.00808528 ; 101.727;
6 ; 17 ; 12 ; 0.0519197 ; -0.00107137 ; 0.015619 ; 101.47;
7 ; 17 ; 12 ; 0.0446225 ; -0.00864136 ; 0.0213936 ; 101.637;
8 ; 17 ; 12 ; 0.0498496 ; -0.00314514 ; 0.0313396 ; 101.503;
9 ; 17 ; 12 ; 0.0205774 ; -0.00427373 ; 0.00132591 ; 102.051;
10 ; 17 ; 12 ; 0.0290969 ; -0.0112893 ; 0.00858858 ; 101.67;
11 ; 17 ; 12 ; 0.034032 ; 0.00354677 ; 0.00989482 ; 101.716;
12 ; 17 ; 12 ; 0.0461491 ; 0.0188451 ; 0.0185474 ; 101.633;
13 ; 17 ; 12 ; 0.0522265 ; 0.000452458 ; -0.031955 ; 101.615;
14 ; 17 ; 12 ; 0.0535092 ; -0.00135299 ; -0.0103466 ; 101.438;
15 ; 17 ; 12 ; 0.0514886 ; -1.26349e-05 ; 0.00104398 ; 101.874;
16 ; 17 ; 12 ; 0.0516927 ; -0.00217202 ; 0.0150217 ; 102.244;
17 ; 17 ; 12 ; 0.0349594 ; -0.00072411 ; -0.0184324 ; 102.112;
18 ; 17 ; 12 ; 0.0479384 ; 0.00548963 ; -0.00293439 ; 102.086;
19 ; 17 ; 12 ; 0.0448913 ; 0.00422023 ; 0.00505822 ; 102.062;
20 ; 17 ; 12 ; 0.0470427 ; 0.00928717 ; 0.0042368 ; 101.61;
21 ; 17 ; 12 ; 0.0583677 ; -0.013516 ; -0.0142537 ; 102.586;
4 ; 18 ; 12 ; 0.0296341 ; 0.0159187 ; 0.00587386 ; 101.115;
5 ; 18 ; 12 ; 0.0404012 ; 0.00899899 ; 0.0172237 ; 101.612;
6 ; 18 ; 12 ; 0.0488405 ; -0.00286079 ; 0.0163779 ; 101.605;
7 ; 18 ; 12 ; 0.0386432 ; -0.0127659 ; 0.0182278 ; 101.795;
8 ; 18 ; 12 ; 0.0390521 ; -0.00314937 ; 0.00996685 ; 101.735;
9 ; 18 ; 12 ; 0.0198836 ; 0.0255902 ; 0.00708144 ; 102.241;
10 ; 18 ; 12 ; 0.0237024 ; -0.011388 ; 0.00602649 ; 101.75;
11 ; 18 ; 12 ; 0.0292289 ; 0.00202635 ; 0.00816731 ; 101.858;
12 ; 18 ; 12 ; 0.0394701 ; 0.014587 ; -0.000168922 ; 102.076;
13 ; 18 ; 12 ; 0.0496229 ; 0.00571823 ; -0.0485806 ; 101.757;
14 ; 18 ; 12 ; 0.0542961 ; 0.00143691 ; -0.0195777 ; 101.345;
15 ; 18 ; 12 ; 0.050974 ; 0.00463077 ; -0.00532027 ; 101.689;
16 ; 18 ; 12 ; 0.0519354 ; -0.00333449 ; 0.00146832 ; 101.914;
17 ; 18 ; 12 ; 0.0377603 ; -0.00541143 ; -0.0324609 ; 102.043;
18 ; 18 ; 12 ; 0.0412154 ; 0.00214516 ; -0.00471817 ; 102.197;
19 ; 18 ; 12 ; 0.0382454 ; -0.00145256 ; 0.00390219 ; 102.22;
20 ; 18 ; 12 ; 0.0378943 ; -0.0100499 ; -0.0105053 ; 102.146;
21 ; 18 ; 12 ; 0.0282927 ; 0.0142663 ; -0.0361258 ; 102.64;
4 ; 19 ; 12 ; 0.0447755 ; -0.00966555 ; 0.018904 ; 101.363;
5 ; 19 ; 12 ; 0.0515642 ; 0.0125806 ; 0.00835494 ; 101.583;
6 ; 19 ; 12 ; 0.0424686 ; 0.00946935 ; 0.00487623 ; 101.754;
7 ; 19 ; 12 ; 0.0258252 ; 0.0139433 ; 0.0081053 ; 101.559;
8 ; 19 ; 12 ; 0.0169262 ; 0.0274997 ; 0.0156101 ; 101.201;
9 ; 19 ; 12 ; 0.0476632 ; -0.000755789 ; 0.00445901 ; 101.83;
10 ; 19 ; 12 ; 0.0446177 ; -0.000667486 ; -0.00304157 ; 101.694;
11 ; 19 ; 12 ; 0.0506097 ; -0.0090777 ; -0.0028131 ; 101.575;
12 ; 19 ; 12 ; 0.0749638 ; -9.17584e-05 ; -0.0209201 ; 100.923;
13 ; 19 ; 12 ; 0.0203199 ; 0.0106147 ; -0.00308312 ; 101.762;
14 ; 19 ; 12 ; 0.0255532 ; 0.00900933 ; 0.000535494 ; 101.337;
15 ; 19 ; 12 ; 0.0248282 ; 0.00776458 ; -0.00259313 ; 101.263;
16 ; 19 ; 12 ; 0.0235373 ; 0.00622591 ; -0.000120265 ; 101.191;
17 ; 19 ; 12 ; 0.0428919 ; 0.0151632 ; 0.0149613 ; 102.092;
18 ; 19 ; 12 ; 0.0412495 ; 0.00820857 ; -0.00027277 ; 101.954;
19 ; 19 ; 12 ; 0.044274 ; 0.00756179 ; -0.00374126 ; 101.63;
20 ; 19 ; 12 ; 0.0462131 ; -0.00377081 ; -0.00502016 ; 100.469;
21 ; 19 ; 12 ; 0.0518041 ; -0.00527893 ; -0.0172964 ; 102.366;
4 ; 20 ; 12 ; 0.0954887 ; 0.0107196 ; 0.00597425 ; 102.738;
5 ; 20 ; 12 ; 0.0342854 ; 0.0118028 ; -0.00314315 ; 101.382;
6 ; 20 ; 12 ; 0.0423038 ; 0.00906284 ; -0.000371669 ; 101.617;
7 ; 20 ; 12 ; 0.0354249 ; 0.00919658 ; 0.00298521 ; 101.4;
8 ; 20 ; 12 ; 0.0199141 ; 0.0223447 ; 0.0141423 ; 101.404;
9 ; 20 ; 12 ; 0.0462381 ; 0.000615769 ; -0.00675133 ; 101.404;
10 ; 20 ; 12 ; 0.0440696 ; -0.00378176 ; 0.000723821 ; 101.508;
11 ; 20 ; 12 ; 0.0464615 ; -0.00889439 ; 0.00358113 ; 101.559;
12 ; 20 ; 12 ; 0.0587674 ; -0.00893375 ; -0.00203044 ; 101.437;
13 ; 20 ; 12 ; 0.0195252 ; 0.00753795 ; -0.00665026 ; 102.064;
14 ; 20 ; 12 ; 0.0298006 ; 0.00439697 ; -0.00590645 ; 101.684;
15 ; 20 ; 12 ; 0.0338787 ; 0.000624319 ; -0.00488007 ; 101.675;
16 ; 20 ; 12 ; 0.0272521 ; 0.00657516 ; -0.00534598 ; 101.366;
17 ; 20 ; 12 ; 0.0413738 ; 0.010977 ; -0.00325309 ; 102.38;
18 ; 20 ; 12 ; 0.0350371 ; 0.0061048 ; -0.000566168 ; 101.988;
19 ; 20 ; 12 ; 0.0394188 ; 0.00674728 ; 0.00125264 ; 101.648;
20 ; 20 ; 12 ; 0.0440409 ; 0.00469406 ; 3.04766e-05 ; 100.991;
21 ; 20 ; 12 ; 0.0412913 ; 0.0239486 ; -0.0312329 ; 101.127;
4 ; 21 ; 12 ; 0.0536172 ; -0.0165858 ; -0.00224537 ; 102.006;
5 ; 21 ; 12 ; 0.0230462 ; 0.0135009 ; -0.0202923 ; 101.399;
6 ; 21 ; 12 ; 0.0432013 ; 0.00997744 ; -0.000896993 ; 101.46;
7 ; 21 ; 12 ; 0.0431552 ; 0.00731423 ; 0.00123709 ; 101.301;
8 ; 21 ; 12 ; 0.0403097 ; 0.00968639 ; 0.0110498 ; 101.48;
9 ; 21 ; 12 ; 0.0426489 ; 0.00496617 ; -0.00649708 ; 101.201;
10 ; 21 ; 12 ; 0.0450098 ; -0.00861601 ; 0.00451712 ; 101.392;
11 ; 21 ; 12 ; 0.0411878 ; -0.0107264 ; 0.0122857 ; 101.682;
12 ; 21 ; 12 ; 0.0325957 ; -0.00242369 ; 0.0113833 ; 102.138;
13 ; 21 ; 12 ; 0.0300341 ; 0.00165723 ; -0.0121743 ; 102.333;
14 ; 21 ; 12 ; 0.0283167 ; 0.00227279 ; -0.0114712 ; 102.038;
15 ; 21 ; 12 ; 0.0403886 ; -0.00371755 ; -0.00808926 ; 102.07;
16 ; 21 ; 12 ; 0.038415 ; -0.00135687 ; 0.00106386 ; 101.781;
17 ; 21 ; 12 ; 0.0329502 ; -0.00456053 ; -0.0101808 ; 102.324;
18 ; 21 ; 12 ; 0.0339012 ; 0.00979403 ; 0.00260798 ; 102.113;
19 ; 21 ; 12 ; 0.0369646 ; 0.00904882 ; 0.00795281 ; 101.811;
20 ; 21 ; 12 ; 0.0473402 ; 0.00424862 ; 0.011737 ; 101.505;
21 ; 21 ; 12 ; 0.0571033 ; 0.0133771 ; 0.0093897 ; 100.977;
4 ; 4 ; 13 ; 0.0279731 ; 0.00882769 ; -0.00321003 ; 101.512;
5 ; 4 ; 13 ; 0.0131729 ; 0.0243273 ; -0.0141087 ; 101.688;
6 ; 4 ; 13 ; 0.0209093 ; 0.00363742 ; -0.0242093 ; 102.107;
7 ; 4 ; 13 ; 0.0288742 ; -0.0106548 ; -0.0236806 ; 102.619;
8 ; 4 ; 13 ; 0.0463716 ; -0.00459966 ; -0.0101031 ; 103.394;
9 ; 4 ; 13 ; 0.0195324 ; 0.0173622 ; -0.00279455 ; 101.509;
10 ; 4 ; 13 ; 0.0180775 ; 0.00816736 ; -0.00618761 ; 101.712;
11 ; 4 ; 13 ; 0.0243138 ; -0.00903609 ; -0.00548493 ; 101.293;
12 ; 4 ; 13 ; 0.0496821 ; -0.0247489 ; -0.0160415 ; 100.262;
13 ; 4 ; 13 ; 0.0231473 ; -0.00300951 ; -0.004215 ; 102.063;
14 ; 4 ; 13 ; 0.0174677 ; 0.00829093 ; -0.0182483 ; 102.137;
15 ; 4 ; 13 ; 0.0255147 ; 0.0173779 ; -0.0199279 ; 102.102;
16 ; 4 ; 13 ; 0.058879 ; 0.0116117 ; -0.0102341 ; 100.987;
17 ; 4 ; 13 ; 0.0235272 ; 0.00836385 ; 0.00101644 ; 101.912;
18 ; 4 ; 13 ; 0.0232184 ; 0.00816684 ; -0.00965264 ; 102.398;
19 ; 4 ; 13 ; 0.0179122 ; 0.00441817 ; 0.00340733 ; 102.432;
20 ; 4 ; 13 ; 0.0190098 ; 0.00812488 ; 0.0215138 ; 101.963;
21 ; 4 ; 13 ; -0.0101808 ; 0.0237359 ; -0.0310597 ; 101.271;
4 ; 5 ; 13 ; 0.0529167 ; 0.00898476 ; 0.0127102 ; 100.701;
5 ; 5 ; 13 ; 0.0120515 ; 0.00675166 ; -0.00823894 ; 101.786;
6 ; 5 ; 13 ; 0.020104 ; 0.000446247 ; -0.0168148 ; 101.996;
7 ; 5 ; 13 ; 0.0318407 ; -0.0124033 ; -0.0158019 ; 102.316;
8 ; 5 ; 13 ; 0.0375324 ; -0.0108337 ; -0.0181919 ; 102.66;
9 ; 5 ; 13 ; 0.00245459 ; -0.0175393 ; -0.000269546 ; 101.863;
10 ; 5 ; 13 ; 0.011688 ; -0.00116982 ; -0.00826957 ; 101.771;
11 ; 5 ; 13 ; 0.0146532 ; -0.00888228 ; -0.005316 ; 101.368;
12 ; 5 ; 13 ; 0.0407755 ; -0.0186881 ; -0.0101343 ; 100.913;
13 ; 5 ; 13 ; 0.0255502 ; 0.00442893 ; -0.000121077 ; 101.907;
14 ; 5 ; 13 ; 0.0231712 ; 0.0100281 ; -0.0110063 ; 102.215;
15 ; 5 ; 13 ; 0.0283426 ; 0.0149387 ; -0.0132453 ; 102.123;
16 ; 5 ; 13 ; 0.0343994 ; 0.018664 ; -0.0179101 ; 101.722;
17 ; 5 ; 13 ; 0.0206673 ; 0.00867225 ; 0.002927 ; 102.316;
18 ; 5 ; 13 ; 0.0225518 ; 0.00875469 ; -0.0069511 ; 102.268;
19 ; 5 ; 13 ; 0.0166785 ; 0.00526038 ; 0.00428748 ; 102.288;
20 ; 5 ; 13 ; 0.0173417 ; 0.00363213 ; 0.0205336 ; 102.205;
21 ; 5 ; 13 ; 0.0425576 ; 0.011852 ; -0.0484017 ; 100.715;
4 ; 6 ; 13 ; 0.0655085 ; -0.00481208 ; 0.0372978 ; 102.223;
5 ; 6 ; 13 ; 0.00993481 ; -0.00461984 ; -0.00128522 ; 102.012;
6 ; 6 ; 13 ; 0.0196404 ; 0.00223156 ; -0.0118307 ; 101.749;
7 ; 6 ; 13 ; 0.0318598 ; -0.0118078 ; -0.0117797 ; 101.856;
8 ; 6 ; 13 ; 0.0381596 ; -0.0221431 ; -0.0107277 ; 101.712;
9 ; 6 ; 13 ; -0.00923582 ; -0.0305927 ; -0.00858952 ; 102.014;
10 ; 6 ; 13 ; 0.00647503 ; -0.00968666 ; -0.00438871 ; 101.875;
11 ; 6 ; 13 ; 0.00679085 ; -0.0079192 ; 0.000394284 ; 101.571;
12 ; 6 ; 13 ; 0.00788376 ; -0.00400353 ; -0.00477887 ; 101.429;
13 ; 6 ; 13 ; 0.020927 ; 0.00134073 ; 0.00454995 ; 101.522;
14 ; 6 ; 13 ; 0.030008 ; 0.0132006 ; -0.00549927 ; 102.443;
15 ; 6 ; 13 ; 0.0277181 ; 0.0157791 ; -0.0110667 ; 102.358;
16 ; 6 ; 13 ; 0.0171026 ; 0.0106561 ; -0.00721124 ; 102.06;
17 ; 6 ; 13 ; 0.0307664 ; 0.0171094 ; 0.00844954 ; 102.158;
18 ; 6 ; 13 ; 0.0170347 ; 0.00610175 ; -0.000292452 ; 102.312;
19 ; 6 ; 13 ; 0.0137666 ; 0.00482127 ; 0.0083522 ; 102.298;
20 ; 6 ; 13 ; 0.0119229 ; -0.00951311 ; 0.0181999 ; 102.17;
21 ; 6 ; 13 ; 0.0186015 ; 0.018872 ; 0.0120748 ; 100.876;
4 ; 7 ; 13 ; 0.0068456 ; 0.003349 ; 0.000754038 ; 102.885;
5 ; 7 ; 13 ; 0.0199627 ; -0.0112104 ; -0.0114958 ; 101.662;
6 ; 7 ; 13 ; 0.0172052 ; 0.00375096 ; -0.0121133 ; 101.803;
7 ; 7 ; 13 ; 0.0107835 ; 0.00684485 ; -0.0144392 ; 101.802;
8 ; 7 ; 13 ; 0.0146395 ; -0.0199448 ; 0.0217427 ; 101.833;
9 ; 7 ; 13 ; 0.00955018 ; 0.000295514 ; -0.0101726 ; 102;
10 ; 7 ; 13 ; 0.0115308 ; 0.00165486 ; -0.0143757 ; 101.898;
11 ; 7 ; 13 ; 0.0172426 ; -5.56855e-05 ; -0.00222456 ; 102.151;
12 ; 7 ; 13 ; 0.0222899 ; 0.00710692 ; 0.0162015 ; 101.99;
13 ; 7 ; 13 ; 0.00989677 ; 0.0219384 ; -0.00495511 ; 101.576;
14 ; 7 ; 13 ; 0.0206589 ; 0.00959366 ; -0.00413596 ; 101.8;
15 ; 7 ; 13 ; 0.0317126 ; 0.00550559 ; -0.00260897 ; 102.085;
16 ; 7 ; 13 ; 0.0460824 ; 0.0359902 ; -0.00300578 ; 102.358;
17 ; 7 ; 13 ; 0.0396501 ; -0.017723 ; -0.0118525 ; 101.394;
18 ; 7 ; 13 ; 0.0340135 ; -0.0107156 ; -0.00287982 ; 101.719;
19 ; 7 ; 13 ; 0.025209 ; -0.00973602 ; 0.00668729 ; 102.048;
20 ; 7 ; 13 ; 0.0273165 ; -0.0334406 ; -0.0150884 ; 102.213;
21 ; 7 ; 13 ; 0.00737797 ; 0.00278798 ; -0.0038019 ; 102.218;
4 ; 8 ; 13 ; 0.0147596 ; 0.025634 ; 0.0490277 ; 101.231;
5 ; 8 ; 13 ; 0.0149244 ; -0.00688734 ; -0.011385 ; 102.495;
6 ; 8 ; 13 ; 0.0179971 ; 0.00191203 ; -0.0102893 ; 102.065;
7 ; 8 ; 13 ; 0.0148027 ; 0.00554042 ; -0.0132475 ; 101.915;
8 ; 8 ; 13 ; 0.00685258 ; -0.00494349 ; -0.0037113 ; 101.735;
9 ; 8 ; 13 ; 0.0136013 ; -0.00652521 ; -0.015684 ; 102.009;
10 ; 8 ; 13 ; 0.0145797 ; -0.0037184 ; -0.0144319 ; 101.916;
11 ; 8 ; 13 ; 0.0192012 ; -0.00303676 ; -0.00697136 ; 101.981;
12 ; 8 ; 13 ; 0.0168818 ; -0.00109224 ; 0.0137032 ; 102.279;
13 ; 8 ; 13 ; 0.00715494 ; 0.0271469 ; -0.00746942 ; 101.481;
14 ; 8 ; 13 ; 0.0153408 ; 0.00844549 ; -0.00631825 ; 101.714;
15 ; 8 ; 13 ; 0.0237218 ; 5.08292e-06 ; -0.00489769 ; 102.013;
16 ; 8 ; 13 ; 0.0397779 ; 0.0109126 ; 0.00306187 ; 102.07;
17 ; 8 ; 13 ; 0.022982 ; -0.0188442 ; -0.0133137 ; 101.694;
18 ; 8 ; 13 ; 0.0308913 ; -0.0100111 ; -0.00821858 ; 101.765;
19 ; 8 ; 13 ; 0.0262326 ; -0.00386787 ; -0.00215295 ; 102.001;
20 ; 8 ; 13 ; 0.0206371 ; -0.0133165 ; 0.000779176 ; 102.175;
21 ; 8 ; 13 ; -0.00125594 ; -0.0424833 ; -0.010609 ; 102.099;
4 ; 9 ; 13 ; -0.00365312 ; 0.0155527 ; 0.0306229 ; 102.142;
5 ; 9 ; 13 ; 0.0166882 ; 0.0023841 ; 0.00226526 ; 102.36;
6 ; 9 ; 13 ; 0.0191796 ; -0.00240573 ; -0.00498885 ; 102.136;
7 ; 9 ; 13 ; 0.0203797 ; -0.00162941 ; -0.0057325 ; 101.805;
8 ; 9 ; 13 ; 0.0147602 ; 0.00851087 ; -0.0167344 ; 101.775;
9 ; 9 ; 13 ; 0.0228657 ; 0.0184799 ; -0.0125654 ; 101.828;
10 ; 9 ; 13 ; 0.0210384 ; -0.00170491 ; -0.0128183 ; 101.848;
11 ; 9 ; 13 ; 0.0210136 ; -0.000415896 ; -0.0101255 ; 101.873;
12 ; 9 ; 13 ; 0.0210142 ; -0.0069171 ; -0.00212064 ; 101.909;
13 ; 9 ; 13 ; 0.0243579 ; 0.0215415 ; -0.00645358 ; 101.833;
14 ; 9 ; 13 ; 0.0145776 ; 0.00977677 ; -0.00503261 ; 101.721;
15 ; 9 ; 13 ; 0.0165922 ; -0.00331544 ; -0.00159834 ; 102.021;
16 ; 9 ; 13 ; 0.0178604 ; -0.0158533 ; -0.00362712 ; 101.962;
17 ; 9 ; 13 ; 0.0156942 ; -0.00538559 ; -0.007156 ; 101.787;
18 ; 9 ; 13 ; 0.0231619 ; -0.00584549 ; -0.0152341 ; 101.766;
19 ; 9 ; 13 ; 0.0290711 ; 0.00529735 ; -0.0126694 ; 101.92;
20 ; 9 ; 13 ; 0.0203618 ; 0.0117288 ; -0.00469406 ; 101.996;
21 ; 9 ; 13 ; 0.0148834 ; -0.0120038 ; -0.0164098 ; 101.286;
4 ; 10 ; 13 ; 0.0144983 ; -0.0150955 ; -0.00698887 ; 100.378;
5 ; 10 ; 13 ; 0.00984696 ; 0.00847694 ; 0.00882381 ; 101.975;
6 ; 10 ; 13 ; 0.0185133 ; -0.000911611 ; 0.00467007 ; 101.954;
7 ; 10 ; 13 ; 0.0262136 ; -0.00731277 ; 0.00782044 ; 101.652;
8 ; 10 ; 13 ; 0.0308489 ; -0.00620994 ; 0.0147035 ; 101.482;
9 ; 10 ; 13 ; 0.0156333 ; 0.0372285 ; 0.00598168 ; 101.743;
10 ; 10 ; 13 ; 0.0244393 ; 0.0142368 ; -0.00140358 ; 101.794;
11 ; 10 ; 13 ; 0.0235948 ; 0.00648746 ; -0.00122484 ; 101.943;
12 ; 10 ; 13 ; 0.0268698 ; 0.00728749 ; -0.0103179 ; 101.752;
13 ; 10 ; 13 ; 0.0288439 ; 0.000895951 ; -0.00986321 ; 103.042;
14 ; 10 ; 13 ; 0.0201612 ; 0.00590255 ; -0.00411788 ; 102.341;
15 ; 10 ; 13 ; 0.0194125 ; 0.00388426 ; -0.000451686 ; 102.313;
16 ; 10 ; 13 ; 0.0105869 ; -0.00150738 ; -0.00579658 ; 102.293;
17 ; 10 ; 13 ; 0.00965876 ; 0.0031945 ; -0.00378459 ; 101.477;
18 ; 10 ; 13 ; 0.0185608 ; 0.00282605 ; -0.0130049 ; 101.648;
19 ; 10 ; 13 ; 0.0258653 ; 0.00716293 ; -0.0138951 ; 101.705;
20 ; 10 ; 13 ; 0.0382404 ; 0.0100847 ; -0.0203495 ; 101.965;
21 ; 10 ; 13 ; 0.0137567 ; 0.0227995 ; -0.0573084 ; 100.672;
4 ; 11 ; 13 ; -0.00882396 ; -0.0294864 ; 0.00273731 ; 102.188;
5 ; 11 ; 13 ; 0.0225048 ; 0.011307 ; 0.00861 ; 101.18;
6 ; 11 ; 13 ; 0.020245 ; 0.00513363 ; 0.0064056 ; 101.641;
7 ; 11 ; 13 ; 0.0237807 ; -0.0028308 ; 0.00499537 ; 101.837;
8 ; 11 ; 13 ; 0.0257616 ; -0.0072402 ; 0.0190014 ; 101.398;
9 ; 11 ; 13 ; 0.0158081 ; 0.0311139 ; -0.00768157 ; 102.077;
10 ; 11 ; 13 ; 0.0210994 ; 0.0229527 ; 0.00324361 ; 101.874;
11 ; 11 ; 13 ; 0.0204653 ; 0.00664152 ; 0.00807892 ; 101.988;
12 ; 11 ; 13 ; 0.0234639 ; 0.00544033 ; 0.00394314 ; 102.473;
13 ; 11 ; 13 ; 0.00248754 ; -0.0117522 ; -0.000874644 ; 101.96;
14 ; 11 ; 13 ; 0.0163231 ; 0.00445381 ; -0.00453983 ; 102.271;
15 ; 11 ; 13 ; 0.0231293 ; 0.00687312 ; -0.00178326 ; 102.179;
16 ; 11 ; 13 ; 0.0227583 ; 0.0103348 ; 0.00266883 ; 102.209;
17 ; 11 ; 13 ; 0.0288849 ; 0.0128861 ; -7.76246e-05 ; 101.312;
18 ; 11 ; 13 ; 0.0156131 ; 0.00997111 ; -0.00716669 ; 101.381;
19 ; 11 ; 13 ; 0.012656 ; 0.0082632 ; -0.00164242 ; 101.242;
20 ; 11 ; 13 ; 0.0285187 ; 0.00283332 ; 0.00249315 ; 101.801;
21 ; 11 ; 13 ; -0.00404657 ; -0.00204473 ; -0.0245886 ; 101.306;
4 ; 12 ; 13 ; 0.0155406 ; -0.0213271 ; 0.0469166 ; 101.302;
5 ; 12 ; 13 ; 0.0398683 ; 0.0127551 ; 0.00698773 ; 100.436;
6 ; 12 ; 13 ; 0.0216632 ; 0.00955183 ; 0.0066372 ; 101.66;
7 ; 12 ; 13 ; 0.0230133 ; 0.0027185 ; 0.000445999 ; 102.134;
8 ; 12 ; 13 ; 0.0227505 ; 0.00206475 ; -0.0090227 ; 102.022;
9 ; 12 ; 13 ; 0.0209899 ; 0.0257614 ; -0.0316845 ; 102.186;
10 ; 12 ; 13 ; 0.0183523 ; 0.0220249 ; 0.00440711 ; 101.976;
11 ; 12 ; 13 ; 0.0196113 ; 0.00241366 ; 0.0107296 ; 101.892;
12 ; 12 ; 13 ; 0.022577 ; -0.0144918 ; 0.00800331 ; 101.886;
13 ; 12 ; 13 ; -0.0108434 ; -0.00782923 ; 0.00822553 ; 100.354;
14 ; 12 ; 13 ; 0.00888048 ; 0.00169329 ; -0.00769632 ; 102.115;
15 ; 12 ; 13 ; 0.0216897 ; 0.00568999 ; -0.00691741 ; 102.015;
16 ; 12 ; 13 ; 0.029907 ; 0.00275804 ; 0.00408213 ; 102.175;
17 ; 12 ; 13 ; 0.0438564 ; 0.0205523 ; 0.000661973 ; 101.269;
18 ; 12 ; 13 ; 0.0160736 ; 0.0127583 ; -0.00455077 ; 101.267;
19 ; 12 ; 13 ; 0.00415053 ; 0.00916548 ; 0.00320024 ; 100.959;
20 ; 12 ; 13 ; 0.00586408 ; -0.00577824 ; 0.0133733 ; 101.409;
21 ; 12 ; 13 ; 0.0206575 ; -0.0620415 ; -0.00163937 ; 102.461;
4 ; 13 ; 13 ; 0.0345887 ; -0.0135822 ; -0.0303452 ; 101.589;
5 ; 13 ; 13 ; 0.022795 ; 0.0201448 ; -0.0124865 ; 101.407;
6 ; 13 ; 13 ; 0.00169733 ; 0.00786981 ; -0.00701122 ; 101.539;
7 ; 13 ; 13 ; -0.00662366 ; -0.00442552 ; 0.00915819 ; 101.349;
8 ; 13 ; 13 ; -0.0070633 ; -0.0346538 ; 0.0358365 ; 100.891;
9 ; 13 ; 13 ; 0.0230188 ; -0.0253025 ; 0.00327885 ; 101.742;
10 ; 13 ; 13 ; 0.0236301 ; -0.0226953 ; -0.00544859 ; 101.649;
11 ; 13 ; 13 ; 0.0351761 ; -0.0243067 ; -0.00403241 ; 101.345;
12 ; 13 ; 13 ; 0.0721159 ; -0.0361381 ; -0.0182636 ; 100.872;
13 ; 13 ; 13 ; 0.0182632 ; 0.00130723 ; -0.000142505 ; 101.683;
14 ; 13 ; 13 ; 0.0074147 ; 0.00300518 ; -0.00180772 ; 101.417;
15 ; 13 ; 13 ; 0.0173253 ; 0.00789353 ; 0.00113963 ; 101.292;
16 ; 13 ; 13 ; 0.0070043 ; 0.0345089 ; 0.00757904 ; 101.736;
17 ; 13 ; 13 ; 0.0250174 ; -0.00723527 ; -0.00150435 ; 101.547;
18 ; 13 ; 13 ; 0.0270184 ; -0.0201525 ; -0.00546404 ; 101.583;
19 ; 13 ; 13 ; 0.0220694 ; -0.00983459 ; -0.0185664 ; 101.502;
20 ; 13 ; 13 ; 0.00141348 ; 0.0240764 ; -0.0289769 ; 101.556;
21 ; 13 ; 13 ; 0.0252583 ; -0.00865451 ; -0.0128867 ; 102.244;
4 ; 14 ; 13 ; -0.000719174 ; -0.0196763 ; -0.0354682 ; 101.582;
5 ; 14 ; 13 ; 0.00545173 ; 0.00133465 ; -0.0219415 ; 101.647;
6 ; 14 ; 13 ; 0.00449881 ; 0.00884162 ; -0.0110569 ; 101.622;
7 ; 14 ; 13 ; 0.00159596 ; 0.00621066 ; 0.00210063 ; 101.513;
8 ; 14 ; 13 ; -0.00177135 ; -0.0146022 ; 0.0243189 ; 101.068;
9 ; 14 ; 13 ; 0.0268335 ; -0.019778 ; -0.00662222 ; 102.236;
10 ; 14 ; 13 ; 0.0245077 ; -0.0197984 ; -0.00974792 ; 101.79;
11 ; 14 ; 13 ; 0.0325955 ; -0.0193254 ; -0.0092577 ; 101.421;
12 ; 14 ; 13 ; 0.0488619 ; -0.0318295 ; -0.011516 ; 101.345;
13 ; 14 ; 13 ; 0.023532 ; -0.00504061 ; 0.00572499 ; 101.44;
14 ; 14 ; 13 ; 0.0133862 ; 0.00266864 ; 0.00364705 ; 101.406;
15 ; 14 ; 13 ; 0.0205517 ; 0.0063544 ; 0.00556097 ; 101.332;
16 ; 14 ; 13 ; 0.0222546 ; 0.0197524 ; 0.00569302 ; 101.558;
17 ; 14 ; 13 ; 0.0350845 ; -0.000704642 ; -0.0154675 ; 101.74;
18 ; 14 ; 13 ; 0.0270443 ; -0.0139504 ; -0.00989742 ; 101.686;
19 ; 14 ; 13 ; 0.0230736 ; -0.0124695 ; -0.017269 ; 101.597;
20 ; 14 ; 13 ; 0.00933281 ; 0.00419323 ; -0.0258008 ; 101.583;
21 ; 14 ; 13 ; 0.039532 ; 0.00690638 ; 0.0042023 ; 102.282;
4 ; 15 ; 13 ; 0.0536673 ; -0.0188676 ; -0.00378755 ; 102.229;
5 ; 15 ; 13 ; 0.0269822 ; -0.00961424 ; -0.0176741 ; 101.818;
6 ; 15 ; 13 ; 0.0170957 ; 0.00968185 ; -0.0152773 ; 101.671;
7 ; 15 ; 13 ; 0.0202791 ; 0.0172723 ; -0.007091 ; 101.517;
8 ; 15 ; 13 ; 0.0154227 ; 0.0230203 ; 0.00654899 ; 101.641;
9 ; 15 ; 13 ; 0.0170963 ; -0.0131139 ; -0.0103001 ; 102.028;
10 ; 15 ; 13 ; 0.0240354 ; -0.0148741 ; -0.00651159 ; 101.855;
11 ; 15 ; 13 ; 0.0253019 ; -0.00917545 ; -0.00626153 ; 101.511;
12 ; 15 ; 13 ; 0.0203239 ; -0.02032 ; -0.0124821 ; 101.532;
13 ; 15 ; 13 ; 0.0190963 ; 0.00309927 ; 0.00988497 ; 101.307;
14 ; 15 ; 13 ; 0.0227779 ; 0.00355825 ; 0.00826455 ; 101.388;
15 ; 15 ; 13 ; 0.0268262 ; 0.00328871 ; 0.00569586 ; 101.424;
16 ; 15 ; 13 ; 0.0322702 ; 0.00603468 ; 0.00939 ; 101.347;
17 ; 15 ; 13 ; 0.0342649 ; -0.000300041 ; -0.00781708 ; 101.899;
18 ; 15 ; 13 ; 0.0300917 ; -0.00183535 ; -0.0133893 ; 101.928;
19 ; 15 ; 13 ; 0.0252188 ; -0.00928866 ; -0.0100728 ; 101.861;
20 ; 15 ; 13 ; 0.0220115 ; -0.0205168 ; -0.015691 ; 101.756;
21 ; 15 ; 13 ; 0.00195631 ; 0.0141142 ; 0.0100713 ; 102.078;
4 ; 16 ; 13 ; 0.0294743 ; -0.0147949 ; -0.0127556 ; 101.456;
5 ; 16 ; 13 ; 0.031893 ; -0.00818284 ; 0.0022804 ; 101.691;
6 ; 16 ; 13 ; 0.0259652 ; 0.00206801 ; -0.00241363 ; 101.778;
7 ; 16 ; 13 ; 0.0256868 ; 0.00585237 ; 0.00229155 ; 101.683;
8 ; 16 ; 13 ; 0.0287388 ; 0.0230672 ; 0.00246167 ; 101.593;
9 ; 16 ; 13 ; 0.0311913 ; -0.0155917 ; 0.00492612 ; 101.576;
10 ; 16 ; 13 ; 0.0251257 ; -0.00905934 ; -0.00109421 ; 101.612;
11 ; 16 ; 13 ; 0.0232855 ; -0.00260606 ; -0.00222477 ; 101.33;
12 ; 16 ; 13 ; 0.0177565 ; -0.00424963 ; -0.00477291 ; 101.235;
13 ; 16 ; 13 ; 0.0178112 ; 0.00721757 ; -0.000586952 ; 101.288;
14 ; 16 ; 13 ; 0.024759 ; 0.00702071 ; 0.00420423 ; 101.409;
15 ; 16 ; 13 ; 0.0288603 ; -0.000411662 ; 0.00272499 ; 101.508;
16 ; 16 ; 13 ; 0.0259378 ; 0.00203809 ; 0.00376181 ; 101.508;
17 ; 16 ; 13 ; 0.0167992 ; -0.00915351 ; -0.00288549 ; 101.232;
18 ; 16 ; 13 ; 0.0210771 ; 0.000490873 ; -0.00749058 ; 101.778;
19 ; 16 ; 13 ; 0.0211023 ; -0.000118548 ; -0.00492462 ; 101.937;
20 ; 16 ; 13 ; 0.0178287 ; -0.00622932 ; -0.00315922 ; 101.921;
21 ; 16 ; 13 ; 0.0182754 ; -0.0101966 ; -0.00518274 ; 100.269;
4 ; 17 ; 13 ; 0.0520696 ; 0.00688495 ; -0.0349706 ; 101.352;
5 ; 17 ; 13 ; 0.0197714 ; -0.000861772 ; 0.0167872 ; 101.261;
6 ; 17 ; 13 ; 0.0252098 ; 0.000789737 ; 0.0120519 ; 101.815;
7 ; 17 ; 13 ; 0.0227749 ; -0.00522505 ; 0.00961599 ; 101.78;
8 ; 17 ; 13 ; 0.0197772 ; -0.00621318 ; 0.013599 ; 101.809;
9 ; 17 ; 13 ; 0.0400471 ; -0.0175156 ; 0.00286811 ; 101.276;
10 ; 17 ; 13 ; 0.0328613 ; -0.0119757 ; 0.00361128 ; 101.297;
11 ; 17 ; 13 ; 0.0254066 ; 0.000534827 ; 0.00328145 ; 101.238;
12 ; 17 ; 13 ; 0.0167029 ; 0.001127 ; 0.00520837 ; 101.243;
13 ; 17 ; 13 ; 0.0101647 ; -0.000730673 ; 0.00329244 ; 101.035;
14 ; 17 ; 13 ; 0.0235752 ; 0.00224117 ; 0.00257459 ; 101.403;
15 ; 17 ; 13 ; 0.0349709 ; -0.004039 ; -0.000525591 ; 101.561;
16 ; 17 ; 13 ; 0.030967 ; -0.0157793 ; -0.00377185 ; 101.645;
17 ; 17 ; 13 ; 0.0214818 ; 0.000508266 ; -0.00647624 ; 101.161;
18 ; 17 ; 13 ; 0.019381 ; -0.00149335 ; -0.00148869 ; 101.567;
19 ; 17 ; 13 ; 0.0227413 ; -0.000637481 ; 0.00126569 ; 101.803;
20 ; 17 ; 13 ; 0.0159173 ; 0.00388359 ; -0.00482618 ; 101.878;
21 ; 17 ; 13 ; 0.0232878 ; 0.00345398 ; 0.000795807 ; 101.916;
4 ; 18 ; 13 ; 0.0265607 ; -0.0115127 ; -0.00912774 ; 101.836;
5 ; 18 ; 13 ; 0.0188317 ; 0.0101218 ; 0.0173462 ; 101.098;
6 ; 18 ; 13 ; 0.0201056 ; 0.000369887 ; 0.0192222 ; 101.887;
7 ; 18 ; 13 ; 0.0178673 ; -0.00826584 ; 0.0122543 ; 101.986;
8 ; 18 ; 13 ; 0.0160592 ; -0.0142216 ; 0.00892158 ; 101.798;
9 ; 18 ; 13 ; 0.0368231 ; -0.0201698 ; -0.000946643 ; 101.032;
10 ; 18 ; 13 ; 0.0384267 ; -0.0136396 ; -0.00015572 ; 101.202;
11 ; 18 ; 13 ; 0.0287309 ; 0.00158068 ; -0.000275539 ; 101.195;
12 ; 18 ; 13 ; 0.0175668 ; 0.00554534 ; -0.00171366 ; 101.37;
13 ; 18 ; 13 ; 0.00268286 ; -0.00834341 ; 0.012727 ; 100.787;
14 ; 18 ; 13 ; 0.0226189 ; -0.00144437 ; 0.00457536 ; 101.396;
15 ; 18 ; 13 ; 0.0377149 ; -0.00564617 ; 0.00195955 ; 101.576;
16 ; 18 ; 13 ; 0.0346795 ; -0.00725164 ; -0.0130268 ; 101.359;
17 ; 18 ; 13 ; 0.0416335 ; 0.013219 ; -0.00981525 ; 101.646;
18 ; 18 ; 13 ; 0.0166171 ; -0.00380354 ; 0.000196129 ; 101.399;
19 ; 18 ; 13 ; 0.0235183 ; -0.00511296 ; 0.00207579 ; 101.65;
20 ; 18 ; 13 ; 0.0345296 ; -0.00363557 ; -0.00504182 ; 101.828;
21 ; 18 ; 13 ; -0.0144008 ; 0.015362 ; -0.00533748 ; 99.8606;
4 ; 19 ; 13 ; -0.0127298 ; -0.00528005 ; 0.00358686 ; 100.927;
5 ; 19 ; 13 ; 0.0216196 ; 0.00925065 ; 0.00519492 ; 101.688;
6 ; 19 ; 13 ; 0.0122135 ; 0.00723472 ; -0.00475357 ; 101.659;
7 ; 19 ; 13 ; 0.0167503 ; 0.00888505 ; -0.00468983 ; 101.626;
8 ; 19 ; 13 ; 0.021225 ; 0.0165946 ; -0.012302 ; 101.765;
9 ; 19 ; 13 ; 0.00827048 ; 0.00159338 ; -0.0250986 ; 101.887;
10 ; 19 ; 13 ; 0.0103721 ; 0.00225139 ; -0.0349832 ; 102.192;
11 ; 19 ; 13 ; 0.0284349 ; -0.0102632 ; -0.0233627 ; 101.771;
12 ; 19 ; 13 ; 0.0278605 ; -0.0328171 ; 0.0023629 ; 102.002;
13 ; 19 ; 13 ; 0.0150654 ; -0.0221078 ; 0.00526617 ; 101.787;
14 ; 19 ; 13 ; 0.0239753 ; -0.000764231 ; 0.00364873 ; 102.114;
15 ; 19 ; 13 ; 0.0315561 ; 0.0180516 ; -0.0037564 ; 102.038;
16 ; 19 ; 13 ; 0.040578 ; 0.0283594 ; -0.0107612 ; 101.944;
17 ; 19 ; 13 ; 0.00594617 ; 0.0259781 ; -0.0101488 ; 101.837;
18 ; 19 ; 13 ; 0.00439748 ; 0.0160323 ; -0.0028455 ; 101.85;
19 ; 19 ; 13 ; 0.00231325 ; 0.0263702 ; 0.000554475 ; 101.789;
20 ; 19 ; 13 ; 0.0019643 ; 0.0496917 ; 0.000820271 ; 101.548;
21 ; 19 ; 13 ; -0.00380154 ; -0.025474 ; -0.00252396 ; 102.419;
4 ; 20 ; 13 ; 0.0228594 ; 0.0122003 ; -0.0170279 ; 100.921;
5 ; 20 ; 13 ; 0.0282236 ; 0.00334445 ; 0.0231352 ; 101.275;
6 ; 20 ; 13 ; 0.0154547 ; 0.00565864 ; 0.0050516 ; 101.467;
7 ; 20 ; 13 ; 0.0172346 ; 0.00839103 ; -0.00218241 ; 101.536;
8 ; 20 ; 13 ; 0.0234874 ; 0.0161413 ; -0.000518709 ; 101.74;
9 ; 20 ; 13 ; 0.0206342 ; 0.0190235 ; -0.0173608 ; 101.899;
10 ; 20 ; 13 ; 0.0114583 ; 0.0053792 ; -0.0269112 ; 102.023;
11 ; 20 ; 13 ; 0.0220619 ; -0.00789091 ; -0.0219199 ; 101.78;
12 ; 20 ; 13 ; 0.0370888 ; -0.0204797 ; -0.0125724 ; 101.509;
13 ; 20 ; 13 ; -0.00174896 ; -0.00945366 ; -0.00698404 ; 101.621;
14 ; 20 ; 13 ; 0.0211341 ; -0.00527871 ; -0.000874129 ; 101.93;
15 ; 20 ; 13 ; 0.027635 ; 0.00707315 ; -0.00623548 ; 101.993;
16 ; 20 ; 13 ; 0.0396418 ; 0.0212763 ; -0.0051956 ; 101.942;
17 ; 20 ; 13 ; 0.0164019 ; -0.00970399 ; -0.0018815 ; 101.432;
18 ; 20 ; 13 ; 0.00847369 ; 0.0134331 ; -0.0054298 ; 101.733;
19 ; 20 ; 13 ; 0.00560001 ; 0.0337706 ; -0.00659216 ; 101.752;
20 ; 20 ; 13 ; 0.00305254 ; 0.0413781 ; -0.000954312 ; 101.678;
21 ; 20 ; 13 ; 0.0181302 ; 0.0137545 ; 0.00757072 ; 101.586;
4 ; 21 ; 13 ; 0.0316481 ; 0.0213275 ; -0.0265458 ; 102.441;
5 ; 21 ; 13 ; 0.021292 ; -0.00474587 ; 0.0461675 ; 100.889;
6 ; 21 ; 13 ; 0.0220737 ; 0.00715687 ; 0.0122223 ; 101.355;
7 ; 21 ; 13 ; 0.0189475 ; 0.0107178 ; 0.00249165 ; 101.526;
8 ; 21 ; 13 ; 0.0238389 ; 0.00641601 ; 0.00227481 ; 101.616;
9 ; 21 ; 13 ; 0.0199354 ; 0.0214948 ; -0.00850556 ; 101.344;
10 ; 21 ; 13 ; 0.0189857 ; 0.0097478 ; -0.0192085 ; 101.93;
11 ; 21 ; 13 ; 0.0227696 ; -0.00387966 ; -0.0238458 ; 101.62;
12 ; 21 ; 13 ; 0.0351311 ; 0.00192013 ; -0.02636 ; 101.455;
13 ; 21 ; 13 ; 0.00288614 ; -0.00091307 ; -0.0165461 ; 101.537;
14 ; 21 ; 13 ; 0.0123972 ; -0.0102952 ; -0.00464826 ; 101.709;
15 ; 21 ; 13 ; 0.0218349 ; -0.00400243 ; -0.00695424 ; 101.906;
16 ; 21 ; 13 ; 0.0219557 ; 0.00918829 ; -0.00765506 ; 101.93;
17 ; 21 ; 13 ; 0.0371403 ; -0.0354334 ; 0.0179508 ; 101.223;
18 ; 21 ; 13 ; 0.00829962 ; 0.0159776 ; -0.0128853 ; 101.615;
19 ; 21 ; 13 ; 0.00705157 ; 0.0407621 ; -0.0137647 ; 101.775;
20 ; 21 ; 13 ; 0.0113776 ; 0.0277995 ; -0.00148383 ; 101.526;
21 ; 21 ; 13 ; 0.0235596 ; 0.0159228 ; 0.0144816 ; 102.029;
4 ; 4 ; 14 ; 0.00995984 ; 0.0155129 ; -0.00486789 ; 101.767;
5 ; 4 ; 14 ; 0.00377609 ; -0.0016896 ; -0.00473996 ; 101.412;
6 ; 4 ; 14 ; 0.00412474 ; 0.000700712 ; -0.00628644 ; 101.503;
7 ; 4 ; 14 ; 0.0124961 ; -0.0108085 ; -0.00483168 ; 101.424;
8 ; 4 ; 14 ; 0.0214645 ; -0.0242401 ; -0.0079016 ; 100.6;
9 ; 4 ; 14 ; 0.00520202 ; -0.00693725 ; 0.00682355 ; 102.019;
10 ; 4 ; 14 ; 0.0135908 ; 0.00165949 ; -0.00768695 ; 101.954;
11 ; 4 ; 14 ; 0.0160344 ; 0.00398701 ; -0.0129045 ; 101.943;
12 ; 4 ; 14 ; 0.0281584 ; 0.0151113 ; 0.011744 ; 101.93;
13 ; 4 ; 14 ; -0.00506384 ; 0.000533747 ; -0.00280533 ; 101.848;
14 ; 4 ; 14 ; -0.00355624 ; -0.00387988 ; -0.00604639 ; 101.628;
15 ; 4 ; 14 ; 0.00396012 ; -0.015869 ; -0.00770946 ; 101.588;
16 ; 4 ; 14 ; 0.00790515 ; -0.00854327 ; -0.00810447 ; 102.432;
17 ; 4 ; 14 ; 0.0156639 ; 0.0117676 ; 0.00229042 ; 101.575;
18 ; 4 ; 14 ; 0.0126275 ; 0.00586957 ; 0.0092949 ; 101.333;
19 ; 4 ; 14 ; -0.000838678 ; 0.00628558 ; 0.00670956 ; 101.482;
20 ; 4 ; 14 ; -0.0142812 ; 0.0338646 ; 0.0194583 ; 102.109;
21 ; 4 ; 14 ; -0.0307885 ; 0.00121122 ; 0.003382 ; 101.852;
4 ; 5 ; 14 ; 0.0238848 ; 0.0126722 ; 0.0371765 ; 101.582;
5 ; 5 ; 14 ; 0.0195638 ; 0.0112144 ; -0.0136659 ; 101.659;
6 ; 5 ; 14 ; 0.0108897 ; -0.00112327 ; -0.00925554 ; 101.55;
7 ; 5 ; 14 ; 0.00941367 ; -0.0168768 ; -0.00377973 ; 101.508;
8 ; 5 ; 14 ; 0.0185891 ; -0.0199998 ; -0.00510673 ; 101.115;
9 ; 5 ; 14 ; -0.00854886 ; -0.00374298 ; -0.000968505 ; 102.055;
10 ; 5 ; 14 ; 0.0022873 ; -0.00162853 ; -0.0061126 ; 101.839;
11 ; 5 ; 14 ; 0.0047287 ; -0.00366942 ; -0.0100895 ; 101.749;
12 ; 5 ; 14 ; 0.017444 ; 0.00856871 ; -0.00544058 ; 101.691;
13 ; 5 ; 14 ; -0.00820845 ; 0.0160069 ; -0.0159085 ; 102.671;
14 ; 5 ; 14 ; -0.0058816 ; 0.00224766 ; -0.0100896 ; 101.835;
15 ; 5 ; 14 ; 0.00558355 ; -0.012557 ; -0.00837564 ; 101.561;
16 ; 5 ; 14 ; 0.0100088 ; -0.0168923 ; -0.0133329 ; 101.77;
17 ; 5 ; 14 ; 0.00686714 ; 0.0130003 ; 0.020722 ; 101.554;
18 ; 5 ; 14 ; 0.00822596 ; 0.00790188 ; 0.0078204 ; 101.49;
19 ; 5 ; 14 ; 0.00215911 ; 0.00987002 ; -0.000793494 ; 101.702;
20 ; 5 ; 14 ; -0.0110466 ; 0.0180569 ; 0.00512628 ; 101.624;
21 ; 5 ; 14 ; 0.01992 ; -0.0191793 ; -0.00226992 ; 101.194;
4 ; 6 ; 14 ; 0.0134791 ; 0.0160059 ; 0.00697043 ; 101.479;
5 ; 6 ; 14 ; 0.0263126 ; 0.0359489 ; -0.0188161 ; 101.643;
6 ; 6 ; 14 ; 0.0161823 ; -0.00865491 ; -0.0114717 ; 101.615;
7 ; 6 ; 14 ; 0.00748749 ; -0.0233438 ; -0.00253724 ; 101.664;
8 ; 6 ; 14 ; 0.00702209 ; -0.0205998 ; 0.0101481 ; 101.819;
9 ; 6 ; 14 ; -0.00895944 ; 0.00483286 ; 0.00101596 ; 101.5;
10 ; 6 ; 14 ; -0.0106912 ; -0.00913637 ; -0.00739517 ; 101.978;
11 ; 6 ; 14 ; -0.00905118 ; -0.0113958 ; -0.012365 ; 101.589;
12 ; 6 ; 14 ; 0.0113447 ; -0.013616 ; -0.0125707 ; 101.602;
13 ; 6 ; 14 ; -0.0163908 ; 0.0209836 ; -0.0136783 ; 103.098;
14 ; 6 ; 14 ; -0.00349031 ; 0.00679784 ; -0.0173889 ; 101.962;
15 ; 6 ; 14 ; 0.0092139 ; -0.0118567 ; -0.0118829 ; 101.345;
16 ; 6 ; 14 ; 0.0207031 ; -0.0246649 ; -0.00591453 ; 101.266;
17 ; 6 ; 14 ; 0.0117753 ; 0.000955649 ; 0.0293294 ; 101.201;
18 ; 6 ; 14 ; -0.000942323 ; 0.0137244 ; 0.00729667 ; 101.644;
19 ; 6 ; 14 ; 0.00354434 ; 0.0121898 ; -0.00911282 ; 101.736;
20 ; 6 ; 14 ; 0.00926828 ; 0.00283005 ; -0.00322088 ; 101.483;
21 ; 6 ; 14 ; -0.000894418 ; -0.0610174 ; -0.0148187 ; 101.479;
4 ; 7 ; 14 ; 0.0138097 ; -0.0143761 ; 0.00264387 ; 102.17;
5 ; 7 ; 14 ; 0.0180952 ; -0.0132401 ; -0.0167981 ; 101.661;
6 ; 7 ; 14 ; 0.0254342 ; -0.00420888 ; -0.00793833 ; 101.876;
7 ; 7 ; 14 ; 0.0249807 ; 0.0120611 ; 0.00312388 ; 101.486;
8 ; 7 ; 14 ; 0.0143117 ; 0.0363685 ; 0.0322086 ; 100.672;
9 ; 7 ; 14 ; 0.010084 ; 0.000181462 ; 0.0168869 ; 102.017;
10 ; 7 ; 14 ; 0.0205689 ; -0.0024769 ; 0.0122778 ; 101.884;
11 ; 7 ; 14 ; 0.0208939 ; -0.0039425 ; 0.00290685 ; 101.724;
12 ; 7 ; 14 ; -0.00320734 ; 0.0021529 ; -0.0363556 ; 102.356;
13 ; 7 ; 14 ; 0.00392292 ; -0.004129 ; -0.0128655 ; 101.596;
14 ; 7 ; 14 ; 0.0103805 ; 0.000314811 ; -0.0101752 ; 101.854;
15 ; 7 ; 14 ; 0.0173003 ; 0.0198294 ; -0.00221205 ; 101.708;
16 ; 7 ; 14 ; 0.0288992 ; 0.0171067 ; 0.0145899 ; 100.747;
17 ; 7 ; 14 ; 0.0210953 ; 0.0272193 ; 0.00767044 ; 101.723;
18 ; 7 ; 14 ; 0.00769797 ; 0.00560278 ; 0.0107756 ; 101.869;
19 ; 7 ; 14 ; 0.00224292 ; -0.000619442 ; 0.00756562 ; 101.64;
20 ; 7 ; 14 ; 0.00116006 ; -0.00410644 ; 0.00320116 ; 101.029;
21 ; 7 ; 14 ; -0.0149519 ; 0.0137504 ; -0.0146212 ; 101.367;
4 ; 8 ; 14 ; 0.016443 ; -0.0218105 ; 0.0133836 ; 102.443;
5 ; 8 ; 14 ; 0.00693429 ; 0.011963 ; -0.00828076 ; 101.702;
6 ; 8 ; 14 ; 0.0167453 ; 0.000273146 ; -0.00757832 ; 101.794;
7 ; 8 ; 14 ; 0.0144899 ; 0.00849772 ; 0.000817945 ; 101.471;
8 ; 8 ; 14 ; 0.0171501 ; 0.0203433 ; 0.0135118 ; 101.257;
9 ; 8 ; 14 ; 0.0226971 ; -0.00503209 ; 0.0186026 ; 101.663;
10 ; 8 ; 14 ; 0.0200112 ; -0.00408945 ; 0.0154324 ; 101.703;
11 ; 8 ; 14 ; 0.0160603 ; -0.00658708 ; 0.00928714 ; 101.649;
12 ; 8 ; 14 ; 0.0110333 ; -0.00220839 ; -0.0114914 ; 101.868;
13 ; 8 ; 14 ; -0.0076208 ; -0.00318256 ; -0.00567311 ; 102.072;
14 ; 8 ; 14 ; 0.00373182 ; 1.78097e-05 ; -0.00481049 ; 102.024;
15 ; 8 ; 14 ; 0.0105586 ; 0.013959 ; 0.00412185 ; 101.904;
16 ; 8 ; 14 ; 0.0226396 ; 0.029775 ; 0.00821938 ; 101.383;
17 ; 8 ; 14 ; 0.0303907 ; 0.019998 ; -0.00505588 ; 101.808;
18 ; 8 ; 14 ; 0.0148821 ; 0.00838155 ; 0.00762367 ; 101.856;
19 ; 8 ; 14 ; 0.00752436 ; 0.00212612 ; 0.00690239 ; 101.658;
20 ; 8 ; 14 ; -0.0023856 ; 0.0046271 ; 0.0039811 ; 101.438;
21 ; 8 ; 14 ; 0.012396 ; 0.0090663 ; 0.00519389 ; 102.441;
4 ; 9 ; 14 ; 0.0189774 ; 0.0225539 ; 0.0476875 ; 102.287;
5 ; 9 ; 14 ; -0.00358562 ; 0.0220274 ; -0.00105042 ; 101.439;
6 ; 9 ; 14 ; 0.00322884 ; 0.00671828 ; -0.0048063 ; 101.645;
7 ; 9 ; 14 ; 0.00503993 ; 0.00371577 ; -0.000641665 ; 101.534;
8 ; 9 ; 14 ; 0.00349053 ; 0.0023749 ; -0.00568028 ; 101.746;
9 ; 9 ; 14 ; 0.0289702 ; 0.00104138 ; 0.0194609 ; 102.055;
10 ; 9 ; 14 ; 0.0236029 ; -0.00167141 ; 0.0220506 ; 101.661;
11 ; 9 ; 14 ; 0.0154214 ; -0.00156253 ; 0.0207332 ; 101.618;
12 ; 9 ; 14 ; 0.00961943 ; -0.0135679 ; 0.0164906 ; 101.489;
13 ; 9 ; 14 ; 0.00681332 ; -0.00163867 ; 0.00684826 ; 101.698;
14 ; 9 ; 14 ; 0.000863787 ; -0.00218003 ; 0.00644048 ; 101.938;
15 ; 9 ; 14 ; 0.00649776 ; -0.000131642 ; 0.0135716 ; 102.035;
16 ; 9 ; 14 ; 0.00962554 ; 0.0191925 ; 0.00986696 ; 102.105;
17 ; 9 ; 14 ; 0.0123526 ; -0.000408793 ; -0.0088666 ; 101.706;
18 ; 9 ; 14 ; 0.0207223 ; 0.00538579 ; -0.00314676 ; 101.842;
19 ; 9 ; 14 ; 0.016587 ; 0.00496345 ; 0.000266586 ; 101.699;
20 ; 9 ; 14 ; 0.0019757 ; 0.00571017 ; 0.0054443 ; 101.749;
21 ; 9 ; 14 ; 0.017988 ; -0.0248998 ; -0.00981797 ; 101.532;
4 ; 10 ; 14 ; 0.0107368 ; 0.0179413 ; 0.0156071 ; 101.307;
5 ; 10 ; 14 ; 0.00115946 ; 0.00691818 ; -0.010037 ; 102.086;
6 ; 10 ; 14 ; -0.00119556 ; 0.00638532 ; 0.00122172 ; 101.743;
7 ; 10 ; 14 ; 0.00451247 ; -0.000711742 ; 0.00638039 ; 101.519;
8 ; 10 ; 14 ; 0.00216394 ; 0.00696626 ; 0.00719196 ; 101.604;
9 ; 10 ; 14 ; 0.00998717 ; -0.00950557 ; 0.0142493 ; 102.928;
10 ; 10 ; 14 ; 0.0188476 ; -0.0048212 ; 0.0194394 ; 102.12;
11 ; 10 ; 14 ; 0.0112979 ; -5.58e-05 ; 0.0153249 ; 101.877;
12 ; 10 ; 14 ; 0.000300148 ; -0.00407188 ; 0.0125012 ; 101.707;
13 ; 10 ; 14 ; 0.0295636 ; 0.00685074 ; 0.0117458 ; 101.086;
14 ; 10 ; 14 ; 0.0156978 ; -0.0037156 ; 0.0146305 ; 101.481;
15 ; 10 ; 14 ; 0.0148937 ; -0.00990458 ; 0.0166693 ; 101.666;
16 ; 10 ; 14 ; 0.00879892 ; -0.0173869 ; 0.0156164 ; 101.872;
17 ; 10 ; 14 ; 0.00115029 ; -0.0185736 ; -0.00748557 ; 101.747;
18 ; 10 ; 14 ; 0.0141193 ; -0.00570418 ; -0.00767368 ; 101.757;
19 ; 10 ; 14 ; 0.0161099 ; 9.38389e-05 ; -0.00736876 ; 101.63;
20 ; 10 ; 14 ; 0.0202027 ; -0.00396428 ; -0.00113258 ; 101.663;
21 ; 10 ; 14 ; 0.000422957 ; -0.0157533 ; -0.0257914 ; 101.997;
4 ; 11 ; 14 ; 0.0277213 ; 0.0133661 ; -0.0184573 ; 100.762;
5 ; 11 ; 14 ; 0.00271776 ; -0.00199947 ; -0.00385902 ; 101.95;
6 ; 11 ; 14 ; -0.000252237 ; 0.00141173 ; 0.000906885 ; 101.946;
7 ; 11 ; 14 ; 0.00590209 ; -0.00425513 ; 0.003245 ; 101.696;
8 ; 11 ; 14 ; 0.0157463 ; -0.00202352 ; 0.0182674 ; 101.422;
9 ; 11 ; 14 ; -0.00704756 ; -0.0207783 ; 0.0152507 ; 101.675;
10 ; 11 ; 14 ; 0.00878799 ; -0.00780602 ; 0.0128116 ; 102.034;
11 ; 11 ; 14 ; 0.00553656 ; 0.0025857 ; 0.00480308 ; 101.868;
12 ; 11 ; 14 ; 0.0123013 ; 0.00209707 ; 0.0062276 ; 101.37;
13 ; 11 ; 14 ; 0.022524 ; 0.000935596 ; -0.0106314 ; 101.753;
14 ; 11 ; 14 ; 0.0222317 ; 0.000390746 ; 0.00119361 ; 101.288;
15 ; 11 ; 14 ; 0.0185324 ; -0.0036945 ; 0.00402792 ; 101.417;
16 ; 11 ; 14 ; 0.0140927 ; -0.0144908 ; 0.00396444 ; 101.293;
17 ; 11 ; 14 ; 0.00164692 ; 0.0033969 ; -0.00394927 ; 100.847;
18 ; 11 ; 14 ; 0.00414501 ; -0.00335852 ; -0.0088317 ; 101.493;
19 ; 11 ; 14 ; 0.00371465 ; 0.00483646 ; -0.00770879 ; 101.804;
20 ; 11 ; 14 ; 0.0135382 ; -0.000865398 ; -0.00865168 ; 101.706;
21 ; 11 ; 14 ; 0.0160466 ; -0.0364548 ; -0.0157345 ; 101.543;
4 ; 12 ; 14 ; 0.00425236 ; 0.0178442 ; -0.0199766 ; 102.082;
5 ; 12 ; 14 ; -0.00154052 ; -0.0033053 ; 0.00545366 ; 101.373;
6 ; 12 ; 14 ; -4.66762e-05 ; -0.000908668 ; -0.000504714 ; 102.07;
7 ; 12 ; 14 ; 0.00207489 ; -0.00657694 ; -0.000151895 ; 101.748;
8 ; 12 ; 14 ; 0.0101067 ; -0.00691362 ; 0.00960195 ; 101.312;
9 ; 12 ; 14 ; -0.00767477 ; -0.0176663 ; 0.0204586 ; 100.409;
10 ; 12 ; 14 ; -0.000165908 ; -0.0125362 ; 0.00775173 ; 101.814;
11 ; 12 ; 14 ; -0.00279024 ; -0.00110957 ; -0.00259069 ; 101.817;
12 ; 12 ; 14 ; -0.00395168 ; -0.00612583 ; -0.00234516 ; 101.321;
13 ; 12 ; 14 ; 0.0108199 ; -0.00681062 ; -0.0293902 ; 102.159;
14 ; 12 ; 14 ; 0.0213143 ; 0.00345391 ; -0.00881745 ; 101.401;
15 ; 12 ; 14 ; 0.0165257 ; 0.0024446 ; -0.00329309 ; 101.375;
16 ; 12 ; 14 ; 0.0116797 ; -0.00200958 ; -0.000480089 ; 101.123;
17 ; 12 ; 14 ; -0.0028137 ; 0.0219462 ; -0.00492383 ; 100.076;
18 ; 12 ; 14 ; 0.00173659 ; 0.00280642 ; -0.00589721 ; 101.31;
19 ; 12 ; 14 ; -0.00389581 ; 0.00851232 ; -0.00436209 ; 101.901;
20 ; 12 ; 14 ; -0.0118657 ; 0.00268184 ; -0.000315718 ; 101.725;
21 ; 12 ; 14 ; -0.00153455 ; -0.00523597 ; -0.00118821 ; 102.604;
4 ; 13 ; 14 ; 0.0216201 ; -0.0353944 ; -0.0519645 ; 102.876;
5 ; 13 ; 14 ; 0.00304481 ; 0.0177371 ; 0.00381059 ; 101.209;
6 ; 13 ; 14 ; 0.0170612 ; 0.0215831 ; 0.0131213 ; 101.237;
7 ; 13 ; 14 ; 0.0207843 ; 0.0171311 ; 0.0258492 ; 101.014;
8 ; 13 ; 14 ; -0.00238191 ; 0.020873 ; 0.0522915 ; 99.3231;
9 ; 13 ; 14 ; -0.000969222 ; 0.00427908 ; 0.00991948 ; 101.629;
10 ; 13 ; 14 ; 0.00494547 ; -0.0106098 ; 0.0242354 ; 101.755;
11 ; 13 ; 14 ; 0.0254356 ; -0.0235097 ; 0.0270739 ; 101.877;
12 ; 13 ; 14 ; 0.0441501 ; -0.0112187 ; 0.0243354 ; 101.276;
13 ; 13 ; 14 ; 0.0366495 ; -0.00674532 ; -0.00912104 ; 101.632;
14 ; 13 ; 14 ; 0.0197643 ; -0.00535105 ; -0.00259937 ; 101.905;
15 ; 13 ; 14 ; 0.0148148 ; -0.000563873 ; -0.0143877 ; 102.144;
16 ; 13 ; 14 ; 0.0278651 ; -0.00429639 ; -0.0205753 ; 102.346;
17 ; 13 ; 14 ; 0.00616328 ; -0.00385461 ; -0.0020925 ; 101.413;
18 ; 13 ; 14 ; 0.0143552 ; 0.00865732 ; 0.0065243 ; 101.427;
19 ; 13 ; 14 ; 0.0321299 ; 0.00464923 ; 0.00868365 ; 101.882;
20 ; 13 ; 14 ; 0.0582156 ; -0.00971348 ; -0.00204247 ; 102.21;
21 ; 13 ; 14 ; 0.0183814 ; 0.0305131 ; 0.0302521 ; 101.06;
4 ; 14 ; 14 ; 0.0297463 ; -0.0153719 ; 0.0129285 ; 101.277;
5 ; 14 ; 14 ; -0.00761224 ; 0.00923295 ; 0.0118617 ; 101.692;
6 ; 14 ; 14 ; 0.00841922 ; 0.0158918 ; 0.0151945 ; 101.391;
7 ; 14 ; 14 ; 0.0173917 ; 0.0115507 ; 0.0249546 ; 101.215;
8 ; 14 ; 14 ; 0.0181536 ; 0.0209963 ; 0.0395666 ; 100.24;
9 ; 14 ; 14 ; 0.0339757 ; -0.0012943 ; -0.0195814 ; 101.843;
10 ; 14 ; 14 ; 0.0134516 ; -0.00957173 ; 0.00924737 ; 101.675;
11 ; 14 ; 14 ; 0.0220159 ; -0.0197356 ; 0.0163241 ; 101.726;
12 ; 14 ; 14 ; 0.0392914 ; -0.0225217 ; 0.0266174 ; 101.905;
13 ; 14 ; 14 ; 0.0164285 ; 0.008508 ; -0.00614563 ; 102.64;
14 ; 14 ; 14 ; 0.0161346 ; 0.0010544 ; -0.00442003 ; 102.27;
15 ; 14 ; 14 ; 0.0129491 ; 0.00605925 ; -0.0101127 ; 102.236;
16 ; 14 ; 14 ; 0.0227847 ; 0.00343249 ; -0.0221422 ; 102.147;
17 ; 14 ; 14 ; 0.00757378 ; 0.00827028 ; 0.00680031 ; 101.251;
18 ; 14 ; 14 ; 0.00979349 ; 0.00801252 ; 0.0101853 ; 101.444;
19 ; 14 ; 14 ; 0.0199894 ; 0.0072138 ; 0.0147709 ; 101.884;
20 ; 14 ; 14 ; 0.0380012 ; -0.00547703 ; 0.00421213 ; 101.933;
21 ; 14 ; 14 ; 0.0050895 ; 0.0117232 ; 0.0356836 ; 101.109;
4 ; 15 ; 14 ; 0.0381556 ; 0.0223517 ; 0.00306719 ; 101.305;
5 ; 15 ; 14 ; 0.0108984 ; 0.00147452 ; 0.010967 ; 102.065;
6 ; 15 ; 14 ; 0.00562934 ; 0.00447092 ; 0.0163202 ; 101.77;
7 ; 15 ; 14 ; 0.0187735 ; -0.000207907 ; 0.0188764 ; 101.565;
8 ; 15 ; 14 ; 0.0302588 ; 0.00760289 ; 0.0269448 ; 101.593;
9 ; 15 ; 14 ; 0.043468 ; 0.0134852 ; -0.0231224 ; 101.361;
10 ; 15 ; 14 ; 0.0277369 ; 0.00229429 ; -0.0120042 ; 101.509;
11 ; 15 ; 14 ; 0.0169689 ; -0.00445055 ; 0.000374199 ; 101.692;
12 ; 15 ; 14 ; 0.0184615 ; -0.0247 ; 0.0190242 ; 102.097;
13 ; 15 ; 14 ; 0.00638861 ; 0.0144008 ; -0.0026699 ; 102.139;
14 ; 15 ; 14 ; 0.0115924 ; 0.00774979 ; -0.0073301 ; 102.329;
15 ; 15 ; 14 ; 0.00779165 ; 0.0108875 ; -0.0058921 ; 102.041;
16 ; 15 ; 14 ; 0.0121179 ; 0.0133622 ; -0.007497 ; 101.874;
17 ; 15 ; 14 ; 0.0166097 ; -0.000476278 ; 0.0142773 ; 101.637;
18 ; 15 ; 14 ; 0.00785305 ; 0.00574147 ; 0.0149037 ; 101.549;
19 ; 15 ; 14 ; 0.00271574 ; 0.0100959 ; 0.0218595 ; 101.86;
20 ; 15 ; 14 ; 0.00279374 ; 0.00614546 ; 0.0224495 ; 101.789;
21 ; 15 ; 14 ; -0.0161947 ; 0.00518889 ; -0.00959225 ; 101.616;
4 ; 16 ; 14 ; 0.0521287 ; -0.0448416 ; -0.0313333 ; 100.851;
5 ; 16 ; 14 ; 0.0248997 ; 0.00676144 ; 0.00130672 ; 102.175;
6 ; 16 ; 14 ; 0.0145653 ; 0.00219216 ; 0.00627925 ; 101.974;
7 ; 16 ; 14 ; 0.0162472 ; -0.00637235 ; 0.00742122 ; 101.735;
8 ; 16 ; 14 ; 0.02427 ; -0.0138841 ; 0.0187483 ; 101.685;
9 ; 16 ; 14 ; 0.0263206 ; 0.00571596 ; -0.00388173 ; 101.059;
10 ; 16 ; 14 ; 0.0282238 ; 0.0112926 ; -0.0092365 ; 101.4;
11 ; 16 ; 14 ; 0.0184537 ; 0.00797436 ; -0.00403302 ; 101.835;
12 ; 16 ; 14 ; 0.00398647 ; -0.0025042 ; 0.0047208 ; 101.819;
13 ; 16 ; 14 ; 0.0326263 ; 0.00598145 ; -0.0096431 ; 101.806;
14 ; 16 ; 14 ; 0.0156852 ; 0.00475338 ; -0.00428483 ; 102.037;
15 ; 16 ; 14 ; 0.0113151 ; 0.00310948 ; 0.000702115 ; 101.799;
16 ; 16 ; 14 ; 0.000326125 ; 0.00393652 ; 0.00293598 ; 101.716;
17 ; 16 ; 14 ; 0.00782979 ; -0.0196407 ; 0.0165895 ; 102.106;
18 ; 16 ; 14 ; 0.00621542 ; -0.00544171 ; 0.0156351 ; 101.842;
19 ; 16 ; 14 ; -0.00340294 ; 0.00612244 ; 0.0150365 ; 101.824;
20 ; 16 ; 14 ; -0.00868528 ; 0.014078 ; 0.0257768 ; 102.029;
21 ; 16 ; 14 ; 0.0483609 ; 0.018948 ; -0.00428886 ; 102.729;
4 ; 17 ; 14 ; 0.0266089 ; 0.0340104 ; -0.0130168 ; 102.344;
5 ; 17 ; 14 ; 0.00952635 ; -0.00775401 ; 0.00100638 ; 101.656;
6 ; 17 ; 14 ; 0.017149 ; -0.0005698 ; -0.000813736 ; 101.925;
7 ; 17 ; 14 ; 0.00951377 ; -0.00771382 ; -0.000821509 ; 101.992;
8 ; 17 ; 14 ; 0.0163798 ; -0.0144241 ; 7.39791e-05 ; 101.799;
9 ; 17 ; 14 ; 0.00592814 ; -0.00458026 ; -0.00773128 ; 101.009;
10 ; 17 ; 14 ; 0.0190835 ; 0.00480932 ; -0.00182423 ; 101.404;
11 ; 17 ; 14 ; 0.0216914 ; 0.00386556 ; 0.00497012 ; 102.105;
12 ; 17 ; 14 ; 0.0214475 ; 0.00397117 ; 0.000246907 ; 102.544;
13 ; 17 ; 14 ; 0.0319119 ; -0.0161195 ; -0.00664375 ; 101.732;
14 ; 17 ; 14 ; 0.0340487 ; -0.00340707 ; -0.00593315 ; 101.698;
15 ; 17 ; 14 ; 0.0298571 ; -0.00147592 ; -0.0012623 ; 101.774;
16 ; 17 ; 14 ; 0.0115222 ; -0.00609882 ; 0.000365358 ; 101.632;
17 ; 17 ; 14 ; 0.0111333 ; -0.0375656 ; -0.00182221 ; 101.956;
18 ; 17 ; 14 ; 0.00186469 ; -0.0174861 ; 0.00400693 ; 101.923;
19 ; 17 ; 14 ; -0.0105693 ; 0.00358708 ; 0.00381251 ; 101.775;
20 ; 17 ; 14 ; -0.00971054 ; 0.0121191 ; -0.000861088 ; 101.78;
21 ; 17 ; 14 ; 0.00893664 ; 0.00459903 ; -0.0226015 ; 101.437;
4 ; 18 ; 14 ; 0.0132367 ; 0.0228888 ; -0.0228109 ; 102.523;
5 ; 18 ; 14 ; 0.00287978 ; -0.0256114 ; 0.00949059 ; 101.341;
6 ; 18 ; 14 ; 0.012069 ; -0.00109832 ; -0.0039443 ; 101.801;
7 ; 18 ; 14 ; 0.000990093 ; -0.00704528 ; -0.00299059 ; 102.123;
8 ; 18 ; 14 ; -0.0111859 ; -0.00352665 ; 0.00151674 ; 102.115;
9 ; 18 ; 14 ; 0.000220897 ; -0.000287745 ; -0.0225471 ; 100.931;
10 ; 18 ; 14 ; 0.0127503 ; -0.00535568 ; 0.00103842 ; 101.423;
11 ; 18 ; 14 ; 0.0229986 ; -0.00405288 ; 0.00993086 ; 102.129;
12 ; 18 ; 14 ; 0.0276716 ; 0.00228434 ; 0.0145363 ; 102.426;
13 ; 18 ; 14 ; 0.0204929 ; -0.0313951 ; -0.000772548 ; 101.324;
14 ; 18 ; 14 ; 0.0438475 ; -0.00621763 ; -0.00655372 ; 101.814;
15 ; 18 ; 14 ; 0.0420722 ; -0.000847694 ; -0.000561304 ; 101.976;
16 ; 18 ; 14 ; 0.0336166 ; -0.00862517 ; 0.00725362 ; 101.984;
17 ; 18 ; 14 ; 0.0271575 ; -0.0424095 ; -0.01863 ; 101.66;
18 ; 18 ; 14 ; -0.00383966 ; -0.0238558 ; -0.00256611 ; 101.926;
19 ; 18 ; 14 ; -0.0160772 ; 0.0031516 ; -0.0012434 ; 101.771;
20 ; 18 ; 14 ; -0.00215729 ; 0.00680509 ; 0.00113944 ; 101.724;
21 ; 18 ; 14 ; -0.0134537 ; 0.0164328 ; 0.0198699 ; 101.635;
4 ; 19 ; 14 ; -0.00479317 ; -0.0156578 ; 0.0239974 ; 101.567;
5 ; 19 ; 14 ; 0.0242189 ; -0.00607243 ; 0.00843557 ; 102.289;
6 ; 19 ; 14 ; 0.0238933 ; -0.0049451 ; 0.00477366 ; 102.082;
7 ; 19 ; 14 ; 0.0284405 ; -0.00545532 ; -0.000922576 ; 101.79;
8 ; 19 ; 14 ; 0.0606257 ; 0.0059114 ; 0.017216 ; 100.866;
9 ; 19 ; 14 ; 0.00338439 ; 0.0119005 ; 0.00342683 ; 101.443;
10 ; 19 ; 14 ; -0.00604021 ; 0.0129907 ; 0.0075791 ; 101.871;
11 ; 19 ; 14 ; 0.00498583 ; 0.0139781 ; 0.00387891 ; 102.137;
12 ; 19 ; 14 ; 0.0102048 ; 0.0281572 ; -0.00552993 ; 102.528;
13 ; 19 ; 14 ; 0.00490956 ; -0.00146313 ; -0.0158262 ; 102.095;
14 ; 19 ; 14 ; 0.00706713 ; -0.0102853 ; -0.0153096 ; 102.178;
15 ; 19 ; 14 ; 0.0156962 ; -0.0107022 ; 0.00444977 ; 102.422;
16 ; 19 ; 14 ; 0.0275929 ; 0.00322618 ; 0.0356237 ; 102.565;
17 ; 19 ; 14 ; 0.0235545 ; 0.0228163 ; -0.015631 ; 101.991;
18 ; 19 ; 14 ; 0.0294946 ; 0.0223343 ; -0.00842349 ; 102.037;
19 ; 19 ; 14 ; 0.0332902 ; 0.0107071 ; 0.00360346 ; 101.998;
20 ; 19 ; 14 ; 0.0253123 ; -0.0192615 ; 0.0180064 ; 101.799;
21 ; 19 ; 14 ; 0.025033 ; -0.00776453 ; 0.00629089 ; 101.514;
4 ; 20 ; 14 ; 0.0297083 ; -0.0269585 ; 0.0170685 ; 101.027;
5 ; 20 ; 14 ; 0.0237249 ; -0.0103557 ; 0.0222091 ; 101.892;
6 ; 20 ; 14 ; 0.0197389 ; -0.00608351 ; 0.00714722 ; 101.949;
7 ; 20 ; 14 ; 0.0200427 ; -0.00607124 ; -0.00351922 ; 101.879;
8 ; 20 ; 14 ; 0.0446662 ; -0.0049868 ; 0.00423961 ; 101.652;
9 ; 20 ; 14 ; 0.0314878 ; 0.00438823 ; 0.0130397 ; 101.814;
10 ; 20 ; 14 ; 0.0113145 ; 0.0136892 ; 0.0108766 ; 101.99;
11 ; 20 ; 14 ; 0.0140058 ; 0.013407 ; 0.00760269 ; 102.122;
12 ; 20 ; 14 ; 0.0104928 ; 0.0142195 ; 0.00271544 ; 102.159;
13 ; 20 ; 14 ; 0.0182122 ; -0.0182997 ; 0.00771577 ; 102.335;
14 ; 20 ; 14 ; 0.00955317 ; -0.0150223 ; -0.00511778 ; 102.075;
15 ; 20 ; 14 ; 0.0100074 ; -0.0108665 ; -0.000152055 ; 102.187;
16 ; 20 ; 14 ; 0.0176395 ; -0.014206 ; 0.0201258 ; 102.451;
17 ; 20 ; 14 ; 0.0137686 ; 0.0148777 ; -0.00397163 ; 102.219;
18 ; 20 ; 14 ; 0.024217 ; 0.0158858 ; -0.00435146 ; 101.965;
19 ; 20 ; 14 ; 0.0295251 ; 0.0122263 ; 0.00735742 ; 101.749;
20 ; 20 ; 14 ; 0.0354781 ; -0.00396528 ; 0.014531 ; 101.97;
21 ; 20 ; 14 ; 0.0150089 ; 0.0173603 ; 0.0354599 ; 100.795;
4 ; 21 ; 14 ; 0.0290933 ; -0.0460984 ; 0.0187662 ; 102.075;
5 ; 21 ; 14 ; 0.0194716 ; -0.0189258 ; 0.0402438 ; 101.375;
6 ; 21 ; 14 ; 0.0180744 ; -0.00550284 ; 0.00629652 ; 102.035;
7 ; 21 ; 14 ; 0.0131455 ; -0.0075458 ; -0.00999927 ; 102.207;
8 ; 21 ; 14 ; 0.0193152 ; -0.0135144 ; -0.0100786 ; 102.18;
9 ; 21 ; 14 ; 0.0463892 ; -0.00431367 ; 0.0213239 ; 102.059;
10 ; 21 ; 14 ; 0.0274411 ; 0.013996 ; 0.0138568 ; 102.03;
11 ; 21 ; 14 ; 0.0222817 ; 0.0103819 ; 0.0135171 ; 101.961;
12 ; 21 ; 14 ; 0.0147438 ; -0.00486355 ; 0.00596728 ; 101.796;
13 ; 21 ; 14 ; 0.0266933 ; -0.0370211 ; 0.0358335 ; 102.288;
14 ; 21 ; 14 ; 0.0115411 ; -0.0176198 ; 0.00140925 ; 102.098;
15 ; 21 ; 14 ; 0.00425253 ; -0.0133205 ; -0.00512823 ; 102.057;
16 ; 21 ; 14 ; 0.00433284 ; -0.0192568 ; -0.00311228 ; 102.098;
17 ; 21 ; 14 ; 0.00176805 ; -0.0075767 ; 0.00706591 ; 102.602;
18 ; 21 ; 14 ; 0.0242848 ; 0.015958 ; -0.00282654 ; 101.904;
19 ; 21 ; 14 ; 0.0326697 ; 0.0174025 ; 0.00973934 ; 101.626;
20 ; 21 ; 14 ; 0.0303463 ; 0.021663 ; 0.0075886 ; 101.694;
21 ; 21 ; 14 ; 0.0260366 ; 0.0408665 ; 0.0310739 ; 100.95;
4 ; 4 ; 15 ; 0.0264842 ; 0.0156063 ; -0.0330783 ; 101.376;
5 ; 4 ; 15 ; -0.00469447 ; -0.00216826 ; -0.0158834 ; 101.504;
6 ; 4 ; 15 ; -0.00795934 ; 0.00194452 ; -0.0078421 ; 101.572;
7 ; 4 ; 15 ; -0.00504942 ; 0.00426668 ; 0.00429058 ; 101.526;
8 ; 4 ; 15 ; 0.00785022 ; -7.52175e-06 ; 0.00326253 ; 101.411;
9 ; 4 ; 15 ; -0.00167882 ; 0.00551584 ; 0.00548896 ; 101.807;
10 ; 4 ; 15 ; -0.013159 ; 0.00741855 ; -0.00886241 ; 102.101;
11 ; 4 ; 15 ; -0.010166 ; 0.000153375 ; 0.00343794 ; 102.26;
12 ; 4 ; 15 ; -0.000419145 ; -0.0294294 ; 0.0178433 ; 101.968;
13 ; 4 ; 15 ; 0.00182169 ; -0.0151539 ; 0.00132893 ; 101.932;
14 ; 4 ; 15 ; -0.00710649 ; -0.0244191 ; -0.00543405 ; 101.577;
15 ; 4 ; 15 ; -0.000729022 ; -0.0129005 ; 0.00334617 ; 101.559;
16 ; 4 ; 15 ; 0.0191905 ; -0.00833499 ; 0.0146126 ; 101.966;
17 ; 4 ; 15 ; 0.0256591 ; -0.00700016 ; -0.000784026 ; 101.581;
18 ; 4 ; 15 ; 0.0251056 ; -0.00439674 ; 0.0108165 ; 101.744;
19 ; 4 ; 15 ; 0.0273245 ; 0.00287282 ; 0.0102255 ; 101.975;
20 ; 4 ; 15 ; 0.0416674 ; 0.00944421 ; 0.0013309 ; 101.502;
21 ; 4 ; 15 ; 0.0510303 ; -0.00176265 ; 0.0209271 ; 102.756;
4 ; 5 ; 15 ; -0.0222555 ; -0.0511251 ; 0.00898932 ; 101.988;
5 ; 5 ; 15 ; -0.0119306 ; -0.0171961 ; 0.00941793 ; 101.344;
6 ; 5 ; 15 ; -0.00625784 ; -0.00128721 ; 0.00157651 ; 101.62;
7 ; 5 ; 15 ; 0.000215614 ; 0.00723092 ; 0.00824418 ; 101.712;
8 ; 5 ; 15 ; -0.00208806 ; 0.000230356 ; 0.00561202 ; 101.417;
9 ; 5 ; 15 ; -0.000338303 ; -0.00265207 ; 0.0110495 ; 101.752;
10 ; 5 ; 15 ; -0.00590622 ; 0.00468642 ; 0.00226722 ; 101.946;
11 ; 5 ; 15 ; -0.00277943 ; 0.000434816 ; 0.0126498 ; 102.138;
12 ; 5 ; 15 ; -0.00310834 ; -0.0141238 ; 0.015166 ; 102.173;
13 ; 5 ; 15 ; 0.0269455 ; -0.0229185 ; 0.0176544 ; 101.828;
14 ; 5 ; 15 ; 0.00560594 ; -0.0242719 ; 0.00281662 ; 101.616;
15 ; 5 ; 15 ; -0.000426198 ; -0.0106529 ; 0.00618522 ; 101.642;
16 ; 5 ; 15 ; 0.00477369 ; -0.00571792 ; 0.00361593 ; 101.673;
17 ; 5 ; 15 ; -0.00131762 ; 0.00407525 ; 0.00860526 ; 101.39;
18 ; 5 ; 15 ; 0.0155973 ; -0.00436325 ; 0.00847647 ; 101.735;
19 ; 5 ; 15 ; 0.0215757 ; -0.00438619 ; 0.00957725 ; 101.902;
20 ; 5 ; 15 ; 0.0324967 ; 0.00288663 ; 0.00341664 ; 101.832;
21 ; 5 ; 15 ; 0.0114263 ; 0.0265494 ; 0.00813899 ; 102.043;
4 ; 6 ; 15 ; 0.00410742 ; 0.00246961 ; -0.0449119 ; 101.571;
5 ; 6 ; 15 ; -0.00255678 ; -0.0329985 ; 0.0154654 ; 101.553;
6 ; 6 ; 15 ; -0.0089512 ; -0.00197268 ; 0.0132875 ; 101.531;
7 ; 6 ; 15 ; 0.0022187 ; 0.0100905 ; 0.0139669 ; 101.75;
8 ; 6 ; 15 ; -0.00841791 ; 0.00507563 ; 0.00669117 ; 101.666;
9 ; 6 ; 15 ; -0.0105282 ; -0.0145619 ; 0.0104416 ; 101.554;
10 ; 6 ; 15 ; 0.00371406 ; 0.00456431 ; 0.0176468 ; 101.833;
11 ; 6 ; 15 ; 0.00291117 ; 0.00297007 ; 0.02277 ; 102.092;
12 ; 6 ; 15 ; 0.00226898 ; 0.00208854 ; 0.0144163 ; 102.146;
13 ; 6 ; 15 ; 0.0483361 ; -0.0234654 ; 0.0285478 ; 101.69;
14 ; 6 ; 15 ; 0.0158938 ; -0.0232447 ; 0.0104703 ; 101.71;
15 ; 6 ; 15 ; -0.00199241 ; -0.00820366 ; 0.00545854 ; 101.741;
16 ; 6 ; 15 ; -0.0104369 ; 0.00481939 ; -0.00125061 ; 101.555;
17 ; 6 ; 15 ; -0.032556 ; 0.0128079 ; -0.00382534 ; 101.176;
18 ; 6 ; 15 ; 0.0135565 ; -0.00564916 ; 0.00861035 ; 101.812;
19 ; 6 ; 15 ; 0.0174348 ; -0.0128639 ; 0.00840859 ; 101.96;
20 ; 6 ; 15 ; 0.0146547 ; -0.0136938 ; 0.00768723 ; 101.688;
21 ; 6 ; 15 ; -0.00285015 ; 0.0307855 ; 0.0212075 ; 100.911;
4 ; 7 ; 15 ; 0.025705 ; -0.00680021 ; -0.0164151 ; 102.099;
5 ; 7 ; 15 ; 0.0233467 ; -0.0138405 ; -0.00965785 ; 101.473;
6 ; 7 ; 15 ; 0.017118 ; -0.0125928 ; -0.00213334 ; 101.378;
7 ; 7 ; 15 ; 0.00979644 ; -0.00809335 ; 0.00524107 ; 101.14;
8 ; 7 ; 15 ; -0.0284537 ; -0.00879346 ; 0.00739891 ; 101.276;
9 ; 7 ; 15 ; 0.0127668 ; 0.00191491 ; 0.0119959 ; 101.374;
10 ; 7 ; 15 ; -0.0022626 ; 0.00269708 ; 0.0137892 ; 101.376;
11 ; 7 ; 15 ; -0.00631062 ; -0.00102462 ; 0.00431263 ; 101.782;
12 ; 7 ; 15 ; -0.00170113 ; 0.0179002 ; -0.0225796 ; 101.894;
13 ; 7 ; 15 ; 0.0146878 ; -0.00748626 ; -0.00425163 ; 101.824;
14 ; 7 ; 15 ; 0.0161874 ; -0.00566546 ; -0.00234943 ; 101.96;
15 ; 7 ; 15 ; 0.0177477 ; 0.00139657 ; -0.000907596 ; 101.663;
16 ; 7 ; 15 ; 0.0276381 ; -0.0115391 ; 0.000136304 ; 101.319;
17 ; 7 ; 15 ; 0.0305144 ; -0.0152723 ; -0.00980032 ; 101.417;
18 ; 7 ; 15 ; 0.0211239 ; -0.0181372 ; 0.00274528 ; 101.513;
19 ; 7 ; 15 ; 0.00556854 ; -0.00151506 ; -0.00740288 ; 101.462;
20 ; 7 ; 15 ; -0.0100678 ; 0.0376425 ; -0.0399694 ; 100.876;
21 ; 7 ; 15 ; 0.0312558 ; -0.00428772 ; 0.000210457 ; 102.076;
4 ; 8 ; 15 ; -0.00946052 ; 0.0112213 ; -0.00194706 ; 101.279;
5 ; 8 ; 15 ; 0.0143853 ; 0.0204734 ; -0.00805704 ; 101.241;
6 ; 8 ; 15 ; 0.0153994 ; -0.00139441 ; -0.000281348 ; 101.411;
7 ; 8 ; 15 ; 0.0094214 ; -0.00441329 ; 0.00937882 ; 101.293;
8 ; 8 ; 15 ; -0.00432878 ; -0.00742584 ; 0.00555977 ; 101.287;
9 ; 8 ; 15 ; 0.00656235 ; -0.0124268 ; 0.00763759 ; 101.933;
10 ; 8 ; 15 ; 0.0023565 ; -0.00394419 ; 0.00756281 ; 101.558;
11 ; 8 ; 15 ; -0.000753027 ; -0.00275038 ; -0.000596743 ; 101.681;
12 ; 8 ; 15 ; -0.00577311 ; 0.00389412 ; -0.00531223 ; 101.87;
13 ; 8 ; 15 ; -0.00471229 ; -0.021196 ; -0.00190176 ; 101.949;
14 ; 8 ; 15 ; 0.00815637 ; -0.00907473 ; -0.0021931 ; 101.856;
15 ; 8 ; 15 ; 0.0112357 ; -0.000413856 ; -0.00267776 ; 101.676;
16 ; 8 ; 15 ; 0.019796 ; 0.00575181 ; -0.00346811 ; 101.421;
17 ; 8 ; 15 ; 0.0134668 ; -0.0220437 ; -0.00401157 ; 101.909;
18 ; 8 ; 15 ; 0.0126693 ; -0.0156107 ; -0.000709951 ; 101.578;
19 ; 8 ; 15 ; 0.00134694 ; -0.00141956 ; -0.00749943 ; 101.277;
20 ; 8 ; 15 ; -0.0071385 ; 0.0185447 ; -0.0263596 ; 101.216;
21 ; 8 ; 15 ; 0.0168483 ; 0.00757607 ; -0.0192086 ; 101.379;
4 ; 9 ; 15 ; -0.0030388 ; -0.0114307 ; -0.0302213 ; 100.541;
5 ; 9 ; 15 ; -0.0115445 ; 0.0192839 ; 0.00897692 ; 101.179;
6 ; 9 ; 15 ; 0.00178842 ; 0.00961111 ; 0.00499464 ; 101.365;
7 ; 9 ; 15 ; 0.00263755 ; 0.0018828 ; 0.0130828 ; 101.491;
8 ; 9 ; 15 ; 0.0105681 ; -0.00567187 ; 0.0161729 ; 101.425;
9 ; 9 ; 15 ; -0.00534061 ; -0.00757155 ; 0.00019458 ; 102.332;
10 ; 9 ; 15 ; 0.00301537 ; -0.00675518 ; -0.0010121 ; 101.953;
11 ; 9 ; 15 ; 0.00530357 ; -0.000165991 ; -0.00388843 ; 101.674;
12 ; 9 ; 15 ; -0.00111473 ; -0.00310228 ; -0.00380292 ; 101.439;
13 ; 9 ; 15 ; -0.00554774 ; -0.00944734 ; 0.00938595 ; 101.568;
14 ; 9 ; 15 ; -0.00366472 ; -0.0120631 ; -0.00206413 ; 101.601;
15 ; 9 ; 15 ; 0.00242138 ; -0.00459143 ; -0.00293753 ; 101.606;
16 ; 9 ; 15 ; 0.00955949 ; 0.0085754 ; -0.00712229 ; 101.735;
17 ; 9 ; 15 ; -0.00816661 ; -0.00637462 ; 0.00126779 ; 101.798;
18 ; 9 ; 15 ; 0.0008724 ; -0.0116148 ; -0.00553252 ; 101.599;
19 ; 9 ; 15 ; -0.000531535 ; -0.00585244 ; -0.0106421 ; 101.248;
20 ; 9 ; 15 ; -0.00769344 ; 0.000721128 ; -0.00756327 ; 101.001;
21 ; 9 ; 15 ; -0.0289046 ; -0.0166011 ; -0.00556791 ; 103.084;
4 ; 10 ; 15 ; 0.0267101 ; 0.033664 ; 0.0231767 ; 103.317;
5 ; 10 ; 15 ; 0.0102938 ; 0.00802206 ; 0.0103202 ; 101.186;
6 ; 10 ; 15 ; -0.000151948 ; 0.00900061 ; 0.00988625 ; 101.374;
7 ; 10 ; 15 ; -0.0039939 ; 0.00409426 ; 0.0103714 ; 101.662;
8 ; 10 ; 15 ; -0.0101193 ; 0.00211424 ; 0.0197932 ; 101.681;
9 ; 10 ; 15 ; 0.001886 ; 0.00619411 ; 0.00387486 ; 102.575;
10 ; 10 ; 15 ; 0.00506404 ; 0.00169264 ; 0.000711851 ; 102.173;
11 ; 10 ; 15 ; 0.00858194 ; 0.0104348 ; 0.00126595 ; 101.913;
12 ; 10 ; 15 ; 0.0115617 ; 0.0128724 ; -0.0171579 ; 101.328;
13 ; 10 ; 15 ; 0.00968959 ; -0.0139629 ; 0.00969983 ; 101.507;
14 ; 10 ; 15 ; -0.00224086 ; -0.0120973 ; 0.00641827 ; 101.436;
15 ; 10 ; 15 ; 0.000706207 ; -0.00811624 ; 0.00553299 ; 101.553;
16 ; 10 ; 15 ; 0.00779314 ; -0.0148776 ; 0.000906669 ; 101.79;
17 ; 10 ; 15 ; 0.00614669 ; -0.00122866 ; 0.00804531 ; 101.59;
18 ; 10 ; 15 ; 0.000867935 ; -0.00714284 ; -0.00366449 ; 101.668;
19 ; 10 ; 15 ; 0.00515752 ; -0.00834791 ; -0.0114831 ; 101.582;
20 ; 10 ; 15 ; -0.000578184 ; -0.00331034 ; -0.0158181 ; 101.047;
21 ; 10 ; 15 ; -0.00778015 ; -0.0173919 ; -0.0186021 ; 102.709;
4 ; 11 ; 15 ; -0.00490093 ; 0.00809001 ; -0.00157241 ; 100.838;
5 ; 11 ; 15 ; 0.0192136 ; 0.0109401 ; 0.0118941 ; 101.37;
6 ; 11 ; 15 ; 0.00603622 ; 0.00372577 ; 0.00919782 ; 101.411;
7 ; 11 ; 15 ; 0.00382884 ; 0.00228035 ; 0.00570046 ; 101.792;
8 ; 11 ; 15 ; -0.00654339 ; 0.00456281 ; 0.00244938 ; 101.887;
9 ; 11 ; 15 ; 0.0153904 ; 0.00618909 ; -0.00394492 ; 102.511;
10 ; 11 ; 15 ; 0.00505401 ; 0.00793249 ; 0.000798089 ; 102.325;
11 ; 11 ; 15 ; 0.00613041 ; 0.0107358 ; 0.00799937 ; 102.202;
12 ; 11 ; 15 ; 0.00841599 ; 0.0197209 ; 0.0091588 ; 102.161;
13 ; 11 ; 15 ; 0.00551446 ; -0.0116134 ; 0.00249184 ; 101.584;
14 ; 11 ; 15 ; -0.00258867 ; -0.00831071 ; 0.00605273 ; 101.519;
15 ; 11 ; 15 ; -0.00273454 ; -0.00757155 ; 0.000703783 ; 101.534;
16 ; 11 ; 15 ; 0.00103472 ; -0.00705242 ; 0.01015 ; 101.601;
17 ; 11 ; 15 ; -0.000409129 ; -0.00715885 ; -0.0238278 ; 102.439;
18 ; 11 ; 15 ; 0.00543887 ; -0.0139806 ; -0.0096393 ; 101.99;
19 ; 11 ; 15 ; 0.00839676 ; -0.0180286 ; -0.0106312 ; 101.954;
20 ; 11 ; 15 ; 0.0141744 ; -0.013418 ; -0.018871 ; 102.082;
21 ; 11 ; 15 ; 0.0403783 ; -0.0188814 ; -0.0247816 ; 103.829;
4 ; 12 ; 15 ; 0.0130091 ; -0.0147909 ; -0.00131052 ; 102.879;
5 ; 12 ; 15 ; -0.00386906 ; 0.00777319 ; 0.016129 ; 101.412;
6 ; 12 ; 15 ; 0.0159437 ; 0.00493877 ; 0.00779129 ; 101.502;
7 ; 12 ; 15 ; 0.0117683 ; 0.000984411 ; 0.00497801 ; 101.904;
8 ; 12 ; 15 ; 0.00895644 ; 0.00298109 ; 0.00697976 ; 101.903;
9 ; 12 ; 15 ; 0.0128793 ; 0.00627473 ; -0.0143936 ; 102.42;
10 ; 12 ; 15 ; 0.00906597 ; 0.00697326 ; -0.000641969 ; 102.339;
11 ; 12 ; 15 ; 0.0065273 ; 0.00774187 ; 0.00842254 ; 102.266;
12 ; 12 ; 15 ; 0.0234824 ; 0.00955638 ; 0.0126216 ; 102.2;
13 ; 12 ; 15 ; -0.00580435 ; 0.00061281 ; -0.00537747 ; 101.622;
14 ; 12 ; 15 ; -0.00364779 ; -0.00733988 ; 0.00605888 ; 101.627;
15 ; 12 ; 15 ; -0.00588198 ; -0.00704518 ; -0.00394865 ; 101.586;
16 ; 12 ; 15 ; -0.00193128 ; -0.005613 ; -0.0110293 ; 101.686;
17 ; 12 ; 15 ; -0.0158277 ; -0.010913 ; -0.0501167 ; 102.948;
18 ; 12 ; 15 ; 0.00648573 ; -0.0179127 ; -0.0142308 ; 102.243;
19 ; 12 ; 15 ; 0.00694217 ; -0.0210758 ; -0.0085725 ; 102.003;
20 ; 12 ; 15 ; 0.00408737 ; -0.00735445 ; -0.0119053 ; 102.175;
21 ; 12 ; 15 ; 0.0488285 ; 0.0191174 ; 0.0157296 ; 101.012;
4 ; 13 ; 15 ; 0.0324836 ; 0.00283595 ; 0.0057106 ; 101.262;
5 ; 13 ; 15 ; 0.020753 ; 0.0224787 ; 0.0119233 ; 101.976;
6 ; 13 ; 15 ; 0.0286874 ; 0.0030717 ; 0.0103874 ; 101.415;
7 ; 13 ; 15 ; 0.0221076 ; -0.00585416 ; 0.0122321 ; 101.167;
8 ; 13 ; 15 ; -0.00720737 ; 0.000199153 ; 0.0192124 ; 101.197;
9 ; 13 ; 15 ; 0.0110171 ; 0.00712182 ; 0.00707496 ; 101.221;
10 ; 13 ; 15 ; -0.000612559 ; 0.0101494 ; 0.00675138 ; 101.174;
11 ; 13 ; 15 ; -0.0124219 ; -0.00381774 ; 0.00471081 ; 101.537;
12 ; 13 ; 15 ; -0.0243211 ; -0.0314367 ; -0.0203383 ; 101.748;
13 ; 13 ; 15 ; 0.0101636 ; -0.0183997 ; -0.00960637 ; 101.619;
14 ; 13 ; 15 ; 0.013933 ; -0.0286891 ; 0.00672839 ; 101.494;
15 ; 13 ; 15 ; 0.00999898 ; -0.0284135 ; 0.00384544 ; 101.901;
16 ; 13 ; 15 ; -0.00635438 ; -0.0155874 ; -0.0158609 ; 102.996;
17 ; 13 ; 15 ; 0.0269913 ; 0.0125211 ; -0.0256057 ; 101.966;
18 ; 13 ; 15 ; 0.0321032 ; 0.0135896 ; -0.0160997 ; 101.796;
19 ; 13 ; 15 ; 0.0209893 ; 0.0134968 ; -0.00921742 ; 101.585;
20 ; 13 ; 15 ; 0.00798791 ; 0.0405201 ; -0.00480523 ; 100.47;
21 ; 13 ; 15 ; -0.00993595 ; -0.00949186 ; 0.00634847 ; 100.787;
4 ; 14 ; 15 ; 0.00510854 ; 0.0185551 ; -0.040856 ; 101.725;
5 ; 14 ; 15 ; 0.009968 ; -0.0145282 ; 0.00179758 ; 101.693;
6 ; 14 ; 15 ; 0.0204862 ; -0.00689527 ; 0.00865321 ; 101.538;
7 ; 14 ; 15 ; 0.0185119 ; -0.00599609 ; 0.00986433 ; 101.333;
8 ; 14 ; 15 ; 0.00533692 ; -0.00129005 ; 0.0139809 ; 101.193;
9 ; 14 ; 15 ; 0.0195413 ; 0.00221116 ; 0.0157201 ; 101.909;
10 ; 14 ; 15 ; 0.00354123 ; 0.00906157 ; 0.00951558 ; 101.557;
11 ; 14 ; 15 ; -0.00584897 ; -0.000521552 ; 0.00464614 ; 101.751;
12 ; 14 ; 15 ; -0.0228735 ; -0.0173394 ; -0.00885849 ; 101.943;
13 ; 14 ; 15 ; 0.0122929 ; -0.00433184 ; -0.0159476 ; 101.836;
14 ; 14 ; 15 ; 0.0124582 ; -0.0180965 ; -0.00240223 ; 101.605;
15 ; 14 ; 15 ; 0.0087464 ; -0.0188454 ; -0.00331984 ; 101.827;
16 ; 14 ; 15 ; 0.00588297 ; -0.0247371 ; -0.00197826 ; 102.556;
17 ; 14 ; 15 ; 0.0121521 ; 0.00327688 ; -0.0170303 ; 101.844;
18 ; 14 ; 15 ; 0.0221878 ; 0.0073269 ; -0.0157251 ; 101.843;
19 ; 14 ; 15 ; 0.0124574 ; 0.00750975 ; -0.00657574 ; 101.697;
20 ; 14 ; 15 ; 0.0163318 ; 0.0175008 ; -0.0113736 ; 101.195;
21 ; 14 ; 15 ; 0.0105097 ; 0.0108341 ; 0.0177685 ; 100.931;
4 ; 15 ; 15 ; 0.0101831 ; 0.0325759 ; -0.0269591 ; 101.097;
5 ; 15 ; 15 ; -0.0127716 ; -0.0270128 ; 0.0121508 ; 101.648;
6 ; 15 ; 15 ; 0.00441275 ; -0.0183356 ; 0.0101986 ; 101.572;
7 ; 15 ; 15 ; 0.0132388 ; -0.0102909 ; 0.00702909 ; 101.483;
8 ; 15 ; 15 ; 0.0125918 ; 0.00366671 ; 0.00706407 ; 101.553;
9 ; 15 ; 15 ; 0.0147678 ; 0.00989564 ; 0.00759431 ; 102.466;
10 ; 15 ; 15 ; 0.0105842 ; 0.00805947 ; 0.00902898 ; 102.08;
11 ; 15 ; 15 ; 0.00467811 ; 0.00438552 ; 0.00289921 ; 102.003;
12 ; 15 ; 15 ; -0.00820098 ; -0.00190259 ; 0.000759643 ; 101.951;
13 ; 15 ; 15 ; 0.00592668 ; 0.00202386 ; -0.00305662 ; 101.742;
14 ; 15 ; 15 ; 0.00861939 ; -0.003406 ; -0.00402963 ; 101.68;
15 ; 15 ; 15 ; 0.0047116 ; -0.000604898 ; -0.00360408 ; 101.751;
16 ; 15 ; 15 ; 0.00868411 ; -0.0187034 ; 0.00120682 ; 101.834;
17 ; 15 ; 15 ; -0.00658982 ; 0.00334626 ; 0.00146148 ; 101.983;
18 ; 15 ; 15 ; 0.00372346 ; 0.000240963 ; -0.0105213 ; 101.886;
19 ; 15 ; 15 ; -0.00300922 ; 0.000291049 ; -0.00736879 ; 101.807;
20 ; 15 ; 15 ; 0.00736481 ; -0.00257227 ; -0.00902896 ; 101.885;
21 ; 15 ; 15 ; 0.0197354 ; 0.00777059 ; -0.00438583 ; 101.423;
4 ; 16 ; 15 ; 0.00222608 ; 0.02291 ; -0.00388683 ; 102.767;
5 ; 16 ; 15 ; -0.00519908 ; -0.00534386 ; 0.0100423 ; 101.884;
6 ; 16 ; 15 ; -0.000997479 ; -0.0196519 ; 0.0113279 ; 101.724;
7 ; 16 ; 15 ; 0.0126097 ; -0.0176579 ; 0.00262496 ; 101.709;
8 ; 16 ; 15 ; 0.0100046 ; -0.00133598 ; 0.00462192 ; 101.707;
9 ; 16 ; 15 ; 0.0105365 ; 0.00144306 ; -0.00857765 ; 102.043;
10 ; 16 ; 15 ; 0.0136478 ; 0.00761815 ; 0.00155957 ; 102.187;
11 ; 16 ; 15 ; 0.0120352 ; 0.00544857 ; 0.000494017 ; 101.991;
12 ; 16 ; 15 ; 0.00502596 ; -0.00427033 ; -0.00365499 ; 101.685;
13 ; 16 ; 15 ; 0.0038857 ; 0.00383058 ; 0.00108949 ; 100.95;
14 ; 16 ; 15 ; 0.00210218 ; 0.0074915 ; 0.00276764 ; 101.408;
15 ; 16 ; 15 ; -0.000753638 ; 0.0177881 ; 0.0014969 ; 101.652;
16 ; 16 ; 15 ; -0.0105904 ; 0.0149141 ; -0.00425005 ; 101.764;
17 ; 16 ; 15 ; -0.00376944 ; 0.0118894 ; 0.0173865 ; 101.505;
18 ; 16 ; 15 ; -0.00705261 ; 0.00464196 ; 0.00208738 ; 101.794;
19 ; 16 ; 15 ; -0.0141236 ; 0.0102859 ; -0.00292784 ; 101.817;
20 ; 16 ; 15 ; -0.0172261 ; 0.00670724 ; -0.0078426 ; 101.581;
21 ; 16 ; 15 ; 0.00689975 ; 0.0401674 ; -0.0179501 ; 102.221;
4 ; 17 ; 15 ; 0.0172468 ; -0.00109938 ; 0.0260047 ; 99.9431;
5 ; 17 ; 15 ; 0.0275474 ; 0.00577585 ; 0.00570504 ; 101.368;
6 ; 17 ; 15 ; 0.0119576 ; -0.000793253 ; 0.00264988 ; 101.751;
7 ; 17 ; 15 ; 0.0185926 ; -0.00648304 ; -0.00744336 ; 101.875;
8 ; 17 ; 15 ; 0.0252492 ; -0.020624 ; -0.00401849 ; 101.827;
9 ; 17 ; 15 ; 0.0143643 ; -0.0161999 ; -0.00267795 ; 102.313;
10 ; 17 ; 15 ; 0.00764165 ; 0.000835628 ; -0.0012919 ; 102.047;
11 ; 17 ; 15 ; 0.00191332 ; 0.00649272 ; -0.00089866 ; 101.951;
12 ; 17 ; 15 ; 0.007045 ; 0.00211671 ; 0.00197413 ; 101.738;
13 ; 17 ; 15 ; -0.0132424 ; 0.00807661 ; -0.0219249 ; 101.026;
14 ; 17 ; 15 ; -0.000659406 ; 0.00674238 ; -0.00316391 ; 101.35;
15 ; 17 ; 15 ; 0.00726812 ; 0.0144621 ; 0.00312161 ; 101.701;
16 ; 17 ; 15 ; -0.00498158 ; 0.0319503 ; 0.00658849 ; 101.907;
17 ; 17 ; 15 ; -0.00416425 ; 0.00453169 ; 0.0137421 ; 101.898;
18 ; 17 ; 15 ; -0.00929806 ; 0.00972677 ; 0.0119945 ; 101.754;
19 ; 17 ; 15 ; -0.0160427 ; 0.0137481 ; 0.00514284 ; 101.956;
20 ; 17 ; 15 ; -0.0132427 ; 0.0189396 ; -0.00928216 ; 101.955;
21 ; 17 ; 15 ; 0.0148125 ; -0.0179252 ; -0.00325839 ; 102.556;
4 ; 18 ; 15 ; -0.0277739 ; 0.0460594 ; 0.0239062 ; 101.531;
5 ; 18 ; 15 ; 0.0450195 ; 0.0092207 ; 0.0126175 ; 100.677;
6 ; 18 ; 15 ; 0.0216503 ; 0.00794374 ; -0.00526026 ; 101.863;
7 ; 18 ; 15 ; 0.0217628 ; 0.0031217 ; -0.0143147 ; 102.042;
8 ; 18 ; 15 ; 0.0294826 ; -0.0126363 ; -0.00332083 ; 101.858;
9 ; 18 ; 15 ; 0.018219 ; -0.0225575 ; 0.00763472 ; 102.657;
10 ; 18 ; 15 ; 0.00336036 ; -0.00359125 ; 0.000185327 ; 102.032;
11 ; 18 ; 15 ; -0.00470165 ; 0.00732639 ; -0.000943736 ; 101.979;
12 ; 18 ; 15 ; 0.00135916 ; 0.0032593 ; -0.00585442 ; 101.805;
13 ; 18 ; 15 ; -0.0242277 ; 0.00667144 ; -0.0316725 ; 101.47;
14 ; 18 ; 15 ; -0.00195156 ; 0.00756268 ; -0.0150879 ; 101.394;
15 ; 18 ; 15 ; 0.0131828 ; 0.0106472 ; -0.00310276 ; 101.724;
16 ; 18 ; 15 ; 0.0152857 ; 0.0238097 ; -0.00105531 ; 101.758;
17 ; 18 ; 15 ; -0.0101928 ; -0.000276791 ; 0.0110259 ; 102.541;
18 ; 18 ; 15 ; -0.00958443 ; 0.0105862 ; 0.0152275 ; 101.753;
19 ; 18 ; 15 ; -0.0169242 ; 0.0141506 ; 0.013329 ; 102.075;
20 ; 18 ; 15 ; -0.0099354 ; 0.0120074 ; 0.00578521 ; 102.687;
21 ; 18 ; 15 ; 0.0422899 ; -0.00730567 ; -0.00869634 ; 101.387;
4 ; 19 ; 15 ; -0.00543946 ; -0.0202966 ; 0.036882 ; 102.488;
5 ; 19 ; 15 ; 0.000654006 ; 0.0182589 ; -0.0195077 ; 101.59;
6 ; 19 ; 15 ; 0.00574297 ; 0.0143415 ; -0.0195158 ; 101.503;
7 ; 19 ; 15 ; 0.0170607 ; 0.00165637 ; -0.0139758 ; 101.543;
8 ; 19 ; 15 ; 0.0182722 ; -0.00194011 ; -0.00370774 ; 102.121;
9 ; 19 ; 15 ; 0.00691526 ; -0.0154631 ; 0.00471087 ; 101.473;
10 ; 19 ; 15 ; 0.0228419 ; -0.014925 ; 0.00197697 ; 101.338;
11 ; 19 ; 15 ; 0.0267449 ; -0.00645058 ; -0.00534284 ; 101.827;
12 ; 19 ; 15 ; 0.0184007 ; -0.0179673 ; 0.00774397 ; 102.656;
13 ; 19 ; 15 ; 0.00573652 ; -0.00317076 ; -0.0140963 ; 102.134;
14 ; 19 ; 15 ; -0.00190389 ; 0.00466159 ; -0.00475019 ; 101.666;
15 ; 19 ; 15 ; -0.00321449 ; 0.0161095 ; 0.000318754 ; 101.592;
16 ; 19 ; 15 ; -0.0135403 ; 0.0293664 ; 0.0152583 ; 102.161;
17 ; 19 ; 15 ; 0.015953 ; -0.00084925 ; 0.0112951 ; 101.558;
18 ; 19 ; 15 ; 0.0180705 ; 0.0112155 ; 0.00470009 ; 101.666;
19 ; 19 ; 15 ; 0.00868822 ; 0.0138435 ; -0.00668004 ; 101.875;
20 ; 19 ; 15 ; -0.0109858 ; -0.00692204 ; -0.0176788 ; 101.887;
21 ; 19 ; 15 ; 0.0470844 ; -0.0199202 ; -0.0120493 ; 102.088;
4 ; 20 ; 15 ; 0.0105608 ; -0.000546703 ; -0.0037937 ; 100.709;
5 ; 20 ; 15 ; 0.00782123 ; -0.0107245 ; -0.0063857 ; 101.505;
6 ; 20 ; 15 ; 0.00745005 ; 0.00859949 ; -0.0110482 ; 101.745;
7 ; 20 ; 15 ; 0.0147441 ; 0.00700539 ; -0.00904501 ; 101.832;
8 ; 20 ; 15 ; 0.0213248 ; -0.00593058 ; -0.00652258 ; 101.792;
9 ; 20 ; 15 ; 0.0171545 ; -0.011377 ; -0.00896249 ; 102.041;
10 ; 20 ; 15 ; 0.025388 ; -0.0145951 ; -0.00405938 ; 101.551;
11 ; 20 ; 15 ; 0.0293921 ; -0.00836303 ; -0.00730981 ; 101.785;
12 ; 20 ; 15 ; 0.0238753 ; -0.0062544 ; -0.00181921 ; 102.385;
13 ; 20 ; 15 ; 0.0166134 ; 0.00582877 ; 0.00310252 ; 101.465;
14 ; 20 ; 15 ; 0.00769557 ; 0.00241901 ; -0.00147193 ; 101.512;
15 ; 20 ; 15 ; 0.00228491 ; 0.00804233 ; -0.00189286 ; 101.596;
16 ; 20 ; 15 ; 0.00053899 ; 0.0215964 ; 0.00491575 ; 101.789;
17 ; 20 ; 15 ; 0.00456512 ; -0.0037278 ; -0.00528234 ; 101.569;
18 ; 20 ; 15 ; 0.0095643 ; 0.0103438 ; 0.00376176 ; 101.792;
19 ; 20 ; 15 ; 0.00245627 ; 0.01381 ; -0.00435511 ; 101.958;
20 ; 20 ; 15 ; -0.00555866 ; 0.00471081 ; -0.0109039 ; 101.892;
21 ; 20 ; 15 ; 0.00835444 ; 0.0581952 ; -0.0278443 ; 102.002;
4 ; 21 ; 15 ; 0.00476943 ; -0.00881992 ; 0.00657327 ; 102.987;
5 ; 21 ; 15 ; 0.0235919 ; -0.0392754 ; 0.028965 ; 101.671;
6 ; 21 ; 15 ; 0.00728474 ; 0.00776714 ; -0.00994548 ; 101.848;
7 ; 21 ; 15 ; 0.0139802 ; 0.0124308 ; -0.00727003 ; 101.916;
8 ; 21 ; 15 ; 0.0184011 ; -0.000575877 ; -0.00285429 ; 101.742;
9 ; 21 ; 15 ; 0.0186523 ; -0.0090043 ; -0.00917023 ; 102.678;
10 ; 21 ; 15 ; 0.0279181 ; -0.0124242 ; -0.0108524 ; 101.778;
11 ; 21 ; 15 ; 0.0335583 ; -0.0071567 ; -0.00997425 ; 101.768;
12 ; 21 ; 15 ; 0.0210047 ; 0.000888171 ; -0.0101479 ; 102.156;
13 ; 21 ; 15 ; 0.0345504 ; 0.00697462 ; 0.0260537 ; 100.849;
14 ; 21 ; 15 ; 0.013819 ; 0.00364433 ; -0.00514503 ; 101.551;
15 ; 21 ; 15 ; 0.00989843 ; 0.00303554 ; -0.00968709 ; 101.575;
16 ; 21 ; 15 ; 0.00441237 ; 0.00968609 ; -0.0126059 ; 101.529;
17 ; 21 ; 15 ; -0.00142508 ; -0.0051692 ; -0.00596586 ; 101.361;
18 ; 21 ; 15 ; -0.00143633 ; 0.0072665 ; -0.00125701 ; 101.96;
19 ; 21 ; 15 ; -0.00429791 ; 0.0134045 ; -0.00291132 ; 102.063;
20 ; 21 ; 15 ; -0.00501065 ; 0.00973113 ; -0.00766101 ; 101.812;
21 ; 21 ; 15 ; 0.0128257 ; 0.0323374 ; -0.0077146 ; 101.397;
4 ; 4 ; 16 ; 0.00333843 ; 0.00736402 ; 0.0248697 ; 100.862;
5 ; 4 ; 16 ; 0.0110646 ; -0.0252938 ; 0.0148631 ; 101.101;
6 ; 4 ; 16 ; 0.0119829 ; -0.0388877 ; 0.000413113 ; 101.638;
7 ; 4 ; 16 ; 0.013424 ; -0.0178403 ; 0.00820867 ; 101.589;
8 ; 4 ; 16 ; 0.025483 ; -0.00700257 ; 0.0377357 ; 101.664;
9 ; 4 ; 16 ; 0.0366988 ; -0.0280742 ; 0.027439 ; 102.759;
10 ; 4 ; 16 ; 0.0481777 ; 0.00470934 ; 0.00410523 ; 101.634;
11 ; 4 ; 16 ; -0.0407196 ; -0.0219987 ; -0.0235901 ; 101.733;
12 ; 4 ; 16 ; -0.022027 ; 0.0138084 ; 0.0239288 ; 101.949;
13 ; 4 ; 16 ; 0.0284431 ; -0.0108294 ; 0.0154 ; 101.757;
14 ; 4 ; 16 ; 0.00773725 ; 0.0225088 ; -0.0275431 ; 101.968;
15 ; 4 ; 16 ; -0.00652071 ; -0.011057 ; -0.0144789 ; 102.551;
16 ; 4 ; 16 ; -0.00542004 ; 0.0623436 ; -0.00864732 ; 100.764;
17 ; 4 ; 16 ; -0.00616943 ; -0.0114927 ; -0.0278455 ; 101.237;
18 ; 4 ; 16 ; 0.000896772 ; -0.00541264 ; -0.000390866 ; 102.807;
19 ; 4 ; 16 ; -0.00189698 ; 0.0184108 ; -0.0205944 ; 102.579;
20 ; 4 ; 16 ; 0.0113626 ; 0.00452384 ; -0.0122344 ; 102.261;
21 ; 4 ; 16 ; 0.0208381 ; -0.0197466 ; 0.0236257 ; 101.207;
4 ; 5 ; 16 ; 0.00150048 ; 0.0494012 ; 0.00199845 ; 102.901;
5 ; 5 ; 16 ; -0.0227732 ; -0.0446604 ; 0.0121886 ; 101.719;
6 ; 5 ; 16 ; 0.00710041 ; -0.0266483 ; 0.00819475 ; 101.632;
7 ; 5 ; 16 ; 0.0181974 ; -0.00472843 ; 0.0162757 ; 101.596;
8 ; 5 ; 16 ; 0.0211422 ; -0.00845651 ; 0.0230189 ; 101.887;
9 ; 5 ; 16 ; -0.00598052 ; -0.0288911 ; -0.000871946 ; 103.219;
10 ; 5 ; 16 ; 0.0277199 ; -0.0114368 ; 0.00258606 ; 101.957;
11 ; 5 ; 16 ; -0.0202821 ; -0.0186759 ; -0.0165749 ; 101.496;
12 ; 5 ; 16 ; -0.0138853 ; 0.00665845 ; 0.00720353 ; 101.472;
13 ; 5 ; 16 ; -0.0090755 ; 0.0321844 ; -0.0293326 ; 102.041;
14 ; 5 ; 16 ; -0.00314535 ; 0.0245958 ; -0.021392 ; 101.671;
15 ; 5 ; 16 ; -0.0145043 ; -0.00749546 ; -0.00164128 ; 101.727;
16 ; 5 ; 16 ; -0.00504771 ; 0.0322286 ; 0.00240924 ; 101.293;
17 ; 5 ; 16 ; 0.0164212 ; -0.0104781 ; -0.00509817 ; 102.859;
18 ; 5 ; 16 ; 0.00735098 ; -0.00762512 ; 0.00376719 ; 102.689;
19 ; 5 ; 16 ; 0.000800859 ; 0.00975512 ; -0.00609767 ; 102.323;
20 ; 5 ; 16 ; 0.00368745 ; 0.00517166 ; -0.00338964 ; 102.003;
21 ; 5 ; 16 ; 0.00803947 ; 0.0127999 ; -0.0138167 ; 102.024;
4 ; 6 ; 16 ; 0.0303098 ; 0.00647906 ; -0.00210066 ; 101.213;
5 ; 6 ; 16 ; -0.0135349 ; 0.0282002 ; 0.00107666 ; 102.181;
6 ; 6 ; 16 ; 0.00293313 ; -0.000511833 ; 0.00722115 ; 101.825;
7 ; 6 ; 16 ; 0.0276752 ; 0.00932374 ; 0.0106864 ; 101.671;
8 ; 6 ; 16 ; 0.0212852 ; -0.00439348 ; 0.0046199 ; 101.863;
9 ; 6 ; 16 ; 0.0104503 ; -0.0443915 ; -0.0160977 ; 101.926;
10 ; 6 ; 16 ; 0.00319443 ; -0.0291401 ; -0.00945225 ; 101.875;
11 ; 6 ; 16 ; 0.000446665 ; -0.013032 ; -0.0136937 ; 101.106;
12 ; 6 ; 16 ; 0.00405422 ; -0.0100463 ; -0.00246182 ; 101.229;
13 ; 6 ; 16 ; -0.00823059 ; 0.0123081 ; -0.00490458 ; 102.588;
14 ; 6 ; 16 ; -0.0139928 ; 0.0185777 ; -0.00849019 ; 101.473;
15 ; 6 ; 16 ; -0.0216313 ; 0.00151518 ; 0.0204576 ; 100.829;
16 ; 6 ; 16 ; -0.0113418 ; 0.00260466 ; 0.020204 ; 101.933;
17 ; 6 ; 16 ; 0.0315052 ; 0.0386373 ; -0.00918747 ; 100.766;
18 ; 6 ; 16 ; 0.00852424 ; -0.00160348 ; 0.00617629 ; 102.164;
19 ; 6 ; 16 ; -0.00911538 ; -0.00136166 ; 0.00578877 ; 102.183;
20 ; 6 ; 16 ; -0.000597982 ; 0.0164266 ; -0.000954941 ; 101.831;
21 ; 6 ; 16 ; -0.020767 ; -0.0159255 ; 0.0398183 ; 101.364;
4 ; 7 ; 16 ; -0.00115818 ; -0.00949992 ; -0.0183115 ; 99.6719;
5 ; 7 ; 16 ; 0.0161738 ; -0.00250883 ; 0.0035954 ; 101.505;
6 ; 7 ; 16 ; 0.0348644 ; -0.00787295 ; 0.000688556 ; 102.867;
7 ; 7 ; 16 ; -0.010938 ; -0.0217252 ; -0.0249955 ; 102.398;
8 ; 7 ; 16 ; -0.000102472 ; -0.00524571 ; 0.0263848 ; 100.631;
9 ; 7 ; 16 ; 0.0176459 ; -0.00424994 ; 0.00370604 ; 101.144;
10 ; 7 ; 16 ; -0.0257383 ; -0.00252319 ; 0.0137385 ; 101.081;
11 ; 7 ; 16 ; -0.00374833 ; 0.0192541 ; 0.0539284 ; 100.852;
12 ; 7 ; 16 ; -0.0637384 ; 0.0246763 ; 0.0386352 ; 101.299;
13 ; 7 ; 16 ; 0.0164762 ; -0.00494676 ; -0.000916382 ; 101.859;
14 ; 7 ; 16 ; 0.0271339 ; 0.00750174 ; -0.0146002 ; 101.727;
15 ; 7 ; 16 ; 0.00292207 ; 0.00684597 ; -0.00411007 ; 102.371;
16 ; 7 ; 16 ; 0.0160226 ; 0.0462942 ; 0.0179651 ; 101.044;
17 ; 7 ; 16 ; -0.00100231 ; 0.0348855 ; -0.0111028 ; 101.707;
18 ; 7 ; 16 ; 9.55767e-06 ; -7.11964e-05 ; -0.00536345 ; 101.14;
19 ; 7 ; 16 ; 0.0205069 ; -0.00428451 ; 0.0172011 ; 101.861;
20 ; 7 ; 16 ; 0.015332 ; 0.0122581 ; -0.00737351 ; 100.563;
21 ; 7 ; 16 ; -0.0110673 ; 0.0375424 ; -0.00102224 ; 101.666;
4 ; 8 ; 16 ; 0.036 ; -0.00969308 ; 0.0253032 ; 103.335;
5 ; 8 ; 16 ; 0.0220074 ; 0.0368231 ; -0.0210805 ; 101.259;
6 ; 8 ; 16 ; 0.0324043 ; 0.00870792 ; -0.0108532 ; 102.135;
7 ; 8 ; 16 ; 0.00261491 ; -0.00651975 ; -0.0191062 ; 102.067;
8 ; 8 ; 16 ; -0.00466162 ; -0.00371011 ; 0.0206511 ; 100.94;
9 ; 8 ; 16 ; 0.0160163 ; -0.0322765 ; -0.02218 ; 100.237;
10 ; 8 ; 16 ; -0.00669021 ; -0.0139094 ; 0.00279775 ; 101.26;
11 ; 8 ; 16 ; 0.00622951 ; 0.00184206 ; 0.036193 ; 101.666;
12 ; 8 ; 16 ; -0.0312715 ; 0.0188625 ; 0.0265461 ; 101.787;
13 ; 8 ; 16 ; -0.00214494 ; -0.0180105 ; -0.0112482 ; 101.344;
14 ; 8 ; 16 ; 0.0120252 ; -0.00107926 ; 0.00507604 ; 101.634;
15 ; 8 ; 16 ; -0.00669995 ; -0.00204149 ; 0.0181406 ; 102.044;
16 ; 8 ; 16 ; -0.00413392 ; 0.0220655 ; 0.00527009 ; 101.082;
17 ; 8 ; 16 ; -0.022019 ; 0.0297756 ; 0.0246529 ; 101.261;
18 ; 8 ; 16 ; -0.00726883 ; 0.00854481 ; 0.00517474 ; 101.416;
19 ; 8 ; 16 ; 0.0133697 ; 0.00502501 ; 0.0167777 ; 101.785;
20 ; 8 ; 16 ; 0.0108462 ; 0.0102861 ; 0.00223506 ; 100.725;
21 ; 8 ; 16 ; -0.0220726 ; 0.0617485 ; 0.00664829 ; 102.252;
4 ; 9 ; 16 ; -0.0267952 ; -0.0253518 ; 0.00127784 ; 101.573;
5 ; 9 ; 16 ; -0.0489102 ; 0.0230985 ; 0.0110244 ; 102.016;
6 ; 9 ; 16 ; 0.00370486 ; 0.0184925 ; -0.0108686 ; 101.792;
7 ; 9 ; 16 ; 0.0166785 ; -0.00276641 ; -0.00373633 ; 102.042;
8 ; 9 ; 16 ; 0.000743463 ; -0.0077075 ; 0.0189329 ; 101.341;
9 ; 9 ; 16 ; 0.0185827 ; -0.0135192 ; 0.0356913 ; 100.908;
10 ; 9 ; 16 ; 0.0215791 ; -0.0181026 ; 0.00675121 ; 101.507;
11 ; 9 ; 16 ; 0.0224313 ; -0.0102754 ; 0.0110666 ; 102.484;
12 ; 9 ; 16 ; 0.00884186 ; 0.00775005 ; 0.00016271 ; 102.355;
13 ; 9 ; 16 ; 0.0239648 ; -0.0171327 ; -0.00423744 ; 102.701;
14 ; 9 ; 16 ; 0.00702749 ; -0.0139484 ; 0.0229499 ; 101.581;
15 ; 9 ; 16 ; -0.00157912 ; -0.0139686 ; 0.0345273 ; 101.107;
16 ; 9 ; 16 ; -0.0144191 ; -0.00403379 ; -0.0100799 ; 100.949;
17 ; 9 ; 16 ; -0.0397375 ; 0.00614872 ; 9.52647e-05 ; 101.144;
18 ; 9 ; 16 ; -0.0225329 ; 0.00847544 ; 0.00707899 ; 101.629;
19 ; 9 ; 16 ; -0.00122627 ; 0.0064575 ; 0.00559588 ; 101.781;
20 ; 9 ; 16 ; 0.00646788 ; 0.00633241 ; 0.0129003 ; 101.159;
21 ; 9 ; 16 ; -0.024425 ; -0.000498904 ; 0.0128007 ; 101.182;
4 ; 10 ; 16 ; 0.0116127 ; 0.0483029 ; -0.0215177 ; 101.391;
5 ; 10 ; 16 ; -0.00510724 ; 0.0527728 ; 0.0126796 ; 101.511;
6 ; 10 ; 16 ; -0.0114433 ; 0.0182316 ; 0.00815997 ; 102.139;
7 ; 10 ; 16 ; 0.0162621 ; -0.0087216 ; 0.0083227 ; 102.488;
8 ; 10 ; 16 ; 0.0170337 ; -0.00516585 ; 0.0236205 ; 101.845;
9 ; 10 ; 16 ; -0.0264665 ; -0.0450073 ; -0.00884288 ; 101.779;
10 ; 10 ; 16 ; 0.00418535 ; -0.0056943 ; 0.0176174 ; 101.6;
11 ; 10 ; 16 ; 0.00588981 ; 0.0109865 ; 0.00781258 ; 101.742;
12 ; 10 ; 16 ; -0.00450208 ; -0.00110635 ; -0.017132 ; 101.836;
13 ; 10 ; 16 ; -0.00183952 ; -0.00923126 ; 0.0243275 ; 101.32;
14 ; 10 ; 16 ; 0.0143705 ; -0.0094346 ; 0.0117943 ; 101.545;
15 ; 10 ; 16 ; 0.0150998 ; -0.00498409 ; 0.00987561 ; 101.302;
16 ; 10 ; 16 ; 0.000527229 ; 5.56641e-05 ; -0.00416893 ; 101.518;
17 ; 10 ; 16 ; -0.00440942 ; 0.00638577 ; -0.00975575 ; 102.199;
18 ; 10 ; 16 ; -0.0214628 ; -0.00363986 ; -0.0100516 ; 101.75;
19 ; 10 ; 16 ; -0.00944108 ; 0.00148213 ; -0.0139913 ; 102.064;
20 ; 10 ; 16 ; 0.00337978 ; 0.0161896 ; 0.00368411 ; 101.75;
21 ; 10 ; 16 ; 0.0090822 ; 0.0367785 ; -0.0141941 ; 102.636;
4 ; 11 ; 16 ; -0.0170163 ; 0.0290505 ; 0.0287774 ; 100.647;
5 ; 11 ; 16 ; 0.00517054 ; -0.00272725 ; 0.0136538 ; 102.76;
6 ; 11 ; 16 ; 0.00761041 ; 0.0151521 ; 0.00745277 ; 101.925;
7 ; 11 ; 16 ; 0.0179284 ; -0.00529982 ; -0.00265251 ; 101.784;
8 ; 11 ; 16 ; 0.0156658 ; -0.000193079 ; 0.00519103 ; 101.394;
9 ; 11 ; 16 ; -0.0232838 ; -0.0120026 ; -0.0455929 ; 101.304;
10 ; 11 ; 16 ; -0.0235234 ; -0.008434 ; -0.01387 ; 101.465;
11 ; 11 ; 16 ; -0.0132929 ; 0.00486059 ; -0.00327133 ; 101.491;
12 ; 11 ; 16 ; -0.0105825 ; -0.0114048 ; -0.0105955 ; 101.43;
13 ; 11 ; 16 ; 0.0115665 ; 0.0130778 ; 0.0134757 ; 101.746;
14 ; 11 ; 16 ; 0.0133597 ; 0.00560822 ; 0.00805411 ; 101.64;
15 ; 11 ; 16 ; 0.0149934 ; -0.000702397 ; 0.00208545 ; 101.958;
16 ; 11 ; 16 ; -0.0101563 ; -0.0037177 ; 0.00905652 ; 102.014;
17 ; 11 ; 16 ; 0.0145617 ; 0.0495297 ; -0.00533771 ; 101.149;
18 ; 11 ; 16 ; 0.00437194 ; 0.0162198 ; -0.0182803 ; 101.652;
19 ; 11 ; 16 ; 0.00679413 ; 0.0180864 ; -0.0207504 ; 101.957;
20 ; 11 ; 16 ; 0.003497 ; 0.0271707 ; -0.0106777 ; 102.052;
21 ; 11 ; 16 ; -0.00879542 ; 0.00605334 ; -0.0106055 ; 100.69;
4 ; 12 ; 16 ; 0.00685845 ; -0.00632407 ; -0.0164374 ; 101.464;
5 ; 12 ; 16 ; 0.0141556 ; 0.0140421 ; 0.0360663 ; 102.979;
6 ; 12 ; 16 ; 0.00361993 ; -0.00224376 ; 0.0140436 ; 102.216;
7 ; 12 ; 16 ; 0.00380891 ; -0.0198257 ; -0.0129519 ; 101.297;
8 ; 12 ; 16 ; 0.00174584 ; -0.0145523 ; -0.0108996 ; 100.846;
9 ; 12 ; 16 ; -0.0223592 ; -0.0278659 ; 0.0167268 ; 101.625;
10 ; 12 ; 16 ; -0.0156388 ; -0.0230676 ; -0.0126921 ; 101.278;
11 ; 12 ; 16 ; -0.00136925 ; -0.0185516 ; -0.0102618 ; 101.743;
12 ; 12 ; 16 ; -0.00497851 ; -0.00583826 ; -0.00367408 ; 101.842;
13 ; 12 ; 16 ; 0.0132179 ; 0.0349539 ; -0.0110542 ; 102.739;
14 ; 12 ; 16 ; 0.0239933 ; 0.01281 ; 0.00178976 ; 102.114;
15 ; 12 ; 16 ; 0.0187345 ; -0.0225202 ; 0.0029794 ; 101.557;
16 ; 12 ; 16 ; -0.0180825 ; -0.0257457 ; 0.00210267 ; 101.65;
17 ; 12 ; 16 ; 0.0242588 ; 0.0141692 ; 0.0232865 ; 101.914;
18 ; 12 ; 16 ; 0.0178064 ; 0.0319604 ; -0.00824473 ; 101.4;
19 ; 12 ; 16 ; 0.0119798 ; 0.0176824 ; -0.00774904 ; 101.476;
20 ; 12 ; 16 ; 0.00321894 ; 0.00597807 ; -0.00707659 ; 101.599;
21 ; 12 ; 16 ; 0.00318093 ; 0.025709 ; 0.0232347 ; 101.189;
4 ; 13 ; 16 ; -0.0162117 ; -0.0189981 ; -0.0214567 ; 101.334;
5 ; 13 ; 16 ; -0.0235054 ; 0.00495938 ; -0.0102668 ; 102.131;
6 ; 13 ; 16 ; -0.00687303 ; 0.00521906 ; 0.00975607 ; 101.79;
7 ; 13 ; 16 ; -0.000238584 ; -0.0248789 ; -0.0034871 ; 100.784;
8 ; 13 ; 16 ; 0.024753 ; -0.0100507 ; 0.0182315 ; 102.014;
9 ; 13 ; 16 ; 0.023549 ; -0.00651823 ; 0.00185769 ; 102.184;
10 ; 13 ; 16 ; 0.0228476 ; -0.0224929 ; -0.0114918 ; 103.405;
11 ; 13 ; 16 ; -0.0088858 ; 0.0158762 ; -0.000923678 ; 101.304;
12 ; 13 ; 16 ; -0.0182439 ; -0.00572309 ; -0.0190699 ; 101.147;
13 ; 13 ; 16 ; 0.0377919 ; -0.032046 ; 0.00830023 ; 101.333;
14 ; 13 ; 16 ; 0.0187198 ; 0.00259171 ; -0.0154434 ; 101.893;
15 ; 13 ; 16 ; -0.00859535 ; -0.0238242 ; -0.0232672 ; 101.782;
16 ; 13 ; 16 ; 0.00475655 ; -0.0039479 ; 0.00804987 ; 103.108;
17 ; 13 ; 16 ; 0.012364 ; -0.0116039 ; -0.00119297 ; 101.016;
18 ; 13 ; 16 ; -0.0109964 ; -0.0450928 ; -0.0188712 ; 101.268;
19 ; 13 ; 16 ; 0.0549695 ; -0.00682196 ; -0.0128739 ; 101.851;
20 ; 13 ; 16 ; 0.0199839 ; -0.0429115 ; 0.0106391 ; 101.557;
21 ; 13 ; 16 ; -0.0237268 ; -0.0239776 ; -0.012853 ; 101.638;
4 ; 14 ; 16 ; 0.00515042 ; -0.0126711 ; 0.00901191 ; 100.86;
5 ; 14 ; 16 ; 0.00873571 ; 0.00868829 ; 0.0215263 ; 102.232;
6 ; 14 ; 16 ; -0.00310386 ; 0.00219471 ; 0.00864764 ; 101.833;
7 ; 14 ; 16 ; -0.00609907 ; -0.0185816 ; -0.00648769 ; 101.128;
8 ; 14 ; 16 ; 0.0184574 ; -0.000540855 ; 0.00824145 ; 101.688;
9 ; 14 ; 16 ; 0.0367915 ; 0.012952 ; -0.019722 ; 101.448;
10 ; 14 ; 16 ; 0.0259232 ; -0.00777729 ; -0.00332151 ; 102.625;
11 ; 14 ; 16 ; 0.00864181 ; 0.00735809 ; 0.0096248 ; 101.545;
12 ; 14 ; 16 ; 0.0046635 ; -0.0156104 ; -0.017288 ; 101.418;
13 ; 14 ; 16 ; -0.00531696 ; -0.0300026 ; -0.0114756 ; 101.018;
14 ; 14 ; 16 ; 0.0162484 ; -0.00557304 ; -0.0128254 ; 101.426;
15 ; 14 ; 16 ; 0.00335605 ; -0.0158263 ; -0.0114658 ; 101.355;
16 ; 14 ; 16 ; 0.000322608 ; -0.00516312 ; 0.00605872 ; 102.246;
17 ; 14 ; 16 ; -0.0080777 ; 0.0320612 ; 0.00165087 ; 99.88;
18 ; 14 ; 16 ; -0.00742288 ; -0.0166693 ; -0.022096 ; 101.101;
19 ; 14 ; 16 ; 0.0300563 ; -0.00589795 ; -0.0212989 ; 102.08;
20 ; 14 ; 16 ; 0.00735085 ; -0.0350836 ; 0.0172514 ; 101.826;
21 ; 14 ; 16 ; -0.0168538 ; 0.00170871 ; -0.00667356 ; 101.053;
4 ; 15 ; 16 ; 0.00544639 ; 0.00110721 ; 0.0593886 ; 101.882;
5 ; 15 ; 16 ; -0.0245599 ; 0.0104959 ; 0.0030707 ; 100.765;
6 ; 15 ; 16 ; -0.00281698 ; 0.0105199 ; -0.00160767 ; 101.604;
7 ; 15 ; 16 ; -0.000447392 ; 0.00853419 ; -0.0101701 ; 101.707;
8 ; 15 ; 16 ; 0.00822515 ; 0.0170083 ; 0.000360266 ; 101.346;
9 ; 15 ; 16 ; 0.0251649 ; 0.0216797 ; 0.0327871 ; 102.842;
10 ; 15 ; 16 ; 0.0282807 ; 0.015365 ; 0.0121998 ; 102.095;
11 ; 15 ; 16 ; 0.028092 ; -0.00114101 ; 0.0108304 ; 101.829;
12 ; 15 ; 16 ; 0.02396 ; -0.0250505 ; -0.0180492 ; 101.482;
13 ; 15 ; 16 ; 0.00300665 ; -0.0185392 ; -0.0228195 ; 100.886;
14 ; 15 ; 16 ; 0.00580149 ; -0.0195454 ; -0.0103329 ; 100.894;
15 ; 15 ; 16 ; 0.00436526 ; -0.00807667 ; 0.00215409 ; 101;
16 ; 15 ; 16 ; -0.00517802 ; 0.000967134 ; 0.00167467 ; 101.34;
17 ; 15 ; 16 ; -0.0118207 ; 0.0341544 ; 0.00933734 ; 102.597;
18 ; 15 ; 16 ; -0.00840611 ; 0.0160973 ; -0.0152267 ; 101.456;
19 ; 15 ; 16 ; -0.00671746 ; -0.0090849 ; -0.0206872 ; 102.03;
20 ; 15 ; 16 ; -0.00435347 ; -0.0118752 ; 0.0163049 ; 101.931;
21 ; 15 ; 16 ; 0.0189151 ; 0.0114313 ; 0.0166991 ; 101.804;
4 ; 16 ; 16 ; -0.0277085 ; -0.0157103 ; -0.0156107 ; 101.932;
5 ; 16 ; 16 ; -0.00957189 ; 0.00328615 ; -0.00757044 ; 103.434;
6 ; 16 ; 16 ; -0.00296413 ; 0.0163171 ; -0.00295088 ; 101.808;
7 ; 16 ; 16 ; 0.0101692 ; 0.0127031 ; 0.00427938 ; 101.862;
8 ; 16 ; 16 ; 0.00400702 ; -0.00710897 ; 0.0063436 ; 101.584;
9 ; 16 ; 16 ; 0.00054381 ; -0.00363062 ; 0.0422631 ; 103.037;
10 ; 16 ; 16 ; 0.0147816 ; 0.015201 ; 0.0225043 ; 102.558;
11 ; 16 ; 16 ; 0.0203714 ; -0.00294195 ; 0.00882285 ; 101.99;
12 ; 16 ; 16 ; 0.014335 ; -0.03306 ; -0.00336913 ; 101.744;
13 ; 16 ; 16 ; 0.00491315 ; -0.0275615 ; -0.0229632 ; 100.914;
14 ; 16 ; 16 ; -0.00069479 ; -0.0212385 ; -0.00160699 ; 101.13;
15 ; 16 ; 16 ; -0.00825616 ; -0.0068844 ; 0.0102161 ; 101.55;
16 ; 16 ; 16 ; -0.00308423 ; 0.00502505 ; -0.00413717 ; 101.704;
17 ; 16 ; 16 ; 0.0380854 ; 0.014479 ; -0.0134115 ; 101.785;
18 ; 16 ; 16 ; 0.000149695 ; 0.0109437 ; -0.0139045 ; 102.049;
19 ; 16 ; 16 ; -0.00482403 ; -0.0109129 ; -0.0183374 ; 101.843;
20 ; 16 ; 16 ; 0.0134222 ; 0.0058312 ; 0.0042325 ; 101.799;
21 ; 16 ; 16 ; 0.00814862 ; 0.0198466 ; 0.00233908 ; 102.436;
4 ; 17 ; 16 ; 0.00373058 ; -0.0141746 ; 0.0429461 ; 102.794;
5 ; 17 ; 16 ; -1.32819e-05 ; -0.00383059 ; -0.00778038 ; 101.632;
6 ; 17 ; 16 ; 0.00856579 ; -0.00631756 ; 0.00734767 ; 102.214;
7 ; 17 ; 16 ; 0.0070527 ; -0.0205338 ; 0.0293537 ; 101.714;
8 ; 17 ; 16 ; -0.00707387 ; -0.0282539 ; 0.0211654 ; 101.355;
9 ; 17 ; 16 ; 0.0166962 ; 0.0061821 ; 0.0244124 ; 101.519;
10 ; 17 ; 16 ; 0.00546084 ; 8.46867e-05 ; 0.018398 ; 102.177;
11 ; 17 ; 16 ; 0.0121871 ; -0.0223054 ; 0.00979715 ; 102.125;
12 ; 17 ; 16 ; 0.0162636 ; -0.0419453 ; 0.0141768 ; 102.224;
13 ; 17 ; 16 ; -0.0398012 ; -0.0253628 ; 0.0139926 ; 101.739;
14 ; 17 ; 16 ; -0.0140841 ; -0.00713573 ; 0.00939237 ; 101.613;
15 ; 17 ; 16 ; -0.0210252 ; 0.0101255 ; 0.0102087 ; 101.794;
16 ; 17 ; 16 ; -0.0197341 ; 0.00554214 ; -0.0102934 ; 101.651;
17 ; 17 ; 16 ; -0.0258931 ; -0.0209463 ; 0.0177239 ; 103.083;
18 ; 17 ; 16 ; -0.00441904 ; -0.00155199 ; -0.0123573 ; 102.143;
19 ; 17 ; 16 ; -0.00057916 ; -0.00211373 ; -0.0212319 ; 101.796;
20 ; 17 ; 16 ; 0.0231428 ; 0.0113585 ; 0.0135325 ; 101.815;
21 ; 17 ; 16 ; -0.0231935 ; 0.0193197 ; 0.0204311 ; 101.337;
4 ; 18 ; 16 ; 0.00699104 ; 0.0355178 ; 0.0160073 ; 100.811;
5 ; 18 ; 16 ; 0.00169589 ; -0.00597358 ; 0.00508508 ; 101.197;
6 ; 18 ; 16 ; 0.0162612 ; -0.00989845 ; -0.0016358 ; 101.677;
7 ; 18 ; 16 ; 0.021643 ; -0.0158507 ; 0.0102878 ; 101.575;
8 ; 18 ; 16 ; -0.00392594 ; -0.00487391 ; 0.0199942 ; 100.915;
9 ; 18 ; 16 ; -0.0251534 ; 0.015994 ; 0.0153049 ; 101.513;
10 ; 18 ; 16 ; 0.00183448 ; -0.00171545 ; 0.0104296 ; 101.641;
11 ; 18 ; 16 ; 0.00709331 ; -0.0187791 ; 0.00793358 ; 101.807;
12 ; 18 ; 16 ; 0.0138451 ; -0.0109699 ; 0.01596 ; 101.637;
13 ; 18 ; 16 ; 0.038541 ; -0.0146757 ; -0.0261943 ; 100.532;
14 ; 18 ; 16 ; -0.0114932 ; -0.00241108 ; 0.006976 ; 101.341;
15 ; 18 ; 16 ; -0.0254392 ; 0.0191444 ; 0.0111045 ; 101.27;
16 ; 18 ; 16 ; -0.0196658 ; 0.0180949 ; -0.00927312 ; 101.26;
17 ; 18 ; 16 ; 0.00839424 ; -0.0242206 ; 0.00871066 ; 101.521;
18 ; 18 ; 16 ; -0.0216551 ; -0.0114986 ; 0.00723487 ; 102.226;
19 ; 18 ; 16 ; -0.0164412 ; -0.00494329 ; -0.00146581 ; 101.666;
20 ; 18 ; 16 ; 0.00194913 ; -0.00465742 ; 0.0120178 ; 101.489;
21 ; 18 ; 16 ; -0.0295012 ; 0.0170478 ; -0.00564214 ; 102.092;
4 ; 19 ; 16 ; -0.026334 ; 0.010553 ; -0.013349 ; 102.88;
5 ; 19 ; 16 ; 0.0124375 ; -0.00365712 ; 0.0214629 ; 100.272;
6 ; 19 ; 16 ; 0.00175345 ; 0.00305904 ; 0.0221732 ; 102.201;
7 ; 19 ; 16 ; 0.00911418 ; 0.0137967 ; -0.00475959 ; 102.268;
8 ; 19 ; 16 ; -0.0116987 ; 0.0041416 ; -0.0100997 ; 102.57;
9 ; 19 ; 16 ; 0.00104028 ; 0.0186392 ; 0.00215434 ; 101.824;
10 ; 19 ; 16 ; -0.0152159 ; -0.023295 ; 0.00550379 ; 101.822;
11 ; 19 ; 16 ; 0.00386724 ; -0.0361927 ; 0.0282392 ; 102.334;
12 ; 19 ; 16 ; 0.00457994 ; 0.034634 ; 0.00341728 ; 100.724;
13 ; 19 ; 16 ; -0.0188103 ; 0.0145237 ; 0.0140721 ; 103.051;
14 ; 19 ; 16 ; 0.0327267 ; -0.0331172 ; 0.0137995 ; 102.546;
15 ; 19 ; 16 ; -0.00947205 ; -0.0268831 ; -0.0437096 ; 101.808;
16 ; 19 ; 16 ; -0.00235445 ; 0.00626842 ; -0.0287115 ; 102.781;
17 ; 19 ; 16 ; -0.00470966 ; -0.0140782 ; 0.00650669 ; 102.561;
18 ; 19 ; 16 ; 0.0182564 ; -0.0173269 ; -0.0136335 ; 100.5;
19 ; 19 ; 16 ; 0.0225784 ; -0.0318017 ; 0.00246899 ; 102.787;
20 ; 19 ; 16 ; 0.00501327 ; 0.014253 ; -0.0117806 ; 102.153;
21 ; 19 ; 16 ; 0.0124724 ; 0.0307201 ; 0.011032 ; 101.837;
4 ; 20 ; 16 ; -0.00351191 ; 0.0222723 ; -0.00644945 ; 100.874;
5 ; 20 ; 16 ; 0.00523154 ; -0.00473746 ; -0.01031 ; 102.611;
6 ; 20 ; 16 ; -0.000697274 ; 0.0041795 ; 0.00290488 ; 102.167;
7 ; 20 ; 16 ; -0.00191444 ; 0.0161005 ; -0.011317 ; 101.804;
8 ; 20 ; 16 ; -0.00880311 ; 0.00683541 ; -0.00576229 ; 102.191;
9 ; 20 ; 16 ; -0.00834384 ; -0.021055 ; -0.0197624 ; 101.287;
10 ; 20 ; 16 ; -0.0132156 ; -0.0119158 ; -0.00642523 ; 101.558;
11 ; 20 ; 16 ; -0.00768944 ; -0.00486654 ; 0.012865 ; 101.685;
12 ; 20 ; 16 ; -0.000492419 ; 0.0315864 ; 0.00553254 ; 101.006;
13 ; 20 ; 16 ; -0.0017196 ; -0.0145709 ; 0.0300938 ; 102.429;
14 ; 20 ; 16 ; 0.0197569 ; -0.0225166 ; 0.0194984 ; 102.389;
15 ; 20 ; 16 ; -0.00454017 ; -0.0145907 ; -0.0169976 ; 102.108;
16 ; 20 ; 16 ; -0.00688304 ; 0.00159647 ; -0.0189256 ; 102.729;
17 ; 20 ; 16 ; 0.00837762 ; -0.0026721 ; -0.0170227 ; 100.662;
18 ; 20 ; 16 ; 0.00805314 ; -0.00810116 ; -0.0100827 ; 100.581;
19 ; 20 ; 16 ; -0.000212067 ; -0.0152234 ; 0.00365179 ; 102.028;
20 ; 20 ; 16 ; -0.00702252 ; 0.00561098 ; -0.00979594 ; 101.978;
21 ; 20 ; 16 ; -0.00188326 ; 0.00438669 ; -0.0235249 ; 101.304;
4 ; 21 ; 16 ; 0.0306323 ; 0.0164126 ; 0.0172487 ; 101.241;
5 ; 21 ; 16 ; 0.00687848 ; -0.00899719 ; 0.0146015 ; 102.632;
6 ; 21 ; 16 ; -0.000583039 ; -0.000342443 ; -0.00908006 ; 102.002;
7 ; 21 ; 16 ; -0.00747192 ; 0.00986981 ; -0.0123236 ; 101.245;
8 ; 21 ; 16 ; -0.0021942 ; 0.00974708 ; -0.000948482 ; 101.605;
9 ; 21 ; 16 ; 0.0399722 ; -0.0133826 ; -0.0270889 ; 101.276;
10 ; 21 ; 16 ; 0.0112161 ; -0.00531172 ; -0.0193969 ; 101.35;
11 ; 21 ; 16 ; -0.013589 ; 0.0121367 ; -0.00964771 ; 101.144;
12 ; 21 ; 16 ; -0.0108715 ; 0.00360074 ; -0.00288688 ; 101.257;
13 ; 21 ; 16 ; 0.0182886 ; 0.0336444 ; -0.0120034 ; 102.526;
14 ; 21 ; 16 ; 0.00686358 ; 0.000973871 ; 0.0108473 ; 101.907;
15 ; 21 ; 16 ; 0.000448635 ; 0.00320932 ; 0.00323571 ; 101.815;
16 ; 21 ; 16 ; -0.00428655 ; 0.0057835 ; -0.0147636 ; 102.387;
17 ; 21 ; 16 ; -0.00901537 ; -0.0337712 ; 0.00764017 ; 102.696;
18 ; 21 ; 16 ; -0.00395795 ; -0.00665764 ; 0.00115746 ; 101.01;
19 ; 21 ; 16 ; -0.00952597 ; 0.00140784 ; 0.00810445 ; 100.952;
20 ; 21 ; 16 ; -0.00496901 ; -0.00859973 ; 0.00221579 ; 101.779;
21 ; 21 ; 16 ; 0.0162551 ; 0.00733347 ; 0.0163411 ; 103.15;
4 ; 4 ; 17 ; -0.0226641 ; 0.000136961 ; 0.0058426 ; 101.975;
5 ; 4 ; 17 ; 0.0121675 ; 0.00696513 ; -0.0105077 ; 101.601;
6 ; 4 ; 17 ; 0.00330912 ; 0.00191598 ; 0.00155565 ; 101.38;
7 ; 4 ; 17 ; -0.00135669 ; -0.00699798 ; 0.00105928 ; 101.346;
8 ; 4 ; 17 ; -0.0041094 ; -0.0331139 ; -0.00252284 ; 101.626;
9 ; 4 ; 17 ; -0.00281983 ; 0.00449787 ; 0.00718689 ; 101.706;
10 ; 4 ; 17 ; -0.00430802 ; 0.0194255 ; 0.00701229 ; 101.985;
11 ; 4 ; 17 ; -0.00910251 ; -0.00112165 ; -0.0128231 ; 102.348;
12 ; 4 ; 17 ; -0.00295461 ; -0.024732 ; -0.0390208 ; 102.398;
13 ; 4 ; 17 ; -0.00573524 ; -0.00324716 ; -0.00583392 ; 102.102;
14 ; 4 ; 17 ; 0.00262073 ; 0.0153486 ; -0.00303853 ; 101.928;
15 ; 4 ; 17 ; 0.00717217 ; 0.0174001 ; 0.00945646 ; 101.806;
16 ; 4 ; 17 ; 0.017906 ; 0.0126624 ; 0.0244109 ; 101.081;
17 ; 4 ; 17 ; 0.00751394 ; 0.00903181 ; -0.00610005 ; 101.718;
18 ; 4 ; 17 ; -0.0032182 ; 0.00491072 ; -0.0187597 ; 101.856;
19 ; 4 ; 17 ; -0.00337217 ; -0.00741029 ; -0.00673206 ; 101.459;
20 ; 4 ; 17 ; 0.0186033 ; 0.0171778 ; -0.0027729 ; 101.734;
21 ; 4 ; 17 ; 0.0320445 ; -0.0138804 ; -0.0165023 ; 101.197;
4 ; 5 ; 17 ; -0.00824782 ; -0.000615053 ; 0.00401116 ; 102.036;
5 ; 5 ; 17 ; -0.00404638 ; 0.00522401 ; 0.00247193 ; 102.046;
6 ; 5 ; 17 ; 0.00902475 ; -0.00772425 ; -0.000502004 ; 101.637;
7 ; 5 ; 17 ; -0.00926514 ; -0.0115154 ; 0.0124756 ; 101.556;
8 ; 5 ; 17 ; -0.00250192 ; 0.00173417 ; -0.00288629 ; 101.254;
9 ; 5 ; 17 ; -0.000627645 ; -0.0140391 ; 0.0114894 ; 102.409;
10 ; 5 ; 17 ; -0.0137799 ; 0.0204499 ; -0.00206151 ; 102.081;
11 ; 5 ; 17 ; -0.0176747 ; -0.00240419 ; 0.000325792 ; 101.67;
12 ; 5 ; 17 ; -0.0173624 ; -0.0210451 ; -0.0194651 ; 102.416;
13 ; 5 ; 17 ; -0.0186412 ; -0.000587545 ; -0.00608656 ; 102.09;
14 ; 5 ; 17 ; 0.0136149 ; 0.0157585 ; 0.00583398 ; 101.888;
15 ; 5 ; 17 ; 0.0275909 ; 0.0050638 ; 0.0139661 ; 101.633;
16 ; 5 ; 17 ; 0.0227398 ; 0.0142711 ; -0.00541925 ; 102.424;
17 ; 5 ; 17 ; 0.0132306 ; 0.0246969 ; 0.0073218 ; 101.293;
18 ; 5 ; 17 ; -0.0161391 ; 0.0244195 ; -0.0210163 ; 101.979;
19 ; 5 ; 17 ; -0.0197334 ; -0.0116146 ; -0.019649 ; 101.646;
20 ; 5 ; 17 ; -0.00183216 ; -0.0118961 ; 0.0141351 ; 100.701;
21 ; 5 ; 17 ; -0.00571265 ; -0.00924586 ; 0.0146668 ; 101.899;
4 ; 6 ; 17 ; -0.0255125 ; -0.000359648 ; 0.0462036 ; 102.936;
5 ; 6 ; 17 ; -0.0134352 ; 0.00686499 ; 0.016587 ; 102.247;
6 ; 6 ; 17 ; 0.00854379 ; -0.0152493 ; 0.000717264 ; 101.865;
7 ; 6 ; 17 ; -0.0203854 ; -0.0235434 ; 0.0257506 ; 101.868;
8 ; 6 ; 17 ; 0.0124026 ; -0.0521527 ; -0.0331791 ; 102.886;
9 ; 6 ; 17 ; -0.0134837 ; -0.0319353 ; 0.0149119 ; 102.783;
10 ; 6 ; 17 ; -0.0292808 ; 0.013956 ; -0.0140679 ; 102.242;
11 ; 6 ; 17 ; -0.0186204 ; -0.00515597 ; 0.00469555 ; 101.307;
12 ; 6 ; 17 ; -0.0231952 ; -0.018776 ; -0.0559465 ; 100.809;
13 ; 6 ; 17 ; -0.0276342 ; 0.00591064 ; -0.0111888 ; 102.036;
14 ; 6 ; 17 ; 0.0190753 ; 0.024915 ; 0.0161246 ; 101.548;
15 ; 6 ; 17 ; 0.0388587 ; -0.00179117 ; 0.0286666 ; 100.997;
16 ; 6 ; 17 ; 0.0498635 ; -0.0167431 ; 0.015387 ; 102.004;
17 ; 6 ; 17 ; 0.00842794 ; 0.0359395 ; 0.0125311 ; 101.444;
18 ; 6 ; 17 ; -0.0258708 ; 0.0361206 ; -0.0217616 ; 101.921;
19 ; 6 ; 17 ; -0.0213421 ; -0.0110136 ; -0.0303294 ; 101.866;
20 ; 6 ; 17 ; -0.0112467 ; -0.00453206 ; -0.0209213 ; 101.629;
21 ; 6 ; 17 ; -0.0201029 ; 0.000846447 ; 0.00414684 ; 101.256;
4 ; 7 ; 17 ; 0.0101432 ; 0.00892607 ; -0.0152364 ; 102.251;
5 ; 7 ; 17 ; 0.0111976 ; 0.0143221 ; 0.00132338 ; 101.692;
6 ; 7 ; 17 ; 0.0114772 ; 0.0163629 ; 0.00485229 ; 101.52;
7 ; 7 ; 17 ; 0.00423022 ; 0.00594312 ; 0.0114654 ; 101.936;
8 ; 7 ; 17 ; 0.0195442 ; -0.0189339 ; -0.0041883 ; 101.456;
9 ; 7 ; 17 ; -0.0154079 ; 0.00343066 ; -0.0130115 ; 101.05;
10 ; 7 ; 17 ; 0.00129424 ; -0.0124128 ; -0.0134086 ; 101.357;
11 ; 7 ; 17 ; 0.00861582 ; -0.0133949 ; -0.00525511 ; 101.569;
12 ; 7 ; 17 ; 0.015474 ; -0.0222253 ; 0.00747153 ; 101.726;
13 ; 7 ; 17 ; 0.00269193 ; 0.00865739 ; 0.00315284 ; 101.769;
14 ; 7 ; 17 ; 0.00182135 ; 0.00438365 ; -0.00999578 ; 102.015;
15 ; 7 ; 17 ; -0.00225398 ; 0.000670541 ; -0.011009 ; 101.582;
16 ; 7 ; 17 ; -0.00180481 ; 0.00971722 ; 0.00857336 ; 101.359;
17 ; 7 ; 17 ; -0.00844923 ; -0.00504877 ; -0.00159267 ; 102.232;
18 ; 7 ; 17 ; -0.025184 ; -0.00743966 ; 0.00632015 ; 102.113;
19 ; 7 ; 17 ; -0.0169321 ; -0.0134903 ; 0.00701218 ; 101.813;
20 ; 7 ; 17 ; -0.00248909 ; -0.0155031 ; -0.00455078 ; 101.193;
21 ; 7 ; 17 ; -0.0175353 ; -0.0118331 ; -0.0123957 ; 102.214;
4 ; 8 ; 17 ; 0.0128038 ; -0.0182956 ; 0.0029395 ; 100.65;
5 ; 8 ; 17 ; -0.00228799 ; 0.00738939 ; 0.00891557 ; 101.545;
6 ; 8 ; 17 ; -0.00660325 ; 0.0156567 ; 0.016646 ; 101.937;
7 ; 8 ; 17 ; -0.014531 ; 0.00991107 ; 0.00889511 ; 102.607;
8 ; 8 ; 17 ; -0.0191615 ; 0.00459041 ; 0.0319757 ; 103.43;
9 ; 8 ; 17 ; -0.0295907 ; 0.00198762 ; 0.00169247 ; 101.095;
10 ; 8 ; 17 ; -0.00939583 ; 0.0114869 ; -0.00817187 ; 101.337;
11 ; 8 ; 17 ; 0.00251933 ; 0.000120926 ; -0.0150066 ; 101.301;
12 ; 8 ; 17 ; 0.00361291 ; 0.00228067 ; -0.0204367 ; 101.652;
13 ; 8 ; 17 ; 0.00582338 ; 0.0244096 ; -0.00265089 ; 101.694;
14 ; 8 ; 17 ; 0.00578313 ; 0.0138664 ; -0.000639834 ; 102.074;
15 ; 8 ; 17 ; -0.0113378 ; 0.00585948 ; -0.00764558 ; 102.043;
16 ; 8 ; 17 ; -0.0128444 ; -0.00481274 ; -0.0199319 ; 101.376;
17 ; 8 ; 17 ; -0.00674937 ; -0.00219336 ; 0.00323444 ; 101.764;
18 ; 8 ; 17 ; -0.0142395 ; 0.0109286 ; 0.0156357 ; 101.499;
19 ; 8 ; 17 ; -0.00227306 ; -0.0162889 ; 0.0191388 ; 101.541;
20 ; 8 ; 17 ; -0.00300845 ; -0.0224389 ; 0.0252856 ; 100.847;
21 ; 8 ; 17 ; 0.043263 ; 0.00902569 ; -0.0206037 ; 101.017;
4 ; 9 ; 17 ; -0.0327678 ; 0.00873285 ; -0.0447818 ; 101.514;
5 ; 9 ; 17 ; 0.000886354 ; 0.0188659 ; 0.00825644 ; 101.273;
6 ; 9 ; 17 ; -0.0223066 ; 0.0124033 ; 0.00279045 ; 101.981;
7 ; 9 ; 17 ; -0.0162327 ; 0.00133211 ; -0.00831955 ; 102.198;
8 ; 9 ; 17 ; -0.0211521 ; -0.0158364 ; -0.0211087 ; 102.965;
9 ; 9 ; 17 ; -0.0143976 ; -0.011831 ; -0.010821 ; 101.25;
10 ; 9 ; 17 ; -0.000960272 ; 0.00200738 ; -1.03245e-05 ; 101.366;
11 ; 9 ; 17 ; 0.00223096 ; -0.0125791 ; -0.0150653 ; 100.999;
12 ; 9 ; 17 ; -0.00316287 ; -0.011661 ; -0.00328324 ; 100.447;
13 ; 9 ; 17 ; 0.00136897 ; 0.0109552 ; -0.0106123 ; 102.034;
14 ; 9 ; 17 ; 0.000251181 ; -0.00239339 ; -0.00727309 ; 102.237;
15 ; 9 ; 17 ; -0.0189831 ; 0.00316442 ; -0.00372909 ; 102.024;
16 ; 9 ; 17 ; -0.0378272 ; 0.0127093 ; -0.00935118 ; 102.155;
17 ; 9 ; 17 ; -0.0122606 ; 0.013458 ; -0.00612125 ; 101.811;
18 ; 9 ; 17 ; -0.00258729 ; 0.0195603 ; 0.00436113 ; 102.006;
19 ; 9 ; 17 ; 0.011886 ; -0.00631895 ; 0.000876919 ; 101.719;
20 ; 9 ; 17 ; 0.0173571 ; -0.0524534 ; 0.0172249 ; 101.524;
21 ; 9 ; 17 ; 0.00286505 ; -0.0089217 ; 0.0211286 ; 101.557;
4 ; 10 ; 17 ; -0.00630537 ; -0.0123887 ; -0.00376544 ; 101.083;
5 ; 10 ; 17 ; 0.00319606 ; 0.0237701 ; 0.0172311 ; 101.793;
6 ; 10 ; 17 ; -0.00776999 ; 0.0163425 ; -0.00116513 ; 101.709;
7 ; 10 ; 17 ; 0.0039536 ; -5.96829e-05 ; -0.0154523 ; 101.531;
8 ; 10 ; 17 ; 0.0151453 ; 0.00902021 ; -0.0076227 ; 102.193;
9 ; 10 ; 17 ; -0.00458055 ; -0.00384626 ; -0.00515843 ; 101.75;
10 ; 10 ; 17 ; 0.00152299 ; 0.00137166 ; 0.00043688 ; 101.958;
11 ; 10 ; 17 ; -0.0076259 ; -0.00647102 ; -0.000692619 ; 101.733;
12 ; 10 ; 17 ; -0.00666362 ; -0.0356935 ; -0.0426648 ; 100.918;
13 ; 10 ; 17 ; -0.0019821 ; -0.00202404 ; -0.00294141 ; 101.886;
14 ; 10 ; 17 ; 0.00266845 ; -0.0172594 ; -0.00965618 ; 101.77;
15 ; 10 ; 17 ; -0.00496012 ; -0.0090584 ; -0.0164428 ; 101.28;
16 ; 10 ; 17 ; -0.0334688 ; 0.0214616 ; 0.00214527 ; 101.629;
17 ; 10 ; 17 ; 0.00432571 ; 0.0199633 ; -0.0144102 ; 101.969;
18 ; 10 ; 17 ; 0.00532765 ; 0.00937284 ; -0.0109034 ; 102.518;
19 ; 10 ; 17 ; 0.00537866 ; -0.00378426 ; -0.0198569 ; 102.093;
20 ; 10 ; 17 ; 0.0210787 ; -0.00173672 ; -0.0198156 ; 101.294;
21 ; 10 ; 17 ; -0.00241348 ; -0.0137952 ; -0.0272331 ; 102.152;
4 ; 11 ; 17 ; 0.00916792 ; -0.00994255 ; -0.0177584 ; 101.197;
5 ; 11 ; 17 ; 0.0084888 ; 0.0195035 ; 0.0233771 ; 101.804;
6 ; 11 ; 17 ; 0.017023 ; 0.0213755 ; 0.00754717 ; 101.957;
7 ; 11 ; 17 ; 0.0117769 ; 0.00684723 ; -0.00840175 ; 102.05;
8 ; 11 ; 17 ; 0.0180093 ; -0.00715594 ; -0.0353852 ; 101.112;
9 ; 11 ; 17 ; 0.0111891 ; -0.0157556 ; 0.026858 ; 101.525;
10 ; 11 ; 17 ; -0.0199308 ; -0.004353 ; -0.0125867 ; 101.52;
11 ; 11 ; 17 ; -0.0172702 ; -0.00385219 ; 0.0074675 ; 101.083;
12 ; 11 ; 17 ; -0.0380704 ; 0.00462555 ; 0.0213717 ; 101.826;
13 ; 11 ; 17 ; -0.00968462 ; -0.00345381 ; 0.00162338 ; 101.967;
14 ; 11 ; 17 ; 0.00787082 ; -0.0139979 ; -0.00496287 ; 101.349;
15 ; 11 ; 17 ; -0.00478927 ; -0.0202466 ; -0.00269324 ; 100.876;
16 ; 11 ; 17 ; 0.0151601 ; -0.0276347 ; -0.0204716 ; 100.514;
17 ; 11 ; 17 ; 0.0121822 ; 0.0217156 ; -0.030964 ; 101.992;
18 ; 11 ; 17 ; 0.00302311 ; 0.000205794 ; 0.00479686 ; 101.477;
19 ; 11 ; 17 ; -0.00558953 ; 0.00406179 ; -0.00388679 ; 101.878;
20 ; 11 ; 17 ; 0.00281478 ; -0.005551 ; -0.0371375 ; 101.789;
21 ; 11 ; 17 ; -0.0247502 ; -0.0168373 ; 0.0144815 ; 101.553;
4 ; 12 ; 17 ; 0.00314737 ; 0.0182413 ; -0.0319586 ; 100.514;
5 ; 12 ; 17 ; 0.0218457 ; 0.0199917 ; 0.0265926 ; 101.49;
6 ; 12 ; 17 ; 0.0292252 ; 0.0209741 ; 0.0079885 ; 102.15;
7 ; 12 ; 17 ; 0.00916214 ; 0.0116027 ; -0.00122365 ; 102.589;
8 ; 12 ; 17 ; 0.00435917 ; 0.00185119 ; 0.0221638 ; 102.129;
9 ; 12 ; 17 ; 0.0271224 ; -0.0334047 ; 0.044783 ; 100.99;
10 ; 12 ; 17 ; -0.0305481 ; -0.0136588 ; -0.0216122 ; 100.758;
11 ; 12 ; 17 ; -0.01644 ; -0.0110707 ; 0.00264043 ; 100.044;
12 ; 12 ; 17 ; -0.00151389 ; -0.0266568 ; 0.00494784 ; 101.727;
13 ; 12 ; 17 ; -0.0240559 ; -0.00330751 ; 0.00471421 ; 102.48;
14 ; 12 ; 17 ; 0.00576194 ; -0.0104652 ; -0.00479811 ; 101.468;
15 ; 12 ; 17 ; -0.0141974 ; -0.0253227 ; 0.011907 ; 100.889;
16 ; 12 ; 17 ; 0.00557191 ; -0.0389728 ; -0.0123112 ; 101.659;
17 ; 12 ; 17 ; 0.00843426 ; 0.0209022 ; -0.0412105 ; 102.182;
18 ; 12 ; 17 ; -0.00439107 ; -0.00397238 ; 0.0215667 ; 100.732;
19 ; 12 ; 17 ; -0.0109251 ; 0.0151998 ; 0.0117486 ; 101.657;
20 ; 12 ; 17 ; -0.0367409 ; -0.0211207 ; -0.0239005 ; 101.871;
21 ; 12 ; 17 ; 0.0130719 ; -0.0104494 ; -0.0264767 ; 102.071;
4 ; 13 ; 17 ; -0.0627274 ; 0.00165149 ; -0.0389803 ; 102.251;
5 ; 13 ; 17 ; 0.00450998 ; -0.00434597 ; -0.0092477 ; 101.997;
6 ; 13 ; 17 ; -0.00930857 ; -0.00327116 ; -0.00420583 ; 101.677;
7 ; 13 ; 17 ; -0.0230996 ; 0.0048071 ; 0.00145771 ; 101.285;
8 ; 13 ; 17 ; -0.0228112 ; -0.00127554 ; 0.00166565 ; 101.343;
9 ; 13 ; 17 ; -0.00120339 ; 0.0153135 ; -0.0041674 ; 101.287;
10 ; 13 ; 17 ; -0.0120037 ; 0.0125237 ; -0.00175402 ; 101.495;
11 ; 13 ; 17 ; -0.00291981 ; 0.00810323 ; -0.00261272 ; 101.793;
12 ; 13 ; 17 ; 0.020997 ; 0.033889 ; -0.00177587 ; 101.619;
13 ; 13 ; 17 ; -0.00112555 ; -0.00465999 ; -0.0164796 ; 101.581;
14 ; 13 ; 17 ; 0.00140512 ; -0.0111843 ; -0.0136601 ; 101.281;
15 ; 13 ; 17 ; -0.000324802 ; -0.0158028 ; -0.00962483 ; 101.298;
16 ; 13 ; 17 ; -0.00703812 ; -0.0326965 ; -0.00514694 ; 102.237;
17 ; 13 ; 17 ; -0.0152437 ; -0.00235282 ; -0.0230917 ; 101.654;
18 ; 13 ; 17 ; -0.00914403 ; -0.00403431 ; -0.00803944 ; 101.885;
19 ; 13 ; 17 ; -0.00396723 ; 0.00398395 ; -0.00147632 ; 102.024;
20 ; 13 ; 17 ; -0.00140481 ; 0.00603794 ; -0.0141186 ; 101.291;
21 ; 13 ; 17 ; 0.0195957 ; -0.00971838 ; -0.0171886 ; 101.882;
4 ; 14 ; 17 ; 0.0295594 ; -0.0138174 ; -0.00182308 ; 100.7;
5 ; 14 ; 17 ; -0.00395857 ; -0.00545383 ; 0.00409102 ; 101.669;
6 ; 14 ; 17 ; -0.00474217 ; 0.013061 ; 0.0102614 ; 101.337;
7 ; 14 ; 17 ; -0.00414427 ; 0.0253836 ; 0.0179281 ; 101.405;
8 ; 14 ; 17 ; -0.029684 ; 0.0329158 ; 0.00190078 ; 101.159;
9 ; 14 ; 17 ; 0.00495272 ; 0.00249071 ; 0.00705983 ; 101.675;
10 ; 14 ; 17 ; 0.00401714 ; 0.0136322 ; 0.00383987 ; 101.918;
11 ; 14 ; 17 ; 0.00350283 ; 0.00634229 ; 0.00118309 ; 101.528;
12 ; 14 ; 17 ; -0.00987716 ; -0.00542549 ; -0.00767148 ; 101.529;
13 ; 14 ; 17 ; 0.00667246 ; -0.0044685 ; 0.000562444 ; 102.065;
14 ; 14 ; 17 ; 0.0101137 ; 0.00556029 ; -0.00571351 ; 101.944;
15 ; 14 ; 17 ; -0.00405182 ; -0.000353444 ; -0.00196823 ; 101.67;
16 ; 14 ; 17 ; 0.00545614 ; 0.000200649 ; -0.00376154 ; 100.342;
17 ; 14 ; 17 ; -0.00901999 ; -0.00447777 ; -0.0254914 ; 102.012;
18 ; 14 ; 17 ; -0.0189687 ; -0.0119 ; -0.0163091 ; 102.069;
19 ; 14 ; 17 ; -0.0215257 ; -0.00884259 ; -0.0084069 ; 102.053;
20 ; 14 ; 17 ; 0.000467295 ; 0.0088868 ; 0.00383633 ; 102.508;
21 ; 14 ; 17 ; 0.0184225 ; 0.00846088 ; 5.12256e-05 ; 101;
4 ; 15 ; 17 ; 0.00566152 ; -0.000422311 ; 0.00566546 ; 101.959;
5 ; 15 ; 17 ; -0.0106417 ; -0.00407246 ; 0.00585619 ; 101.597;
6 ; 15 ; 17 ; -0.00298562 ; 0.00830981 ; 0.0138478 ; 100.926;
7 ; 15 ; 17 ; 0.00682962 ; 0.0249334 ; 0.0237542 ; 101.201;
8 ; 15 ; 17 ; 0.0173873 ; 0.0414472 ; 0.0262778 ; 101.472;
9 ; 15 ; 17 ; 0.00078805 ; -0.008605 ; 0.00831555 ; 101.93;
10 ; 15 ; 17 ; -0.00126163 ; 0.00120068 ; 0.00624782 ; 102.004;
11 ; 15 ; 17 ; -0.00226647 ; 0.000851894 ; 0.00093687 ; 101.317;
12 ; 15 ; 17 ; -0.010937 ; 0.00946291 ; 0.0027662 ; 100.419;
13 ; 15 ; 17 ; 0.00929204 ; -0.00966369 ; 0.0173176 ; 101.862;
14 ; 15 ; 17 ; 0.0124354 ; 0.0099737 ; 0.00941612 ; 102.165;
15 ; 15 ; 17 ; -0.000893785 ; 0.00816262 ; 0.0162653 ; 101.903;
16 ; 15 ; 17 ; -0.0287584 ; -0.00892716 ; 0.00905418 ; 102.373;
17 ; 15 ; 17 ; 0.00144591 ; -0.00405463 ; -0.0105481 ; 102.037;
18 ; 15 ; 17 ; -0.0223535 ; -0.00244834 ; -0.0181458 ; 102.003;
19 ; 15 ; 17 ; -0.0301437 ; -0.00791785 ; -0.0109923 ; 101.73;
20 ; 15 ; 17 ; -0.0333641 ; -0.00722321 ; -0.00984557 ; 101.668;
21 ; 15 ; 17 ; -0.00310627 ; 0.0170855 ; 0.0272035 ; 102.056;
4 ; 16 ; 17 ; -0.000887049 ; -0.0354126 ; -0.0106698 ; 102.401;
5 ; 16 ; 17 ; -0.00760535 ; 0.000253882 ; -0.000499689 ; 101.359;
6 ; 16 ; 17 ; -0.00225361 ; 0.0024396 ; -0.00664471 ; 101.123;
7 ; 16 ; 17 ; -0.00492108 ; 0.0114463 ; 0.00959032 ; 101.195;
8 ; 16 ; 17 ; 0.0147679 ; 0.0303878 ; 0.0260279 ; 101.806;
9 ; 16 ; 17 ; -0.00871013 ; -0.00813683 ; -0.00914517 ; 101.155;
10 ; 16 ; 17 ; -0.00823636 ; -0.0149412 ; 0.000922648 ; 101.585;
11 ; 16 ; 17 ; 0.000703373 ; -0.00421815 ; 0.00472021 ; 101.773;
12 ; 16 ; 17 ; -0.0126709 ; -0.00417121 ; -0.0172469 ; 101.398;
13 ; 16 ; 17 ; 0.000211001 ; 0.00111059 ; 0.0172597 ; 101.525;
14 ; 16 ; 17 ; 0.00594368 ; 0.00633264 ; 0.0112329 ; 102.059;
15 ; 16 ; 17 ; 0.00263671 ; -0.000731848 ; 0.00476468 ; 101.581;
16 ; 16 ; 17 ; 0.00239588 ; 0.011012 ; 0.0284683 ; 100.903;
17 ; 16 ; 17 ; 0.00884885 ; -0.00725558 ; -0.00199724 ; 101.916;
18 ; 16 ; 17 ; -0.00399276 ; 0.00350787 ; -0.0123003 ; 102.116;
19 ; 16 ; 17 ; -0.01335 ; -0.00129843 ; -0.0111587 ; 101.71;
20 ; 16 ; 17 ; -0.020629 ; -0.00982975 ; -0.00181783 ; 101.382;
21 ; 16 ; 17 ; -0.0175204 ; -0.0176976 ; 0.0180595 ; 101.871;
4 ; 17 ; 17 ; 0.0144144 ; 0.00175149 ; -0.00185427 ; 102.826;
5 ; 17 ; 17 ; -0.00347578 ; 0.0105622 ; 0.0190661 ; 101.554;
6 ; 17 ; 17 ; 0.00587921 ; -0.011089 ; -0.0296666 ; 101.663;
7 ; 17 ; 17 ; -0.0014666 ; 0.0190548 ; -0.0127089 ; 101.152;
8 ; 17 ; 17 ; -0.0174298 ; 0.00622953 ; 0.00522368 ; 101.297;
9 ; 17 ; 17 ; 0.00379374 ; -0.000374403 ; -0.00754939 ; 101.356;
10 ; 17 ; 17 ; -0.00100909 ; -0.00243159 ; 0.0093458 ; 101.783;
11 ; 17 ; 17 ; 0.0119985 ; -0.00232302 ; 0.00477456 ; 102.355;
12 ; 17 ; 17 ; 0.0165901 ; 0.0236385 ; -0.010121 ; 102.366;
13 ; 17 ; 17 ; -0.00662916 ; 0.000377545 ; 0.0242934 ; 101.399;
14 ; 17 ; 17 ; 0.00204928 ; 0.00539041 ; 0.0189362 ; 102.17;
15 ; 17 ; 17 ; -0.00819261 ; -0.000878593 ; -0.0144358 ; 101.302;
16 ; 17 ; 17 ; -3.24443e-05 ; -0.0120961 ; -0.0245253 ; 100.602;
17 ; 17 ; 17 ; -0.000280715 ; -0.00155183 ; -0.0131919 ; 100.942;
18 ; 17 ; 17 ; 0.00740334 ; 0.00304841 ; 0.00194918 ; 102.362;
19 ; 17 ; 17 ; -0.0273579 ; 0.00520968 ; -0.0291728 ; 101.765;
20 ; 17 ; 17 ; 0.00369167 ; -0.00345442 ; -0.0271407 ; 101.741;
21 ; 17 ; 17 ; 0.00510788 ; -0.012325 ; 0.00393565 ; 101.093;
4 ; 18 ; 17 ; -0.0079449 ; 0.0166364 ; -0.00132503 ; 101.059;
5 ; 18 ; 17 ; 0.00120812 ; 0.0166229 ; 0.0371969 ; 101.769;
6 ; 18 ; 17 ; 0.0120984 ; -0.0258125 ; -0.0416585 ; 101.617;
7 ; 18 ; 17 ; 0.007451 ; 0.0290357 ; -0.0241905 ; 100.845;
8 ; 18 ; 17 ; -0.0364556 ; -0.00908446 ; -0.0124107 ; 103.077;
9 ; 18 ; 17 ; 0.0173907 ; 0.00571765 ; 0.0035647 ; 101.909;
10 ; 18 ; 17 ; 0.00348526 ; 0.0149209 ; 0.0198131 ; 102.018;
11 ; 18 ; 17 ; 0.01374 ; -0.0017521 ; 0.000609024 ; 102.507;
12 ; 18 ; 17 ; 0.0070887 ; 0.0365717 ; -0.0080729 ; 102.281;
13 ; 18 ; 17 ; -0.00289701 ; -0.00890204 ; 0.0332911 ; 101.161;
14 ; 18 ; 17 ; 0.00289415 ; 0.0022452 ; 0.028456 ; 102.101;
15 ; 18 ; 17 ; -0.0170547 ; 0.00483261 ; -0.0149133 ; 101.006;
16 ; 18 ; 17 ; -0.043394 ; -0.00864066 ; -0.0215763 ; 101.722;
17 ; 18 ; 17 ; -0.00341074 ; 0.00735607 ; -0.0198257 ; 100.171;
18 ; 18 ; 17 ; 0.0094782 ; 0.01079 ; 0.0099158 ; 102.434;
19 ; 18 ; 17 ; -0.0471329 ; 0.0126179 ; -0.0413294 ; 101.787;
20 ; 18 ; 17 ; -0.0163784 ; -0.00173545 ; -0.0299114 ; 103.501;
21 ; 18 ; 17 ; 1.23865e-05 ; 0.00691383 ; -0.0162781 ; 102.159;
4 ; 19 ; 17 ; 0.0300943 ; -0.0114078 ; -0.0187614 ; 101.075;
5 ; 19 ; 17 ; 0.00200452 ; -0.00139172 ; 0.0021726 ; 102.063;
6 ; 19 ; 17 ; 0.0132734 ; -0.00555245 ; -0.0058991 ; 102.013;
7 ; 19 ; 17 ; 0.0116869 ; -0.0196051 ; -0.0146614 ; 101.789;
8 ; 19 ; 17 ; -0.0133717 ; -0.039265 ; -0.00483539 ; 100.996;
9 ; 19 ; 17 ; 0.0189238 ; -0.0120708 ; 0.000248574 ; 101.587;
10 ; 19 ; 17 ; 0.0133734 ; -0.0105491 ; 0.00145359 ; 101.833;
11 ; 19 ; 17 ; -0.0100914 ; -0.00632567 ; 0.00197131 ; 101.664;
12 ; 19 ; 17 ; -0.0515994 ; -0.0161156 ; -0.0102857 ; 100.635;
13 ; 19 ; 17 ; 0.00254569 ; -0.00578961 ; 0.00733086 ; 101.117;
14 ; 19 ; 17 ; 0.00657998 ; -0.016451 ; -0.0098487 ; 101.276;
15 ; 19 ; 17 ; 0.00577954 ; -0.00951667 ; -0.0062588 ; 101.878;
16 ; 19 ; 17 ; 0.00484255 ; 0.0158137 ; 0.0123933 ; 101.709;
17 ; 19 ; 17 ; -0.00348523 ; -0.0033072 ; -0.0273511 ; 101.962;
18 ; 19 ; 17 ; -0.026279 ; -0.0177098 ; -0.0153415 ; 101.877;
19 ; 19 ; 17 ; -0.00206734 ; -0.0203658 ; -0.0116641 ; 101.553;
20 ; 19 ; 17 ; 0.00430561 ; -0.0268484 ; -0.0242952 ; 101.656;
21 ; 19 ; 17 ; -0.0218974 ; -0.0139405 ; 0.00791964 ; 102.571;
4 ; 20 ; 17 ; -0.0230411 ; -0.0266249 ; 0.0219069 ; 100.926;
5 ; 20 ; 17 ; -0.013446 ; -0.0220873 ; 0.00758408 ; 102.377;
6 ; 20 ; 17 ; 0.0150673 ; -0.0139925 ; -0.0183125 ; 101.228;
7 ; 20 ; 17 ; 0.0142369 ; -0.00332228 ; 0.00853035 ; 102.37;
8 ; 20 ; 17 ; 0.0157059 ; -0.00472393 ; -0.0237633 ; 102.332;
9 ; 20 ; 17 ; 0.0225626 ; -0.0141818 ; 0.0299684 ; 101.427;
10 ; 20 ; 17 ; 0.0223376 ; -0.000915902 ; 0.0259242 ; 102.372;
11 ; 20 ; 17 ; 0.00757345 ; -0.00114526 ; 0.00624823 ; 101.654;
12 ; 20 ; 17 ; -0.0103872 ; 0.0117835 ; 0.0340008 ; 101.426;
13 ; 20 ; 17 ; 0.0160396 ; -0.0126823 ; 0.0115882 ; 101.652;
14 ; 20 ; 17 ; 0.00341817 ; -0.0238351 ; 0.0089439 ; 101.757;
15 ; 20 ; 17 ; -0.0169278 ; -0.011951 ; -0.00344678 ; 102.367;
16 ; 20 ; 17 ; 0.005613 ; -0.013901 ; -0.0121264 ; 102.661;
17 ; 20 ; 17 ; -0.000180287 ; -0.0109564 ; -0.0116136 ; 102.237;
18 ; 20 ; 17 ; -0.0107241 ; -0.0277821 ; -0.001439 ; 102.096;
19 ; 20 ; 17 ; 0.00929898 ; -0.0105561 ; 0.00345504 ; 101.516;
20 ; 20 ; 17 ; 0.0399511 ; -0.0156153 ; -0.0116343 ; 101.134;
21 ; 20 ; 17 ; 0.0215829 ; 0.00787725 ; 0.0392504 ; 102.341;
4 ; 21 ; 17 ; 0.0125199 ; -0.0157382 ; 0.0203636 ; 100.244;
5 ; 21 ; 17 ; -0.0205856 ; -0.0370934 ; 0.0171362 ; 102.505;
6 ; 21 ; 17 ; 0.00819497 ; -0.00182918 ; -0.0294002 ; 100.228;
7 ; 21 ; 17 ; 0.00520232 ; 0.0158776 ; 0.029808 ; 102.475;
8 ; 21 ; 17 ; 0.029838 ; 0.0138399 ; 0.0487571 ; 100.599;
9 ; 21 ; 17 ; 0.0141432 ; -0.00838215 ; 0.0535451 ; 101.366;
10 ; 21 ; 17 ; 0.014663 ; 0.00848545 ; 0.0466423 ; 102.869;
11 ; 21 ; 17 ; 0.00891835 ; -0.0019868 ; -0.000197729 ; 101.332;
12 ; 21 ; 17 ; 0.0149781 ; -0.00976978 ; -0.0166807 ; 101.648;
13 ; 21 ; 17 ; 0.0167976 ; -0.0099105 ; 0.0155268 ; 102.021;
14 ; 21 ; 17 ; -0.00451032 ; -0.0197155 ; 0.0228157 ; 101.882;
15 ; 21 ; 17 ; -0.0365591 ; -0.00570059 ; -0.000967278 ; 102.367;
16 ; 21 ; 17 ; 0.0228447 ; 0.000187409 ; 0.0140434 ; 101.333;
17 ; 21 ; 17 ; -0.00528233 ; -0.0138965 ; 6.00429e-06 ; 102.565;
18 ; 21 ; 17 ; -0.00688344 ; -0.0414735 ; 0.00668916 ; 101.903;
19 ; 21 ; 17 ; 0.00783921 ; -0.0110284 ; 0.0117406 ; 101.278;
20 ; 21 ; 17 ; 0.00553617 ; 0.0401792 ; 0.0268269 ; 101.129;
21 ; 21 ; 17 ; 0.00425823 ; 0.0230098 ; 0.0334776 ; 101.841;
4 ; 4 ; 18 ; 0.00709717 ; 0.0392009 ; -0.00058465 ; 101.057;
5 ; 4 ; 18 ; -0.00577477 ; -0.0028361 ; 0.00547971 ; 101.405;
6 ; 4 ; 18 ; 0.00968316 ; 0.00672862 ; 7.27292e-05 ; 101.604;
7 ; 4 ; 18 ; 0.0135614 ; 0.00261472 ; -0.00216927 ; 101.932;
8 ; 4 ; 18 ; -0.000310395 ; -0.0187956 ; 0.000207076 ; 102.802;
9 ; 4 ; 18 ; 0.00441616 ; 0.0152425 ; -0.00778111 ; 101.434;
10 ; 4 ; 18 ; 0.00967148 ; 0.0201021 ; -0.00619201 ; 101.681;
11 ; 4 ; 18 ; -0.00042288 ; 0.00740691 ; 0.000787908 ; 101.727;
12 ; 4 ; 18 ; -0.0101466 ; -0.014187 ; -0.0103656 ; 101.804;
13 ; 4 ; 18 ; 0.00662598 ; 0.00249551 ; 0.011126 ; 102.365;
14 ; 4 ; 18 ; 0.00330437 ; -0.00208915 ; 0.00939722 ; 102.172;
15 ; 4 ; 18 ; -0.00948171 ; -0.00438574 ; -0.00252547 ; 102.134;
16 ; 4 ; 18 ; 0.0109421 ; -0.00681906 ; 0.0137934 ; 101.685;
17 ; 4 ; 18 ; 0.00568876 ; 0.00658234 ; 0.00288166 ; 101.685;
18 ; 4 ; 18 ; 0.0068845 ; -0.00959209 ; -0.000130454 ; 101.729;
19 ; 4 ; 18 ; 0.00387849 ; -0.0129388 ; -0.0122565 ; 101.943;
20 ; 4 ; 18 ; 0.0237222 ; -0.00691002 ; -0.0259062 ; 101.617;
21 ; 4 ; 18 ; 0.00616989 ; 0.00428772 ; 0.0293602 ; 101.956;
4 ; 5 ; 18 ; -0.0073512 ; 0.0354985 ; -0.00091781 ; 100.441;
5 ; 5 ; 18 ; -0.00360326 ; 0.000119811 ; 0.0183119 ; 101.964;
6 ; 5 ; 18 ; 0.00386857 ; 0.00553929 ; 0.0049818 ; 101.672;
7 ; 5 ; 18 ; 0.00660008 ; 0.00454644 ; -0.00103197 ; 101.788;
8 ; 5 ; 18 ; 0.00747139 ; -0.00649482 ; -0.00126473 ; 102.062;
9 ; 5 ; 18 ; 0.0090954 ; -0.014698 ; 0.000523934 ; 101.554;
10 ; 5 ; 18 ; 0.00823943 ; 0.00471391 ; -0.0013158 ; 101.5;
11 ; 5 ; 18 ; -0.00294822 ; 0.00238514 ; 0.00490408 ; 101.569;
12 ; 5 ; 18 ; -0.0100873 ; -0.00883938 ; 0.00562241 ; 101.634;
13 ; 5 ; 18 ; 0.00629092 ; -0.0203973 ; -0.0202602 ; 102.457;
14 ; 5 ; 18 ; -0.00161036 ; -0.00865814 ; 0.00305812 ; 102.08;
15 ; 5 ; 18 ; -0.0145254 ; -0.0088483 ; 0.00257467 ; 101.936;
16 ; 5 ; 18 ; -0.00539465 ; -0.00519497 ; -0.00322495 ; 102.106;
17 ; 5 ; 18 ; -0.00501125 ; 0.0136673 ; 0.0163791 ; 101.699;
18 ; 5 ; 18 ; -0.000796299 ; 6.32187e-05 ; 0.00665264 ; 101.7;
19 ; 5 ; 18 ; 0.00308436 ; -0.00599242 ; -0.00379716 ; 101.874;
20 ; 5 ; 18 ; 0.00982515 ; -0.00914744 ; -0.0190956 ; 101.867;
21 ; 5 ; 18 ; 0.0145772 ; -0.0119354 ; 0.00619124 ; 101.281;
4 ; 6 ; 18 ; 0.00755105 ; -0.0201626 ; 0.0158598 ; 101.767;
5 ; 6 ; 18 ; -0.00355624 ; 0.00253881 ; 0.0245557 ; 102.556;
6 ; 6 ; 18 ; -0.00138247 ; 0.00453446 ; 0.0104408 ; 101.616;
7 ; 6 ; 18 ; 0.00168295 ; 0.00894829 ; 0.00079805 ; 101.483;
8 ; 6 ; 18 ; 0.00600793 ; 0.00308466 ; -0.0014206 ; 101.701;
9 ; 6 ; 18 ; 0.0130498 ; -0.0289187 ; 0.0122035 ; 101.519;
10 ; 6 ; 18 ; 0.00432522 ; -0.00838113 ; 0.00110299 ; 101.28;
11 ; 6 ; 18 ; -0.00701109 ; -0.000492934 ; 0.0105715 ; 101.337;
12 ; 6 ; 18 ; -0.00996407 ; 0.00345639 ; 0.0120673 ; 101.727;
13 ; 6 ; 18 ; 0.0108859 ; -0.0303263 ; -0.0306079 ; 102.298;
14 ; 6 ; 18 ; -0.00982767 ; -0.0148017 ; -0.00799636 ; 102.191;
15 ; 6 ; 18 ; -0.0227863 ; -0.0111584 ; 0.000393092 ; 101.951;
16 ; 6 ; 18 ; -0.0112379 ; -0.00442397 ; -0.0137854 ; 102.309;
17 ; 6 ; 18 ; -0.0101697 ; 0.0168122 ; 0.0321116 ; 101.238;
18 ; 6 ; 18 ; -0.00807626 ; 0.0103226 ; 0.00935177 ; 101.901;
19 ; 6 ; 18 ; -0.000729899 ; 0.000343225 ; 0.0023167 ; 101.935;
20 ; 6 ; 18 ; 0.0164073 ; -0.00972487 ; 0.00329782 ; 102.18;
21 ; 6 ; 18 ; -0.0428996 ; 0.00018951 ; -0.0106738 ; 103.352;
4 ; 7 ; 18 ; -0.00751722 ; -0.00808397 ; -0.000785975 ; 101.416;
5 ; 7 ; 18 ; -0.00068205 ; 0.00365646 ; -0.0055842 ; 101.175;
6 ; 7 ; 18 ; 0.00593379 ; 0.00208895 ; 0.000113413 ; 101.947;
7 ; 7 ; 18 ; 0.0142237 ; -0.0181279 ; 0.0215943 ; 101.821;
8 ; 7 ; 18 ; 0.0246693 ; -0.0486779 ; 0.0329917 ; 101.143;
9 ; 7 ; 18 ; 0.00902045 ; -0.0112875 ; 0.00767866 ; 101.797;
10 ; 7 ; 18 ; 0.0134552 ; -0.00700558 ; -0.00219335 ; 101.771;
11 ; 7 ; 18 ; 0.00862501 ; 0.00456031 ; -0.00856507 ; 101.571;
12 ; 7 ; 18 ; -0.0316676 ; -0.00343874 ; -0.00339814 ; 101.019;
13 ; 7 ; 18 ; 0.028508 ; -0.021431 ; -0.0102365 ; 101.615;
14 ; 7 ; 18 ; 0.0235249 ; -0.00835896 ; -0.0035894 ; 101.854;
15 ; 7 ; 18 ; 0.00147329 ; 0.00234631 ; -0.00226393 ; 101.902;
16 ; 7 ; 18 ; -0.0361245 ; 0.0172352 ; 0.0116843 ; 101.244;
17 ; 7 ; 18 ; 0.00257273 ; -0.00654872 ; -0.000450365 ; 101.497;
18 ; 7 ; 18 ; 0.00430649 ; -0.00680844 ; 0.00194784 ; 101.748;
19 ; 7 ; 18 ; 0.00194973 ; -0.0072 ; 0.0099071 ; 101.67;
20 ; 7 ; 18 ; -0.0177077 ; 0.00732531 ; 0.00596278 ; 101.45;
21 ; 7 ; 18 ; 0.000621208 ; 0.0170789 ; -0.00962171 ; 100.956;
4 ; 8 ; 18 ; 0.00166644 ; 0.00952679 ; -0.0292778 ; 101.578;
5 ; 8 ; 18 ; -0.00127014 ; -0.0155963 ; -0.000971201 ; 101.739;
6 ; 8 ; 18 ; 0.00498442 ; -0.00692861 ; 0.00146756 ; 101.966;
7 ; 8 ; 18 ; 0.0112465 ; -0.0190203 ; 0.0165395 ; 101.869;
8 ; 8 ; 18 ; 0.019367 ; -0.0381824 ; 0.0287099 ; 101.422;
9 ; 8 ; 18 ; 0.0120754 ; -0.00621477 ; 0.00223444 ; 102.153;
10 ; 8 ; 18 ; 0.0143666 ; -0.00526724 ; -0.000690439 ; 101.956;
11 ; 8 ; 18 ; 0.0100838 ; 0.00469153 ; -0.00572206 ; 101.73;
12 ; 8 ; 18 ; -0.00469629 ; 0.00464256 ; -0.0101752 ; 101.219;
13 ; 8 ; 18 ; 0.000653691 ; -0.00756849 ; -0.00567362 ; 101.511;
14 ; 8 ; 18 ; 0.0124488 ; -0.00648068 ; -0.00376953 ; 101.815;
15 ; 8 ; 18 ; 0.00070625 ; 0.00166163 ; -0.00311676 ; 101.984;
16 ; 8 ; 18 ; -0.0136665 ; 0.0033149 ; 0.00236326 ; 101.714;
17 ; 8 ; 18 ; 0.00746482 ; 0.00881683 ; -0.0125054 ; 101.417;
18 ; 8 ; 18 ; 0.00286195 ; -0.000431778 ; 0.0020106 ; 101.837;
19 ; 8 ; 18 ; -0.00165945 ; -0.00359842 ; 0.0135492 ; 101.852;
20 ; 8 ; 18 ; -0.00145061 ; -0.00215146 ; 0.0162575 ; 101.579;
21 ; 8 ; 18 ; 0.0152709 ; 0.0136512 ; -0.00331295 ; 102.188;
4 ; 9 ; 18 ; 0.0352918 ; 0.0184938 ; -0.0294284 ; 101.092;
5 ; 9 ; 18 ; 0.00335331 ; -0.0217991 ; 0.0102223 ; 101.976;
6 ; 9 ; 18 ; -0.00194006 ; -0.0182064 ; 0.00488836 ; 101.845;
7 ; 9 ; 18 ; -0.00341503 ; -0.0152547 ; 0.00494446 ; 101.822;
8 ; 9 ; 18 ; 0.0108874 ; -0.0213132 ; 0.0142107 ; 101.846;
9 ; 9 ; 18 ; 0.0101825 ; -0.00203014 ; -0.0109425 ; 101.955;
10 ; 9 ; 18 ; 0.010112 ; -0.00232358 ; -0.00328613 ; 101.972;
11 ; 9 ; 18 ; 0.00943492 ; 0.00141139 ; -0.00448741 ; 101.853;
12 ; 9 ; 18 ; 0.0158566 ; 0.0125816 ; -0.00824399 ; 101.606;
13 ; 9 ; 18 ; -0.0143335 ; 0.00331032 ; -0.00576876 ; 102.069;
14 ; 9 ; 18 ; -0.00697239 ; -0.00154214 ; -0.0055691 ; 101.899;
15 ; 9 ; 18 ; -0.00646114 ; -0.00243203 ; -0.0071725 ; 102.111;
16 ; 9 ; 18 ; 0.00302679 ; -0.00383275 ; -0.0025281 ; 102.275;
17 ; 9 ; 18 ; -0.00716447 ; 0.0283379 ; -0.0192502 ; 102.057;
18 ; 9 ; 18 ; -0.0034385 ; 0.00844839 ; -0.00515 ; 101.876;
19 ; 9 ; 18 ; -0.00539099 ; -0.000644234 ; 0.00533292 ; 101.837;
20 ; 9 ; 18 ; -0.000481087 ; -0.00650241 ; 0.0268102 ; 102.11;
21 ; 9 ; 18 ; -0.00760821 ; -0.00703659 ; -0.000258668 ; 100.963;
4 ; 10 ; 18 ; 0.0423481 ; 0.0208038 ; 0.00283367 ; 101.403;
5 ; 10 ; 18 ; -0.00210648 ; -0.00531273 ; 0.0240683 ; 101.752;
6 ; 10 ; 18 ; -0.0058848 ; -0.0111433 ; 0.0104502 ; 101.81;
7 ; 10 ; 18 ; -0.0149673 ; -0.00111575 ; 0.00209348 ; 101.76;
8 ; 10 ; 18 ; -0.00949219 ; -0.00734869 ; -0.0108326 ; 101.745;
9 ; 10 ; 18 ; 0.00132475 ; -0.00782132 ; -0.0098983 ; 101.889;
10 ; 10 ; 18 ; 0.00513358 ; -0.00241723 ; -0.00615566 ; 101.997;
11 ; 10 ; 18 ; 0.00286264 ; -0.00298343 ; -0.00107257 ; 101.902;
12 ; 10 ; 18 ; 0.00181323 ; -4.577e-06 ; 0.00211335 ; 101.768;
13 ; 10 ; 18 ; 0.00512816 ; 0.0137199 ; -0.021121 ; 101.795;
14 ; 10 ; 18 ; -0.00859099 ; 0.00517796 ; -0.01239 ; 101.888;
15 ; 10 ; 18 ; -0.0108108 ; 0.000282799 ; -0.0136947 ; 102;
16 ; 10 ; 18 ; -0.0182711 ; -0.00243891 ; -0.00454351 ; 102.131;
17 ; 10 ; 18 ; -0.00923677 ; 0.01768 ; -0.0214046 ; 101.754;
18 ; 10 ; 18 ; -0.00728002 ; 0.0174292 ; -0.0172489 ; 101.938;
19 ; 10 ; 18 ; -0.00439793 ; 0.00215691 ; -0.0106665 ; 101.728;
20 ; 10 ; 18 ; -0.0119827 ; -0.00452095 ; -0.00194142 ; 101.998;
21 ; 10 ; 18 ; -0.00572874 ; 0.00185284 ; -0.00969279 ; 103.426;
4 ; 11 ; 18 ; 0.0148665 ; 0.0227433 ; 0.00886526 ; 101.295;
5 ; 11 ; 18 ; -0.00260615 ; 0.017356 ; 0.0248016 ; 102.511;
6 ; 11 ; 18 ; -0.00850523 ; 0.00857431 ; 0.0120164 ; 101.957;
7 ; 11 ; 18 ; -0.00864434 ; 0.0131371 ; 0.00213766 ; 101.817;
8 ; 11 ; 18 ; -0.0245135 ; 0.0144144 ; -0.00788819 ; 101.664;
9 ; 11 ; 18 ; 0.00372236 ; -0.0102008 ; 0.00422615 ; 101.997;
10 ; 11 ; 18 ; -0.00278385 ; -0.00440296 ; -0.0058478 ; 101.907;
11 ; 11 ; 18 ; -0.00313873 ; 0.000684549 ; -0.00100986 ; 101.831;
12 ; 11 ; 18 ; 0.00356955 ; -0.00401777 ; 0.00411631 ; 101.859;
13 ; 11 ; 18 ; 0.00128071 ; 0.0090309 ; -0.0240793 ; 101.951;
14 ; 11 ; 18 ; 0.00113673 ; 0.00464046 ; -0.0195529 ; 101.952;
15 ; 11 ; 18 ; -0.00112738 ; -0.00538324 ; -0.0174191 ; 102.086;
16 ; 11 ; 18 ; -0.0142443 ; -0.0051147 ; -0.0215195 ; 101.973;
17 ; 11 ; 18 ; 0.0143767 ; -0.000585758 ; -0.0294503 ; 101.739;
18 ; 11 ; 18 ; 0.00196333 ; 0.0112289 ; -0.0163227 ; 101.76;
19 ; 11 ; 18 ; -0.00202345 ; 0.00410218 ; -0.0115793 ; 101.704;
20 ; 11 ; 18 ; 0.00742854 ; -0.0101901 ; -0.0148749 ; 101.602;
21 ; 11 ; 18 ; -0.0162404 ; 0.027683 ; -0.0103285 ; 101.621;
4 ; 12 ; 18 ; 0.00460941 ; -0.0173392 ; -0.0078109 ; 101.99;
5 ; 12 ; 18 ; -0.00205894 ; 0.0296105 ; 0.0225123 ; 103.114;
6 ; 12 ; 18 ; -0.0063236 ; 0.0186532 ; 0.0116459 ; 102.157;
7 ; 12 ; 18 ; 0.00174931 ; 0.018264 ; 0.00365017 ; 101.933;
8 ; 12 ; 18 ; 0.00608396 ; 0.0107444 ; 0.00676766 ; 102.113;
9 ; 12 ; 18 ; 0.00375067 ; -0.00824775 ; 0.00687118 ; 101.707;
10 ; 12 ; 18 ; -0.00404946 ; -0.00571321 ; -0.00259759 ; 102.032;
11 ; 12 ; 18 ; -0.0054938 ; 0.00514589 ; 0.000978455 ; 101.872;
12 ; 12 ; 18 ; -0.00321902 ; 0.0170282 ; 0.00798688 ; 101.879;
13 ; 12 ; 18 ; -0.0104612 ; 0.00399313 ; -0.019688 ; 102.547;
14 ; 12 ; 18 ; 0.00743026 ; 0.00300134 ; -0.0226834 ; 101.915;
15 ; 12 ; 18 ; 0.00787382 ; -0.00693454 ; -0.0175613 ; 102.151;
16 ; 12 ; 18 ; 0.0100186 ; -0.00117007 ; -0.0149926 ; 102.376;
17 ; 12 ; 18 ; 0.0258798 ; -0.0127088 ; -0.0335627 ; 101.997;
18 ; 12 ; 18 ; 0.00997705 ; 0.00892701 ; -0.011486 ; 101.731;
19 ; 12 ; 18 ; -0.00246213 ; 0.00770704 ; -0.0038684 ; 101.888;
20 ; 12 ; 18 ; -0.00265334 ; -0.00187661 ; -0.00361157 ; 102.111;
21 ; 12 ; 18 ; 0.0275591 ; 0.0322191 ; -0.0417373 ; 101.67;
4 ; 13 ; 18 ; -0.0142255 ; 0.0219796 ; -0.0282304 ; 102.023;
5 ; 13 ; 18 ; 0.0149779 ; 0.0204836 ; 0.00794354 ; 102.101;
6 ; 13 ; 18 ; 0.0119769 ; 0.00491679 ; 0.017562 ; 101.967;
7 ; 13 ; 18 ; 0.0134186 ; -0.0112896 ; 0.0170651 ; 101.716;
8 ; 13 ; 18 ; 0.0460273 ; -0.0198951 ; 0.0185122 ; 101.313;
9 ; 13 ; 18 ; -0.00161793 ; 0.0134054 ; -0.00364762 ; 102.067;
10 ; 13 ; 18 ; -0.0100576 ; 0.0198666 ; -0.004911 ; 101.793;
11 ; 13 ; 18 ; -0.00422055 ; 0.00710458 ; 0.00216555 ; 101.668;
12 ; 13 ; 18 ; 0.0120347 ; 0.00743597 ; 0.0232595 ; 101.862;
13 ; 13 ; 18 ; 0.0238913 ; -0.0109358 ; -0.0185059 ; 101.442;
14 ; 13 ; 18 ; 0.0326476 ; -0.00385578 ; -0.0156619 ; 101.4;
15 ; 13 ; 18 ; 0.0143522 ; -0.00301895 ; -0.0148516 ; 101.847;
16 ; 13 ; 18 ; -0.0214878 ; -0.00297679 ; -0.0151793 ; 102.826;
17 ; 13 ; 18 ; -0.00643269 ; -0.00716235 ; -0.0278332 ; 101.555;
18 ; 13 ; 18 ; -0.00714458 ; -0.00933669 ; -0.0212373 ; 101.598;
19 ; 13 ; 18 ; 0.00431616 ; -0.0264343 ; -0.00739178 ; 101.622;
20 ; 13 ; 18 ; -0.00319092 ; -0.0236875 ; 0.0120542 ; 101.615;
21 ; 13 ; 18 ; 0.013934 ; 0.00961603 ; 0.0265177 ; 101.632;
4 ; 14 ; 18 ; 0.0132139 ; -0.0275763 ; -0.0187625 ; 101.434;
5 ; 14 ; 18 ; 0.0124445 ; -0.0133434 ; 0.00350117 ; 102.307;
6 ; 14 ; 18 ; 0.0100747 ; -0.00226043 ; 0.00862698 ; 102.021;
7 ; 14 ; 18 ; 0.0100711 ; -0.00872116 ; 0.0112322 ; 101.853;
8 ; 14 ; 18 ; 0.0235958 ; -0.019348 ; 0.0145233 ; 101.537;
9 ; 14 ; 18 ; -0.00307154 ; 0.0192576 ; -0.00448142 ; 102.108;
10 ; 14 ; 18 ; -0.0033073 ; 0.0153635 ; -0.00319201 ; 101.922;
11 ; 14 ; 18 ; 0.00299175 ; 0.00442281 ; 0.00167246 ; 101.896;
12 ; 14 ; 18 ; 0.00823353 ; 0.00410048 ; 0.0144199 ; 101.924;
13 ; 14 ; 18 ; 0.0148394 ; -0.0101482 ; -0.0128231 ; 101.392;
14 ; 14 ; 18 ; 0.0242707 ; -0.000801792 ; -0.0155461 ; 101.466;
15 ; 14 ; 18 ; 0.0109584 ; 0.00250695 ; -0.0147835 ; 101.774;
16 ; 14 ; 18 ; -0.00991295 ; -0.00701999 ; -0.0122215 ; 102.309;
17 ; 14 ; 18 ; 0.00568669 ; -0.0122383 ; -0.0132262 ; 101.679;
18 ; 14 ; 18 ; -0.00321323 ; -0.0118139 ; -0.0181728 ; 101.72;
19 ; 14 ; 18 ; -0.000559577 ; -0.028038 ; -0.0126586 ; 101.84;
20 ; 14 ; 18 ; 0.00740714 ; -0.0372699 ; -0.000373604 ; 101.573;
21 ; 14 ; 18 ; -0.0189533 ; -0.0328789 ; -0.00701178 ; 102.191;
4 ; 15 ; 18 ; 0.0489361 ; -0.0192053 ; -0.019671 ; 101.344;
5 ; 15 ; 18 ; 0.00734509 ; -0.0120063 ; -0.0224454 ; 101.852;
6 ; 15 ; 18 ; 0.0074743 ; -0.00948311 ; -0.00863803 ; 101.86;
7 ; 15 ; 18 ; 0.00749716 ; -0.0039378 ; -0.0038439 ; 101.821;
8 ; 15 ; 18 ; 0.00498165 ; -0.00367985 ; 0.00740431 ; 101.925;
9 ; 15 ; 18 ; -0.0103409 ; 0.00993578 ; 0.00229018 ; 102.111;
10 ; 15 ; 18 ; -0.00128977 ; 0.0139384 ; 0.00208943 ; 102.095;
11 ; 15 ; 18 ; 0.00782679 ; 0.00632856 ; 0.00452617 ; 102.167;
12 ; 15 ; 18 ; 0.00977638 ; -0.000679772 ; 0.00283053 ; 102.231;
13 ; 15 ; 18 ; 0.0147538 ; -0.0152254 ; -0.00217484 ; 101.969;
14 ; 15 ; 18 ; 0.0135455 ; 0.000316028 ; -0.0108015 ; 101.766;
15 ; 15 ; 18 ; 0.00730209 ; 0.00454888 ; -0.00869895 ; 101.732;
16 ; 15 ; 18 ; 0.00139409 ; 0.00335055 ; -0.0137036 ; 101.844;
17 ; 15 ; 18 ; -0.00014246 ; -0.0207376 ; 0.0141912 ; 101.454;
18 ; 15 ; 18 ; 0.00020442 ; -0.0197858 ; -0.00710744 ; 101.825;
19 ; 15 ; 18 ; -0.00304769 ; -0.026417 ; -0.0111692 ; 101.988;
20 ; 15 ; 18 ; -0.00218583 ; -0.0464781 ; -0.0212331 ; 101.902;
21 ; 15 ; 18 ; -0.0175788 ; -0.0147145 ; -0.0228907 ; 103.024;
4 ; 16 ; 18 ; 0.0116844 ; -0.0229307 ; 0.0229616 ; 101.606;
5 ; 16 ; 18 ; 0.00959897 ; -0.0012457 ; -0.00483618 ; 101.509;
6 ; 16 ; 18 ; 0.00522612 ; -0.00586054 ; -0.0126143 ; 101.684;
7 ; 16 ; 18 ; 0.00844295 ; 0.00198558 ; -0.00885784 ; 101.835;
8 ; 16 ; 18 ; 0.0194684 ; 0.0107502 ; -0.00518506 ; 101.785;
9 ; 16 ; 18 ; -0.0142135 ; 0.0129058 ; 0.0036708 ; 101.947;
10 ; 16 ; 18 ; -0.00683447 ; 0.00799378 ; 0.00326359 ; 102.133;
11 ; 16 ; 18 ; 0.00063283 ; 0.00588137 ; 0.0080942 ; 102.24;
12 ; 16 ; 18 ; 0.0129843 ; 0.00414924 ; 0.00882907 ; 102.308;
13 ; 16 ; 18 ; 0.000708225 ; -0.0118486 ; 0.0214838 ; 101.848;
14 ; 16 ; 18 ; 0.00309623 ; -0.00797284 ; 0.00404691 ; 101.915;
15 ; 16 ; 18 ; -0.00177284 ; -0.00164844 ; 0.00048314 ; 101.884;
16 ; 16 ; 18 ; 0.000390354 ; 0.0122213 ; -0.00468573 ; 101.776;
17 ; 16 ; 18 ; -0.00247219 ; -0.0231623 ; -0.00158767 ; 101.492;
18 ; 16 ; 18 ; 0.000724293 ; -0.0171577 ; 0.00161872 ; 101.666;
19 ; 16 ; 18 ; -0.000639672 ; -0.0100151 ; -0.00180077 ; 101.753;
20 ; 16 ; 18 ; -0.0139651 ; -0.0238194 ; -0.00808199 ; 102.175;
21 ; 16 ; 18 ; 0.0144351 ; -0.00511815 ; -0.0181807 ; 101.174;
4 ; 17 ; 18 ; 0.0154806 ; 0.00444095 ; 0.0153463 ; 101.617;
5 ; 17 ; 18 ; 0.00710674 ; -0.00223873 ; 0.0239616 ; 101.719;
6 ; 17 ; 18 ; -0.00131614 ; 0.0026295 ; 0.00404591 ; 101.66;
7 ; 17 ; 18 ; -0.00551112 ; 0.0149571 ; -0.00128233 ; 102.068;
8 ; 17 ; 18 ; 0.0122845 ; 0.00546534 ; -0.0047568 ; 102.006;
9 ; 17 ; 18 ; 0.0061522 ; -0.0107322 ; 0.00516912 ; 102.201;
10 ; 17 ; 18 ; -0.00361767 ; 0.00814717 ; 0.00390181 ; 102.29;
11 ; 17 ; 18 ; 0.00394312 ; 0.00838389 ; 0.0065565 ; 102.252;
12 ; 17 ; 18 ; 0.000674327 ; 0.00364197 ; 0.0124755 ; 102.381;
13 ; 17 ; 18 ; -0.0101642 ; 0.00981644 ; 0.0289021 ; 101.514;
14 ; 17 ; 18 ; -0.0081374 ; -0.00781533 ; 0.0161571 ; 101.825;
15 ; 17 ; 18 ; -0.0103638 ; -0.00759867 ; 0.00309997 ; 101.76;
16 ; 17 ; 18 ; -0.00574234 ; -0.00388256 ; -0.000107229 ; 101.84;
17 ; 17 ; 18 ; 0.0048686 ; -0.0191138 ; -0.0131478 ; 101.782;
18 ; 17 ; 18 ; 0.0024613 ; -0.0118281 ; -0.00484732 ; 101.581;
19 ; 17 ; 18 ; 0.00403551 ; 0.00454996 ; -0.00738322 ; 101.519;
20 ; 17 ; 18 ; 0.00424931 ; 0.00634788 ; 0.00543569 ; 101.72;
21 ; 17 ; 18 ; -0.0118358 ; -0.0138131 ; -0.00162207 ; 101.567;
4 ; 18 ; 18 ; -0.0120735 ; 0.0040729 ; -0.0121104 ; 101.077;
5 ; 18 ; 18 ; 0.00336365 ; -0.00235343 ; 0.0305511 ; 101.856;
6 ; 18 ; 18 ; -0.00589694 ; 0.00541299 ; 0.0158931 ; 101.797;
7 ; 18 ; 18 ; -0.0158311 ; 0.0229915 ; 0.00673857 ; 102.364;
8 ; 18 ; 18 ; -0.00896289 ; 0.0204302 ; 0.00643689 ; 102.791;
9 ; 18 ; 18 ; 0.0148639 ; -0.0251219 ; 0.0076512 ; 102.552;
10 ; 18 ; 18 ; 0.00416188 ; 0.00421127 ; 0.0027917 ; 102.417;
11 ; 18 ; 18 ; 0.0106141 ; 0.00613832 ; 0.00340716 ; 102.323;
12 ; 18 ; 18 ; 0.0134362 ; -0.00618323 ; -0.00204416 ; 102.311;
13 ; 18 ; 18 ; -0.00639386 ; 0.0282638 ; 0.0235184 ; 101.668;
14 ; 18 ; 18 ; -0.0166096 ; -0.0054679 ; 0.0206716 ; 101.656;
15 ; 18 ; 18 ; -0.0168457 ; -0.00685466 ; 0.00101437 ; 101.635;
16 ; 18 ; 18 ; -0.0116094 ; 0.000997694 ; -0.019284 ; 101.653;
17 ; 18 ; 18 ; 0.00263312 ; -0.0232712 ; -0.00584938 ; 101.947;
18 ; 18 ; 18 ; 0.00517757 ; -0.00588844 ; -0.0121341 ; 101.586;
19 ; 18 ; 18 ; 0.00320975 ; 0.011006 ; -0.0167601 ; 101.508;
20 ; 18 ; 18 ; 0.00222007 ; 0.0177254 ; -0.00786793 ; 101.51;
21 ; 18 ; 18 ; 0.0151541 ; -0.0334419 ; -0.0110443 ; 102.368;
4 ; 19 ; 18 ; 0.0137433 ; -0.00273309 ; -0.0332944 ; 102.763;
5 ; 19 ; 18 ; 0.00431558 ; -0.0020275 ; -0.0118523 ; 101.235;
6 ; 19 ; 18 ; 0.00543319 ; 0.00354267 ; 0.00765859 ; 101.407;
7 ; 19 ; 18 ; 0.0140286 ; 0.00161927 ; 0.0198848 ; 101.505;
8 ; 19 ; 18 ; 0.0306677 ; -0.00142849 ; 0.0130063 ; 102.087;
9 ; 19 ; 18 ; -0.00196023 ; -0.00232132 ; -0.000307956 ; 101.999;
10 ; 19 ; 18 ; -0.0069343 ; -0.00556074 ; -0.00413625 ; 101.604;
11 ; 19 ; 18 ; -0.0105284 ; -0.0114627 ; -0.0164164 ; 101.363;
12 ; 19 ; 18 ; -0.0234608 ; -0.0226206 ; -0.0405686 ; 101.632;
13 ; 19 ; 18 ; 0.0171119 ; -0.0103376 ; 0.000495956 ; 102.137;
14 ; 19 ; 18 ; 0.000860709 ; -0.00947321 ; -0.00324899 ; 101.882;
15 ; 19 ; 18 ; -0.00350912 ; 0.00182738 ; 0.00404899 ; 101.504;
16 ; 19 ; 18 ; 0.00822021 ; 0.0334765 ; 0.0271003 ; 101.059;
17 ; 19 ; 18 ; 0.00707233 ; -0.0134256 ; -0.00409602 ; 102.294;
18 ; 19 ; 18 ; 0.0130409 ; -0.0126037 ; -0.00346707 ; 102.135;
19 ; 19 ; 18 ; 0.0073573 ; 0.00199616 ; -0.000711495 ; 102.075;
20 ; 19 ; 18 ; 0.00275045 ; 0.0317026 ; 0.0042951 ; 102.174;
21 ; 19 ; 18 ; -0.000692431 ; 0.0366234 ; -0.00253756 ; 101.157;
4 ; 20 ; 18 ; -0.0265387 ; 0.0146296 ; -0.00761659 ; 101.165;
5 ; 20 ; 18 ; -0.00504255 ; 0.00912404 ; -0.00900171 ; 100.909;
6 ; 20 ; 18 ; -0.00323211 ; 0.00489281 ; 0.000849784 ; 101.308;
7 ; 20 ; 18 ; 0.00225282 ; 0.00358252 ; 0.00693048 ; 101.482;
8 ; 20 ; 18 ; 0.0200463 ; -0.00678814 ; 0.0208112 ; 101.546;
9 ; 20 ; 18 ; -0.00872841 ; 0.00652254 ; -0.0157757 ; 101.414;
10 ; 20 ; 18 ; -0.00385413 ; -0.00263809 ; -0.011112 ; 101.489;
11 ; 20 ; 18 ; -0.00425479 ; -0.00900005 ; -0.0132864 ; 101.48;
12 ; 20 ; 18 ; -0.0128708 ; -0.0129252 ; -0.0276052 ; 101.64;
13 ; 20 ; 18 ; 0.00934024 ; 0.0136349 ; 0.0246397 ; 102.032;
14 ; 20 ; 18 ; 0.00164555 ; -0.00188689 ; 0.00576697 ; 101.987;
15 ; 20 ; 18 ; -0.00494267 ; -0.000187745 ; 0.0077246 ; 101.779;
16 ; 20 ; 18 ; 0.00328669 ; 0.0113003 ; 0.00988445 ; 101.267;
17 ; 20 ; 18 ; -0.0029464 ; -0.035805 ; -0.0171723 ; 102.836;
18 ; 20 ; 18 ; 0.00498257 ; -0.0179374 ; -0.00978666 ; 102.149;
19 ; 20 ; 18 ; 0.00247867 ; 0.0017766 ; -0.000584548 ; 101.965;
20 ; 20 ; 18 ; 0.00237022 ; 0.018807 ; 0.00349191 ; 101.857;
21 ; 20 ; 18 ; 0.0359536 ; 0.0143966 ; 0.0336274 ; 101.24;
4 ; 21 ; 18 ; 0.00692127 ; 0.00503037 ; -0.0160864 ; 101.437;
5 ; 21 ; 18 ; -0.0123117 ; 0.00879254 ; 0.000116592 ; 100.786;
6 ; 21 ; 18 ; -0.00801643 ; 0.00725882 ; -0.00719312 ; 101.097;
7 ; 21 ; 18 ; -0.0074071 ; 0.00319926 ; -0.00215435 ; 101.28;
8 ; 21 ; 18 ; -0.000642962 ; -0.00698191 ; 0.0134165 ; 101.346;
9 ; 21 ; 18 ; -0.000675402 ; 0.00736292 ; -0.0276064 ; 101.569;
10 ; 21 ; 18 ; -0.006028 ; 0.00162529 ; -0.015374 ; 101.265;
11 ; 21 ; 18 ; 7.27868e-05 ; -0.00505349 ; -0.0076791 ; 101.52;
12 ; 21 ; 18 ; 0.0031046 ; -0.0030767 ; 7.07763e-05 ; 101.779;
13 ; 21 ; 18 ; 0.00127507 ; 0.0225611 ; 0.038704 ; 101.996;
14 ; 21 ; 18 ; 0.00525835 ; 0.00283703 ; 0.0099946 ; 102.012;
15 ; 21 ; 18 ; -0.00550755 ; -0.00808335 ; 0.00346832 ; 101.938;
16 ; 21 ; 18 ; -0.0122693 ; -0.014484 ; -0.000687171 ; 101.791;
17 ; 21 ; 18 ; 0.00433367 ; -0.0485766 ; -0.0293428 ; 102.914;
18 ; 21 ; 18 ; -0.00809825 ; -0.0214353 ; -0.0142935 ; 102.185;
19 ; 21 ; 18 ; -0.00451003 ; 0.000947315 ; -0.00142098 ; 101.816;
20 ; 21 ; 18 ; 0.00311889 ; 0.0118844 ; 0.0067683 ; 101.869;
21 ; 21 ; 18 ; -0.0279763 ; 0.0133561 ; 0.0139312 ; 101.111;
4 ; 4 ; 19 ; -0.0108859 ; -0.0086221 ; 0.0145165 ; 102.017;
5 ; 4 ; 19 ; -0.00370379 ; 0.00175313 ; 0.00177241 ; 102.218;
6 ; 4 ; 19 ; -0.00682725 ; 0.00190746 ; 0.00277268 ; 102.166;
7 ; 4 ; 19 ; -0.000962964 ; 0.00286994 ; 0.0097955 ; 101.973;
8 ; 4 ; 19 ; 0.00810016 ; -0.00227155 ; 0.0177867 ; 102.381;
9 ; 4 ; 19 ; 0.0106473 ; 0.0488941 ; -0.0139263 ; 101.652;
10 ; 4 ; 19 ; 0.0161762 ; 0.0244203 ; -0.0129615 ; 102.105;
11 ; 4 ; 19 ; 0.0203349 ; 0.00318078 ; -0.00367015 ; 101.99;
12 ; 4 ; 19 ; 0.00991568 ; -0.000717158 ; 0.0142119 ; 101.06;
13 ; 4 ; 19 ; -0.00165131 ; 0.0115411 ; -0.00226 ; 102.37;
14 ; 4 ; 19 ; -0.00825662 ; -0.0015481 ; 0.00155401 ; 101.967;
15 ; 4 ; 19 ; -0.0139373 ; -0.0224099 ; -0.00385584 ; 101.9;
16 ; 4 ; 19 ; -0.0135648 ; -0.0566377 ; 0.0102287 ; 102.512;
17 ; 4 ; 19 ; 0.00176776 ; -0.00923759 ; 0.00469574 ; 101.467;
18 ; 4 ; 19 ; 0.000662606 ; -0.0094275 ; 0.00292654 ; 101.615;
19 ; 4 ; 19 ; -0.0041019 ; 0.000906862 ; 0.00675827 ; 101.765;
20 ; 4 ; 19 ; 0.0237995 ; -0.0040923 ; 0.018068 ; 101.684;
21 ; 4 ; 19 ; -0.0163409 ; -0.00422347 ; 0.0165179 ; 102.296;
4 ; 5 ; 19 ; -0.00565727 ; -0.00130238 ; 0.0228047 ; 101.693;
5 ; 5 ; 19 ; 0.00611342 ; 0.00997735 ; 0.0351857 ; 102.014;
6 ; 5 ; 19 ; -0.000721838 ; 0.00481012 ; 0.00993155 ; 102.131;
7 ; 5 ; 19 ; 0.000191553 ; 0.00294386 ; 0.00332574 ; 101.86;
8 ; 5 ; 19 ; 0.00719964 ; 0.000303659 ; 0.0129999 ; 102.099;
9 ; 5 ; 19 ; 0.000812166 ; -0.00376752 ; -0.0117353 ; 101.579;
10 ; 5 ; 19 ; 0.0130862 ; 0.00811337 ; -0.0146534 ; 101.985;
11 ; 5 ; 19 ; 0.0253095 ; -0.000535651 ; -0.00749482 ; 101.99;
12 ; 5 ; 19 ; 0.0164573 ; -0.0017978 ; 0.00751335 ; 101.362;
13 ; 5 ; 19 ; -0.00319501 ; 0.0115847 ; 0.0184003 ; 102.109;
14 ; 5 ; 19 ; -0.000700663 ; 0.000696914 ; 0.0027401 ; 102;
15 ; 5 ; 19 ; -0.000219028 ; -0.0231332 ; -0.00967766 ; 101.854;
16 ; 5 ; 19 ; -0.0132555 ; -0.0386268 ; -0.00879384 ; 102.117;
17 ; 5 ; 19 ; 0.00189068 ; -0.0126993 ; -0.0199563 ; 101.42;
18 ; 5 ; 19 ; 0.00199788 ; -0.00547977 ; 6.97632e-05 ; 101.78;
19 ; 5 ; 19 ; -0.00450929 ; 0.00817378 ; 0.00938217 ; 101.801;
20 ; 5 ; 19 ; -0.000480547 ; 0.00625095 ; 0.00850034 ; 101.776;
21 ; 5 ; 19 ; 0.00427929 ; 0.000178435 ; -0.0205038 ; 101.176;
4 ; 6 ; 19 ; -0.0399244 ; 0.0372941 ; 0.0226184 ; 101.275;
5 ; 6 ; 19 ; 0.014566 ; 0.0188822 ; 0.0553111 ; 101.824;
6 ; 6 ; 19 ; 0.00522911 ; 0.00510542 ; 0.0180879 ; 102.077;
7 ; 6 ; 19 ; 0.00236858 ; 0.0019679 ; -0.000124819 ; 101.757;
8 ; 6 ; 19 ; 0.000312702 ; -0.0026036 ; 0.0058736 ; 101.234;
9 ; 6 ; 19 ; -0.00242267 ; -0.0312666 ; -0.0133452 ; 100.929;
10 ; 6 ; 19 ; 0.0090158 ; -0.00641324 ; -0.0181032 ; 102.039;
11 ; 6 ; 19 ; 0.0292153 ; -0.00258342 ; -0.0136165 ; 102.011;
12 ; 6 ; 19 ; 0.0274481 ; -0.00277761 ; -0.00410752 ; 101.841;
13 ; 6 ; 19 ; -0.00213455 ; 0.0291886 ; 0.0348574 ; 101.844;
14 ; 6 ; 19 ; 0.00313235 ; -0.00101616 ; -0.000489267 ; 102.092;
15 ; 6 ; 19 ; 0.00850715 ; -0.022281 ; -0.0200408 ; 101.809;
16 ; 6 ; 19 ; 0.00124789 ; -0.0204428 ; -0.0270464 ; 101.438;
17 ; 6 ; 19 ; 0.00520125 ; -0.0131375 ; -0.0392215 ; 101.404;
18 ; 6 ; 19 ; -0.0021247 ; -0.000212273 ; -0.00299049 ; 101.9;
19 ; 6 ; 19 ; -0.0117867 ; 0.0182387 ; 0.00826999 ; 101.888;
20 ; 6 ; 19 ; -0.0218556 ; 0.0152668 ; 0.00821049 ; 101.644;
21 ; 6 ; 19 ; -0.00537475 ; -0.0171171 ; -0.00671658 ; 101.77;
4 ; 7 ; 19 ; 0.0265624 ; 0.032613 ; -0.0221176 ; 101.699;
5 ; 7 ; 19 ; -0.00695568 ; -0.000502604 ; -0.00954258 ; 101.804;
6 ; 7 ; 19 ; -0.008274 ; -0.00253684 ; -0.0106483 ; 102.081;
7 ; 7 ; 19 ; 0.0115954 ; -0.000437756 ; -0.00730751 ; 102.302;
8 ; 7 ; 19 ; 0.0271798 ; -0.00248496 ; -0.00840544 ; 101.412;
9 ; 7 ; 19 ; 0.00484288 ; -0.00913124 ; -0.015726 ; 101.859;
10 ; 7 ; 19 ; 0.00691665 ; 0.000475365 ; -0.0200697 ; 101.697;
11 ; 7 ; 19 ; 0.00431825 ; 0.00517933 ; -0.00551706 ; 102.004;
12 ; 7 ; 19 ; -0.00229922 ; 0.000645869 ; 0.0276914 ; 103.017;
13 ; 7 ; 19 ; 0.0202265 ; 0.011217 ; 0.0165269 ; 102.269;
14 ; 7 ; 19 ; 0.0133867 ; 0.0078374 ; 0.00267251 ; 101.943;
15 ; 7 ; 19 ; 0.000484232 ; 0.00204565 ; -0.0031619 ; 101.748;
16 ; 7 ; 19 ; -0.00389655 ; -0.00655701 ; 0.00209401 ; 102.327;
17 ; 7 ; 19 ; -0.0206695 ; 0.00605472 ; -0.0115137 ; 101.633;
18 ; 7 ; 19 ; -0.0226449 ; 0.012363 ; -0.00132859 ; 101.65;
19 ; 7 ; 19 ; -0.0183936 ; -0.00118503 ; -0.00150065 ; 101.48;
20 ; 7 ; 19 ; -0.00440065 ; -0.0311046 ; 0.00966939 ; 101.906;
21 ; 7 ; 19 ; -0.0227163 ; -0.0117229 ; 0.0221392 ; 100.596;
4 ; 8 ; 19 ; -0.00381056 ; -0.00449285 ; -0.0128484 ; 102.098;
5 ; 8 ; 19 ; 0.00276224 ; -0.00453587 ; -0.00604277 ; 102.138;
6 ; 8 ; 19 ; -0.00247501 ; 0.000460463 ; -0.0077604 ; 102.16;
7 ; 8 ; 19 ; 0.00892892 ; 0.00477177 ; -0.00504226 ; 102.25;
8 ; 8 ; 19 ; 0.0282361 ; -0.000956483 ; -0.00229723 ; 102.165;
9 ; 8 ; 19 ; -0.015736 ; 0.00110329 ; -0.0204683 ; 101.554;
10 ; 8 ; 19 ; -0.000623766 ; 0.00131059 ; -0.0190003 ; 101.727;
11 ; 8 ; 19 ; 0.000848331 ; 0.00461228 ; -0.00748335 ; 101.857;
12 ; 8 ; 19 ; -0.000295213 ; 0.00326509 ; 0.0158323 ; 102.417;
13 ; 8 ; 19 ; 0.00805123 ; 0.0139392 ; -0.00645251 ; 102.239;
14 ; 8 ; 19 ; 0.0112938 ; 0.00733988 ; 0.000848784 ; 101.924;
15 ; 8 ; 19 ; -0.00060571 ; 0.000423496 ; 0.00312056 ; 101.678;
16 ; 8 ; 19 ; -0.00178221 ; -0.00218409 ; 2.38162e-05 ; 102.158;
17 ; 8 ; 19 ; -0.0219231 ; 0.00687456 ; -0.0216003 ; 101.211;
18 ; 8 ; 19 ; -0.0194287 ; 0.00885059 ; -0.0059651 ; 101.496;
19 ; 8 ; 19 ; -0.01676 ; -0.00153519 ; -0.00230266 ; 101.381;
20 ; 8 ; 19 ; -0.0146023 ; -0.0182325 ; 0.00182938 ; 101.655;
21 ; 8 ; 19 ; 0.0113245 ; -0.00360445 ; -0.0349543 ; 103.427;
4 ; 9 ; 19 ; -0.00164264 ; 0.0361696 ; -0.0164796 ; 102.653;
5 ; 9 ; 19 ; 0.0122568 ; -0.00326727 ; 0.0217297 ; 101.78;
6 ; 9 ; 19 ; 0.0093099 ; 0.00562693 ; 0.00414246 ; 102.049;
7 ; 9 ; 19 ; 0.0105918 ; 0.0110012 ; -0.000766299 ; 102.027;
8 ; 9 ; 19 ; 0.0153988 ; 0.0106953 ; 0.000699986 ; 102.357;
9 ; 9 ; 19 ; -0.0151464 ; 0.0145296 ; -0.00033806 ; 101.547;
10 ; 9 ; 19 ; -0.0076022 ; 0.00323384 ; -0.0114959 ; 101.786;
11 ; 9 ; 19 ; -0.000480215 ; 0.00342039 ; -0.00814657 ; 101.8;
12 ; 9 ; 19 ; 0.00310908 ; 0.00560499 ; -0.00212604 ; 101.697;
13 ; 9 ; 19 ; -0.00769692 ; -0.00520446 ; -0.0308444 ; 101.526;
14 ; 9 ; 19 ; 0.00458984 ; 0.00306908 ; -0.00636806 ; 101.802;
15 ; 9 ; 19 ; -0.00134155 ; -0.00111766 ; 0.00936518 ; 101.68;
16 ; 9 ; 19 ; -0.0115425 ; -0.00213602 ; 0.0135372 ; 101.662;
17 ; 9 ; 19 ; -0.00915153 ; 0.00515392 ; -0.0290552 ; 101.844;
18 ; 9 ; 19 ; -0.0151049 ; 0.00682808 ; -0.0160953 ; 101.54;
19 ; 9 ; 19 ; -0.0125977 ; 0.00318653 ; -0.00433252 ; 101.399;
20 ; 9 ; 19 ; -0.0191392 ; -0.00716578 ; -0.00280911 ; 101.187;
21 ; 9 ; 19 ; 0.0419914 ; -0.0291654 ; -0.00191271 ; 100.735;
4 ; 10 ; 19 ; 0.00831207 ; 0.0430725 ; 0.0442968 ; 100.622;
5 ; 10 ; 19 ; 0.000582749 ; -0.000773468 ; 0.0352501 ; 101.426;
6 ; 10 ; 19 ; 0.00868652 ; 0.00603865 ; 0.0153696 ; 101.653;
7 ; 10 ; 19 ; 0.007467 ; 0.0116643 ; 0.00367 ; 101.591;
8 ; 10 ; 19 ; 0.00942365 ; 0.0149205 ; -0.00667145 ; 101.473;
9 ; 10 ; 19 ; 0.00684284 ; 0.0176699 ; 0.00452644 ; 101.951;
10 ; 10 ; 19 ; 0.00160939 ; 0.00960204 ; 0.000625102 ; 101.896;
11 ; 10 ; 19 ; 0.0117204 ; 0.00421401 ; -0.00543436 ; 101.917;
12 ; 10 ; 19 ; 0.00726753 ; 0.00252912 ; -0.00509377 ; 102.099;
13 ; 10 ; 19 ; 0.00593276 ; 0.00918846 ; -0.0220104 ; 101.672;
14 ; 10 ; 19 ; 0.00262313 ; 0.00282496 ; -0.0127313 ; 101.559;
15 ; 10 ; 19 ; 0.00284193 ; -0.000729136 ; 0.00608633 ; 101.606;
16 ; 10 ; 19 ; -0.0137201 ; -0.00431424 ; 0.023319 ; 101.496;
17 ; 10 ; 19 ; 0.00845803 ; 0.0109329 ; -0.0112951 ; 101.724;
18 ; 10 ; 19 ; 0.00200006 ; 0.00998174 ; -0.0161175 ; 101.723;
19 ; 10 ; 19 ; -0.00154886 ; 0.00914137 ; -0.00784117 ; 101.643;
20 ; 10 ; 19 ; -0.00588255 ; -0.00129211 ; 0.00380786 ; 101.357;
21 ; 10 ; 19 ; 0.0101654 ; 0.0558993 ; -0.0181577 ; 101.922;
4 ; 11 ; 19 ; -0.0148041 ; 0.0119134 ; -0.00590261 ; 100.992;
5 ; 11 ; 19 ; -0.010006 ; 0.00431243 ; 0.0112368 ; 101.296;
6 ; 11 ; 19 ; -0.00114796 ; 0.00490732 ; 0.0157982 ; 101.202;
7 ; 11 ; 19 ; 0.00413044 ; 0.010473 ; 0.00912696 ; 101.306;
8 ; 11 ; 19 ; 0.0036874 ; 0.00320315 ; -0.00529335 ; 101.389;
9 ; 11 ; 19 ; 0.0317084 ; 0.024618 ; 0.00527494 ; 101.63;
10 ; 11 ; 19 ; 0.0203399 ; 0.016004 ; 0.000925577 ; 101.753;
11 ; 11 ; 19 ; 0.0232503 ; 0.00956978 ; -0.00926948 ; 101.818;
12 ; 11 ; 19 ; 0.0259971 ; -0.00058504 ; -0.00689981 ; 101.985;
13 ; 11 ; 19 ; 0.0162978 ; 0.018245 ; -0.0012523 ; 101.309;
14 ; 11 ; 19 ; 0.00697623 ; 0.00981226 ; -0.00506733 ; 101.554;
15 ; 11 ; 19 ; 0.00484574 ; 0.00373603 ; 0.011552 ; 101.69;
16 ; 11 ; 19 ; 0.0111099 ; -0.000307069 ; 0.00674509 ; 101.523;
17 ; 11 ; 19 ; 0.00738063 ; 0.0325583 ; -0.0209164 ; 101.321;
18 ; 11 ; 19 ; 0.00860333 ; 0.0201371 ; -0.0181152 ; 101.75;
19 ; 11 ; 19 ; 0.00367152 ; 0.0152718 ; -0.0149134 ; 102.012;
20 ; 11 ; 19 ; -0.00439263 ; 0.013769 ; -0.0101934 ; 101.893;
21 ; 11 ; 19 ; 0.010096 ; -0.0058252 ; 0.00237458 ; 101.557;
4 ; 12 ; 19 ; 0.0185113 ; -0.00585533 ; -0.0233097 ; 100.98;
5 ; 12 ; 19 ; -0.00749699 ; 0.0102339 ; -0.00346052 ; 101.107;
6 ; 12 ; 19 ; -0.00900948 ; 0.00405632 ; 0.0113814 ; 101.058;
7 ; 12 ; 19 ; -0.00163555 ; 0.0112985 ; 0.0119769 ; 101.191;
8 ; 12 ; 19 ; -0.00191378 ; -0.0024871 ; 0.00909977 ; 101.621;
9 ; 12 ; 19 ; 0.043072 ; 0.0277794 ; 0.00518251 ; 101.156;
10 ; 12 ; 19 ; 0.0286106 ; 0.0201111 ; -0.00209235 ; 101.658;
11 ; 12 ; 19 ; 0.027468 ; 0.0133021 ; -0.0130026 ; 101.658;
12 ; 12 ; 19 ; 0.0273476 ; 0.00597876 ; -0.00644958 ; 101.377;
13 ; 12 ; 19 ; 0.0132448 ; 0.00546465 ; 0.00500593 ; 100.734;
14 ; 12 ; 19 ; 0.01099 ; 0.015733 ; 0.00223746 ; 101.591;
15 ; 12 ; 19 ; 0.00457747 ; 0.0054465 ; 0.0177062 ; 101.671;
16 ; 12 ; 19 ; 0.0101261 ; -0.000707554 ; 0.00804857 ; 101.335;
17 ; 12 ; 19 ; -0.00890985 ; 0.047967 ; -0.042573 ; 101.484;
18 ; 12 ; 19 ; 0.0133665 ; 0.0244469 ; -0.0180185 ; 101.591;
19 ; 12 ; 19 ; 0.00619562 ; 0.0158994 ; -0.0185494 ; 102.132;
20 ; 12 ; 19 ; 0.00274494 ; 0.0111376 ; -0.0164106 ; 102.277;
21 ; 12 ; 19 ; 0.0112268 ; 0.0189231 ; -0.0126867 ; 101.376;
4 ; 13 ; 19 ; 0.0326759 ; -0.00428936 ; -0.0160784 ; 100.198;
5 ; 13 ; 19 ; 0.00523423 ; -0.00442665 ; -0.0079023 ; 101.706;
6 ; 13 ; 19 ; 0.0103066 ; -0.00630564 ; -0.00318432 ; 101.771;
7 ; 13 ; 19 ; 0.0194111 ; -0.0095093 ; 0.000162443 ; 101.796;
8 ; 13 ; 19 ; 0.0198903 ; -0.0348894 ; -0.0125162 ; 101.397;
9 ; 13 ; 19 ; -0.00412498 ; 0.0179874 ; -0.00761384 ; 101.503;
10 ; 13 ; 19 ; -0.00809701 ; 0.0177104 ; -0.00525891 ; 101.574;
11 ; 13 ; 19 ; -0.0130594 ; 0.00483586 ; -0.0012212 ; 101.639;
12 ; 13 ; 19 ; 0.00551729 ; -0.000189978 ; -0.01102 ; 101.736;
13 ; 13 ; 19 ; 0.00473962 ; -0.00955729 ; -0.0257535 ; 102.042;
14 ; 13 ; 19 ; 0.00316994 ; -0.011887 ; -0.0174453 ; 101.888;
15 ; 13 ; 19 ; -0.00157185 ; 0.00113015 ; -0.00540452 ; 101.527;
16 ; 13 ; 19 ; 0.0292957 ; 0.0149774 ; 0.010865 ; 101.683;
17 ; 13 ; 19 ; -0.00607443 ; 0.00170955 ; -0.00154083 ; 101.716;
18 ; 13 ; 19 ; -0.0052778 ; 0.0086398 ; 0.00724945 ; 101.657;
19 ; 13 ; 19 ; -0.00234377 ; 0.0116304 ; 0.00776096 ; 100.986;
20 ; 13 ; 19 ; -0.0215018 ; 0.0262625 ; -0.0167174 ; 100.252;
21 ; 13 ; 19 ; 0.0430218 ; 0.0317897 ; -0.0120946 ; 101.418;
4 ; 14 ; 19 ; -0.0255692 ; 0.0281277 ; 0.0172686 ; 101.628;
5 ; 14 ; 19 ; 0.00139567 ; -0.0103222 ; -0.00896999 ; 101.736;
6 ; 14 ; 19 ; 0.00782414 ; -0.00556951 ; -0.00181201 ; 101.769;
7 ; 14 ; 19 ; 0.0160175 ; -0.00476871 ; 0.00220006 ; 101.815;
8 ; 14 ; 19 ; 0.0222009 ; -0.0132367 ; 0.00466034 ; 101.672;
9 ; 14 ; 19 ; 0.00253988 ; 0.011517 ; -0.0037071 ; 101.637;
10 ; 14 ; 19 ; -0.00523626 ; 0.0146945 ; -0.00219396 ; 101.647;
11 ; 14 ; 19 ; -0.00961305 ; 0.00422706 ; 0.00286554 ; 101.619;
12 ; 14 ; 19 ; -0.00980192 ; -0.00285383 ; -0.00265578 ; 101.736;
13 ; 14 ; 19 ; 0.00317247 ; -0.00881407 ; -0.0240503 ; 102.234;
14 ; 14 ; 19 ; 0.00218129 ; -0.0075856 ; -0.0197786 ; 101.91;
15 ; 14 ; 19 ; -0.00482956 ; 0.000759796 ; -0.00937615 ; 101.55;
16 ; 14 ; 19 ; 0.00554833 ; 0.0143367 ; 0.00106188 ; 101.321;
17 ; 14 ; 19 ; -0.000379535 ; 0.00883751 ; -0.00562611 ; 101.719;
18 ; 14 ; 19 ; -0.0019373 ; 0.00812452 ; -0.00188726 ; 101.585;
19 ; 14 ; 19 ; 0.0027725 ; 0.00921888 ; -0.00611918 ; 101.073;
20 ; 14 ; 19 ; -0.0056832 ; 0.0137975 ; -0.00469223 ; 100.252;
21 ; 14 ; 19 ; 0.013073 ; 0.0258191 ; -0.00646569 ; 101.386;
4 ; 15 ; 19 ; -0.00119051 ; 0.0167265 ; -0.0516108 ; 101.811;
5 ; 15 ; 19 ; 0.0134703 ; -0.00273378 ; 0.015721 ; 101.362;
6 ; 15 ; 19 ; 0.00743621 ; -0.00193144 ; 0.0017054 ; 101.682;
7 ; 15 ; 19 ; 0.010053 ; 0.00445536 ; 0.00544791 ; 101.774;
8 ; 15 ; 19 ; 0.0177503 ; 0.00937349 ; 0.0112554 ; 102.075;
9 ; 15 ; 19 ; 0.00373243 ; 0.00586405 ; -0.00166028 ; 101.878;
10 ; 15 ; 19 ; -0.00143887 ; 0.00842276 ; -0.00040707 ; 101.664;
11 ; 15 ; 19 ; -0.00325681 ; 0.00571615 ; 0.000406946 ; 101.559;
12 ; 15 ; 19 ; -0.0117555 ; -0.00190916 ; 0.00705083 ; 101.587;
13 ; 15 ; 19 ; 0.00615639 ; -0.00914924 ; -0.0197113 ; 101.781;
14 ; 15 ; 19 ; 0.000779269 ; -0.00918141 ; -0.022136 ; 101.742;
15 ; 15 ; 19 ; -0.00674724 ; -0.00922296 ; -0.0146417 ; 101.471;
16 ; 15 ; 19 ; -0.0230577 ; 0.00358087 ; -0.0125429 ; 101.173;
17 ; 15 ; 19 ; -0.00134033 ; 0.00672037 ; 0.00883084 ; 101.722;
18 ; 15 ; 19 ; -0.000663255 ; 0.00624821 ; -0.00308376 ; 101.617;
19 ; 15 ; 19 ; 0.00288659 ; 0.00327101 ; -0.0122204 ; 101.472;
20 ; 15 ; 19 ; 0.0134298 ; 0.00289501 ; -0.0160479 ; 100.834;
21 ; 15 ; 19 ; -0.0175883 ; 0.0148242 ; 0.0156919 ; 102.44;
4 ; 16 ; 19 ; -0.0193482 ; -0.00365548 ; 0.0309323 ; 102.502;
5 ; 16 ; 19 ; 0.023118 ; -0.00298844 ; 0.00215146 ; 101.238;
6 ; 16 ; 19 ; 0.0090044 ; -0.00449283 ; 0.0073024 ; 101.478;
7 ; 16 ; 19 ; 0.00124445 ; 0.000768241 ; 0.00695242 ; 101.687;
8 ; 16 ; 19 ; 0.00367298 ; 0.00619722 ; 0.000689224 ; 102.118;
9 ; 16 ; 19 ; -0.00645005 ; -0.00580407 ; 0.00480774 ; 101.569;
10 ; 16 ; 19 ; 0.000844651 ; 0.00129961 ; -0.00354731 ; 101.776;
11 ; 16 ; 19 ; 0.00337658 ; 0.00321076 ; -0.0108492 ; 101.679;
12 ; 16 ; 19 ; 0.00759298 ; 0.0097128 ; -0.00799353 ; 101.168;
13 ; 16 ; 19 ; 0.00280037 ; -0.0035626 ; 0.0048164 ; 101.503;
14 ; 16 ; 19 ; 0.00129958 ; -0.0127782 ; -0.0109299 ; 101.564;
15 ; 16 ; 19 ; -0.00227256 ; -0.019508 ; -0.0119846 ; 101.491;
16 ; 16 ; 19 ; -0.0127131 ; -0.0185721 ; -0.00811534 ; 101.425;
17 ; 16 ; 19 ; -0.0101482 ; 0.00395381 ; 0.0157247 ; 101.685;
18 ; 16 ; 19 ; -0.00686045 ; 0.00191802 ; 0.00853227 ; 101.771;
19 ; 16 ; 19 ; -0.00479287 ; -0.00513989 ; 0.00183184 ; 101.892;
20 ; 16 ; 19 ; -0.00342559 ; 0.00354208 ; -0.0216525 ; 102.006;
21 ; 16 ; 19 ; -0.00420018 ; 0.0271028 ; -0.00489647 ; 101.459;
4 ; 17 ; 19 ; 0.00844801 ; -0.0520438 ; -0.0141023 ; 100.748;
5 ; 17 ; 19 ; 0.00374115 ; -0.00764728 ; 0.0128698 ; 101.563;
6 ; 17 ; 19 ; -0.000871551 ; -0.00254765 ; 0.00504529 ; 101.503;
7 ; 17 ; 19 ; -0.0135206 ; 0.00519734 ; 0.000898846 ; 101.843;
8 ; 17 ; 19 ; -0.0114868 ; -0.000102435 ; 0.0108437 ; 101.98;
9 ; 17 ; 19 ; -0.00587011 ; 0.0189439 ; 0.0177853 ; 101.294;
10 ; 17 ; 19 ; -0.00487039 ; -0.000818438 ; -0.000463093 ; 101.739;
11 ; 17 ; 19 ; -0.00423984 ; -0.00803241 ; -0.0172461 ; 101.888;
12 ; 17 ; 19 ; 0.00549507 ; 0.000256636 ; -0.0257124 ; 101.412;
13 ; 17 ; 19 ; 0.0123217 ; 0.027813 ; 0.0216442 ; 101.576;
14 ; 17 ; 19 ; 0.00231219 ; -0.00275205 ; 0.000872441 ; 101.557;
15 ; 17 ; 19 ; 0.000206819 ; -0.0198693 ; -0.00989677 ; 101.603;
16 ; 17 ; 19 ; -0.0076638 ; -0.022156 ; -0.00690597 ; 101.521;
17 ; 17 ; 19 ; -0.00961049 ; 0.0119551 ; 0.0038242 ; 101.988;
18 ; 17 ; 19 ; -0.00872453 ; -0.000167491 ; 0.0149738 ; 101.904;
19 ; 17 ; 19 ; -0.00432296 ; -0.0139405 ; 0.0156849 ; 101.837;
20 ; 17 ; 19 ; -0.00730527 ; -0.0108416 ; 0.0164723 ; 102.215;
21 ; 17 ; 19 ; -0.0253273 ; -0.0127847 ; -0.0404069 ; 101.594;
4 ; 18 ; 19 ; 0.0384304 ; -0.0286423 ; -0.0122416 ; 101.403;
5 ; 18 ; 19 ; -0.0119935 ; -0.00577471 ; 0.0322318 ; 101.828;
6 ; 18 ; 19 ; -0.00952268 ; -0.00255647 ; 0.00364998 ; 101.569;
7 ; 18 ; 19 ; -0.0225819 ; 0.0071687 ; -0.00289165 ; 101.984;
8 ; 18 ; 19 ; -0.0175096 ; -0.00152518 ; 0.00767513 ; 102.124;
9 ; 18 ; 19 ; -0.00179062 ; 0.0425301 ; 0.0266551 ; 101.179;
10 ; 18 ; 19 ; -0.00744184 ; -0.00060725 ; 0.00327376 ; 101.787;
11 ; 18 ; 19 ; -0.00891975 ; -0.0161044 ; -0.0157396 ; 102.035;
12 ; 18 ; 19 ; 0.000100181 ; -0.0122103 ; -0.023968 ; 101.857;
13 ; 18 ; 19 ; 0.0223897 ; 0.0470719 ; 0.0176679 ; 101.556;
14 ; 18 ; 19 ; 0.00319105 ; 0.0088444 ; 0.00727552 ; 101.684;
15 ; 18 ; 19 ; 0.000265632 ; -0.014585 ; -0.00923098 ; 101.751;
16 ; 18 ; 19 ; 0.00147718 ; -0.00807877 ; -0.0148579 ; 101.632;
17 ; 18 ; 19 ; -0.00388939 ; 0.0181612 ; -0.000249017 ; 102.328;
18 ; 18 ; 19 ; -0.00745469 ; -0.000854181 ; 0.0107036 ; 101.897;
19 ; 18 ; 19 ; 0.000569404 ; -0.0179519 ; 0.0138852 ; 101.645;
20 ; 18 ; 19 ; 0.00716963 ; -0.00944469 ; 0.00938299 ; 101.601;
21 ; 18 ; 19 ; 0.0284784 ; -0.0159361 ; 0.0328304 ; 100.796;
4 ; 19 ; 19 ; 0.00863093 ; -0.0191634 ; 0.000162474 ; 102.711;
5 ; 19 ; 19 ; -0.0182203 ; 0.00211641 ; -0.00733315 ; 101.49;
6 ; 19 ; 19 ; -0.00611289 ; -0.00220023 ; -0.00536221 ; 101.849;
7 ; 19 ; 19 ; 0.00903177 ; -0.00918361 ; -0.00305384 ; 101.647;
8 ; 19 ; 19 ; 0.0111278 ; -0.020066 ; -0.019544 ; 100.941;
9 ; 19 ; 19 ; -0.00444276 ; -0.00017619 ; -0.0158754 ; 101.419;
10 ; 19 ; 19 ; -0.00297745 ; -0.00012547 ; -0.0133112 ; 101.572;
11 ; 19 ; 19 ; 0.000508759 ; 0.00636589 ; -0.00854435 ; 101.329;
12 ; 19 ; 19 ; 0.00979661 ; 0.0120925 ; -0.00730321 ; 100.462;
13 ; 19 ; 19 ; 0.00187899 ; 0.00446125 ; 0.000587253 ; 101.33;
14 ; 19 ; 19 ; -0.00136232 ; -0.00770551 ; -0.00579551 ; 101.552;
15 ; 19 ; 19 ; 0.00450293 ; -0.00200701 ; -0.00433706 ; 102.153;
16 ; 19 ; 19 ; 0.0268769 ; 0.011399 ; -0.0127382 ; 102.551;
17 ; 19 ; 19 ; 0.0125415 ; 0.0164583 ; -0.00628529 ; 101.602;
18 ; 19 ; 19 ; 0.00597166 ; 0.0115331 ; -0.0137024 ; 101.9;
19 ; 19 ; 19 ; -0.00567377 ; 0.00936064 ; -0.00462967 ; 101.754;
20 ; 19 ; 19 ; 0.00338982 ; 0.0161655 ; 0.00251703 ; 101.293;
21 ; 19 ; 19 ; 0.00734799 ; -0.00361887 ; -0.00118512 ; 101.919;
4 ; 20 ; 19 ; -0.017439 ; -0.0208938 ; 0.00864574 ; 101.971;
5 ; 20 ; 19 ; 0.00482699 ; 0.00180258 ; 0.00983046 ; 101.266;
6 ; 20 ; 19 ; 0.00212289 ; -0.0010639 ; -0.00142615 ; 101.729;
7 ; 20 ; 19 ; 0.00945249 ; -0.00939606 ; -0.00274539 ; 101.505;
8 ; 20 ; 19 ; 0.0123631 ; -0.0106237 ; -0.00838615 ; 101.534;
9 ; 20 ; 19 ; 0.00777102 ; 0.0126345 ; -0.00794782 ; 101.517;
10 ; 20 ; 19 ; 0.00039263 ; -0.000660359 ; -0.00271195 ; 101.66;
11 ; 20 ; 19 ; -0.00109701 ; 3.02313e-05 ; 0.00333518 ; 101.68;
12 ; 20 ; 19 ; 0.00788366 ; 0.0139423 ; -0.00787052 ; 100.987;
13 ; 20 ; 19 ; 0.0122984 ; 0.00860587 ; -0.0138949 ; 101.561;
14 ; 20 ; 19 ; 0.00333534 ; -0.00245114 ; -0.00542994 ; 101.565;
15 ; 20 ; 19 ; 0.00521532 ; -0.00146772 ; 0.00164827 ; 101.874;
16 ; 20 ; 19 ; 0.00952539 ; 0.00554508 ; -0.00634459 ; 102.34;
17 ; 20 ; 19 ; 0.00532221 ; 0.0267225 ; -0.00308183 ; 102.648;
18 ; 20 ; 19 ; 0.00397963 ; 0.0128849 ; -0.00866691 ; 102.091;
19 ; 20 ; 19 ; -0.00298362 ; 0.0078813 ; -0.00172466 ; 101.904;
20 ; 20 ; 19 ; -0.00942495 ; 0.0119194 ; 0.00605091 ; 101.444;
21 ; 20 ; 19 ; -0.0171849 ; 0.0056324 ; 0.0101178 ; 101.468;
4 ; 21 ; 19 ; -0.000896269 ; -0.00291516 ; 0.00485595 ; 101.531;
5 ; 21 ; 19 ; 0.0176676 ; 0.00712589 ; 0.0137877 ; 101.747;
6 ; 21 ; 19 ; 0.0073184 ; -0.00273166 ; 0.00588878 ; 101.528;
7 ; 21 ; 19 ; 0.00841594 ; -0.00838492 ; 0.00189352 ; 101.484;
8 ; 21 ; 19 ; -0.00268014 ; -0.00272353 ; 0.00289754 ; 101.521;
9 ; 21 ; 19 ; 0.00982991 ; 0.0207584 ; 0.0031728 ; 101.846;
10 ; 21 ; 19 ; 0.00601365 ; 0.00232272 ; 0.00346593 ; 101.559;
11 ; 21 ; 19 ; -0.000133025 ; -0.00171602 ; 0.0102206 ; 101.955;
12 ; 21 ; 19 ; -0.00503834 ; 0.0131632 ; -0.00705429 ; 101.926;
13 ; 21 ; 19 ; 0.0217675 ; 0.0166403 ; -0.0194869 ; 101.682;
14 ; 21 ; 19 ; 0.00781873 ; 0.00118468 ; -0.00645035 ; 101.566;
15 ; 21 ; 19 ; 0.00230445 ; -0.00225176 ; 0.00632616 ; 101.645;
16 ; 21 ; 19 ; -0.00129145 ; 0.00176778 ; 0.00763035 ; 101.439;
17 ; 21 ; 19 ; -0.00256334 ; 0.0368406 ; 0.00119655 ; 103.509;
18 ; 21 ; 19 ; 0.00233237 ; 0.0146648 ; -0.00171435 ; 102.223;
19 ; 21 ; 19 ; -0.00415888 ; 0.00824111 ; 0.00343231 ; 102.081;
20 ; 21 ; 19 ; -0.00476219 ; 0.0121808 ; 0.00631596 ; 101.993;
21 ; 21 ; 19 ; -0.00740886 ; 0.00678562 ; -0.0165508 ; 101.779;
4 ; 4 ; 20 ; -0.0213369 ; -0.0125779 ; -0.0105482 ; 100.521;
5 ; 4 ; 20 ; -0.00653597 ; -0.0110876 ; -0.00276645 ; 101.55;
6 ; 4 ; 20 ; 0.00909839 ; -0.0147346 ; 0.000341082 ; 101.59;
7 ; 4 ; 20 ; 0.0097314 ; -0.0142495 ; 0.005556 ; 101.64;
8 ; 4 ; 20 ; -0.0138435 ; 0.0069784 ; -0.0162497 ; 101.04;
9 ; 4 ; 20 ; 0.0170252 ; 0.015288 ; -0.00486326 ; 101.619;
10 ; 4 ; 20 ; -0.00338259 ; 0.00977857 ; -0.00555822 ; 101.786;
11 ; 4 ; 20 ; -0.0222846 ; 0.00845166 ; -0.0131885 ; 101.309;
12 ; 4 ; 20 ; -0.0350086 ; 0.015656 ; -0.00571275 ; 100.977;
13 ; 4 ; 20 ; 0.00068759 ; 0.00439521 ; -0.00283385 ; 101.737;
14 ; 4 ; 20 ; -0.0035783 ; 0.00292247 ; 0.00379386 ; 101.909;
15 ; 4 ; 20 ; -0.0124645 ; -1.53527e-05 ; 0.00391296 ; 101.883;
16 ; 4 ; 20 ; -0.018039 ; -0.010065 ; 0.00588603 ; 101.288;
17 ; 4 ; 20 ; 0.0109582 ; 0.0165726 ; 0.0030855 ; 100.988;
18 ; 4 ; 20 ; 0.0187502 ; 0.013552 ; -0.00381889 ; 101.17;
19 ; 4 ; 20 ; 0.0130502 ; 0.00638834 ; -0.00228451 ; 101.29;
20 ; 4 ; 20 ; -0.0122269 ; -0.0106299 ; 0.00824323 ; 100.884;
21 ; 4 ; 20 ; -0.0380147 ; 0.0196 ; 0.0229042 ; 100.612;
4 ; 5 ; 20 ; 0.011305 ; 0.0192726 ; 0.0173033 ; 102.665;
5 ; 5 ; 20 ; -0.00684431 ; -0.00818586 ; 0.0201613 ; 101.019;
6 ; 5 ; 20 ; 0.00541455 ; -0.0167926 ; 0.00686881 ; 101.477;
7 ; 5 ; 20 ; 0.00946464 ; -0.0226602 ; 0.00874999 ; 101.748;
8 ; 5 ; 20 ; 0.00219749 ; -0.0122152 ; 0.00518 ; 101.265;
9 ; 5 ; 20 ; 0.0151862 ; 0.0145692 ; -0.0208186 ; 101.828;
10 ; 5 ; 20 ; 0.00318628 ; 0.00912784 ; -0.00956372 ; 101.754;
11 ; 5 ; 20 ; -0.0115064 ; 0.01244 ; -0.00984204 ; 101.33;
12 ; 5 ; 20 ; -0.030925 ; 0.0120202 ; -0.0142894 ; 100.862;
13 ; 5 ; 20 ; 0.0222725 ; -1.86144e-05 ; -0.00621627 ; 101.479;
14 ; 5 ; 20 ; 0.00364303 ; 0.00428966 ; -0.00140628 ; 101.785;
15 ; 5 ; 20 ; -0.00731096 ; 0.00445865 ; -7.30648e-06 ; 101.907;
16 ; 5 ; 20 ; -0.0127532 ; -0.00460971 ; -0.000634983 ; 101.725;
17 ; 5 ; 20 ; 0.0159701 ; 0.0329963 ; 0.0241579 ; 101.485;
18 ; 5 ; 20 ; 0.0231248 ; 0.0181351 ; 0.00626678 ; 101.294;
19 ; 5 ; 20 ; 0.0197358 ; 0.00260393 ; -0.00108415 ; 101.419;
20 ; 5 ; 20 ; -0.00473567 ; -0.0024635 ; -0.00046269 ; 101.346;
21 ; 5 ; 20 ; -0.00457525 ; 0.00756795 ; 0.0345834 ; 102.236;
4 ; 6 ; 20 ; 0.00553834 ; 0.0232642 ; 0.0298329 ; 100.606;
5 ; 6 ; 20 ; -0.00873075 ; -0.00200419 ; 0.0329433 ; 100.268;
6 ; 6 ; 20 ; 0.00168015 ; -0.0211126 ; 0.0169296 ; 101.445;
7 ; 6 ; 20 ; 0.0107181 ; -0.0329974 ; 0.0174713 ; 101.83;
8 ; 6 ; 20 ; 0.0207635 ; -0.0334325 ; 0.0290921 ; 101.557;
9 ; 6 ; 20 ; 0.0072197 ; 0.0126283 ; -0.0447587 ; 102.192;
10 ; 6 ; 20 ; 0.0139846 ; 0.0113454 ; -0.00802843 ; 101.512;
11 ; 6 ; 20 ; -8.42434e-05 ; 0.0169365 ; -0.00620305 ; 101.174;
12 ; 6 ; 20 ; -0.00639968 ; 0.012135 ; -0.0184881 ; 101.156;
13 ; 6 ; 20 ; 0.0344058 ; -0.00261936 ; -0.0156069 ; 101.134;
14 ; 6 ; 20 ; 0.00931249 ; 0.00670891 ; -0.00508138 ; 101.755;
15 ; 6 ; 20 ; -0.00245516 ; 0.0090845 ; -0.00497282 ; 102.083;
16 ; 6 ; 20 ; 0.00361142 ; 0.00949526 ; -0.00977509 ; 101.975;
17 ; 6 ; 20 ; 0.0199354 ; 0.0475603 ; 0.0330271 ; 101.648;
18 ; 6 ; 20 ; 0.0247912 ; 0.0213846 ; 0.0154953 ; 101.532;
19 ; 6 ; 20 ; 0.0242428 ; 0.00256869 ; -0.00106712 ; 101.652;
20 ; 6 ; 20 ; 0.00942317 ; -0.00866259 ; -0.00866343 ; 101.774;
21 ; 6 ; 20 ; -0.0187256 ; -0.0279909 ; 0.00906371 ; 100.392;
4 ; 7 ; 20 ; 0.0123305 ; -0.00614657 ; 0.0271378 ; 102.028;
5 ; 7 ; 20 ; 0.00298978 ; -0.00610165 ; 0.00801821 ; 101.879;
6 ; 7 ; 20 ; 0.0061737 ; -0.0170729 ; 0.0112453 ; 102.031;
7 ; 7 ; 20 ; 0.00557225 ; -0.01844 ; 0.00411829 ; 102.026;
8 ; 7 ; 20 ; -0.0108397 ; 0.00224725 ; -0.0170978 ; 102.464;
9 ; 7 ; 20 ; 0.0108424 ; 0.00220048 ; -0.00324255 ; 101.795;
10 ; 7 ; 20 ; 0.00543566 ; 0.00313733 ; 0.00176344 ; 101.499;
11 ; 7 ; 20 ; 0.00317058 ; -0.00628578 ; 0.00581712 ; 101.65;
12 ; 7 ; 20 ; -0.0157834 ; -0.0163439 ; -0.00122899 ; 102.36;
13 ; 7 ; 20 ; -0.00668036 ; 0.00666879 ; 0.0106406 ; 102.047;
14 ; 7 ; 20 ; 0.00888531 ; 0.018448 ; 0.00826916 ; 102.138;
15 ; 7 ; 20 ; 0.0086738 ; 0.0153897 ; 0.00339239 ; 102.352;
16 ; 7 ; 20 ; 0.0100788 ; 0.0170654 ; -0.0149877 ; 102.905;
17 ; 7 ; 20 ; 0.000342051 ; -0.00644302 ; -0.0136483 ; 102.106;
18 ; 7 ; 20 ; -0.00234753 ; 0.00402589 ; -0.00533924 ; 101.971;
19 ; 7 ; 20 ; -0.016045 ; 0.00555598 ; -0.0118496 ; 101.69;
20 ; 7 ; 20 ; -0.0452743 ; -0.00262999 ; -0.0167473 ; 102.007;
21 ; 7 ; 20 ; 0.0050836 ; 0.00896196 ; -0.0219552 ; 102.737;
4 ; 8 ; 20 ; -0.00219186 ; -0.0290309 ; 0.00153336 ; 101.636;
5 ; 8 ; 20 ; -0.0160719 ; 0.00484708 ; 0.0102411 ; 101.261;
6 ; 8 ; 20 ; -0.000145708 ; -0.00860459 ; 0.0113829 ; 101.725;
7 ; 8 ; 20 ; 0.00503021 ; -0.0127446 ; 0.00714597 ; 101.766;
8 ; 8 ; 20 ; 0.00489624 ; -0.0109475 ; -0.00665958 ; 102.211;
9 ; 8 ; 20 ; 0.0100016 ; 0.00647472 ; -0.00446892 ; 101.906;
10 ; 8 ; 20 ; 0.00729992 ; 0.0023985 ; 0.00278446 ; 101.715;
11 ; 8 ; 20 ; 0.00606423 ; -0.00518742 ; 0.00776956 ; 101.83;
12 ; 8 ; 20 ; -0.002441 ; -0.0129292 ; 0.0113031 ; 101.969;
13 ; 8 ; 20 ; 0.00149511 ; -0.000891105 ; 0.0100524 ; 101.76;
14 ; 8 ; 20 ; 0.00473593 ; 0.0149859 ; 0.00768235 ; 102.014;
15 ; 8 ; 20 ; 0.00367624 ; 0.0151188 ; 0.00368781 ; 102.123;
16 ; 8 ; 20 ; 0.000819403 ; 0.0148224 ; -0.00429034 ; 102.807;
17 ; 8 ; 20 ; 0.0182849 ; -0.0108375 ; -0.00980574 ; 102.274;
18 ; 8 ; 20 ; 0.00361467 ; 0.00242053 ; -0.00451673 ; 101.927;
19 ; 8 ; 20 ; -0.0087005 ; 0.0111142 ; -0.00810845 ; 101.578;
20 ; 8 ; 20 ; -0.0298108 ; 0.00725274 ; -0.0200215 ; 101.595;
21 ; 8 ; 20 ; 0.00426989 ; -0.0202025 ; -0.0418529 ; 102.037;
4 ; 9 ; 20 ; 0.013989 ; 0.0213208 ; -0.0148885 ; 101.554;
5 ; 9 ; 20 ; -0.0193099 ; 0.0101582 ; 0.00646122 ; 101.101;
6 ; 9 ; 20 ; -0.00877844 ; 0.0038553 ; 0.0112473 ; 101.222;
7 ; 9 ; 20 ; 0.00258774 ; -0.00622608 ; 0.00959403 ; 101.337;
8 ; 9 ; 20 ; 0.0130287 ; -0.0112154 ; 0.00848022 ; 101.615;
9 ; 9 ; 20 ; 0.0140228 ; 0.0159922 ; 0.00173547 ; 101.998;
10 ; 9 ; 20 ; 0.0120025 ; 0.00504812 ; 0.00228118 ; 101.936;
11 ; 9 ; 20 ; 0.0128003 ; -0.000617072 ; 0.00923788 ; 101.99;
12 ; 9 ; 20 ; 0.012509 ; -0.00625001 ; 0.0250233 ; 101.77;
13 ; 9 ; 20 ; 0.00136008 ; -0.00357162 ; 0.00585141 ; 101.827;
14 ; 9 ; 20 ; -0.000525659 ; 0.0067356 ; 0.00646098 ; 101.751;
15 ; 9 ; 20 ; -0.00568868 ; 0.0102431 ; 0.00508894 ; 101.791;
16 ; 9 ; 20 ; -0.0111972 ; 0.012308 ; 0.00219589 ; 102.189;
17 ; 9 ; 20 ; 0.0257907 ; 0.0112679 ; -0.00765453 ; 101.732;
18 ; 9 ; 20 ; 0.00904873 ; 0.00605916 ; -0.00793201 ; 101.775;
19 ; 9 ; 20 ; -0.00357126 ; 0.0195983 ; -0.0086556 ; 101.323;
20 ; 9 ; 20 ; -0.00763117 ; 0.0221306 ; -0.0080124 ; 101.067;
21 ; 9 ; 20 ; 0.0266869 ; 0.0162575 ; 0.00122131 ; 101.314;
4 ; 10 ; 20 ; -0.0156943 ; 0.0258501 ; -0.000523837 ; 102.319;
5 ; 10 ; 20 ; -0.00502983 ; 0.0171799 ; 0.00674187 ; 101.658;
6 ; 10 ; 20 ; -0.00779991 ; 0.00975457 ; 0.00430581 ; 101.417;
7 ; 10 ; 20 ; -0.00167372 ; -0.00193891 ; 0.00115673 ; 101.48;
8 ; 10 ; 20 ; -0.00276038 ; -0.00242678 ; 0.00480761 ; 101.246;
9 ; 10 ; 20 ; 0.0192141 ; 0.00556186 ; -0.0014799 ; 101.815;
10 ; 10 ; 20 ; 0.0138679 ; 0.00453207 ; -0.00348563 ; 101.968;
11 ; 10 ; 20 ; 0.0140223 ; 0.00245972 ; -0.00136544 ; 101.966;
12 ; 10 ; 20 ; 0.0149794 ; -0.00590998 ; 0.0154468 ; 101.933;
13 ; 10 ; 20 ; 0.0118235 ; -0.0152612 ; 0.0102713 ; 101.659;
14 ; 10 ; 20 ; -3.36337e-06 ; -0.0020281 ; 0.00527154 ; 101.698;
15 ; 10 ; 20 ; -0.0102888 ; 0.00288559 ; 0.00481944 ; 101.677;
16 ; 10 ; 20 ; -0.0145948 ; 0.0040839 ; 0.00203496 ; 101.598;
17 ; 10 ; 20 ; 0.0114237 ; 0.0187694 ; -0.00165953 ; 102.024;
18 ; 10 ; 20 ; 0.00669402 ; 0.0165091 ; -0.00123331 ; 101.761;
19 ; 10 ; 20 ; -0.0077216 ; 0.0222501 ; -0.00278162 ; 101.52;
20 ; 10 ; 20 ; -0.00976685 ; 0.0214775 ; 0.00248511 ; 100.857;
21 ; 10 ; 20 ; -0.0221817 ; 0.0605701 ; -0.0301077 ; 103.488;
4 ; 11 ; 20 ; -0.026154 ; 0.0485159 ; -0.0310755 ; 101.202;
5 ; 11 ; 20 ; 9.59973e-05 ; -0.0192809 ; 0.00293805 ; 101.742;
6 ; 11 ; 20 ; 0.00335521 ; 0.00632155 ; 0.00397981 ; 101.598;
7 ; 11 ; 20 ; 0.00307547 ; 0.00797162 ; 0.0014545 ; 101.725;
8 ; 11 ; 20 ; -0.000426778 ; -0.01411 ; -0.00874541 ; 101.624;
9 ; 11 ; 20 ; 0.011176 ; -0.00345506 ; 0.000928252 ; 101.077;
10 ; 11 ; 20 ; 0.0174233 ; -0.00340284 ; -0.00503107 ; 101.618;
11 ; 11 ; 20 ; 0.0123708 ; -0.0048583 ; -0.00900144 ; 101.64;
12 ; 11 ; 20 ; 0.0151771 ; 0.000489472 ; -0.0053946 ; 101.61;
13 ; 11 ; 20 ; 0.0199201 ; -0.0211669 ; 0.0188546 ; 101.966;
14 ; 11 ; 20 ; 0.00589635 ; -0.0104174 ; 0.0139895 ; 101.862;
15 ; 11 ; 20 ; -0.0145878 ; -0.000162167 ; 0.0117825 ; 102.104;
16 ; 11 ; 20 ; -0.0240519 ; -0.00372352 ; 0.012913 ; 101.683;
17 ; 11 ; 20 ; -0.0049262 ; 0.00631012 ; 0.00650602 ; 102.092;
18 ; 11 ; 20 ; -0.00284914 ; 0.0119883 ; -0.00178412 ; 101.819;
19 ; 11 ; 20 ; -0.00847211 ; 0.00916712 ; -0.0058444 ; 101.739;
20 ; 11 ; 20 ; -0.0133733 ; 0.0186136 ; 0.00251595 ; 101.401;
21 ; 11 ; 20 ; -0.000753141 ; -0.00898498 ; 0.0178103 ; 99.9587;
4 ; 12 ; 20 ; -0.0135786 ; 0.0260804 ; -0.0272263 ; 102.847;
5 ; 12 ; 20 ; -0.000207455 ; -0.0533885 ; 0.000923496 ; 101.346;
6 ; 12 ; 20 ; 0.00916813 ; 0.00461716 ; 0.0038171 ; 101.698;
7 ; 12 ; 20 ; 0.00668468 ; 0.0162265 ; 0.00316651 ; 101.868;
8 ; 12 ; 20 ; -0.00402894 ; 0.00185055 ; 0.000486635 ; 102.273;
9 ; 12 ; 20 ; 0.0051584 ; 0.00178745 ; 0.00402801 ; 100.447;
10 ; 12 ; 20 ; 0.0182147 ; -0.0107171 ; -0.00450384 ; 101.48;
11 ; 12 ; 20 ; 0.00968635 ; -0.0114619 ; -0.0125558 ; 101.522;
12 ; 12 ; 20 ; -0.0029769 ; 0.000136802 ; -0.0087678 ; 101.274;
13 ; 12 ; 20 ; 0.0211927 ; -0.0196886 ; 0.0245501 ; 102.166;
14 ; 12 ; 20 ; 0.00860983 ; -0.013705 ; 0.0191581 ; 102.01;
15 ; 12 ; 20 ; -0.0162972 ; 0.000987462 ; 0.0151916 ; 102.353;
16 ; 12 ; 20 ; -0.0235337 ; 0.00673934 ; 0.0128736 ; 102.268;
17 ; 12 ; 20 ; -0.0121604 ; -0.000869975 ; 0.00481961 ; 101.791;
18 ; 12 ; 20 ; -0.00613324 ; 0.00540742 ; 0.000889683 ; 101.881;
19 ; 12 ; 20 ; -0.00501155 ; 0.00115435 ; -0.00378833 ; 101.898;
20 ; 12 ; 20 ; 0.00177509 ; 0.000295967 ; 0.00102525 ; 102.128;
21 ; 12 ; 20 ; 0.0331299 ; -0.000773706 ; -0.00150139 ; 101.987;
4 ; 13 ; 20 ; 0.00598564 ; -0.0149712 ; -0.00853644 ; 101.756;
5 ; 13 ; 20 ; -0.0114003 ; -0.00276622 ; 0.0155461 ; 101.701;
6 ; 13 ; 20 ; -0.000744983 ; -0.0122658 ; 0.00379605 ; 101.859;
7 ; 13 ; 20 ; -0.000437811 ; -0.0134302 ; -0.000637022 ; 101.543;
8 ; 13 ; 20 ; -0.0260791 ; -0.0120135 ; -0.012866 ; 100.925;
9 ; 13 ; 20 ; 0.0312164 ; 0.0222522 ; -0.000300894 ; 102.288;
10 ; 13 ; 20 ; 0.0115513 ; 0.0180153 ; -0.000341555 ; 102.349;
11 ; 13 ; 20 ; 0.00499046 ; 0.00966094 ; -0.0012477 ; 101.64;
12 ; 13 ; 20 ; 0.00418217 ; -0.000459547 ; 0.0192179 ; 101.141;
13 ; 13 ; 20 ; -0.00450284 ; 0.00219788 ; 0.00547888 ; 102.257;
14 ; 13 ; 20 ; 0.00286146 ; 0.000967182 ; -0.000497013 ; 101.668;
15 ; 13 ; 20 ; 0.000102338 ; 0.00155373 ; -0.00139804 ; 101.41;
16 ; 13 ; 20 ; 0.00213321 ; -0.00204851 ; 0.0103024 ; 101.569;
17 ; 13 ; 20 ; 0.00838214 ; 0.000180345 ; -0.00541645 ; 101.41;
18 ; 13 ; 20 ; 2.6926e-05 ; -0.00683551 ; -0.00793463 ; 101.704;
19 ; 13 ; 20 ; 0.00882845 ; -0.00405478 ; -0.0010167 ; 101.726;
20 ; 13 ; 20 ; 0.023491 ; 0.0119912 ; 0.0181953 ; 101.356;
21 ; 13 ; 20 ; 0.0211973 ; 0.0340188 ; -0.0254829 ; 102.378;
4 ; 14 ; 20 ; 0.0122864 ; -0.0416323 ; 0.0148497 ; 102.407;
5 ; 14 ; 20 ; 0.000753394 ; -0.00212821 ; 0.0165838 ; 101.9;
6 ; 14 ; 20 ; 0.00217741 ; -0.00959729 ; 0.0101776 ; 101.815;
7 ; 14 ; 20 ; 0.00287095 ; -0.0119517 ; 0.00550645 ; 101.592;
8 ; 14 ; 20 ; -0.0107507 ; -0.00680101 ; -0.00520854 ; 101.281;
9 ; 14 ; 20 ; 0.0249103 ; 0.0235374 ; 0.0069867 ; 101.729;
10 ; 14 ; 20 ; 0.0141808 ; 0.0179478 ; -0.00107915 ; 102.036;
11 ; 14 ; 20 ; 0.00918026 ; 0.0103908 ; -0.0055752 ; 101.626;
12 ; 14 ; 20 ; 0.00720258 ; 0.00809284 ; -0.00181903 ; 101.301;
13 ; 14 ; 20 ; -0.0196828 ; 0.00448292 ; -0.0138979 ; 102.26;
14 ; 14 ; 20 ; -0.00301336 ; 0.00511498 ; -0.00570142 ; 101.89;
15 ; 14 ; 20 ; 0.00247427 ; 0.0048011 ; -0.00138072 ; 101.73;
16 ; 14 ; 20 ; 0.00190299 ; 0.000153027 ; 0.00453516 ; 101.487;
17 ; 14 ; 20 ; 0.00433945 ; -0.00221406 ; -0.00954685 ; 101.611;
18 ; 14 ; 20 ; -0.00115071 ; -0.00541217 ; -0.0119588 ; 101.733;
19 ; 14 ; 20 ; 0.00116034 ; -0.00201729 ; -0.010649 ; 101.807;
20 ; 14 ; 20 ; 0.00965255 ; 0.00264667 ; 0.0102736 ; 101.552;
21 ; 14 ; 20 ; -0.00832796 ; -0.00476052 ; 0.000448271 ; 101.336;
4 ; 15 ; 20 ; -0.00599114 ; -0.0247928 ; 0.00087377 ; 102.805;
5 ; 15 ; 20 ; 0.00999392 ; -0.00958935 ; 0.023413 ; 102.078;
6 ; 15 ; 20 ; 0.00849878 ; -0.0108474 ; 0.0212369 ; 101.884;
7 ; 15 ; 20 ; 0.0135902 ; -0.0112258 ; 0.0146795 ; 101.863;
8 ; 15 ; 20 ; 0.00265527 ; -0.00707534 ; 0.00614901 ; 101.632;
9 ; 15 ; 20 ; 0.00624403 ; 0.0118461 ; 0.00367693 ; 101.52;
10 ; 15 ; 20 ; 0.0136406 ; 0.0157236 ; -0.00167578 ; 101.616;
11 ; 15 ; 20 ; 0.0114889 ; 0.0107077 ; -0.010768 ; 101.674;
12 ; 15 ; 20 ; 0.0109783 ; 0.0131793 ; -0.0200208 ; 101.598;
13 ; 15 ; 20 ; -0.000200424 ; -0.000190987 ; -0.022056 ; 101.923;
14 ; 15 ; 20 ; -0.00292381 ; 0.00665764 ; -0.0166666 ; 102.062;
15 ; 15 ; 20 ; 0.0100036 ; 0.00566006 ; -0.00839675 ; 102.055;
16 ; 15 ; 20 ; 0.0138614 ; 0.00500068 ; 0.00111538 ; 101.917;
17 ; 15 ; 20 ; -0.00107585 ; -0.00102719 ; -0.0186227 ; 101.776;
18 ; 15 ; 20 ; -0.00334683 ; -0.00295079 ; -0.0160835 ; 101.815;
19 ; 15 ; 20 ; -0.00931026 ; -0.00310634 ; -0.0178439 ; 101.861;
20 ; 15 ; 20 ; -0.0140494 ; -0.00158149 ; -0.015657 ; 101.819;
21 ; 15 ; 20 ; -0.0151915 ; -0.00706547 ; 0.017027 ; 102.278;
4 ; 16 ; 20 ; -0.00751244 ; -0.0282871 ; 0.0349005 ; 101.372;
5 ; 16 ; 20 ; 0.0114126 ; 0.000487057 ; 0.00934528 ; 101.7;
6 ; 16 ; 20 ; 0.0122864 ; -0.00975037 ; 0.0170671 ; 101.746;
7 ; 16 ; 20 ; 0.0138923 ; -0.0106623 ; 0.00837218 ; 101.775;
8 ; 16 ; 20 ; 0.0146873 ; -0.0134777 ; 0.00863618 ; 101.905;
9 ; 16 ; 20 ; 0.00179522 ; 2.48871e-06 ; -0.00728271 ; 101.735;
10 ; 16 ; 20 ; 0.00458674 ; 0.0040616 ; -0.00549152 ; 101.598;
11 ; 16 ; 20 ; 0.00722141 ; -0.000979944 ; -0.0112261 ; 101.671;
12 ; 16 ; 20 ; 0.00550685 ; 0.00558221 ; -0.0105591 ; 101.935;
13 ; 16 ; 20 ; 0.0187488 ; -0.0127395 ; 0.00154175 ; 101.714;
14 ; 16 ; 20 ; 0.00776885 ; -0.00211293 ; -0.0147513 ; 101.807;
15 ; 16 ; 20 ; 0.0104757 ; 0.00248855 ; -0.014793 ; 101.885;
16 ; 16 ; 20 ; 0.0277635 ; 0.000708272 ; -0.00880152 ; 102.265;
17 ; 16 ; 20 ; -0.0122405 ; -0.00135117 ; -0.0115674 ; 102.093;
18 ; 16 ; 20 ; -0.00937711 ; -0.000893744 ; -0.0106453 ; 101.863;
19 ; 16 ; 20 ; -0.0112533 ; 0.00337601 ; -0.00398463 ; 101.739;
20 ; 16 ; 20 ; -0.0163887 ; -0.00127805 ; -0.0197354 ; 101.63;
21 ; 16 ; 20 ; -0.0245396 ; 0.0282082 ; -0.0060566 ; 102.15;
4 ; 17 ; 20 ; 0.0441379 ; -0.0144889 ; -0.00612241 ; 101.399;
5 ; 17 ; 20 ; 0.00498032 ; 0.0131166 ; -0.00302429 ; 100.741;
6 ; 17 ; 20 ; 0.00668043 ; -0.00169877 ; 0.00855618 ; 101.387;
7 ; 17 ; 20 ; 0.00722871 ; -0.00654391 ; -0.00185263 ; 101.623;
8 ; 17 ; 20 ; 0.0159024 ; -0.00799284 ; -0.00406999 ; 101.736;
9 ; 17 ; 20 ; 0.014786 ; -0.00534984 ; -0.0146221 ; 101.252;
10 ; 17 ; 20 ; 0.00585402 ; -0.00252439 ; -0.00692991 ; 101.572;
11 ; 17 ; 20 ; 0.00660563 ; -0.00663598 ; -0.00478868 ; 101.611;
12 ; 17 ; 20 ; 0.00158512 ; -0.0129415 ; -0.0173509 ; 101.757;
13 ; 17 ; 20 ; 0.0141766 ; -0.0127153 ; -0.0052368 ; 102.169;
14 ; 17 ; 20 ; 0.0112755 ; -0.00895242 ; -0.00641121 ; 101.855;
15 ; 17 ; 20 ; -0.00212619 ; 0.00164826 ; -0.00916207 ; 101.776;
16 ; 17 ; 20 ; 0.00604203 ; 0.00452088 ; -0.0178094 ; 101.768;
17 ; 17 ; 20 ; -0.0224114 ; -0.00474265 ; 0.00920865 ; 102.293;
18 ; 17 ; 20 ; -0.0113631 ; 0.0044677 ; 0.00163182 ; 101.953;
19 ; 17 ; 20 ; -0.00304151 ; 0.0120442 ; 0.0113069 ; 101.746;
20 ; 17 ; 20 ; -0.00987497 ; 0.0120917 ; 0.0190713 ; 101.488;
21 ; 17 ; 20 ; -0.00159089 ; 0.0213325 ; 0.00877648 ; 102.014;
4 ; 18 ; 20 ; -0.0566396 ; -0.0117879 ; -0.00319745 ; 102.681;
5 ; 18 ; 20 ; -0.00214279 ; 0.0104375 ; 0.000360735 ; 100.314;
6 ; 18 ; 20 ; 0.00250642 ; 0.00646177 ; 0.00315683 ; 101.08;
7 ; 18 ; 20 ; 7.58856e-05 ; -0.00334082 ; -0.00754399 ; 101.416;
8 ; 18 ; 20 ; 0.00136044 ; -0.00343353 ; -0.0103234 ; 101.029;
9 ; 18 ; 20 ; 0.0236682 ; -0.00454408 ; -0.0136226 ; 100.782;
10 ; 18 ; 20 ; 0.00919307 ; -0.00551952 ; -0.00788332 ; 101.508;
11 ; 18 ; 20 ; 0.00860673 ; -0.00950624 ; -0.00117259 ; 101.545;
12 ; 18 ; 20 ; 0.00215208 ; -0.0178422 ; -0.0128111 ; 101.4;
13 ; 18 ; 20 ; 0.0107021 ; -0.00827529 ; -0.0259136 ; 102.55;
14 ; 18 ; 20 ; 0.00801553 ; -0.00964979 ; 4.74346e-05 ; 102.001;
15 ; 18 ; 20 ; -0.0117008 ; 0.00379228 ; -0.00130428 ; 101.831;
16 ; 18 ; 20 ; -0.0232261 ; 0.0103208 ; -0.00432298 ; 101.909;
17 ; 18 ; 20 ; -0.0226566 ; -0.00631317 ; 0.0188062 ; 102.317;
18 ; 18 ; 20 ; -0.0124507 ; 0.00743835 ; 0.00768072 ; 101.99;
19 ; 18 ; 20 ; 0.00117219 ; 0.0196294 ; 0.015172 ; 101.802;
20 ; 18 ; 20 ; -0.00163464 ; 0.0202858 ; 0.0221971 ; 101.664;
21 ; 18 ; 20 ; 0.0363613 ; 0.0345339 ; -0.00579978 ; 101.877;
4 ; 19 ; 20 ; 0.019875 ; -0.0104836 ; 3.54449e-05 ; 100.889;
5 ; 19 ; 20 ; 0.00374761 ; -0.0121397 ; 0.00538387 ; 101.427;
6 ; 19 ; 20 ; -0.00243241 ; -0.00424761 ; 0.0257299 ; 101.668;
7 ; 19 ; 20 ; 0.00258088 ; 0.0128165 ; 0.0261855 ; 101.531;
8 ; 19 ; 20 ; 0.00251816 ; 0.0622269 ; -0.0114421 ; 100.906;
9 ; 19 ; 20 ; 0.0120342 ; -0.00755047 ; -0.00751015 ; 101.634;
10 ; 19 ; 20 ; 0.0247024 ; -0.0114041 ; -0.00135496 ; 101.911;
11 ; 19 ; 20 ; 0.0240798 ; -0.0123 ; 0.00569767 ; 101.784;
12 ; 19 ; 20 ; 0.000337951 ; 7.44828e-06 ; 0.00259839 ; 101.821;
13 ; 19 ; 20 ; 0.00598526 ; -0.0100244 ; 0.00792739 ; 101.562;
14 ; 19 ; 20 ; 0.00586414 ; -0.0106673 ; 0.00391907 ; 101.896;
15 ; 19 ; 20 ; 0.00436989 ; -0.0140464 ; 0.0119282 ; 102.061;
16 ; 19 ; 20 ; 0.0179507 ; -0.0177125 ; 0.0166046 ; 101.894;
17 ; 19 ; 20 ; 0.013041 ; 0.0154921 ; -0.0228387 ; 101.987;
18 ; 19 ; 20 ; 0.00596463 ; 0.0161432 ; -0.0133186 ; 101.875;
19 ; 19 ; 20 ; -0.00890255 ; 0.00519486 ; -0.00135645 ; 101.829;
20 ; 19 ; 20 ; -0.00169219 ; 0.0101889 ; -0.000136686 ; 101.334;
21 ; 19 ; 20 ; 0.000955908 ; 0.00319716 ; 0.0301718 ; 101.846;
4 ; 20 ; 20 ; 0.017126 ; 0.00957335 ; -0.0265683 ; 101.731;
5 ; 20 ; 20 ; 0.020728 ; -0.0212928 ; 0.00796061 ; 101.777;
6 ; 20 ; 20 ; 0.00808022 ; -0.00835286 ; 0.0138096 ; 101.678;
7 ; 20 ; 20 ; 0.00697388 ; 0.00927183 ; 0.0123587 ; 101.707;
8 ; 20 ; 20 ; 0.00224624 ; 0.0370417 ; 0.012971 ; 101.332;
9 ; 20 ; 20 ; 0.00969499 ; -0.0172804 ; 0.000268347 ; 101.651;
10 ; 20 ; 20 ; 0.0203552 ; -0.0128482 ; -0.000927537 ; 101.986;
11 ; 20 ; 20 ; 0.021779 ; -0.0170098 ; -0.0014886 ; 102.047;
12 ; 20 ; 20 ; 0.018121 ; -0.00439303 ; 0.00322924 ; 101.774;
13 ; 20 ; 20 ; 0.00145825 ; 0.0116453 ; 0.00330977 ; 100.701;
14 ; 20 ; 20 ; 0.00314326 ; -0.0048139 ; 0.00098047 ; 101.607;
15 ; 20 ; 20 ; 0.00282239 ; -0.0118665 ; 0.0113094 ; 101.813;
16 ; 20 ; 20 ; 0.00799547 ; -0.0173343 ; 0.01557 ; 101.892;
17 ; 20 ; 20 ; 0.0011536 ; 0.0191066 ; -0.0225145 ; 101.893;
18 ; 20 ; 20 ; 0.000795166 ; 0.0146071 ; -0.0146494 ; 101.864;
19 ; 20 ; 20 ; -0.00818292 ; 0.0072518 ; -0.00294966 ; 101.901;
20 ; 20 ; 20 ; -0.0135581 ; 0.00109543 ; -0.00168372 ; 101.859;
21 ; 20 ; 20 ; 0.0206046 ; -0.0159444 ; -0.0262587 ; 103.079;
4 ; 21 ; 20 ; 0.0244803 ; 0.0304966 ; 0.0071475 ; 101.483;
5 ; 21 ; 20 ; 0.0371275 ; -0.0182022 ; 0.00309826 ; 102.26;
6 ; 21 ; 20 ; 0.0164903 ; -0.0145264 ; 0.00390982 ; 101.57;
7 ; 21 ; 20 ; 0.0107296 ; 0.00170959 ; 0.00556289 ; 101.873;
8 ; 21 ; 20 ; 0.00633196 ; 0.0106352 ; 0.0263793 ; 101.935;
9 ; 21 ; 20 ; -0.00589263 ; -0.00853098 ; 0.0149247 ; 101.616;
10 ; 21 ; 20 ; 0.0201335 ; -0.0180042 ; -0.00129242 ; 102.002;
11 ; 21 ; 20 ; 0.0256104 ; -0.0223846 ; -0.00579654 ; 102.221;
12 ; 21 ; 20 ; 0.0208132 ; -0.0190229 ; -0.00527622 ; 101.872;
13 ; 21 ; 20 ; -0.00459049 ; 0.0199127 ; -0.000662282 ; 99.9881;
14 ; 21 ; 20 ; 0.0011045 ; 0.000551109 ; 0.00170747 ; 101.341;
15 ; 21 ; 20 ; -0.000490767 ; -0.0103694 ; 0.0131802 ; 101.579;
16 ; 21 ; 20 ; -0.00598902 ; -0.00603149 ; 0.0214882 ; 101.35;
17 ; 21 ; 20 ; -0.0155676 ; 0.0277803 ; -0.0166479 ; 101.658;
18 ; 21 ; 20 ; -0.00355739 ; 0.0102786 ; -0.01851 ; 101.986;
19 ; 21 ; 20 ; -0.0120764 ; 0.00542265 ; -0.00549104 ; 102.12;
20 ; 21 ; 20 ; -0.012567 ; 0.00155247 ; 0.00392957 ; 102.102;
21 ; 21 ; 20 ; -0.0153556 ; -0.0135386 ; 0.023043 ; 102.707;
4 ; 4 ; 21 ; -0.0259242 ; 0.0457669 ; 0.0175263 ; 101.003;
5 ; 4 ; 21 ; -0.00433479 ; 0.0367068 ; 0.00492251 ; 102.415;
6 ; 4 ; 21 ; 0.00623938 ; 0.035854 ; -0.0235257 ; 101.647;
7 ; 4 ; 21 ; 0.0322191 ; -0.00997719 ; 0.0276393 ; 103.531;
8 ; 4 ; 21 ; -0.0447538 ; 0.0107794 ; -0.0199812 ; 102.296;
9 ; 4 ; 21 ; -0.00937097 ; 0.0245947 ; 0.00314964 ; 100.406;
10 ; 4 ; 21 ; -0.021885 ; -0.0132988 ; -0.00194442 ; 101.797;
11 ; 4 ; 21 ; 0.00396329 ; -0.0035217 ; 0.000261877 ; 101.276;
12 ; 4 ; 21 ; 0.0169076 ; 0.00860651 ; -0.025946 ; 102.871;
13 ; 4 ; 21 ; -0.0184684 ; -0.0172568 ; -0.0119253 ; 102.397;
14 ; 4 ; 21 ; 0.0150641 ; 0.0318869 ; -0.0028904 ; 100.711;
15 ; 4 ; 21 ; -0.021338 ; 0.0258718 ; 0.0511665 ; 102.028;
16 ; 4 ; 21 ; 0.0349067 ; 0.00682566 ; 0.00149778 ; 101.319;
17 ; 4 ; 21 ; 0.0574775 ; 0.0170285 ; -0.0281556 ; 100.525;
18 ; 4 ; 21 ; -0.0094157 ; -0.00836562 ; 0.00526805 ; 102.21;
19 ; 4 ; 21 ; 0.0125078 ; 0.00359482 ; 0.00885237 ; 101.755;
20 ; 4 ; 21 ; 0.00314955 ; 0.0137592 ; 0.000135124 ; 101.878;
21 ; 4 ; 21 ; -0.0172631 ; 0.00711848 ; 0.0109236 ; 101.524;
4 ; 5 ; 21 ; 0.00381063 ; 0.005523 ; -0.0073461 ; 102.395;
5 ; 5 ; 21 ; -0.0477322 ; -0.0254884 ; 0.038841 ; 101.757;
6 ; 5 ; 21 ; -0.0158043 ; 0.0191694 ; 0.00138073 ; 101.611;
7 ; 5 ; 21 ; 0.00959243 ; 0.00605315 ; 0.0247877 ; 102.766;
8 ; 5 ; 21 ; -0.013959 ; 0.00926319 ; -0.0084656 ; 102.208;
9 ; 5 ; 21 ; 0.0243464 ; 0.00437208 ; -0.0151509 ; 101.296;
10 ; 5 ; 21 ; -0.000233436 ; -0.00690239 ; 0.00201574 ; 101.701;
11 ; 5 ; 21 ; 0.0138403 ; -0.00379949 ; 0.0185068 ; 101.651;
12 ; 5 ; 21 ; 0.0213152 ; 0.00517503 ; -0.00363447 ; 102.423;
13 ; 5 ; 21 ; -0.0220535 ; 0.010113 ; -0.0256227 ; 101.371;
14 ; 5 ; 21 ; -0.00674132 ; 0.0214689 ; -0.0121727 ; 101.442;
15 ; 5 ; 21 ; -0.0213567 ; 0.0216324 ; 0.0232359 ; 102.311;
16 ; 5 ; 21 ; 0.0305329 ; 0.0089575 ; 0.00209986 ; 101.165;
17 ; 5 ; 21 ; -0.0339905 ; -0.0301031 ; -0.00435654 ; 102.841;
18 ; 5 ; 21 ; -0.0124116 ; -0.0130817 ; 0.00610102 ; 102.23;
19 ; 5 ; 21 ; 0.0129681 ; -0.00116122 ; -0.000431333 ; 102.016;
20 ; 5 ; 21 ; 0.00441769 ; 0.00509806 ; -0.00631672 ; 102.055;
21 ; 5 ; 21 ; -0.0265294 ; 0.00781119 ; -0.0188779 ; 102.838;
4 ; 6 ; 21 ; 0.00939228 ; -0.0127993 ; 0.0194221 ; 101.564;
5 ; 6 ; 21 ; -0.00672829 ; -0.0121072 ; 0.0226854 ; 102.081;
6 ; 6 ; 21 ; -0.0221712 ; -0.00433181 ; 0.0218553 ; 101.664;
7 ; 6 ; 21 ; -0.00405348 ; 0.0102951 ; 0.0107239 ; 101.552;
8 ; 6 ; 21 ; 0.0212103 ; -0.00224555 ; -0.00315788 ; 101.976;
9 ; 6 ; 21 ; 0.0247301 ; 0.0135097 ; 0.00569292 ; 101.251;
10 ; 6 ; 21 ; 0.0280378 ; 0.00189112 ; 0.00408805 ; 101.376;
11 ; 6 ; 21 ; 0.0305768 ; -0.00554326 ; 0.0203992 ; 101.672;
12 ; 6 ; 21 ; 0.0249195 ; -0.00359069 ; 0.0185416 ; 101.725;
13 ; 6 ; 21 ; 0.0154222 ; 0.0205085 ; -0.0203371 ; 102.226;
14 ; 6 ; 21 ; -0.0104945 ; 0.00616673 ; -0.0263723 ; 102.122;
15 ; 6 ; 21 ; -0.00617842 ; 0.00167467 ; -0.0222062 ; 102.246;
16 ; 6 ; 21 ; 0.02156 ; 0.00536141 ; -0.00977323 ; 101.303;
17 ; 6 ; 21 ; 0.00991455 ; 0.000752445 ; -0.00643739 ; 102.999;
18 ; 6 ; 21 ; -0.00674632 ; -0.0109556 ; 0.00261587 ; 102.371;
19 ; 6 ; 21 ; -0.00208777 ; -0.00393214 ; -0.010658 ; 102.237;
20 ; 6 ; 21 ; -0.00982454 ; -5.38168e-05 ; -0.0118358 ; 102.104;
21 ; 6 ; 21 ; -0.032471 ; 0.0097419 ; 0.0132188 ; 100.7;
4 ; 7 ; 21 ; -0.0146757 ; 0.0139625 ; 0.0156685 ; 101.985;
5 ; 7 ; 21 ; 0.00960225 ; -0.00366102 ; -0.0109795 ; 101.234;
6 ; 7 ; 21 ; 0.0106088 ; -0.0170828 ; 0.017841 ; 101.599;
7 ; 7 ; 21 ; 0.0173693 ; -0.0355376 ; -0.026686 ; 101.438;
8 ; 7 ; 21 ; -0.00879636 ; 0.0126293 ; -0.00547935 ; 100.188;
9 ; 7 ; 21 ; 0.00916965 ; -0.00359993 ; -0.014273 ; 101.012;
10 ; 7 ; 21 ; 0.0205085 ; 0.0183217 ; 0.00569192 ; 101.552;
11 ; 7 ; 21 ; -0.00627442 ; -0.0174277 ; -0.0227413 ; 101.655;
12 ; 7 ; 21 ; 0.0133483 ; 0.0499508 ; 0.0231183 ; 101.556;
13 ; 7 ; 21 ; -0.00742902 ; -0.00442229 ; 0.0087444 ; 101.892;
14 ; 7 ; 21 ; 0.018004 ; 0.00478527 ; -0.00559474 ; 101.404;
15 ; 7 ; 21 ; 0.0530232 ; -0.00396202 ; -0.00994261 ; 102.615;
16 ; 7 ; 21 ; 0.0368724 ; 0.0218168 ; 0.00862277 ; 101.243;
17 ; 7 ; 21 ; 0.0308132 ; 0.00335134 ; -0.011085 ; 101.341;
18 ; 7 ; 21 ; 0.000161532 ; 0.0183797 ; -0.00916207 ; 102.538;
19 ; 7 ; 21 ; 0.0147125 ; 0.00317798 ; -0.0125265 ; 102.202;
20 ; 7 ; 21 ; -0.00979916 ; 0.0153161 ; -0.00593096 ; 101.718;
21 ; 7 ; 21 ; -0.0242612 ; 0.00765259 ; -0.0125372 ; 102.257;
4 ; 8 ; 21 ; 0.0260264 ; -0.0252556 ; -0.0178592 ; 100.783;
5 ; 8 ; 21 ; 0.0279538 ; 0.0125029 ; 0.000937374 ; 101.136;
6 ; 8 ; 21 ; 0.0157966 ; -0.00874701 ; 0.0137258 ; 101.738;
7 ; 8 ; 21 ; 0.0129221 ; -0.0243388 ; -0.0107343 ; 101.945;
8 ; 8 ; 21 ; -0.00331879 ; 0.00668636 ; 5.59556e-06 ; 101.149;
9 ; 8 ; 21 ; -0.00904669 ; -0.0257395 ; -0.00694835 ; 102.451;
10 ; 8 ; 21 ; 0.0174084 ; 0.006863 ; -0.00489518 ; 101.937;
11 ; 8 ; 21 ; 0.0113931 ; -0.00947786 ; -0.00924768 ; 101.831;
12 ; 8 ; 21 ; 0.0148598 ; 0.0196435 ; 0.0219468 ; 101.452;
13 ; 8 ; 21 ; 0.0209295 ; -0.0314574 ; -0.0358968 ; 102.446;
14 ; 8 ; 21 ; 0.0181551 ; -0.00564955 ; -0.0073255 ; 101.732;
15 ; 8 ; 21 ; 0.0333705 ; 0.00204151 ; -0.00258922 ; 102.36;
16 ; 8 ; 21 ; 0.0191103 ; 0.0214336 ; -0.00527036 ; 101.546;
17 ; 8 ; 21 ; -0.0160785 ; 0.0198665 ; -0.00818985 ; 101.731;
18 ; 8 ; 21 ; -0.00216966 ; 0.0212757 ; -0.00459937 ; 102.112;
19 ; 8 ; 21 ; 0.0131708 ; 0.0121321 ; -0.00112828 ; 101.741;
20 ; 8 ; 21 ; 0.00139713 ; 0.011488 ; -0.00300787 ; 101.552;
21 ; 8 ; 21 ; -0.031423 ; -0.011615 ; 0.00938722 ; 101.869;
4 ; 9 ; 21 ; 0.0067288 ; 0.0133019 ; -0.00262676 ; 101.183;
5 ; 9 ; 21 ; 0.00560836 ; 0.0364804 ; 0.000455928 ; 101.834;
6 ; 9 ; 21 ; 0.0130418 ; 0.00709992 ; 0.00981592 ; 101.8;
7 ; 9 ; 21 ; 0.00587825 ; -0.0116614 ; 0.0080905 ; 102.222;
8 ; 9 ; 21 ; 0.0132852 ; -0.000927206 ; 0.00240133 ; 102.064;
9 ; 9 ; 21 ; 0.0448276 ; 0.0201875 ; -0.0236205 ; 101.265;
10 ; 9 ; 21 ; 0.0140717 ; -0.00261567 ; -0.0188162 ; 101.962;
11 ; 9 ; 21 ; 0.014896 ; -0.00800881 ; 0.000821465 ; 101.849;
12 ; 9 ; 21 ; 0.00866119 ; -0.0175158 ; 0.0143728 ; 101.717;
13 ; 9 ; 21 ; 0.0173773 ; 0.00683147 ; 0.00594719 ; 101.921;
14 ; 9 ; 21 ; 0.014294 ; -0.0109832 ; -0.00267781 ; 102.042;
15 ; 9 ; 21 ; 0.00686596 ; -0.00229218 ; 0.00494042 ; 102.092;
16 ; 9 ; 21 ; 0.00391189 ; 0.000999261 ; -0.0123558 ; 102.016;
17 ; 9 ; 21 ; 0.0169254 ; 0.00547824 ; -0.00444882 ; 102.812;
18 ; 9 ; 21 ; 0.00532307 ; 0.0136722 ; 0.00338865 ; 101.879;
19 ; 9 ; 21 ; 0.0184959 ; 0.00920817 ; 0.0105123 ; 101.567;
20 ; 9 ; 21 ; 0.0143925 ; 0.00299031 ; -0.0027837 ; 101.723;
21 ; 9 ; 21 ; 0.0119119 ; 0.0183608 ; -0.0112964 ; 102.769;
4 ; 10 ; 21 ; -0.00531905 ; -0.0105362 ; -0.0245938 ; 101.349;
5 ; 10 ; 21 ; 0.0320997 ; 0.0119926 ; 0.0345687 ; 101.426;
6 ; 10 ; 21 ; 0.00927168 ; 0.0163786 ; 0.0125955 ; 101.797;
7 ; 10 ; 21 ; 0.000506202 ; -0.0035644 ; 0.00385443 ; 101.877;
8 ; 10 ; 21 ; 0.0138447 ; -0.00753797 ; -0.00216678 ; 101.563;
9 ; 10 ; 21 ; 0.0231616 ; -0.00975122 ; -0.0307905 ; 101.741;
10 ; 10 ; 21 ; 0.0162276 ; 0.000741954 ; -0.023899 ; 101.495;
11 ; 10 ; 21 ; -0.00104758 ; -0.0112318 ; -0.01479 ; 101.528;
12 ; 10 ; 21 ; 0.000743902 ; -0.0125786 ; -0.00447456 ; 101.999;
13 ; 10 ; 21 ; -0.00672824 ; 0.022814 ; -0.00798361 ; 101.977;
14 ; 10 ; 21 ; 0.00929044 ; 0.00383908 ; -0.000546996 ; 101.743;
15 ; 10 ; 21 ; 0.00863274 ; -0.00711298 ; -0.0085443 ; 102.037;
16 ; 10 ; 21 ; 0.0125595 ; -0.0144233 ; -0.0138199 ; 102.199;
17 ; 10 ; 21 ; -0.00108817 ; -0.0123823 ; 0.0300817 ; 100.952;
18 ; 10 ; 21 ; 0.010857 ; 0.000292949 ; 0.016823 ; 101.766;
19 ; 10 ; 21 ; 0.0089263 ; 0.0044119 ; 0.00509916 ; 102.306;
20 ; 10 ; 21 ; -0.0058253 ; 0.00310815 ; -0.0112068 ; 102.498;
21 ; 10 ; 21 ; -0.0156221 ; -0.0190252 ; -0.00835642 ; 101.769;
4 ; 11 ; 21 ; -0.00206534 ; -0.0199247 ; 0.0125604 ; 101.071;
5 ; 11 ; 21 ; -0.00632028 ; -0.0215043 ; -0.0194229 ; 102.696;
6 ; 11 ; 21 ; 0.010952 ; 0.0127063 ; -0.001136 ; 102.001;
7 ; 11 ; 21 ; 0.00704887 ; 0.022283 ; -0.00581916 ; 101.812;
8 ; 11 ; 21 ; 0.0148422 ; 0.00134952 ; 0.00225958 ; 101.493;
9 ; 11 ; 21 ; 0.0178628 ; -0.0284211 ; -0.00362564 ; 102.484;
10 ; 11 ; 21 ; 0.0179622 ; -0.0103862 ; -0.0126802 ; 101.754;
11 ; 11 ; 21 ; 0.00260247 ; -0.00571684 ; -0.0126384 ; 101.466;
12 ; 11 ; 21 ; -0.00124589 ; -0.00816165 ; -0.0114685 ; 101.524;
13 ; 11 ; 21 ; -0.021323 ; -0.000849133 ; 0.026824 ; 101.966;
14 ; 11 ; 21 ; -0.00201561 ; 0.00524808 ; 0.00465638 ; 101.729;
15 ; 11 ; 21 ; 0.00618605 ; 8.72536e-05 ; -0.0153865 ; 102.051;
16 ; 11 ; 21 ; 0.0104787 ; -0.00426752 ; -0.0157659 ; 102.127;
17 ; 11 ; 21 ; 0.0247372 ; -0.0152814 ; 0.0242934 ; 102.267;
18 ; 11 ; 21 ; 0.000172609 ; -0.00270195 ; 0.0190392 ; 101.669;
19 ; 11 ; 21 ; -0.0166381 ; 0.010151 ; 0.000486294 ; 102.447;
20 ; 11 ; 21 ; -0.012182 ; 0.00723785 ; -0.00823741 ; 102.455;
21 ; 11 ; 21 ; -0.0113135 ; -0.0346518 ; -0.0163717 ; 101.795;
4 ; 12 ; 21 ; -0.0266435 ; 0.0279854 ; 0.0246146 ; 102.072;
5 ; 12 ; 21 ; -0.00241773 ; -0.0580827 ; 0.0132666 ; 102.086;
6 ; 12 ; 21 ; -0.00270103 ; -0.00715776 ; -0.0114784 ; 101.987;
7 ; 12 ; 21 ; 0.0100661 ; 0.0284825 ; -0.0148102 ; 101.61;
8 ; 12 ; 21 ; 0.0297191 ; 0.018198 ; -0.00302788 ; 101.672;
9 ; 12 ; 21 ; 0.0710742 ; -0.0176451 ; -0.0158178 ; 100.839;
10 ; 12 ; 21 ; 0.0395225 ; -0.0161674 ; -0.00316195 ; 101.542;
11 ; 12 ; 21 ; 0.0182543 ; -0.0100706 ; 6.16523e-05 ; 101.319;
12 ; 12 ; 21 ; 0.000801311 ; -0.0124432 ; -0.00168957 ; 101.15;
13 ; 12 ; 21 ; 0.0299389 ; -0.0329137 ; 0.0180243 ; 102.409;
14 ; 12 ; 21 ; 0.00627509 ; -0.00947508 ; 0.014416 ; 102.25;
15 ; 12 ; 21 ; 0.011516 ; 0.000676203 ; -0.00723961 ; 102.207;
16 ; 12 ; 21 ; 0.0132297 ; -0.00054062 ; -0.00938858 ; 101.923;
17 ; 12 ; 21 ; -0.0137219 ; 0.0151607 ; -0.0199912 ; 101.441;
18 ; 12 ; 21 ; -0.006269 ; 0.00206309 ; -0.00636166 ; 101.912;
19 ; 12 ; 21 ; -0.0104316 ; -0.000241246 ; -0.0178304 ; 101.925;
20 ; 12 ; 21 ; 0.0146991 ; 0.00232135 ; -0.0106466 ; 101.754;
21 ; 12 ; 21 ; -0.0165013 ; -0.0135696 ; 0.000569677 ; 101.83;
4 ; 13 ; 21 ; -0.0136533 ; -0.0203208 ; 0.000899698 ; 101.51;
5 ; 13 ; 21 ; -0.0185129 ; -0.0179782 ; 0.0190748 ; 101.296;
6 ; 13 ; 21 ; 0.0145635 ; 0.0427795 ; 0.0113759 ; 102.169;
7 ; 13 ; 21 ; 0.00223894 ; -0.022426 ; 0.019051 ; 100.52;
8 ; 13 ; 21 ; 0.0226839 ; 0.0321559 ; -0.0557168 ; 101.242;
9 ; 13 ; 21 ; 0.0207394 ; -0.0368224 ; -0.00504569 ; 102.442;
10 ; 13 ; 21 ; -0.00471191 ; 0.0170164 ; 0.00716723 ; 101.502;
11 ; 13 ; 21 ; 0.00196607 ; 0.0012408 ; -0.00857165 ; 101.197;
12 ; 13 ; 21 ; -0.00751441 ; 0.0323014 ; -0.0135577 ; 100.571;
13 ; 13 ; 21 ; 0.0229935 ; 0.0173948 ; -0.028196 ; 101.804;
14 ; 13 ; 21 ; 0.0264014 ; 0.00460897 ; 0.00750049 ; 101.178;
15 ; 13 ; 21 ; -0.0133455 ; 0.00068168 ; -0.0159827 ; 103.296;
16 ; 13 ; 21 ; 0.0185058 ; 0.0151158 ; -0.00825086 ; 101.392;
17 ; 13 ; 21 ; 0.0194647 ; -0.00220006 ; -0.0128683 ; 101.157;
18 ; 13 ; 21 ; 0.0153087 ; 0.00817314 ; -0.0323922 ; 102.203;
19 ; 13 ; 21 ; 0.00691022 ; -0.0159889 ; -0.0265554 ; 101.294;
20 ; 13 ; 21 ; -0.00316311 ; 0.0159141 ; 0.0289261 ; 101.833;
21 ; 13 ; 21 ; 0.00112286 ; -0.00358762 ; 0.00681514 ; 101.951;
4 ; 14 ; 21 ; 0.0108048 ; 0.0160743 ; 0.0280737 ; 101.849;
5 ; 14 ; 21 ; -0.0413242 ; 0.00511307 ; -0.0119177 ; 102.269;
6 ; 14 ; 21 ; -0.000713736 ; 0.0239557 ; 0.00408403 ; 102.306;
7 ; 14 ; 21 ; -0.000420378 ; -0.0125276 ; 0.00579542 ; 101.319;
8 ; 14 ; 21 ; 0.00572205 ; 0.0131646 ; -0.0334006 ; 101.601;
9 ; 14 ; 21 ; -0.0189783 ; -0.01817 ; -0.0122387 ; 100.902;
10 ; 14 ; 21 ; -0.00815565 ; 0.00713923 ; 0.00185018 ; 101.417;
11 ; 14 ; 21 ; 0.00077651 ; -0.00289835 ; -0.00127642 ; 101.616;
12 ; 14 ; 21 ; -0.00346227 ; 0.013661 ; -0.00384587 ; 101.38;
13 ; 14 ; 21 ; 0.0322005 ; 0.0145435 ; 0.0325104 ; 102.374;
14 ; 14 ; 21 ; 0.0309268 ; 0.00838916 ; 0.014908 ; 101.418;
15 ; 14 ; 21 ; 0.00792104 ; 0.00649225 ; -0.00882858 ; 102.141;
16 ; 14 ; 21 ; 0.0255714 ; 0.0133721 ; -0.00355486 ; 101.251;
17 ; 14 ; 21 ; 0.0152727 ; -0.0217641 ; 0.0329502 ; 101.386;
18 ; 14 ; 21 ; 0.0212895 ; 0.0048755 ; -0.0105297 ; 101.754;
19 ; 14 ; 21 ; 0.0128109 ; -0.00629955 ; -0.015801 ; 101.248;
20 ; 14 ; 21 ; -0.00202465 ; 0.00265156 ; 0.0209173 ; 101.785;
21 ; 14 ; 21 ; 0.00410975 ; -0.020323 ; -0.00847114 ; 101.154;
4 ; 15 ; 21 ; 0.0282231 ; 0.0371929 ; 0.0343289 ; 102.503;
5 ; 15 ; 21 ; 0.0169703 ; 0.0242908 ; -0.00818271 ; 101.152;
6 ; 15 ; 21 ; 0.00414809 ; 0.00752408 ; -0.0027523 ; 101.856;
7 ; 15 ; 21 ; 0.00655122 ; -0.000427994 ; -0.00466739 ; 101.912;
8 ; 15 ; 21 ; -0.0127911 ; -0.00509935 ; -0.00422956 ; 101.725;
9 ; 15 ; 21 ; 0.00426093 ; 0.0283225 ; -0.0289323 ; 101.502;
10 ; 15 ; 21 ; 0.00377116 ; 0.00923068 ; -0.0195604 ; 101.604;
11 ; 15 ; 21 ; 0.00889111 ; 0.00205505 ; -0.0123672 ; 102.118;
12 ; 15 ; 21 ; 0.000915416 ; -0.00620495 ; -0.00795451 ; 102.018;
13 ; 15 ; 21 ; 0.0120429 ; -0.00143462 ; 0.0382396 ; 100.541;
14 ; 15 ; 21 ; 0.0275113 ; 0.00447489 ; 0.0279777 ; 101.332;
15 ; 15 ; 21 ; 0.0246076 ; 0.00266946 ; 0.00534853 ; 101.04;
16 ; 15 ; 21 ; 0.0123763 ; 0.00716318 ; 0.000844106 ; 101.272;
17 ; 15 ; 21 ; -0.0109331 ; -0.0140823 ; -0.0136167 ; 101.297;
18 ; 15 ; 21 ; 0.0190056 ; -0.00784437 ; 0.00749593 ; 101.43;
19 ; 15 ; 21 ; 0.0197985 ; -0.000164778 ; -0.000311357 ; 101.484;
20 ; 15 ; 21 ; 0.00302269 ; 0.00186753 ; 0.00879247 ; 101.848;
21 ; 15 ; 21 ; 0.0298388 ; -0.00790339 ; -0.00919121 ; 101.91;
4 ; 16 ; 21 ; -0.0080349 ; 0.025735 ; -0.00947785 ; 101.857;
5 ; 16 ; 21 ; 0.0129765 ; -0.0155771 ; 0.0253999 ; 102.505;
6 ; 16 ; 21 ; 0.0200757 ; 0.00612523 ; 0.01262 ; 101.715;
7 ; 16 ; 21 ; 0.0157452 ; 0.0047213 ; 0.010741 ; 101.741;
8 ; 16 ; 21 ; 0.000554529 ; 0.00317543 ; 0.000299516 ; 101.383;
9 ; 16 ; 21 ; 0.00305023 ; 0.0111512 ; -0.0098442 ; 102.436;
10 ; 16 ; 21 ; 0.0186198 ; 0.0175406 ; -0.0227278 ; 101.991;
11 ; 16 ; 21 ; 0.0221844 ; 0.00436619 ; -0.0172118 ; 101.549;
12 ; 16 ; 21 ; 0.00761908 ; 0.00181863 ; -0.00995369 ; 101.233;
13 ; 16 ; 21 ; -0.0382004 ; 0.00867136 ; 0.0368252 ; 102.309;
14 ; 16 ; 21 ; 0.000358595 ; 0.000543486 ; 0.027377 ; 101.232;
15 ; 16 ; 21 ; 0.00752209 ; -0.0031503 ; 0.00580348 ; 101.45;
16 ; 16 ; 21 ; -0.00737055 ; 0.00326534 ; 0.00171602 ; 101.605;
17 ; 16 ; 21 ; 0.034407 ; 0.0178485 ; -0.00948009 ; 101.605;
18 ; 16 ; 21 ; 0.0142333 ; -0.0120262 ; -0.00537279 ; 101.955;
19 ; 16 ; 21 ; 0.00881121 ; -0.0182442 ; -0.00648895 ; 102.038;
20 ; 16 ; 21 ; -0.00516957 ; -0.00169769 ; -0.00243974 ; 101.695;
21 ; 16 ; 21 ; 0.0017978 ; -0.0265829 ; 0.0205168 ; 101.631;
4 ; 17 ; 21 ; 0.0249479 ; -0.00315943 ; 0.0132244 ; 101.354;
5 ; 17 ; 21 ; -0.00770958 ; 0.0190249 ; 0.00414002 ; 101.714;
6 ; 17 ; 21 ; 0.00146829 ; 0.00822242 ; 0.0232704 ; 102.255;
7 ; 17 ; 21 ; 0.00404628 ; 0.0121102 ; 0.0183486 ; 102.099;
8 ; 17 ; 21 ; 0.00736735 ; 0.00513969 ; -0.00393023 ; 101.516;
9 ; 17 ; 21 ; -0.00175716 ; 0.00952179 ; -0.00486332 ; 101.939;
10 ; 17 ; 21 ; 0.0071911 ; -0.000328464 ; -0.00228895 ; 101.838;
11 ; 17 ; 21 ; 0.0134722 ; -0.00911457 ; 0.00336167 ; 101.166;
12 ; 17 ; 21 ; 0.00597478 ; 0.00710277 ; 0.00169169 ; 101.379;
13 ; 17 ; 21 ; 0.0284227 ; 0.0341808 ; 0.0272649 ; 101.342;
14 ; 17 ; 21 ; -0.00499363 ; 0.009925 ; 0.0195788 ; 101.623;
15 ; 17 ; 21 ; -0.00336725 ; -0.00046852 ; -3.91187e-05 ; 101.667;
16 ; 17 ; 21 ; -0.00107756 ; 0.00554765 ; 0.00518664 ; 101.6;
17 ; 17 ; 21 ; 0.026862 ; 0.0352995 ; -0.0196754 ; 101.502;
18 ; 17 ; 21 ; 0.0207592 ; 0.00264036 ; -0.00538836 ; 102.022;
19 ; 17 ; 21 ; 0.0060118 ; -0.0240117 ; -0.0129689 ; 102.113;
20 ; 17 ; 21 ; -0.00110736 ; -0.0155535 ; -0.016097 ; 101.79;
21 ; 17 ; 21 ; -0.0407606 ; -0.018288 ; -0.0180079 ; 100.537;
4 ; 18 ; 21 ; -0.0131289 ; -0.00371266 ; 0.0193226 ; 102.136;
5 ; 18 ; 21 ; -0.00822843 ; 0.0217651 ; -0.023225 ; 101.597;
6 ; 18 ; 21 ; 0.00105779 ; 0.0199524 ; 0.0079906 ; 101.882;
7 ; 18 ; 21 ; 0.000895396 ; 0.0046748 ; 0.0146135 ; 102.189;
8 ; 18 ; 21 ; 2.19521e-05 ; -0.00329367 ; -0.00402479 ; 102.115;
9 ; 18 ; 21 ; 0.0447862 ; 0.0230533 ; -0.00960379 ; 101.781;
10 ; 18 ; 21 ; 0.0134628 ; -0.00607031 ; 0.00342889 ; 101.541;
11 ; 18 ; 21 ; 0.0088768 ; -0.0194656 ; 0.0108539 ; 101.396;
12 ; 18 ; 21 ; 0.00624076 ; -0.00364373 ; 0.00646366 ; 101.895;
13 ; 18 ; 21 ; 0.00804861 ; -0.00842158 ; 0.0168609 ; 101.16;
14 ; 18 ; 21 ; 0.00542667 ; 0.00656714 ; 0.0137579 ; 101.884;
15 ; 18 ; 21 ; -0.00454434 ; -0.0043678 ; 0.0062012 ; 102.273;
16 ; 18 ; 21 ; 0.00770875 ; -0.00217191 ; 0.00399713 ; 101.689;
17 ; 18 ; 21 ; 0.0388234 ; -0.0228888 ; 0.00382321 ; 100.938;
18 ; 18 ; 21 ; 0.0256452 ; 0.00627832 ; -0.00241633 ; 101.456;
19 ; 18 ; 21 ; 0.0204277 ; 0.00689246 ; -0.0111255 ; 101.554;
20 ; 18 ; 21 ; 0.0196991 ; 0.00912065 ; -0.0145483 ; 101.753;
21 ; 18 ; 21 ; -0.00108148 ; -0.0105016 ; -0.0266759 ; 100.819;
4 ; 19 ; 21 ; 0.0221255 ; -0.00964043 ; 0.00522342 ; 101.716;
5 ; 19 ; 21 ; 0.0380313 ; -0.0100052 ; 0.0265052 ; 101.426;
6 ; 19 ; 21 ; 0.0108035 ; -0.00959594 ; 0.0146019 ; 101.648;
7 ; 19 ; 21 ; 0.021098 ; -0.022011 ; -0.0143378 ; 102.028;
8 ; 19 ; 21 ; 0.0680822 ; -0.00508147 ; 0.012999 ; 102.397;
9 ; 19 ; 21 ; 0.0221796 ; 0.0171906 ; 0.0122109 ; 101.889;
10 ; 19 ; 21 ; 0.000101341 ; -0.0377203 ; -0.060744 ; 101.984;
11 ; 19 ; 21 ; -0.00385022 ; -0.0199509 ; -0.0102498 ; 101.232;
12 ; 19 ; 21 ; 0.0200251 ; -0.048393 ; -0.00171824 ; 100.912;
13 ; 19 ; 21 ; -0.0197637 ; 0.00196 ; 0.0134712 ; 101.792;
14 ; 19 ; 21 ; -0.0201381 ; 0.0356663 ; -0.00130152 ; 101.381;
15 ; 19 ; 21 ; 0.00103287 ; -0.0230529 ; 0.0115821 ; 102.296;
16 ; 19 ; 21 ; -0.00493176 ; -0.0249693 ; 0.0135323 ; 101.921;
17 ; 19 ; 21 ; 0.0520035 ; -0.00766909 ; -0.000667444 ; 101.259;
18 ; 19 ; 21 ; 0.0170101 ; 0.00219112 ; -0.00678162 ; 100.467;
19 ; 19 ; 21 ; -0.0032172 ; -0.00426216 ; -0.0124827 ; 102.979;
20 ; 19 ; 21 ; -0.00849609 ; -0.0119855 ; -0.024703 ; 101.466;
21 ; 19 ; 21 ; 0.0291915 ; 0.000536622 ; -0.00513074 ; 101.402;
4 ; 20 ; 21 ; 0.0143378 ; 0.00622282 ; -0.0245273 ; 99.9644;
5 ; 20 ; 21 ; -0.0185751 ; -0.0107585 ; -0.00301857 ; 100.219;
6 ; 20 ; 21 ; -0.00450725 ; -0.000840781 ; 0.00336814 ; 101.425;
7 ; 20 ; 21 ; 0.00578254 ; 0.00276838 ; -0.00989866 ; 102.195;
8 ; 20 ; 21 ; 0.0388536 ; 0.00432834 ; 0.0115681 ; 102.345;
9 ; 20 ; 21 ; 0.0228967 ; 0.0402885 ; -0.0132777 ; 102.121;
10 ; 20 ; 21 ; 0.00315488 ; -0.0141221 ; -0.0360798 ; 101.904;
11 ; 20 ; 21 ; -0.00811233 ; -0.00701421 ; -0.00987911 ; 101.512;
12 ; 20 ; 21 ; 0.0049476 ; -0.0198056 ; -0.00496161 ; 101.334;
13 ; 20 ; 21 ; -0.0167049 ; 0.028419 ; 0.00579036 ; 102.544;
14 ; 20 ; 21 ; -0.0134302 ; 0.0328189 ; 0.00300069 ; 101.48;
15 ; 20 ; 21 ; 0.00310986 ; -0.00166934 ; 0.012409 ; 101.662;
16 ; 20 ; 21 ; 0.00241492 ; -0.0153597 ; 0.00625041 ; 101.789;
17 ; 20 ; 21 ; 0.0189865 ; 0.0127299 ; 0.0229248 ; 101.709;
18 ; 20 ; 21 ; 0.0159967 ; 0.00448168 ; -0.0015139 ; 101.23;
19 ; 20 ; 21 ; 0.00108446 ; -0.000892589 ; -0.0175988 ; 102.325;
20 ; 20 ; 21 ; -0.00568741 ; -0.007279 ; -0.028101 ; 101.311;
21 ; 20 ; 21 ; 0.0331501 ; -0.0170361 ; -0.0166304 ; 100.35;
4 ; 21 ; 21 ; -0.0260179 ; 0.00351561 ; -0.0230333 ; 101.54;
5 ; 21 ; 21 ; 0.00865715 ; -0.0254703 ; -0.0379505 ; 102.017;
6 ; 21 ; 21 ; -0.00121394 ; -0.00414836 ; -0.0168107 ; 101.45;
7 ; 21 ; 21 ; 0.0120153 ; 0.0150732 ; -0.00146495 ; 101.987;
8 ; 21 ; 21 ; 0.0123356 ; 0.0151605 ; 0.0122445 ; 101.667;
9 ; 21 ; 21 ; 0.0178966 ; 0.00425728 ; 0.0126835 ; 102.607;
10 ; 21 ; 21 ; 0.00940077 ; 0.00142673 ; 0.00367308 ; 102.092;
11 ; 21 ; 21 ; -0.0068896 ; -0.00676355 ; 0.00181484 ; 101.675;
12 ; 21 ; 21 ; -0.00765228 ; 0.00695363 ; -0.00253481 ; 101.356;
13 ; 21 ; 21 ; -0.00226059 ; 0.00219731 ; 0.00645489 ; 100.009;
14 ; 21 ; 21 ; 0.00479436 ; 0.0217958 ; 0.000736168 ; 101.517;
15 ; 21 ; 21 ; 0.0123862 ; 0.0192947 ; -0.000181277 ; 101.423;
16 ; 21 ; 21 ; 0.00798069 ; -0.0120079 ; -0.00227142 ; 101.544;
17 ; 21 ; 21 ; 0.0405168 ; 0.026682 ; 0.0213627 ; 101.552;
18 ; 21 ; 21 ; 0.0230688 ; 0.0106272 ; 0.0125916 ; 101.979;
19 ; 21 ; 21 ; 0.018282 ; -0.00228106 ; -0.0056512 ; 101.917;
20 ; 21 ; 21 ; 0.0108761 ; -0.00418081 ; -0.00849396 ; 101.696;
21 ; 21 ; 21 ; -0.00754705 ; -0.00402181 ; 0.0236388 ; 102.451;
