4 ; 4 ; 4 ; 0.803808 ; 0.0144732 ; 0.0104275 ; 101.866;
5 ; 4 ; 4 ; 0.801123 ; -0.0077034 ; 0.000924051 ; 102.038;
6 ; 4 ; 4 ; 0.808734 ; -0.0142564 ; 0.00618116 ; 101.157;
7 ; 4 ; 4 ; 0.811606 ; -0.00314203 ; -0.0127764 ; 101.217;
8 ; 4 ; 4 ; 0.817698 ; 0.00720033 ; -0.013179 ; 102.249;
9 ; 4 ; 4 ; 0.803302 ; 0.00648928 ; 0.00249875 ; 101.787;
10 ; 4 ; 4 ; 0.790678 ; -0.014172 ; 0.000353927 ; 102.144;
11 ; 4 ; 4 ; 0.815228 ; -0.00154104 ; 0.0178291 ; 101.5;
12 ; 4 ; 4 ; 0.80886 ; 0.012955 ; 0.00114536 ; 101.983;
13 ; 4 ; 4 ; 0.792053 ; -0.00678559 ; 0.00297235 ; 101.883;
14 ; 4 ; 4 ; 0.782453 ; -0.00396028 ; 0.00851982 ; 100.924;
15 ; 4 ; 4 ; 0.797952 ; 0.00287365 ; -0.00932761 ; 101.641;
16 ; 4 ; 4 ; 0.822645 ; 0.00502428 ; -0.00106538 ; 101.681;
17 ; 4 ; 4 ; 0.797211 ; -0.0122854 ; 0.0152013 ; 102.131;
18 ; 4 ; 4 ; 0.807259 ; -0.0120488 ; -0.0235148 ; 101.765;
19 ; 4 ; 4 ; 0.797796 ; 0.00682851 ; -0.00952678 ; 101.214;
20 ; 4 ; 4 ; 0.805191 ; -0.000245547 ; -0.000942543 ; 101.475;
21 ; 4 ; 4 ; 0.795103 ; -0.0130498 ; -0.00610185 ; 101.799;
4 ; 5 ; 4 ; 0.818744 ; -0.0104838 ; 0.00647597 ; 101.458;
5 ; 5 ; 4 ; 0.824252 ; 0.0119188 ; 0.00568281 ; 101.15;
6 ; 5 ; 4 ; 0.812722 ; 0.0168529 ; 0.0149544 ; 101.142;
7 ; 5 ; 4 ; 0.798506 ; 0.0136038 ; -0.00716323 ; 101.818;
8 ; 5 ; 4 ; 0.800554 ; 0.0127132 ; 0.00560935 ; 101.83;
9 ; 5 ; 4 ; 0.796103 ; 0.0212949 ; 0.00369951 ; 101.863;
10 ; 5 ; 4 ; 0.809467 ; -0.0136549 ; 0.000201157 ; 101.804;
11 ; 5 ; 4 ; 0.793962 ; 0.0103241 ; 0.00295679 ; 101.969;
12 ; 5 ; 4 ; 0.799389 ; 0.010206 ; -0.00141967 ; 101.271;
13 ; 5 ; 4 ; 0.788693 ; -0.0031308 ; 0.00882336 ; 101.779;
14 ; 5 ; 4 ; 0.799488 ; -0.00622873 ; 0.00681689 ; 101.503;
15 ; 5 ; 4 ; 0.801152 ; 0.00634072 ; 0.0067696 ; 102.13;
16 ; 5 ; 4 ; 0.815453 ; 0.0184726 ; -0.00760955 ; 101.84;
17 ; 5 ; 4 ; 0.802483 ; 0.0157091 ; -0.00385246 ; 101.339;
18 ; 5 ; 4 ; 0.797113 ; 0.00622097 ; 0.016735 ; 101.476;
19 ; 5 ; 4 ; 0.801302 ; 0.00569001 ; 0.00399326 ; 101.659;
20 ; 5 ; 4 ; 0.798917 ; 0.000884722 ; 0.0123582 ; 101.355;
21 ; 5 ; 4 ; 0.823197 ; -0.002854 ; -0.00528274 ; 101.528;
4 ; 6 ; 4 ; 0.802621 ; 0.0113854 ; -0.00178315 ; 101.815;
5 ; 6 ; 4 ; 0.818233 ; -0.00713989 ; 0.0296655 ; 101.144;
6 ; 6 ; 4 ; 0.825053 ; -0.00169618 ; 0.0030449 ; 101.295;
7 ; 6 ; 4 ; 0.794918 ; 0.00328131 ; -0.0208422 ; 102.094;
8 ; 6 ; 4 ; 0.808763 ; -0.010339 ; -0.0364593 ; 101.327;
9 ; 6 ; 4 ; 0.787363 ; -0.00228778 ; -0.00173052 ; 101.186;
10 ; 6 ; 4 ; 0.807526 ; 0.0160141 ; -0.0110052 ; 101.525;
11 ; 6 ; 4 ; 0.794649 ; 0.0175003 ; -0.0125743 ; 101.491;
12 ; 6 ; 4 ; 0.795861 ; -0.00296177 ; -0.0129118 ; 101.345;
13 ; 6 ; 4 ; 0.791628 ; -0.0242819 ; -0.03474 ; 101.471;
14 ; 6 ; 4 ; 0.807552 ; -0.0185609 ; -0.00434895 ; 101.821;
15 ; 6 ; 4 ; 0.806018 ; 0.00976882 ; -0.0124933 ; 101.375;
16 ; 6 ; 4 ; 0.799495 ; -0.000275627 ; 0.000265591 ; 101.915;
17 ; 6 ; 4 ; 0.78304 ; -0.00644446 ; -0.00154157 ; 101.65;
18 ; 6 ; 4 ; 0.801784 ; 0.00968176 ; 0.00475045 ; 101.857;
19 ; 6 ; 4 ; 0.80789 ; -9.99093e-05 ; 0.00851991 ; 101.537;
20 ; 6 ; 4 ; 0.815819 ; -0.0168713 ; -0.0126051 ; 101.731;
21 ; 6 ; 4 ; 0.818682 ; -0.00158602 ; -0.0146324 ; 100.905;
4 ; 7 ; 4 ; 0.810342 ; -0.00295677 ; -0.0173589 ; 102.012;
5 ; 7 ; 4 ; 0.788899 ; 0.00682731 ; 0.0177312 ; 101.724;
6 ; 7 ; 4 ; 0.808958 ; -0.00137073 ; 0.0136863 ; 101.098;
7 ; 7 ; 4 ; 0.80668 ; 0.0155344 ; 0.0034503 ; 101.328;
8 ; 7 ; 4 ; 0.805185 ; 0.00609407 ; -0.00149978 ; 101.105;
9 ; 7 ; 4 ; 0.782667 ; 0.00659076 ; -0.0110689 ; 100.995;
10 ; 7 ; 4 ; 0.79547 ; -0.00259887 ; 0.000345985 ; 100.762;
11 ; 7 ; 4 ; 0.802289 ; -0.0108654 ; -0.0078529 ; 101.249;
12 ; 7 ; 4 ; 0.789355 ; -0.0022883 ; -0.015032 ; 100.594;
13 ; 7 ; 4 ; 0.788768 ; -0.00905336 ; -0.00715916 ; 102.092;
14 ; 7 ; 4 ; 0.813047 ; -0.00488469 ; -0.0106976 ; 101.615;
15 ; 7 ; 4 ; 0.788195 ; 0.0145258 ; 0.010028 ; 101.027;
16 ; 7 ; 4 ; 0.803448 ; 0.00257082 ; -0.0020985 ; 101.731;
17 ; 7 ; 4 ; 0.789384 ; 0.00865194 ; -0.00365658 ; 101.076;
18 ; 7 ; 4 ; 0.798894 ; 0.00117332 ; 0.00403283 ; 101.101;
19 ; 7 ; 4 ; 0.812945 ; 0.00428057 ; 0.0107858 ; 101.109;
20 ; 7 ; 4 ; 0.799681 ; -0.0172971 ; 0.0185862 ; 100.805;
21 ; 7 ; 4 ; 0.804675 ; -0.00636518 ; 0.0148973 ; 101.538;
4 ; 8 ; 4 ; 0.819278 ; 0.00191648 ; 0.00375144 ; 100.869;
5 ; 8 ; 4 ; 0.812321 ; 0.0240269 ; 0.0231872 ; 100.906;
6 ; 8 ; 4 ; 0.808994 ; 0.00107973 ; 0.0223835 ; 101.481;
7 ; 8 ; 4 ; 0.80639 ; -0.00445816 ; -0.00213831 ; 101.213;
8 ; 8 ; 4 ; 0.79621 ; -0.000933707 ; 0.00129207 ; 101.909;
9 ; 8 ; 4 ; 0.789822 ; -0.0164457 ; -0.0220548 ; 101.343;
10 ; 8 ; 4 ; 0.781727 ; 0.0138531 ; -0.00618199 ; 101.198;
11 ; 8 ; 4 ; 0.773807 ; -0.00396883 ; 0.0167767 ; 101.552;
12 ; 8 ; 4 ; 0.802287 ; -0.0108664 ; 0.00385557 ; 101.724;
13 ; 8 ; 4 ; 0.815255 ; 0.0161823 ; 0.0315668 ; 101.305;
14 ; 8 ; 4 ; 0.812437 ; -0.00354998 ; -0.00548082 ; 101.662;
15 ; 8 ; 4 ; 0.810268 ; -0.000808156 ; -0.0133617 ; 101.755;
16 ; 8 ; 4 ; 0.797133 ; -0.0123201 ; 0.00689175 ; 101.906;
17 ; 8 ; 4 ; 0.796366 ; 0.00865194 ; 0.000959568 ; 101.43;
18 ; 8 ; 4 ; 0.806356 ; 0.00913389 ; 0.00838183 ; 101.348;
19 ; 8 ; 4 ; 0.790596 ; -0.00797563 ; -0.000548234 ; 101.605;
20 ; 8 ; 4 ; 0.803567 ; -0.00389716 ; -0.0117881 ; 101.659;
21 ; 8 ; 4 ; 0.79845 ; 0.0109131 ; 0.0169759 ; 100.809;
4 ; 9 ; 4 ; 0.80774 ; -0.00456705 ; 0.013966 ; 101.497;
5 ; 9 ; 4 ; 0.790864 ; 0.00650634 ; 0.0056111 ; 102.071;
6 ; 9 ; 4 ; 0.80387 ; 0.000326455 ; 0.00450229 ; 101.284;
7 ; 9 ; 4 ; 0.797573 ; -0.00757273 ; 0.00566367 ; 102.054;
8 ; 9 ; 4 ; 0.796949 ; 0.00629672 ; -0.00179477 ; 100.983;
9 ; 9 ; 4 ; 0.83069 ; -0.00962757 ; 0.0114364 ; 101.304;
10 ; 9 ; 4 ; 0.812604 ; -0.000372022 ; 0.00736238 ; 101.41;
11 ; 9 ; 4 ; 0.797601 ; 0.000233036 ; -0.0050305 ; 101.892;
12 ; 9 ; 4 ; 0.784206 ; 0.00549141 ; -0.0238281 ; 101.491;
13 ; 9 ; 4 ; 0.801823 ; 0.00506039 ; 0.0138445 ; 101.679;
14 ; 9 ; 4 ; 0.810204 ; 0.00270429 ; 0.00588264 ; 101.036;
15 ; 9 ; 4 ; 0.802613 ; -0.0139551 ; 0.00435074 ; 101.16;
16 ; 9 ; 4 ; 0.804113 ; -0.00336316 ; -0.000850877 ; 101.813;
17 ; 9 ; 4 ; 0.808264 ; 0.00712244 ; 0.00721235 ; 101.287;
18 ; 9 ; 4 ; 0.806689 ; 0.0177632 ; -0.00412027 ; 101.506;
19 ; 9 ; 4 ; 0.790024 ; -0.00394141 ; -0.00424792 ; 101.722;
20 ; 9 ; 4 ; 0.817889 ; 0.0214206 ; 0.00566944 ; 101.029;
21 ; 9 ; 4 ; 0.816257 ; -0.00900013 ; -0.00965966 ; 101.34;
4 ; 10 ; 4 ; 0.799079 ; 0.00420066 ; 0.0229165 ; 101.5;
5 ; 10 ; 4 ; 0.800022 ; 0.00707641 ; -0.00513707 ; 101.351;
6 ; 10 ; 4 ; 0.797666 ; 0.00879659 ; 0.0102777 ; 101.625;
7 ; 10 ; 4 ; 0.794848 ; -0.00784654 ; 0.00549768 ; 101.807;
8 ; 10 ; 4 ; 0.782973 ; -0.000324533 ; -0.00753646 ; 102.184;
9 ; 10 ; 4 ; 0.791051 ; -0.0167707 ; 0.000321879 ; 101.587;
10 ; 10 ; 4 ; 0.797705 ; -0.015867 ; -0.00681691 ; 102.616;
11 ; 10 ; 4 ; 0.803468 ; 0.01042 ; -0.00726095 ; 101.996;
12 ; 10 ; 4 ; 0.788656 ; -0.0135305 ; -0.0162011 ; 101.902;
13 ; 10 ; 4 ; 0.805109 ; -0.00406426 ; 0.00824091 ; 101.687;
14 ; 10 ; 4 ; 0.795098 ; 0.00225832 ; 0.00256682 ; 101.585;
15 ; 10 ; 4 ; 0.775695 ; -0.0147714 ; 0.008577 ; 102.184;
16 ; 10 ; 4 ; 0.795627 ; 0.000352827 ; -0.00198275 ; 101.847;
17 ; 10 ; 4 ; 0.799175 ; -0.00448744 ; -0.00207834 ; 102.072;
18 ; 10 ; 4 ; 0.808594 ; 0.0102377 ; -0.00956645 ; 101.908;
19 ; 10 ; 4 ; 0.798586 ; 0.00255199 ; 0.00447175 ; 101.515;
20 ; 10 ; 4 ; 0.815523 ; -0.00585412 ; -0.0135389 ; 101.226;
21 ; 10 ; 4 ; 0.825822 ; -0.00791955 ; -0.00145012 ; 101.134;
4 ; 11 ; 4 ; 0.810801 ; -0.0122235 ; 0.0159358 ; 101.589;
5 ; 11 ; 4 ; 0.800949 ; -0.009725 ; -0.000317613 ; 101.376;
6 ; 11 ; 4 ; 0.780807 ; 0.0119017 ; -0.0122468 ; 101.519;
7 ; 11 ; 4 ; 0.804255 ; -0.00591175 ; -0.0112836 ; 101.969;
8 ; 11 ; 4 ; 0.804265 ; 0.0131809 ; 0.000715834 ; 101.237;
9 ; 11 ; 4 ; 0.7813 ; -0.00578058 ; 0.00892171 ; 102.376;
10 ; 11 ; 4 ; 0.772935 ; 0.000726372 ; 0.000352927 ; 101.863;
11 ; 11 ; 4 ; 0.812671 ; 0.00258212 ; 0.00910979 ; 101.452;
12 ; 11 ; 4 ; 0.798091 ; 0.00170623 ; -0.0111287 ; 101.475;
13 ; 11 ; 4 ; 0.789213 ; 0.00409394 ; -0.00282648 ; 100.853;
14 ; 11 ; 4 ; 0.794309 ; -0.0077925 ; -0.0047965 ; 102.359;
15 ; 11 ; 4 ; 0.786602 ; -0.00379668 ; 0.00514431 ; 101.417;
16 ; 11 ; 4 ; 0.794705 ; -0.0067668 ; 0.0113667 ; 101.99;
17 ; 11 ; 4 ; 0.812923 ; -0.00235036 ; 0.000519419 ; 101.552;
18 ; 11 ; 4 ; 0.799214 ; -0.0112561 ; 0.00266671 ; 100.496;
19 ; 11 ; 4 ; 0.811443 ; 0.0111291 ; -0.00303554 ; 101.989;
20 ; 11 ; 4 ; 0.798278 ; -0.0118593 ; 0.00972975 ; 102.119;
21 ; 11 ; 4 ; 0.801379 ; -0.0204195 ; 0.000135843 ; 101.533;
4 ; 12 ; 4 ; 0.805783 ; 0.00410597 ; 0.011444 ; 102.08;
5 ; 12 ; 4 ; 0.799099 ; -0.00266403 ; 0.0139306 ; 101.841;
6 ; 12 ; 4 ; 0.807369 ; 0.00236707 ; -0.00598015 ; 101.579;
7 ; 12 ; 4 ; 0.802662 ; -0.0141563 ; 0.0065631 ; 102.023;
8 ; 12 ; 4 ; 0.78318 ; 0.00699781 ; -0.00168228 ; 101.205;
9 ; 12 ; 4 ; 0.80058 ; -0.000159418 ; -0.00689777 ; 101.278;
10 ; 12 ; 4 ; 0.798756 ; 0.0126789 ; 0.00248635 ; 101.312;
11 ; 12 ; 4 ; 0.775824 ; 0.00412664 ; 0.00710765 ; 101.416;
12 ; 12 ; 4 ; 0.813769 ; -0.0144915 ; 0.0134959 ; 101.341;
13 ; 12 ; 4 ; 0.787913 ; -0.00476997 ; 0.000170437 ; 101.536;
14 ; 12 ; 4 ; 0.782479 ; -0.00994094 ; -0.00425423 ; 102.03;
15 ; 12 ; 4 ; 0.79157 ; 0.000312438 ; 0.000916416 ; 101.555;
16 ; 12 ; 4 ; 0.796255 ; 0.00246401 ; -0.0100935 ; 101.394;
17 ; 12 ; 4 ; 0.806151 ; 0.00539909 ; 0.0155497 ; 101.329;
18 ; 12 ; 4 ; 0.788392 ; -0.00258919 ; -0.0018374 ; 100.783;
19 ; 12 ; 4 ; 0.80155 ; 0.0185711 ; 0.00691757 ; 101.46;
20 ; 12 ; 4 ; 0.81968 ; 0.00400641 ; -0.0412834 ; 101.303;
21 ; 12 ; 4 ; 0.804529 ; -0.00911593 ; -0.0152074 ; 101.434;
4 ; 13 ; 4 ; 0.803451 ; 0.0201598 ; -0.00245596 ; 101.749;
5 ; 13 ; 4 ; 0.800366 ; -0.00235046 ; -0.00311033 ; 101.492;
6 ; 13 ; 4 ; 0.802197 ; -0.00487466 ; -0.0108038 ; 101.834;
7 ; 13 ; 4 ; 0.817403 ; -0.0024281 ; 0.00599247 ; 101.524;
8 ; 13 ; 4 ; 0.817145 ; -0.00450664 ; 0.00523711 ; 101.41;
9 ; 13 ; 4 ; 0.807418 ; 0.0115395 ; -0.00676763 ; 101.834;
10 ; 13 ; 4 ; 0.790102 ; 0.0145581 ; 0.0045948 ; 101.712;
11 ; 13 ; 4 ; 0.804896 ; -0.0249391 ; 0.00740769 ; 101.655;
12 ; 13 ; 4 ; 0.79258 ; 0.000410922 ; 0.0107338 ; 101.942;
13 ; 13 ; 4 ; 0.794729 ; -0.000302342 ; 0.00371727 ; 101.233;
14 ; 13 ; 4 ; 0.803559 ; 0.000295806 ; -0.018743 ; 101.866;
15 ; 13 ; 4 ; 0.793116 ; -0.0100152 ; 0.00121805 ; 101.831;
16 ; 13 ; 4 ; 0.786765 ; -0.0169142 ; 0.00502709 ; 101.885;
17 ; 13 ; 4 ; 0.791255 ; -0.0140624 ; -0.0143036 ; 101.799;
18 ; 13 ; 4 ; 0.803041 ; 0.0142825 ; -0.0186559 ; 101.426;
19 ; 13 ; 4 ; 0.789979 ; -0.00729576 ; -0.00316915 ; 101.492;
20 ; 13 ; 4 ; 0.796839 ; -0.000385323 ; 0.0147371 ; 101.069;
21 ; 13 ; 4 ; 0.807799 ; 0.00256707 ; 0.00456707 ; 101.377;
4 ; 14 ; 4 ; 0.824148 ; 0.00726117 ; -0.00261789 ; 102.109;
5 ; 14 ; 4 ; 0.800358 ; 0.00164252 ; 0.00239008 ; 101.583;
6 ; 14 ; 4 ; 0.803418 ; 0.00947818 ; -0.0191524 ; 101.13;
7 ; 14 ; 4 ; 0.807806 ; 0.0254596 ; 0.00509067 ; 102.149;
8 ; 14 ; 4 ; 0.798655 ; 0.00511403 ; 0.0176838 ; 101.483;
9 ; 14 ; 4 ; 0.800956 ; 0.00101267 ; 0.00634848 ; 101.941;
10 ; 14 ; 4 ; 0.794757 ; -0.0156015 ; -0.0141682 ; 101.772;
11 ; 14 ; 4 ; 0.800564 ; 0.0123457 ; -0.0209632 ; 101.306;
12 ; 14 ; 4 ; 0.805298 ; -0.00683117 ; -0.000994645 ; 101.66;
13 ; 14 ; 4 ; 0.804874 ; -0.0201817 ; 0.0191253 ; 100.864;
14 ; 14 ; 4 ; 0.796553 ; 0.000199601 ; 0.00189974 ; 101.849;
15 ; 14 ; 4 ; 0.775395 ; -0.0144582 ; 0.00543275 ; 101.456;
16 ; 14 ; 4 ; 0.805711 ; -0.00445824 ; 0.00341232 ; 101.019;
17 ; 14 ; 4 ; 0.79446 ; -0.005816 ; -0.0104683 ; 101.201;
18 ; 14 ; 4 ; 0.804122 ; -0.00170069 ; -0.0140511 ; 101.592;
19 ; 14 ; 4 ; 0.798476 ; -0.000450678 ; -0.000594962 ; 101.506;
20 ; 14 ; 4 ; 0.816285 ; -0.0031935 ; -0.00483601 ; 101.784;
21 ; 14 ; 4 ; 0.820291 ; 0.00854427 ; -0.00413261 ; 101.839;
4 ; 15 ; 4 ; 0.778217 ; 0.00444682 ; 0.00519267 ; 101.642;
5 ; 15 ; 4 ; 0.793818 ; 0.00839973 ; -0.00549838 ; 102.009;
6 ; 15 ; 4 ; 0.812684 ; 0.0122883 ; -0.00123242 ; 101.611;
7 ; 15 ; 4 ; 0.808298 ; 0.0052207 ; 0.00520616 ; 101.515;
8 ; 15 ; 4 ; 0.791089 ; 0.00430004 ; 0.0135702 ; 101.842;
9 ; 15 ; 4 ; 0.800568 ; -0.00498013 ; 0.0174844 ; 101.802;
10 ; 15 ; 4 ; 0.785047 ; 0.000482647 ; -0.0157958 ; 101.486;
11 ; 15 ; 4 ; 0.805323 ; 0.00432401 ; -0.012951 ; 101.687;
12 ; 15 ; 4 ; 0.810228 ; -0.0084372 ; -0.000814556 ; 101.889;
13 ; 15 ; 4 ; 0.787788 ; -0.0166907 ; -0.00193392 ; 101.778;
14 ; 15 ; 4 ; 0.788818 ; -0.00915811 ; -0.0106836 ; 101.759;
15 ; 15 ; 4 ; 0.822102 ; -0.00463964 ; -0.000374082 ; 100.948;
16 ; 15 ; 4 ; 0.801032 ; -0.00663017 ; -0.00882632 ; 101.303;
17 ; 15 ; 4 ; 0.807853 ; -0.00470621 ; -0.0135529 ; 101.694;
18 ; 15 ; 4 ; 0.807742 ; 0.0126468 ; -0.00401832 ; 102.643;
19 ; 15 ; 4 ; 0.801431 ; 0.00680575 ; 0.0137977 ; 101.343;
20 ; 15 ; 4 ; 0.815677 ; 0.00193336 ; 0.00480386 ; 101.79;
21 ; 15 ; 4 ; 0.824498 ; 0.0119008 ; -0.010474 ; 101.494;
4 ; 16 ; 4 ; 0.812217 ; 0.0110888 ; 0.0134176 ; 101.535;
5 ; 16 ; 4 ; 0.809502 ; 0.019056 ; 0.00756188 ; 100.823;
6 ; 16 ; 4 ; 0.802439 ; -0.019268 ; 0.012626 ; 101.794;
7 ; 16 ; 4 ; 0.790202 ; -0.0119138 ; 0.00437915 ; 101.474;
8 ; 16 ; 4 ; 0.78837 ; 0.000706941 ; 0.0124771 ; 101.632;
9 ; 16 ; 4 ; 0.795866 ; -0.0143709 ; 0.00481312 ; 101.075;
10 ; 16 ; 4 ; 0.781178 ; -0.00418964 ; -0.00297638 ; 101.684;
11 ; 16 ; 4 ; 0.801769 ; -0.0111193 ; -0.00544541 ; 101.803;
12 ; 16 ; 4 ; 0.789875 ; -0.0114618 ; 0.00568847 ; 101.921;
13 ; 16 ; 4 ; 0.803311 ; 0.010364 ; -0.00718308 ; 101.343;
14 ; 16 ; 4 ; 0.792726 ; -0.0103878 ; -0.00416647 ; 101.97;
15 ; 16 ; 4 ; 0.792127 ; 0.00636959 ; -0.0058513 ; 101.608;
16 ; 16 ; 4 ; 0.792039 ; 0.00238721 ; 0.0018575 ; 101.894;
17 ; 16 ; 4 ; 0.795412 ; -0.00167471 ; -0.00300143 ; 101.362;
18 ; 16 ; 4 ; 0.811354 ; -0.00534752 ; -0.00374035 ; 101.965;
19 ; 16 ; 4 ; 0.802786 ; -0.0100541 ; -0.00659611 ; 101.275;
20 ; 16 ; 4 ; 0.802731 ; 0.0216446 ; -0.00741314 ; 101.445;
21 ; 16 ; 4 ; 0.824413 ; -0.00502974 ; -0.0163874 ; 101.188;
4 ; 17 ; 4 ; 0.812945 ; 0.0141896 ; -0.00304471 ; 101.6;
5 ; 17 ; 4 ; 0.805051 ; -0.0196676 ; 0.00252554 ; 101.062;
6 ; 17 ; 4 ; 0.799995 ; -0.00855342 ; -0.0174285 ; 101.887;
7 ; 17 ; 4 ; 0.80013 ; -0.0105916 ; -0.00382636 ; 102.177;
8 ; 17 ; 4 ; 0.801793 ; -0.0103685 ; 0.00690532 ; 101.587;
9 ; 17 ; 4 ; 0.794193 ; 0.006639 ; -0.0246769 ; 101.188;
10 ; 17 ; 4 ; 0.790425 ; 0.00961594 ; -0.0183588 ; 101.738;
11 ; 17 ; 4 ; 0.794178 ; -0.00865959 ; -0.0046713 ; 101.836;
12 ; 17 ; 4 ; 0.812253 ; 0.00926074 ; -0.0186522 ; 101.452;
13 ; 17 ; 4 ; 0.788247 ; 0.0186047 ; 0.000340087 ; 101.549;
14 ; 17 ; 4 ; 0.784663 ; 0.000610354 ; -0.0107308 ; 101.629;
15 ; 17 ; 4 ; 0.788409 ; -0.00417001 ; 0.015976 ; 101.867;
16 ; 17 ; 4 ; 0.787641 ; 0.00288846 ; 0.00774213 ; 101.009;
17 ; 17 ; 4 ; 0.810646 ; -0.0190536 ; -0.0106177 ; 101.854;
18 ; 17 ; 4 ; 0.808653 ; -0.00968293 ; -0.00610044 ; 101.256;
19 ; 17 ; 4 ; 0.814903 ; 0.0125999 ; -0.00230344 ; 102.378;
20 ; 17 ; 4 ; 0.837456 ; 0.0119574 ; 0.00413606 ; 101.284;
21 ; 17 ; 4 ; 0.821328 ; -0.00328145 ; 0.0115105 ; 100.992;
4 ; 18 ; 4 ; 0.80268 ; -0.0188366 ; 0.0240164 ; 101.311;
5 ; 18 ; 4 ; 0.792079 ; -0.0131824 ; -0.015419 ; 101.625;
6 ; 18 ; 4 ; 0.803756 ; 0.000874005 ; -0.00175297 ; 101.895;
7 ; 18 ; 4 ; 0.80236 ; -0.020749 ; -0.00387971 ; 102.323;
8 ; 18 ; 4 ; 0.806923 ; -0.0222514 ; -0.0043277 ; 101.245;
9 ; 18 ; 4 ; 0.78977 ; -0.0283733 ; -0.00673861 ; 101.924;
10 ; 18 ; 4 ; 0.789074 ; 0.00441755 ; 0.0039085 ; 102.102;
11 ; 18 ; 4 ; 0.801742 ; 0.00823483 ; -0.0219495 ; 101.031;
12 ; 18 ; 4 ; 0.809609 ; -0.00558526 ; -0.0184021 ; 101.527;
13 ; 18 ; 4 ; 0.792363 ; 0.0129769 ; -0.00511656 ; 101.4;
14 ; 18 ; 4 ; 0.79632 ; -0.016565 ; -0.00202905 ; 101.019;
15 ; 18 ; 4 ; 0.799694 ; 0.00645335 ; -0.0034945 ; 101.458;
16 ; 18 ; 4 ; 0.805726 ; 0.00640095 ; 0.00335459 ; 101.747;
17 ; 18 ; 4 ; 0.804485 ; 0.00174418 ; 0.00363851 ; 101.248;
18 ; 18 ; 4 ; 0.786717 ; 0.0101506 ; -0.0101039 ; 101.751;
19 ; 18 ; 4 ; 0.803807 ; 0.011381 ; 0.00910363 ; 101.245;
20 ; 18 ; 4 ; 0.799529 ; 0.00126365 ; -0.0200554 ; 102.047;
21 ; 18 ; 4 ; 0.818033 ; 4.48195e-05 ; -0.00406355 ; 101.559;
4 ; 19 ; 4 ; 0.81824 ; -0.00759789 ; 0.0110062 ; 101.96;
5 ; 19 ; 4 ; 0.7994 ; 0.0113523 ; -0.00730293 ; 101.371;
6 ; 19 ; 4 ; 0.797647 ; -0.00936485 ; -0.0123077 ; 101.707;
7 ; 19 ; 4 ; 0.797618 ; -0.000695587 ; -0.0121663 ; 101.274;
8 ; 19 ; 4 ; 0.786963 ; 0.0141432 ; -0.00706886 ; 101.892;
9 ; 19 ; 4 ; 0.78353 ; 0.00713765 ; -0.0154332 ; 101.303;
10 ; 19 ; 4 ; 0.784361 ; -0.0200364 ; -0.00230259 ; 101.566;
11 ; 19 ; 4 ; 0.800233 ; -0.0103754 ; -0.0010454 ; 101.335;
12 ; 19 ; 4 ; 0.800522 ; 0.00279472 ; -0.0184696 ; 101.235;
13 ; 19 ; 4 ; 0.788745 ; 0.0112985 ; -0.0116152 ; 101.443;
14 ; 19 ; 4 ; 0.797887 ; 0.0094671 ; -0.0006504 ; 101.543;
15 ; 19 ; 4 ; 0.804656 ; -0.00240199 ; -0.00852297 ; 101.261;
16 ; 19 ; 4 ; 0.810005 ; -0.000452235 ; 0.0116699 ; 101.996;
17 ; 19 ; 4 ; 0.779138 ; -0.00187197 ; -0.0024971 ; 101.522;
18 ; 19 ; 4 ; 0.812152 ; 0.00573204 ; 0.00373483 ; 101.882;
19 ; 19 ; 4 ; 0.810575 ; 0.0106785 ; 0.00688979 ; 101.149;
20 ; 19 ; 4 ; 0.810135 ; 0.0138893 ; -0.0132627 ; 101.687;
21 ; 19 ; 4 ; 0.840812 ; 0.00357826 ; -0.0117194 ; 101.183;
4 ; 20 ; 4 ; 0.804943 ; -0.00566111 ; -0.0084049 ; 101.764;
5 ; 20 ; 4 ; 0.816348 ; 0.0156542 ; 0.0115358 ; 101.414;
6 ; 20 ; 4 ; 0.807173 ; 0.0028654 ; 0.0208069 ; 101.807;
7 ; 20 ; 4 ; 0.814776 ; 0.0331416 ; 0.0161397 ; 101.48;
8 ; 20 ; 4 ; 0.800593 ; -0.00256934 ; -0.000935158 ; 101.79;
9 ; 20 ; 4 ; 0.813263 ; -0.00181548 ; 0.011998 ; 101.472;
10 ; 20 ; 4 ; 0.818884 ; -0.0212447 ; 0.00176894 ; 101.769;
11 ; 20 ; 4 ; 0.819149 ; -0.00172095 ; -0.00186407 ; 101.677;
12 ; 20 ; 4 ; 0.785017 ; -0.00523781 ; -0.0186593 ; 102.104;
13 ; 20 ; 4 ; 0.786592 ; 0.0133527 ; 0.00127669 ; 101.605;
14 ; 20 ; 4 ; 0.796714 ; 0.00550997 ; -0.000213064 ; 101.644;
15 ; 20 ; 4 ; 0.822551 ; -0.000178324 ; -0.00840644 ; 101.896;
16 ; 20 ; 4 ; 0.805303 ; -0.0170172 ; 0.0183107 ; 101.883;
17 ; 20 ; 4 ; 0.79743 ; -0.0166077 ; 0.000721117 ; 101.504;
18 ; 20 ; 4 ; 0.794125 ; 0.00375252 ; -0.00640943 ; 101.636;
19 ; 20 ; 4 ; 0.788432 ; 0.00430644 ; 0.0038511 ; 101.851;
20 ; 20 ; 4 ; 0.817058 ; -0.0209225 ; -0.00803836 ; 101.206;
21 ; 20 ; 4 ; 0.812068 ; 0.00590227 ; -0.0215723 ; 101.354;
4 ; 21 ; 4 ; 0.829604 ; 0.00314732 ; 0.00533962 ; 101.725;
5 ; 21 ; 4 ; 0.812316 ; -0.0220395 ; -0.00492561 ; 101.66;
6 ; 21 ; 4 ; 0.81761 ; 0.0193981 ; -0.000794065 ; 101.603;
7 ; 21 ; 4 ; 0.797375 ; 0.00720421 ; 0.0275288 ; 101.422;
8 ; 21 ; 4 ; 0.806909 ; 0.00985448 ; 0.0188711 ; 101.644;
9 ; 21 ; 4 ; 0.797161 ; 0.0168837 ; -0.00876163 ; 101.497;
10 ; 21 ; 4 ; 0.826738 ; -0.00934519 ; 0.00177046 ; 101.588;
11 ; 21 ; 4 ; 0.81083 ; 0.00492562 ; -0.0155057 ; 101.398;
12 ; 21 ; 4 ; 0.796015 ; -0.00902511 ; -0.00676388 ; 101.352;
13 ; 21 ; 4 ; 0.795941 ; 0.00654568 ; 0.0140092 ; 101.68;
14 ; 21 ; 4 ; 0.791114 ; -0.0117268 ; -0.00873269 ; 101.849;
15 ; 21 ; 4 ; 0.801962 ; 0.000735264 ; 0.00449055 ; 101.006;
16 ; 21 ; 4 ; 0.79646 ; 0.00151774 ; -0.00764842 ; 101.499;
17 ; 21 ; 4 ; 0.801532 ; -0.0134818 ; -0.0145803 ; 101.813;
18 ; 21 ; 4 ; 0.798807 ; 0.019782 ; 0.00696984 ; 101.431;
19 ; 21 ; 4 ; 0.804687 ; -0.00529463 ; -0.000781209 ; 101.64;
20 ; 21 ; 4 ; 0.818534 ; -0.00500995 ; -0.00175477 ; 101.225;
21 ; 21 ; 4 ; 0.796138 ; 0.00420859 ; -0.00294952 ; 101.294;
4 ; 4 ; 5 ; 0.691585 ; -0.0051484 ; 0.00836816 ; 101.573;
5 ; 4 ; 5 ; 0.685053 ; -0.0039948 ; 0.0077204 ; 101.046;
6 ; 4 ; 5 ; 0.696139 ; -0.0108466 ; -0.0121597 ; 101.333;
7 ; 4 ; 5 ; 0.694175 ; -0.0157432 ; 0.0002145 ; 101.546;
8 ; 4 ; 5 ; 0.692971 ; -0.00184932 ; 0.00443267 ; 100.962;
9 ; 4 ; 5 ; 0.680316 ; 0.00566681 ; 0.0140333 ; 101.118;
10 ; 4 ; 5 ; 0.669097 ; 0.0143174 ; -0.011769 ; 101.483;
11 ; 4 ; 5 ; 0.673299 ; -0.00111227 ; -0.017002 ; 101.775;
12 ; 4 ; 5 ; 0.703397 ; 0.0016805 ; 0.000643028 ; 101.793;
13 ; 4 ; 5 ; 0.688255 ; -0.00171806 ; 0.00501553 ; 101.076;
14 ; 4 ; 5 ; 0.688754 ; -0.00428598 ; -0.00101366 ; 101.869;
15 ; 4 ; 5 ; 0.669647 ; -0.00453878 ; 0.00879929 ; 101.259;
16 ; 4 ; 5 ; 0.670133 ; -0.00464083 ; 0.001164 ; 102.079;
17 ; 4 ; 5 ; 0.691449 ; -0.00272274 ; -0.00233742 ; 101.086;
18 ; 4 ; 5 ; 0.675558 ; -0.00133398 ; 0.00254678 ; 100.954;
19 ; 4 ; 5 ; 0.678355 ; 0.0145403 ; -0.00278407 ; 101.169;
20 ; 4 ; 5 ; 0.700655 ; -0.00335534 ; -0.00904807 ; 101.838;
21 ; 4 ; 5 ; 0.691182 ; -0.0165066 ; -0.00943401 ; 101.019;
4 ; 5 ; 5 ; 0.669879 ; 7.39382e-05 ; 0.00305104 ; 101.34;
5 ; 5 ; 5 ; 0.72037 ; 0.0148873 ; -0.000469481 ; 101.585;
6 ; 5 ; 5 ; 0.698046 ; 0.00619379 ; 0.00963187 ; 101.424;
7 ; 5 ; 5 ; 0.683322 ; -0.00183096 ; 0.0115354 ; 101.424;
8 ; 5 ; 5 ; 0.682729 ; 0.00658165 ; 0.00634055 ; 101.895;
9 ; 5 ; 5 ; 0.66603 ; -0.00178512 ; 0.00810703 ; 102.19;
10 ; 5 ; 5 ; 0.668064 ; 0.00297128 ; -0.00702487 ; 101.251;
11 ; 5 ; 5 ; 0.676561 ; 0.00781076 ; 0.0114364 ; 101.92;
12 ; 5 ; 5 ; 0.680396 ; -0.0190055 ; -0.0217291 ; 101.6;
13 ; 5 ; 5 ; 0.681667 ; -0.0127235 ; 0.0174262 ; 101.411;
14 ; 5 ; 5 ; 0.686306 ; 0.00639422 ; -0.00675279 ; 101.809;
15 ; 5 ; 5 ; 0.678863 ; 0.0140094 ; -0.000844084 ; 101.741;
16 ; 5 ; 5 ; 0.692808 ; -0.0139093 ; -0.00912841 ; 101.029;
17 ; 5 ; 5 ; 0.658556 ; -0.00852228 ; -0.0316341 ; 101.456;
18 ; 5 ; 5 ; 0.67559 ; -7.03004e-05 ; 0.0173594 ; 101.149;
19 ; 5 ; 5 ; 0.680378 ; 0.00743629 ; -0.00371399 ; 101.879;
20 ; 5 ; 5 ; 0.684328 ; -0.0217974 ; 0.0141374 ; 101.479;
21 ; 5 ; 5 ; 0.696945 ; 0.0128409 ; -0.00670785 ; 101.264;
4 ; 6 ; 5 ; 0.686433 ; -0.000812744 ; 0.00794676 ; 101.543;
5 ; 6 ; 5 ; 0.672246 ; 0.0159581 ; 0.00234386 ; 101.268;
6 ; 6 ; 5 ; 0.67621 ; 0.0106791 ; 0.00965883 ; 101.992;
7 ; 6 ; 5 ; 0.689036 ; -0.00428742 ; 0.0138488 ; 101.565;
8 ; 6 ; 5 ; 0.657679 ; 0.0223368 ; 0.0179589 ; 101.272;
9 ; 6 ; 5 ; 0.651673 ; -0.0020082 ; 0.00111525 ; 101.95;
10 ; 6 ; 5 ; 0.666726 ; 0.0135343 ; -0.00381088 ; 101.593;
11 ; 6 ; 5 ; 0.696398 ; 0.0110265 ; 0.0085736 ; 102.02;
12 ; 6 ; 5 ; 0.682685 ; -0.00352075 ; -0.0251221 ; 101.661;
13 ; 6 ; 5 ; 0.671423 ; 0.00653 ; 0.00465803 ; 101.764;
14 ; 6 ; 5 ; 0.656905 ; 0.0217723 ; -0.0129086 ; 101.441;
15 ; 6 ; 5 ; 0.684184 ; -0.00250735 ; -0.0188399 ; 101.504;
16 ; 6 ; 5 ; 0.674295 ; 0.000363348 ; -0.00632044 ; 101.198;
17 ; 6 ; 5 ; 0.683924 ; -0.0126962 ; 0.00880907 ; 101.368;
18 ; 6 ; 5 ; 0.672956 ; -0.00280062 ; -0.0214735 ; 101.428;
19 ; 6 ; 5 ; 0.684886 ; 0.0129626 ; 0.00593114 ; 101.78;
20 ; 6 ; 5 ; 0.673582 ; -0.003747 ; -0.00906433 ; 101.607;
21 ; 6 ; 5 ; 0.671805 ; -0.00320407 ; 0.00117409 ; 101.594;
4 ; 7 ; 5 ; 0.680508 ; -0.000817591 ; -0.00809497 ; 101.791;
5 ; 7 ; 5 ; 0.682728 ; -0.000829861 ; -0.00474429 ; 101.426;
6 ; 7 ; 5 ; 0.689793 ; -0.00899739 ; 0.00780558 ; 102.256;
7 ; 7 ; 5 ; 0.687416 ; -0.00681441 ; 0.00442025 ; 100.911;
8 ; 7 ; 5 ; 0.666861 ; -0.0134104 ; -0.00581127 ; 101.359;
9 ; 7 ; 5 ; 0.659153 ; 0.0193681 ; -0.0129053 ; 101.582;
10 ; 7 ; 5 ; 0.681534 ; 0.00631414 ; 0.00898815 ; 101.834;
11 ; 7 ; 5 ; 0.691358 ; -0.0103444 ; -0.0125586 ; 101.15;
12 ; 7 ; 5 ; 0.68227 ; -0.00156721 ; 0.00277029 ; 101.629;
13 ; 7 ; 5 ; 0.672693 ; -0.0221499 ; -0.0151965 ; 101.317;
14 ; 7 ; 5 ; 0.677602 ; 0.0259094 ; -0.00321296 ; 101.421;
15 ; 7 ; 5 ; 0.678543 ; -0.000851801 ; 0.014524 ; 102.047;
16 ; 7 ; 5 ; 0.698049 ; -0.00343972 ; -0.0151195 ; 101.805;
17 ; 7 ; 5 ; 0.673219 ; 0.00374107 ; -0.0192178 ; 101.423;
18 ; 7 ; 5 ; 0.692235 ; 0.00934643 ; 0.00687582 ; 101.468;
19 ; 7 ; 5 ; 0.684032 ; 0.0109207 ; -0.00777662 ; 101.295;
20 ; 7 ; 5 ; 0.670023 ; -0.00670044 ; -0.00250753 ; 101.321;
21 ; 7 ; 5 ; 0.694492 ; 0.00902996 ; -0.00409432 ; 101.728;
4 ; 8 ; 5 ; 0.706106 ; -0.0131114 ; 0.014001 ; 101.86;
5 ; 8 ; 5 ; 0.699869 ; -0.00666734 ; 0.0185893 ; 102.075;
6 ; 8 ; 5 ; 0.686775 ; 0.00549354 ; -0.003306 ; 101.929;
7 ; 8 ; 5 ; 0.674272 ; -0.00545416 ; 0.00776928 ; 100.921;
8 ; 8 ; 5 ; 0.69853 ; -0.0221197 ; 0.0170375 ; 101.749;
9 ; 8 ; 5 ; 0.677344 ; -0.000950152 ; -0.000983803 ; 101.399;
10 ; 8 ; 5 ; 0.653748 ; -0.00869633 ; 0.01452 ; 101.706;
11 ; 8 ; 5 ; 0.68751 ; -0.00190266 ; 0.00639248 ; 101.845;
12 ; 8 ; 5 ; 0.694441 ; 0.00726914 ; 0.0148656 ; 101.335;
13 ; 8 ; 5 ; 0.69241 ; -0.00347706 ; 0.0125237 ; 101.335;
14 ; 8 ; 5 ; 0.661567 ; -0.00363578 ; 0.0150033 ; 102.05;
15 ; 8 ; 5 ; 0.697217 ; -0.00700356 ; 0.00603516 ; 101.598;
16 ; 8 ; 5 ; 0.664696 ; 0.013069 ; -0.00714972 ; 101.114;
17 ; 8 ; 5 ; 0.669568 ; 0.0043019 ; -0.0103912 ; 101.355;
18 ; 8 ; 5 ; 0.68105 ; 0.0108366 ; -0.00072651 ; 101.568;
19 ; 8 ; 5 ; 0.683131 ; 0.00572951 ; -0.0187038 ; 101.703;
20 ; 8 ; 5 ; 0.677945 ; -0.00175917 ; 0.00155038 ; 101.868;
21 ; 8 ; 5 ; 0.686529 ; 0.0211791 ; 0.0202197 ; 101.112;
4 ; 9 ; 5 ; 0.680465 ; -0.0106346 ; 0.00847389 ; 101.376;
5 ; 9 ; 5 ; 0.670769 ; -0.00718168 ; 0.0184409 ; 100.533;
6 ; 9 ; 5 ; 0.669264 ; -0.0117079 ; 0.00332196 ; 101.648;
7 ; 9 ; 5 ; 0.664501 ; -0.00785148 ; 0.000750301 ; 101.232;
8 ; 9 ; 5 ; 0.674285 ; -0.0040752 ; 0.0106697 ; 101.997;
9 ; 9 ; 5 ; 0.690674 ; 0.0203108 ; -0.00436973 ; 101.234;
10 ; 9 ; 5 ; 0.678591 ; -0.00765987 ; 0.00846346 ; 101.538;
11 ; 9 ; 5 ; 0.687908 ; -0.00412078 ; -5.55167e-05 ; 101.563;
12 ; 9 ; 5 ; 0.688487 ; -0.00204179 ; -0.000997833 ; 101.367;
13 ; 9 ; 5 ; 0.675944 ; 0.0245323 ; 0.00725098 ; 101.623;
14 ; 9 ; 5 ; 0.692278 ; -0.0340381 ; 0.00359866 ; 101.81;
15 ; 9 ; 5 ; 0.673928 ; -0.0206428 ; -0.012749 ; 101.956;
16 ; 9 ; 5 ; 0.679406 ; 0.0128971 ; -0.0184315 ; 101.784;
17 ; 9 ; 5 ; 0.687798 ; 0.00422887 ; 0.00161462 ; 101.658;
18 ; 9 ; 5 ; 0.684264 ; -0.00255177 ; 0.00483903 ; 102.091;
19 ; 9 ; 5 ; 0.685626 ; 0.0173626 ; -0.00766485 ; 101.612;
20 ; 9 ; 5 ; 0.689435 ; 6.71951e-05 ; -0.00786004 ; 101.899;
21 ; 9 ; 5 ; 0.702562 ; 0.00646807 ; -0.00899911 ; 101.731;
4 ; 10 ; 5 ; 0.676598 ; 0.00179453 ; 0.01141 ; 101.801;
5 ; 10 ; 5 ; 0.692539 ; -0.0114283 ; -0.00232536 ; 101.677;
6 ; 10 ; 5 ; 0.683935 ; 0.0152173 ; 0.00656088 ; 101.617;
7 ; 10 ; 5 ; 0.686291 ; -0.0109004 ; 0.0102361 ; 101.317;
8 ; 10 ; 5 ; 0.690499 ; -0.0016462 ; 0.0139799 ; 101.789;
9 ; 10 ; 5 ; 0.673668 ; 0.012958 ; 0.014171 ; 101.142;
10 ; 10 ; 5 ; 0.666326 ; -0.0109562 ; 0.00571751 ; 101.58;
11 ; 10 ; 5 ; 0.686666 ; -0.0135741 ; -0.00602757 ; 101.741;
12 ; 10 ; 5 ; 0.665829 ; -0.00921414 ; -0.0222881 ; 101.712;
13 ; 10 ; 5 ; 0.677718 ; -0.0027779 ; 0.0110468 ; 101.52;
14 ; 10 ; 5 ; 0.675814 ; -0.0154855 ; -0.0020573 ; 101.52;
15 ; 10 ; 5 ; 0.672276 ; 0.0113376 ; 0.0127211 ; 101.512;
16 ; 10 ; 5 ; 0.670105 ; 0.0197938 ; 0.0123725 ; 101.349;
17 ; 10 ; 5 ; 0.68041 ; 0.00195679 ; 0.00143442 ; 101.547;
18 ; 10 ; 5 ; 0.693042 ; -0.0043805 ; 0.00820677 ; 101.953;
19 ; 10 ; 5 ; 0.706603 ; -0.0160282 ; -0.0143949 ; 101.815;
20 ; 10 ; 5 ; 0.689151 ; -0.0116579 ; -0.0128521 ; 101.797;
21 ; 10 ; 5 ; 0.687327 ; 0.00299623 ; -0.0136857 ; 101.083;
4 ; 11 ; 5 ; 0.686276 ; 0.0144539 ; 0.000354299 ; 102.144;
5 ; 11 ; 5 ; 0.682126 ; -0.00374297 ; 0.00655171 ; 101.236;
6 ; 11 ; 5 ; 0.677726 ; 0.0053631 ; 0.00301841 ; 102.367;
7 ; 11 ; 5 ; 0.681599 ; -0.0121191 ; 0.00055247 ; 101.174;
8 ; 11 ; 5 ; 0.691126 ; 0.00389311 ; 0.0119661 ; 101.475;
9 ; 11 ; 5 ; 0.675253 ; -0.00198193 ; 0.00348527 ; 101.553;
10 ; 11 ; 5 ; 0.682526 ; 0.00137922 ; -0.00474667 ; 100.798;
11 ; 11 ; 5 ; 0.678351 ; 0.0141382 ; 0.0151826 ; 101.954;
12 ; 11 ; 5 ; 0.675999 ; -0.0121978 ; -0.0179284 ; 101.851;
13 ; 11 ; 5 ; 0.678574 ; -0.000863779 ; 0.00267949 ; 101.378;
14 ; 11 ; 5 ; 0.679501 ; -0.00120816 ; 0.0157543 ; 101.671;
15 ; 11 ; 5 ; 0.683035 ; 0.00400006 ; -0.00694471 ; 101.878;
16 ; 11 ; 5 ; 0.673794 ; -0.0129496 ; 0.00983787 ; 101.803;
17 ; 11 ; 5 ; 0.664431 ; -0.000744844 ; 0.00598451 ; 101.101;
18 ; 11 ; 5 ; 0.674115 ; -0.0158433 ; 0.0189512 ; 101.667;
19 ; 11 ; 5 ; 0.691371 ; 0.00913154 ; -0.00896791 ; 101.773;
20 ; 11 ; 5 ; 0.691271 ; 0.011203 ; 0.00936091 ; 101.717;
21 ; 11 ; 5 ; 0.690178 ; -0.00750966 ; 0.00984916 ; 101.051;
4 ; 12 ; 5 ; 0.680442 ; 0.00416103 ; 0.00286145 ; 101.722;
5 ; 12 ; 5 ; 0.695874 ; -0.00859118 ; 0.0116838 ; 101.623;
6 ; 12 ; 5 ; 0.694624 ; -0.0181998 ; -0.0105262 ; 101.353;
7 ; 12 ; 5 ; 0.688256 ; -0.00700367 ; -0.0015364 ; 101.474;
8 ; 12 ; 5 ; 0.675075 ; 0.000626555 ; 0.0166837 ; 101.112;
9 ; 12 ; 5 ; 0.675672 ; 0.00184146 ; 0.00243358 ; 101.571;
10 ; 12 ; 5 ; 0.693226 ; -0.00161128 ; 0.00609295 ; 101.902;
11 ; 12 ; 5 ; 0.691226 ; 0.0147862 ; 0.000118753 ; 101.453;
12 ; 12 ; 5 ; 0.673595 ; -0.0158247 ; 0.0140356 ; 101.718;
13 ; 12 ; 5 ; 0.693776 ; 0.0136073 ; 0.00382426 ; 101.648;
14 ; 12 ; 5 ; 0.684452 ; 0.00633979 ; -0.00641787 ; 102.309;
15 ; 12 ; 5 ; 0.655778 ; 0.0102493 ; 0.0119864 ; 101.388;
16 ; 12 ; 5 ; 0.666219 ; 0.00900266 ; -0.00324699 ; 101.464;
17 ; 12 ; 5 ; 0.673121 ; 0.00727927 ; -0.00629713 ; 101.746;
18 ; 12 ; 5 ; 0.683526 ; -0.00241275 ; 0.011832 ; 101.537;
19 ; 12 ; 5 ; 0.688011 ; 0.0053411 ; -0.0203574 ; 101.685;
20 ; 12 ; 5 ; 0.688066 ; 0.00741429 ; -0.0027301 ; 101.415;
21 ; 12 ; 5 ; 0.69907 ; -0.00128188 ; 0.000478038 ; 100.904;
4 ; 13 ; 5 ; 0.678288 ; 0.00308678 ; 0.0122893 ; 101.391;
5 ; 13 ; 5 ; 0.685002 ; -0.0176926 ; -0.0147902 ; 101.205;
6 ; 13 ; 5 ; 0.694107 ; -0.00703928 ; 3.62851e-05 ; 101.387;
7 ; 13 ; 5 ; 0.691195 ; -0.0265141 ; 0.00505728 ; 102.062;
8 ; 13 ; 5 ; 0.695849 ; 0.00113334 ; 0.00664242 ; 101.604;
9 ; 13 ; 5 ; 0.690232 ; -0.00917389 ; 0.00586622 ; 101.227;
10 ; 13 ; 5 ; 0.675626 ; -0.00816804 ; -0.0119053 ; 100.927;
11 ; 13 ; 5 ; 0.675856 ; -0.0116238 ; -0.00360561 ; 100.977;
12 ; 13 ; 5 ; 0.681391 ; -0.010649 ; 0.0113391 ; 101.265;
13 ; 13 ; 5 ; 0.681197 ; 0.00535216 ; 0.0119053 ; 101.65;
14 ; 13 ; 5 ; 0.674145 ; 0.00708755 ; -0.017311 ; 101.65;
15 ; 13 ; 5 ; 0.685676 ; 0.0205442 ; 0.00354524 ; 101.259;
16 ; 13 ; 5 ; 0.692252 ; 0.00404437 ; -0.0013457 ; 101.389;
17 ; 13 ; 5 ; 0.669069 ; 0.000932933 ; 0.0177976 ; 101.055;
18 ; 13 ; 5 ; 0.68518 ; -0.00638484 ; -0.00923526 ; 101.419;
19 ; 13 ; 5 ; 0.665754 ; -0.00619869 ; -0.00188164 ; 101.569;
20 ; 13 ; 5 ; 0.676067 ; -0.00793726 ; -0.00885989 ; 101.147;
21 ; 13 ; 5 ; 0.662222 ; 0.000427376 ; -0.0155871 ; 100.795;
4 ; 14 ; 5 ; 0.673287 ; 0.00592137 ; 0.0164093 ; 101.368;
5 ; 14 ; 5 ; 0.685582 ; -0.00128203 ; -0.0107095 ; 101.254;
6 ; 14 ; 5 ; 0.665386 ; 0.00368708 ; -0.00780932 ; 101.585;
7 ; 14 ; 5 ; 0.672787 ; 0.00719504 ; 0.00213876 ; 101.603;
8 ; 14 ; 5 ; 0.672456 ; -0.00657862 ; 0.0196456 ; 101.806;
9 ; 14 ; 5 ; 0.673392 ; -0.00786626 ; 0.00135575 ; 101.712;
10 ; 14 ; 5 ; 0.668816 ; 0.0188245 ; 0.00191797 ; 101.468;
11 ; 14 ; 5 ; 0.677286 ; -0.0150109 ; -0.00665266 ; 101.489;
12 ; 14 ; 5 ; 0.677393 ; -0.0176005 ; 0.00522973 ; 101.457;
13 ; 14 ; 5 ; 0.694749 ; 0.0114159 ; 0.0047333 ; 101.575;
14 ; 14 ; 5 ; 0.678905 ; 0.0075555 ; 0.0172111 ; 101.816;
15 ; 14 ; 5 ; 0.677713 ; 0.00690668 ; 0.00140607 ; 101.594;
16 ; 14 ; 5 ; 0.671171 ; 0.00873512 ; -0.0187109 ; 101.913;
17 ; 14 ; 5 ; 0.669292 ; 0.0057798 ; 0.00099062 ; 101.958;
18 ; 14 ; 5 ; 0.680431 ; 0.00574545 ; -0.0210313 ; 101.543;
19 ; 14 ; 5 ; 0.675958 ; 0.00389469 ; -0.00426843 ; 101.601;
20 ; 14 ; 5 ; 0.685934 ; -0.00437487 ; -0.00333336 ; 101.011;
21 ; 14 ; 5 ; 0.705355 ; -0.0186903 ; -0.000319032 ; 101.089;
4 ; 15 ; 5 ; 0.677729 ; -0.00158433 ; 0.0119486 ; 101.053;
5 ; 15 ; 5 ; 0.686967 ; 0.0105339 ; -0.00700693 ; 101.615;
6 ; 15 ; 5 ; 0.695453 ; -0.00258688 ; 0.0104359 ; 101.741;
7 ; 15 ; 5 ; 0.692397 ; 0.0162307 ; -0.000411458 ; 101.246;
8 ; 15 ; 5 ; 0.690534 ; -0.0152361 ; 0.00148293 ; 102.266;
9 ; 15 ; 5 ; 0.67996 ; 0.0113947 ; 0.0124797 ; 101.785;
10 ; 15 ; 5 ; 0.659956 ; -0.012911 ; 0.00546739 ; 101.346;
11 ; 15 ; 5 ; 0.679698 ; 0.00442537 ; -0.0123359 ; 101.413;
12 ; 15 ; 5 ; 0.689753 ; -0.000390305 ; -0.0055795 ; 101.532;
13 ; 15 ; 5 ; 0.682789 ; 0.00413186 ; -0.0102691 ; 101.433;
14 ; 15 ; 5 ; 0.685156 ; -0.00286684 ; -0.00668306 ; 101.357;
15 ; 15 ; 5 ; 0.677522 ; -0.00241589 ; -0.0214488 ; 101.855;
16 ; 15 ; 5 ; 0.67907 ; 0.00364511 ; -0.0144614 ; 101.233;
17 ; 15 ; 5 ; 0.672514 ; 0.00873743 ; -0.02265 ; 101.605;
18 ; 15 ; 5 ; 0.655815 ; 0.00373595 ; 0.0102772 ; 102.032;
19 ; 15 ; 5 ; 0.664383 ; -0.0037854 ; 0.00594399 ; 100.864;
20 ; 15 ; 5 ; 0.689434 ; -0.0223366 ; 0.0171449 ; 101.532;
21 ; 15 ; 5 ; 0.673511 ; -0.0171996 ; 0.00420355 ; 101.418;
4 ; 16 ; 5 ; 0.686254 ; 0.00641086 ; 0.00738039 ; 101.847;
5 ; 16 ; 5 ; 0.67499 ; -0.00058431 ; 0.00446 ; 101.65;
6 ; 16 ; 5 ; 0.678953 ; -0.000177689 ; 0.0158342 ; 101.704;
7 ; 16 ; 5 ; 0.668963 ; 0.00349594 ; 0.0090344 ; 101.409;
8 ; 16 ; 5 ; 0.696308 ; -0.000220359 ; -0.00537181 ; 101.393;
9 ; 16 ; 5 ; 0.676483 ; 0.00669729 ; 0.00770071 ; 101.141;
10 ; 16 ; 5 ; 0.662728 ; -0.00406021 ; -0.00931023 ; 101.663;
11 ; 16 ; 5 ; 0.675527 ; -0.00213168 ; 0.00358193 ; 101.897;
12 ; 16 ; 5 ; 0.677602 ; 0.0127853 ; 0.00257398 ; 101.916;
13 ; 16 ; 5 ; 0.678735 ; -0.013145 ; 0.000668389 ; 101.959;
14 ; 16 ; 5 ; 0.669856 ; 0.00196432 ; -0.0152654 ; 101.368;
15 ; 16 ; 5 ; 0.674032 ; 0.00446883 ; 0.00555048 ; 101.348;
16 ; 16 ; 5 ; 0.675072 ; 0.01242 ; 0.0109302 ; 101.549;
17 ; 16 ; 5 ; 0.672938 ; 0.0133958 ; 0.0168898 ; 101.814;
18 ; 16 ; 5 ; 0.686198 ; 0.00105406 ; -0.0104804 ; 101.142;
19 ; 16 ; 5 ; 0.696022 ; -0.0030647 ; -0.00405724 ; 102.287;
20 ; 16 ; 5 ; 0.679796 ; -0.00120285 ; -0.00353213 ; 101.557;
21 ; 16 ; 5 ; 0.68314 ; 0.00993231 ; -0.00463454 ; 101.534;
4 ; 17 ; 5 ; 0.699219 ; -0.000380606 ; -0.012422 ; 102.209;
5 ; 17 ; 5 ; 0.706118 ; 0.000984993 ; 0.00145447 ; 101.918;
6 ; 17 ; 5 ; 0.69827 ; -0.0126267 ; -0.000764905 ; 101.33;
7 ; 17 ; 5 ; 0.675784 ; -0.0148073 ; 0.00313592 ; 101.633;
8 ; 17 ; 5 ; 0.68165 ; 0.00978933 ; 0.00371987 ; 101.278;
9 ; 17 ; 5 ; 0.684203 ; -0.00119713 ; 0.00055049 ; 101.858;
10 ; 17 ; 5 ; 0.683071 ; 0.00836247 ; -0.0104555 ; 101.519;
11 ; 17 ; 5 ; 0.662819 ; -0.0034835 ; 0.0142778 ; 101.162;
12 ; 17 ; 5 ; 0.681593 ; 0.0134293 ; 0.0102089 ; 101.882;
13 ; 17 ; 5 ; 0.665012 ; -0.000623317 ; 0.00596612 ; 101.693;
14 ; 17 ; 5 ; 0.689088 ; -0.00796083 ; -0.0115047 ; 101.81;
15 ; 17 ; 5 ; 0.667312 ; 0.0181803 ; 0.0128536 ; 101.898;
16 ; 17 ; 5 ; 0.656562 ; -0.00293767 ; -0.0109986 ; 101.767;
17 ; 17 ; 5 ; 0.673988 ; 0.00623062 ; 0.00161859 ; 100.862;
18 ; 17 ; 5 ; 0.669063 ; 0.00105897 ; -0.0316056 ; 102.208;
19 ; 17 ; 5 ; 0.704079 ; 0.0150192 ; -0.013101 ; 101.711;
20 ; 17 ; 5 ; 0.693328 ; -0.00408529 ; -0.00616483 ; 101.648;
21 ; 17 ; 5 ; 0.686365 ; -0.0155564 ; -0.00843269 ; 101.219;
4 ; 18 ; 5 ; 0.690693 ; -0.00489922 ; 0.00296023 ; 101.244;
5 ; 18 ; 5 ; 0.679035 ; -0.0264866 ; 0.0120389 ; 101.26;
6 ; 18 ; 5 ; 0.6789 ; 0.00380195 ; -0.00242931 ; 101.723;
7 ; 18 ; 5 ; 0.691744 ; 0.000642293 ; -0.00964871 ; 101.364;
8 ; 18 ; 5 ; 0.673453 ; -0.0188773 ; -0.00260049 ; 101.622;
9 ; 18 ; 5 ; 0.667967 ; 0.0116472 ; 0.0189856 ; 101.352;
10 ; 18 ; 5 ; 0.674976 ; 0.0032578 ; -0.00539167 ; 101.239;
11 ; 18 ; 5 ; 0.701002 ; 0.000158293 ; -0.0196269 ; 101.902;
12 ; 18 ; 5 ; 0.675682 ; -0.00317338 ; -0.00148201 ; 101.059;
13 ; 18 ; 5 ; 0.661439 ; -0.0132827 ; -0.000291811 ; 101.464;
14 ; 18 ; 5 ; 0.691708 ; 0.00600264 ; 0.0261757 ; 101.621;
15 ; 18 ; 5 ; 0.714101 ; -0.00212237 ; 0.00156108 ; 101.618;
16 ; 18 ; 5 ; 0.674714 ; -0.000367574 ; 0.0130303 ; 101.219;
17 ; 18 ; 5 ; 0.692136 ; 0.0098927 ; -0.0170291 ; 101.571;
18 ; 18 ; 5 ; 0.686846 ; -0.0144725 ; -0.0130622 ; 101.11;
19 ; 18 ; 5 ; 0.680577 ; -0.00334888 ; -0.0152643 ; 100.845;
20 ; 18 ; 5 ; 0.684816 ; 0.001483 ; -0.0160399 ; 101.022;
21 ; 18 ; 5 ; 0.691054 ; -0.0023188 ; 0.0129981 ; 100.727;
4 ; 19 ; 5 ; 0.679111 ; -0.00281167 ; -0.00340434 ; 101.356;
5 ; 19 ; 5 ; 0.684313 ; -0.00618143 ; 0.00557601 ; 101.476;
6 ; 19 ; 5 ; 0.693775 ; 0.00679418 ; 0.00832987 ; 101.681;
7 ; 19 ; 5 ; 0.705151 ; 0.0156265 ; -0.00256725 ; 102.409;
8 ; 19 ; 5 ; 0.68592 ; 0.0118375 ; 0.0133823 ; 101.313;
9 ; 19 ; 5 ; 0.682253 ; -0.0179113 ; -0.00740898 ; 101.593;
10 ; 19 ; 5 ; 0.677517 ; -0.00531941 ; -0.0056177 ; 100.913;
11 ; 19 ; 5 ; 0.694616 ; 0.00291295 ; -0.0213468 ; 100.975;
12 ; 19 ; 5 ; 0.661291 ; -0.00298909 ; -0.0040587 ; 101.271;
13 ; 19 ; 5 ; 0.685599 ; -0.00741294 ; 0.00584827 ; 101.485;
14 ; 19 ; 5 ; 0.67804 ; 0.00363623 ; 0.00683281 ; 101.057;
15 ; 19 ; 5 ; 0.679966 ; 0.0119217 ; -0.00630947 ; 101.688;
16 ; 19 ; 5 ; 0.687216 ; 0.0095881 ; 0.0120762 ; 101.803;
17 ; 19 ; 5 ; 0.684556 ; 0.0154003 ; -0.0161808 ; 101.641;
18 ; 19 ; 5 ; 0.684204 ; -0.00410394 ; -0.0119258 ; 101.247;
19 ; 19 ; 5 ; 0.666043 ; 0.00922975 ; -0.00213241 ; 101.033;
20 ; 19 ; 5 ; 0.682706 ; -0.00634152 ; -0.0253111 ; 101.707;
21 ; 19 ; 5 ; 0.685185 ; -0.00638419 ; -0.0208713 ; 100.849;
4 ; 20 ; 5 ; 0.697092 ; 0.00316409 ; 0.019129 ; 101.311;
5 ; 20 ; 5 ; 0.700452 ; 0.0292696 ; -0.00788551 ; 102.059;
6 ; 20 ; 5 ; 0.682179 ; 0.0101525 ; 0.0173115 ; 101.525;
7 ; 20 ; 5 ; 0.670907 ; -0.00574997 ; -0.00579538 ; 101.747;
8 ; 20 ; 5 ; 0.693368 ; -0.00239165 ; 0.00691668 ; 101.785;
9 ; 20 ; 5 ; 0.699442 ; 0.0108584 ; -0.00810512 ; 101.263;
10 ; 20 ; 5 ; 0.687433 ; -0.00280737 ; 0.0111158 ; 101.551;
11 ; 20 ; 5 ; 0.689722 ; -0.00950866 ; 0.0198061 ; 102.056;
12 ; 20 ; 5 ; 0.663148 ; -0.00869549 ; -0.0289672 ; 101.738;
13 ; 20 ; 5 ; 0.66989 ; 0.00158275 ; 0.0157013 ; 101.836;
14 ; 20 ; 5 ; 0.683043 ; 0.00465185 ; 0.00937384 ; 101.858;
15 ; 20 ; 5 ; 0.685744 ; -0.000601106 ; -0.00736637 ; 101.884;
16 ; 20 ; 5 ; 0.684796 ; 0.00132157 ; -0.00574533 ; 100.548;
17 ; 20 ; 5 ; 0.680204 ; 0.0216892 ; -0.00618703 ; 100.86;
18 ; 20 ; 5 ; 0.689797 ; 0.00735482 ; -0.00501175 ; 101.911;
19 ; 20 ; 5 ; 0.687111 ; -0.000184594 ; -0.0265066 ; 101.569;
20 ; 20 ; 5 ; 0.687819 ; -0.00923691 ; 0.00073085 ; 101.784;
21 ; 20 ; 5 ; 0.692025 ; -0.00314429 ; -0.0163681 ; 101.241;
4 ; 21 ; 5 ; 0.696181 ; -1.06114e-05 ; -0.00643462 ; 102.007;
5 ; 21 ; 5 ; 0.699378 ; 0.0183579 ; -0.00210408 ; 101.384;
6 ; 21 ; 5 ; 0.694706 ; -0.00916939 ; -0.0149662 ; 101.591;
7 ; 21 ; 5 ; 0.694082 ; -0.00560893 ; 0.000492821 ; 101.159;
8 ; 21 ; 5 ; 0.70647 ; 0.00894981 ; 0.00282473 ; 101.335;
9 ; 21 ; 5 ; 0.695326 ; 0.0105933 ; -0.0104917 ; 101.692;
10 ; 21 ; 5 ; 0.68774 ; -0.0182901 ; -0.0172573 ; 101.639;
11 ; 21 ; 5 ; 0.697259 ; -0.00158823 ; -0.0200686 ; 101.453;
12 ; 21 ; 5 ; 0.672634 ; 0.00321911 ; -0.0126174 ; 101.241;
13 ; 21 ; 5 ; 0.686776 ; 0.00072266 ; -0.00171388 ; 101.486;
14 ; 21 ; 5 ; 0.686579 ; 0.006554 ; 0.00488742 ; 102.065;
15 ; 21 ; 5 ; 0.684702 ; -0.00490924 ; -0.00115314 ; 101.341;
16 ; 21 ; 5 ; 0.658879 ; 0.00263244 ; -0.0120829 ; 101.549;
17 ; 21 ; 5 ; 0.66192 ; -0.00658425 ; -0.0133192 ; 100.84;
18 ; 21 ; 5 ; 0.70091 ; -0.00559314 ; -0.0193348 ; 101.727;
19 ; 21 ; 5 ; 0.685311 ; 0.00696727 ; -0.00888387 ; 100.759;
20 ; 21 ; 5 ; 0.68025 ; 0.014711 ; 0.00811956 ; 101.572;
21 ; 21 ; 5 ; 0.698521 ; 0.017094 ; 0.00750962 ; 101.709;
4 ; 4 ; 6 ; 0.55287 ; -0.00128904 ; -0.000562234 ; 102.048;
5 ; 4 ; 6 ; 0.577931 ; -0.00132651 ; 0.00970612 ; 101.572;
6 ; 4 ; 6 ; 0.559641 ; -0.000805198 ; -0.0188045 ; 101.63;
7 ; 4 ; 6 ; 0.559458 ; -0.015476 ; 0.00549352 ; 102.425;
8 ; 4 ; 6 ; 0.566648 ; 0.016699 ; -0.00158034 ; 101.549;
9 ; 4 ; 6 ; 0.561155 ; -0.00154137 ; 0.00537309 ; 101.867;
10 ; 4 ; 6 ; 0.569129 ; -0.0072956 ; 0.00302616 ; 100.752;
11 ; 4 ; 6 ; 0.570557 ; -0.0209295 ; -0.00855147 ; 101.786;
12 ; 4 ; 6 ; 0.596241 ; -0.00690633 ; -0.00455574 ; 101.697;
13 ; 4 ; 6 ; 0.562689 ; -0.00383396 ; 0.0121162 ; 101.604;
14 ; 4 ; 6 ; 0.554095 ; -0.00483885 ; 0.00695301 ; 101.449;
15 ; 4 ; 6 ; 0.561654 ; 0.00455825 ; -0.00387054 ; 102.048;
16 ; 4 ; 6 ; 0.579672 ; 0.0100006 ; -0.00399861 ; 102.357;
17 ; 4 ; 6 ; 0.567268 ; 0.00483435 ; 0.000168519 ; 101.18;
18 ; 4 ; 6 ; 0.582492 ; -0.00322774 ; -0.00778947 ; 101.716;
19 ; 4 ; 6 ; 0.57967 ; 0.010381 ; 0.00610592 ; 101.235;
20 ; 4 ; 6 ; 0.574045 ; 0.00450361 ; -0.00208883 ; 101.252;
21 ; 4 ; 6 ; 0.569451 ; -0.0131599 ; -0.00515668 ; 101.049;
4 ; 5 ; 6 ; 0.564054 ; -0.00841545 ; 0.00580713 ; 101.081;
5 ; 5 ; 6 ; 0.60339 ; 0.00852794 ; 0.0203266 ; 101.85;
6 ; 5 ; 6 ; 0.585727 ; 0.00889193 ; 0.00749506 ; 101.447;
7 ; 5 ; 6 ; 0.580638 ; -0.0193506 ; 0.001562 ; 101.721;
8 ; 5 ; 6 ; 0.568328 ; -0.00769681 ; 0.0123696 ; 100.993;
9 ; 5 ; 6 ; 0.569178 ; -0.00286572 ; 0.0133711 ; 102.024;
10 ; 5 ; 6 ; 0.563071 ; -0.00976486 ; 0.00761812 ; 102.273;
11 ; 5 ; 6 ; 0.565133 ; -0.0123457 ; 0.0124063 ; 101.922;
12 ; 5 ; 6 ; 0.566194 ; 0.010817 ; -0.000349656 ; 101.83;
13 ; 5 ; 6 ; 0.568683 ; 0.00883513 ; 0.0104429 ; 101.192;
14 ; 5 ; 6 ; 0.565434 ; 0.0206563 ; -0.00429486 ; 101.867;
15 ; 5 ; 6 ; 0.565768 ; -0.0182339 ; -0.0154168 ; 101.642;
16 ; 5 ; 6 ; 0.571775 ; 0.00118475 ; -0.0148981 ; 102.062;
17 ; 5 ; 6 ; 0.569116 ; -0.00195714 ; 0.00882751 ; 101.729;
18 ; 5 ; 6 ; 0.567662 ; -0.01249 ; 0.00326679 ; 101.687;
19 ; 5 ; 6 ; 0.554789 ; 0.0179656 ; 0.0141405 ; 101.939;
20 ; 5 ; 6 ; 0.56238 ; 0.00374944 ; 0.0067947 ; 101.627;
21 ; 5 ; 6 ; 0.578033 ; -0.00778986 ; -0.0213921 ; 101.473;
4 ; 6 ; 6 ; 0.553415 ; 0.00866112 ; -0.019257 ; 101.963;
5 ; 6 ; 6 ; 0.567287 ; -0.00320278 ; -0.0148682 ; 101.735;
6 ; 6 ; 6 ; 0.566721 ; 0.0055308 ; -0.0216838 ; 101.322;
7 ; 6 ; 6 ; 0.560168 ; -0.0264736 ; 0.00236588 ; 101.791;
8 ; 6 ; 6 ; 0.568131 ; 0.00354245 ; 0.0258674 ; 102.148;
9 ; 6 ; 6 ; 0.5596 ; 0.0142125 ; 0.0131147 ; 101.493;
10 ; 6 ; 6 ; 0.563614 ; -0.00999206 ; 0.0184193 ; 101.686;
11 ; 6 ; 6 ; 0.560822 ; -0.00834487 ; 0.00836636 ; 101.736;
12 ; 6 ; 6 ; 0.576317 ; 0.000660557 ; -0.0115644 ; 101.236;
13 ; 6 ; 6 ; 0.564091 ; -0.0115815 ; 0.0111707 ; 100.911;
14 ; 6 ; 6 ; 0.56961 ; 0.00125574 ; -0.0277684 ; 101.866;
15 ; 6 ; 6 ; 0.567695 ; 0.00118394 ; -0.0058485 ; 101.757;
16 ; 6 ; 6 ; 0.554122 ; -0.00172925 ; -0.00851192 ; 101.216;
17 ; 6 ; 6 ; 0.545 ; -0.00589552 ; 0.00123855 ; 101.728;
18 ; 6 ; 6 ; 0.569197 ; -0.00714584 ; -0.00444397 ; 100.771;
19 ; 6 ; 6 ; 0.581213 ; -0.0110558 ; 0.00382523 ; 101.17;
20 ; 6 ; 6 ; 0.573947 ; 0.0195003 ; -0.0195784 ; 101.59;
21 ; 6 ; 6 ; 0.567411 ; 0.00554426 ; -0.00973706 ; 101.181;
4 ; 7 ; 6 ; 0.554907 ; 0.0112544 ; -0.00306047 ; 101.547;
5 ; 7 ; 6 ; 0.562072 ; -0.0121693 ; 0.0104155 ; 101.614;
6 ; 7 ; 6 ; 0.586489 ; -0.0149275 ; -0.00669624 ; 101.135;
7 ; 7 ; 6 ; 0.596851 ; 0.0071543 ; 0.00147848 ; 101.68;
8 ; 7 ; 6 ; 0.575723 ; -0.00379393 ; -0.00679345 ; 101.865;
9 ; 7 ; 6 ; 0.558083 ; -0.0104827 ; 0.00786568 ; 101.496;
10 ; 7 ; 6 ; 0.565361 ; 0.0189824 ; 0.0049718 ; 101.53;
11 ; 7 ; 6 ; 0.587015 ; -0.0163241 ; 0.00298951 ; 101.907;
12 ; 7 ; 6 ; 0.587224 ; 0.00334671 ; 0.00711509 ; 101.782;
13 ; 7 ; 6 ; 0.573953 ; 0.00132516 ; -0.00296331 ; 101.212;
14 ; 7 ; 6 ; 0.551576 ; 0.00367248 ; -0.00843019 ; 101.911;
15 ; 7 ; 6 ; 0.556649 ; -0.00291587 ; -0.000753107 ; 101.447;
16 ; 7 ; 6 ; 0.549941 ; -0.00729668 ; -0.0105787 ; 101.885;
17 ; 7 ; 6 ; 0.558935 ; 0.0065628 ; 0.0133351 ; 101.505;
18 ; 7 ; 6 ; 0.60447 ; 0.00665372 ; -0.00976907 ; 101.582;
19 ; 7 ; 6 ; 0.589898 ; -0.00758578 ; -0.0172321 ; 101.531;
20 ; 7 ; 6 ; 0.571875 ; 0.0010137 ; -0.032097 ; 101.933;
21 ; 7 ; 6 ; 0.58203 ; 0.000600164 ; -0.0103896 ; 101.759;
4 ; 8 ; 6 ; 0.568756 ; 0.00876686 ; 0.00737705 ; 101.37;
5 ; 8 ; 6 ; 0.567019 ; -0.0011968 ; -0.00462295 ; 101.517;
6 ; 8 ; 6 ; 0.563819 ; 0.0137281 ; 0.00664866 ; 102.564;
7 ; 8 ; 6 ; 0.567529 ; 0.00195715 ; -4.55297e-05 ; 101.87;
8 ; 8 ; 6 ; 0.56193 ; 0.00152733 ; -0.00307895 ; 100.8;
9 ; 8 ; 6 ; 0.570691 ; 0.00121529 ; 0.00476941 ; 100.796;
10 ; 8 ; 6 ; 0.582773 ; -0.00687736 ; 0.025728 ; 100.869;
11 ; 8 ; 6 ; 0.571746 ; 0.0021329 ; 0.0168056 ; 101.585;
12 ; 8 ; 6 ; 0.554869 ; -0.00234629 ; 0.0139938 ; 101.628;
13 ; 8 ; 6 ; 0.557655 ; 0.00410205 ; 0.00625227 ; 101.654;
14 ; 8 ; 6 ; 0.57205 ; 0.00934132 ; -0.0011613 ; 101.917;
15 ; 8 ; 6 ; 0.553711 ; 0.0124991 ; 0.00902984 ; 101.51;
16 ; 8 ; 6 ; 0.556412 ; -0.00018159 ; -0.0182845 ; 102.158;
17 ; 8 ; 6 ; 0.572463 ; 0.0098315 ; -0.00269864 ; 100.986;
18 ; 8 ; 6 ; 0.572411 ; -0.00579343 ; 0.0034693 ; 101.236;
19 ; 8 ; 6 ; 0.586415 ; -0.000759006 ; -0.0113785 ; 101.385;
20 ; 8 ; 6 ; 0.577698 ; -0.00606497 ; 0.0110389 ; 101.295;
21 ; 8 ; 6 ; 0.571985 ; -0.0151391 ; 0.00671331 ; 101.326;
4 ; 9 ; 6 ; 0.564677 ; 0.00765981 ; 0.00483123 ; 102.014;
5 ; 9 ; 6 ; 0.551676 ; 0.00379016 ; 0.00302995 ; 101.95;
6 ; 9 ; 6 ; 0.559149 ; 0.00815755 ; -0.00458942 ; 101.338;
7 ; 9 ; 6 ; 0.558117 ; 0.000606606 ; -0.00581782 ; 101.824;
8 ; 9 ; 6 ; 0.571758 ; -0.00528547 ; -0.0228726 ; 101.636;
9 ; 9 ; 6 ; 0.572818 ; 0.00450242 ; -0.0203313 ; 101.915;
10 ; 9 ; 6 ; 0.571668 ; -0.00361477 ; -0.0072759 ; 101.813;
11 ; 9 ; 6 ; 0.570001 ; -0.00666702 ; 0.0117764 ; 101.304;
12 ; 9 ; 6 ; 0.558751 ; 0.0128354 ; 0.0107997 ; 102.238;
13 ; 9 ; 6 ; 0.574791 ; -0.0143642 ; 0.00251289 ; 101.367;
14 ; 9 ; 6 ; 0.560455 ; 0.00109463 ; 0.00189115 ; 101.643;
15 ; 9 ; 6 ; 0.574831 ; 0.0157166 ; -0.0174262 ; 101.549;
16 ; 9 ; 6 ; 0.568106 ; -0.0130238 ; -0.0163738 ; 101.563;
17 ; 9 ; 6 ; 0.571218 ; -0.00357144 ; -0.00384463 ; 101.072;
18 ; 9 ; 6 ; 0.550525 ; -0.0016977 ; 0.0104177 ; 101.331;
19 ; 9 ; 6 ; 0.565798 ; 0.0155266 ; -0.017679 ; 101.639;
20 ; 9 ; 6 ; 0.58275 ; 0.0097124 ; -0.0171438 ; 101.147;
21 ; 9 ; 6 ; 0.575363 ; 0.00631652 ; -0.0175826 ; 101.466;
4 ; 10 ; 6 ; 0.578257 ; -0.00660906 ; -0.0148814 ; 101.617;
5 ; 10 ; 6 ; 0.567071 ; 0.00595412 ; -0.0116153 ; 101.643;
6 ; 10 ; 6 ; 0.566743 ; -0.00593031 ; 0.00242049 ; 101.983;
7 ; 10 ; 6 ; 0.561705 ; 0.00759002 ; 0.00725413 ; 102.032;
8 ; 10 ; 6 ; 0.563371 ; 0.0104285 ; 0.0149098 ; 101.829;
9 ; 10 ; 6 ; 0.560937 ; -0.00157103 ; 0.00137195 ; 101.548;
10 ; 10 ; 6 ; 0.565809 ; -0.00981052 ; -0.00718162 ; 101.904;
11 ; 10 ; 6 ; 0.562934 ; -0.00178672 ; 0.00585373 ; 101.93;
12 ; 10 ; 6 ; 0.567351 ; 0.00793609 ; 0.00521515 ; 101.508;
13 ; 10 ; 6 ; 0.548358 ; 0.00431978 ; -0.00691009 ; 101.873;
14 ; 10 ; 6 ; 0.573592 ; -0.000355004 ; -0.00448372 ; 101.745;
15 ; 10 ; 6 ; 0.545196 ; -0.00126638 ; 0.00193538 ; 101.342;
16 ; 10 ; 6 ; 0.560474 ; -0.00897503 ; -0.00176587 ; 101.323;
17 ; 10 ; 6 ; 0.56299 ; 0.00926769 ; -0.00751236 ; 101.138;
18 ; 10 ; 6 ; 0.567862 ; 0.0021174 ; -0.00137377 ; 101.408;
19 ; 10 ; 6 ; 0.567724 ; 0.00308499 ; -0.00196807 ; 101.908;
20 ; 10 ; 6 ; 0.557013 ; 0.0261031 ; -0.00634214 ; 101.044;
21 ; 10 ; 6 ; 0.561783 ; 0.0160427 ; -0.00742783 ; 101.705;
4 ; 11 ; 6 ; 0.570101 ; -0.0026553 ; -0.00208128 ; 101.693;
5 ; 11 ; 6 ; 0.574328 ; -0.0049571 ; -0.00851476 ; 101.586;
6 ; 11 ; 6 ; 0.555259 ; 0.00159706 ; 0.00128259 ; 101.902;
7 ; 11 ; 6 ; 0.570241 ; -0.0151337 ; 0.0123337 ; 101.097;
8 ; 11 ; 6 ; 0.584332 ; 0.0190306 ; 0.0130191 ; 101.717;
9 ; 11 ; 6 ; 0.576613 ; 0.00969538 ; -0.00213853 ; 101.803;
10 ; 11 ; 6 ; 0.550033 ; 0.0210398 ; 0.00984586 ; 101.917;
11 ; 11 ; 6 ; 0.569253 ; -0.0120023 ; 0.0119922 ; 101.229;
12 ; 11 ; 6 ; 0.558446 ; 0.0219279 ; -0.00963218 ; 101.675;
13 ; 11 ; 6 ; 0.572592 ; -0.00208748 ; 0.0199036 ; 101.037;
14 ; 11 ; 6 ; 0.55009 ; -0.000490544 ; 0.0119527 ; 101.786;
15 ; 11 ; 6 ; 0.561931 ; 0.00026108 ; -0.0287276 ; 102.115;
16 ; 11 ; 6 ; 0.59439 ; 0.00183009 ; 0.00903813 ; 100.944;
17 ; 11 ; 6 ; 0.586733 ; 0.00495705 ; -0.00285312 ; 101.601;
18 ; 11 ; 6 ; 0.57583 ; -0.0116498 ; 0.00811549 ; 101.244;
19 ; 11 ; 6 ; 0.570074 ; 0.0149299 ; -0.0153104 ; 101.387;
20 ; 11 ; 6 ; 0.570951 ; -0.00176702 ; -0.0190945 ; 101.438;
21 ; 11 ; 6 ; 0.576332 ; 0.00688622 ; -0.0122222 ; 101.432;
4 ; 12 ; 6 ; 0.567481 ; -0.0075466 ; 0.00198661 ; 101.718;
5 ; 12 ; 6 ; 0.578804 ; 0.00571781 ; 0.00673312 ; 101.303;
6 ; 12 ; 6 ; 0.583741 ; 0.008821 ; -0.00605846 ; 101.681;
7 ; 12 ; 6 ; 0.573419 ; -0.00046061 ; -0.0149259 ; 101.505;
8 ; 12 ; 6 ; 0.583267 ; 0.00776771 ; 0.0154737 ; 101.578;
9 ; 12 ; 6 ; 0.548508 ; 0.00351787 ; 0.0212595 ; 102.065;
10 ; 12 ; 6 ; 0.553952 ; 0.0175529 ; 0.00203176 ; 101.402;
11 ; 12 ; 6 ; 0.557677 ; -0.000228516 ; -0.0103409 ; 101.307;
12 ; 12 ; 6 ; 0.576685 ; -0.00183846 ; -0.0116134 ; 101.843;
13 ; 12 ; 6 ; 0.568826 ; -0.00410961 ; 0.0303116 ; 101.553;
14 ; 12 ; 6 ; 0.575378 ; -0.00274678 ; 0.00398518 ; 101.521;
15 ; 12 ; 6 ; 0.568281 ; -0.0162128 ; -0.000433212 ; 102.086;
16 ; 12 ; 6 ; 0.553281 ; -0.0138499 ; -0.000231277 ; 101.693;
17 ; 12 ; 6 ; 0.567885 ; -0.000664864 ; -0.00519806 ; 101.604;
18 ; 12 ; 6 ; 0.568026 ; -0.00340708 ; -0.00475646 ; 101.257;
19 ; 12 ; 6 ; 0.565291 ; 0.00727242 ; -0.025369 ; 101.658;
20 ; 12 ; 6 ; 0.571131 ; 0.00406784 ; -0.0112943 ; 101.002;
21 ; 12 ; 6 ; 0.56279 ; -0.00326323 ; 0.00560096 ; 101.478;
4 ; 13 ; 6 ; 0.565908 ; 0.0167174 ; 0.0144744 ; 102.198;
5 ; 13 ; 6 ; 0.562147 ; -0.00165026 ; 0.0046757 ; 101.026;
6 ; 13 ; 6 ; 0.58166 ; -0.00200206 ; 0.00416452 ; 101.368;
7 ; 13 ; 6 ; 0.586724 ; -0.0159444 ; -0.00601398 ; 101.991;
8 ; 13 ; 6 ; 0.572339 ; 0.00723796 ; 0.00425244 ; 101.953;
9 ; 13 ; 6 ; 0.553519 ; -0.00266624 ; 0.0181764 ; 101.566;
10 ; 13 ; 6 ; 0.54668 ; -0.00952866 ; -0.0024208 ; 101.502;
11 ; 13 ; 6 ; 0.567841 ; 0.00663909 ; 0.0136108 ; 101.758;
12 ; 13 ; 6 ; 0.567229 ; 0.00416969 ; 0.00402091 ; 102.052;
13 ; 13 ; 6 ; 0.558338 ; 0.00645225 ; 0.00475627 ; 100.86;
14 ; 13 ; 6 ; 0.560648 ; -0.00159789 ; 0.019918 ; 101.208;
15 ; 13 ; 6 ; 0.567353 ; 0.00389134 ; -0.0180329 ; 100.967;
16 ; 13 ; 6 ; 0.567689 ; -0.021067 ; 0.00461107 ; 101.668;
17 ; 13 ; 6 ; 0.550153 ; -0.00359029 ; 0.00508731 ; 101.167;
18 ; 13 ; 6 ; 0.569219 ; -0.0163559 ; -0.0129353 ; 101.407;
19 ; 13 ; 6 ; 0.565984 ; -0.0114093 ; -0.00166435 ; 101.422;
20 ; 13 ; 6 ; 0.562691 ; 0.00857264 ; -0.0208249 ; 100.762;
21 ; 13 ; 6 ; 0.5774 ; 0.00412043 ; -0.0190032 ; 101.685;
4 ; 14 ; 6 ; 0.559591 ; 0.0260634 ; 0.0176353 ; 101.714;
5 ; 14 ; 6 ; 0.555972 ; 0.00655034 ; 0.00831437 ; 101.757;
6 ; 14 ; 6 ; 0.585389 ; -0.00303738 ; 0.0167659 ; 101.484;
7 ; 14 ; 6 ; 0.564871 ; -0.00197587 ; -0.00614729 ; 101.447;
8 ; 14 ; 6 ; 0.562763 ; 0.00478885 ; 0.00513112 ; 101.91;
9 ; 14 ; 6 ; 0.573593 ; 0.0187393 ; 0.0182708 ; 101.624;
10 ; 14 ; 6 ; 0.578912 ; -0.0080181 ; -0.00338226 ; 101.26;
11 ; 14 ; 6 ; 0.564803 ; -0.00619853 ; -0.00556451 ; 102.098;
12 ; 14 ; 6 ; 0.555704 ; -0.0101066 ; 0.000179499 ; 101.251;
13 ; 14 ; 6 ; 0.557786 ; -0.00294498 ; -0.00566993 ; 101.226;
14 ; 14 ; 6 ; 0.586213 ; 0.000910058 ; 0.0115078 ; 101.312;
15 ; 14 ; 6 ; 0.572064 ; 0.0169857 ; 0.00669027 ; 101.675;
16 ; 14 ; 6 ; 0.556518 ; -0.0166331 ; -0.0169812 ; 101.581;
17 ; 14 ; 6 ; 0.561936 ; -0.00512093 ; -0.0171279 ; 101.156;
18 ; 14 ; 6 ; 0.572653 ; -0.00333678 ; -0.0028869 ; 101.224;
19 ; 14 ; 6 ; 0.572616 ; 0.0195385 ; -0.0150423 ; 101.663;
20 ; 14 ; 6 ; 0.57124 ; -0.000464786 ; -0.0100913 ; 101.803;
21 ; 14 ; 6 ; 0.569426 ; 0.0155583 ; -0.0203343 ; 101.263;
4 ; 15 ; 6 ; 0.559225 ; 0.0220563 ; 0.00769006 ; 101.908;
5 ; 15 ; 6 ; 0.561629 ; 0.00462561 ; -0.00411254 ; 101.931;
6 ; 15 ; 6 ; 0.570469 ; -0.00274196 ; 0.00995189 ; 101.61;
7 ; 15 ; 6 ; 0.58635 ; -0.000296163 ; 0.00392764 ; 101.307;
8 ; 15 ; 6 ; 0.56787 ; -0.00632063 ; 0.00739626 ; 101.943;
9 ; 15 ; 6 ; 0.581095 ; 0.0154562 ; 0.00452151 ; 102.138;
10 ; 15 ; 6 ; 0.574476 ; 0.00226059 ; 0.00881274 ; 101.062;
11 ; 15 ; 6 ; 0.575677 ; -0.00116677 ; -0.00811675 ; 101.558;
12 ; 15 ; 6 ; 0.585767 ; -0.0171672 ; -0.00884805 ; 101.831;
13 ; 15 ; 6 ; 0.569309 ; -0.00931418 ; -0.00766353 ; 101.697;
14 ; 15 ; 6 ; 0.564608 ; -0.00521644 ; 0.0173036 ; 101.671;
15 ; 15 ; 6 ; 0.557028 ; -0.00167009 ; 0.00346928 ; 101.882;
16 ; 15 ; 6 ; 0.557308 ; -0.00165973 ; -0.000801388 ; 101.343;
17 ; 15 ; 6 ; 0.550158 ; -0.00866888 ; 0.0257105 ; 101.4;
18 ; 15 ; 6 ; 0.57196 ; -0.0217214 ; -0.0246766 ; 101.67;
19 ; 15 ; 6 ; 0.572008 ; 0.00153669 ; -0.0105001 ; 101.018;
20 ; 15 ; 6 ; 0.553213 ; 0.0193482 ; -0.00104232 ; 101.565;
21 ; 15 ; 6 ; 0.574157 ; 0.00498168 ; 0.00910791 ; 102.311;
4 ; 16 ; 6 ; 0.585952 ; 0.00566407 ; -0.00892085 ; 102.309;
5 ; 16 ; 6 ; 0.572453 ; 0.00927637 ; 0.00699797 ; 101.377;
6 ; 16 ; 6 ; 0.574883 ; 0.000669688 ; 0.00937432 ; 102.048;
7 ; 16 ; 6 ; 0.562216 ; -0.0110997 ; 0.0170199 ; 101.671;
8 ; 16 ; 6 ; 0.57862 ; -0.0115811 ; -0.000693505 ; 101.812;
9 ; 16 ; 6 ; 0.580454 ; 0.00945938 ; 0.000714788 ; 101.493;
10 ; 16 ; 6 ; 0.578841 ; 0.00394999 ; -0.00327369 ; 102.449;
11 ; 16 ; 6 ; 0.573347 ; 0.0065043 ; 0.00146616 ; 101.397;
12 ; 16 ; 6 ; 0.548717 ; -0.00316379 ; 0.012096 ; 101.762;
13 ; 16 ; 6 ; 0.566348 ; 0.0113466 ; -0.0200765 ; 101.598;
14 ; 16 ; 6 ; 0.581414 ; -0.00488229 ; 0.013741 ; 101.808;
15 ; 16 ; 6 ; 0.562096 ; -0.0085195 ; 0.00737269 ; 100.897;
16 ; 16 ; 6 ; 0.579606 ; -0.0132143 ; -0.013792 ; 101.484;
17 ; 16 ; 6 ; 0.557042 ; 0.00154945 ; -0.00148829 ; 101.668;
18 ; 16 ; 6 ; 0.574545 ; -0.001909 ; -0.00448503 ; 101.909;
19 ; 16 ; 6 ; 0.55829 ; 0.000311794 ; -0.0066053 ; 101.928;
20 ; 16 ; 6 ; 0.572253 ; 0.026718 ; -0.0121746 ; 102.065;
21 ; 16 ; 6 ; 0.565169 ; -0.00118571 ; 0.00127011 ; 101.438;
4 ; 17 ; 6 ; 0.558648 ; 0.0144435 ; 0.00886399 ; 101.649;
5 ; 17 ; 6 ; 0.562595 ; 0.000327352 ; 0.00310896 ; 101.712;
6 ; 17 ; 6 ; 0.564604 ; 0.00640345 ; 0.0129171 ; 101.712;
7 ; 17 ; 6 ; 0.560053 ; -0.0023821 ; 0.00675035 ; 102.349;
8 ; 17 ; 6 ; 0.564789 ; -0.00543015 ; 0.00272128 ; 101.256;
9 ; 17 ; 6 ; 0.564334 ; 0.0126962 ; 0.00413342 ; 101.627;
10 ; 17 ; 6 ; 0.569796 ; 0.0138844 ; 0.0114995 ; 101.972;
11 ; 17 ; 6 ; 0.561661 ; 0.00642795 ; -5.61431e-05 ; 101.641;
12 ; 17 ; 6 ; 0.545884 ; -0.000774899 ; -0.00339102 ; 101.949;
13 ; 17 ; 6 ; 0.563104 ; -0.00536114 ; 0.00593316 ; 101.514;
14 ; 17 ; 6 ; 0.574966 ; 0.00605466 ; -0.00408867 ; 101.845;
15 ; 17 ; 6 ; 0.56958 ; 0.00899272 ; -0.0172693 ; 102.243;
16 ; 17 ; 6 ; 0.559236 ; -0.00492292 ; -0.00589431 ; 101.331;
17 ; 17 ; 6 ; 0.545069 ; -0.0104595 ; 0.0100208 ; 101.347;
18 ; 17 ; 6 ; 0.558452 ; -0.00311767 ; -0.0130953 ; 101.099;
19 ; 17 ; 6 ; 0.55832 ; 0.00695473 ; -0.00838071 ; 101.386;
20 ; 17 ; 6 ; 0.561731 ; 0.0146065 ; -0.0171663 ; 101.084;
21 ; 17 ; 6 ; 0.57466 ; 0.00380457 ; -0.0179346 ; 101.387;
4 ; 18 ; 6 ; 0.56624 ; 0.0133397 ; 0.00674878 ; 101.774;
5 ; 18 ; 6 ; 0.564767 ; 0.013445 ; 0.00305664 ; 101.087;
6 ; 18 ; 6 ; 0.587768 ; -0.012968 ; 0.00954764 ; 102.077;
7 ; 18 ; 6 ; 0.584884 ; -0.00952682 ; 0.00619541 ; 101.803;
8 ; 18 ; 6 ; 0.556868 ; -0.00919647 ; 0.00787734 ; 102.074;
9 ; 18 ; 6 ; 0.570551 ; 0.00526075 ; 0.00390409 ; 101.374;
10 ; 18 ; 6 ; 0.559136 ; 0.00197081 ; -0.0157726 ; 101.118;
11 ; 18 ; 6 ; 0.552502 ; 0.00881966 ; -0.000602142 ; 101.233;
12 ; 18 ; 6 ; 0.557363 ; -0.0260179 ; -0.012035 ; 101.296;
13 ; 18 ; 6 ; 0.565673 ; -0.000300723 ; -0.0128341 ; 101.731;
14 ; 18 ; 6 ; 0.567364 ; 0.00491767 ; -0.00284307 ; 101.1;
15 ; 18 ; 6 ; 0.569191 ; -0.00219777 ; 0.0151298 ; 101.198;
16 ; 18 ; 6 ; 0.562515 ; -0.0136032 ; 0.00209288 ; 101.846;
17 ; 18 ; 6 ; 0.564404 ; 0.0118175 ; -0.0166069 ; 100.785;
18 ; 18 ; 6 ; 0.564654 ; 0.00785735 ; -0.00454742 ; 101.78;
19 ; 18 ; 6 ; 0.549198 ; 0.000131638 ; -0.0172825 ; 102.187;
20 ; 18 ; 6 ; 0.586276 ; -0.00815469 ; -0.0171702 ; 101.575;
21 ; 18 ; 6 ; 0.577792 ; 0.00281088 ; 0.00146512 ; 101.686;
4 ; 19 ; 6 ; 0.556919 ; 0.00406645 ; -0.0141546 ; 101.376;
5 ; 19 ; 6 ; 0.563236 ; -0.0118339 ; -0.00619201 ; 101.191;
6 ; 19 ; 6 ; 0.57501 ; -0.00603889 ; 0.00489796 ; 101.04;
7 ; 19 ; 6 ; 0.567039 ; -0.000253407 ; -0.00902695 ; 101.131;
8 ; 19 ; 6 ; 0.57711 ; -0.0064275 ; 0.0249294 ; 101.515;
9 ; 19 ; 6 ; 0.582692 ; 0.0035441 ; 0.0157817 ; 101.41;
10 ; 19 ; 6 ; 0.57675 ; 0.00118822 ; -0.00547369 ; 101.388;
11 ; 19 ; 6 ; 0.568058 ; 0.00131724 ; -0.00688501 ; 101.308;
12 ; 19 ; 6 ; 0.564756 ; -0.00548092 ; 0.0245894 ; 101.726;
13 ; 19 ; 6 ; 0.551919 ; -0.00543682 ; -0.0134973 ; 100.717;
14 ; 19 ; 6 ; 0.567706 ; 0.0023677 ; -0.00932391 ; 101.792;
15 ; 19 ; 6 ; 0.570737 ; 0.013616 ; 0.00235529 ; 101.455;
16 ; 19 ; 6 ; 0.552978 ; -0.00910884 ; 0.00354146 ; 101.374;
17 ; 19 ; 6 ; 0.574931 ; 0.0194956 ; 0.00867705 ; 101.699;
18 ; 19 ; 6 ; 0.582358 ; -0.000521647 ; 0.0201447 ; 101.342;
19 ; 19 ; 6 ; 0.568975 ; 0.0202088 ; -0.0117664 ; 101.904;
20 ; 19 ; 6 ; 0.54717 ; -0.0121981 ; -0.0167287 ; 101.687;
21 ; 19 ; 6 ; 0.572085 ; -0.00195421 ; -0.0256152 ; 101.492;
4 ; 20 ; 6 ; 0.578655 ; 0.000728584 ; -0.00466307 ; 101.756;
5 ; 20 ; 6 ; 0.556357 ; 0.00920829 ; -0.00891862 ; 101.409;
6 ; 20 ; 6 ; 0.565696 ; 0.00187918 ; -0.00372757 ; 100.99;
7 ; 20 ; 6 ; 0.569894 ; 0.0310837 ; 0.00850374 ; 102.317;
8 ; 20 ; 6 ; 0.584055 ; -0.0109806 ; 0.00302839 ; 100.909;
9 ; 20 ; 6 ; 0.554487 ; -0.00822652 ; 0.00887322 ; 101.528;
10 ; 20 ; 6 ; 0.575561 ; 0.017023 ; 0.0162148 ; 101.49;
11 ; 20 ; 6 ; 0.553735 ; 7.78816e-05 ; 0.00485874 ; 101.939;
12 ; 20 ; 6 ; 0.542997 ; -0.0198914 ; -0.018308 ; 101.408;
13 ; 20 ; 6 ; 0.545559 ; -0.00437225 ; 0.0210204 ; 101.688;
14 ; 20 ; 6 ; 0.579323 ; -0.0113957 ; 0.00708998 ; 101.843;
15 ; 20 ; 6 ; 0.577496 ; -0.00015816 ; -0.0052951 ; 101.659;
16 ; 20 ; 6 ; 0.579279 ; 0.00329621 ; -0.0104837 ; 101.583;
17 ; 20 ; 6 ; 0.58586 ; 0.0251708 ; -0.0131708 ; 101.29;
18 ; 20 ; 6 ; 0.586451 ; -0.0187835 ; -0.0123588 ; 101.841;
19 ; 20 ; 6 ; 0.566868 ; 0.0202599 ; 0.0016747 ; 101.204;
20 ; 20 ; 6 ; 0.567442 ; -0.000406049 ; -0.0171123 ; 101.141;
21 ; 20 ; 6 ; 0.571383 ; -0.00660556 ; -0.0161793 ; 100.843;
4 ; 21 ; 6 ; 0.568237 ; 0.00949438 ; 0.00934788 ; 101.716;
5 ; 21 ; 6 ; 0.575332 ; 0.00752275 ; 0.0056383 ; 101.406;
6 ; 21 ; 6 ; 0.590959 ; -0.000602422 ; 0.0101453 ; 101.484;
7 ; 21 ; 6 ; 0.577312 ; -0.00515872 ; 0.00254542 ; 101.383;
8 ; 21 ; 6 ; 0.556865 ; -0.0114651 ; -0.0125444 ; 101.684;
9 ; 21 ; 6 ; 0.581721 ; -0.00201095 ; -0.017387 ; 101.925;
10 ; 21 ; 6 ; 0.58154 ; 4.77657e-05 ; 0.00395892 ; 101.232;
11 ; 21 ; 6 ; 0.58408 ; -0.00104062 ; -0.00551565 ; 101.371;
12 ; 21 ; 6 ; 0.572683 ; 0.0078494 ; 0.0102208 ; 101.495;
13 ; 21 ; 6 ; 0.565549 ; 0.00604132 ; -0.00927792 ; 101.059;
14 ; 21 ; 6 ; 0.561624 ; -0.0160018 ; 0.0105755 ; 101.755;
15 ; 21 ; 6 ; 0.573314 ; -0.0142556 ; -0.00428774 ; 101.667;
16 ; 21 ; 6 ; 0.569997 ; 0.0152772 ; -0.0112233 ; 101.491;
17 ; 21 ; 6 ; 0.557558 ; 0.0133958 ; 0.0100276 ; 101.721;
18 ; 21 ; 6 ; 0.556367 ; -0.0167974 ; -0.0145406 ; 101.465;
19 ; 21 ; 6 ; 0.567884 ; 0.000610694 ; -0.00186665 ; 101.628;
20 ; 21 ; 6 ; 0.568927 ; -0.00581706 ; 0.00778971 ; 101.145;
21 ; 21 ; 6 ; 0.578268 ; -0.00327254 ; -0.00710443 ; 101.607;
4 ; 4 ; 7 ; 0.469326 ; -0.00538638 ; 0.0319017 ; 101.749;
5 ; 4 ; 7 ; 0.472338 ; 0.0133347 ; 0.0166799 ; 101.818;
6 ; 4 ; 7 ; 0.460126 ; 0.0109435 ; 0.00527965 ; 101.861;
7 ; 4 ; 7 ; 0.460961 ; 0.00839678 ; 0.00950464 ; 101.684;
8 ; 4 ; 7 ; 0.458579 ; -0.0108585 ; 0.0167941 ; 101.127;
9 ; 4 ; 7 ; 0.469397 ; 0.0061886 ; -0.00200106 ; 101.485;
10 ; 4 ; 7 ; 0.463876 ; 0.00252006 ; -0.00646052 ; 101.115;
11 ; 4 ; 7 ; 0.469106 ; -0.00582884 ; -0.00119481 ; 101.551;
12 ; 4 ; 7 ; 0.471397 ; 0.014861 ; -0.000288572 ; 101.598;
13 ; 4 ; 7 ; 0.466437 ; -0.00626071 ; 0.00875935 ; 101.539;
14 ; 4 ; 7 ; 0.473236 ; 0.0242767 ; -0.00885448 ; 101.931;
15 ; 4 ; 7 ; 0.462073 ; 0.00184425 ; -0.0113301 ; 101.705;
16 ; 4 ; 7 ; 0.470221 ; -0.00565107 ; -0.00296129 ; 101.586;
17 ; 4 ; 7 ; 0.466435 ; -0.00994759 ; 0.0167696 ; 102.059;
18 ; 4 ; 7 ; 0.445885 ; 0.00356761 ; -0.0048064 ; 101.71;
19 ; 4 ; 7 ; 0.458132 ; 0.012226 ; -0.00239834 ; 101.822;
20 ; 4 ; 7 ; 0.47076 ; -0.00261397 ; -0.00337536 ; 101.784;
21 ; 4 ; 7 ; 0.46919 ; -0.00267743 ; -0.00904485 ; 101.829;
4 ; 5 ; 7 ; 0.472559 ; 0.012476 ; -0.00922545 ; 101.721;
5 ; 5 ; 7 ; 0.470624 ; -0.000253152 ; 0.00505065 ; 101.403;
6 ; 5 ; 7 ; 0.460048 ; -0.00473636 ; 0.00379895 ; 101.981;
7 ; 5 ; 7 ; 0.464505 ; -0.0250268 ; 0.00262677 ; 101.531;
8 ; 5 ; 7 ; 0.468869 ; -0.0109952 ; 0.0175301 ; 102.034;
9 ; 5 ; 7 ; 0.477582 ; -0.0213704 ; 0.00963104 ; 101.513;
10 ; 5 ; 7 ; 0.463691 ; -0.027209 ; 0.00145522 ; 101.726;
11 ; 5 ; 7 ; 0.469012 ; -0.00323469 ; 0.0113402 ; 101.615;
12 ; 5 ; 7 ; 0.463578 ; 0.00684324 ; -0.0108145 ; 101.49;
13 ; 5 ; 7 ; 0.468078 ; -0.0194394 ; 0.0147392 ; 101.645;
14 ; 5 ; 7 ; 0.456454 ; -0.00101453 ; 0.00062282 ; 101.786;
15 ; 5 ; 7 ; 0.45865 ; 0.0113479 ; -0.000413978 ; 101.326;
16 ; 5 ; 7 ; 0.460601 ; -0.0168606 ; 0.0119854 ; 101.25;
17 ; 5 ; 7 ; 0.479659 ; -0.00968015 ; 0.0122704 ; 101.193;
18 ; 5 ; 7 ; 0.456575 ; -0.0164378 ; 0.00169837 ; 101.248;
19 ; 5 ; 7 ; 0.460312 ; 0.0036724 ; -0.00502591 ; 101.861;
20 ; 5 ; 7 ; 0.467773 ; -0.00519165 ; -0.00191266 ; 101.078;
21 ; 5 ; 7 ; 0.452475 ; 0.0145613 ; -0.00216284 ; 101.723;
4 ; 6 ; 7 ; 0.449187 ; -0.00773983 ; 0.0101537 ; 101.72;
5 ; 6 ; 7 ; 0.456568 ; 0.00724204 ; -0.0134239 ; 101.172;
6 ; 6 ; 7 ; 0.466515 ; -0.0116413 ; 0.00304749 ; 101.563;
7 ; 6 ; 7 ; 0.483259 ; -0.000227437 ; 0.0025498 ; 102.205;
8 ; 6 ; 7 ; 0.460937 ; 0.00419448 ; 0.00971248 ; 101.119;
9 ; 6 ; 7 ; 0.446293 ; 0.0125137 ; 0.00311604 ; 102.335;
10 ; 6 ; 7 ; 0.474999 ; 0.00189054 ; -0.00268489 ; 101.647;
11 ; 6 ; 7 ; 0.469847 ; 0.00256865 ; 0.00104392 ; 101.682;
12 ; 6 ; 7 ; 0.462171 ; -0.0186354 ; -0.00370352 ; 101.51;
13 ; 6 ; 7 ; 0.467139 ; 0.0101162 ; -0.00592775 ; 102.1;
14 ; 6 ; 7 ; 0.47999 ; -0.00027368 ; -0.00985826 ; 101.342;
15 ; 6 ; 7 ; 0.479516 ; 0.00772057 ; 0.00679728 ; 101.158;
16 ; 6 ; 7 ; 0.446603 ; -0.00577958 ; -0.00762143 ; 101.373;
17 ; 6 ; 7 ; 0.457647 ; -0.0203055 ; -0.00654563 ; 101.73;
18 ; 6 ; 7 ; 0.459427 ; -0.00824327 ; -0.00180245 ; 101.755;
19 ; 6 ; 7 ; 0.49181 ; 0.00893007 ; -0.00348221 ; 102;
20 ; 6 ; 7 ; 0.480736 ; 0.00822451 ; -0.0203996 ; 101.704;
21 ; 6 ; 7 ; 0.461753 ; 0.00180876 ; 0.0104194 ; 101.587;
4 ; 7 ; 7 ; 0.453884 ; 0.00297776 ; 0.00459095 ; 101.822;
5 ; 7 ; 7 ; 0.467675 ; -0.00986056 ; 0.0305646 ; 101.445;
6 ; 7 ; 7 ; 0.471647 ; 0.0242167 ; 0.0114586 ; 101.863;
7 ; 7 ; 7 ; 0.463265 ; 0.00250431 ; 0.00778032 ; 101.199;
8 ; 7 ; 7 ; 0.472545 ; 0.00263683 ; -0.00533671 ; 101.485;
9 ; 7 ; 7 ; 0.462335 ; 0.0130989 ; -0.00117298 ; 101.902;
10 ; 7 ; 7 ; 0.470771 ; -0.000518423 ; -0.00841514 ; 101.677;
11 ; 7 ; 7 ; 0.460672 ; -0.0150379 ; -0.0105684 ; 101.079;
12 ; 7 ; 7 ; 0.471767 ; -0.0128858 ; 0.025791 ; 101.258;
13 ; 7 ; 7 ; 0.471352 ; -0.000826121 ; 0.0164817 ; 101.274;
14 ; 7 ; 7 ; 0.460133 ; 0.0152438 ; 0.00328986 ; 101.612;
15 ; 7 ; 7 ; 0.475657 ; 0.000341945 ; 0.00608613 ; 102.213;
16 ; 7 ; 7 ; 0.472839 ; -0.0136237 ; -0.00330552 ; 101.976;
17 ; 7 ; 7 ; 0.466626 ; -0.00963001 ; -0.00149508 ; 101.612;
18 ; 7 ; 7 ; 0.476671 ; 0.00913964 ; -0.0178237 ; 101.086;
19 ; 7 ; 7 ; 0.477607 ; 0.0121589 ; 0.00928961 ; 101.769;
20 ; 7 ; 7 ; 0.455477 ; 0.0278902 ; -0.0217936 ; 101.26;
21 ; 7 ; 7 ; 0.455789 ; 0.00449408 ; -0.0147057 ; 101.388;
4 ; 8 ; 7 ; 0.490619 ; 0.00492813 ; 0.0153835 ; 101.523;
5 ; 8 ; 7 ; 0.460738 ; -0.00985304 ; 0.00261972 ; 101.65;
6 ; 8 ; 7 ; 0.461331 ; 0.0167491 ; -0.00142474 ; 101.799;
7 ; 8 ; 7 ; 0.461961 ; 0.00443919 ; 0.0161129 ; 102.152;
8 ; 8 ; 7 ; 0.487165 ; 0.00588615 ; 0.0234248 ; 101.642;
9 ; 8 ; 7 ; 0.454707 ; -0.00864851 ; -0.00286171 ; 100.945;
10 ; 8 ; 7 ; 0.480373 ; -0.0109279 ; 0.0147762 ; 101.617;
11 ; 8 ; 7 ; 0.462849 ; 0.0201904 ; 0.00229028 ; 101.452;
12 ; 8 ; 7 ; 0.474737 ; 0.00336329 ; -0.00404635 ; 101.138;
13 ; 8 ; 7 ; 0.46212 ; -0.0104709 ; 0.00207067 ; 101.687;
14 ; 8 ; 7 ; 0.463918 ; 0.0195466 ; 0.00628891 ; 102.174;
15 ; 8 ; 7 ; 0.466488 ; 0.0142908 ; -0.0050291 ; 101.615;
16 ; 8 ; 7 ; 0.460264 ; -0.0212312 ; -0.0177019 ; 101.382;
17 ; 8 ; 7 ; 0.485403 ; -0.000207113 ; -0.00305299 ; 101.752;
18 ; 8 ; 7 ; 0.459855 ; 0.000862824 ; -6.32367e-05 ; 101.311;
19 ; 8 ; 7 ; 0.472659 ; -0.000731506 ; -0.0171024 ; 101.652;
20 ; 8 ; 7 ; 0.463549 ; 0.00924731 ; -0.010286 ; 101.347;
21 ; 8 ; 7 ; 0.471978 ; 0.00020175 ; -0.0144784 ; 101.094;
4 ; 9 ; 7 ; 0.45971 ; -0.00174596 ; 0.00662376 ; 100.769;
5 ; 9 ; 7 ; 0.468214 ; 0.0123402 ; -0.000689107 ; 100.704;
6 ; 9 ; 7 ; 0.47434 ; -0.00901144 ; 0.00222532 ; 102.334;
7 ; 9 ; 7 ; 0.456299 ; -0.00830938 ; -0.000537925 ; 101.484;
8 ; 9 ; 7 ; 0.463203 ; 0.00769804 ; 0.00354378 ; 101.622;
9 ; 9 ; 7 ; 0.452433 ; 0.0111742 ; -0.0182369 ; 102.262;
10 ; 9 ; 7 ; 0.449509 ; -0.00291413 ; -0.00110156 ; 101.399;
11 ; 9 ; 7 ; 0.475737 ; 0.0185474 ; 0.00752456 ; 101.85;
12 ; 9 ; 7 ; 0.453618 ; 0.0244954 ; 0.00499828 ; 101.147;
13 ; 9 ; 7 ; 0.466568 ; 0.00491854 ; -0.00553782 ; 101.47;
14 ; 9 ; 7 ; 0.46771 ; 0.00900244 ; 0.0112107 ; 101.343;
15 ; 9 ; 7 ; 0.478231 ; 0.0168283 ; -0.0162747 ; 101.435;
16 ; 9 ; 7 ; 0.466918 ; 0.00210352 ; -0.00147183 ; 101.206;
17 ; 9 ; 7 ; 0.444384 ; -0.00353373 ; 0.00129931 ; 102.01;
18 ; 9 ; 7 ; 0.454847 ; -0.0100366 ; -0.00812038 ; 101.78;
19 ; 9 ; 7 ; 0.456812 ; -0.00319395 ; -0.0067989 ; 101.72;
20 ; 9 ; 7 ; 0.476573 ; -0.00834611 ; -0.0155475 ; 102.075;
21 ; 9 ; 7 ; 0.474184 ; 0.014401 ; -0.00854128 ; 101.121;
4 ; 10 ; 7 ; 0.48336 ; -0.00525507 ; -0.0104954 ; 101.699;
5 ; 10 ; 7 ; 0.466325 ; 0.00589634 ; -0.00198737 ; 101.273;
6 ; 10 ; 7 ; 0.479519 ; 0.00660731 ; 0.0105845 ; 101.66;
7 ; 10 ; 7 ; 0.474202 ; 0.0106297 ; 0.00444296 ; 101.213;
8 ; 10 ; 7 ; 0.46711 ; -0.000485895 ; 0.00321462 ; 101.22;
9 ; 10 ; 7 ; 0.475122 ; 0.00289163 ; 0.00591097 ; 101.493;
10 ; 10 ; 7 ; 0.469823 ; 0.00452934 ; 0.00205013 ; 101.275;
11 ; 10 ; 7 ; 0.45331 ; -0.0135427 ; -0.0134291 ; 101.794;
12 ; 10 ; 7 ; 0.461581 ; -0.00655778 ; 0.0302259 ; 101.217;
13 ; 10 ; 7 ; 0.474334 ; -0.00126179 ; 0.0077564 ; 101.334;
14 ; 10 ; 7 ; 0.470787 ; 0.0129639 ; -0.0100972 ; 101.286;
15 ; 10 ; 7 ; 0.452752 ; 0.0214397 ; -0.014295 ; 101.948;
16 ; 10 ; 7 ; 0.457172 ; -0.00400572 ; 0.00469421 ; 102.192;
17 ; 10 ; 7 ; 0.481776 ; 0.0195753 ; -0.000829644 ; 101.493;
18 ; 10 ; 7 ; 0.482994 ; 0.006201 ; -0.00249213 ; 101.563;
19 ; 10 ; 7 ; 0.457754 ; -0.00680492 ; -0.0125776 ; 101.473;
20 ; 10 ; 7 ; 0.474051 ; 0.00478615 ; -0.00693808 ; 101.261;
21 ; 10 ; 7 ; 0.471861 ; 0.00378894 ; -0.0127018 ; 101.06;
4 ; 11 ; 7 ; 0.465891 ; -0.0248415 ; 0.00143993 ; 102.058;
5 ; 11 ; 7 ; 0.444358 ; 0.00256559 ; -0.00699675 ; 100.94;
6 ; 11 ; 7 ; 0.457611 ; 0.00945528 ; 0.0201838 ; 101.535;
7 ; 11 ; 7 ; 0.471585 ; 0.00254051 ; 0.00150011 ; 101.69;
8 ; 11 ; 7 ; 0.487094 ; 0.0182536 ; 0.0155627 ; 101.707;
9 ; 11 ; 7 ; 0.46869 ; 0.013336 ; 0.0265099 ; 101.158;
10 ; 11 ; 7 ; 0.480295 ; 0.014688 ; 0.0141697 ; 101.51;
11 ; 11 ; 7 ; 0.456708 ; 0.00327647 ; -0.00363628 ; 101.675;
12 ; 11 ; 7 ; 0.471645 ; -0.00124502 ; -0.00532235 ; 101.947;
13 ; 11 ; 7 ; 0.4705 ; 0.0167159 ; -0.00382688 ; 101.712;
14 ; 11 ; 7 ; 0.460277 ; 0.0124098 ; -0.0088635 ; 101.436;
15 ; 11 ; 7 ; 0.448463 ; 0.00395049 ; -0.00933334 ; 101.507;
16 ; 11 ; 7 ; 0.473116 ; -0.00994022 ; -0.0068176 ; 101.774;
17 ; 11 ; 7 ; 0.463323 ; -0.00271654 ; -0.00556605 ; 101.516;
18 ; 11 ; 7 ; 0.46024 ; -0.00406216 ; -0.00563291 ; 102.283;
19 ; 11 ; 7 ; 0.472466 ; -0.00747223 ; 0.00154533 ; 101.77;
20 ; 11 ; 7 ; 0.458826 ; -0.00305909 ; -0.012952 ; 101.804;
21 ; 11 ; 7 ; 0.474047 ; -0.00916765 ; 0.00431554 ; 101.499;
4 ; 12 ; 7 ; 0.467847 ; 0.00574325 ; 0.00748181 ; 101.09;
5 ; 12 ; 7 ; 0.447875 ; 0.00569197 ; -0.0114031 ; 101.287;
6 ; 12 ; 7 ; 0.459722 ; -0.0107423 ; -0.000791634 ; 102.231;
7 ; 12 ; 7 ; 0.461639 ; -0.00269156 ; -0.00600735 ; 101.594;
8 ; 12 ; 7 ; 0.478633 ; 0.0150588 ; -0.00560205 ; 101.178;
9 ; 12 ; 7 ; 0.479884 ; 0.0086304 ; 0.0116618 ; 100.607;
10 ; 12 ; 7 ; 0.461936 ; 0.00660324 ; 0.0308417 ; 101.916;
11 ; 12 ; 7 ; 0.467535 ; -0.00980163 ; 0.0101186 ; 100.896;
12 ; 12 ; 7 ; 0.454581 ; 0.0040521 ; 0.0085473 ; 101.753;
13 ; 12 ; 7 ; 0.468765 ; 0.0132415 ; 0.00118423 ; 101.252;
14 ; 12 ; 7 ; 0.439199 ; -0.00399431 ; 0.00606698 ; 102.423;
15 ; 12 ; 7 ; 0.467665 ; 0.00153684 ; 0.00193426 ; 101.06;
16 ; 12 ; 7 ; 0.444761 ; -0.00506631 ; -0.000761094 ; 101.633;
17 ; 12 ; 7 ; 0.443271 ; -0.00834712 ; -0.0167841 ; 101.263;
18 ; 12 ; 7 ; 0.470473 ; -0.00198767 ; 6.99237e-05 ; 101.327;
19 ; 12 ; 7 ; 0.483162 ; -0.00674997 ; -0.00694263 ; 101.817;
20 ; 12 ; 7 ; 0.471858 ; 0.00801789 ; -0.00555947 ; 101.379;
21 ; 12 ; 7 ; 0.437468 ; -0.0176435 ; -0.00352627 ; 101.49;
4 ; 13 ; 7 ; 0.457019 ; -0.00826631 ; -0.00771651 ; 101.119;
5 ; 13 ; 7 ; 0.481779 ; -0.0128908 ; 0.00891491 ; 101.618;
6 ; 13 ; 7 ; 0.474636 ; -0.00435362 ; -0.014342 ; 101.718;
7 ; 13 ; 7 ; 0.488042 ; -0.00574737 ; 0.0114777 ; 101.646;
8 ; 13 ; 7 ; 0.460301 ; 0.0114834 ; 0.00883619 ; 101.742;
9 ; 13 ; 7 ; 0.47292 ; 0.0119201 ; 0.0202993 ; 101.942;
10 ; 13 ; 7 ; 0.469024 ; -0.00393293 ; -0.000417855 ; 101.223;
11 ; 13 ; 7 ; 0.453101 ; -0.0197262 ; 0.00207368 ; 101.566;
12 ; 13 ; 7 ; 0.477042 ; 0.000380006 ; 0.00619769 ; 100.392;
13 ; 13 ; 7 ; 0.465218 ; 0.0249336 ; 0.00105812 ; 101.672;
14 ; 13 ; 7 ; 0.46621 ; -0.0117537 ; 0.0044031 ; 101.491;
15 ; 13 ; 7 ; 0.460619 ; -0.00116214 ; -0.0115768 ; 101.678;
16 ; 13 ; 7 ; 0.453496 ; 0.00256466 ; -0.0159494 ; 101.63;
17 ; 13 ; 7 ; 0.471012 ; 0.00551277 ; -0.00382702 ; 101.603;
18 ; 13 ; 7 ; 0.468653 ; -0.0090593 ; -0.00232952 ; 102.329;
19 ; 13 ; 7 ; 0.472979 ; -0.00937211 ; 0.00966468 ; 101.721;
20 ; 13 ; 7 ; 0.451427 ; 0.00207152 ; -0.00266681 ; 101.171;
21 ; 13 ; 7 ; 0.48054 ; 0.0186868 ; 0.0124787 ; 101.285;
4 ; 14 ; 7 ; 0.475752 ; 0.00758082 ; -0.00544327 ; 101.843;
5 ; 14 ; 7 ; 0.472195 ; -0.00942569 ; 0.0130822 ; 101.921;
6 ; 14 ; 7 ; 0.463175 ; -0.0182735 ; 0.0146323 ; 101.095;
7 ; 14 ; 7 ; 0.450761 ; 0.00402039 ; 0.0106237 ; 101.592;
8 ; 14 ; 7 ; 0.464459 ; 0.0055727 ; -0.00377565 ; 101.664;
9 ; 14 ; 7 ; 0.462127 ; 0.00996868 ; -0.00589535 ; 101.367;
10 ; 14 ; 7 ; 0.461564 ; -0.00773408 ; 0.00627632 ; 101.242;
11 ; 14 ; 7 ; 0.469205 ; -0.00903979 ; 0.0145074 ; 100.908;
12 ; 14 ; 7 ; 0.474243 ; -0.0192304 ; -0.00430896 ; 101.683;
13 ; 14 ; 7 ; 0.458245 ; -0.00100227 ; 0.00438126 ; 101.378;
14 ; 14 ; 7 ; 0.455325 ; 0.00541691 ; 0.0113173 ; 101.447;
15 ; 14 ; 7 ; 0.44623 ; -0.00640902 ; -0.00588655 ; 101.875;
16 ; 14 ; 7 ; 0.468225 ; -0.0077965 ; -0.0175977 ; 101.828;
17 ; 14 ; 7 ; 0.458159 ; 0.00301919 ; 0.00147604 ; 101.263;
18 ; 14 ; 7 ; 0.46474 ; 0.0105014 ; 0.00762062 ; 102.088;
19 ; 14 ; 7 ; 0.487028 ; 0.00342996 ; 0.00504841 ; 101.47;
20 ; 14 ; 7 ; 0.467524 ; 0.00110319 ; -0.0146669 ; 101.792;
21 ; 14 ; 7 ; 0.466232 ; -0.000302735 ; 0.00735978 ; 101.703;
4 ; 15 ; 7 ; 0.466449 ; 0.00291665 ; 0.0204328 ; 101.693;
5 ; 15 ; 7 ; 0.462936 ; -0.0034696 ; 0.0153301 ; 101.91;
6 ; 15 ; 7 ; 0.459263 ; -0.00196786 ; -0.00847366 ; 101.056;
7 ; 15 ; 7 ; 0.467824 ; -0.0051719 ; 0.00581332 ; 101.598;
8 ; 15 ; 7 ; 0.457671 ; -0.0167836 ; 0.00763845 ; 101.871;
9 ; 15 ; 7 ; 0.464856 ; 0.000757197 ; 0.00294193 ; 101.872;
10 ; 15 ; 7 ; 0.472196 ; 0.0181885 ; -0.0104167 ; 100.882;
11 ; 15 ; 7 ; 0.453066 ; -0.0180029 ; 0.0073016 ; 101.403;
12 ; 15 ; 7 ; 0.45628 ; -0.000845349 ; -0.00467355 ; 101.53;
13 ; 15 ; 7 ; 0.484897 ; -0.0170846 ; -0.0163796 ; 101.81;
14 ; 15 ; 7 ; 0.457892 ; 0.00176274 ; -0.00193231 ; 101.89;
15 ; 15 ; 7 ; 0.461147 ; 0.000655639 ; 0.00949923 ; 101.401;
16 ; 15 ; 7 ; 0.469112 ; -0.0158208 ; -0.00976128 ; 101.994;
17 ; 15 ; 7 ; 0.460241 ; -0.00474197 ; 0.0165778 ; 101.178;
18 ; 15 ; 7 ; 0.46799 ; 0.00261395 ; -0.00557372 ; 101.335;
19 ; 15 ; 7 ; 0.449245 ; -0.00332552 ; -0.0107037 ; 101.583;
20 ; 15 ; 7 ; 0.461759 ; 0.00367794 ; -0.00567134 ; 101.32;
21 ; 15 ; 7 ; 0.443158 ; 0.00305451 ; -0.000603372 ; 101.549;
4 ; 16 ; 7 ; 0.456667 ; 0.0151794 ; 0.00149353 ; 101.194;
5 ; 16 ; 7 ; 0.487439 ; -0.0156393 ; 0.00311987 ; 101.292;
6 ; 16 ; 7 ; 0.449245 ; -0.00967592 ; 0.0110415 ; 101.785;
7 ; 16 ; 7 ; 0.465531 ; -0.00179332 ; 0.0244632 ; 101.523;
8 ; 16 ; 7 ; 0.477145 ; -0.00672925 ; -0.00135826 ; 101.305;
9 ; 16 ; 7 ; 0.471311 ; 0.00100155 ; -0.0109098 ; 101.983;
10 ; 16 ; 7 ; 0.475846 ; -0.0195593 ; -0.00608835 ; 100.991;
11 ; 16 ; 7 ; 0.471629 ; -0.00876941 ; 0.0161096 ; 101.177;
12 ; 16 ; 7 ; 0.462726 ; 0.00404319 ; 0.0136879 ; 101.533;
13 ; 16 ; 7 ; 0.455273 ; 0.00106551 ; -0.00797292 ; 101.003;
14 ; 16 ; 7 ; 0.468136 ; -0.00555897 ; -0.00243562 ; 101.655;
15 ; 16 ; 7 ; 0.461481 ; 0.000689741 ; -0.0216859 ; 101.638;
16 ; 16 ; 7 ; 0.465439 ; -0.0111654 ; 0.00240055 ; 101.397;
17 ; 16 ; 7 ; 0.465918 ; -0.00516657 ; 0.00291426 ; 101.287;
18 ; 16 ; 7 ; 0.46583 ; -0.0100608 ; -0.0180779 ; 101.019;
19 ; 16 ; 7 ; 0.461016 ; -0.000196625 ; -0.000162951 ; 101.612;
20 ; 16 ; 7 ; 0.472634 ; -0.0077243 ; 1.28382e-05 ; 100.855;
21 ; 16 ; 7 ; 0.477426 ; -0.00341616 ; 0.00397674 ; 101.128;
4 ; 17 ; 7 ; 0.470329 ; 0.000210219 ; -0.0032437 ; 101.151;
5 ; 17 ; 7 ; 0.453518 ; -0.0258321 ; -0.0097523 ; 101.611;
6 ; 17 ; 7 ; 0.467335 ; -0.00114107 ; -0.00915111 ; 101.692;
7 ; 17 ; 7 ; 0.458147 ; 0.00848819 ; 0.00165222 ; 101.666;
8 ; 17 ; 7 ; 0.468535 ; -0.0106577 ; 0.00400168 ; 101.437;
9 ; 17 ; 7 ; 0.462981 ; 0.00716732 ; -0.00119582 ; 101.424;
10 ; 17 ; 7 ; 0.451051 ; -0.000805968 ; 0.015418 ; 101.535;
11 ; 17 ; 7 ; 0.459358 ; 0.00149377 ; -0.0061134 ; 101.891;
12 ; 17 ; 7 ; 0.472594 ; -0.00539835 ; -0.00969558 ; 102.051;
13 ; 17 ; 7 ; 0.450638 ; 0.00351177 ; -0.0184761 ; 101.867;
14 ; 17 ; 7 ; 0.467515 ; 0.0162999 ; -0.00434419 ; 101.23;
15 ; 17 ; 7 ; 0.473566 ; 0.0062632 ; 0.00115035 ; 101.84;
16 ; 17 ; 7 ; 0.456713 ; 0.00388673 ; -0.0080044 ; 101.666;
17 ; 17 ; 7 ; 0.475685 ; 0.0175393 ; 0.00729599 ; 100.99;
18 ; 17 ; 7 ; 0.4617 ; -0.00127441 ; -0.0104891 ; 101.227;
19 ; 17 ; 7 ; 0.464773 ; 0.00869249 ; 0.0116046 ; 101.464;
20 ; 17 ; 7 ; 0.484444 ; 0.00213081 ; -0.00270374 ; 101.947;
21 ; 17 ; 7 ; 0.478364 ; -0.00550508 ; 0.00845369 ; 101.554;
4 ; 18 ; 7 ; 0.479182 ; -0.00417193 ; -0.0220322 ; 101.56;
5 ; 18 ; 7 ; 0.481131 ; -0.0345145 ; 0.00365765 ; 101.387;
6 ; 18 ; 7 ; 0.458749 ; 0.00109632 ; 0.00745906 ; 101.031;
7 ; 18 ; 7 ; 0.44495 ; 0.00529324 ; 0.0108596 ; 101.608;
8 ; 18 ; 7 ; 0.45637 ; -0.000215535 ; 0.0148691 ; 101.319;
9 ; 18 ; 7 ; 0.472852 ; 0.00083664 ; 0.00400168 ; 101.605;
10 ; 18 ; 7 ; 0.462422 ; -0.00038244 ; 0.00581291 ; 100.796;
11 ; 18 ; 7 ; 0.471686 ; 0.0103948 ; 0.0015206 ; 101.28;
12 ; 18 ; 7 ; 0.467127 ; 0.0142921 ; 0.00221096 ; 101.33;
13 ; 18 ; 7 ; 0.441505 ; -0.00401647 ; 0.0087918 ; 101.208;
14 ; 18 ; 7 ; 0.455292 ; -0.00254156 ; -0.0080042 ; 101.343;
15 ; 18 ; 7 ; 0.460161 ; 0.00336625 ; -0.0109971 ; 101.376;
16 ; 18 ; 7 ; 0.474799 ; 0.0193707 ; -0.00317958 ; 101.14;
17 ; 18 ; 7 ; 0.472506 ; 0.018819 ; -0.0146392 ; 102.09;
18 ; 18 ; 7 ; 0.465451 ; 0.0222819 ; -0.0131059 ; 101.561;
19 ; 18 ; 7 ; 0.46716 ; -0.000894833 ; -0.0167841 ; 102.35;
20 ; 18 ; 7 ; 0.47137 ; -0.00278745 ; -0.0280447 ; 101.463;
21 ; 18 ; 7 ; 0.486625 ; 0.00755877 ; 0.0117335 ; 100.785;
4 ; 19 ; 7 ; 0.462684 ; 4.27826e-05 ; 0.00274285 ; 101.168;
5 ; 19 ; 7 ; 0.452494 ; -0.00762829 ; 0.000302146 ; 102.105;
6 ; 19 ; 7 ; 0.465364 ; -0.00121958 ; 0.0011547 ; 101.425;
7 ; 19 ; 7 ; 0.483708 ; 0.0118891 ; -0.0195782 ; 101.34;
8 ; 19 ; 7 ; 0.462884 ; 0.0046347 ; 0.0127952 ; 102.149;
9 ; 19 ; 7 ; 0.481766 ; -0.000591533 ; 0.0112877 ; 101.677;
10 ; 19 ; 7 ; 0.466228 ; 0.0107991 ; 0.000519983 ; 101.505;
11 ; 19 ; 7 ; 0.497844 ; 0.0147949 ; 0.0110925 ; 101.935;
12 ; 19 ; 7 ; 0.453769 ; -0.000711119 ; 0.0109905 ; 101.132;
13 ; 19 ; 7 ; 0.460212 ; 0.0186661 ; -0.00515887 ; 101.378;
14 ; 19 ; 7 ; 0.469732 ; -0.00198199 ; 0.0152386 ; 101.218;
15 ; 19 ; 7 ; 0.461307 ; 0.0283411 ; 0.0169404 ; 101.932;
16 ; 19 ; 7 ; 0.470711 ; 0.0119079 ; 0.00741439 ; 101.693;
17 ; 19 ; 7 ; 0.474731 ; 0.00558193 ; 0.0114581 ; 101.519;
18 ; 19 ; 7 ; 0.478824 ; 0.00554832 ; 0.00985728 ; 101.456;
19 ; 19 ; 7 ; 0.473977 ; -0.00565633 ; -0.00719864 ; 101.494;
20 ; 19 ; 7 ; 0.465591 ; -0.00202951 ; -0.00373467 ; 101.467;
21 ; 19 ; 7 ; 0.457879 ; -0.00982081 ; -0.0237831 ; 101.466;
4 ; 20 ; 7 ; 0.48192 ; -0.0121144 ; 0.00348513 ; 101.904;
5 ; 20 ; 7 ; 0.472841 ; 0.00679154 ; -0.0111548 ; 101.186;
6 ; 20 ; 7 ; 0.494253 ; -0.00442371 ; 0.0210171 ; 101.539;
7 ; 20 ; 7 ; 0.469849 ; 0.00868085 ; 0.00466307 ; 101.855;
8 ; 20 ; 7 ; 0.479629 ; -0.00870535 ; 0.00630027 ; 101.601;
9 ; 20 ; 7 ; 0.463514 ; -0.0211741 ; 0.016931 ; 101.732;
10 ; 20 ; 7 ; 0.47593 ; 0.00645799 ; 0.000644791 ; 101.49;
11 ; 20 ; 7 ; 0.469663 ; -0.00503625 ; 0.0176442 ; 101.61;
12 ; 20 ; 7 ; 0.47677 ; -0.00682672 ; -0.0117205 ; 101.663;
13 ; 20 ; 7 ; 0.46396 ; -0.0168318 ; -0.00467648 ; 101.414;
14 ; 20 ; 7 ; 0.476333 ; -0.00162214 ; -0.00747317 ; 101.207;
15 ; 20 ; 7 ; 0.476678 ; 0.0030831 ; 0.00608349 ; 102.045;
16 ; 20 ; 7 ; 0.45367 ; 0.0126875 ; -0.0104444 ; 101.664;
17 ; 20 ; 7 ; 0.456943 ; 0.0119286 ; 0.00481508 ; 101.814;
18 ; 20 ; 7 ; 0.468056 ; -0.00378696 ; -0.00595244 ; 101.47;
19 ; 20 ; 7 ; 0.453822 ; 0.0014082 ; -0.00593202 ; 101.766;
20 ; 20 ; 7 ; 0.452967 ; -0.00403782 ; -0.00804827 ; 101.168;
21 ; 20 ; 7 ; 0.466102 ; -0.0276541 ; -0.0284502 ; 101.713;
4 ; 21 ; 7 ; 0.474716 ; 0.0106855 ; -0.00222068 ; 101.348;
5 ; 21 ; 7 ; 0.473207 ; 0.016956 ; -8.38741e-05 ; 101.871;
6 ; 21 ; 7 ; 0.483712 ; -0.0020561 ; 0.0107014 ; 101.424;
7 ; 21 ; 7 ; 0.468273 ; -0.00547141 ; 0.00955055 ; 101.409;
8 ; 21 ; 7 ; 0.458866 ; -0.00144364 ; 0.0112994 ; 101.251;
9 ; 21 ; 7 ; 0.477338 ; 0.00572167 ; 0.00199216 ; 101.077;
10 ; 21 ; 7 ; 0.482484 ; -0.00300188 ; 0.0141046 ; 101.6;
11 ; 21 ; 7 ; 0.460174 ; -0.000456625 ; 0.00489904 ; 101.497;
12 ; 21 ; 7 ; 0.464548 ; -0.000839403 ; -0.00378566 ; 101.27;
13 ; 21 ; 7 ; 0.484536 ; -0.0194409 ; 0.0162234 ; 101.376;
14 ; 21 ; 7 ; 0.469727 ; 0.00110035 ; -0.00920581 ; 101.274;
15 ; 21 ; 7 ; 0.461057 ; 0.00737558 ; -0.0112271 ; 102.233;
16 ; 21 ; 7 ; 0.447003 ; 0.00985221 ; 0.00524852 ; 101.675;
17 ; 21 ; 7 ; 0.475019 ; 0.00868216 ; -0.0112118 ; 101.788;
18 ; 21 ; 7 ; 0.462374 ; -0.00934004 ; -0.0158375 ; 101.837;
19 ; 21 ; 7 ; 0.454469 ; 0.00331821 ; -0.0181664 ; 101.137;
20 ; 21 ; 7 ; 0.463881 ; 0.00785788 ; -0.0118451 ; 101.303;
21 ; 21 ; 7 ; 0.465429 ; -0.00248199 ; -0.00482847 ; 101.782;
4 ; 4 ; 8 ; 0.389888 ; -0.00120726 ; -0.00284207 ; 101.362;
5 ; 4 ; 8 ; 0.382476 ; -0.0138187 ; 0.00900577 ; 100.857;
6 ; 4 ; 8 ; 0.348864 ; 0.00934707 ; -0.0121209 ; 101.442;
7 ; 4 ; 8 ; 0.373791 ; 0.00606573 ; 0.010764 ; 101.842;
8 ; 4 ; 8 ; 0.359896 ; -0.0148311 ; 0.00284079 ; 101.69;
9 ; 4 ; 8 ; 0.37062 ; 0.00966601 ; -0.00122866 ; 101.183;
10 ; 4 ; 8 ; 0.387411 ; 0.00410216 ; 0.0101113 ; 101.344;
11 ; 4 ; 8 ; 0.364771 ; 0.00163569 ; 0.017282 ; 102.101;
12 ; 4 ; 8 ; 0.394958 ; 0.00240582 ; -0.0118931 ; 101.385;
13 ; 4 ; 8 ; 0.390206 ; -0.000800543 ; 0.00592235 ; 101.241;
14 ; 4 ; 8 ; 0.377224 ; -0.00542383 ; 0.024028 ; 101.392;
15 ; 4 ; 8 ; 0.375786 ; -0.0079731 ; -0.00190777 ; 101.511;
16 ; 4 ; 8 ; 0.385066 ; 0.00481949 ; 0.00834709 ; 101.759;
17 ; 4 ; 8 ; 0.381999 ; -0.0118061 ; -0.00113335 ; 101.677;
18 ; 4 ; 8 ; 0.382198 ; -0.013157 ; 0.00464118 ; 101.621;
19 ; 4 ; 8 ; 0.374766 ; 0.0114024 ; 0.00808323 ; 101.612;
20 ; 4 ; 8 ; 0.376202 ; 0.0203122 ; -0.00257669 ; 101.566;
21 ; 4 ; 8 ; 0.372126 ; -0.00743195 ; -0.0191858 ; 101.392;
4 ; 5 ; 8 ; 0.378025 ; -0.0123392 ; 0.000699131 ; 101.532;
5 ; 5 ; 8 ; 0.372146 ; -0.00859924 ; -0.0014046 ; 102.236;
6 ; 5 ; 8 ; 0.36199 ; -0.00180842 ; -0.00368374 ; 101.389;
7 ; 5 ; 8 ; 0.369264 ; 0.00542109 ; 0.0173637 ; 101.873;
8 ; 5 ; 8 ; 0.385004 ; 0.00419186 ; 0.00697232 ; 101.31;
9 ; 5 ; 8 ; 0.376169 ; 0.00980613 ; -0.00344725 ; 101.866;
10 ; 5 ; 8 ; 0.379248 ; 0.00406859 ; -0.00775668 ; 101.406;
11 ; 5 ; 8 ; 0.391643 ; 0.00371462 ; 0.00914399 ; 100.998;
12 ; 5 ; 8 ; 0.400549 ; -0.00835405 ; 0.0104136 ; 102.355;
13 ; 5 ; 8 ; 0.374582 ; -0.0086977 ; 0.0110211 ; 101.555;
14 ; 5 ; 8 ; 0.367248 ; 0.0119151 ; 0.00637548 ; 101.009;
15 ; 5 ; 8 ; 0.382094 ; -0.0053379 ; -0.00388701 ; 101.198;
16 ; 5 ; 8 ; 0.389304 ; -0.000312061 ; 0.0115534 ; 101.399;
17 ; 5 ; 8 ; 0.392609 ; -0.0130607 ; 0.0041945 ; 101.984;
18 ; 5 ; 8 ; 0.384584 ; 0.00457981 ; 0.00806606 ; 101.479;
19 ; 5 ; 8 ; 0.392249 ; -0.00543737 ; 0.000663097 ; 101.596;
20 ; 5 ; 8 ; 0.378758 ; 0.0170923 ; -0.0123317 ; 101.776;
21 ; 5 ; 8 ; 0.381339 ; 0.0130874 ; -0.0020535 ; 101.208;
4 ; 6 ; 8 ; 0.376893 ; 0.00267901 ; 0.0101143 ; 101.672;
5 ; 6 ; 8 ; 0.374701 ; -0.0181334 ; -0.0041266 ; 101.38;
6 ; 6 ; 8 ; 0.392679 ; 0.00553596 ; 0.00137584 ; 101.32;
7 ; 6 ; 8 ; 0.363959 ; -0.0177449 ; 0.0143951 ; 101.616;
8 ; 6 ; 8 ; 0.387914 ; -0.00984724 ; -0.0119687 ; 101.109;
9 ; 6 ; 8 ; 0.370639 ; 0.00465239 ; 0.0159467 ; 100.39;
10 ; 6 ; 8 ; 0.374805 ; 0.0115698 ; 0.00562218 ; 102.019;
11 ; 6 ; 8 ; 0.363815 ; -0.0166357 ; 0.00894878 ; 102.439;
12 ; 6 ; 8 ; 0.376935 ; 0.00281981 ; 0.00236648 ; 102.127;
13 ; 6 ; 8 ; 0.381047 ; -0.015624 ; -0.0118438 ; 101.395;
14 ; 6 ; 8 ; 0.382713 ; 0.00653849 ; 0.00569907 ; 101.263;
15 ; 6 ; 8 ; 0.389357 ; 0.00890936 ; 0.00425419 ; 101.485;
16 ; 6 ; 8 ; 0.380726 ; -1.9543e-05 ; -0.00380847 ; 101.883;
17 ; 6 ; 8 ; 0.3857 ; -0.0133642 ; 0.0105746 ; 101.309;
18 ; 6 ; 8 ; 0.376892 ; -0.00326858 ; -0.0160582 ; 101.496;
19 ; 6 ; 8 ; 0.388812 ; -0.00510445 ; -0.0154901 ; 101.38;
20 ; 6 ; 8 ; 0.380284 ; 0.0092151 ; 0.00871015 ; 101.224;
21 ; 6 ; 8 ; 0.397418 ; 0.000756249 ; -0.0028263 ; 101.964;
4 ; 7 ; 8 ; 0.38245 ; 0.0225723 ; 0.00992102 ; 101.387;
5 ; 7 ; 8 ; 0.380226 ; -0.00549987 ; 0.0111824 ; 101.471;
6 ; 7 ; 8 ; 0.368673 ; -0.0150586 ; 0.00458333 ; 101.707;
7 ; 7 ; 8 ; 0.372887 ; 0.0013306 ; 0.0261545 ; 101.432;
8 ; 7 ; 8 ; 0.374761 ; 0.0096744 ; -0.00830774 ; 101.519;
9 ; 7 ; 8 ; 0.385641 ; 0.00377593 ; 0.0145062 ; 101.801;
10 ; 7 ; 8 ; 0.379276 ; -0.00656925 ; -0.0105138 ; 102.524;
11 ; 7 ; 8 ; 0.401815 ; 0.00576804 ; 0.0123734 ; 101.306;
12 ; 7 ; 8 ; 0.37926 ; -0.0074667 ; 0.0119788 ; 100.981;
13 ; 7 ; 8 ; 0.357836 ; -0.00647334 ; 0.0150408 ; 102.072;
14 ; 7 ; 8 ; 0.356814 ; -0.00554625 ; 0.0194461 ; 101.12;
15 ; 7 ; 8 ; 0.377789 ; -0.0015172 ; 0.0205378 ; 101.712;
16 ; 7 ; 8 ; 0.383503 ; 0.0153776 ; 0.0182308 ; 101.624;
17 ; 7 ; 8 ; 0.353942 ; -0.0154446 ; 0.0192121 ; 101.772;
18 ; 7 ; 8 ; 0.355433 ; 0.00242076 ; -0.0187555 ; 101.288;
19 ; 7 ; 8 ; 0.379329 ; -0.0194468 ; 0.0145252 ; 101.621;
20 ; 7 ; 8 ; 0.359221 ; -0.00725214 ; 0.000967747 ; 100.61;
21 ; 7 ; 8 ; 0.395053 ; 0.00517266 ; -0.00302243 ; 101.625;
4 ; 8 ; 8 ; 0.369826 ; 0.0170692 ; -0.00259919 ; 101.063;
5 ; 8 ; 8 ; 0.360537 ; -0.0118594 ; 0.000214079 ; 101.275;
6 ; 8 ; 8 ; 0.383511 ; -0.00699774 ; -0.0122568 ; 101.246;
7 ; 8 ; 8 ; 0.386061 ; 0.00411044 ; 0.0142467 ; 101.263;
8 ; 8 ; 8 ; 0.390534 ; 0.0148715 ; -0.00697714 ; 101.991;
9 ; 8 ; 8 ; 0.381905 ; 0.00682335 ; 0.00495666 ; 101.501;
10 ; 8 ; 8 ; 0.389413 ; -0.000713247 ; 0.00572936 ; 101.526;
11 ; 8 ; 8 ; 0.390227 ; -0.0133433 ; 0.00843919 ; 101.269;
12 ; 8 ; 8 ; 0.41756 ; -0.010462 ; 0.0131201 ; 102.281;
13 ; 8 ; 8 ; 0.361358 ; -0.0104252 ; 0.00836639 ; 101.059;
14 ; 8 ; 8 ; 0.383228 ; 0.00313777 ; 0.0133654 ; 101.984;
15 ; 8 ; 8 ; 0.386717 ; 0.00391616 ; -0.0108898 ; 101.689;
16 ; 8 ; 8 ; 0.389401 ; 0.00429543 ; -0.0110324 ; 101.406;
17 ; 8 ; 8 ; 0.375381 ; -0.00916608 ; -0.0075642 ; 101.509;
18 ; 8 ; 8 ; 0.378477 ; -0.00842332 ; -0.0201257 ; 101.814;
19 ; 8 ; 8 ; 0.377807 ; -0.0177927 ; -0.0081329 ; 100.879;
20 ; 8 ; 8 ; 0.355207 ; 0.011501 ; -0.0186693 ; 100.874;
21 ; 8 ; 8 ; 0.40584 ; 0.0111091 ; -0.0179647 ; 101.704;
4 ; 9 ; 8 ; 0.37664 ; -0.0053795 ; 0.0129969 ; 101.444;
5 ; 9 ; 8 ; 0.378786 ; -0.000260488 ; 0.017806 ; 101.229;
6 ; 9 ; 8 ; 0.382543 ; -0.0266294 ; 0.00419461 ; 101.138;
7 ; 9 ; 8 ; 0.393696 ; -0.0061978 ; 0.00604533 ; 101.433;
8 ; 9 ; 8 ; 0.390189 ; -0.00792576 ; 0.00113708 ; 101.606;
9 ; 9 ; 8 ; 0.364039 ; 0.00651435 ; 0.0153358 ; 101.478;
10 ; 9 ; 8 ; 0.374249 ; 0.0137193 ; 0.0126198 ; 101.123;
11 ; 9 ; 8 ; 0.382208 ; 0.0160434 ; 0.012497 ; 102.146;
12 ; 9 ; 8 ; 0.373053 ; 0.0106912 ; 0.00225124 ; 101.086;
13 ; 9 ; 8 ; 0.372441 ; 0.004009 ; -0.00709941 ; 101.45;
14 ; 9 ; 8 ; 0.380546 ; 0.00538863 ; 0.00217113 ; 101.651;
15 ; 9 ; 8 ; 0.371305 ; -0.00630803 ; -0.000736178 ; 101.413;
16 ; 9 ; 8 ; 0.364054 ; -0.00877227 ; 0.000272129 ; 101.9;
17 ; 9 ; 8 ; 0.38504 ; 0.00615346 ; -0.00462662 ; 101.244;
18 ; 9 ; 8 ; 0.416012 ; 0.00481502 ; -0.0228062 ; 101.415;
19 ; 9 ; 8 ; 0.384217 ; -0.000250221 ; -0.0156375 ; 102.291;
20 ; 9 ; 8 ; 0.398792 ; -0.00257935 ; -0.0143891 ; 101.239;
21 ; 9 ; 8 ; 0.384412 ; -0.00596696 ; 0.00790967 ; 101.226;
4 ; 10 ; 8 ; 0.358492 ; 0.0205542 ; 0.0193076 ; 101.385;
5 ; 10 ; 8 ; 0.38323 ; 0.00333849 ; -0.014076 ; 101.397;
6 ; 10 ; 8 ; 0.380828 ; -0.0105301 ; -0.00856244 ; 101.069;
7 ; 10 ; 8 ; 0.398889 ; 0.0177507 ; 0.0222397 ; 101.923;
8 ; 10 ; 8 ; 0.396575 ; 0.00764108 ; -0.00255323 ; 101.765;
9 ; 10 ; 8 ; 0.379429 ; -0.00659271 ; 0.000303556 ; 101.612;
10 ; 10 ; 8 ; 0.38071 ; 0.013852 ; 0.00461974 ; 101.902;
11 ; 10 ; 8 ; 0.379362 ; 0.000679059 ; 0.0145309 ; 102.177;
12 ; 10 ; 8 ; 0.368037 ; -0.0134898 ; -0.0114293 ; 101.271;
13 ; 10 ; 8 ; 0.364252 ; 0.000193252 ; -0.000480916 ; 101.314;
14 ; 10 ; 8 ; 0.371627 ; 0.0193593 ; -0.00132385 ; 102.163;
15 ; 10 ; 8 ; 0.378617 ; -0.0112494 ; -0.0105104 ; 101.66;
16 ; 10 ; 8 ; 0.382888 ; -0.0118425 ; 0.00616236 ; 101.377;
17 ; 10 ; 8 ; 0.389763 ; 0.0217911 ; -0.0173196 ; 102.021;
18 ; 10 ; 8 ; 0.379952 ; -0.00699247 ; 0.0124332 ; 101.436;
19 ; 10 ; 8 ; 0.369833 ; 0.00739843 ; -0.0224278 ; 101.393;
20 ; 10 ; 8 ; 0.360155 ; -0.0107807 ; 0.00167683 ; 101.373;
21 ; 10 ; 8 ; 0.385908 ; -0.0128933 ; -0.00938696 ; 102.057;
4 ; 11 ; 8 ; 0.377946 ; 0.00979953 ; 0.0126076 ; 101.637;
5 ; 11 ; 8 ; 0.373601 ; 0.0201012 ; -0.00508255 ; 101.062;
6 ; 11 ; 8 ; 0.391545 ; -0.00505556 ; 0.00392354 ; 101.865;
7 ; 11 ; 8 ; 0.372401 ; -0.00840125 ; -0.0101207 ; 101.105;
8 ; 11 ; 8 ; 0.367652 ; -0.00910851 ; -0.00282354 ; 101.69;
9 ; 11 ; 8 ; 0.359537 ; 0.0186982 ; -0.00289261 ; 101.251;
10 ; 11 ; 8 ; 0.37847 ; 0.0124544 ; 0.0111601 ; 102.082;
11 ; 11 ; 8 ; 0.376598 ; 0.00415044 ; 0.0139581 ; 102.051;
12 ; 11 ; 8 ; 0.391937 ; 0.00580418 ; 0.00716892 ; 101.097;
13 ; 11 ; 8 ; 0.367598 ; 0.0172743 ; -0.0117549 ; 101.527;
14 ; 11 ; 8 ; 0.371389 ; -0.011483 ; -0.00198823 ; 101.233;
15 ; 11 ; 8 ; 0.36186 ; -0.0151039 ; -0.00343719 ; 102.157;
16 ; 11 ; 8 ; 0.371277 ; -0.00300516 ; -0.0303891 ; 101.579;
17 ; 11 ; 8 ; 0.367819 ; 0.0140977 ; -0.00244441 ; 100.935;
18 ; 11 ; 8 ; 0.375838 ; 0.00765334 ; -0.00457019 ; 102.047;
19 ; 11 ; 8 ; 0.379035 ; -0.0158139 ; -0.0024976 ; 100.849;
20 ; 11 ; 8 ; 0.395871 ; 0.0106729 ; -0.0106648 ; 101.227;
21 ; 11 ; 8 ; 0.380021 ; 0.0153771 ; -0.012816 ; 101.329;
4 ; 12 ; 8 ; 0.369514 ; -0.00797153 ; 0.00235002 ; 101.342;
5 ; 12 ; 8 ; 0.354593 ; 0.00360863 ; 0.00734676 ; 101.438;
6 ; 12 ; 8 ; 0.357496 ; 0.00415293 ; 0.00801689 ; 102.404;
7 ; 12 ; 8 ; 0.372949 ; -0.0204447 ; -0.00580774 ; 101.517;
8 ; 12 ; 8 ; 0.389675 ; -0.0411058 ; 0.000496331 ; 101.656;
9 ; 12 ; 8 ; 0.377337 ; -0.00321961 ; 0.031898 ; 100.909;
10 ; 12 ; 8 ; 0.379935 ; -0.0219407 ; 0.0346067 ; 101.806;
11 ; 12 ; 8 ; 0.383126 ; 0.0149166 ; 0.00945233 ; 100.828;
12 ; 12 ; 8 ; 0.383072 ; 0.00090983 ; 0.0179801 ; 101.62;
13 ; 12 ; 8 ; 0.370398 ; 0.0193882 ; 0.00748536 ; 102.17;
14 ; 12 ; 8 ; 0.37272 ; 0.00728859 ; 0.0012001 ; 101.603;
15 ; 12 ; 8 ; 0.372523 ; -0.00402773 ; 0.00365314 ; 101.951;
16 ; 12 ; 8 ; 0.376515 ; -0.0136887 ; -0.000503186 ; 101.486;
17 ; 12 ; 8 ; 0.368283 ; -0.00828621 ; 0.00299765 ; 101.637;
18 ; 12 ; 8 ; 0.388286 ; -0.00205094 ; 0.000320753 ; 101.44;
19 ; 12 ; 8 ; 0.377861 ; -0.00717213 ; -0.00104795 ; 100.913;
20 ; 12 ; 8 ; 0.36368 ; -0.00916117 ; -0.0110729 ; 101.871;
21 ; 12 ; 8 ; 0.367487 ; -0.0232333 ; 0.00869006 ; 101.776;
4 ; 13 ; 8 ; 0.37624 ; 0.00455295 ; -0.0118864 ; 101.204;
5 ; 13 ; 8 ; 0.384873 ; -0.0189077 ; 0.0049246 ; 101.81;
6 ; 13 ; 8 ; 0.367464 ; 0.00472147 ; 0.0124261 ; 101.651;
7 ; 13 ; 8 ; 0.371297 ; 0.000918119 ; 0.00436025 ; 101.389;
8 ; 13 ; 8 ; 0.369275 ; 0.0093833 ; 0.00413211 ; 101.083;
9 ; 13 ; 8 ; 0.37302 ; -0.01663 ; 0.0107498 ; 101.49;
10 ; 13 ; 8 ; 0.367334 ; -0.00106749 ; -0.00113391 ; 101.765;
11 ; 13 ; 8 ; 0.374321 ; 0.0282975 ; -0.00223804 ; 101.901;
12 ; 13 ; 8 ; 0.374888 ; 0.00848571 ; -0.0102767 ; 101.172;
13 ; 13 ; 8 ; 0.368054 ; -0.00312183 ; -0.00764829 ; 101.245;
14 ; 13 ; 8 ; 0.369548 ; 0.00658034 ; 0.0132997 ; 101.239;
15 ; 13 ; 8 ; 0.374292 ; 0.0019539 ; -0.00470247 ; 101.153;
16 ; 13 ; 8 ; 0.392536 ; -0.0109974 ; -0.0106132 ; 101.718;
17 ; 13 ; 8 ; 0.386662 ; -0.000710294 ; -0.00300283 ; 101.391;
18 ; 13 ; 8 ; 0.37811 ; 0.0135447 ; 0.00633545 ; 100.955;
19 ; 13 ; 8 ; 0.381259 ; 0.00686612 ; 0.0091435 ; 101.541;
20 ; 13 ; 8 ; 0.380924 ; -0.0162684 ; 0.00625157 ; 101.07;
21 ; 13 ; 8 ; 0.380884 ; -0.0160042 ; -0.00308124 ; 101.497;
4 ; 14 ; 8 ; 0.370693 ; -0.00341174 ; 0.00180814 ; 101.618;
5 ; 14 ; 8 ; 0.383584 ; -0.0115955 ; -0.00430194 ; 100.472;
6 ; 14 ; 8 ; 0.379859 ; 0.00717939 ; 0.00950011 ; 101.47;
7 ; 14 ; 8 ; 0.3643 ; 0.0120497 ; 0.0189141 ; 101.378;
8 ; 14 ; 8 ; 0.357096 ; -0.00662535 ; 0.0233416 ; 101.833;
9 ; 14 ; 8 ; 0.36141 ; -0.0104445 ; 3.00312e-05 ; 101.516;
10 ; 14 ; 8 ; 0.367872 ; -0.0179136 ; 0.00940692 ; 101.62;
11 ; 14 ; 8 ; 0.374706 ; -0.00500327 ; 0.0198563 ; 102.034;
12 ; 14 ; 8 ; 0.396338 ; -0.00627246 ; 0.00115929 ; 102.048;
13 ; 14 ; 8 ; 0.386576 ; 0.00400104 ; 0.013426 ; 101.636;
14 ; 14 ; 8 ; 0.39716 ; 0.0010396 ; 0.00628191 ; 102.096;
15 ; 14 ; 8 ; 0.398065 ; -0.00959248 ; -0.0160597 ; 101.475;
16 ; 14 ; 8 ; 0.373327 ; -0.0222784 ; -0.00736663 ; 101.491;
17 ; 14 ; 8 ; 0.359917 ; -0.00753294 ; -0.00701817 ; 101.577;
18 ; 14 ; 8 ; 0.370526 ; 0.0104085 ; -0.00105638 ; 101.428;
19 ; 14 ; 8 ; 0.388023 ; 0.0242914 ; 0.00177219 ; 101.875;
20 ; 14 ; 8 ; 0.383354 ; -0.0084765 ; -0.00386025 ; 101.382;
21 ; 14 ; 8 ; 0.374619 ; 0.00593207 ; -0.00686792 ; 101.121;
4 ; 15 ; 8 ; 0.36872 ; -0.00407304 ; 0.00505262 ; 102.227;
5 ; 15 ; 8 ; 0.369275 ; 0.00884325 ; -0.0015523 ; 101.664;
6 ; 15 ; 8 ; 0.377689 ; 0.00639588 ; -0.00430033 ; 101.985;
7 ; 15 ; 8 ; 0.370685 ; -0.0109 ; 0.00648875 ; 101.516;
8 ; 15 ; 8 ; 0.381456 ; 0.00398691 ; -0.00212091 ; 101.833;
9 ; 15 ; 8 ; 0.377698 ; -0.000644446 ; -0.00249583 ; 102.006;
10 ; 15 ; 8 ; 0.368031 ; -0.000309802 ; 0.00205272 ; 101.436;
11 ; 15 ; 8 ; 0.367739 ; -0.0134031 ; 0.0136732 ; 100.865;
12 ; 15 ; 8 ; 0.368608 ; -0.0172519 ; 0.0119658 ; 101.609;
13 ; 15 ; 8 ; 0.376565 ; -0.00361712 ; 0.00998666 ; 101.27;
14 ; 15 ; 8 ; 0.375501 ; 0.000474045 ; -0.00834805 ; 101.717;
15 ; 15 ; 8 ; 0.387959 ; 0.00619764 ; 0.000568186 ; 101.949;
16 ; 15 ; 8 ; 0.37673 ; -0.0178666 ; 0.00174028 ; 101.002;
17 ; 15 ; 8 ; 0.3789 ; 0.0122331 ; -0.000330969 ; 101.602;
18 ; 15 ; 8 ; 0.372591 ; -0.00858073 ; -0.00246768 ; 101.4;
19 ; 15 ; 8 ; 0.372095 ; 0.0131453 ; -0.0285381 ; 101.585;
20 ; 15 ; 8 ; 0.37573 ; 0.00605338 ; -0.0101882 ; 101.669;
21 ; 15 ; 8 ; 0.393531 ; 0.0097364 ; -0.00367114 ; 101.295;
4 ; 16 ; 8 ; 0.384749 ; 0.00544283 ; 0.00746125 ; 100.802;
5 ; 16 ; 8 ; 0.377651 ; -0.00303429 ; 0.00522554 ; 101.294;
6 ; 16 ; 8 ; 0.362934 ; -0.00496809 ; -0.000618614 ; 101.742;
7 ; 16 ; 8 ; 0.349889 ; -0.00383976 ; 0.00415908 ; 102.041;
8 ; 16 ; 8 ; 0.382337 ; -0.00410151 ; -0.000743534 ; 101.451;
9 ; 16 ; 8 ; 0.378891 ; -0.0156117 ; -0.00548771 ; 101.785;
10 ; 16 ; 8 ; 0.37659 ; -0.00357356 ; 0.00414595 ; 101.876;
11 ; 16 ; 8 ; 0.369999 ; 0.0024417 ; 0.0025184 ; 101.837;
12 ; 16 ; 8 ; 0.375685 ; 0.00638119 ; 0.0290242 ; 101.656;
13 ; 16 ; 8 ; 0.369048 ; -0.0142756 ; -0.000283331 ; 101.592;
14 ; 16 ; 8 ; 0.349888 ; -0.00331583 ; 0.0170781 ; 101.66;
15 ; 16 ; 8 ; 0.368734 ; 0.00383964 ; -0.0064695 ; 102.018;
16 ; 16 ; 8 ; 0.380631 ; -0.0158944 ; -0.000336757 ; 101.113;
17 ; 16 ; 8 ; 0.376996 ; -0.00167699 ; 0.0047258 ; 101.616;
18 ; 16 ; 8 ; 0.38574 ; 0.00541754 ; -0.0144498 ; 101.813;
19 ; 16 ; 8 ; 0.379128 ; 0.00511388 ; -0.0107941 ; 101.806;
20 ; 16 ; 8 ; 0.384567 ; 0.00608974 ; -0.0262735 ; 101.082;
21 ; 16 ; 8 ; 0.380542 ; -0.00491086 ; -0.00495292 ; 101.41;
4 ; 17 ; 8 ; 0.377306 ; -0.00781253 ; -0.00138388 ; 101.864;
5 ; 17 ; 8 ; 0.360978 ; 0.000632449 ; 0.00631877 ; 101.158;
6 ; 17 ; 8 ; 0.374537 ; -0.00238147 ; 0.00306881 ; 101.763;
7 ; 17 ; 8 ; 0.363255 ; -0.000685873 ; 0.00784726 ; 101.57;
8 ; 17 ; 8 ; 0.379305 ; -0.0165328 ; -0.00544684 ; 101.427;
9 ; 17 ; 8 ; 0.37227 ; 0.00409724 ; -0.00115684 ; 102.208;
10 ; 17 ; 8 ; 0.378881 ; -0.00114575 ; -0.00123427 ; 101.481;
11 ; 17 ; 8 ; 0.400938 ; 0.000773067 ; 0.0333048 ; 102.346;
12 ; 17 ; 8 ; 0.37464 ; 0.00668267 ; 0.0099824 ; 101.629;
13 ; 17 ; 8 ; 0.388248 ; -0.0031009 ; -0.0131123 ; 101.139;
14 ; 17 ; 8 ; 0.359504 ; -0.00973281 ; -0.0101057 ; 101.819;
15 ; 17 ; 8 ; 0.372602 ; -0.000122857 ; -0.00363203 ; 101.171;
16 ; 17 ; 8 ; 0.378205 ; -0.0137888 ; -0.00224537 ; 101.884;
17 ; 17 ; 8 ; 0.380176 ; 0.00654413 ; 0.00398215 ; 101.762;
18 ; 17 ; 8 ; 0.365285 ; 0.00831871 ; -0.0135888 ; 101.571;
19 ; 17 ; 8 ; 0.370581 ; 0.000673068 ; -0.0230021 ; 100.814;
20 ; 17 ; 8 ; 0.36666 ; 0.00666823 ; 0.00502199 ; 101.118;
21 ; 17 ; 8 ; 0.379045 ; 0.00793247 ; 0.00838032 ; 101.503;
4 ; 18 ; 8 ; 0.356939 ; -0.011376 ; 0.0150686 ; 100.771;
5 ; 18 ; 8 ; 0.365768 ; -0.00563616 ; -0.012439 ; 101.504;
6 ; 18 ; 8 ; 0.405872 ; -0.0122396 ; 0.00782445 ; 101.097;
7 ; 18 ; 8 ; 0.356744 ; -0.0158282 ; 0.0113551 ; 101.858;
8 ; 18 ; 8 ; 0.369509 ; -0.00436753 ; 0.0266314 ; 101.582;
9 ; 18 ; 8 ; 0.366199 ; -0.0170878 ; 0.00204578 ; 102.043;
10 ; 18 ; 8 ; 0.380066 ; -0.00946041 ; -0.0108282 ; 102.306;
11 ; 18 ; 8 ; 0.398976 ; 0.0135897 ; 0.00501859 ; 101.624;
12 ; 18 ; 8 ; 0.377152 ; -0.0182729 ; -0.00876076 ; 101.43;
13 ; 18 ; 8 ; 0.37907 ; -0.000607829 ; -0.00657534 ; 101.131;
14 ; 18 ; 8 ; 0.381573 ; 0.00565093 ; 0.00958067 ; 101.703;
15 ; 18 ; 8 ; 0.377697 ; 0.00254352 ; -0.0216259 ; 101.836;
16 ; 18 ; 8 ; 0.386483 ; 0.00204983 ; -0.0101727 ; 101.421;
17 ; 18 ; 8 ; 0.391857 ; 0.00677258 ; -0.00679785 ; 101.721;
18 ; 18 ; 8 ; 0.367512 ; 0.014646 ; -0.0190234 ; 101.218;
19 ; 18 ; 8 ; 0.374732 ; 0.00747878 ; 0.00104021 ; 101.523;
20 ; 18 ; 8 ; 0.382825 ; -0.00504319 ; -0.0131466 ; 101.603;
21 ; 18 ; 8 ; 0.366557 ; -0.0142751 ; 0.00207548 ; 101.355;
4 ; 19 ; 8 ; 0.389139 ; -0.0152322 ; -0.00178672 ; 102.076;
5 ; 19 ; 8 ; 0.377405 ; -0.00150089 ; -0.00277079 ; 101.25;
6 ; 19 ; 8 ; 0.379924 ; 0.00451895 ; -0.00353345 ; 101.373;
7 ; 19 ; 8 ; 0.389617 ; -0.0104675 ; 0.00990972 ; 101.748;
8 ; 19 ; 8 ; 0.382525 ; -0.0101701 ; -0.000227019 ; 101.159;
9 ; 19 ; 8 ; 0.381869 ; -0.016815 ; 0.0186709 ; 101.095;
10 ; 19 ; 8 ; 0.367319 ; -0.0120894 ; 0.0123767 ; 101.121;
11 ; 19 ; 8 ; 0.383601 ; 0.00657551 ; -0.00448199 ; 101.962;
12 ; 19 ; 8 ; 0.374849 ; -0.016147 ; 0.00808563 ; 101.092;
13 ; 19 ; 8 ; 0.382383 ; -0.0010965 ; -0.00248367 ; 101.731;
14 ; 19 ; 8 ; 0.3674 ; 0.014588 ; 0.0162457 ; 101.812;
15 ; 19 ; 8 ; 0.372164 ; -0.0092142 ; 0.00528824 ; 101.576;
16 ; 19 ; 8 ; 0.381225 ; -0.0102232 ; -0.00656965 ; 101.118;
17 ; 19 ; 8 ; 0.388191 ; -0.00608653 ; -0.0136151 ; 101.451;
18 ; 19 ; 8 ; 0.374866 ; -0.0087892 ; -0.00241728 ; 101.553;
19 ; 19 ; 8 ; 0.379729 ; 0.00693044 ; -0.00609841 ; 101.935;
20 ; 19 ; 8 ; 0.400981 ; -0.00940411 ; -0.0121271 ; 101.344;
21 ; 19 ; 8 ; 0.377109 ; -0.0174909 ; -0.0108508 ; 100.944;
4 ; 20 ; 8 ; 0.368736 ; -0.00706777 ; 0.00689618 ; 101.951;
5 ; 20 ; 8 ; 0.377473 ; -0.002968 ; -0.0125192 ; 101.203;
6 ; 20 ; 8 ; 0.377136 ; 0.00873857 ; -0.0103327 ; 101.381;
7 ; 20 ; 8 ; 0.374413 ; 0.00186621 ; 0.013859 ; 101.396;
8 ; 20 ; 8 ; 0.372983 ; -0.0134727 ; 0.0114544 ; 101.589;
9 ; 20 ; 8 ; 0.37281 ; -0.010229 ; 0.0160872 ; 101.125;
10 ; 20 ; 8 ; 0.382189 ; -0.011292 ; -0.00885035 ; 101.373;
11 ; 20 ; 8 ; 0.360673 ; -0.00830263 ; -0.0137377 ; 101.807;
12 ; 20 ; 8 ; 0.376953 ; 0.0144048 ; -0.00325409 ; 101.258;
13 ; 20 ; 8 ; 0.368286 ; 0.0177056 ; -0.0114416 ; 101.138;
14 ; 20 ; 8 ; 0.374468 ; -0.00545574 ; -0.000693424 ; 101.492;
15 ; 20 ; 8 ; 0.378941 ; -0.0133262 ; 0.0158637 ; 102.121;
16 ; 20 ; 8 ; 0.381239 ; -0.00669331 ; 0.00268901 ; 101.669;
17 ; 20 ; 8 ; 0.390566 ; -0.00748622 ; 0.00594759 ; 101.166;
18 ; 20 ; 8 ; 0.387458 ; -0.0178636 ; 0.00188864 ; 100.953;
19 ; 20 ; 8 ; 0.382733 ; -0.016394 ; 0.00255595 ; 101.521;
20 ; 20 ; 8 ; 0.377661 ; 0.00270905 ; -0.0238273 ; 101.002;
21 ; 20 ; 8 ; 0.35212 ; 0.00222494 ; -0.0076684 ; 101.587;
4 ; 21 ; 8 ; 0.382245 ; 0.0105397 ; 0.0005006 ; 100.975;
5 ; 21 ; 8 ; 0.390767 ; 0.00419702 ; 0.0229208 ; 101.356;
6 ; 21 ; 8 ; 0.374631 ; 0.00864337 ; 0.0046001 ; 101.939;
7 ; 21 ; 8 ; 0.367131 ; -0.000697401 ; -0.00419982 ; 101.439;
8 ; 21 ; 8 ; 0.384877 ; 0.00710972 ; 0.00371393 ; 101.416;
9 ; 21 ; 8 ; 0.380918 ; -0.00939186 ; 0.00446076 ; 101.758;
10 ; 21 ; 8 ; 0.398176 ; 0.00323676 ; 0.00518961 ; 101.489;
11 ; 21 ; 8 ; 0.367768 ; 0.00786693 ; 0.0164368 ; 101.678;
12 ; 21 ; 8 ; 0.371189 ; -0.00114763 ; 0.00648796 ; 101.501;
13 ; 21 ; 8 ; 0.369956 ; 0.00654682 ; -0.0102126 ; 101.673;
14 ; 21 ; 8 ; 0.372424 ; 0.0010393 ; -0.0125043 ; 101.447;
15 ; 21 ; 8 ; 0.37846 ; -0.00879616 ; -0.000662933 ; 101.608;
16 ; 21 ; 8 ; 0.370858 ; 0.000948613 ; 0.0326855 ; 101.401;
17 ; 21 ; 8 ; 0.369303 ; -0.0034371 ; 0.00137431 ; 101.31;
18 ; 21 ; 8 ; 0.379837 ; -0.00131276 ; -0.00227961 ; 101.567;
19 ; 21 ; 8 ; 0.376974 ; -0.0125525 ; -0.0157765 ; 101.335;
20 ; 21 ; 8 ; 0.372399 ; 0.0119074 ; -0.00894181 ; 101.837;
21 ; 21 ; 8 ; 0.38529 ; -0.00440495 ; -0.00463769 ; 101.326;
4 ; 4 ; 9 ; 0.303836 ; -0.00476733 ; 0.00178443 ; 101.691;
5 ; 4 ; 9 ; 0.290007 ; -0.0117945 ; -0.00554591 ; 101.543;
6 ; 4 ; 9 ; 0.303707 ; 0.0106952 ; 0.000381747 ; 101.33;
7 ; 4 ; 9 ; 0.292895 ; -0.00778721 ; 0.0137542 ; 101.77;
8 ; 4 ; 9 ; 0.296298 ; 0.00451351 ; -0.00762332 ; 101.275;
9 ; 4 ; 9 ; 0.299059 ; 0.0113883 ; 0.0165959 ; 101.303;
10 ; 4 ; 9 ; 0.302051 ; 0.0104689 ; 0.000335682 ; 102.173;
11 ; 4 ; 9 ; 0.308513 ; -0.00936618 ; -0.0124783 ; 100.903;
12 ; 4 ; 9 ; 0.296799 ; -0.00225042 ; -0.0267713 ; 101.291;
13 ; 4 ; 9 ; 0.302897 ; -0.00472625 ; 0.00419824 ; 101.124;
14 ; 4 ; 9 ; 0.302548 ; -0.0057969 ; 0.00499371 ; 101.868;
15 ; 4 ; 9 ; 0.299073 ; -0.0158261 ; 0.00165538 ; 101.69;
16 ; 4 ; 9 ; 0.320176 ; 0.00981711 ; 0.00773912 ; 101.475;
17 ; 4 ; 9 ; 0.295754 ; -0.0144698 ; 0.000467967 ; 101.534;
18 ; 4 ; 9 ; 0.309203 ; 0.00148931 ; 0.0041613 ; 101.312;
19 ; 4 ; 9 ; 0.29179 ; -0.00397267 ; -0.00520961 ; 101.874;
20 ; 4 ; 9 ; 0.319567 ; 0.00118259 ; 0.0110472 ; 101.734;
21 ; 4 ; 9 ; 0.306221 ; 0.0147139 ; 0.00407562 ; 101.088;
4 ; 5 ; 9 ; 0.317838 ; 0.00472544 ; -0.013382 ; 101.687;
5 ; 5 ; 9 ; 0.303355 ; 0.00559781 ; -0.00313563 ; 100.939;
6 ; 5 ; 9 ; 0.299862 ; 0.00914842 ; 0.00391538 ; 101.506;
7 ; 5 ; 9 ; 0.309269 ; -0.00330252 ; -0.0129501 ; 101.691;
8 ; 5 ; 9 ; 0.298134 ; 0.0147448 ; 0.00207108 ; 100.894;
9 ; 5 ; 9 ; 0.301761 ; -0.0100222 ; 0.0282864 ; 101.402;
10 ; 5 ; 9 ; 0.303426 ; -0.0101059 ; -0.0049447 ; 101.802;
11 ; 5 ; 9 ; 0.305173 ; -0.00381567 ; 0.032737 ; 101.573;
12 ; 5 ; 9 ; 0.2903 ; -0.00898805 ; 0.00406421 ; 101.673;
13 ; 5 ; 9 ; 0.2931 ; -0.00313437 ; 0.0071973 ; 101.285;
14 ; 5 ; 9 ; 0.299524 ; -0.0033398 ; 0.01187 ; 102.272;
15 ; 5 ; 9 ; 0.311228 ; 0.00166994 ; -0.0153478 ; 101.699;
16 ; 5 ; 9 ; 0.298849 ; -0.00588317 ; 0.00368686 ; 101.946;
17 ; 5 ; 9 ; 0.301748 ; 0.00243265 ; -0.0145032 ; 101.377;
18 ; 5 ; 9 ; 0.287043 ; -9.71807e-05 ; -0.00646283 ; 101.229;
19 ; 5 ; 9 ; 0.299081 ; -0.00813651 ; -0.00462303 ; 101.172;
20 ; 5 ; 9 ; 0.293519 ; 0.000858801 ; -0.00601827 ; 101.265;
21 ; 5 ; 9 ; 0.302283 ; 0.0205976 ; -0.00950666 ; 101.357;
4 ; 6 ; 9 ; 0.307878 ; -0.00178097 ; 0.0142357 ; 101.601;
5 ; 6 ; 9 ; 0.293774 ; -0.00243929 ; -0.00470124 ; 102.195;
6 ; 6 ; 9 ; 0.306526 ; -0.00453272 ; 0.000592197 ; 101.496;
7 ; 6 ; 9 ; 0.300723 ; -0.00700913 ; 0.00278236 ; 101.083;
8 ; 6 ; 9 ; 0.305789 ; -0.00466549 ; -0.0139819 ; 101.558;
9 ; 6 ; 9 ; 0.283628 ; 0.00311401 ; 0.0168254 ; 102.044;
10 ; 6 ; 9 ; 0.295557 ; 0.0063137 ; 0.0167857 ; 101.218;
11 ; 6 ; 9 ; 0.293534 ; -0.0138615 ; -0.00867856 ; 102.291;
12 ; 6 ; 9 ; 0.29846 ; -0.00290583 ; 0.0100184 ; 100.591;
13 ; 6 ; 9 ; 0.294211 ; -0.00697734 ; 0.00187013 ; 101.508;
14 ; 6 ; 9 ; 0.288765 ; -0.00707278 ; 0.0200059 ; 101.398;
15 ; 6 ; 9 ; 0.292226 ; 0.00201423 ; -0.00630433 ; 102.209;
16 ; 6 ; 9 ; 0.305374 ; -0.00711184 ; -0.00139612 ; 101.278;
17 ; 6 ; 9 ; 0.298505 ; 0.0049988 ; -0.0232322 ; 101.232;
18 ; 6 ; 9 ; 0.304974 ; 0.0073797 ; 0.000959649 ; 101.979;
19 ; 6 ; 9 ; 0.315637 ; 0.0175209 ; -0.03022 ; 101.458;
20 ; 6 ; 9 ; 0.307734 ; -0.00777961 ; 0.00335171 ; 101.864;
21 ; 6 ; 9 ; 0.301237 ; -0.00975375 ; -0.00918961 ; 101.413;
4 ; 7 ; 9 ; 0.296283 ; -0.0123291 ; 0.0083185 ; 100.879;
5 ; 7 ; 9 ; 0.290808 ; -0.00992753 ; -0.00223232 ; 101.199;
6 ; 7 ; 9 ; 0.30151 ; 0.00857802 ; -0.0102702 ; 101.652;
7 ; 7 ; 9 ; 0.295024 ; 0.00358877 ; -0.00966745 ; 101.606;
8 ; 7 ; 9 ; 0.28773 ; 0.000568066 ; -0.0062568 ; 100.958;
9 ; 7 ; 9 ; 0.277393 ; -0.0151175 ; 0.01065 ; 101.638;
10 ; 7 ; 9 ; 0.292697 ; 0.0150118 ; -0.00973513 ; 102.009;
11 ; 7 ; 9 ; 0.301145 ; 0.0180904 ; 0.00279694 ; 101.147;
12 ; 7 ; 9 ; 0.3096 ; -0.00233934 ; 0.0162257 ; 101.848;
13 ; 7 ; 9 ; 0.286184 ; -0.00946287 ; 0.0180095 ; 101.289;
14 ; 7 ; 9 ; 0.292416 ; -0.0148995 ; -0.00331969 ; 101.936;
15 ; 7 ; 9 ; 0.287414 ; -0.00176057 ; -0.00274799 ; 101.499;
16 ; 7 ; 9 ; 0.290168 ; -0.00335254 ; 0.0112023 ; 101.236;
17 ; 7 ; 9 ; 0.30129 ; -0.00251078 ; 0.0172403 ; 101.498;
18 ; 7 ; 9 ; 0.299867 ; -0.00249276 ; -0.00775993 ; 101.655;
19 ; 7 ; 9 ; 0.29412 ; 0.0181084 ; -0.0203788 ; 101.517;
20 ; 7 ; 9 ; 0.309163 ; 0.00878131 ; -0.0147067 ; 101.186;
21 ; 7 ; 9 ; 0.289799 ; 0.0220633 ; 0.00149409 ; 101.306;
4 ; 8 ; 9 ; 0.278525 ; 0.00813884 ; -0.00115836 ; 101.665;
5 ; 8 ; 9 ; 0.284501 ; -0.00132352 ; -0.0137567 ; 101.547;
6 ; 8 ; 9 ; 0.293924 ; -0.0028209 ; 0.00793015 ; 101.372;
7 ; 8 ; 9 ; 0.296032 ; 0.00966246 ; 0.00399995 ; 100.884;
8 ; 8 ; 9 ; 0.287331 ; -0.00850443 ; -0.0016914 ; 101.697;
9 ; 8 ; 9 ; 0.2882 ; -0.00119474 ; 0.0185191 ; 101.774;
10 ; 8 ; 9 ; 0.303873 ; -0.0188841 ; -0.00970714 ; 101.416;
11 ; 8 ; 9 ; 0.310142 ; 0.00525113 ; 8.30138e-05 ; 101.858;
12 ; 8 ; 9 ; 0.285911 ; 0.0101691 ; -0.00189529 ; 101.427;
13 ; 8 ; 9 ; 0.292162 ; -0.00902423 ; 0.0151104 ; 101.345;
14 ; 8 ; 9 ; 0.289235 ; 0.00539633 ; -0.013288 ; 101.521;
15 ; 8 ; 9 ; 0.278938 ; 0.00322287 ; 0.0144275 ; 101.517;
16 ; 8 ; 9 ; 0.302115 ; -0.00384046 ; 0.00512989 ; 101.175;
17 ; 8 ; 9 ; 0.287042 ; -0.0198701 ; -0.00866579 ; 101.77;
18 ; 8 ; 9 ; 0.304877 ; -0.00770242 ; 0.00804493 ; 101.195;
19 ; 8 ; 9 ; 0.306632 ; -5.87913e-05 ; -0.0202286 ; 101.667;
20 ; 8 ; 9 ; 0.279403 ; -0.000796524 ; -0.0413384 ; 102.14;
21 ; 8 ; 9 ; 0.28162 ; 0.0058945 ; -0.00429531 ; 101.21;
4 ; 9 ; 9 ; 0.3034 ; 0.0105489 ; 0.000278944 ; 101.921;
5 ; 9 ; 9 ; 0.276433 ; 0.000489808 ; -0.00311055 ; 101.717;
6 ; 9 ; 9 ; 0.302724 ; -0.00765956 ; 0.00630125 ; 101.551;
7 ; 9 ; 9 ; 0.294581 ; 0.0146886 ; 0.00336006 ; 101.451;
8 ; 9 ; 9 ; 0.294403 ; -0.00910031 ; 0.0079252 ; 102.204;
9 ; 9 ; 9 ; 0.296262 ; -0.00316628 ; 0.0048717 ; 101.556;
10 ; 9 ; 9 ; 0.308345 ; -0.00605776 ; -0.0200762 ; 101.648;
11 ; 9 ; 9 ; 0.289732 ; -0.00106144 ; -0.000461583 ; 101.885;
12 ; 9 ; 9 ; 0.29457 ; -0.00362305 ; 0.0106029 ; 100.495;
13 ; 9 ; 9 ; 0.29769 ; -0.0066072 ; -0.0201881 ; 101.326;
14 ; 9 ; 9 ; 0.270923 ; -0.0104848 ; -0.00788917 ; 101.66;
15 ; 9 ; 9 ; 0.273721 ; -0.000704355 ; 0.00685686 ; 101.773;
16 ; 9 ; 9 ; 0.291466 ; 0.00498014 ; -0.025043 ; 101.475;
17 ; 9 ; 9 ; 0.29911 ; 0.0214053 ; 0.00771505 ; 101.776;
18 ; 9 ; 9 ; 0.300765 ; -0.000392721 ; -0.00801842 ; 101.495;
19 ; 9 ; 9 ; 0.303856 ; 0.00692078 ; -0.00631083 ; 101.331;
20 ; 9 ; 9 ; 0.308151 ; 0.0111489 ; -0.0214978 ; 101.578;
21 ; 9 ; 9 ; 0.291089 ; 0.0125688 ; -0.0132491 ; 101.647;
4 ; 10 ; 9 ; 0.296612 ; -0.00212885 ; 0.00319925 ; 101.494;
5 ; 10 ; 9 ; 0.298911 ; -0.000805714 ; -0.00828699 ; 101.927;
6 ; 10 ; 9 ; 0.3068 ; -0.00251735 ; 0.00302496 ; 101.12;
7 ; 10 ; 9 ; 0.29821 ; -0.00280632 ; 0.0101887 ; 101.7;
8 ; 10 ; 9 ; 0.301791 ; -0.00306032 ; 0.00137316 ; 101.806;
9 ; 10 ; 9 ; 0.327145 ; 0.0089917 ; -0.00181937 ; 102.082;
10 ; 10 ; 9 ; 0.293439 ; -0.0120728 ; -0.00785189 ; 101.633;
11 ; 10 ; 9 ; 0.280596 ; -0.0101228 ; 0.00463003 ; 101.287;
12 ; 10 ; 9 ; 0.296932 ; 0.0028644 ; -0.022872 ; 101.337;
13 ; 10 ; 9 ; 0.308406 ; 0.00958816 ; 0.0163051 ; 101.409;
14 ; 10 ; 9 ; 0.305963 ; -0.00652536 ; 0.00434968 ; 101.18;
15 ; 10 ; 9 ; 0.296482 ; -0.00396927 ; 0.0024976 ; 101.218;
16 ; 10 ; 9 ; 0.294037 ; 0.00245952 ; 0.00736433 ; 101.396;
17 ; 10 ; 9 ; 0.301537 ; 0.0210064 ; -0.01073 ; 101.862;
18 ; 10 ; 9 ; 0.305368 ; -0.00229896 ; -0.00501509 ; 101.245;
19 ; 10 ; 9 ; 0.293359 ; 0.0094166 ; -0.0160143 ; 102.26;
20 ; 10 ; 9 ; 0.292603 ; 0.0261358 ; -0.0142932 ; 101.54;
21 ; 10 ; 9 ; 0.300489 ; 0.00373156 ; 0.00972854 ; 100.746;
4 ; 11 ; 9 ; 0.307224 ; 0.0258704 ; 0.0034355 ; 101.62;
5 ; 11 ; 9 ; 0.296665 ; 0.0125281 ; 0.00186531 ; 101.407;
6 ; 11 ; 9 ; 0.281578 ; 0.00760953 ; 0.00265013 ; 101.446;
7 ; 11 ; 9 ; 0.291417 ; -0.0128504 ; 0.00409092 ; 101.514;
8 ; 11 ; 9 ; 0.302861 ; -0.00585633 ; 0.0140873 ; 101.605;
9 ; 11 ; 9 ; 0.303553 ; 0.00738326 ; 0.0058302 ; 101.921;
10 ; 11 ; 9 ; 0.2852 ; -0.0214629 ; -0.00505962 ; 101.519;
11 ; 11 ; 9 ; 0.310715 ; 0.013299 ; -0.0144328 ; 101.42;
12 ; 11 ; 9 ; 0.309047 ; 0.0040607 ; 0.00888229 ; 101.733;
13 ; 11 ; 9 ; 0.280119 ; -0.00527309 ; -0.0108207 ; 101.083;
14 ; 11 ; 9 ; 0.298811 ; -0.00778696 ; -0.013154 ; 101.379;
15 ; 11 ; 9 ; 0.302185 ; -0.0203308 ; 0.00640909 ; 101.446;
16 ; 11 ; 9 ; 0.287714 ; -0.00230528 ; -0.0179312 ; 101.593;
17 ; 11 ; 9 ; 0.298005 ; 0.0170775 ; -0.00750264 ; 101.861;
18 ; 11 ; 9 ; 0.314089 ; 0.00951061 ; 0.00813962 ; 102.065;
19 ; 11 ; 9 ; 0.300959 ; 0.0108673 ; -0.00635244 ; 101.572;
20 ; 11 ; 9 ; 0.312146 ; 0.00814531 ; -0.0114344 ; 101.448;
21 ; 11 ; 9 ; 0.315537 ; 0.00424232 ; -0.0126674 ; 101.208;
4 ; 12 ; 9 ; 0.292404 ; 0.0204169 ; -0.0262257 ; 101.345;
5 ; 12 ; 9 ; 0.295158 ; 0.00171723 ; 0.000263624 ; 101.495;
6 ; 12 ; 9 ; 0.301983 ; -0.00522816 ; 0.000264081 ; 101.227;
7 ; 12 ; 9 ; 0.288722 ; 0.017317 ; 0.0045448 ; 101.592;
8 ; 12 ; 9 ; 0.293257 ; 0.0135803 ; -0.000516749 ; 101.896;
9 ; 12 ; 9 ; 0.299158 ; 0.0131369 ; 0.0240896 ; 102.038;
10 ; 12 ; 9 ; 0.286483 ; 0.00777253 ; -0.0193331 ; 101.514;
11 ; 12 ; 9 ; 0.296039 ; 0.00287732 ; -0.00966913 ; 101.779;
12 ; 12 ; 9 ; 0.288564 ; 0.000907833 ; 0.00589517 ; 100.625;
13 ; 12 ; 9 ; 0.288353 ; 0.0209093 ; -0.00414872 ; 101.152;
14 ; 12 ; 9 ; 0.296949 ; -0.00360222 ; 0.00624104 ; 101.306;
15 ; 12 ; 9 ; 0.288139 ; 0.0144041 ; 0.0059485 ; 101.132;
16 ; 12 ; 9 ; 0.281884 ; -0.000972251 ; -0.0122313 ; 101.478;
17 ; 12 ; 9 ; 0.286781 ; 0.0178008 ; -0.010393 ; 101.648;
18 ; 12 ; 9 ; 0.282461 ; 0.00870007 ; -0.00865446 ; 101.715;
19 ; 12 ; 9 ; 0.310026 ; 0.00322732 ; -0.00103668 ; 101.587;
20 ; 12 ; 9 ; 0.302596 ; -0.00937236 ; -0.00471052 ; 101.303;
21 ; 12 ; 9 ; 0.285992 ; -0.00244054 ; 0.00467054 ; 101.273;
4 ; 13 ; 9 ; 0.32406 ; -0.0118979 ; 0.00278307 ; 101.482;
5 ; 13 ; 9 ; 0.303324 ; -0.0210149 ; -0.0168616 ; 101.121;
6 ; 13 ; 9 ; 0.299976 ; -0.00181797 ; -0.00168458 ; 101.629;
7 ; 13 ; 9 ; 0.31016 ; 0.00937261 ; -0.00204884 ; 101.27;
8 ; 13 ; 9 ; 0.290219 ; 0.00733191 ; 0.00461508 ; 101.253;
9 ; 13 ; 9 ; 0.300752 ; -0.0121983 ; 0.00714628 ; 102.199;
10 ; 13 ; 9 ; 0.284362 ; -0.00196241 ; -0.0148853 ; 101.402;
11 ; 13 ; 9 ; 0.306347 ; 0.0142982 ; 0.00921173 ; 100.614;
12 ; 13 ; 9 ; 0.289133 ; -0.00797374 ; 0.000228163 ; 101.938;
13 ; 13 ; 9 ; 0.289086 ; 0.00278979 ; 0.00715203 ; 101.381;
14 ; 13 ; 9 ; 0.304277 ; -0.00574396 ; -0.0117129 ; 101.56;
15 ; 13 ; 9 ; 0.292311 ; 0.00256403 ; 9.45287e-05 ; 101.873;
16 ; 13 ; 9 ; 0.291756 ; -0.0242726 ; -0.010332 ; 102.331;
17 ; 13 ; 9 ; 0.301945 ; -0.0047698 ; 0.00322614 ; 101.702;
18 ; 13 ; 9 ; 0.316757 ; 0.00394558 ; -0.00879195 ; 101.694;
19 ; 13 ; 9 ; 0.28878 ; -0.00468046 ; -0.00576007 ; 101.284;
20 ; 13 ; 9 ; 0.296021 ; 0.00943412 ; -0.00208362 ; 101.413;
21 ; 13 ; 9 ; 0.298548 ; -0.000440076 ; -0.00301197 ; 101.371;
4 ; 14 ; 9 ; 0.303883 ; -0.0179597 ; -0.0073016 ; 101.513;
5 ; 14 ; 9 ; 0.28548 ; -0.0112848 ; 0.00589314 ; 101.519;
6 ; 14 ; 9 ; 0.286731 ; -0.0162082 ; 0.0103797 ; 101.78;
7 ; 14 ; 9 ; 0.298458 ; 0.0150922 ; 0.00254731 ; 102.148;
8 ; 14 ; 9 ; 0.305063 ; 0.00812368 ; -8.88257e-06 ; 101.087;
9 ; 14 ; 9 ; 0.283529 ; -0.0100432 ; 0.00921098 ; 101.598;
10 ; 14 ; 9 ; 0.284319 ; -0.000278721 ; 0.00569586 ; 101.528;
11 ; 14 ; 9 ; 0.29601 ; 0.0157606 ; 0.0147879 ; 101.551;
12 ; 14 ; 9 ; 0.315501 ; -0.0120282 ; 0.000357572 ; 101.068;
13 ; 14 ; 9 ; 0.311644 ; 0.0036892 ; -0.0185038 ; 100.794;
14 ; 14 ; 9 ; 0.306689 ; 0.0174437 ; -0.00162069 ; 101.301;
15 ; 14 ; 9 ; 0.30343 ; -0.00460988 ; -0.0224888 ; 101.554;
16 ; 14 ; 9 ; 0.301414 ; -0.0182647 ; 0.00740007 ; 101.486;
17 ; 14 ; 9 ; 0.292197 ; 0.00198227 ; 0.0153486 ; 101.581;
18 ; 14 ; 9 ; 0.322973 ; 0.00264957 ; -0.00418298 ; 101.6;
19 ; 14 ; 9 ; 0.287271 ; 0.00438636 ; -0.00802774 ; 101.297;
20 ; 14 ; 9 ; 0.294744 ; 0.000718065 ; -0.0196272 ; 101.481;
21 ; 14 ; 9 ; 0.292542 ; -0.00537355 ; -0.0125571 ; 102.058;
4 ; 15 ; 9 ; 0.305642 ; -0.00738534 ; 0.0162194 ; 101.481;
5 ; 15 ; 9 ; 0.296214 ; -0.00890217 ; -0.00307501 ; 101.373;
6 ; 15 ; 9 ; 0.310577 ; -0.00535172 ; 0.0072775 ; 101.753;
7 ; 15 ; 9 ; 0.304904 ; -0.00626491 ; 0.0171565 ; 101.906;
8 ; 15 ; 9 ; 0.292549 ; -0.00292567 ; 0.00994904 ; 101.086;
9 ; 15 ; 9 ; 0.298729 ; -0.00557268 ; 0.00133737 ; 101.384;
10 ; 15 ; 9 ; 0.283626 ; 0.0182812 ; 0.0254127 ; 102.156;
11 ; 15 ; 9 ; 0.2776 ; 0.0160652 ; 0.00161577 ; 101.489;
12 ; 15 ; 9 ; 0.295337 ; -0.00720694 ; 0.0112985 ; 101.654;
13 ; 15 ; 9 ; 0.273775 ; -0.00346114 ; 0.00278962 ; 101.511;
14 ; 15 ; 9 ; 0.284334 ; -0.0105911 ; -0.0107567 ; 101.804;
15 ; 15 ; 9 ; 0.293544 ; 0.00888225 ; -0.00316318 ; 100.454;
16 ; 15 ; 9 ; 0.295761 ; -0.00714395 ; -0.0205783 ; 102.338;
17 ; 15 ; 9 ; 0.29561 ; 0.00592283 ; -0.0122284 ; 101.659;
18 ; 15 ; 9 ; 0.284436 ; -0.0114858 ; -0.0140685 ; 101.275;
19 ; 15 ; 9 ; 0.300867 ; 0.00905653 ; -0.0331472 ; 101.501;
20 ; 15 ; 9 ; 0.328779 ; 0.00853947 ; -0.0157302 ; 101.298;
21 ; 15 ; 9 ; 0.309562 ; 0.0044007 ; -0.0142239 ; 101.603;
4 ; 16 ; 9 ; 0.288118 ; 0.00879517 ; -0.017587 ; 101.537;
5 ; 16 ; 9 ; 0.31454 ; 0.0143489 ; -0.00280019 ; 101.71;
6 ; 16 ; 9 ; 0.286895 ; 0.00350095 ; -0.00152951 ; 101.306;
7 ; 16 ; 9 ; 0.30386 ; 0.0033637 ; 0.018031 ; 101.081;
8 ; 16 ; 9 ; 0.284373 ; -0.00112673 ; 0.0124209 ; 101.746;
9 ; 16 ; 9 ; 0.301169 ; -0.00203721 ; -0.0116253 ; 100.855;
10 ; 16 ; 9 ; 0.295835 ; -0.015695 ; 0.0161835 ; 101.963;
11 ; 16 ; 9 ; 0.286866 ; 0.00535343 ; -0.00699986 ; 101.696;
12 ; 16 ; 9 ; 0.276419 ; -0.0172295 ; 0.0206879 ; 100.885;
13 ; 16 ; 9 ; 0.288414 ; 0.00473272 ; 0.00363672 ; 101.589;
14 ; 16 ; 9 ; 0.293789 ; -0.0122318 ; 0.00485553 ; 101.251;
15 ; 16 ; 9 ; 0.306999 ; 0.00741651 ; 0.00251938 ; 101.44;
16 ; 16 ; 9 ; 0.292331 ; -0.00258439 ; 0.00307415 ; 101.738;
17 ; 16 ; 9 ; 0.297297 ; -0.00584539 ; 0.00679019 ; 101.468;
18 ; 16 ; 9 ; 0.314742 ; 0.00756677 ; -0.00789278 ; 101.797;
19 ; 16 ; 9 ; 0.308867 ; -0.0102591 ; -0.00665371 ; 101.151;
20 ; 16 ; 9 ; 0.289656 ; 0.0204575 ; -0.00245319 ; 101.387;
21 ; 16 ; 9 ; 0.316294 ; 0.00651975 ; -0.00211257 ; 101.042;
4 ; 17 ; 9 ; 0.293312 ; -0.00255914 ; 0.0112967 ; 101.886;
5 ; 17 ; 9 ; 0.316637 ; 0.0257623 ; -0.00441746 ; 101.898;
6 ; 17 ; 9 ; 0.318571 ; 0.0124943 ; -0.0123383 ; 101.913;
7 ; 17 ; 9 ; 0.291305 ; -0.00147214 ; 0.00898141 ; 102.055;
8 ; 17 ; 9 ; 0.300719 ; -0.00954485 ; -0.00302012 ; 101.386;
9 ; 17 ; 9 ; 0.303542 ; 0.0050673 ; 0.00434949 ; 101.563;
10 ; 17 ; 9 ; 0.291498 ; -0.0119424 ; -0.00424814 ; 101.713;
11 ; 17 ; 9 ; 0.299085 ; 0.0125132 ; 0.0291698 ; 101.344;
12 ; 17 ; 9 ; 0.276889 ; 0.00876197 ; 0.00299122 ; 100.926;
13 ; 17 ; 9 ; 0.293308 ; -0.0114079 ; 0.00917372 ; 101.161;
14 ; 17 ; 9 ; 0.285912 ; -0.0107218 ; 0.000600927 ; 101.943;
15 ; 17 ; 9 ; 0.30698 ; 0.018773 ; 0.000740302 ; 102.011;
16 ; 17 ; 9 ; 0.297107 ; 0.0141758 ; -0.0115414 ; 102.284;
17 ; 17 ; 9 ; 0.295346 ; -0.00740247 ; -0.00484691 ; 101.128;
18 ; 17 ; 9 ; 0.2771 ; 0.00339359 ; -0.00481257 ; 102.279;
19 ; 17 ; 9 ; 0.289607 ; -0.00954626 ; 0.00333795 ; 101.546;
20 ; 17 ; 9 ; 0.290989 ; 0.0131747 ; -0.0265522 ; 101.705;
21 ; 17 ; 9 ; 0.306856 ; 0.00192565 ; 0.00181806 ; 101.532;
4 ; 18 ; 9 ; 0.303822 ; 0.00661369 ; 0.0015452 ; 100.894;
5 ; 18 ; 9 ; 0.309175 ; 0.00412831 ; 0.00318058 ; 100.694;
6 ; 18 ; 9 ; 0.285617 ; -0.00371288 ; -0.00186879 ; 101.048;
7 ; 18 ; 9 ; 0.310354 ; -0.000788572 ; 0.00928623 ; 101.887;
8 ; 18 ; 9 ; 0.315456 ; -0.00126773 ; 0.0110429 ; 101.371;
9 ; 18 ; 9 ; 0.292349 ; 0.00547917 ; -0.00825419 ; 100.979;
10 ; 18 ; 9 ; 0.293473 ; -0.0175967 ; -0.00120733 ; 102.082;
11 ; 18 ; 9 ; 0.298161 ; 0.00144226 ; 0.0120662 ; 101.411;
12 ; 18 ; 9 ; 0.30789 ; -0.00826533 ; 0.00496341 ; 101.296;
13 ; 18 ; 9 ; 0.298952 ; 0.00588893 ; -0.00890121 ; 101.375;
14 ; 18 ; 9 ; 0.303894 ; -0.00613571 ; -0.0107777 ; 102.311;
15 ; 18 ; 9 ; 0.301184 ; 0.0125626 ; 0.00224274 ; 102.019;
16 ; 18 ; 9 ; 0.308868 ; 0.00646989 ; 0.0068075 ; 101.02;
17 ; 18 ; 9 ; 0.283959 ; -0.00348314 ; -0.0061746 ; 101.576;
18 ; 18 ; 9 ; 0.312539 ; 0.00907717 ; -0.00305921 ; 101.201;
19 ; 18 ; 9 ; 0.287569 ; -0.00304928 ; -0.0215137 ; 101.175;
20 ; 18 ; 9 ; 0.317091 ; 0.0106643 ; 0.00337126 ; 101.467;
21 ; 18 ; 9 ; 0.309478 ; 0.0123716 ; -0.00736336 ; 101.22;
4 ; 19 ; 9 ; 0.313511 ; 0.00843032 ; 0.014159 ; 101.709;
5 ; 19 ; 9 ; 0.291697 ; 0.0141236 ; 0.00695845 ; 101.594;
6 ; 19 ; 9 ; 0.301183 ; 0.0087097 ; 0.00375538 ; 101.485;
7 ; 19 ; 9 ; 0.299954 ; -0.00511246 ; 0.0198282 ; 101.899;
8 ; 19 ; 9 ; 0.299649 ; 0.0121391 ; 0.0196544 ; 102.109;
9 ; 19 ; 9 ; 0.294166 ; 0.0111998 ; 0.0110881 ; 102.141;
10 ; 19 ; 9 ; 0.316189 ; -0.0194119 ; 0.017864 ; 101.214;
11 ; 19 ; 9 ; 0.298358 ; 0.00319991 ; -0.00768205 ; 101.566;
12 ; 19 ; 9 ; 0.293044 ; 0.00194791 ; -0.00985096 ; 101.698;
13 ; 19 ; 9 ; 0.295424 ; 0.00881806 ; -0.00122937 ; 101.689;
14 ; 19 ; 9 ; 0.295885 ; 0.00725279 ; -0.000590577 ; 101.372;
15 ; 19 ; 9 ; 0.29497 ; 0.00299121 ; -0.00705309 ; 101.777;
16 ; 19 ; 9 ; 0.301905 ; 0.00260726 ; -0.00290481 ; 101.07;
17 ; 19 ; 9 ; 0.312829 ; 0.00418383 ; -0.0077135 ; 101.063;
18 ; 19 ; 9 ; 0.331363 ; -0.00260978 ; -0.0122358 ; 101.753;
19 ; 19 ; 9 ; 0.309585 ; -0.022949 ; -0.0161037 ; 101.618;
20 ; 19 ; 9 ; 0.31747 ; 0.00729867 ; 0.0238466 ; 101.688;
21 ; 19 ; 9 ; 0.307769 ; 0.00819787 ; -0.0252818 ; 101.394;
4 ; 20 ; 9 ; 0.3092 ; 0.0151317 ; -0.00216891 ; 100.788;
5 ; 20 ; 9 ; 0.302401 ; 0.00803642 ; 0.00945102 ; 101.068;
6 ; 20 ; 9 ; 0.282727 ; 0.00567814 ; 0.00453332 ; 100.955;
7 ; 20 ; 9 ; 0.305371 ; -0.0189823 ; -0.011068 ; 101.447;
8 ; 20 ; 9 ; 0.306585 ; -0.0211249 ; -0.00948294 ; 100.925;
9 ; 20 ; 9 ; 0.288447 ; 0.0067139 ; -0.00112566 ; 101.3;
10 ; 20 ; 9 ; 0.309633 ; -0.000226088 ; 0.00111305 ; 101.55;
11 ; 20 ; 9 ; 0.296391 ; 0.00359069 ; 0.0107486 ; 101.881;
12 ; 20 ; 9 ; 0.288386 ; 0.0211925 ; -0.00285994 ; 101.518;
13 ; 20 ; 9 ; 0.291607 ; 0.00131856 ; -0.0001984 ; 101.374;
14 ; 20 ; 9 ; 0.306041 ; 0.00634474 ; -0.0131077 ; 102.37;
15 ; 20 ; 9 ; 0.305823 ; -0.00066476 ; -0.0147241 ; 101.758;
16 ; 20 ; 9 ; 0.306881 ; 0.010832 ; 0.00463821 ; 101.052;
17 ; 20 ; 9 ; 0.294091 ; 0.00513887 ; 0.00153568 ; 101.606;
18 ; 20 ; 9 ; 0.298548 ; 0.00150095 ; -0.0116616 ; 101.411;
19 ; 20 ; 9 ; 0.29964 ; 0.00963337 ; -0.0100649 ; 101.988;
20 ; 20 ; 9 ; 0.291463 ; 0.00507984 ; -0.015224 ; 101.87;
21 ; 20 ; 9 ; 0.289933 ; -0.0102412 ; 0.0119943 ; 101.301;
4 ; 21 ; 9 ; 0.311905 ; -0.0140439 ; 0.0234198 ; 101.521;
5 ; 21 ; 9 ; 0.29148 ; 0.0129515 ; -0.00198573 ; 101.549;
6 ; 21 ; 9 ; 0.298822 ; 0.0142721 ; -0.00640429 ; 101.89;
7 ; 21 ; 9 ; 0.306417 ; 0.00292872 ; 0.000860077 ; 101.89;
8 ; 21 ; 9 ; 0.307118 ; 0.00888669 ; -0.0166827 ; 101.783;
9 ; 21 ; 9 ; 0.301869 ; -0.00809926 ; -0.00711113 ; 101.618;
10 ; 21 ; 9 ; 0.292154 ; -0.0178151 ; 0.00278988 ; 101.085;
11 ; 21 ; 9 ; 0.309034 ; -0.0103145 ; -0.011585 ; 101.858;
12 ; 21 ; 9 ; 0.306276 ; 0.00431764 ; 0.0151813 ; 101.887;
13 ; 21 ; 9 ; 0.294109 ; 0.00455779 ; -0.00250841 ; 101.755;
14 ; 21 ; 9 ; 0.2901 ; -4.76691e-06 ; 0.00283731 ; 101.384;
15 ; 21 ; 9 ; 0.29831 ; 0.0144423 ; 0.0172619 ; 101.573;
16 ; 21 ; 9 ; 0.292597 ; -0.010819 ; -0.00916965 ; 101.909;
17 ; 21 ; 9 ; 0.30308 ; -0.0040297 ; -0.00505505 ; 101.046;
18 ; 21 ; 9 ; 0.294105 ; 0.00981671 ; -0.0101042 ; 101.738;
19 ; 21 ; 9 ; 0.283327 ; 0.00404194 ; 0.00193647 ; 100.845;
20 ; 21 ; 9 ; 0.276339 ; -0.02494 ; 0.00321367 ; 101.486;
21 ; 21 ; 9 ; 0.314314 ; -0.0164665 ; 0.00887963 ; 101.778;
4 ; 4 ; 10 ; 0.216263 ; 0.00229176 ; 0.00291393 ; 101.022;
5 ; 4 ; 10 ; 0.237974 ; -0.00123351 ; -0.00798135 ; 101.736;
6 ; 4 ; 10 ; 0.244766 ; 0.0184886 ; -0.00160027 ; 101.622;
7 ; 4 ; 10 ; 0.224467 ; 0.0246551 ; -0.00557961 ; 101.677;
8 ; 4 ; 10 ; 0.233929 ; 0.000692812 ; -0.00329806 ; 101.337;
9 ; 4 ; 10 ; 0.226485 ; -0.0069059 ; -0.0153994 ; 101.717;
10 ; 4 ; 10 ; 0.231325 ; -0.00876588 ; 0.00241674 ; 101.547;
11 ; 4 ; 10 ; 0.244376 ; 0.0197498 ; -0.000807057 ; 101.474;
12 ; 4 ; 10 ; 0.238194 ; 0.00245625 ; 0.000381198 ; 101.555;
13 ; 4 ; 10 ; 0.235955 ; -0.0128682 ; 0.0139625 ; 101.401;
14 ; 4 ; 10 ; 0.23295 ; -0.00320096 ; 0.00349091 ; 101.045;
15 ; 4 ; 10 ; 0.229798 ; -0.00291229 ; -0.00122355 ; 101.278;
16 ; 4 ; 10 ; 0.229526 ; -0.005507 ; 0.00517969 ; 101.608;
17 ; 4 ; 10 ; 0.230583 ; -0.00605996 ; -0.00753051 ; 101.476;
18 ; 4 ; 10 ; 0.229431 ; -0.0100521 ; -0.0122213 ; 101.771;
19 ; 4 ; 10 ; 0.238682 ; 0.00415544 ; 0.00721951 ; 101.418;
20 ; 4 ; 10 ; 0.236438 ; -0.0108207 ; 0.00399923 ; 101.335;
21 ; 4 ; 10 ; 0.23958 ; -0.000209069 ; -0.00261119 ; 101.281;
4 ; 5 ; 10 ; 0.237145 ; -0.000954892 ; 0.00744258 ; 101.624;
5 ; 5 ; 10 ; 0.243444 ; -0.0152866 ; 0.0153909 ; 101.86;
6 ; 5 ; 10 ; 0.236049 ; 0.00024387 ; 0.00852402 ; 101.44;
7 ; 5 ; 10 ; 0.246647 ; -0.0104447 ; -0.0106125 ; 101.487;
8 ; 5 ; 10 ; 0.220678 ; 0.0045432 ; -0.0031965 ; 101.713;
9 ; 5 ; 10 ; 0.236255 ; 0.00349272 ; -0.00195156 ; 101.463;
10 ; 5 ; 10 ; 0.242445 ; 0.0245766 ; -0.00323541 ; 101.224;
11 ; 5 ; 10 ; 0.236775 ; -0.00745881 ; 0.000927065 ; 101.105;
12 ; 5 ; 10 ; 0.218775 ; 0.0217837 ; -0.00109066 ; 101.706;
13 ; 5 ; 10 ; 0.216707 ; -0.0138746 ; 0.0164911 ; 100.957;
14 ; 5 ; 10 ; 0.233802 ; -0.00564738 ; 0.000227811 ; 101.335;
15 ; 5 ; 10 ; 0.245696 ; -0.00149401 ; -9.15359e-05 ; 101.895;
16 ; 5 ; 10 ; 0.22919 ; 0.000353584 ; 0.0104109 ; 101.286;
17 ; 5 ; 10 ; 0.233214 ; -0.00115355 ; -0.0183207 ; 101.453;
18 ; 5 ; 10 ; 0.243711 ; 0.0167031 ; 0.00548976 ; 101.358;
19 ; 5 ; 10 ; 0.26253 ; -0.00228914 ; -0.0166755 ; 101.366;
20 ; 5 ; 10 ; 0.243013 ; 0.0165186 ; -0.0165046 ; 101.104;
21 ; 5 ; 10 ; 0.22408 ; 0.0111342 ; -0.0159397 ; 101.034;
4 ; 6 ; 10 ; 0.23144 ; -0.00213478 ; 0.0403157 ; 101.46;
5 ; 6 ; 10 ; 0.218251 ; 0.00897601 ; 0.00635669 ; 100.853;
6 ; 6 ; 10 ; 0.244964 ; 0.0068273 ; -0.0158662 ; 101.53;
7 ; 6 ; 10 ; 0.246978 ; 0.0130307 ; 0.0174686 ; 100.952;
8 ; 6 ; 10 ; 0.219417 ; 0.00186982 ; -0.0130802 ; 101.255;
9 ; 6 ; 10 ; 0.235881 ; 0.00132861 ; 0.0170494 ; 101.517;
10 ; 6 ; 10 ; 0.228131 ; 0.0124464 ; 0.0204118 ; 101.778;
11 ; 6 ; 10 ; 0.219869 ; -0.019874 ; -0.0165429 ; 101.22;
12 ; 6 ; 10 ; 0.237403 ; 0.0048365 ; -0.00218357 ; 101.21;
13 ; 6 ; 10 ; 0.241561 ; 0.00847863 ; -0.00705354 ; 101.357;
14 ; 6 ; 10 ; 0.237534 ; 0.00365133 ; 0.0156107 ; 101.294;
15 ; 6 ; 10 ; 0.231355 ; 0.000347192 ; -0.0103097 ; 100.923;
16 ; 6 ; 10 ; 0.25042 ; 0.00439099 ; 0.0115167 ; 101.565;
17 ; 6 ; 10 ; 0.255677 ; -0.0156824 ; -0.00508119 ; 101.284;
18 ; 6 ; 10 ; 0.232023 ; 0.0118829 ; -0.00364992 ; 101.884;
19 ; 6 ; 10 ; 0.231077 ; -0.00706633 ; -0.0224004 ; 101.757;
20 ; 6 ; 10 ; 0.220116 ; 0.0211907 ; -0.0236661 ; 101.582;
21 ; 6 ; 10 ; 0.226556 ; 0.0178741 ; -6.47022e-05 ; 101.394;
4 ; 7 ; 10 ; 0.231718 ; -0.00439135 ; 0.0142049 ; 101.482;
5 ; 7 ; 10 ; 0.235761 ; -0.00208829 ; 0.00885089 ; 101.684;
6 ; 7 ; 10 ; 0.230018 ; 0.006766 ; 0.0041784 ; 101.678;
7 ; 7 ; 10 ; 0.236728 ; -0.0011274 ; -0.00377096 ; 101.831;
8 ; 7 ; 10 ; 0.234873 ; -0.00336749 ; -0.00224444 ; 101.691;
9 ; 7 ; 10 ; 0.225324 ; 0.000747431 ; 0.015823 ; 101.694;
10 ; 7 ; 10 ; 0.235329 ; 0.0186409 ; 0.00702242 ; 101.287;
11 ; 7 ; 10 ; 0.224325 ; -0.011742 ; -0.0079327 ; 101.958;
12 ; 7 ; 10 ; 0.231205 ; 0.00322992 ; -0.0091888 ; 101.694;
13 ; 7 ; 10 ; 0.237859 ; 0.0109377 ; 0.00146987 ; 101.714;
14 ; 7 ; 10 ; 0.234374 ; 0.00840886 ; 0.006227 ; 101.429;
15 ; 7 ; 10 ; 0.240661 ; 0.013634 ; 0.0116656 ; 101.637;
16 ; 7 ; 10 ; 0.226311 ; 0.00129932 ; -0.010619 ; 101.342;
17 ; 7 ; 10 ; 0.229653 ; 0.00394795 ; 0.0151676 ; 100.44;
18 ; 7 ; 10 ; 0.253509 ; 0.0128214 ; 0.000152996 ; 101.555;
19 ; 7 ; 10 ; 0.234028 ; 0.000441936 ; 0.011227 ; 101.248;
20 ; 7 ; 10 ; 0.234039 ; -0.00676794 ; -0.00643307 ; 101.683;
21 ; 7 ; 10 ; 0.244703 ; 0.00653627 ; -0.00996749 ; 102.066;
4 ; 8 ; 10 ; 0.21628 ; 0.00255118 ; 0.00987416 ; 101.606;
5 ; 8 ; 10 ; 0.236413 ; -0.010487 ; 0.00264105 ; 101.545;
6 ; 8 ; 10 ; 0.2163 ; 0.00639714 ; -0.00164498 ; 101.387;
7 ; 8 ; 10 ; 0.250854 ; 0.0054782 ; -0.00265661 ; 101.142;
8 ; 8 ; 10 ; 0.236212 ; -0.0093963 ; 0.00583883 ; 101.516;
9 ; 8 ; 10 ; 0.239469 ; -0.0128778 ; 0.00421567 ; 101.594;
10 ; 8 ; 10 ; 0.23025 ; -0.0136206 ; -0.00190093 ; 101.038;
11 ; 8 ; 10 ; 0.225918 ; -0.0164448 ; -0.0041864 ; 101.249;
12 ; 8 ; 10 ; 0.222553 ; 0.000875608 ; 0.000634773 ; 101.237;
13 ; 8 ; 10 ; 0.223561 ; 0.00858867 ; -0.000918822 ; 101.572;
14 ; 8 ; 10 ; 0.210105 ; -0.00180411 ; 0.00901347 ; 101.557;
15 ; 8 ; 10 ; 0.222795 ; -0.000711473 ; -0.0116338 ; 102.176;
16 ; 8 ; 10 ; 0.251975 ; -0.0106374 ; -0.000656327 ; 101.689;
17 ; 8 ; 10 ; 0.241418 ; 0.0032748 ; 0.0136867 ; 100.821;
18 ; 8 ; 10 ; 0.214873 ; 0.00506746 ; -0.00176221 ; 102.68;
19 ; 8 ; 10 ; 0.242071 ; 0.00774458 ; 0.00368503 ; 101.444;
20 ; 8 ; 10 ; 0.230356 ; -0.0279617 ; -0.00560146 ; 101.555;
21 ; 8 ; 10 ; 0.231479 ; 0.020334 ; -0.00421696 ; 101.866;
4 ; 9 ; 10 ; 0.249716 ; 0.00632155 ; 0.00688381 ; 101.492;
5 ; 9 ; 10 ; 0.22485 ; -0.0136206 ; -0.00606859 ; 101.132;
6 ; 9 ; 10 ; 0.228446 ; -0.0121936 ; -0.00497195 ; 101.717;
7 ; 9 ; 10 ; 0.206417 ; 0.0131731 ; 0.00964766 ; 102.385;
8 ; 9 ; 10 ; 0.230277 ; 0.00773889 ; 0.0146608 ; 100.969;
9 ; 9 ; 10 ; 0.240908 ; 0.0101481 ; -0.00387019 ; 101.641;
10 ; 9 ; 10 ; 0.238889 ; -0.00816964 ; -0.0107282 ; 100.801;
11 ; 9 ; 10 ; 0.242484 ; -0.016817 ; 0.000635976 ; 102.101;
12 ; 9 ; 10 ; 0.233249 ; 0.00364856 ; 0.0149225 ; 101.088;
13 ; 9 ; 10 ; 0.241138 ; 0.0203989 ; -0.00467668 ; 101.504;
14 ; 9 ; 10 ; 0.20966 ; 0.019223 ; 0.00144025 ; 101.983;
15 ; 9 ; 10 ; 0.229096 ; -0.00498627 ; 0.00346347 ; 101.308;
16 ; 9 ; 10 ; 0.217819 ; -0.00724599 ; -0.00346905 ; 101.444;
17 ; 9 ; 10 ; 0.227378 ; 0.00137408 ; -0.00999459 ; 100.943;
18 ; 9 ; 10 ; 0.241242 ; 0.00629334 ; -0.0299115 ; 101.598;
19 ; 9 ; 10 ; 0.234615 ; 0.0067022 ; 0.00610811 ; 101.709;
20 ; 9 ; 10 ; 0.252261 ; -0.012124 ; 0.00765944 ; 101.813;
21 ; 9 ; 10 ; 0.249762 ; 0.00040311 ; 0.00996485 ; 101.54;
4 ; 10 ; 10 ; 0.225605 ; -0.0164355 ; -0.000706013 ; 101.881;
5 ; 10 ; 10 ; 0.231694 ; 0.0167065 ; 0.00296868 ; 101.536;
6 ; 10 ; 10 ; 0.225256 ; 0.0100543 ; 0.00849024 ; 101.562;
7 ; 10 ; 10 ; 0.239811 ; -0.00131639 ; 0.00514523 ; 100.636;
8 ; 10 ; 10 ; 0.238961 ; -0.0125873 ; 9.95791e-05 ; 101.895;
9 ; 10 ; 10 ; 0.228753 ; 0.000958871 ; 7.2645e-05 ; 100.805;
10 ; 10 ; 10 ; 0.222821 ; 0.000599137 ; -0.0130648 ; 101.947;
11 ; 10 ; 10 ; 0.242298 ; -0.0080782 ; -0.0169776 ; 101.266;
12 ; 10 ; 10 ; 0.241745 ; -0.0100252 ; 0.00295376 ; 101.351;
13 ; 10 ; 10 ; 0.24199 ; -0.0135953 ; 0.00214043 ; 101.289;
14 ; 10 ; 10 ; 0.248175 ; 0.00543838 ; -0.00578409 ; 101.714;
15 ; 10 ; 10 ; 0.247123 ; -0.00425618 ; 0.00828569 ; 101.571;
16 ; 10 ; 10 ; 0.217122 ; -0.0282052 ; 0.001403 ; 101.865;
17 ; 10 ; 10 ; 0.215793 ; 0.00625913 ; -0.0208166 ; 101.606;
18 ; 10 ; 10 ; 0.241931 ; -0.0178495 ; -0.0163612 ; 101.222;
19 ; 10 ; 10 ; 0.257707 ; 0.00739228 ; 0.00160464 ; 101.252;
20 ; 10 ; 10 ; 0.247665 ; -0.00215746 ; -0.00706897 ; 101.501;
21 ; 10 ; 10 ; 0.232222 ; 0.00860729 ; -0.0132552 ; 101.318;
4 ; 11 ; 10 ; 0.221333 ; -0.00143657 ; 0.0130555 ; 101.862;
5 ; 11 ; 10 ; 0.215535 ; 0.00586803 ; 0.00164139 ; 101.017;
6 ; 11 ; 10 ; 0.240208 ; -6.87487e-05 ; 0.00305052 ; 101.773;
7 ; 11 ; 10 ; 0.225676 ; -0.0112885 ; 0.0185934 ; 101.974;
8 ; 11 ; 10 ; 0.237308 ; 0.000751195 ; 0.0146399 ; 101.539;
9 ; 11 ; 10 ; 0.224691 ; 0.0113317 ; 0.00203347 ; 101.888;
10 ; 11 ; 10 ; 0.229978 ; 0.0108462 ; 0.000363865 ; 101.902;
11 ; 11 ; 10 ; 0.229137 ; -0.0109076 ; 0.00296803 ; 101.524;
12 ; 11 ; 10 ; 0.24615 ; -0.0127095 ; -0.0102466 ; 101.709;
13 ; 11 ; 10 ; 0.222391 ; 0.00168062 ; -0.00644809 ; 102.272;
14 ; 11 ; 10 ; 0.243497 ; 0.0277785 ; 0.00778745 ; 100.711;
15 ; 11 ; 10 ; 0.250052 ; 0.0117914 ; -0.0169546 ; 101.327;
16 ; 11 ; 10 ; 0.236505 ; 0.00883569 ; -0.00881067 ; 101.71;
17 ; 11 ; 10 ; 0.234405 ; 0.00649409 ; 0.00100556 ; 101.642;
18 ; 11 ; 10 ; 0.219422 ; -0.00344142 ; -0.00253698 ; 101.619;
19 ; 11 ; 10 ; 0.231621 ; -0.00900819 ; -0.0163307 ; 102.004;
20 ; 11 ; 10 ; 0.248469 ; -0.00763889 ; -0.00204181 ; 100.804;
21 ; 11 ; 10 ; 0.259121 ; -0.0193483 ; -0.00739716 ; 101.437;
4 ; 12 ; 10 ; 0.239721 ; -0.00674844 ; 0.00891137 ; 101.252;
5 ; 12 ; 10 ; 0.21856 ; -0.0105817 ; 0.00711836 ; 101.2;
6 ; 12 ; 10 ; 0.244457 ; -0.00476398 ; 0.0209214 ; 101.344;
7 ; 12 ; 10 ; 0.220779 ; -0.00756619 ; 0.0114498 ; 102.082;
8 ; 12 ; 10 ; 0.230636 ; -0.00334899 ; 0.0129771 ; 101.541;
9 ; 12 ; 10 ; 0.23414 ; -0.000650637 ; -0.00567075 ; 101.632;
10 ; 12 ; 10 ; 0.233535 ; -0.0138064 ; -0.0135159 ; 101.234;
11 ; 12 ; 10 ; 0.261258 ; -0.00476366 ; 0.00186572 ; 101.875;
12 ; 12 ; 10 ; 0.244813 ; 0.016164 ; 0.00189294 ; 101.802;
13 ; 12 ; 10 ; 0.237071 ; -0.0167627 ; -0.00347047 ; 101.558;
14 ; 12 ; 10 ; 0.242849 ; 0.000580324 ; 0.0232008 ; 102.251;
15 ; 12 ; 10 ; 0.256304 ; 0.0126015 ; 0.0250543 ; 101.362;
16 ; 12 ; 10 ; 0.235662 ; 0.0101049 ; -0.00193685 ; 101.345;
17 ; 12 ; 10 ; 0.223896 ; 0.0238871 ; -0.0158583 ; 101.573;
18 ; 12 ; 10 ; 0.227792 ; -0.00945923 ; -0.00728628 ; 101.314;
19 ; 12 ; 10 ; 0.228688 ; 0.0117622 ; -0.000769007 ; 101.308;
20 ; 12 ; 10 ; 0.223344 ; -0.0095077 ; -0.00742409 ; 101.785;
21 ; 12 ; 10 ; 0.234642 ; -0.0143121 ; 0.00030606 ; 100.888;
4 ; 13 ; 10 ; 0.237933 ; 0.0114058 ; -0.000921373 ; 101.329;
5 ; 13 ; 10 ; 0.234913 ; -0.00384642 ; -0.00655479 ; 101.792;
6 ; 13 ; 10 ; 0.221647 ; 0.000628462 ; -0.00766672 ; 101.822;
7 ; 13 ; 10 ; 0.250691 ; 0.0107546 ; 0.00774529 ; 101.288;
8 ; 13 ; 10 ; 0.220141 ; 0.00440251 ; 0.00129448 ; 100.936;
9 ; 13 ; 10 ; 0.253189 ; -0.00516813 ; 0.0242674 ; 101.571;
10 ; 13 ; 10 ; 0.240057 ; -0.00716268 ; -0.0266017 ; 100.863;
11 ; 13 ; 10 ; 0.230144 ; 0.0123894 ; 0.00652541 ; 101.213;
12 ; 13 ; 10 ; 0.209803 ; 0.0104297 ; 0.00746103 ; 101.315;
13 ; 13 ; 10 ; 0.242088 ; 0.00749935 ; -0.00801327 ; 100.905;
14 ; 13 ; 10 ; 0.250875 ; 0.00582529 ; -0.00464058 ; 101.576;
15 ; 13 ; 10 ; 0.2436 ; 0.0142604 ; -0.0192658 ; 102.224;
16 ; 13 ; 10 ; 0.215644 ; 0.00245072 ; -0.00739806 ; 101.824;
17 ; 13 ; 10 ; 0.242244 ; 0.0027575 ; 0.00956073 ; 101.975;
18 ; 13 ; 10 ; 0.243899 ; 2.93399e-05 ; -0.00158277 ; 101.165;
19 ; 13 ; 10 ; 0.234546 ; 0.012833 ; 0.00319838 ; 101.433;
20 ; 13 ; 10 ; 0.23391 ; 0.00787697 ; 0.00137371 ; 101.698;
21 ; 13 ; 10 ; 0.224918 ; 0.00440582 ; 0.00163449 ; 101.238;
4 ; 14 ; 10 ; 0.224846 ; 0.00565509 ; -0.0041904 ; 101.367;
5 ; 14 ; 10 ; 0.238294 ; -0.0124028 ; 0.0021254 ; 101.849;
6 ; 14 ; 10 ; 0.226667 ; -0.00765917 ; 0.00745563 ; 102.059;
7 ; 14 ; 10 ; 0.229265 ; 0.0123725 ; 0.0237727 ; 101.314;
8 ; 14 ; 10 ; 0.215263 ; 0.00271138 ; -0.0150243 ; 102.252;
9 ; 14 ; 10 ; 0.240514 ; 0.0173122 ; 0.00751457 ; 101.173;
10 ; 14 ; 10 ; 0.241694 ; -0.0158231 ; 0.0172354 ; 102.191;
11 ; 14 ; 10 ; 0.221122 ; -0.0131392 ; 0.000650079 ; 101.506;
12 ; 14 ; 10 ; 0.23566 ; 0.019221 ; 0.00755578 ; 101.643;
13 ; 14 ; 10 ; 0.249114 ; -0.0101894 ; 0.00816568 ; 101.41;
14 ; 14 ; 10 ; 0.226606 ; 0.00836877 ; -0.00933569 ; 101.432;
15 ; 14 ; 10 ; 0.216361 ; 0.00711895 ; -0.00221948 ; 101.927;
16 ; 14 ; 10 ; 0.237727 ; 0.0073888 ; 0.000874694 ; 102.038;
17 ; 14 ; 10 ; 0.242648 ; -0.00270812 ; 0.00267971 ; 101.506;
18 ; 14 ; 10 ; 0.234996 ; -0.0174339 ; -0.0199187 ; 101.858;
19 ; 14 ; 10 ; 0.21113 ; 0.0145549 ; -0.0127642 ; 101.348;
20 ; 14 ; 10 ; 0.233338 ; 0.0196435 ; -0.00988975 ; 101.509;
21 ; 14 ; 10 ; 0.219011 ; 0.0026959 ; -0.000229485 ; 101.417;
4 ; 15 ; 10 ; 0.22648 ; 0.00705212 ; 0.0112634 ; 101.639;
5 ; 15 ; 10 ; 0.23293 ; -0.0135278 ; -0.0161362 ; 101.742;
6 ; 15 ; 10 ; 0.229438 ; 0.00793763 ; -0.00539251 ; 101.132;
7 ; 15 ; 10 ; 0.24065 ; -0.0030412 ; 0.0184094 ; 101.811;
8 ; 15 ; 10 ; 0.248691 ; 0.00653591 ; 0.0104501 ; 101.928;
9 ; 15 ; 10 ; 0.222352 ; 0.00132755 ; 0.00968776 ; 101.824;
10 ; 15 ; 10 ; 0.230643 ; -0.00551472 ; -0.000590092 ; 101.245;
11 ; 15 ; 10 ; 0.224916 ; 0.0115894 ; 0.0142977 ; 101.492;
12 ; 15 ; 10 ; 0.243192 ; 0.0189252 ; -0.0106994 ; 101.589;
13 ; 15 ; 10 ; 0.252178 ; -0.00160616 ; 0.00169919 ; 101.765;
14 ; 15 ; 10 ; 0.242365 ; 0.00033855 ; -0.017066 ; 101.554;
15 ; 15 ; 10 ; 0.23086 ; 0.0143661 ; -0.0209569 ; 101.995;
16 ; 15 ; 10 ; 0.245139 ; -0.0142692 ; 0.00578399 ; 101.68;
17 ; 15 ; 10 ; 0.216671 ; 0.00430292 ; -0.00463186 ; 101.817;
18 ; 15 ; 10 ; 0.24692 ; -0.00861258 ; -0.0161695 ; 101.4;
19 ; 15 ; 10 ; 0.245282 ; 0.00808918 ; -0.018604 ; 101.239;
20 ; 15 ; 10 ; 0.232121 ; 0.00203522 ; -0.0126588 ; 101.681;
21 ; 15 ; 10 ; 0.221086 ; 0.00675239 ; -0.0151079 ; 101.499;
4 ; 16 ; 10 ; 0.236289 ; 0.00659066 ; -0.00988909 ; 101.596;
5 ; 16 ; 10 ; 0.227985 ; -0.00272077 ; -0.00922597 ; 101.665;
6 ; 16 ; 10 ; 0.229274 ; 0.0218413 ; 0.0125523 ; 101.581;
7 ; 16 ; 10 ; 0.238537 ; -0.0156815 ; 0.004763 ; 101.363;
8 ; 16 ; 10 ; 0.256679 ; -0.000699623 ; 0.0175433 ; 100.669;
9 ; 16 ; 10 ; 0.227702 ; -0.00578682 ; -0.0178362 ; 101.41;
10 ; 16 ; 10 ; 0.236278 ; -0.0271547 ; 0.00545002 ; 101.385;
11 ; 16 ; 10 ; 0.232636 ; 0.0134472 ; 0.0135173 ; 101.4;
12 ; 16 ; 10 ; 0.244096 ; -0.00269303 ; 0.00955419 ; 101.652;
13 ; 16 ; 10 ; 0.24761 ; -0.0074031 ; -0.00735878 ; 102.062;
14 ; 16 ; 10 ; 0.243709 ; -0.0059257 ; 0.00225608 ; 101.675;
15 ; 16 ; 10 ; 0.221208 ; 0.0177467 ; -0.00489636 ; 100.975;
16 ; 16 ; 10 ; 0.236453 ; -0.00904918 ; -0.00492163 ; 101.898;
17 ; 16 ; 10 ; 0.249532 ; 0.00302133 ; 0.0216069 ; 101.76;
18 ; 16 ; 10 ; 0.211188 ; -0.00071784 ; -0.00768881 ; 101.066;
19 ; 16 ; 10 ; 0.236011 ; 0.00528436 ; -0.00501421 ; 101.846;
20 ; 16 ; 10 ; 0.233993 ; -0.00888523 ; -0.014114 ; 102.038;
21 ; 16 ; 10 ; 0.22686 ; 0.00491413 ; -0.0132589 ; 101.012;
4 ; 17 ; 10 ; 0.240916 ; 0.00395943 ; 0.015814 ; 101.231;
5 ; 17 ; 10 ; 0.223162 ; -0.00102919 ; -0.0154281 ; 101.963;
6 ; 17 ; 10 ; 0.232227 ; -0.0105864 ; -0.0170201 ; 101.632;
7 ; 17 ; 10 ; 0.240883 ; -0.00539356 ; -0.0143489 ; 101.238;
8 ; 17 ; 10 ; 0.223431 ; 0.00980257 ; -0.00663186 ; 102.24;
9 ; 17 ; 10 ; 0.243463 ; 0.00892694 ; 0.0149843 ; 101.576;
10 ; 17 ; 10 ; 0.228449 ; -0.0116582 ; 0.00859373 ; 101.425;
11 ; 17 ; 10 ; 0.236293 ; -0.00106079 ; 0.00449536 ; 101.528;
12 ; 17 ; 10 ; 0.233502 ; -0.0214379 ; 0.00357481 ; 102.245;
13 ; 17 ; 10 ; 0.223021 ; 0.00131384 ; -0.0082587 ; 102.097;
14 ; 17 ; 10 ; 0.232341 ; -0.0119636 ; -0.010426 ; 101.573;
15 ; 17 ; 10 ; 0.24127 ; 0.00598842 ; -0.015928 ; 101.786;
16 ; 17 ; 10 ; 0.221694 ; 0.00405562 ; -0.0172887 ; 101.374;
17 ; 17 ; 10 ; 0.245886 ; -0.00455902 ; -0.00434753 ; 100.839;
18 ; 17 ; 10 ; 0.222632 ; 0.000363093 ; -0.0253951 ; 101.77;
19 ; 17 ; 10 ; 0.225822 ; -0.0216991 ; -0.019354 ; 101.395;
20 ; 17 ; 10 ; 0.236009 ; -0.00357173 ; -0.012638 ; 101.606;
21 ; 17 ; 10 ; 0.22496 ; 0.00804697 ; -0.00850973 ; 101.348;
4 ; 18 ; 10 ; 0.228992 ; 0.000745903 ; 0.00532301 ; 101.561;
5 ; 18 ; 10 ; 0.240831 ; -0.0139034 ; -0.00716139 ; 101.324;
6 ; 18 ; 10 ; 0.227585 ; -0.00644011 ; -0.0145804 ; 101.145;
7 ; 18 ; 10 ; 0.240085 ; -0.0052337 ; 0.00802287 ; 101.495;
8 ; 18 ; 10 ; 0.225456 ; -0.00503029 ; 0.00486834 ; 102.107;
9 ; 18 ; 10 ; 0.22017 ; -0.00280535 ; -0.0135553 ; 101.616;
10 ; 18 ; 10 ; 0.243268 ; -0.0116062 ; 0.00833588 ; 101.204;
11 ; 18 ; 10 ; 0.255255 ; -0.0114453 ; -0.00210657 ; 101.439;
12 ; 18 ; 10 ; 0.22224 ; -0.0142267 ; -0.000127994 ; 101.475;
13 ; 18 ; 10 ; 0.234208 ; 0.00529743 ; -0.00389805 ; 101.034;
14 ; 18 ; 10 ; 0.228837 ; 0.00939243 ; 0.0120111 ; 101.99;
15 ; 18 ; 10 ; 0.234338 ; 0.0122731 ; -0.0117426 ; 101.534;
16 ; 18 ; 10 ; 0.236467 ; 0.00709224 ; 0.00415783 ; 101.805;
17 ; 18 ; 10 ; 0.237396 ; 0.00789706 ; 0.00699605 ; 101.111;
18 ; 18 ; 10 ; 0.245596 ; 0.00304442 ; -0.0245354 ; 101.596;
19 ; 18 ; 10 ; 0.234572 ; -0.00805873 ; -0.00172985 ; 101.32;
20 ; 18 ; 10 ; 0.236717 ; 0.00775804 ; -0.00334177 ; 101.231;
21 ; 18 ; 10 ; 0.234347 ; 0.0198234 ; 0.0125954 ; 101.423;
4 ; 19 ; 10 ; 0.246884 ; -0.0150331 ; 0.0147422 ; 101.415;
5 ; 19 ; 10 ; 0.233512 ; 0.0274772 ; 0.0133814 ; 102.339;
6 ; 19 ; 10 ; 0.238256 ; 0.00653535 ; -0.0152262 ; 102.831;
7 ; 19 ; 10 ; 0.242645 ; -0.0182697 ; -0.00556157 ; 101.959;
8 ; 19 ; 10 ; 0.233903 ; 0.00725515 ; 0.01317 ; 100.949;
9 ; 19 ; 10 ; 0.258826 ; 0.00389832 ; 0.00996587 ; 101.371;
10 ; 19 ; 10 ; 0.242256 ; -0.00873427 ; -0.0109335 ; 101.6;
11 ; 19 ; 10 ; 0.226325 ; 0.00770515 ; -0.000244502 ; 101.416;
12 ; 19 ; 10 ; 0.253328 ; -0.00113023 ; -0.00539876 ; 101.705;
13 ; 19 ; 10 ; 0.239562 ; -0.00606893 ; 0.00818485 ; 101.635;
14 ; 19 ; 10 ; 0.263537 ; 0.00892898 ; 0.00278606 ; 100.927;
15 ; 19 ; 10 ; 0.241889 ; -0.0155742 ; -0.00795509 ; 101.483;
16 ; 19 ; 10 ; 0.22708 ; 0.00429287 ; 0.00164633 ; 101.444;
17 ; 19 ; 10 ; 0.239219 ; 0.0237574 ; 0.00602165 ; 101.003;
18 ; 19 ; 10 ; 0.229198 ; -0.00659046 ; -0.0229824 ; 101.9;
19 ; 19 ; 10 ; 0.232211 ; 0.00212291 ; -0.0206326 ; 100.683;
20 ; 19 ; 10 ; 0.222431 ; -0.00354025 ; -0.00495735 ; 102.175;
21 ; 19 ; 10 ; 0.235089 ; 0.0148765 ; 0.00676982 ; 101.719;
4 ; 20 ; 10 ; 0.232469 ; -0.0152848 ; -0.00674541 ; 101.33;
5 ; 20 ; 10 ; 0.235363 ; 0.0107061 ; -0.00614491 ; 101.716;
6 ; 20 ; 10 ; 0.226713 ; -0.010654 ; -0.00493026 ; 101.373;
7 ; 20 ; 10 ; 0.251555 ; -0.00454398 ; 0.0111724 ; 101.797;
8 ; 20 ; 10 ; 0.249049 ; 0.00337903 ; 0.00900691 ; 101.965;
9 ; 20 ; 10 ; 0.240833 ; -0.0017471 ; -0.0019576 ; 101.245;
10 ; 20 ; 10 ; 0.24197 ; -0.00410883 ; 0.001482 ; 102.489;
11 ; 20 ; 10 ; 0.229674 ; 0.000556491 ; 0.00673814 ; 101.502;
12 ; 20 ; 10 ; 0.229082 ; 0.000458901 ; -0.00297729 ; 101.315;
13 ; 20 ; 10 ; 0.249807 ; 0.00129419 ; 0.0042339 ; 101.043;
14 ; 20 ; 10 ; 0.262702 ; 0.0268911 ; -0.00114244 ; 100.572;
15 ; 20 ; 10 ; 0.236588 ; -0.0127803 ; 0.00248979 ; 101.325;
16 ; 20 ; 10 ; 0.235569 ; 0.0146637 ; -0.00406704 ; 101.414;
17 ; 20 ; 10 ; 0.252247 ; 0.0198698 ; 0.00514836 ; 101.729;
18 ; 20 ; 10 ; 0.242665 ; 0.0113514 ; -0.0114108 ; 101.402;
19 ; 20 ; 10 ; 0.236018 ; 0.00405839 ; -0.00815994 ; 101.308;
20 ; 20 ; 10 ; 0.227698 ; -0.00804995 ; -0.0100595 ; 101.615;
21 ; 20 ; 10 ; 0.226856 ; 0.000979077 ; 0.00549365 ; 101.329;
4 ; 21 ; 10 ; 0.23733 ; -0.0138275 ; 0.00811136 ; 101.227;
5 ; 21 ; 10 ; 0.222756 ; 0.00524311 ; 0.0018884 ; 101.186;
6 ; 21 ; 10 ; 0.220403 ; 0.0129771 ; -0.00202078 ; 101.55;
7 ; 21 ; 10 ; 0.242544 ; -0.00137464 ; -0.000465137 ; 101.759;
8 ; 21 ; 10 ; 0.232646 ; -0.0107001 ; -0.018715 ; 101.443;
9 ; 21 ; 10 ; 0.234907 ; -0.0106688 ; -0.00667863 ; 100.791;
10 ; 21 ; 10 ; 0.222923 ; 0.00491738 ; 0.0172572 ; 101.787;
11 ; 21 ; 10 ; 0.229944 ; -0.00620574 ; 0.0189497 ; 101.873;
12 ; 21 ; 10 ; 0.250687 ; -0.00809257 ; 0.00179248 ; 101.378;
13 ; 21 ; 10 ; 0.226689 ; 0.00998197 ; 0.00987949 ; 101.454;
14 ; 21 ; 10 ; 0.240176 ; -0.0137875 ; 0.00207174 ; 101.757;
15 ; 21 ; 10 ; 0.210928 ; 0.00582454 ; 0.0110189 ; 101.337;
16 ; 21 ; 10 ; 0.235938 ; 0.0160922 ; -0.0102877 ; 101.253;
17 ; 21 ; 10 ; 0.23544 ; 0.00649671 ; 0.00255772 ; 100.885;
18 ; 21 ; 10 ; 0.240331 ; -0.00745036 ; 0.00387321 ; 101.68;
19 ; 21 ; 10 ; 0.22896 ; -0.00307181 ; 0.0052449 ; 102.766;
20 ; 21 ; 10 ; 0.225595 ; -0.0147909 ; 0.00886069 ; 101.208;
21 ; 21 ; 10 ; 0.222406 ; 0.00338413 ; -0.00611672 ; 102.067;
4 ; 4 ; 11 ; 0.184812 ; 0.00251696 ; -0.00950159 ; 101.851;
5 ; 4 ; 11 ; 0.183134 ; -0.0119871 ; -0.00725404 ; 101.158;
6 ; 4 ; 11 ; 0.192575 ; -0.00387735 ; -0.0103512 ; 101.938;
7 ; 4 ; 11 ; 0.177754 ; -0.0158457 ; 0.0019993 ; 101.4;
8 ; 4 ; 11 ; 0.183416 ; 0.00609578 ; -0.00626578 ; 101.388;
9 ; 4 ; 11 ; 0.1769 ; -0.00469697 ; -0.00553169 ; 101.248;
10 ; 4 ; 11 ; 0.178333 ; -0.00923187 ; -0.00832094 ; 101.561;
11 ; 4 ; 11 ; 0.184405 ; -0.0106489 ; -0.00577751 ; 101.523;
12 ; 4 ; 11 ; 0.179615 ; 0.00795507 ; -0.0106315 ; 101.705;
13 ; 4 ; 11 ; 0.188551 ; -0.000533279 ; -0.020666 ; 101.928;
14 ; 4 ; 11 ; 0.187556 ; 0.0153351 ; 0.00374219 ; 101.304;
15 ; 4 ; 11 ; 0.174226 ; -0.0084547 ; 0.00539545 ; 101.19;
16 ; 4 ; 11 ; 0.186627 ; 0.00675314 ; -0.00134347 ; 101.795;
17 ; 4 ; 11 ; 0.175318 ; 0.00978483 ; -0.00815724 ; 101.693;
18 ; 4 ; 11 ; 0.175612 ; 0.0188146 ; 0.00518575 ; 101.543;
19 ; 4 ; 11 ; 0.173967 ; 0.0149191 ; -0.00639942 ; 101.582;
20 ; 4 ; 11 ; 0.160011 ; 0.00648922 ; -0.0216908 ; 101.196;
21 ; 4 ; 11 ; 0.183437 ; 0.0031818 ; 0.00488031 ; 101.395;
4 ; 5 ; 11 ; 0.174687 ; -0.0162576 ; 0.00462429 ; 101.003;
5 ; 5 ; 11 ; 0.175458 ; -0.0145031 ; 0.0103578 ; 101.38;
6 ; 5 ; 11 ; 0.171227 ; 0.0162307 ; -0.00134428 ; 101.535;
7 ; 5 ; 11 ; 0.172471 ; 0.0194301 ; -0.00824157 ; 100.619;
8 ; 5 ; 11 ; 0.179614 ; -0.00158329 ; 0.0260072 ; 101.86;
9 ; 5 ; 11 ; 0.180787 ; -0.0226144 ; 8.9061e-05 ; 101.072;
10 ; 5 ; 11 ; 0.194776 ; 0.0176299 ; -0.00365742 ; 101.618;
11 ; 5 ; 11 ; 0.170934 ; 0.00442531 ; -0.0153971 ; 101.255;
12 ; 5 ; 11 ; 0.185876 ; 0.00636426 ; 0.00457112 ; 102.01;
13 ; 5 ; 11 ; 0.186358 ; 0.00722488 ; -0.000948727 ; 101.373;
14 ; 5 ; 11 ; 0.174501 ; -0.00111676 ; 0.00177969 ; 101.87;
15 ; 5 ; 11 ; 0.185235 ; -0.00774693 ; 0.00701308 ; 101.228;
16 ; 5 ; 11 ; 0.182402 ; 0.00299361 ; 0.00294983 ; 101.969;
17 ; 5 ; 11 ; 0.174574 ; 0.00219821 ; -0.0128602 ; 102.118;
18 ; 5 ; 11 ; 0.199718 ; -0.0227674 ; -0.00350517 ; 101.97;
19 ; 5 ; 11 ; 0.175831 ; -0.000744177 ; -0.0168354 ; 101.493;
20 ; 5 ; 11 ; 0.206526 ; 0.0165227 ; -0.011819 ; 101.299;
21 ; 5 ; 11 ; 0.170702 ; 0.0126191 ; -0.0104263 ; 101.865;
4 ; 6 ; 11 ; 0.189452 ; -0.00214966 ; -0.0145277 ; 101.851;
5 ; 6 ; 11 ; 0.183703 ; 0.0034634 ; -0.0225277 ; 101.24;
6 ; 6 ; 11 ; 0.175924 ; 0.00669882 ; -0.0142988 ; 101.95;
7 ; 6 ; 11 ; 0.173271 ; -0.0251146 ; 0.00415605 ; 101.108;
8 ; 6 ; 11 ; 0.176694 ; 0.00949547 ; 0.0160328 ; 102.184;
9 ; 6 ; 11 ; 0.170198 ; -0.0142309 ; -0.014336 ; 101.44;
10 ; 6 ; 11 ; 0.178296 ; 0.0187472 ; 0.00865171 ; 101.56;
11 ; 6 ; 11 ; 0.174463 ; 0.019859 ; -0.00872115 ; 101.349;
12 ; 6 ; 11 ; 0.190893 ; 0.00421342 ; 0.00925475 ; 101.604;
13 ; 6 ; 11 ; 0.187157 ; 0.00770914 ; 0.012072 ; 101.568;
14 ; 6 ; 11 ; 0.188453 ; -0.00758737 ; 0.00365761 ; 101.766;
15 ; 6 ; 11 ; 0.188805 ; -0.0100277 ; -0.0112008 ; 101.776;
16 ; 6 ; 11 ; 0.18407 ; -0.000281557 ; -0.00669171 ; 101.714;
17 ; 6 ; 11 ; 0.187075 ; 0.00776067 ; -0.00119908 ; 101.455;
18 ; 6 ; 11 ; 0.179431 ; -0.00324392 ; -0.000880622 ; 101.177;
19 ; 6 ; 11 ; 0.17988 ; -0.0134332 ; -0.00533142 ; 101.761;
20 ; 6 ; 11 ; 0.176266 ; -0.0128359 ; -0.0116336 ; 101.707;
21 ; 6 ; 11 ; 0.173561 ; 0.00429547 ; -0.0061217 ; 100.656;
4 ; 7 ; 11 ; 0.19099 ; -0.00351887 ; 0.000283348 ; 101.792;
5 ; 7 ; 11 ; 0.168549 ; -0.0161742 ; 0.00316988 ; 101.138;
6 ; 7 ; 11 ; 0.175614 ; 0.0029033 ; -0.0121072 ; 101.45;
7 ; 7 ; 11 ; 0.18714 ; 0.00285448 ; 0.00218128 ; 102.332;
8 ; 7 ; 11 ; 0.196481 ; 0.00996399 ; -0.00121883 ; 101.102;
9 ; 7 ; 11 ; 0.177645 ; 0.00459877 ; 0.00863614 ; 101.58;
10 ; 7 ; 11 ; 0.187962 ; -0.00117756 ; 0.00407684 ; 101.513;
11 ; 7 ; 11 ; 0.179527 ; -0.0234577 ; 0.0104498 ; 101.663;
12 ; 7 ; 11 ; 0.193069 ; -0.0101539 ; 0.00320199 ; 100.964;
13 ; 7 ; 11 ; 0.188874 ; -0.00952599 ; -0.000966525 ; 101.352;
14 ; 7 ; 11 ; 0.164307 ; -0.00352318 ; 0.00493785 ; 101.301;
15 ; 7 ; 11 ; 0.179792 ; -0.0134795 ; 0.0141466 ; 101.267;
16 ; 7 ; 11 ; 0.181852 ; 0.00537122 ; -0.0219244 ; 101.675;
17 ; 7 ; 11 ; 0.17644 ; 0.00419202 ; 0.002466 ; 101.638;
18 ; 7 ; 11 ; 0.19583 ; 0.0161124 ; 0.00029765 ; 101.161;
19 ; 7 ; 11 ; 0.201284 ; -0.00440012 ; -0.00139991 ; 101.502;
20 ; 7 ; 11 ; 0.186775 ; 0.00773933 ; -0.00911724 ; 101.409;
21 ; 7 ; 11 ; 0.192144 ; 0.00357993 ; -0.0131679 ; 101.878;
4 ; 8 ; 11 ; 0.179708 ; 0.012211 ; -0.00551767 ; 101.105;
5 ; 8 ; 11 ; 0.183776 ; -0.0114806 ; -0.00719514 ; 101.615;
6 ; 8 ; 11 ; 0.178904 ; -0.00121417 ; 0.00153919 ; 101.535;
7 ; 8 ; 11 ; 0.181665 ; 0.0127053 ; -0.000648514 ; 101.402;
8 ; 8 ; 11 ; 0.181488 ; 0.00301063 ; 0.0119776 ; 101.776;
9 ; 8 ; 11 ; 0.178252 ; -0.00272222 ; 0.0110126 ; 101.905;
10 ; 8 ; 11 ; 0.193353 ; 0.0100621 ; 0.00280615 ; 101.827;
11 ; 8 ; 11 ; 0.17108 ; -0.000396707 ; 0.00638217 ; 102.04;
12 ; 8 ; 11 ; 0.181936 ; 0.0157194 ; 0.0215478 ; 101.59;
13 ; 8 ; 11 ; 0.187261 ; -0.00554734 ; 0.0066156 ; 101.977;
14 ; 8 ; 11 ; 0.181165 ; -0.0104304 ; 0.008713 ; 101.397;
15 ; 8 ; 11 ; 0.18473 ; 0.0125451 ; 1.9979e-05 ; 101.376;
16 ; 8 ; 11 ; 0.178067 ; 0.00501336 ; 0.00207502 ; 102.225;
17 ; 8 ; 11 ; 0.194159 ; -0.00737014 ; 2.22627e-05 ; 101.898;
18 ; 8 ; 11 ; 0.176374 ; 0.0147 ; -0.00344519 ; 101.908;
19 ; 8 ; 11 ; 0.184107 ; 0.00547607 ; -0.0117255 ; 101.694;
20 ; 8 ; 11 ; 0.186668 ; 0.00233851 ; -0.00458451 ; 101.23;
21 ; 8 ; 11 ; 0.182052 ; -0.0145686 ; 0.000203242 ; 101.127;
4 ; 9 ; 11 ; 0.181396 ; 0.00378727 ; 0.00867723 ; 101.247;
5 ; 9 ; 11 ; 0.180889 ; 0.00970395 ; 0.00492699 ; 101.674;
6 ; 9 ; 11 ; 0.180177 ; 0.00231666 ; -0.0233823 ; 101.645;
7 ; 9 ; 11 ; 0.180752 ; 0.0136917 ; -0.000352744 ; 101.335;
8 ; 9 ; 11 ; 0.175457 ; -0.0116238 ; 0.00318046 ; 101.339;
9 ; 9 ; 11 ; 0.186803 ; 0.00375637 ; 0.00783314 ; 101.804;
10 ; 9 ; 11 ; 0.189108 ; 0.0046946 ; -0.0191515 ; 102.022;
11 ; 9 ; 11 ; 0.169778 ; 0.00366966 ; 0.0059464 ; 102.054;
12 ; 9 ; 11 ; 0.196317 ; 0.02502 ; -0.021245 ; 101.393;
13 ; 9 ; 11 ; 0.183088 ; -0.00621515 ; 0.00916956 ; 100.905;
14 ; 9 ; 11 ; 0.172961 ; 0.00201234 ; 0.000124038 ; 100.963;
15 ; 9 ; 11 ; 0.173572 ; 0.00685507 ; -0.0179884 ; 101.409;
16 ; 9 ; 11 ; 0.17241 ; -0.00521934 ; -0.00367363 ; 101.95;
17 ; 9 ; 11 ; 0.177339 ; 0.00325895 ; -0.0103845 ; 101.019;
18 ; 9 ; 11 ; 0.194427 ; 0.000873919 ; -0.00406497 ; 101.808;
19 ; 9 ; 11 ; 0.193324 ; 0.0114124 ; 0.00340592 ; 101.198;
20 ; 9 ; 11 ; 0.174102 ; -0.00875312 ; -0.0143871 ; 102.396;
21 ; 9 ; 11 ; 0.188234 ; 0.00685513 ; 0.0127974 ; 101.573;
4 ; 10 ; 11 ; 0.196153 ; -0.000466415 ; 0.00906585 ; 101.391;
5 ; 10 ; 11 ; 0.18252 ; -0.00028817 ; -0.0165112 ; 101.96;
6 ; 10 ; 11 ; 0.166202 ; -0.00844289 ; -0.00184939 ; 102.078;
7 ; 10 ; 11 ; 0.184898 ; 0.0123319 ; -0.00223888 ; 101.933;
8 ; 10 ; 11 ; 0.173283 ; -0.021288 ; -0.00846688 ; 101.135;
9 ; 10 ; 11 ; 0.176984 ; -0.00432096 ; -0.0118902 ; 101.005;
10 ; 10 ; 11 ; 0.174402 ; 0.0156109 ; 0.00861082 ; 101.723;
11 ; 10 ; 11 ; 0.164811 ; -0.00677176 ; -0.00561471 ; 101.046;
12 ; 10 ; 11 ; 0.178933 ; 0.0118003 ; 0.00159375 ; 101.585;
13 ; 10 ; 11 ; 0.183964 ; -0.0100498 ; 0.00462754 ; 101.236;
14 ; 10 ; 11 ; 0.172817 ; 0.00469724 ; 0.0164217 ; 101.635;
15 ; 10 ; 11 ; 0.173646 ; -0.0102172 ; -0.0173051 ; 101.198;
16 ; 10 ; 11 ; 0.179703 ; 0.0202212 ; -0.0259337 ; 101.989;
17 ; 10 ; 11 ; 0.171567 ; 0.00744733 ; -0.0138317 ; 101.452;
18 ; 10 ; 11 ; 0.182841 ; -0.0212817 ; -0.00314273 ; 101.396;
19 ; 10 ; 11 ; 0.170177 ; 0.00177607 ; -0.0184347 ; 101.492;
20 ; 10 ; 11 ; 0.182966 ; 0.00710696 ; -0.0350306 ; 102.017;
21 ; 10 ; 11 ; 0.174951 ; -0.00782475 ; 0.0159521 ; 101.674;
4 ; 11 ; 11 ; 0.179441 ; -0.00464193 ; 0.00829084 ; 100.958;
5 ; 11 ; 11 ; 0.176029 ; -0.00338018 ; -0.000850822 ; 102.109;
6 ; 11 ; 11 ; 0.186321 ; -0.0178085 ; 0.0124166 ; 101.681;
7 ; 11 ; 11 ; 0.171179 ; -0.0057147 ; -0.00446078 ; 101.886;
8 ; 11 ; 11 ; 0.181808 ; 0.0141141 ; 0.00535643 ; 101.352;
9 ; 11 ; 11 ; 0.174852 ; -0.011204 ; -0.0130172 ; 101.731;
10 ; 11 ; 11 ; 0.183078 ; -0.00136525 ; 0.0114259 ; 101.857;
11 ; 11 ; 11 ; 0.183498 ; -0.00650874 ; -0.001326 ; 101.463;
12 ; 11 ; 11 ; 0.192221 ; -0.0178271 ; 0.00154018 ; 102.019;
13 ; 11 ; 11 ; 0.183016 ; -0.0110838 ; 0.000982047 ; 101.824;
14 ; 11 ; 11 ; 0.191302 ; -0.00197361 ; 0.00748727 ; 101.487;
15 ; 11 ; 11 ; 0.174475 ; -0.00484741 ; -0.0126048 ; 100.558;
16 ; 11 ; 11 ; 0.190048 ; -0.00974715 ; 0.0117742 ; 102.163;
17 ; 11 ; 11 ; 0.220274 ; 0.0090367 ; 0.0143249 ; 101.427;
18 ; 11 ; 11 ; 0.183522 ; 0.0131153 ; 0.0101228 ; 101.823;
19 ; 11 ; 11 ; 0.175457 ; 0.00985476 ; -0.0186649 ; 101.852;
20 ; 11 ; 11 ; 0.180656 ; -0.00706214 ; 0.0158295 ; 100.657;
21 ; 11 ; 11 ; 0.197772 ; -0.00723465 ; -0.00764875 ; 101.165;
4 ; 12 ; 11 ; 0.195761 ; 0.00026285 ; 0.0110137 ; 101.4;
5 ; 12 ; 11 ; 0.180137 ; 0.0128776 ; 0.00130256 ; 101.049;
6 ; 12 ; 11 ; 0.181462 ; 0.001994 ; 0.00936564 ; 101.214;
7 ; 12 ; 11 ; 0.170483 ; -0.000896437 ; 0.0230343 ; 101.675;
8 ; 12 ; 11 ; 0.177708 ; -0.0067215 ; 0.00701466 ; 101.427;
9 ; 12 ; 11 ; 0.182608 ; 0.00050619 ; -0.00536302 ; 102.137;
10 ; 12 ; 11 ; 0.18942 ; -0.00866801 ; -0.00659536 ; 101.716;
11 ; 12 ; 11 ; 0.165138 ; -0.00332298 ; 0.00823912 ; 101.953;
12 ; 12 ; 11 ; 0.189414 ; 0.00963688 ; 0.0111412 ; 101.517;
13 ; 12 ; 11 ; 0.176095 ; 0.0025339 ; 0.00766012 ; 101.836;
14 ; 12 ; 11 ; 0.19715 ; 0.00248666 ; 0.0222399 ; 101.376;
15 ; 12 ; 11 ; 0.18606 ; 0.0147319 ; 0.00567696 ; 101.385;
16 ; 12 ; 11 ; 0.170715 ; -0.0205849 ; -0.000658778 ; 101.967;
17 ; 12 ; 11 ; 0.181848 ; 0.0112713 ; -0.0128034 ; 101.231;
18 ; 12 ; 11 ; 0.175843 ; 0.0237946 ; 0.00158539 ; 101.781;
19 ; 12 ; 11 ; 0.184134 ; 0.00242104 ; -0.00484387 ; 102.177;
20 ; 12 ; 11 ; 0.170328 ; -0.000870729 ; 0.00980791 ; 101.795;
21 ; 12 ; 11 ; 0.171784 ; 0.0111616 ; -0.00565474 ; 101.937;
4 ; 13 ; 11 ; 0.192019 ; -0.00363279 ; 0.0149982 ; 101.82;
5 ; 13 ; 11 ; 0.171648 ; -0.00467332 ; 0.00928286 ; 101.764;
6 ; 13 ; 11 ; 0.177477 ; 0.0182168 ; 0.00381235 ; 101.517;
7 ; 13 ; 11 ; 0.199128 ; 0.0107509 ; 0.0127951 ; 101.692;
8 ; 13 ; 11 ; 0.177244 ; 0.00213393 ; -0.00381093 ; 101.431;
9 ; 13 ; 11 ; 0.171261 ; 0.00729285 ; -0.00722467 ; 100.888;
10 ; 13 ; 11 ; 0.181236 ; -0.0237348 ; -0.00182433 ; 101.636;
11 ; 13 ; 11 ; 0.200777 ; -0.00176824 ; 0.0189293 ; 101.645;
12 ; 13 ; 11 ; 0.184299 ; 0.00356064 ; 0.0138322 ; 101.862;
13 ; 13 ; 11 ; 0.166816 ; 0.0113506 ; 0.0135524 ; 101.509;
14 ; 13 ; 11 ; 0.172233 ; 0.0137835 ; 0.00925425 ; 101.16;
15 ; 13 ; 11 ; 0.185145 ; -0.00241695 ; -0.000444832 ; 101.85;
16 ; 13 ; 11 ; 0.186239 ; 0.00214472 ; -0.00149888 ; 101.557;
17 ; 13 ; 11 ; 0.179558 ; -0.018479 ; 0.00310102 ; 101.886;
18 ; 13 ; 11 ; 0.174917 ; -0.0249015 ; -0.0170015 ; 101.424;
19 ; 13 ; 11 ; 0.17568 ; -0.00553984 ; 0.00201835 ; 101.426;
20 ; 13 ; 11 ; 0.190315 ; -0.0105092 ; 0.00337848 ; 101.583;
21 ; 13 ; 11 ; 0.183983 ; -0.00368093 ; -0.00775832 ; 101.714;
4 ; 14 ; 11 ; 0.178677 ; -0.00244017 ; -0.0089435 ; 101.904;
5 ; 14 ; 11 ; 0.170793 ; 0.00601167 ; 0.00887948 ; 101.663;
6 ; 14 ; 11 ; 0.178453 ; -0.00700351 ; 0.0121059 ; 101.749;
7 ; 14 ; 11 ; 0.176335 ; 0.0257823 ; 0.00829294 ; 101.68;
8 ; 14 ; 11 ; 0.182091 ; -0.00382972 ; 0.009517 ; 101.422;
9 ; 14 ; 11 ; 0.186162 ; -0.0203563 ; -0.0100674 ; 101.392;
10 ; 14 ; 11 ; 0.202559 ; 0.00766149 ; 0.00795222 ; 101.822;
11 ; 14 ; 11 ; 0.176702 ; 0.0224654 ; 0.00576238 ; 101.506;
12 ; 14 ; 11 ; 0.184139 ; 0.00327118 ; -0.0223023 ; 101.725;
13 ; 14 ; 11 ; 0.184403 ; 0.00898875 ; 0.00996073 ; 101.685;
14 ; 14 ; 11 ; 0.160936 ; 0.00800135 ; -0.000468522 ; 102.411;
15 ; 14 ; 11 ; 0.165641 ; 0.0108268 ; 0.00110208 ; 101.1;
16 ; 14 ; 11 ; 0.190751 ; -0.00255337 ; 0.00274626 ; 101.548;
17 ; 14 ; 11 ; 0.168389 ; -0.00790388 ; -0.0101511 ; 102.014;
18 ; 14 ; 11 ; 0.188532 ; -0.0146792 ; -0.00390974 ; 101.655;
19 ; 14 ; 11 ; 0.187497 ; -0.00779974 ; -0.0175123 ; 100.912;
20 ; 14 ; 11 ; 0.186261 ; -0.00461002 ; 0.0117337 ; 100.653;
21 ; 14 ; 11 ; 0.191802 ; 0.0108342 ; -0.00373899 ; 101.538;
4 ; 15 ; 11 ; 0.19687 ; -0.00789199 ; -0.00821201 ; 101.621;
5 ; 15 ; 11 ; 0.159861 ; 0.00853158 ; -0.000494435 ; 101.816;
6 ; 15 ; 11 ; 0.187708 ; 0.0140641 ; 0.0115108 ; 102.062;
7 ; 15 ; 11 ; 0.200239 ; -0.00122557 ; 0.00211108 ; 101.647;
8 ; 15 ; 11 ; 0.179679 ; 0.0105088 ; -0.0210722 ; 102.059;
9 ; 15 ; 11 ; 0.183263 ; 0.0145607 ; 0.00563412 ; 101.598;
10 ; 15 ; 11 ; 0.187705 ; -0.00875341 ; 0.00963774 ; 101.683;
11 ; 15 ; 11 ; 0.157041 ; 0.0114041 ; 0.0172298 ; 101.285;
12 ; 15 ; 11 ; 0.180048 ; 0.00854253 ; 0.0125073 ; 101.424;
13 ; 15 ; 11 ; 0.191974 ; -0.00525735 ; -0.0215316 ; 101.48;
14 ; 15 ; 11 ; 0.170847 ; 0.00285144 ; -0.00477784 ; 102.037;
15 ; 15 ; 11 ; 0.19772 ; -0.00592435 ; -0.000131731 ; 101.71;
16 ; 15 ; 11 ; 0.198275 ; 0.00267362 ; 0.0129371 ; 101.18;
17 ; 15 ; 11 ; 0.19561 ; -0.0121289 ; -0.00507156 ; 100.903;
18 ; 15 ; 11 ; 0.194283 ; 0.00211603 ; -0.0182675 ; 102.04;
19 ; 15 ; 11 ; 0.180212 ; 0.00878 ; -0.01454 ; 101.703;
20 ; 15 ; 11 ; 0.172772 ; -0.00541746 ; -0.021124 ; 101.458;
21 ; 15 ; 11 ; 0.18155 ; 0.0242682 ; -0.00147455 ; 101.569;
4 ; 16 ; 11 ; 0.195343 ; -0.00844884 ; 0.0134242 ; 101.385;
5 ; 16 ; 11 ; 0.169359 ; 0.00778382 ; 0.0106031 ; 101.476;
6 ; 16 ; 11 ; 0.156714 ; 0.00152817 ; 0.0050916 ; 101.576;
7 ; 16 ; 11 ; 0.171052 ; -0.00898832 ; 0.00749358 ; 101.067;
8 ; 16 ; 11 ; 0.159952 ; 0.00398655 ; -0.00541873 ; 102.555;
9 ; 16 ; 11 ; 0.174411 ; -0.00197417 ; 0.00909847 ; 101.391;
10 ; 16 ; 11 ; 0.168699 ; -0.0015537 ; 0.0171568 ; 102.067;
11 ; 16 ; 11 ; 0.197858 ; -0.00361112 ; 0.0161889 ; 101.293;
12 ; 16 ; 11 ; 0.193139 ; 0.000163575 ; -0.00691913 ; 101.692;
13 ; 16 ; 11 ; 0.166267 ; -0.0178718 ; 0.0145886 ; 101.738;
14 ; 16 ; 11 ; 0.192214 ; 0.0114817 ; 0.0196973 ; 101.752;
15 ; 16 ; 11 ; 0.183693 ; 0.0130348 ; -0.0119995 ; 102.018;
16 ; 16 ; 11 ; 0.194837 ; -0.00273941 ; -0.00925736 ; 101.29;
17 ; 16 ; 11 ; 0.186854 ; -0.00333847 ; -0.00436444 ; 101.625;
18 ; 16 ; 11 ; 0.178429 ; 0.0149772 ; 0.00133387 ; 101.107;
19 ; 16 ; 11 ; 0.185779 ; 0.00386269 ; -0.00858786 ; 100.988;
20 ; 16 ; 11 ; 0.178563 ; 0.0181732 ; -0.00964138 ; 101.414;
21 ; 16 ; 11 ; 0.181197 ; 0.00019033 ; 0.00437377 ; 101.986;
4 ; 17 ; 11 ; 0.182415 ; 0.0090945 ; -0.00910283 ; 101.814;
5 ; 17 ; 11 ; 0.183849 ; -0.00371161 ; 0.00164067 ; 102.506;
6 ; 17 ; 11 ; 0.165827 ; -0.00665436 ; -0.0178635 ; 101.383;
7 ; 17 ; 11 ; 0.180112 ; 0.0059733 ; -0.0111997 ; 101.853;
8 ; 17 ; 11 ; 0.170401 ; -0.00656708 ; -0.0116781 ; 101.133;
9 ; 17 ; 11 ; 0.170855 ; -0.000855634 ; 0.0179662 ; 101.885;
10 ; 17 ; 11 ; 0.174297 ; 0.000686758 ; 0.00918961 ; 101.692;
11 ; 17 ; 11 ; 0.18305 ; -0.0128584 ; 0.00299037 ; 101.665;
12 ; 17 ; 11 ; 0.188895 ; -0.000167324 ; 0.00283014 ; 101.015;
13 ; 17 ; 11 ; 0.193077 ; -0.00290615 ; -0.000295949 ; 101.691;
14 ; 17 ; 11 ; 0.169689 ; -0.00909427 ; 4.26683e-05 ; 101.114;
15 ; 17 ; 11 ; 0.178198 ; 0.00709011 ; -0.0058117 ; 102.172;
16 ; 17 ; 11 ; 0.184956 ; 0.0116293 ; -0.0226168 ; 101.838;
17 ; 17 ; 11 ; 0.182846 ; 0.00583976 ; -0.0170464 ; 101.267;
18 ; 17 ; 11 ; 0.181902 ; 0.00405465 ; -0.0310025 ; 101.216;
19 ; 17 ; 11 ; 0.167206 ; 0.0100403 ; 0.00244505 ; 101.245;
20 ; 17 ; 11 ; 0.189183 ; -0.00967635 ; 0.00411242 ; 101.372;
21 ; 17 ; 11 ; 0.170533 ; -0.0218577 ; -0.00120459 ; 101.336;
4 ; 18 ; 11 ; 0.172082 ; 0.0200396 ; -0.0138152 ; 101.228;
5 ; 18 ; 11 ; 0.17486 ; -0.0228621 ; -0.00383764 ; 101.705;
6 ; 18 ; 11 ; 0.173396 ; -0.00113782 ; 0.00215297 ; 101.326;
7 ; 18 ; 11 ; 0.186975 ; -0.00613509 ; -0.0214285 ; 101.197;
8 ; 18 ; 11 ; 0.178545 ; 0.0217674 ; -0.00828779 ; 102.296;
9 ; 18 ; 11 ; 0.157939 ; -0.000682556 ; 0.0054248 ; 101.493;
10 ; 18 ; 11 ; 0.16413 ; 0.00881131 ; -0.00465984 ; 101.29;
11 ; 18 ; 11 ; 0.18743 ; -0.00920078 ; 0.0107031 ; 101.254;
12 ; 18 ; 11 ; 0.176163 ; 0.00769657 ; 0.000440807 ; 101.625;
13 ; 18 ; 11 ; 0.173768 ; -0.00852153 ; 0.00684947 ; 101.248;
14 ; 18 ; 11 ; 0.185874 ; -0.00650833 ; 0.000789448 ; 101.653;
15 ; 18 ; 11 ; 0.185605 ; 0.00191702 ; 0.000479837 ; 101.513;
16 ; 18 ; 11 ; 0.161596 ; 0.00909441 ; 0.00436149 ; 101.727;
17 ; 18 ; 11 ; 0.1793 ; -0.000256969 ; -1.98345e-05 ; 101.235;
18 ; 18 ; 11 ; 0.193389 ; -0.0104925 ; -0.0157641 ; 101.9;
19 ; 18 ; 11 ; 0.180451 ; 0.00309199 ; 0.0063862 ; 101.444;
20 ; 18 ; 11 ; 0.188507 ; 0.00785876 ; -0.00783714 ; 101.794;
21 ; 18 ; 11 ; 0.19581 ; -0.0112526 ; 4.60263e-05 ; 101.728;
4 ; 19 ; 11 ; 0.184446 ; 0.0112395 ; 0.0102755 ; 100.98;
5 ; 19 ; 11 ; 0.175453 ; -0.0202826 ; -0.0036685 ; 101.559;
6 ; 19 ; 11 ; 0.161371 ; -0.0158692 ; 0.00451319 ; 101.195;
7 ; 19 ; 11 ; 0.15723 ; -0.00304132 ; -0.00642612 ; 101.708;
8 ; 19 ; 11 ; 0.202339 ; 0.0125897 ; 0.0155379 ; 101.287;
9 ; 19 ; 11 ; 0.171181 ; -0.00896394 ; 0.0102781 ; 101.911;
10 ; 19 ; 11 ; 0.181542 ; -0.0158397 ; 0.0060297 ; 101.236;
11 ; 19 ; 11 ; 0.174225 ; -0.00442415 ; -0.022135 ; 101.536;
12 ; 19 ; 11 ; 0.170828 ; -0.000722904 ; 0.00547679 ; 101.744;
13 ; 19 ; 11 ; 0.162904 ; -0.0117561 ; 0.00913049 ; 101.21;
14 ; 19 ; 11 ; 0.168751 ; -1.85482e-05 ; -0.000497277 ; 101.432;
15 ; 19 ; 11 ; 0.189197 ; -0.00284586 ; 0.000774007 ; 101.134;
16 ; 19 ; 11 ; 0.170381 ; 0.00349957 ; -0.00974789 ; 102.124;
17 ; 19 ; 11 ; 0.177999 ; -0.002531 ; 0.00591436 ; 101.891;
18 ; 19 ; 11 ; 0.174455 ; 0.00506133 ; -0.0163157 ; 101.831;
19 ; 19 ; 11 ; 0.180577 ; 0.00459428 ; 0.00317469 ; 101.704;
20 ; 19 ; 11 ; 0.181623 ; -0.00889543 ; -0.0106551 ; 101.445;
21 ; 19 ; 11 ; 0.1886 ; -0.0157444 ; 0.0146704 ; 101.678;
4 ; 20 ; 11 ; 0.186012 ; -0.00191894 ; -0.0157052 ; 101.852;
5 ; 20 ; 11 ; 0.174985 ; 0.0151981 ; -0.00508409 ; 101.407;
6 ; 20 ; 11 ; 0.15507 ; 0.0140797 ; 0.0107447 ; 102.078;
7 ; 20 ; 11 ; 0.164282 ; -0.00857286 ; 0.0018305 ; 101.882;
8 ; 20 ; 11 ; 0.184986 ; -0.00806034 ; -0.00321802 ; 101.99;
9 ; 20 ; 11 ; 0.189285 ; 0.00983901 ; -0.0078792 ; 101.732;
10 ; 20 ; 11 ; 0.184822 ; 0.02056 ; 0.0123715 ; 101.499;
11 ; 20 ; 11 ; 0.1636 ; -0.00834897 ; 0.0134575 ; 101.499;
12 ; 20 ; 11 ; 0.171422 ; 0.00669606 ; -0.0119918 ; 101.479;
13 ; 20 ; 11 ; 0.193789 ; -0.00710795 ; -0.0117493 ; 101.482;
14 ; 20 ; 11 ; 0.172533 ; -0.0172682 ; -0.00539281 ; 101.362;
15 ; 20 ; 11 ; 0.156492 ; -0.00581417 ; -0.0124025 ; 101.739;
16 ; 20 ; 11 ; 0.183525 ; 0.00391092 ; 0.0136991 ; 101.894;
17 ; 20 ; 11 ; 0.182862 ; -0.0096153 ; 0.0158923 ; 101.301;
18 ; 20 ; 11 ; 0.178687 ; -0.00373079 ; 0.00309638 ; 101.792;
19 ; 20 ; 11 ; 0.186864 ; -0.0138775 ; -0.00175839 ; 102.037;
20 ; 20 ; 11 ; 0.158576 ; 0.0144685 ; 0.00282278 ; 101.663;
21 ; 20 ; 11 ; 0.16619 ; -0.00243154 ; -0.00452801 ; 101.618;
4 ; 21 ; 11 ; 0.184965 ; -0.00138685 ; -0.0272637 ; 101.607;
5 ; 21 ; 11 ; 0.169032 ; -0.00101083 ; -0.0154245 ; 101.121;
6 ; 21 ; 11 ; 0.192482 ; 0.00752082 ; 0.00643695 ; 101.595;
7 ; 21 ; 11 ; 0.189018 ; 0.00122644 ; -0.00894453 ; 101.54;
8 ; 21 ; 11 ; 0.178257 ; -0.0114664 ; -0.0118555 ; 101.45;
9 ; 21 ; 11 ; 0.177861 ; 0.000686644 ; 0.0120693 ; 101.458;
10 ; 21 ; 11 ; 0.193668 ; -0.0111497 ; -0.00302179 ; 101.938;
11 ; 21 ; 11 ; 0.178393 ; 0.00304875 ; -0.0188112 ; 100.993;
12 ; 21 ; 11 ; 0.18243 ; 0.00833596 ; 0.00267524 ; 101.851;
13 ; 21 ; 11 ; 0.160705 ; 0.00177318 ; -0.00411976 ; 101.032;
14 ; 21 ; 11 ; 0.186332 ; -0.0173453 ; -0.00725942 ; 101.689;
15 ; 21 ; 11 ; 0.190934 ; 0.00432257 ; 0.00396923 ; 101.53;
16 ; 21 ; 11 ; 0.171971 ; -0.00742918 ; 0.00423407 ; 102.016;
17 ; 21 ; 11 ; 0.189665 ; 0.0115594 ; -0.00857218 ; 101.774;
18 ; 21 ; 11 ; 0.190867 ; -0.00511523 ; 0.0014737 ; 101.799;
19 ; 21 ; 11 ; 0.172334 ; 0.0013682 ; -0.0130374 ; 101.886;
20 ; 21 ; 11 ; 0.198228 ; 0.0139684 ; -0.00266233 ; 102.1;
21 ; 21 ; 11 ; 0.167653 ; -0.00215404 ; -0.00358245 ; 101.378;
4 ; 4 ; 12 ; 0.138871 ; 0.00135023 ; 0.00146689 ; 101.297;
5 ; 4 ; 12 ; 0.132112 ; 0.000307057 ; 0.0190654 ; 101.564;
6 ; 4 ; 12 ; 0.129038 ; 0.0063201 ; 3.73277e-05 ; 102.042;
7 ; 4 ; 12 ; 0.139416 ; -0.0131794 ; -0.0144142 ; 101.946;
8 ; 4 ; 12 ; 0.146705 ; -0.0227229 ; -0.00796119 ; 101.673;
9 ; 4 ; 12 ; 0.135836 ; -0.00783266 ; -0.0157291 ; 101.96;
10 ; 4 ; 12 ; 0.155142 ; 0.00937397 ; 0.0199998 ; 101.82;
11 ; 4 ; 12 ; 0.142422 ; 0.0161762 ; -0.00577858 ; 101.336;
12 ; 4 ; 12 ; 0.120294 ; 0.0187871 ; 0.00683185 ; 101.362;
13 ; 4 ; 12 ; 0.130256 ; -0.0058064 ; -0.00815261 ; 101.655;
14 ; 4 ; 12 ; 0.139118 ; -0.0105612 ; 0.0151174 ; 101.034;
15 ; 4 ; 12 ; 0.122247 ; -0.00206479 ; -0.00205515 ; 101.686;
16 ; 4 ; 12 ; 0.130946 ; -0.0129778 ; 0.00139106 ; 102.067;
17 ; 4 ; 12 ; 0.127835 ; -0.00251191 ; -0.00582581 ; 101.099;
18 ; 4 ; 12 ; 0.143151 ; -0.00512189 ; 0.0119938 ; 101.553;
19 ; 4 ; 12 ; 0.140384 ; -0.0200785 ; -0.00970106 ; 101.939;
20 ; 4 ; 12 ; 0.140664 ; 0.0015511 ; -0.0193001 ; 101.305;
21 ; 4 ; 12 ; 0.153589 ; 0.0136027 ; -0.00613743 ; 101.649;
4 ; 5 ; 12 ; 0.121859 ; 0.00203798 ; 0.0138777 ; 102.151;
5 ; 5 ; 12 ; 0.138504 ; 0.000212654 ; 0.0113172 ; 101.508;
6 ; 5 ; 12 ; 0.132306 ; -0.000615537 ; 0.00346169 ; 102.057;
7 ; 5 ; 12 ; 0.142361 ; 0.00870515 ; 0.00282771 ; 100.953;
8 ; 5 ; 12 ; 0.128084 ; -0.0213575 ; -0.0029298 ; 102.219;
9 ; 5 ; 12 ; 0.122597 ; -0.00387344 ; 0.00450419 ; 101.262;
10 ; 5 ; 12 ; 0.143645 ; 0.0100677 ; 0.0129887 ; 101.765;
11 ; 5 ; 12 ; 0.130758 ; 7.4747e-05 ; 0.00601029 ; 101.875;
12 ; 5 ; 12 ; 0.127244 ; 0.0200416 ; 0.0111669 ; 100.964;
13 ; 5 ; 12 ; 0.143771 ; 0.00432128 ; 0.0184039 ; 101.569;
14 ; 5 ; 12 ; 0.125145 ; -0.0101244 ; -0.00925804 ; 101.757;
15 ; 5 ; 12 ; 0.125577 ; 0.0125661 ; 0.00386012 ; 101.692;
16 ; 5 ; 12 ; 0.156907 ; -0.00512051 ; -0.00718893 ; 100.661;
17 ; 5 ; 12 ; 0.115889 ; -0.00322818 ; -0.00195122 ; 100.943;
18 ; 5 ; 12 ; 0.145638 ; -0.010723 ; 0.00121538 ; 101.916;
19 ; 5 ; 12 ; 0.155573 ; -0.00140691 ; -0.0126181 ; 101.869;
20 ; 5 ; 12 ; 0.155135 ; -0.0209419 ; -0.00861329 ; 101.424;
21 ; 5 ; 12 ; 0.142278 ; 0.00117508 ; -0.0157467 ; 102.03;
4 ; 6 ; 12 ; 0.145869 ; 0.00825129 ; -0.0221266 ; 101.856;
5 ; 6 ; 12 ; 0.150513 ; -0.0126205 ; 0.00874609 ; 101.794;
6 ; 6 ; 12 ; 0.132636 ; 0.00324663 ; -4.70569e-05 ; 100.995;
7 ; 6 ; 12 ; 0.126659 ; 0.00213396 ; 0.0141936 ; 102.004;
8 ; 6 ; 12 ; 0.145111 ; 0.00557968 ; 0.00739135 ; 101.685;
9 ; 6 ; 12 ; 0.119928 ; 0.00577055 ; 0.00362008 ; 100.937;
10 ; 6 ; 12 ; 0.137287 ; 0.0182518 ; 0.0211467 ; 101.353;
11 ; 6 ; 12 ; 0.134901 ; 0.013994 ; -0.0289241 ; 101.006;
12 ; 6 ; 12 ; 0.149803 ; -0.00304652 ; 0.0151893 ; 101.948;
13 ; 6 ; 12 ; 0.150612 ; -0.00555959 ; -0.00383309 ; 101.374;
14 ; 6 ; 12 ; 0.139308 ; 0.0267513 ; 0.000313089 ; 101.304;
15 ; 6 ; 12 ; 0.132639 ; -0.00366398 ; -0.00127215 ; 100.765;
16 ; 6 ; 12 ; 0.125405 ; -0.0027458 ; -0.0144391 ; 101.663;
17 ; 6 ; 12 ; 0.149216 ; -0.010865 ; -0.0143722 ; 101.557;
18 ; 6 ; 12 ; 0.146316 ; -0.00525366 ; 0.0022864 ; 101.526;
19 ; 6 ; 12 ; 0.113203 ; -0.00439593 ; -0.012245 ; 101.947;
20 ; 6 ; 12 ; 0.134552 ; 0.0103352 ; -0.0173458 ; 101.748;
21 ; 6 ; 12 ; 0.144486 ; -0.000716647 ; -0.0136665 ; 101.729;
4 ; 7 ; 12 ; 0.13122 ; 0.00495833 ; 0.00120923 ; 101.575;
5 ; 7 ; 12 ; 0.14564 ; -0.00587785 ; 0.000638049 ; 101.525;
6 ; 7 ; 12 ; 0.138766 ; -0.0114184 ; 0.00342698 ; 101.315;
7 ; 7 ; 12 ; 0.141216 ; -0.00106457 ; 0.00724201 ; 101.421;
8 ; 7 ; 12 ; 0.130856 ; 0.0202695 ; 0.010462 ; 101.953;
9 ; 7 ; 12 ; 0.135827 ; 0.0136453 ; 0.019587 ; 101.191;
10 ; 7 ; 12 ; 0.119515 ; -0.00374304 ; 0.0117028 ; 102.049;
11 ; 7 ; 12 ; 0.165918 ; 0.0191403 ; -0.00755783 ; 101.594;
12 ; 7 ; 12 ; 0.134021 ; 0.00391821 ; -0.00570263 ; 101.403;
13 ; 7 ; 12 ; 0.134856 ; -0.000856551 ; -0.0117947 ; 101.377;
14 ; 7 ; 12 ; 0.140166 ; -0.0158008 ; 0.010013 ; 102.191;
15 ; 7 ; 12 ; 0.125699 ; 0.00937411 ; 0.0190608 ; 101.84;
16 ; 7 ; 12 ; 0.137474 ; -0.0106228 ; 0.0126638 ; 101.092;
17 ; 7 ; 12 ; 0.132238 ; -0.000281291 ; -0.00868377 ; 102.17;
18 ; 7 ; 12 ; 0.152272 ; 0.0119265 ; -0.00902487 ; 101.525;
19 ; 7 ; 12 ; 0.140137 ; 0.0141551 ; -0.00134174 ; 101.428;
20 ; 7 ; 12 ; 0.133342 ; -0.00618998 ; -0.0334828 ; 101.129;
21 ; 7 ; 12 ; 0.12729 ; 0.0129828 ; -0.00363789 ; 101.568;
4 ; 8 ; 12 ; 0.133512 ; 0.00525827 ; 0.0109715 ; 101.471;
5 ; 8 ; 12 ; 0.136678 ; 0.00747495 ; 0.0201393 ; 101.719;
6 ; 8 ; 12 ; 0.123488 ; 0.00962087 ; 0.00391007 ; 101.343;
7 ; 8 ; 12 ; 0.134914 ; 0.00180163 ; 0.00247131 ; 101.541;
8 ; 8 ; 12 ; 0.13125 ; 0.00397328 ; 0.0145583 ; 101.668;
9 ; 8 ; 12 ; 0.110539 ; -0.0161862 ; 0.000625211 ; 101.741;
10 ; 8 ; 12 ; 0.145087 ; 0.0130411 ; 0.00507066 ; 101.823;
11 ; 8 ; 12 ; 0.123594 ; 0.0144511 ; -0.00237308 ; 102.047;
12 ; 8 ; 12 ; 0.141957 ; -0.0109217 ; -0.00190713 ; 101.398;
13 ; 8 ; 12 ; 0.132502 ; 0.000608589 ; 0.0196618 ; 101.687;
14 ; 8 ; 12 ; 0.138139 ; 0.00117117 ; 0.0127996 ; 101.26;
15 ; 8 ; 12 ; 0.138586 ; 0.0127301 ; -0.0192389 ; 101.935;
16 ; 8 ; 12 ; 0.150846 ; 0.00573912 ; -0.0299877 ; 101.17;
17 ; 8 ; 12 ; 0.134145 ; 0.000265022 ; 0.000791483 ; 101.644;
18 ; 8 ; 12 ; 0.150742 ; 0.0255253 ; -0.00597314 ; 101.124;
19 ; 8 ; 12 ; 0.132546 ; -0.00420409 ; -0.0103599 ; 100.95;
20 ; 8 ; 12 ; 0.12547 ; -0.00506011 ; -0.00324196 ; 101.978;
21 ; 8 ; 12 ; 0.122152 ; 0.010627 ; 0.00277812 ; 101.002;
4 ; 9 ; 12 ; 0.128356 ; -0.00478159 ; -0.00335442 ; 101.606;
5 ; 9 ; 12 ; 0.124813 ; 0.00225949 ; 0.00700452 ; 101.781;
6 ; 9 ; 12 ; 0.130403 ; 0.00504973 ; 0.00859346 ; 101.269;
7 ; 9 ; 12 ; 0.152227 ; -0.00748655 ; -0.00369893 ; 101.751;
8 ; 9 ; 12 ; 0.139127 ; -0.00629914 ; 0.0141864 ; 101.717;
9 ; 9 ; 12 ; 0.125847 ; -0.00636242 ; 0.0162203 ; 101.317;
10 ; 9 ; 12 ; 0.141462 ; -0.0023277 ; 0.00365878 ; 101.789;
11 ; 9 ; 12 ; 0.146797 ; 0.0042913 ; 0.0106848 ; 101.469;
12 ; 9 ; 12 ; 0.124271 ; 0.00218082 ; 0.00360252 ; 101.251;
13 ; 9 ; 12 ; 0.145907 ; -0.00773014 ; -0.00397578 ; 101.983;
14 ; 9 ; 12 ; 0.168809 ; 0.00122582 ; -0.00929679 ; 101.993;
15 ; 9 ; 12 ; 0.136934 ; -0.0153056 ; 0.00166314 ; 101.577;
16 ; 9 ; 12 ; 0.140613 ; -0.0177208 ; -0.0233597 ; 101.996;
17 ; 9 ; 12 ; 0.132151 ; 0.00156182 ; -0.00626841 ; 101.743;
18 ; 9 ; 12 ; 0.136059 ; 0.000552574 ; -0.0149996 ; 102.19;
19 ; 9 ; 12 ; 0.151054 ; -0.00894015 ; -0.0238999 ; 101.781;
20 ; 9 ; 12 ; 0.146062 ; -0.00354496 ; 0.00820207 ; 101.872;
21 ; 9 ; 12 ; 0.156691 ; -0.00198178 ; -0.00372197 ; 100.991;
4 ; 10 ; 12 ; 0.120558 ; -0.00165728 ; -0.0068423 ; 101.158;
5 ; 10 ; 12 ; 0.125342 ; 0.00507531 ; -0.0104581 ; 101.188;
6 ; 10 ; 12 ; 0.139929 ; -0.00080437 ; 0.00349979 ; 100.927;
7 ; 10 ; 12 ; 0.134335 ; -0.0100365 ; 0.0107507 ; 101.697;
8 ; 10 ; 12 ; 0.137203 ; 0.0071465 ; 0.000498706 ; 101.35;
9 ; 10 ; 12 ; 0.111193 ; -0.00175866 ; 0.0103555 ; 101.314;
10 ; 10 ; 12 ; 0.11738 ; -0.00916728 ; -0.0289608 ; 101.889;
11 ; 10 ; 12 ; 0.114276 ; 0.000412504 ; 0.000790175 ; 101.526;
12 ; 10 ; 12 ; 0.12817 ; -0.0140909 ; 0.0155598 ; 101.285;
13 ; 10 ; 12 ; 0.142411 ; -0.00194389 ; -0.00116643 ; 100.692;
14 ; 10 ; 12 ; 0.127468 ; -0.00510169 ; -0.00182163 ; 102.106;
15 ; 10 ; 12 ; 0.13455 ; -0.00728903 ; -0.00696429 ; 101.615;
16 ; 10 ; 12 ; 0.133264 ; -0.0171631 ; -0.000489016 ; 101.671;
17 ; 10 ; 12 ; 0.130355 ; -0.00665571 ; -0.00286289 ; 101.411;
18 ; 10 ; 12 ; 0.139512 ; -0.00745279 ; -0.0410721 ; 101.788;
19 ; 10 ; 12 ; 0.136946 ; 0.0194365 ; -0.0106036 ; 101.405;
20 ; 10 ; 12 ; 0.13162 ; 0.00971791 ; -0.0097429 ; 101.505;
21 ; 10 ; 12 ; 0.148866 ; 0.000342615 ; 0.00343517 ; 101.333;
4 ; 11 ; 12 ; 0.136351 ; -0.00642155 ; 0.0247251 ; 101.523;
5 ; 11 ; 12 ; 0.1447 ; -0.0170628 ; -0.00390635 ; 101.957;
6 ; 11 ; 12 ; 0.133679 ; -0.00306103 ; 0.00103995 ; 101.567;
7 ; 11 ; 12 ; 0.13579 ; 0.0120592 ; 0.0119145 ; 101.47;
8 ; 11 ; 12 ; 0.1398 ; 0.00956547 ; -0.0231547 ; 101.559;
9 ; 11 ; 12 ; 0.117924 ; -0.00632591 ; -0.00331878 ; 101.856;
10 ; 11 ; 12 ; 0.139646 ; 0.00627796 ; 0.00864452 ; 101.553;
11 ; 11 ; 12 ; 0.129948 ; 0.00174659 ; 0.012709 ; 101.43;
12 ; 11 ; 12 ; 0.136038 ; -0.00442899 ; -0.00170944 ; 101.462;
13 ; 11 ; 12 ; 0.13323 ; 0.00622665 ; -0.00323683 ; 102.096;
14 ; 11 ; 12 ; 0.136666 ; 0.00869786 ; -0.00274253 ; 101.546;
15 ; 11 ; 12 ; 0.147201 ; 0.00295062 ; -0.00383572 ; 102.074;
16 ; 11 ; 12 ; 0.147681 ; 0.0193789 ; -0.00302791 ; 101.572;
17 ; 11 ; 12 ; 0.136638 ; -0.0115329 ; -6.28015e-05 ; 102.104;
18 ; 11 ; 12 ; 0.126461 ; 0.00535229 ; -0.0174939 ; 101.748;
19 ; 11 ; 12 ; 0.164509 ; 0.00328147 ; -0.00483989 ; 101.923;
20 ; 11 ; 12 ; 0.137538 ; 0.00281734 ; -0.00804359 ; 101.233;
21 ; 11 ; 12 ; 0.148192 ; 0.00124487 ; -6.75752e-05 ; 101.681;
4 ; 12 ; 12 ; 0.126997 ; -0.00810473 ; -0.003692 ; 101.719;
5 ; 12 ; 12 ; 0.134796 ; 0.00969219 ; -0.0101171 ; 101.555;
6 ; 12 ; 12 ; 0.146057 ; -0.00299931 ; 0.00654674 ; 101.147;
7 ; 12 ; 12 ; 0.124335 ; -0.00233532 ; -0.00704636 ; 102.004;
8 ; 12 ; 12 ; 0.137879 ; 0.00420091 ; 0.00395289 ; 100.943;
9 ; 12 ; 12 ; 0.13849 ; 0.00560255 ; -0.00602828 ; 101.428;
10 ; 12 ; 12 ; 0.141816 ; -0.00299338 ; 0.00190089 ; 101.387;
11 ; 12 ; 12 ; 0.13332 ; 0.00186192 ; -0.00517278 ; 101.586;
12 ; 12 ; 12 ; 0.134067 ; 0.00470999 ; -0.0128514 ; 101.218;
13 ; 12 ; 12 ; 0.136714 ; 0.00169576 ; -0.0197029 ; 101.376;
14 ; 12 ; 12 ; 0.135416 ; 0.0121859 ; -0.00166543 ; 101.675;
15 ; 12 ; 12 ; 0.137919 ; -0.00597505 ; -0.00479334 ; 101.383;
16 ; 12 ; 12 ; 0.141588 ; -0.00421688 ; -0.00352224 ; 101.937;
17 ; 12 ; 12 ; 0.112113 ; 0.00149615 ; -0.00747167 ; 101.583;
18 ; 12 ; 12 ; 0.112582 ; 0.00801705 ; -0.0018697 ; 101.182;
19 ; 12 ; 12 ; 0.128604 ; 0.0192034 ; -0.010177 ; 100.475;
20 ; 12 ; 12 ; 0.132694 ; 0.00211896 ; 0.00219847 ; 101.46;
21 ; 12 ; 12 ; 0.125252 ; -0.00650587 ; 0.00730927 ; 101.878;
4 ; 13 ; 12 ; 0.137616 ; -0.00687268 ; -0.00707656 ; 101.831;
5 ; 13 ; 12 ; 0.130685 ; 0.0138916 ; 0.00920591 ; 101.729;
6 ; 13 ; 12 ; 0.143859 ; -0.0026727 ; -0.00616638 ; 101.205;
7 ; 13 ; 12 ; 0.156403 ; 0.0140165 ; 0.0159412 ; 102.167;
8 ; 13 ; 12 ; 0.137235 ; 0.000994553 ; 0.00903255 ; 101.26;
9 ; 13 ; 12 ; 0.124077 ; -0.00129736 ; -0.00781727 ; 101.475;
10 ; 13 ; 12 ; 0.118969 ; 0.015711 ; 0.0113456 ; 101.036;
11 ; 13 ; 12 ; 0.129172 ; -0.000377141 ; -0.00614437 ; 101.346;
12 ; 13 ; 12 ; 0.144103 ; -0.00103124 ; 0.00995929 ; 101.147;
13 ; 13 ; 12 ; 0.153985 ; 0.0258909 ; 0.00371829 ; 101.892;
14 ; 13 ; 12 ; 0.130675 ; 0.00382605 ; 0.00888181 ; 101.522;
15 ; 13 ; 12 ; 0.123955 ; 0.0111088 ; 0.00369439 ; 101.683;
16 ; 13 ; 12 ; 0.126849 ; 0.00553653 ; 0.000199593 ; 101.869;
17 ; 13 ; 12 ; 0.12215 ; -0.00843745 ; 0.0100405 ; 101.594;
18 ; 13 ; 12 ; 0.133441 ; -0.00349174 ; -0.013651 ; 101.923;
19 ; 13 ; 12 ; 0.14474 ; -0.00053839 ; -0.0139187 ; 101.921;
20 ; 13 ; 12 ; 0.150388 ; 0.00146695 ; -0.0136626 ; 101.097;
21 ; 13 ; 12 ; 0.146186 ; 0.00583992 ; -0.0161456 ; 101.559;
4 ; 14 ; 12 ; 0.143868 ; -0.01203 ; 0.00425061 ; 101.705;
5 ; 14 ; 12 ; 0.123692 ; 0.00972658 ; 0.0110731 ; 100.962;
6 ; 14 ; 12 ; 0.130063 ; -0.00318902 ; 0.00579188 ; 101.499;
7 ; 14 ; 12 ; 0.118384 ; 0.00845996 ; 0.0189903 ; 101.403;
8 ; 14 ; 12 ; 0.140283 ; 0.0181709 ; 0.0117732 ; 101.374;
9 ; 14 ; 12 ; 0.122624 ; 0.0142952 ; 0.0230328 ; 101.262;
10 ; 14 ; 12 ; 0.119281 ; 0.00495801 ; 0.0132373 ; 101.933;
11 ; 14 ; 12 ; 0.12416 ; -0.000346154 ; 0.00987695 ; 101.851;
12 ; 14 ; 12 ; 0.136178 ; 0.00480219 ; -0.00175527 ; 101.244;
13 ; 14 ; 12 ; 0.125249 ; 0.03066 ; 0.0132397 ; 101.81;
14 ; 14 ; 12 ; 0.126952 ; -0.00125126 ; 0.000687252 ; 101.9;
15 ; 14 ; 12 ; 0.12263 ; -0.00390909 ; -0.0124922 ; 101.321;
16 ; 14 ; 12 ; 0.109851 ; -0.000381988 ; -0.0105753 ; 101.316;
17 ; 14 ; 12 ; 0.135203 ; 0.0100547 ; -0.00458432 ; 101.184;
18 ; 14 ; 12 ; 0.140741 ; 0.00643003 ; -0.0147445 ; 101.821;
19 ; 14 ; 12 ; 0.140949 ; -0.0105892 ; -0.0286604 ; 101.193;
20 ; 14 ; 12 ; 0.137496 ; 0.00545969 ; 0.00490362 ; 101.658;
21 ; 14 ; 12 ; 0.148447 ; 0.0038022 ; 0.0184033 ; 101.562;
4 ; 15 ; 12 ; 0.130283 ; -0.000472651 ; 0.0149036 ; 101.955;
5 ; 15 ; 12 ; 0.128007 ; 0.00057105 ; 0.00667961 ; 101.536;
6 ; 15 ; 12 ; 0.141078 ; 0.00690366 ; 0.000740276 ; 101.684;
7 ; 15 ; 12 ; 0.118194 ; -0.0017805 ; 0.00741521 ; 101.464;
8 ; 15 ; 12 ; 0.131299 ; -0.0191243 ; -0.00577839 ; 100.964;
9 ; 15 ; 12 ; 0.130753 ; 0.0108539 ; -0.000972234 ; 102.279;
10 ; 15 ; 12 ; 0.116519 ; 0.0130449 ; 0.0112378 ; 102.048;
11 ; 15 ; 12 ; 0.12952 ; 0.00553782 ; 0.00554934 ; 101.666;
12 ; 15 ; 12 ; 0.131671 ; 0.01708 ; 0.013227 ; 101.206;
13 ; 15 ; 12 ; 0.150514 ; 9.72717e-05 ; -0.00801019 ; 101.993;
14 ; 15 ; 12 ; 0.137554 ; 0.0120965 ; -0.00502434 ; 101.364;
15 ; 15 ; 12 ; 0.136343 ; 0.00359285 ; -0.014404 ; 101.958;
16 ; 15 ; 12 ; 0.122685 ; -0.00448302 ; -0.00898596 ; 102.042;
17 ; 15 ; 12 ; 0.134554 ; 0.0103507 ; -0.0148137 ; 101.567;
18 ; 15 ; 12 ; 0.135682 ; 0.00733775 ; -0.0102395 ; 101.496;
19 ; 15 ; 12 ; 0.13868 ; 0.0010126 ; -0.0251995 ; 101.486;
20 ; 15 ; 12 ; 0.149265 ; 0.0226971 ; -0.0019187 ; 102.143;
21 ; 15 ; 12 ; 0.129289 ; 0.00755392 ; -0.00225908 ; 101.524;
4 ; 16 ; 12 ; 0.124471 ; 0.00534664 ; 0.0205413 ; 101.771;
5 ; 16 ; 12 ; 0.127677 ; -0.00820117 ; 0.00629609 ; 101.589;
6 ; 16 ; 12 ; 0.123134 ; 0.0269485 ; 0.0129215 ; 101.979;
7 ; 16 ; 12 ; 0.137709 ; 0.000671022 ; 0.0198884 ; 102.155;
8 ; 16 ; 12 ; 0.12848 ; -0.00420632 ; 0.00374879 ; 101.498;
9 ; 16 ; 12 ; 0.123264 ; 0.00195011 ; 0.00628174 ; 101.662;
10 ; 16 ; 12 ; 0.127286 ; -0.0107775 ; 0.00454213 ; 101.534;
11 ; 16 ; 12 ; 0.135188 ; -0.00538733 ; 0.0143367 ; 100.833;
12 ; 16 ; 12 ; 0.127574 ; 0.0129988 ; 0.00200352 ; 101.492;
13 ; 16 ; 12 ; 0.123773 ; 0.00751061 ; -0.00766735 ; 100.939;
14 ; 16 ; 12 ; 0.132205 ; 0.00138796 ; 0.000678968 ; 101.624;
15 ; 16 ; 12 ; 0.13093 ; -0.010304 ; -0.0012424 ; 101.572;
16 ; 16 ; 12 ; 0.145619 ; 0.0261617 ; 0.00169421 ; 102.1;
17 ; 16 ; 12 ; 0.153495 ; 0.00521872 ; 0.00261011 ; 101.707;
18 ; 16 ; 12 ; 0.134452 ; 0.00958156 ; -0.0235067 ; 101.607;
19 ; 16 ; 12 ; 0.117572 ; -0.0140922 ; -0.00197437 ; 101.97;
20 ; 16 ; 12 ; 0.144856 ; 0.0067501 ; -0.0135912 ; 102.69;
21 ; 16 ; 12 ; 0.145825 ; -0.00155321 ; -0.000480166 ; 101.456;
4 ; 17 ; 12 ; 0.139257 ; 0.018529 ; -0.00531986 ; 101.274;
5 ; 17 ; 12 ; 0.132486 ; -0.00131053 ; 0.00164159 ; 100.737;
6 ; 17 ; 12 ; 0.137448 ; -0.0120399 ; -0.00491667 ; 101.403;
7 ; 17 ; 12 ; 0.138375 ; -0.00446308 ; -0.00254964 ; 101.359;
8 ; 17 ; 12 ; 0.127783 ; 0.00633782 ; 0.0142972 ; 101.814;
9 ; 17 ; 12 ; 0.137262 ; -0.0010371 ; 0.00532805 ; 101.517;
10 ; 17 ; 12 ; 0.121402 ; 0.013894 ; 0.0210071 ; 101.876;
11 ; 17 ; 12 ; 0.123122 ; 0.000933378 ; 0.00628669 ; 101.819;
12 ; 17 ; 12 ; 0.131004 ; -0.000929502 ; -0.0164896 ; 101.794;
13 ; 17 ; 12 ; 0.137219 ; 0.0158529 ; -0.0212145 ; 101.577;
14 ; 17 ; 12 ; 0.121233 ; 0.0134169 ; 0.000508088 ; 101.683;
15 ; 17 ; 12 ; 0.135832 ; -0.00236811 ; -0.00370289 ; 101.474;
16 ; 17 ; 12 ; 0.135712 ; 0.000251676 ; -0.001672 ; 101.252;
17 ; 17 ; 12 ; 0.128783 ; 0.00918013 ; -0.00258527 ; 101.159;
18 ; 17 ; 12 ; 0.138346 ; -0.00519374 ; -0.0025779 ; 102.148;
19 ; 17 ; 12 ; 0.115554 ; -0.0125645 ; 0.0019104 ; 101.753;
20 ; 17 ; 12 ; 0.149374 ; -0.00341834 ; -0.00520679 ; 101.664;
21 ; 17 ; 12 ; 0.139708 ; 0.0260158 ; 0.00410012 ; 101.047;
4 ; 18 ; 12 ; 0.131407 ; -0.0171863 ; -0.00101079 ; 101.196;
5 ; 18 ; 12 ; 0.144281 ; 0.00201731 ; -0.00189283 ; 101.885;
6 ; 18 ; 12 ; 0.128596 ; 0.020445 ; 0.00436493 ; 101.429;
7 ; 18 ; 12 ; 0.136873 ; 0.000688849 ; -0.00490555 ; 101.33;
8 ; 18 ; 12 ; 0.128827 ; 0.00292488 ; -0.00330061 ; 100.997;
9 ; 18 ; 12 ; 0.139787 ; 0.00768617 ; 0.00869253 ; 101.19;
10 ; 18 ; 12 ; 0.125015 ; -0.000194499 ; 0.00706004 ; 101.51;
11 ; 18 ; 12 ; 0.138166 ; 0.0183044 ; 0.000368865 ; 101.518;
12 ; 18 ; 12 ; 0.128109 ; 0.000521264 ; 0.0112525 ; 101.85;
13 ; 18 ; 12 ; 0.136437 ; 0.0158265 ; -0.00420246 ; 101.784;
14 ; 18 ; 12 ; 0.144046 ; 0.0096103 ; 0.00493589 ; 101.648;
15 ; 18 ; 12 ; 0.133847 ; -0.00737039 ; -0.00630083 ; 101.278;
16 ; 18 ; 12 ; 0.132153 ; 0.00960186 ; -0.00169689 ; 101.741;
17 ; 18 ; 12 ; 0.142706 ; 0.00422106 ; -0.0234848 ; 102.162;
18 ; 18 ; 12 ; 0.127018 ; 0.0081585 ; -0.027621 ; 101.495;
19 ; 18 ; 12 ; 0.148087 ; 0.000237002 ; 0.0025358 ; 101.412;
20 ; 18 ; 12 ; 0.151068 ; 0.00303512 ; -0.00014554 ; 101.434;
21 ; 18 ; 12 ; 0.150678 ; -0.00470584 ; -0.0190149 ; 101.61;
4 ; 19 ; 12 ; 0.128486 ; 0.00113479 ; 0.0126927 ; 101.53;
5 ; 19 ; 12 ; 0.122306 ; 0.0100089 ; -0.00880295 ; 101.654;
6 ; 19 ; 12 ; 0.13501 ; 0.00389036 ; -0.00151802 ; 101.624;
7 ; 19 ; 12 ; 0.129092 ; -0.00408713 ; 0.00826696 ; 102.207;
8 ; 19 ; 12 ; 0.132665 ; 0.022418 ; -0.00904026 ; 102.001;
9 ; 19 ; 12 ; 0.134281 ; -0.00638964 ; -0.016435 ; 100.955;
10 ; 19 ; 12 ; 0.122982 ; -0.00901195 ; -0.0140332 ; 101.545;
11 ; 19 ; 12 ; 0.124536 ; 0.00542094 ; 0.00369536 ; 101.751;
12 ; 19 ; 12 ; 0.123006 ; 0.00996583 ; -4.43684e-05 ; 101.573;
13 ; 19 ; 12 ; 0.138231 ; 0.00807638 ; -0.00060049 ; 101.451;
14 ; 19 ; 12 ; 0.144775 ; -0.0122699 ; 0.0067276 ; 101.301;
15 ; 19 ; 12 ; 0.141965 ; 0.00135049 ; -0.00272174 ; 101.572;
16 ; 19 ; 12 ; 0.139272 ; -0.0235071 ; 0.00102373 ; 101.659;
17 ; 19 ; 12 ; 0.144149 ; 0.00428243 ; 0.00175968 ; 101.36;
18 ; 19 ; 12 ; 0.141896 ; -0.0174333 ; -0.0172034 ; 101.445;
19 ; 19 ; 12 ; 0.156405 ; 0.0154781 ; -0.00917555 ; 101.778;
20 ; 19 ; 12 ; 0.135631 ; -0.0197173 ; 0.0053759 ; 101.179;
21 ; 19 ; 12 ; 0.124649 ; 0.00970944 ; -0.00713991 ; 101.334;
4 ; 20 ; 12 ; 0.156097 ; 0.0140098 ; -0.00138278 ; 101.414;
5 ; 20 ; 12 ; 0.129767 ; 0.00256797 ; 0.00811342 ; 100.609;
6 ; 20 ; 12 ; 0.132515 ; -0.00732869 ; 0.00779354 ; 101.507;
7 ; 20 ; 12 ; 0.136408 ; -0.000380495 ; 0.00112113 ; 101.556;
8 ; 20 ; 12 ; 0.150417 ; -0.0112977 ; -0.0106065 ; 100.903;
9 ; 20 ; 12 ; 0.138954 ; -0.0225091 ; 0.00455011 ; 101.892;
10 ; 20 ; 12 ; 0.119847 ; 0.00789588 ; -0.00140985 ; 101.255;
11 ; 20 ; 12 ; 0.141285 ; 0.00195894 ; -0.00545918 ; 101.787;
12 ; 20 ; 12 ; 0.145055 ; 0.00252877 ; 0.0204735 ; 101.882;
13 ; 20 ; 12 ; 0.137193 ; -0.00101218 ; -0.00236006 ; 101.889;
14 ; 20 ; 12 ; 0.137434 ; 0.00659736 ; -0.0127518 ; 102.22;
15 ; 20 ; 12 ; 0.132755 ; 0.0210671 ; 0.00104023 ; 101.8;
16 ; 20 ; 12 ; 0.111855 ; -0.0178431 ; 0.00906883 ; 101.93;
17 ; 20 ; 12 ; 0.127164 ; 0.0147434 ; 0.00148079 ; 101.304;
18 ; 20 ; 12 ; 0.141269 ; 0.00326398 ; -0.00388526 ; 100.869;
19 ; 20 ; 12 ; 0.147698 ; 0.0223722 ; -0.0275818 ; 101.313;
20 ; 20 ; 12 ; 0.142762 ; 0.0110348 ; -0.00437605 ; 101.193;
21 ; 20 ; 12 ; 0.137071 ; -0.015603 ; -0.00878471 ; 100.969;
4 ; 21 ; 12 ; 0.130109 ; 0.00896563 ; -0.0101723 ; 101.081;
5 ; 21 ; 12 ; 0.139313 ; 0.00388334 ; 0.0121092 ; 101.683;
6 ; 21 ; 12 ; 0.136475 ; 0.000704077 ; 0.00163383 ; 101.291;
7 ; 21 ; 12 ; 0.12465 ; 0.00302942 ; -0.0024891 ; 101.21;
8 ; 21 ; 12 ; 0.130888 ; 0.00166825 ; 0.0113783 ; 102.143;
9 ; 21 ; 12 ; 0.127463 ; -0.00478662 ; 0.000166016 ; 101.508;
10 ; 21 ; 12 ; 0.130188 ; 0.0092733 ; -0.00290506 ; 101.556;
11 ; 21 ; 12 ; 0.148607 ; 0.0050295 ; -0.0205337 ; 101.45;
12 ; 21 ; 12 ; 0.125311 ; -0.00240354 ; -0.0105729 ; 101.903;
13 ; 21 ; 12 ; 0.124161 ; -0.000218868 ; 0.000664296 ; 101.485;
14 ; 21 ; 12 ; 0.137495 ; -0.019139 ; 0.00305887 ; 101.824;
15 ; 21 ; 12 ; 0.143886 ; 0.0201882 ; 0.000488661 ; 101.338;
16 ; 21 ; 12 ; 0.139417 ; -0.0107071 ; -0.00409786 ; 101.442;
17 ; 21 ; 12 ; 0.133762 ; -0.0141004 ; -0.0139058 ; 102.078;
18 ; 21 ; 12 ; 0.117103 ; 0.00822178 ; -0.00745633 ; 101.264;
19 ; 21 ; 12 ; 0.137175 ; 0.00988971 ; -0.0312015 ; 102.419;
20 ; 21 ; 12 ; 0.135996 ; 0.0169812 ; -0.00791859 ; 101.259;
21 ; 21 ; 12 ; 0.121155 ; -0.0063416 ; -0.00228805 ; 101.604;
4 ; 4 ; 13 ; 0.107909 ; 0.000164135 ; 0.000530956 ; 101.451;
5 ; 4 ; 13 ; 0.100859 ; 0.00980593 ; -0.0158416 ; 102.124;
6 ; 4 ; 13 ; 0.0979742 ; 0.00312009 ; -0.00565312 ; 101.122;
7 ; 4 ; 13 ; 0.109782 ; 0.00806493 ; 0.0229753 ; 101.762;
8 ; 4 ; 13 ; 0.100997 ; -0.0019231 ; -0.00838125 ; 101.708;
9 ; 4 ; 13 ; 0.111651 ; -0.00430624 ; -0.0141057 ; 101.143;
10 ; 4 ; 13 ; 0.104541 ; -0.0125163 ; 0.00982481 ; 101.958;
11 ; 4 ; 13 ; 0.10472 ; -0.0187389 ; 0.00801987 ; 101.223;
12 ; 4 ; 13 ; 0.110604 ; 0.00739941 ; 0.00749058 ; 101.784;
13 ; 4 ; 13 ; 0.102756 ; 0.0180274 ; 0.0102999 ; 101.404;
14 ; 4 ; 13 ; 0.0985832 ; 0.00412792 ; 0.00933052 ; 101.64;
15 ; 4 ; 13 ; 0.0931574 ; -0.00236953 ; 0.00431388 ; 101.794;
16 ; 4 ; 13 ; 0.0902652 ; 0.00592953 ; 0.0209712 ; 101.108;
17 ; 4 ; 13 ; 0.109659 ; -0.00188541 ; 0.00536826 ; 102.564;
18 ; 4 ; 13 ; 0.11073 ; -0.00728815 ; -0.00233587 ; 101.158;
19 ; 4 ; 13 ; 0.110662 ; 0.0131426 ; -0.00753381 ; 101.603;
20 ; 4 ; 13 ; 0.113296 ; -0.00191804 ; -0.00284408 ; 100.742;
21 ; 4 ; 13 ; 0.118123 ; 0.00885329 ; 0.00487555 ; 102.04;
4 ; 5 ; 13 ; 0.0806739 ; 0.00330384 ; -0.00864778 ; 102.043;
5 ; 5 ; 13 ; 0.106263 ; -0.00889152 ; 0.0216944 ; 101.476;
6 ; 5 ; 13 ; 0.0970471 ; 0.00208851 ; 0.00510643 ; 101.521;
7 ; 5 ; 13 ; 0.0923201 ; 0.00132231 ; 0.02186 ; 102.339;
8 ; 5 ; 13 ; 0.0969632 ; -0.0151975 ; -0.00290972 ; 101.571;
9 ; 5 ; 13 ; 0.0834994 ; -0.000806482 ; 0.0152478 ; 101.391;
10 ; 5 ; 13 ; 0.126105 ; 0.00494355 ; -0.00928644 ; 101.447;
11 ; 5 ; 13 ; 0.11166 ; -0.0166121 ; 0.0113326 ; 101.162;
12 ; 5 ; 13 ; 0.101057 ; -0.00787118 ; 0.00517737 ; 101.675;
13 ; 5 ; 13 ; 0.0894026 ; -0.00835583 ; -0.00920821 ; 101.806;
14 ; 5 ; 13 ; 0.121365 ; -0.00679355 ; -0.00504672 ; 101.467;
15 ; 5 ; 13 ; 0.0901218 ; -0.00782538 ; -0.0304652 ; 101.981;
16 ; 5 ; 13 ; 0.0988716 ; -0.00228729 ; 0.0168664 ; 101.435;
17 ; 5 ; 13 ; 0.107635 ; 0.0112338 ; 0.00669346 ; 101.317;
18 ; 5 ; 13 ; 0.0941377 ; -0.0226852 ; -0.00538321 ; 101.621;
19 ; 5 ; 13 ; 0.102613 ; 0.00363363 ; -0.0026114 ; 102.26;
20 ; 5 ; 13 ; 0.0921068 ; 0.00785281 ; -0.00278444 ; 101.333;
21 ; 5 ; 13 ; 0.111569 ; 0.00248954 ; -0.00672151 ; 101.241;
4 ; 6 ; 13 ; 0.105212 ; 0.0129445 ; 0.00469331 ; 101.371;
5 ; 6 ; 13 ; 0.107667 ; -0.000866875 ; 0.0161679 ; 101.443;
6 ; 6 ; 13 ; 0.0961064 ; -0.0112014 ; -0.0020331 ; 101.337;
7 ; 6 ; 13 ; 0.0923644 ; 0.00129858 ; 0.0109929 ; 101.384;
8 ; 6 ; 13 ; 0.0843605 ; 0.0125537 ; -0.00361024 ; 101.666;
9 ; 6 ; 13 ; 0.113774 ; 0.0019959 ; 0.0075956 ; 101.4;
10 ; 6 ; 13 ; 0.104813 ; -0.0100547 ; -0.00541811 ; 101.847;
11 ; 6 ; 13 ; 0.0977642 ; 0.00873561 ; -0.0125236 ; 101.599;
12 ; 6 ; 13 ; 0.0797212 ; 0.00567505 ; 0.00653716 ; 102.09;
13 ; 6 ; 13 ; 0.091995 ; -0.00633409 ; -0.00364949 ; 101.317;
14 ; 6 ; 13 ; 0.112615 ; 0.00968752 ; 0.00318372 ; 101.627;
15 ; 6 ; 13 ; 0.110675 ; -0.0132143 ; -0.000897173 ; 101.183;
16 ; 6 ; 13 ; 0.103091 ; -0.0278357 ; -0.0084022 ; 101.263;
17 ; 6 ; 13 ; 0.10333 ; 0.00600419 ; 0.000860607 ; 101.304;
18 ; 6 ; 13 ; 0.102394 ; 0.00182995 ; -0.00734892 ; 101.287;
19 ; 6 ; 13 ; 0.0894415 ; 0.00963634 ; -0.00575748 ; 102.084;
20 ; 6 ; 13 ; 0.106764 ; -0.00154607 ; -0.00414058 ; 101.584;
21 ; 6 ; 13 ; 0.115677 ; 0.00469141 ; -0.0295135 ; 102.003;
4 ; 7 ; 13 ; 0.10181 ; 0.0135054 ; 0.00508181 ; 101.517;
5 ; 7 ; 13 ; 0.0881038 ; -0.0154883 ; -0.0247778 ; 101.527;
6 ; 7 ; 13 ; 0.110138 ; 0.00647921 ; 0.00155593 ; 101.802;
7 ; 7 ; 13 ; 0.103952 ; 0.0059029 ; 0.010437 ; 101.453;
8 ; 7 ; 13 ; 0.113927 ; -0.00651906 ; -0.0063638 ; 102.066;
9 ; 7 ; 13 ; 0.104753 ; 0.0122354 ; 0.00484888 ; 101.249;
10 ; 7 ; 13 ; 0.0975303 ; 0.00618068 ; -0.0122385 ; 101.084;
11 ; 7 ; 13 ; 0.103575 ; 0.0029492 ; 0.000507608 ; 101.052;
12 ; 7 ; 13 ; 0.0965724 ; -0.00675165 ; -0.0148174 ; 101.682;
13 ; 7 ; 13 ; 0.0987419 ; -0.0159092 ; 0.00279587 ; 100.827;
14 ; 7 ; 13 ; 0.10317 ; 0.0145138 ; -0.0152323 ; 101.901;
15 ; 7 ; 13 ; 0.0941911 ; 0.00405874 ; 0.00758744 ; 101.128;
16 ; 7 ; 13 ; 0.101151 ; -0.00221749 ; -0.00481709 ; 101.667;
17 ; 7 ; 13 ; 0.0985477 ; 0.0180264 ; 0.00586069 ; 101.579;
18 ; 7 ; 13 ; 0.108824 ; 0.000737466 ; 0.00757101 ; 101.738;
19 ; 7 ; 13 ; 0.120926 ; 0.000417904 ; -0.00980617 ; 100.721;
20 ; 7 ; 13 ; 0.1152 ; -0.00225241 ; -0.0176881 ; 101.637;
21 ; 7 ; 13 ; 0.110324 ; -0.0101488 ; -0.00602607 ; 101.037;
4 ; 8 ; 13 ; 0.124003 ; -0.0128725 ; 0.00894942 ; 102.102;
5 ; 8 ; 13 ; 0.102755 ; -0.00470306 ; -0.00661602 ; 102.336;
6 ; 8 ; 13 ; 0.0811526 ; 0.00723908 ; -0.00850106 ; 100.882;
7 ; 8 ; 13 ; 0.08248 ; 0.00084232 ; 0.00805032 ; 101.495;
8 ; 8 ; 13 ; 0.0998526 ; -0.00728322 ; 0.000319733 ; 101.479;
9 ; 8 ; 13 ; 0.0946584 ; 0.00928562 ; 0.0159452 ; 101.255;
10 ; 8 ; 13 ; 0.0880295 ; -0.0172953 ; -0.00192544 ; 101.855;
11 ; 8 ; 13 ; 0.109548 ; -0.00579645 ; -0.0107491 ; 102.161;
12 ; 8 ; 13 ; 0.105457 ; 0.00225777 ; -0.0073225 ; 101.428;
13 ; 8 ; 13 ; 0.105255 ; 0.00514482 ; 0.00215669 ; 101.483;
14 ; 8 ; 13 ; 0.096932 ; 0.00742456 ; 0.014097 ; 101.91;
15 ; 8 ; 13 ; 0.115926 ; -0.00586245 ; 0.00477432 ; 101.482;
16 ; 8 ; 13 ; 0.116202 ; 0.0100034 ; -0.000749612 ; 101.483;
17 ; 8 ; 13 ; 0.126831 ; 0.0094236 ; -0.0175347 ; 101.41;
18 ; 8 ; 13 ; 0.112096 ; -0.000338217 ; 0.00739315 ; 101.6;
19 ; 8 ; 13 ; 0.117089 ; 0.00325244 ; 0.00884199 ; 102.134;
20 ; 8 ; 13 ; 0.108057 ; 0.00826879 ; -0.0126253 ; 101.275;
21 ; 8 ; 13 ; 0.0829664 ; -0.0176063 ; -0.00583474 ; 101.367;
4 ; 9 ; 13 ; 0.0841689 ; -0.00453084 ; 0.00235201 ; 101.282;
5 ; 9 ; 13 ; 0.0908628 ; -0.000288827 ; 0.00715755 ; 101.698;
6 ; 9 ; 13 ; 0.112927 ; 0.00279742 ; -0.00363974 ; 101.583;
7 ; 9 ; 13 ; 0.113638 ; 0.000585349 ; 0.00479673 ; 101.297;
8 ; 9 ; 13 ; 0.110908 ; -0.00232375 ; 0.00898359 ; 101.954;
9 ; 9 ; 13 ; 0.102338 ; 0.00391913 ; 0.00750596 ; 102.004;
10 ; 9 ; 13 ; 0.0952656 ; -0.00198386 ; 0.0137701 ; 101.18;
11 ; 9 ; 13 ; 0.101447 ; -0.012763 ; -0.00617679 ; 100.818;
12 ; 9 ; 13 ; 0.0999929 ; -0.00360067 ; 0.00513198 ; 101.45;
13 ; 9 ; 13 ; 0.103031 ; 0.00796001 ; -0.00382116 ; 101.515;
14 ; 9 ; 13 ; 0.0987174 ; 0.00748699 ; 0.0112284 ; 101.241;
15 ; 9 ; 13 ; 0.0943839 ; 0.00677622 ; 0.00419824 ; 102.123;
16 ; 9 ; 13 ; 0.10715 ; -0.0200409 ; 0.0134934 ; 101.539;
17 ; 9 ; 13 ; 0.106582 ; 0.0107212 ; 0.0129106 ; 101.431;
18 ; 9 ; 13 ; 0.0985957 ; -0.00793853 ; 0.000924714 ; 101.811;
19 ; 9 ; 13 ; 0.113205 ; 0.00192854 ; -0.0223817 ; 101.43;
20 ; 9 ; 13 ; 0.108573 ; -0.00888958 ; -0.0237391 ; 100.979;
21 ; 9 ; 13 ; 0.098129 ; 0.000399029 ; -0.0184085 ; 101.299;
4 ; 10 ; 13 ; 0.100027 ; -0.0106054 ; 0.00815368 ; 101.769;
5 ; 10 ; 13 ; 0.104018 ; 0.00400092 ; 0.00414888 ; 101.695;
6 ; 10 ; 13 ; 0.0983705 ; -0.0038147 ; -0.00135127 ; 101.229;
7 ; 10 ; 13 ; 0.110696 ; 0.00995761 ; 0.00269887 ; 100.967;
8 ; 10 ; 13 ; 0.109616 ; -0.018923 ; -0.00326272 ; 101.713;
9 ; 10 ; 13 ; 0.101933 ; -0.00495169 ; 0.00995789 ; 101.317;
10 ; 10 ; 13 ; 0.100859 ; -0.016777 ; -0.00818517 ; 101.952;
11 ; 10 ; 13 ; 0.0866226 ; 0.0097122 ; 0.00194439 ; 101.629;
12 ; 10 ; 13 ; 0.0953892 ; -0.0119265 ; -0.00349296 ; 102.563;
13 ; 10 ; 13 ; 0.090508 ; -0.00618898 ; 0.0305012 ; 101.863;
14 ; 10 ; 13 ; 0.0784355 ; 0.00676464 ; -0.0145915 ; 100.907;
15 ; 10 ; 13 ; 0.111203 ; -0.0162387 ; -0.0114996 ; 100.915;
16 ; 10 ; 13 ; 0.0814469 ; -0.0186262 ; -0.00949353 ; 101.854;
17 ; 10 ; 13 ; 0.100183 ; 0.0016241 ; -0.0207587 ; 101.476;
18 ; 10 ; 13 ; 0.0930376 ; -0.0111811 ; -0.015308 ; 101.195;
19 ; 10 ; 13 ; 0.103913 ; 0.00532838 ; -0.0124918 ; 101.135;
20 ; 10 ; 13 ; 0.118681 ; 0.00260937 ; -0.0258102 ; 101.395;
21 ; 10 ; 13 ; 0.106596 ; -0.00265378 ; -0.00799011 ; 101.592;
4 ; 11 ; 13 ; 0.105132 ; -0.0102381 ; 0.00111156 ; 101.869;
5 ; 11 ; 13 ; 0.0945703 ; 0.00625391 ; -0.0138198 ; 101.672;
6 ; 11 ; 13 ; 0.0949539 ; -0.00706201 ; -0.0139764 ; 102.122;
7 ; 11 ; 13 ; 0.105137 ; -0.00262074 ; 0.00287701 ; 101.552;
8 ; 11 ; 13 ; 0.0995796 ; -0.0091599 ; -0.0150561 ; 101.313;
9 ; 11 ; 13 ; 0.0902938 ; 0.0189257 ; 0.0113256 ; 101.278;
10 ; 11 ; 13 ; 0.10552 ; -0.00254735 ; 0.000445219 ; 101.077;
11 ; 11 ; 13 ; 0.126977 ; -0.0100812 ; 0.00507362 ; 101.675;
12 ; 11 ; 13 ; 0.109616 ; -0.00286758 ; -0.00150155 ; 101.278;
13 ; 11 ; 13 ; 0.0849985 ; -0.00388381 ; 0.000990067 ; 101.76;
14 ; 11 ; 13 ; 0.100383 ; -0.0257034 ; -0.0195572 ; 101.688;
15 ; 11 ; 13 ; 0.104623 ; -0.0049347 ; -0.00332468 ; 101.964;
16 ; 11 ; 13 ; 0.105145 ; -0.0204417 ; -0.0126836 ; 101.2;
17 ; 11 ; 13 ; 0.115777 ; -0.00521127 ; -0.010323 ; 101.97;
18 ; 11 ; 13 ; 0.107784 ; -0.00715059 ; -0.0208899 ; 101.651;
19 ; 11 ; 13 ; 0.0852601 ; 0.00293568 ; 0.00136907 ; 101.402;
20 ; 11 ; 13 ; 0.102728 ; 0.0148081 ; -0.00746655 ; 101.128;
21 ; 11 ; 13 ; 0.105872 ; -0.0210032 ; 0.00574222 ; 101.547;
4 ; 12 ; 13 ; 0.0963377 ; -0.00372795 ; -0.00547456 ; 101.439;
5 ; 12 ; 13 ; 0.10522 ; 0.000121748 ; 0.00232267 ; 101.14;
6 ; 12 ; 13 ; 0.087997 ; 0.00278047 ; -0.0178684 ; 101.727;
7 ; 12 ; 13 ; 0.0941672 ; 0.000712716 ; 0.000973339 ; 101.012;
8 ; 12 ; 13 ; 0.0937761 ; -0.0264438 ; 0.0105741 ; 100.895;
9 ; 12 ; 13 ; 0.0934591 ; -0.00248681 ; 0.00172385 ; 101.876;
10 ; 12 ; 13 ; 0.115163 ; -0.009029 ; -0.0165037 ; 100.597;
11 ; 12 ; 13 ; 0.108436 ; 0.0121205 ; -0.00954988 ; 101.473;
12 ; 12 ; 13 ; 0.102921 ; -0.00248038 ; -0.0122024 ; 101.438;
13 ; 12 ; 13 ; 0.105234 ; -0.0145742 ; -0.00518307 ; 102.12;
14 ; 12 ; 13 ; 0.0974761 ; 0.00646811 ; -0.00315685 ; 102.078;
15 ; 12 ; 13 ; 0.0987303 ; 0.0103726 ; 0.00110167 ; 102.405;
16 ; 12 ; 13 ; 0.117501 ; 0.0093397 ; -0.0128389 ; 101.475;
17 ; 12 ; 13 ; 0.105547 ; -0.00898571 ; -0.00806516 ; 101.987;
18 ; 12 ; 13 ; 0.0831148 ; 0.00277655 ; -0.00184672 ; 101.377;
19 ; 12 ; 13 ; 0.0817815 ; 0.0206189 ; 0.0033918 ; 101.707;
20 ; 12 ; 13 ; 0.109945 ; -0.00311462 ; 0.00487756 ; 101.5;
21 ; 12 ; 13 ; 0.0893988 ; -0.0072641 ; -0.0158898 ; 101.187;
4 ; 13 ; 13 ; 0.118821 ; -0.00569091 ; -0.00783748 ; 101.398;
5 ; 13 ; 13 ; 0.0946486 ; -0.0218975 ; -0.0115372 ; 101.527;
6 ; 13 ; 13 ; 0.0902968 ; -0.00795719 ; -0.00129348 ; 101.254;
7 ; 13 ; 13 ; 0.10808 ; -0.00690133 ; 0.0233295 ; 102.128;
8 ; 13 ; 13 ; 0.102839 ; -0.020983 ; 0.0104876 ; 101.695;
9 ; 13 ; 13 ; 0.0951984 ; 0.00735681 ; 0.00303153 ; 101.498;
10 ; 13 ; 13 ; 0.106012 ; 0.00375879 ; 0.0054818 ; 101.677;
11 ; 13 ; 13 ; 0.101656 ; -0.00340643 ; -0.0077473 ; 101.339;
12 ; 13 ; 13 ; 0.0944768 ; -0.0165039 ; -0.00264162 ; 101.888;
13 ; 13 ; 13 ; 0.0989754 ; 0.00721649 ; 0.0164633 ; 101.037;
14 ; 13 ; 13 ; 0.10672 ; -0.013453 ; -0.00996667 ; 101.751;
15 ; 13 ; 13 ; 0.106779 ; 0.00490978 ; 0.0132518 ; 101.609;
16 ; 13 ; 13 ; 0.10018 ; -0.0138131 ; -0.00308071 ; 101.526;
17 ; 13 ; 13 ; 0.104919 ; 0.00492408 ; -0.00826575 ; 101.342;
18 ; 13 ; 13 ; 0.109855 ; 0.00649691 ; 0.00255933 ; 101.651;
19 ; 13 ; 13 ; 0.0981511 ; 0.00114305 ; 0.00162418 ; 101.979;
20 ; 13 ; 13 ; 0.0865617 ; -0.00130734 ; -0.0145915 ; 101.217;
21 ; 13 ; 13 ; 0.124347 ; 0.00416627 ; -0.0122774 ; 101.715;
4 ; 14 ; 13 ; 0.097361 ; -0.00707764 ; -0.00114967 ; 101.139;
5 ; 14 ; 13 ; 0.0871875 ; 0.00172412 ; -0.0208868 ; 101.964;
6 ; 14 ; 13 ; 0.107953 ; -0.00227644 ; 0.00504908 ; 101.502;
7 ; 14 ; 13 ; 0.100444 ; 0.000282988 ; 0.00249172 ; 101.629;
8 ; 14 ; 13 ; 0.105338 ; -0.0150971 ; -0.011511 ; 101.153;
9 ; 14 ; 13 ; 0.0954381 ; -0.0170087 ; 0.0029694 ; 101.462;
10 ; 14 ; 13 ; 0.116325 ; -0.00573209 ; 0.0160326 ; 101.474;
11 ; 14 ; 13 ; 0.115063 ; -0.0386883 ; 0.0163728 ; 101.381;
12 ; 14 ; 13 ; 0.103569 ; -0.00681685 ; -0.00439579 ; 101.707;
13 ; 14 ; 13 ; 0.132152 ; 0.00350221 ; -0.0039619 ; 101.636;
14 ; 14 ; 13 ; 0.113844 ; -0.0180558 ; 0.0052389 ; 101.176;
15 ; 14 ; 13 ; 0.128666 ; 0.01148 ; -1.78881e-05 ; 101.608;
16 ; 14 ; 13 ; 0.122819 ; -0.00659682 ; -0.0192685 ; 101.742;
17 ; 14 ; 13 ; 0.0932452 ; -0.000128372 ; -0.0363478 ; 101.587;
18 ; 14 ; 13 ; 0.0944661 ; 0.00707623 ; -0.000320064 ; 101.713;
19 ; 14 ; 13 ; 0.0942862 ; -0.00805429 ; -0.0285715 ; 101.472;
20 ; 14 ; 13 ; 0.101856 ; 0.00565263 ; -0.0162034 ; 101.893;
21 ; 14 ; 13 ; 0.0878956 ; -0.00844191 ; -0.00831985 ; 101.97;
4 ; 15 ; 13 ; 0.108189 ; -0.0178798 ; -0.006497 ; 101.333;
5 ; 15 ; 13 ; 0.0971825 ; -0.00896168 ; 0.00896789 ; 101.993;
6 ; 15 ; 13 ; 0.109036 ; -0.00625659 ; -0.0053615 ; 101.516;
7 ; 15 ; 13 ; 0.105372 ; -0.000492478 ; 0.00631816 ; 101.687;
8 ; 15 ; 13 ; 0.0940343 ; -0.0103074 ; 0.00255346 ; 101.655;
9 ; 15 ; 13 ; 0.0831128 ; 0.0099354 ; -0.00124056 ; 101.093;
10 ; 15 ; 13 ; 0.0991312 ; 0.00318247 ; -0.00116568 ; 102.155;
11 ; 15 ; 13 ; 0.0997501 ; -0.0148723 ; 0.00499943 ; 101.272;
12 ; 15 ; 13 ; 0.084248 ; -0.00978642 ; -0.00122487 ; 102.077;
13 ; 15 ; 13 ; 0.115474 ; 0.0111657 ; -0.0122102 ; 101.659;
14 ; 15 ; 13 ; 0.100397 ; 0.00357553 ; 0.021982 ; 101.832;
15 ; 15 ; 13 ; 0.0878272 ; 0.00892353 ; -0.00738399 ; 101.617;
16 ; 15 ; 13 ; 0.0875082 ; 0.00588318 ; -0.0223933 ; 101.605;
17 ; 15 ; 13 ; 0.103481 ; -0.00861646 ; -0.00547138 ; 101.825;
18 ; 15 ; 13 ; 0.0980849 ; 0.00144087 ; -0.00703618 ; 101.39;
19 ; 15 ; 13 ; 0.0979116 ; 0.00651883 ; -0.0195734 ; 101.526;
20 ; 15 ; 13 ; 0.104566 ; -0.000728322 ; -0.000486263 ; 101.378;
21 ; 15 ; 13 ; 0.0992538 ; 0.00501725 ; -0.0234347 ; 101.399;
4 ; 16 ; 13 ; 0.103206 ; 0.00634876 ; -0.00674111 ; 101.302;
5 ; 16 ; 13 ; 0.0939068 ; -0.00670785 ; -0.012884 ; 101.253;
6 ; 16 ; 13 ; 0.0936643 ; 0.00313543 ; 0.00578283 ; 101.244;
7 ; 16 ; 13 ; 0.0948201 ; 0.0160855 ; 0.0138767 ; 100.579;
8 ; 16 ; 13 ; 0.108192 ; 0.00589304 ; 0.00229794 ; 101.693;
9 ; 16 ; 13 ; 0.106156 ; -0.00433995 ; 0.0192476 ; 102.132;
10 ; 16 ; 13 ; 0.102005 ; 0.00752319 ; 0.00526435 ; 101.596;
11 ; 16 ; 13 ; 0.101282 ; -0.00173797 ; 0.0196851 ; 102.397;
12 ; 16 ; 13 ; 0.0865712 ; 0.00108032 ; 0.00940261 ; 101.654;
13 ; 16 ; 13 ; 0.11288 ; 0.00551951 ; -0.0163603 ; 101.956;
14 ; 16 ; 13 ; 0.110415 ; 0.0040086 ; 0.000156285 ; 100.996;
15 ; 16 ; 13 ; 0.0822722 ; 0.000168322 ; -0.00568487 ; 101.492;
16 ; 16 ; 13 ; 0.0916019 ; -0.00319768 ; -0.0153265 ; 101.13;
17 ; 16 ; 13 ; 0.0923841 ; -0.00568659 ; 0.0109431 ; 101.413;
18 ; 16 ; 13 ; 0.107891 ; 0.025065 ; -0.0108953 ; 101.551;
19 ; 16 ; 13 ; 0.0907226 ; 0.0111755 ; -0.00649102 ; 101.586;
20 ; 16 ; 13 ; 0.104383 ; -0.00599967 ; -0.0117582 ; 101.063;
21 ; 16 ; 13 ; 0.0976815 ; -0.01401 ; 0.0101511 ; 101.349;
4 ; 17 ; 13 ; 0.0965684 ; 0.000889761 ; 0.00517827 ; 101.57;
5 ; 17 ; 13 ; 0.0982323 ; -0.00153582 ; 0.0258595 ; 101.704;
6 ; 17 ; 13 ; 0.085027 ; -0.0162856 ; -0.0228162 ; 101.162;
7 ; 17 ; 13 ; 0.0842766 ; 0.00814655 ; -0.0173401 ; 102.405;
8 ; 17 ; 13 ; 0.0999289 ; 0.00725207 ; -0.00841857 ; 101.227;
9 ; 17 ; 13 ; 0.115544 ; -0.0145391 ; -0.017729 ; 101.378;
10 ; 17 ; 13 ; 0.0964774 ; -0.0025773 ; -0.0111377 ; 101.301;
11 ; 17 ; 13 ; 0.0818474 ; 0.0040467 ; -0.0144502 ; 101.832;
12 ; 17 ; 13 ; 0.0800845 ; 0.0198203 ; -0.00373415 ; 101.015;
13 ; 17 ; 13 ; 0.0989463 ; 0.0103437 ; -0.0101776 ; 102.155;
14 ; 17 ; 13 ; 0.0818399 ; 0.00380604 ; 0.0106213 ; 101.355;
15 ; 17 ; 13 ; 0.11046 ; -0.0088412 ; -0.0138213 ; 101.953;
16 ; 17 ; 13 ; 0.105197 ; -0.0211359 ; -0.000119999 ; 101.247;
17 ; 17 ; 13 ; 0.0742456 ; -0.0120193 ; -0.0227716 ; 101.852;
18 ; 17 ; 13 ; 0.0952131 ; 0.000961103 ; -0.0195698 ; 101.484;
19 ; 17 ; 13 ; 0.105813 ; 0.000393258 ; -0.0114592 ; 101.748;
20 ; 17 ; 13 ; 0.10513 ; -0.00340058 ; 0.00107429 ; 101.638;
21 ; 17 ; 13 ; 0.0972415 ; -0.0191379 ; 0.00793501 ; 102.155;
4 ; 18 ; 13 ; 0.0944741 ; 0.00519432 ; -0.00113744 ; 100.94;
5 ; 18 ; 13 ; 0.107372 ; 0.00569708 ; 0.00710593 ; 101.616;
6 ; 18 ; 13 ; 0.0913064 ; 0.00422468 ; -0.0211386 ; 101.368;
7 ; 18 ; 13 ; 0.104339 ; 0.00743388 ; 0.0104914 ; 102.246;
8 ; 18 ; 13 ; 0.0841725 ; -0.00905949 ; -0.00280045 ; 101.432;
9 ; 18 ; 13 ; 0.094428 ; -0.0246282 ; 0.00422492 ; 102.162;
10 ; 18 ; 13 ; 0.105863 ; -0.000629422 ; 0.017984 ; 101.945;
11 ; 18 ; 13 ; 0.110341 ; 0.00443064 ; -0.0133194 ; 101.119;
12 ; 18 ; 13 ; 0.103044 ; 0.0057066 ; 0.0112207 ; 101.444;
13 ; 18 ; 13 ; 0.0951891 ; 0.0013035 ; -0.0106931 ; 101.067;
14 ; 18 ; 13 ; 0.10987 ; -0.00231035 ; -0.00701528 ; 100.879;
15 ; 18 ; 13 ; 0.105815 ; 0.00550401 ; 0.0286788 ; 101.502;
16 ; 18 ; 13 ; 0.100034 ; -0.0127274 ; -0.00137407 ; 101.182;
17 ; 18 ; 13 ; 0.101477 ; 0.0122758 ; -0.0112726 ; 101.091;
18 ; 18 ; 13 ; 0.100868 ; -0.0136021 ; -0.0188215 ; 101.427;
19 ; 18 ; 13 ; 0.117978 ; 0.00404695 ; -0.00303888 ; 100.737;
20 ; 18 ; 13 ; 0.113782 ; 0.00613607 ; -0.00459569 ; 101.336;
21 ; 18 ; 13 ; 0.110287 ; 0.00397229 ; -0.00966454 ; 101.418;
4 ; 19 ; 13 ; 0.101572 ; 0.00208248 ; -0.00232772 ; 102.323;
5 ; 19 ; 13 ; 0.102727 ; -0.000727125 ; 0.00348046 ; 101.388;
6 ; 19 ; 13 ; 0.101975 ; 0.0196176 ; -0.00499091 ; 101.505;
7 ; 19 ; 13 ; 0.0902148 ; -0.0125442 ; -0.0195435 ; 101.179;
8 ; 19 ; 13 ; 0.0957864 ; -0.00827725 ; -0.0126922 ; 101.09;
9 ; 19 ; 13 ; 0.114088 ; 0.00650094 ; -0.0143569 ; 101.395;
10 ; 19 ; 13 ; 0.0907306 ; -0.00828961 ; -0.000373262 ; 101.358;
11 ; 19 ; 13 ; 0.111444 ; -0.0062707 ; -0.0291678 ; 101.952;
12 ; 19 ; 13 ; 0.122759 ; 0.0166282 ; 0.00376178 ; 101.797;
13 ; 19 ; 13 ; 0.111204 ; -0.0153918 ; 0.00811241 ; 101.519;
14 ; 19 ; 13 ; 0.0847239 ; 0.00494455 ; 0.0141302 ; 101.117;
15 ; 19 ; 13 ; 0.0928425 ; 0.00555391 ; 0.00332989 ; 101.741;
16 ; 19 ; 13 ; 0.105277 ; -0.00427544 ; -0.00175887 ; 101.209;
17 ; 19 ; 13 ; 0.0894613 ; 0.00468799 ; -0.00547379 ; 102.085;
18 ; 19 ; 13 ; 0.113561 ; -0.0106086 ; -0.0052456 ; 101.368;
19 ; 19 ; 13 ; 0.0938426 ; -0.00889491 ; -0.00852005 ; 101.568;
20 ; 19 ; 13 ; 0.0971106 ; -0.0113219 ; -0.0114733 ; 101.192;
21 ; 19 ; 13 ; 0.0909901 ; -0.00174546 ; 0.00120053 ; 101.401;
4 ; 20 ; 13 ; 0.105504 ; 0.00501864 ; 0.00590411 ; 101.748;
5 ; 20 ; 13 ; 0.091543 ; 0.0192396 ; 0.00584654 ; 101.739;
6 ; 20 ; 13 ; 0.101439 ; -0.00144569 ; -0.0067117 ; 101.432;
7 ; 20 ; 13 ; 0.115866 ; -0.000522087 ; 0.00994058 ; 100.843;
8 ; 20 ; 13 ; 0.0999068 ; 0.0066123 ; 0.0142951 ; 101.792;
9 ; 20 ; 13 ; 0.0787165 ; 0.000576249 ; -0.00748444 ; 101.177;
10 ; 20 ; 13 ; 0.102116 ; 0.00420922 ; 0.00664844 ; 101.436;
11 ; 20 ; 13 ; 0.0960279 ; -0.0183734 ; -0.0164552 ; 101.527;
12 ; 20 ; 13 ; 0.114737 ; 0.00607246 ; -0.00766536 ; 101.427;
13 ; 20 ; 13 ; 0.0968434 ; 0.00310899 ; -0.0108006 ; 101.601;
14 ; 20 ; 13 ; 0.0785192 ; 0.00372903 ; -0.00918735 ; 101.204;
15 ; 20 ; 13 ; 0.115613 ; -0.00177039 ; -0.00216938 ; 101.357;
16 ; 20 ; 13 ; 0.103635 ; -0.0193335 ; 0.00279689 ; 101.941;
17 ; 20 ; 13 ; 0.0957588 ; -0.0150111 ; 0.00186904 ; 101.684;
18 ; 20 ; 13 ; 0.0991045 ; 0.00482701 ; 0.00121171 ; 101.486;
19 ; 20 ; 13 ; 0.103352 ; 0.00611817 ; -0.00330742 ; 100.909;
20 ; 20 ; 13 ; 0.111017 ; 0.00501186 ; -0.00576652 ; 101.825;
21 ; 20 ; 13 ; 0.102044 ; -0.004583 ; -0.0050114 ; 101.688;
4 ; 21 ; 13 ; 0.109859 ; -0.0117217 ; 0.00715293 ; 101.923;
5 ; 21 ; 13 ; 0.102209 ; -0.00563556 ; 0.0357163 ; 101.577;
6 ; 21 ; 13 ; 0.101199 ; 0.012595 ; 0.0118724 ; 101.623;
7 ; 21 ; 13 ; 0.0978557 ; 0.0140977 ; 0.0124463 ; 101.993;
8 ; 21 ; 13 ; 0.115455 ; 0.0165014 ; -0.000338334 ; 101.248;
9 ; 21 ; 13 ; 0.0986316 ; -0.00260093 ; 0.00358514 ; 101.061;
10 ; 21 ; 13 ; 0.0953691 ; 0.0135697 ; 0.00495723 ; 101.733;
11 ; 21 ; 13 ; 0.111897 ; -0.0159809 ; -0.0100508 ; 101.836;
12 ; 21 ; 13 ; 0.0954609 ; -0.00830555 ; -0.0412286 ; 101.74;
13 ; 21 ; 13 ; 0.10205 ; -0.00016032 ; 0.0113697 ; 101.17;
14 ; 21 ; 13 ; 0.120693 ; -0.00752009 ; 0.0141563 ; 101.547;
15 ; 21 ; 13 ; 0.118493 ; 0.00744619 ; 0.000210654 ; 101.388;
16 ; 21 ; 13 ; 0.116155 ; -0.00206925 ; -0.0103676 ; 101.288;
17 ; 21 ; 13 ; 0.113195 ; -0.0168365 ; 0.00736094 ; 101.694;
18 ; 21 ; 13 ; 0.103531 ; 0.0212989 ; 0.0209424 ; 101.567;
19 ; 21 ; 13 ; 0.0969148 ; 0.0117155 ; -0.0044101 ; 102.121;
20 ; 21 ; 13 ; 0.102081 ; 0.010982 ; -0.00123038 ; 101.206;
21 ; 21 ; 13 ; 0.0844637 ; -0.00248146 ; -0.00267623 ; 101.11;
4 ; 4 ; 14 ; 0.0862781 ; -0.0123645 ; 0.00407165 ; 100.93;
5 ; 4 ; 14 ; 0.0843886 ; 0.00392709 ; -0.0142621 ; 101.537;
6 ; 4 ; 14 ; 0.0829072 ; -0.00292714 ; 0.0110688 ; 102.375;
7 ; 4 ; 14 ; 0.0744956 ; 0.0113447 ; 0.00181398 ; 102.07;
8 ; 4 ; 14 ; 0.0749102 ; 0.00859667 ; 0.0118405 ; 101.098;
9 ; 4 ; 14 ; 0.0608135 ; -0.000818411 ; 0.0158086 ; 102.265;
10 ; 4 ; 14 ; 0.0681401 ; 0.00286639 ; 0.00695199 ; 101.597;
11 ; 4 ; 14 ; 0.0836314 ; -0.00584692 ; 0.0175186 ; 101.974;
12 ; 4 ; 14 ; 0.084192 ; -0.000569868 ; 0.0105786 ; 101.359;
13 ; 4 ; 14 ; 0.0694779 ; -0.00943355 ; 0.0153073 ; 101.711;
14 ; 4 ; 14 ; 0.0835761 ; 0.000781622 ; 0.00638526 ; 101.569;
15 ; 4 ; 14 ; 0.0747188 ; -0.00504518 ; 0.0137311 ; 101.355;
16 ; 4 ; 14 ; 0.0748327 ; 0.00283689 ; 0.000818825 ; 102.218;
17 ; 4 ; 14 ; 0.0921121 ; -0.00193165 ; -0.0206227 ; 101.566;
18 ; 4 ; 14 ; 0.0654767 ; -0.0072697 ; -0.00332491 ; 101.933;
19 ; 4 ; 14 ; 0.0584503 ; 0.00186982 ; -0.000123071 ; 101.529;
20 ; 4 ; 14 ; 0.0868137 ; -0.000574088 ; 0.0122538 ; 101.856;
21 ; 4 ; 14 ; 0.0814634 ; 0.0153452 ; 0.0138085 ; 101.82;
4 ; 5 ; 14 ; 0.06567 ; -0.00129707 ; 0.0050846 ; 101.889;
5 ; 5 ; 14 ; 0.0627177 ; -0.0219994 ; -0.00149265 ; 101.356;
6 ; 5 ; 14 ; 0.0756427 ; 0.00462342 ; -0.00669697 ; 101.411;
7 ; 5 ; 14 ; 0.0706941 ; -0.00588815 ; 0.011521 ; 102.168;
8 ; 5 ; 14 ; 0.0759024 ; -0.000899301 ; -0.0016683 ; 101.754;
9 ; 5 ; 14 ; 0.0782783 ; -0.0209801 ; 0.0223596 ; 101.431;
10 ; 5 ; 14 ; 0.0874612 ; -0.0113828 ; -0.00118236 ; 101.317;
11 ; 5 ; 14 ; 0.0596921 ; -0.00340557 ; 0.023747 ; 101.813;
12 ; 5 ; 14 ; 0.0633032 ; 0.00830368 ; 0.00695096 ; 101.249;
13 ; 5 ; 14 ; 0.0631815 ; 0.00420605 ; -0.00642564 ; 101.468;
14 ; 5 ; 14 ; 0.0698021 ; -0.00953429 ; -0.0187803 ; 102.212;
15 ; 5 ; 14 ; 0.0672395 ; 0.0192149 ; -0.00610797 ; 101.478;
16 ; 5 ; 14 ; 0.0675155 ; 0.00640565 ; -0.011149 ; 101.095;
17 ; 5 ; 14 ; 0.0710763 ; 0.00913535 ; -0.00244127 ; 102.041;
18 ; 5 ; 14 ; 0.0658854 ; 0.00392794 ; 0.000263155 ; 101.167;
19 ; 5 ; 14 ; 0.0948617 ; -0.0054611 ; -0.0174179 ; 101.729;
20 ; 5 ; 14 ; 0.0803059 ; 0.0074714 ; 0.0151922 ; 101.705;
21 ; 5 ; 14 ; 0.0811064 ; -0.000907403 ; 0.0139082 ; 101.013;
4 ; 6 ; 14 ; 0.0388621 ; 0.00505025 ; -0.00237486 ; 101.919;
5 ; 6 ; 14 ; 0.0774457 ; -0.0040746 ; 0.00327482 ; 101.221;
6 ; 6 ; 14 ; 0.0863645 ; -0.0140834 ; 0.00221377 ; 101.624;
7 ; 6 ; 14 ; 0.0828846 ; -0.00676742 ; -0.00545985 ; 101.987;
8 ; 6 ; 14 ; 0.078047 ; 0.00880141 ; 0.00988214 ; 100.941;
9 ; 6 ; 14 ; 0.0565688 ; -0.00291829 ; 0.00321151 ; 101.67;
10 ; 6 ; 14 ; 0.0503024 ; -0.00296555 ; -0.000809564 ; 100.858;
11 ; 6 ; 14 ; 0.0661672 ; 0.000562661 ; -0.00515394 ; 101.758;
12 ; 6 ; 14 ; 0.0719505 ; 0.0135064 ; -0.00773466 ; 101.553;
13 ; 6 ; 14 ; 0.0794994 ; 0.00216242 ; 0.00781565 ; 101.6;
14 ; 6 ; 14 ; 0.0703193 ; 0.00361743 ; 0.00559624 ; 101.574;
15 ; 6 ; 14 ; 0.0685331 ; -0.00891753 ; -0.00702906 ; 101.543;
16 ; 6 ; 14 ; 0.084513 ; -0.0135978 ; 0.0171693 ; 101.96;
17 ; 6 ; 14 ; 0.0710524 ; 0.000743115 ; -0.00567705 ; 101.241;
18 ; 6 ; 14 ; 0.067241 ; 0.00809461 ; -0.00583583 ; 101.653;
19 ; 6 ; 14 ; 0.06334 ; -0.00853491 ; -0.00580367 ; 101.512;
20 ; 6 ; 14 ; 0.0671579 ; -0.0096407 ; 0.00163856 ; 101.894;
21 ; 6 ; 14 ; 0.0678532 ; -0.00130371 ; 0.00768116 ; 101.794;
4 ; 7 ; 14 ; 0.0740117 ; 0.0071901 ; -0.000148856 ; 101.558;
5 ; 7 ; 14 ; 0.0728336 ; 0.000982572 ; 0.0118504 ; 101.124;
6 ; 7 ; 14 ; 0.0716342 ; 0.0113914 ; 0.0130699 ; 102.011;
7 ; 7 ; 14 ; 0.073728 ; -0.0127595 ; -0.00147024 ; 101.076;
8 ; 7 ; 14 ; 0.0530263 ; -0.00592964 ; -0.00147973 ; 101.676;
9 ; 7 ; 14 ; 0.0859984 ; 0.00943961 ; 0.00305639 ; 102.025;
10 ; 7 ; 14 ; 0.0764744 ; 0.00890314 ; 0.0116059 ; 101.98;
11 ; 7 ; 14 ; 0.0585129 ; -0.0132431 ; -0.009351 ; 101.391;
12 ; 7 ; 14 ; 0.0662459 ; 0.0147599 ; -0.00494551 ; 101.167;
13 ; 7 ; 14 ; 0.0760294 ; -0.0134062 ; 0.00806764 ; 101.421;
14 ; 7 ; 14 ; 0.0876202 ; 0.0166311 ; -0.000438397 ; 101.943;
15 ; 7 ; 14 ; 0.0814639 ; -0.00469987 ; 0.00241068 ; 101.97;
16 ; 7 ; 14 ; 0.0650082 ; 0.00743624 ; 0.0126751 ; 101.447;
17 ; 7 ; 14 ; 0.0797411 ; 0.00624125 ; 0.000375771 ; 101.357;
18 ; 7 ; 14 ; 0.0841477 ; 0.0114557 ; -0.0119182 ; 100.948;
19 ; 7 ; 14 ; 0.0829243 ; 0.0245075 ; -0.0134616 ; 101.868;
20 ; 7 ; 14 ; 0.0787178 ; -0.00653303 ; -0.00930225 ; 101.692;
21 ; 7 ; 14 ; 0.0825212 ; -0.00283315 ; -0.00433445 ; 101.297;
4 ; 8 ; 14 ; 0.0836897 ; -0.0035473 ; -0.00642516 ; 101.594;
5 ; 8 ; 14 ; 0.0825836 ; -0.000988971 ; 0.00289108 ; 100.998;
6 ; 8 ; 14 ; 0.067485 ; 0.0209813 ; 0.018404 ; 101.124;
7 ; 8 ; 14 ; 0.0769492 ; -0.00369751 ; -0.00207322 ; 101.045;
8 ; 8 ; 14 ; 0.0807461 ; -0.00591947 ; 0.0107531 ; 101.287;
9 ; 8 ; 14 ; 0.0576639 ; 0.0112637 ; 0.0129226 ; 101.386;
10 ; 8 ; 14 ; 0.0708968 ; 0.0047828 ; 0.00543064 ; 101.714;
11 ; 8 ; 14 ; 0.0758574 ; -0.00524199 ; 0.0117328 ; 101.261;
12 ; 8 ; 14 ; 0.056148 ; 0.000371863 ; -0.00843106 ; 101.783;
13 ; 8 ; 14 ; 0.0891397 ; -0.00885281 ; 0.00564824 ; 101.093;
14 ; 8 ; 14 ; 0.0867674 ; -0.00556983 ; 0.000534836 ; 102.389;
15 ; 8 ; 14 ; 0.0753938 ; 0.000547049 ; -0.0020098 ; 101.283;
16 ; 8 ; 14 ; 0.0798622 ; -0.0147299 ; 0.00321256 ; 101.498;
17 ; 8 ; 14 ; 0.09085 ; 0.00806965 ; 0.00675826 ; 100.746;
18 ; 8 ; 14 ; 0.085887 ; 0.0206507 ; 0.00647405 ; 101.578;
19 ; 8 ; 14 ; 0.0921916 ; 0.030362 ; -0.00468468 ; 101.035;
20 ; 8 ; 14 ; 0.0820518 ; 0.00389086 ; 0.0029353 ; 101.592;
21 ; 8 ; 14 ; 0.0978663 ; 0.00168359 ; 0.00862577 ; 101.379;
4 ; 9 ; 14 ; 0.0716106 ; -0.00970743 ; 0.0143294 ; 101.78;
5 ; 9 ; 14 ; 0.0615454 ; 0.00392433 ; 0.0142236 ; 101.383;
6 ; 9 ; 14 ; 0.0808861 ; -0.00108665 ; 0.0013557 ; 101.628;
7 ; 9 ; 14 ; 0.0781643 ; 1.42654e-05 ; 0.027646 ; 102.047;
8 ; 9 ; 14 ; 0.0906147 ; -0.00682434 ; -0.00340357 ; 101.678;
9 ; 9 ; 14 ; 0.0541199 ; -0.00404449 ; -0.010873 ; 100.81;
10 ; 9 ; 14 ; 0.0685363 ; 0.00590032 ; 0.0163624 ; 101.539;
11 ; 9 ; 14 ; 0.0727599 ; 0.00222271 ; 0.00291737 ; 101.739;
12 ; 9 ; 14 ; 0.063125 ; -0.0227948 ; 0.00427628 ; 101.408;
13 ; 9 ; 14 ; 0.0628404 ; -0.00717496 ; -0.00138198 ; 102.119;
14 ; 9 ; 14 ; 0.0785267 ; 0.0115279 ; -0.0106682 ; 101.957;
15 ; 9 ; 14 ; 0.0773392 ; -0.00846139 ; 0.00380596 ; 101.864;
16 ; 9 ; 14 ; 0.0714223 ; -0.00609708 ; 0.0195111 ; 101.8;
17 ; 9 ; 14 ; 0.0485283 ; -0.0100179 ; 0.016175 ; 101.164;
18 ; 9 ; 14 ; 0.0697969 ; 0.0187476 ; 0.00907665 ; 101.282;
19 ; 9 ; 14 ; 0.0669784 ; 0.0207987 ; 0.00352855 ; 102.641;
20 ; 9 ; 14 ; 0.0820266 ; -0.000503963 ; -0.0114825 ; 101.166;
21 ; 9 ; 14 ; 0.0709154 ; -0.00517672 ; -0.0203736 ; 101.308;
4 ; 10 ; 14 ; 0.0513244 ; -0.010754 ; 0.00737007 ; 101.663;
5 ; 10 ; 14 ; 0.0748622 ; -0.00991027 ; 0.0289905 ; 101.517;
6 ; 10 ; 14 ; 0.0824289 ; -0.0130219 ; 0.00852772 ; 101.485;
7 ; 10 ; 14 ; 0.0451914 ; -0.00735871 ; 0.00842644 ; 101.066;
8 ; 10 ; 14 ; 0.0621634 ; 0.00367437 ; -0.0196753 ; 101.57;
9 ; 10 ; 14 ; 0.074727 ; -0.00588705 ; 0.0101897 ; 101.322;
10 ; 10 ; 14 ; 0.0733614 ; -0.0119604 ; 0.0196207 ; 101.377;
11 ; 10 ; 14 ; 0.0739803 ; 0.00633125 ; 0.0145698 ; 101.394;
12 ; 10 ; 14 ; 0.0708638 ; 0.000420349 ; -0.00334272 ; 101.239;
13 ; 10 ; 14 ; 0.063339 ; -0.015285 ; 0.00525072 ; 102.022;
14 ; 10 ; 14 ; 0.066322 ; 0.00967735 ; -0.00663077 ; 101.434;
15 ; 10 ; 14 ; 0.0756172 ; -0.00971607 ; 0.0114065 ; 101.554;
16 ; 10 ; 14 ; 0.0607837 ; 0.00785087 ; -0.0137161 ; 101.13;
17 ; 10 ; 14 ; 0.078914 ; 0.00963114 ; -0.0206069 ; 100.965;
18 ; 10 ; 14 ; 0.0787216 ; -0.0052873 ; 0.0128129 ; 101.67;
19 ; 10 ; 14 ; 0.0792898 ; 0.0139423 ; -0.00462874 ; 101.267;
20 ; 10 ; 14 ; 0.0717259 ; 0.00869214 ; -0.00626565 ; 100.968;
21 ; 10 ; 14 ; 0.0777577 ; 0.0125395 ; -0.0101848 ; 101.511;
4 ; 11 ; 14 ; 0.0709058 ; -0.0170654 ; -0.0086707 ; 101.44;
5 ; 11 ; 14 ; 0.0529739 ; -0.0196631 ; -0.00753092 ; 102.52;
6 ; 11 ; 14 ; 0.0837522 ; -0.0141762 ; -0.0118246 ; 102.25;
7 ; 11 ; 14 ; 0.0744987 ; -0.0182436 ; 0.0172588 ; 101.43;
8 ; 11 ; 14 ; 0.0776318 ; 0.00584971 ; 0.0120928 ; 101.777;
9 ; 11 ; 14 ; 0.0670534 ; 0.00297568 ; 0.00101376 ; 101.193;
10 ; 11 ; 14 ; 0.0747383 ; 0.0116969 ; 0.00673961 ; 102.063;
11 ; 11 ; 14 ; 0.0679597 ; -0.0127555 ; 0.0102876 ; 101.525;
12 ; 11 ; 14 ; 0.064229 ; 0.00313798 ; -0.00516637 ; 102.346;
13 ; 11 ; 14 ; 0.0768685 ; 0.00262511 ; -0.0226688 ; 101.257;
14 ; 11 ; 14 ; 0.0912732 ; -0.00248364 ; -0.00162499 ; 101.696;
15 ; 11 ; 14 ; 0.0860082 ; -0.00307085 ; 0.0100419 ; 101.255;
16 ; 11 ; 14 ; 0.0604891 ; -0.0003906 ; -0.00658475 ; 101.319;
17 ; 11 ; 14 ; 0.0893853 ; 0.0066462 ; -0.0191702 ; 101.678;
18 ; 11 ; 14 ; 0.0748743 ; 0.00430951 ; -0.0231796 ; 102.123;
19 ; 11 ; 14 ; 0.0614342 ; 0.0201419 ; -0.0145672 ; 101.867;
20 ; 11 ; 14 ; 0.0910929 ; 0.00511431 ; -0.0122829 ; 102.015;
21 ; 11 ; 14 ; 0.0570355 ; 0.0175987 ; -0.00561769 ; 101.392;
4 ; 12 ; 14 ; 0.0917336 ; 0.013515 ; 0.0141811 ; 101.528;
5 ; 12 ; 14 ; 0.088115 ; -0.0107126 ; -0.00151404 ; 101.117;
6 ; 12 ; 14 ; 0.0619087 ; -0.0200144 ; -0.00266229 ; 102.101;
7 ; 12 ; 14 ; 0.0711796 ; -0.0061606 ; 0.00575837 ; 101.654;
8 ; 12 ; 14 ; 0.0908864 ; 0.0142028 ; 0.030299 ; 101.98;
9 ; 12 ; 14 ; 0.072025 ; 0.0136321 ; 0.0182759 ; 101.619;
10 ; 12 ; 14 ; 0.0786608 ; -0.0181842 ; -0.0265746 ; 101.486;
11 ; 12 ; 14 ; 0.0632733 ; -0.0135583 ; 0.00850686 ; 101.224;
12 ; 12 ; 14 ; 0.0775815 ; 0.00279563 ; 0.0191604 ; 101.748;
13 ; 12 ; 14 ; 0.072348 ; -0.00396666 ; 0.018294 ; 102.094;
14 ; 12 ; 14 ; 0.0827166 ; 0.00674916 ; -0.00336664 ; 100.679;
15 ; 12 ; 14 ; 0.0839485 ; 0.00488832 ; -0.0114476 ; 101.683;
16 ; 12 ; 14 ; 0.0721569 ; 0.00632569 ; 0.0122372 ; 101.691;
17 ; 12 ; 14 ; 0.0534647 ; -0.0172746 ; -0.00428945 ; 101.965;
18 ; 12 ; 14 ; 0.086744 ; 0.00898005 ; 0.00207509 ; 101.052;
19 ; 12 ; 14 ; 0.0607911 ; -0.00303026 ; 0.00656983 ; 101.149;
20 ; 12 ; 14 ; 0.0722656 ; 0.00606629 ; -0.00341392 ; 101.767;
21 ; 12 ; 14 ; 0.0779711 ; -0.00909888 ; -0.0153029 ; 101.638;
4 ; 13 ; 14 ; 0.0830052 ; -0.00059432 ; 0.00610936 ; 100.752;
5 ; 13 ; 14 ; 0.068969 ; -0.0196739 ; -0.00610588 ; 101.669;
6 ; 13 ; 14 ; 0.0786332 ; 0.0050948 ; -0.00638675 ; 101.128;
7 ; 13 ; 14 ; 0.0649759 ; -0.00255828 ; 0.000591454 ; 101.458;
8 ; 13 ; 14 ; 0.0642325 ; 0.0130163 ; 0.00319825 ; 101.553;
9 ; 13 ; 14 ; 0.0604746 ; 0.00530251 ; 0.0149836 ; 101.985;
10 ; 13 ; 14 ; 0.0776768 ; -0.0181543 ; -0.0123681 ; 101.532;
11 ; 13 ; 14 ; 0.08015 ; -0.00943772 ; 0.019299 ; 101.305;
12 ; 13 ; 14 ; 0.0670414 ; 0.000861483 ; -0.0150405 ; 100.722;
13 ; 13 ; 14 ; 0.0851562 ; 0.00592561 ; -0.00762206 ; 101.688;
14 ; 13 ; 14 ; 0.0900275 ; 0.0128717 ; -9.89978e-05 ; 101.498;
15 ; 13 ; 14 ; 0.088225 ; 0.0137895 ; 0.0124274 ; 101.659;
16 ; 13 ; 14 ; 0.0824216 ; 0.0099144 ; -0.00988918 ; 101.326;
17 ; 13 ; 14 ; 0.0878619 ; 0.00533893 ; -0.00343294 ; 101.632;
18 ; 13 ; 14 ; 0.0775479 ; 0.00262977 ; 0.00133652 ; 100.974;
19 ; 13 ; 14 ; 0.0889845 ; -0.0110085 ; -0.015846 ; 101.396;
20 ; 13 ; 14 ; 0.0628022 ; -0.00459552 ; -0.0108155 ; 101.495;
21 ; 13 ; 14 ; 0.0663988 ; -0.0109314 ; 0.00347532 ; 101.892;
4 ; 14 ; 14 ; 0.0767272 ; 0.00254935 ; 0.00353023 ; 101.8;
5 ; 14 ; 14 ; 0.0669553 ; -0.013291 ; -0.00203076 ; 101.228;
6 ; 14 ; 14 ; 0.0765145 ; -0.00424763 ; 0.00848512 ; 101.079;
7 ; 14 ; 14 ; 0.0818182 ; 0.0207517 ; 0.00104051 ; 101.584;
8 ; 14 ; 14 ; 0.0489953 ; -0.00888967 ; -0.0174352 ; 101.573;
9 ; 14 ; 14 ; 0.0641364 ; -0.00628266 ; 0.00945603 ; 101.222;
10 ; 14 ; 14 ; 0.0718233 ; -0.001477 ; 0.0127005 ; 101.878;
11 ; 14 ; 14 ; 0.0665304 ; -0.00713732 ; 0.014437 ; 101.515;
12 ; 14 ; 14 ; 0.0700592 ; 0.00475955 ; -0.00942474 ; 101.652;
13 ; 14 ; 14 ; 0.0842881 ; -0.0142191 ; -0.0112982 ; 101.87;
14 ; 14 ; 14 ; 0.0752595 ; -0.00674507 ; -0.00726578 ; 102.25;
15 ; 14 ; 14 ; 0.0525941 ; 0.0188022 ; 0.00203159 ; 100.955;
16 ; 14 ; 14 ; 0.0638522 ; 0.0127622 ; -0.00551219 ; 101.15;
17 ; 14 ; 14 ; 0.067947 ; -0.000430171 ; 0.0120411 ; 101.274;
18 ; 14 ; 14 ; 0.0889948 ; -0.0134434 ; -0.0035258 ; 101.954;
19 ; 14 ; 14 ; 0.0913991 ; -0.00226685 ; -0.00466571 ; 101.219;
20 ; 14 ; 14 ; 0.0896041 ; 0.00616674 ; -0.025083 ; 101.648;
21 ; 14 ; 14 ; 0.0761836 ; -0.00548354 ; -0.0210902 ; 101.459;
4 ; 15 ; 14 ; 0.071655 ; 0.00577643 ; -0.0110699 ; 101.822;
5 ; 15 ; 14 ; 0.094388 ; 0.00103402 ; -0.00628141 ; 101.342;
6 ; 15 ; 14 ; 0.0895439 ; -0.0170253 ; 0.00629693 ; 101.018;
7 ; 15 ; 14 ; 0.0638131 ; 0.00885295 ; 0.00624267 ; 101.944;
8 ; 15 ; 14 ; 0.0691509 ; -0.00686107 ; -0.00729765 ; 101.223;
9 ; 15 ; 14 ; 0.0699608 ; 0.00688759 ; -0.00100637 ; 101.903;
10 ; 15 ; 14 ; 0.0715765 ; -0.0201773 ; -0.0204234 ; 101.541;
11 ; 15 ; 14 ; 0.0558144 ; 0.00100237 ; 0.00214525 ; 101.792;
12 ; 15 ; 14 ; 0.0696453 ; 0.0116949 ; -0.00970466 ; 101.564;
13 ; 15 ; 14 ; 0.0731308 ; 0.00852976 ; -0.00030965 ; 101.834;
14 ; 15 ; 14 ; 0.0746737 ; -0.00575205 ; 0.00817213 ; 102.065;
15 ; 15 ; 14 ; 0.0849449 ; 0.00844352 ; -0.0226958 ; 101.032;
16 ; 15 ; 14 ; 0.0637462 ; -0.00542667 ; -0.00519494 ; 101.228;
17 ; 15 ; 14 ; 0.0658347 ; -0.00270319 ; 0.00324341 ; 102.084;
18 ; 15 ; 14 ; 0.0808679 ; 0.0060595 ; -0.00761351 ; 101.648;
19 ; 15 ; 14 ; 0.0665094 ; 0.00250878 ; 0.0077792 ; 101.989;
20 ; 15 ; 14 ; 0.0715054 ; 0.00950975 ; 0.00872418 ; 101.446;
21 ; 15 ; 14 ; 0.0847225 ; 0.0033315 ; -0.0110796 ; 101.816;
4 ; 16 ; 14 ; 0.0612041 ; -0.00252464 ; 0.0124715 ; 101.489;
5 ; 16 ; 14 ; 0.0984573 ; 0.00615367 ; -0.0233606 ; 101.292;
6 ; 16 ; 14 ; 0.0721525 ; 0.000374749 ; 0.015324 ; 101.166;
7 ; 16 ; 14 ; 0.0768137 ; 0.00382852 ; -0.0113504 ; 101.894;
8 ; 16 ; 14 ; 0.0761072 ; -0.0104657 ; -0.00419143 ; 101.321;
9 ; 16 ; 14 ; 0.076909 ; -0.00712887 ; 0.0115733 ; 101.939;
10 ; 16 ; 14 ; 0.0725824 ; -0.00821758 ; 0.0114888 ; 101.828;
11 ; 16 ; 14 ; 0.0683139 ; 0.00488184 ; -0.0122613 ; 101.905;
12 ; 16 ; 14 ; 0.045432 ; 0.0003585 ; 0.00638038 ; 101.446;
13 ; 16 ; 14 ; 0.0859232 ; -0.00631095 ; -0.00691814 ; 101.623;
14 ; 16 ; 14 ; 0.0881199 ; 0.0163545 ; -0.010156 ; 101.815;
15 ; 16 ; 14 ; 0.0778858 ; 0.00105199 ; -0.000485518 ; 100.664;
16 ; 16 ; 14 ; 0.0724726 ; 0.0172825 ; 0.00490897 ; 101.598;
17 ; 16 ; 14 ; 0.0670732 ; -0.00615305 ; -0.00935296 ; 101.972;
18 ; 16 ; 14 ; 0.0741623 ; -0.00858752 ; 0.0121264 ; 102.047;
19 ; 16 ; 14 ; 0.099597 ; -0.0180189 ; 0.0015908 ; 101.786;
20 ; 16 ; 14 ; 0.0783574 ; -0.00900789 ; 0.00319577 ; 101.965;
21 ; 16 ; 14 ; 0.0874937 ; -0.00784155 ; -0.00116328 ; 101.402;
4 ; 17 ; 14 ; 0.0783722 ; 0.0262889 ; 0.00369656 ; 102.008;
5 ; 17 ; 14 ; 0.0683147 ; -0.00226953 ; 0.0172039 ; 101.731;
6 ; 17 ; 14 ; 0.0623709 ; 0.0103253 ; 0.00483768 ; 102.282;
7 ; 17 ; 14 ; 0.0638855 ; 0.010437 ; -0.0166627 ; 102.242;
8 ; 17 ; 14 ; 0.0721421 ; -0.000121873 ; 0.00347263 ; 100.845;
9 ; 17 ; 14 ; 0.0558115 ; 0.00161622 ; -0.00298038 ; 101.918;
10 ; 17 ; 14 ; 0.0720157 ; -0.00377747 ; 0.00330006 ; 100.801;
11 ; 17 ; 14 ; 0.0575103 ; -0.000654382 ; 0.0146196 ; 101.459;
12 ; 17 ; 14 ; 0.0760773 ; 0.00834794 ; -0.0176901 ; 102.193;
13 ; 17 ; 14 ; 0.0572521 ; 0.0172072 ; 0.00286325 ; 101.295;
14 ; 17 ; 14 ; 0.0690495 ; 0.00601334 ; 0.00896887 ; 101.328;
15 ; 17 ; 14 ; 0.0732198 ; -0.000685981 ; 0.0042053 ; 101.722;
16 ; 17 ; 14 ; 0.0600373 ; 0.00732968 ; 0.00792625 ; 102.032;
17 ; 17 ; 14 ; 0.0720849 ; -0.0207058 ; -0.0213253 ; 101.51;
18 ; 17 ; 14 ; 0.0585638 ; 0.00944705 ; -0.0121551 ; 101.18;
19 ; 17 ; 14 ; 0.0673681 ; -0.014835 ; 0.000765153 ; 101.483;
20 ; 17 ; 14 ; 0.0679041 ; 0.00437581 ; -0.0108006 ; 101.235;
21 ; 17 ; 14 ; 0.0907602 ; 0.00971124 ; -0.00274039 ; 101.201;
4 ; 18 ; 14 ; 0.071994 ; -0.00392159 ; -0.0100201 ; 101.968;
5 ; 18 ; 14 ; 0.0680106 ; -0.000834284 ; 0.0143251 ; 101.12;
6 ; 18 ; 14 ; 0.0561301 ; 0.00256381 ; 0.00805267 ; 101.54;
7 ; 18 ; 14 ; 0.0654245 ; -0.00866655 ; -0.00431018 ; 101.035;
8 ; 18 ; 14 ; 0.0770279 ; 0.0147739 ; -0.00420151 ; 102.015;
9 ; 18 ; 14 ; 0.0789113 ; 0.00491352 ; 0.00156575 ; 101.46;
10 ; 18 ; 14 ; 0.0759653 ; -0.00564577 ; 0.0191876 ; 101.428;
11 ; 18 ; 14 ; 0.075775 ; 0.0116156 ; -0.00835477 ; 102.076;
12 ; 18 ; 14 ; 0.0764385 ; -0.0117853 ; -0.00163977 ; 101.383;
13 ; 18 ; 14 ; 0.0726727 ; -0.012269 ; -0.00548874 ; 101.447;
14 ; 18 ; 14 ; 0.0605212 ; -0.00297866 ; 0.00524481 ; 101.23;
15 ; 18 ; 14 ; 0.0907954 ; 0.00385771 ; -0.000966468 ; 102.555;
16 ; 18 ; 14 ; 0.0820115 ; 0.00194955 ; 0.00566063 ; 101.353;
17 ; 18 ; 14 ; 0.0882275 ; -0.00060392 ; -0.0137792 ; 101.497;
18 ; 18 ; 14 ; 0.0746182 ; 0.00207159 ; -0.00938988 ; 101.495;
19 ; 18 ; 14 ; 0.0839047 ; 0.0133202 ; 0.00386692 ; 101.641;
20 ; 18 ; 14 ; 0.0979278 ; 0.0197812 ; -0.0110231 ; 100.848;
21 ; 18 ; 14 ; 0.0828982 ; -0.00748926 ; -0.0118764 ; 100.902;
4 ; 19 ; 14 ; 0.0725927 ; -0.00533508 ; -0.00382416 ; 101.741;
5 ; 19 ; 14 ; 0.0670046 ; -0.00462537 ; 0.0225487 ; 102.38;
6 ; 19 ; 14 ; 0.0601877 ; -0.00186091 ; 0.0019194 ; 101.435;
7 ; 19 ; 14 ; 0.0576626 ; 0.0157952 ; 0.00330545 ; 102.348;
8 ; 19 ; 14 ; 0.0636673 ; 0.00406635 ; 0.004303 ; 101.755;
9 ; 19 ; 14 ; 0.0838249 ; 0.00869351 ; -0.000847712 ; 101.885;
10 ; 19 ; 14 ; 0.0816382 ; 0.000215363 ; -0.0104292 ; 101.686;
11 ; 19 ; 14 ; 0.0760495 ; -0.00620836 ; -0.010313 ; 101.488;
12 ; 19 ; 14 ; 0.0678033 ; -0.00119275 ; 0.00213603 ; 101.274;
13 ; 19 ; 14 ; 0.0783099 ; -0.00649983 ; 0.0119749 ; 101.523;
14 ; 19 ; 14 ; 0.0651035 ; -0.0273245 ; 0.00836999 ; 102.018;
15 ; 19 ; 14 ; 0.0652057 ; -0.001941 ; -0.0117379 ; 101.792;
16 ; 19 ; 14 ; 0.0751708 ; 0.0120556 ; -0.016063 ; 101.33;
17 ; 19 ; 14 ; 0.0684217 ; -0.0246956 ; -0.00172592 ; 101.974;
18 ; 19 ; 14 ; 0.0790139 ; -0.000658011 ; -0.0138311 ; 101.054;
19 ; 19 ; 14 ; 0.0714942 ; 0.00786822 ; -0.00425188 ; 102.062;
20 ; 19 ; 14 ; 0.0700337 ; 0.00387731 ; 0.00776615 ; 101.401;
21 ; 19 ; 14 ; 0.0758358 ; 0.00354708 ; 0.00567756 ; 101.954;
4 ; 20 ; 14 ; 0.0863945 ; 0.0116914 ; -0.00226479 ; 101.784;
5 ; 20 ; 14 ; 0.077348 ; 0.0114667 ; -0.00282851 ; 101.175;
6 ; 20 ; 14 ; 0.0685988 ; -0.0190786 ; -0.00937346 ; 101.749;
7 ; 20 ; 14 ; 0.0799739 ; 0.0112056 ; 0.0105951 ; 102.182;
8 ; 20 ; 14 ; 0.093586 ; 0.0035115 ; 0.00267598 ; 100.998;
9 ; 20 ; 14 ; 0.0798574 ; -0.00272045 ; 0.0131233 ; 101.833;
10 ; 20 ; 14 ; 0.0542126 ; -0.010858 ; -0.0206204 ; 101.448;
11 ; 20 ; 14 ; 0.0736357 ; -0.00945395 ; -0.00465554 ; 101.253;
12 ; 20 ; 14 ; 0.0839407 ; 0.018032 ; -0.00327449 ; 101.557;
13 ; 20 ; 14 ; 0.0797107 ; 0.0138399 ; 0.00584481 ; 101.823;
14 ; 20 ; 14 ; 0.0775133 ; 0.00811888 ; 0.00571827 ; 101.69;
15 ; 20 ; 14 ; 0.0703094 ; 0.0123892 ; -0.00484913 ; 101.106;
16 ; 20 ; 14 ; 0.0758113 ; 0.0154103 ; -0.00468015 ; 101.405;
17 ; 20 ; 14 ; 0.0865078 ; -0.0131269 ; 0.0100853 ; 101.619;
18 ; 20 ; 14 ; 0.0808213 ; 0.018852 ; 0.00604174 ; 102.364;
19 ; 20 ; 14 ; 0.0842989 ; 0.0123017 ; -0.00408293 ; 101.43;
20 ; 20 ; 14 ; 0.0789538 ; 0.00715972 ; -0.00559758 ; 101.55;
21 ; 20 ; 14 ; 0.0842854 ; -0.00226331 ; 0.00368909 ; 102.02;
4 ; 21 ; 14 ; 0.0800182 ; 0.00356662 ; 0.0125995 ; 101.623;
5 ; 21 ; 14 ; 0.0738943 ; -0.011842 ; 0.0137006 ; 101.972;
6 ; 21 ; 14 ; 0.0595566 ; -0.0263287 ; -0.00322167 ; 101.33;
7 ; 21 ; 14 ; 0.0710484 ; -0.00717976 ; -0.00147908 ; 101.277;
8 ; 21 ; 14 ; 0.0804706 ; -0.00804404 ; 0.00623849 ; 101.843;
9 ; 21 ; 14 ; 0.047878 ; -0.00721253 ; 0.0107264 ; 101.614;
10 ; 21 ; 14 ; 0.082055 ; 0.00189992 ; -0.00746337 ; 101.862;
11 ; 21 ; 14 ; 0.0738717 ; 0.00341428 ; -0.00938824 ; 101.012;
12 ; 21 ; 14 ; 0.0814855 ; -0.00221946 ; -0.00202041 ; 101.453;
13 ; 21 ; 14 ; 0.0712407 ; 0.00387836 ; 0.0332809 ; 101.232;
14 ; 21 ; 14 ; 0.0862766 ; -0.00417716 ; -0.0124577 ; 100.816;
15 ; 21 ; 14 ; 0.0751782 ; -0.00399291 ; 0.00689168 ; 101.723;
16 ; 21 ; 14 ; 0.0814992 ; -0.00418373 ; 0.0216724 ; 101.504;
17 ; 21 ; 14 ; 0.0894604 ; 0.0178004 ; 0.0050202 ; 100.734;
18 ; 21 ; 14 ; 0.0555954 ; 0.0313225 ; 0.014667 ; 101.788;
19 ; 21 ; 14 ; 0.0843255 ; 0.000899713 ; 0.00918592 ; 101.328;
20 ; 21 ; 14 ; 0.0642809 ; -0.0115306 ; 0.0124108 ; 101.81;
21 ; 21 ; 14 ; 0.0605251 ; 0.0131974 ; 0.0149005 ; 101.486;
4 ; 4 ; 15 ; 0.0627417 ; -0.000649082 ; 0.00675622 ; 101.689;
5 ; 4 ; 15 ; 0.0575431 ; 0.0164994 ; 0.0129913 ; 101.4;
6 ; 4 ; 15 ; 0.051134 ; 0.00860751 ; 0.012269 ; 101.895;
7 ; 4 ; 15 ; 0.0332519 ; -0.00276043 ; -0.0160947 ; 101.116;
8 ; 4 ; 15 ; 0.0495915 ; 0.00758429 ; 0.0101244 ; 101.201;
9 ; 4 ; 15 ; 0.0427103 ; -0.000484711 ; 0.0238445 ; 101.167;
10 ; 4 ; 15 ; 0.0681826 ; -0.00180864 ; 0.00158088 ; 101.98;
11 ; 4 ; 15 ; 0.0593562 ; -0.0027566 ; -0.000189479 ; 101.604;
12 ; 4 ; 15 ; 0.0486134 ; -0.000813236 ; -0.00646095 ; 101.215;
13 ; 4 ; 15 ; 0.0587546 ; -0.00207875 ; 0.00359234 ; 102.132;
14 ; 4 ; 15 ; 0.0631134 ; 0.0195296 ; -0.0147531 ; 101.713;
15 ; 4 ; 15 ; 0.043784 ; -0.00638241 ; 0.0119406 ; 101.942;
16 ; 4 ; 15 ; 0.0677622 ; -0.00454042 ; 0.0171847 ; 101.882;
17 ; 4 ; 15 ; 0.0474411 ; 0.00378192 ; -0.0034531 ; 101.776;
18 ; 4 ; 15 ; 0.0438195 ; -0.00313987 ; 0.0103488 ; 101.263;
19 ; 4 ; 15 ; 0.0868106 ; -0.0101101 ; 0.0189265 ; 101.429;
20 ; 4 ; 15 ; 0.0502432 ; -0.00526715 ; -0.00233763 ; 101.512;
21 ; 4 ; 15 ; 0.0535684 ; -0.000144792 ; 0.00257293 ; 100.752;
4 ; 5 ; 15 ; 0.0567662 ; 0.0101321 ; 0.00709699 ; 101.577;
5 ; 5 ; 15 ; 0.0445354 ; 0.00746288 ; 0.00612977 ; 101.879;
6 ; 5 ; 15 ; 0.0476251 ; 0.00992143 ; -0.00567098 ; 101.534;
7 ; 5 ; 15 ; 0.0561541 ; -0.00797301 ; 0.0360956 ; 101.94;
8 ; 5 ; 15 ; 0.0600253 ; 0.0139747 ; 0.0130174 ; 101.825;
9 ; 5 ; 15 ; 0.0583369 ; 0.00914079 ; 0.0081078 ; 101.648;
10 ; 5 ; 15 ; 0.0528469 ; -0.0131819 ; 0.0196697 ; 101.768;
11 ; 5 ; 15 ; 0.051629 ; -0.0280353 ; -0.0078513 ; 101.205;
12 ; 5 ; 15 ; 0.040466 ; 0.005758 ; -0.000791537 ; 101.766;
13 ; 5 ; 15 ; 0.0806941 ; 0.0076524 ; 0.0181529 ; 101.232;
14 ; 5 ; 15 ; 0.0532616 ; 0.023994 ; 0.0039947 ; 101.49;
15 ; 5 ; 15 ; 0.0423028 ; -0.00466837 ; -0.0056572 ; 101.68;
16 ; 5 ; 15 ; 0.0507449 ; -0.00302161 ; -0.00685707 ; 101.67;
17 ; 5 ; 15 ; 0.0455316 ; -0.0099651 ; -0.00345561 ; 101.189;
18 ; 5 ; 15 ; 0.0366327 ; -0.02244 ; -0.0183521 ; 101.447;
19 ; 5 ; 15 ; 0.0508149 ; 0.008089 ; -0.0168702 ; 102.211;
20 ; 5 ; 15 ; 0.0516776 ; 0.00746663 ; 0.00886563 ; 100.908;
21 ; 5 ; 15 ; 0.0510968 ; -0.000192087 ; 0.0114609 ; 102.435;
4 ; 6 ; 15 ; 0.0610834 ; -0.0129378 ; 0.00884168 ; 101.495;
5 ; 6 ; 15 ; 0.0548531 ; 0.0137703 ; -0.00213501 ; 101.342;
6 ; 6 ; 15 ; 0.0484198 ; 0.00612829 ; 0.00537701 ; 101.526;
7 ; 6 ; 15 ; 0.0561914 ; -0.0171612 ; 0.00572875 ; 101.775;
8 ; 6 ; 15 ; 0.06606 ; 0.0153468 ; -7.86519e-05 ; 101.187;
9 ; 6 ; 15 ; 0.0562103 ; -0.000359276 ; -0.0118549 ; 101.641;
10 ; 6 ; 15 ; 0.0282908 ; 0.0278885 ; -0.00663795 ; 101.612;
11 ; 6 ; 15 ; 0.0574176 ; 0.0102856 ; 0.00242256 ; 101.957;
12 ; 6 ; 15 ; 0.0443039 ; 0.00456334 ; 0.0130151 ; 101.232;
13 ; 6 ; 15 ; 0.0482484 ; -0.0165238 ; -0.0124596 ; 101.259;
14 ; 6 ; 15 ; 0.0647875 ; 0.00558362 ; -0.0153418 ; 101.788;
15 ; 6 ; 15 ; 0.0455097 ; -0.0135058 ; 0.0180238 ; 101.428;
16 ; 6 ; 15 ; 0.0426771 ; 0.00229608 ; 0.00848382 ; 101.057;
17 ; 6 ; 15 ; 0.0665675 ; 0.00285983 ; 0.00286461 ; 101.607;
18 ; 6 ; 15 ; 0.0725086 ; -0.0183798 ; -0.00720945 ; 101.022;
19 ; 6 ; 15 ; 0.0706509 ; -0.0101582 ; -0.0101593 ; 101.782;
20 ; 6 ; 15 ; 0.0745586 ; 0.00326373 ; -0.00162089 ; 101.432;
21 ; 6 ; 15 ; 0.0737664 ; 0.0233479 ; -0.00287942 ; 101.812;
4 ; 7 ; 15 ; 0.0653753 ; -0.00116133 ; 0.00142491 ; 101.113;
5 ; 7 ; 15 ; 0.049942 ; -0.00367843 ; 0.0180834 ; 101.513;
6 ; 7 ; 15 ; 0.040607 ; 0.000326406 ; -0.00908168 ; 102.45;
7 ; 7 ; 15 ; 0.0703498 ; -0.018081 ; 0.0111849 ; 101.331;
8 ; 7 ; 15 ; 0.06177 ; -0.0149525 ; -0.00741842 ; 100.889;
9 ; 7 ; 15 ; 0.0563205 ; 0.000770394 ; 0.00347466 ; 101.634;
10 ; 7 ; 15 ; 0.062779 ; 0.00012413 ; 0.00487325 ; 101.266;
11 ; 7 ; 15 ; 0.0631587 ; -0.013689 ; 0.00253241 ; 101.708;
12 ; 7 ; 15 ; 0.062409 ; -0.00302029 ; 0.0190331 ; 101.713;
13 ; 7 ; 15 ; 0.0645688 ; 0.0199514 ; 0.00899561 ; 101.299;
14 ; 7 ; 15 ; 0.0513548 ; 0.000144362 ; -0.0015706 ; 101.744;
15 ; 7 ; 15 ; 0.0606313 ; -0.0108836 ; -0.012357 ; 101.188;
16 ; 7 ; 15 ; 0.0452072 ; 0.00106821 ; -0.000652612 ; 101.551;
17 ; 7 ; 15 ; 0.0433846 ; -0.00306617 ; -0.0207403 ; 101.954;
18 ; 7 ; 15 ; 0.0440564 ; -0.00224531 ; -0.00938593 ; 101.927;
19 ; 7 ; 15 ; 0.0480391 ; -0.0110311 ; -0.00621363 ; 101.225;
20 ; 7 ; 15 ; 0.0473218 ; -0.031024 ; 0.00175129 ; 101.728;
21 ; 7 ; 15 ; 0.0513882 ; -0.00231921 ; 0.00241679 ; 101.616;
4 ; 8 ; 15 ; 0.0557914 ; -0.00831798 ; 0.00915543 ; 101.311;
5 ; 8 ; 15 ; 0.052692 ; -0.00543331 ; 0.0149326 ; 102.391;
6 ; 8 ; 15 ; 0.0374206 ; -0.010695 ; 0.00384724 ; 100.961;
7 ; 8 ; 15 ; 0.0262284 ; -0.0279093 ; 0.0118303 ; 101.294;
8 ; 8 ; 15 ; 0.0802626 ; -0.017188 ; 0.010754 ; 100.982;
9 ; 8 ; 15 ; 0.0438219 ; 0.00378532 ; -0.00674097 ; 101.683;
10 ; 8 ; 15 ; 0.0518627 ; -0.0150599 ; 0.0118132 ; 101.25;
11 ; 8 ; 15 ; 0.0466475 ; -0.0030388 ; 0.00526602 ; 101.997;
12 ; 8 ; 15 ; 0.0499678 ; 0.0127859 ; 0.0142182 ; 101.222;
13 ; 8 ; 15 ; 0.0510352 ; -0.00361956 ; -0.0114298 ; 101.609;
14 ; 8 ; 15 ; 0.0369058 ; 0.00739535 ; -0.00436998 ; 101.922;
15 ; 8 ; 15 ; 0.0717579 ; 0.00179995 ; -0.0100766 ; 101.584;
16 ; 8 ; 15 ; 0.0560419 ; -0.00121798 ; -0.00447165 ; 101.619;
17 ; 8 ; 15 ; 0.0385807 ; -0.00965091 ; 0.0059544 ; 100.846;
18 ; 8 ; 15 ; 0.0556282 ; -0.0100366 ; -0.0129531 ; 101.49;
19 ; 8 ; 15 ; 0.0632818 ; -0.00264091 ; -0.0204004 ; 101.9;
20 ; 8 ; 15 ; 0.0670341 ; -0.000284207 ; -0.0193014 ; 100.829;
21 ; 8 ; 15 ; 0.060144 ; 0.00479976 ; 0.0219953 ; 101.108;
4 ; 9 ; 15 ; 0.0483181 ; -0.00523262 ; 0.0112482 ; 101.53;
5 ; 9 ; 15 ; 0.0648037 ; -0.00444663 ; 0.00392529 ; 101.588;
6 ; 9 ; 15 ; 0.0699183 ; -0.000312213 ; 0.0127123 ; 101.369;
7 ; 9 ; 15 ; 0.0625544 ; -0.00358119 ; 0.000804315 ; 101.65;
8 ; 9 ; 15 ; 0.060671 ; -0.00585215 ; 0.0111542 ; 101.494;
9 ; 9 ; 15 ; 0.0518762 ; 0.00483584 ; -0.00276202 ; 101.235;
10 ; 9 ; 15 ; 0.0481979 ; 0.0127095 ; -0.00132536 ; 101.753;
11 ; 9 ; 15 ; 0.0426822 ; 0.00579485 ; -0.000839463 ; 101.492;
12 ; 9 ; 15 ; 0.0592386 ; -0.00752583 ; -0.00859306 ; 101.388;
13 ; 9 ; 15 ; 0.0478542 ; -0.0151593 ; -0.0104978 ; 101.014;
14 ; 9 ; 15 ; 0.0473105 ; -0.0208577 ; -0.00139739 ; 102.294;
15 ; 9 ; 15 ; 0.0505547 ; -0.00546057 ; 0.0123693 ; 101.859;
16 ; 9 ; 15 ; 0.0525275 ; -0.0061435 ; 0.00038323 ; 101.488;
17 ; 9 ; 15 ; 0.0404391 ; -0.00405891 ; 0.00643931 ; 102.003;
18 ; 9 ; 15 ; 0.0429972 ; -0.00834716 ; -0.0050064 ; 101.442;
19 ; 9 ; 15 ; 0.0613939 ; -0.00643472 ; -0.0247442 ; 102.329;
20 ; 9 ; 15 ; 0.0671277 ; 0.0184205 ; -0.01634 ; 102.071;
21 ; 9 ; 15 ; 0.0740276 ; -0.00660578 ; -0.00976936 ; 101.511;
4 ; 10 ; 15 ; 0.0563912 ; 0.000365952 ; 0.00197784 ; 101.602;
5 ; 10 ; 15 ; 0.0509309 ; 0.0142729 ; 0.00768011 ; 101.651;
6 ; 10 ; 15 ; 0.0550585 ; 0.015705 ; -0.0155842 ; 101.801;
7 ; 10 ; 15 ; 0.055649 ; -0.00340355 ; 0.00457465 ; 101.637;
8 ; 10 ; 15 ; 0.0907293 ; -0.00405264 ; -0.00138718 ; 102.021;
9 ; 10 ; 15 ; 0.0448196 ; 0.000529277 ; 0.0115309 ; 102.116;
10 ; 10 ; 15 ; 0.0539454 ; 0.00137407 ; -0.00421651 ; 101.712;
11 ; 10 ; 15 ; 0.0531912 ; 0.0179028 ; -0.00702837 ; 101.269;
12 ; 10 ; 15 ; 0.049194 ; 0.00651483 ; 0.011194 ; 101.868;
13 ; 10 ; 15 ; 0.0501163 ; -0.0125433 ; 8.36593e-05 ; 101.035;
14 ; 10 ; 15 ; 0.0547222 ; 0.00739613 ; -0.012612 ; 101.566;
15 ; 10 ; 15 ; 0.0608023 ; -0.0040479 ; -0.004001 ; 102.07;
16 ; 10 ; 15 ; 0.0615106 ; -0.0142647 ; -0.000822523 ; 101.892;
17 ; 10 ; 15 ; 0.0510889 ; -0.00204293 ; 0.00904731 ; 101.384;
18 ; 10 ; 15 ; 0.0703528 ; 0.0036291 ; -0.0078991 ; 101.865;
19 ; 10 ; 15 ; 0.0222737 ; 0.0172108 ; -0.0118473 ; 101.244;
20 ; 10 ; 15 ; 0.0585519 ; 0.000959489 ; -0.00532475 ; 101.743;
21 ; 10 ; 15 ; 0.0584671 ; -0.00955451 ; -0.00950555 ; 101.568;
4 ; 11 ; 15 ; 0.0401151 ; -0.00312014 ; 0.014822 ; 101.758;
5 ; 11 ; 15 ; 0.0480161 ; -0.00795486 ; 0.0100565 ; 101.429;
6 ; 11 ; 15 ; 0.0523382 ; -0.00295035 ; 0.00754857 ; 101.738;
7 ; 11 ; 15 ; 0.0489463 ; 0.00821323 ; 0.00158465 ; 101.568;
8 ; 11 ; 15 ; 0.0410515 ; -0.000534524 ; -0.00755524 ; 101.644;
9 ; 11 ; 15 ; 0.0328324 ; 0.00544639 ; -0.00366311 ; 101.441;
10 ; 11 ; 15 ; 0.0453018 ; 0.0106052 ; -0.000624552 ; 101.562;
11 ; 11 ; 15 ; 0.0558237 ; 0.00225087 ; 0.0126039 ; 101.961;
12 ; 11 ; 15 ; 0.060656 ; 0.0125508 ; 0.0130341 ; 101.574;
13 ; 11 ; 15 ; 0.0692661 ; 0.00686895 ; -0.014223 ; 102.2;
14 ; 11 ; 15 ; 0.0616484 ; -0.00160365 ; -0.00621544 ; 101.795;
15 ; 11 ; 15 ; 0.0429123 ; 0.00340624 ; 0.0103631 ; 101.601;
16 ; 11 ; 15 ; 0.043079 ; 0.0163211 ; 0.0042665 ; 101.991;
17 ; 11 ; 15 ; 0.0520807 ; -0.01399 ; 0.00575646 ; 101.953;
18 ; 11 ; 15 ; 0.0485383 ; 0.00491627 ; 0.00035488 ; 100.94;
19 ; 11 ; 15 ; 0.0557549 ; 0.000946152 ; -0.0075356 ; 101.526;
20 ; 11 ; 15 ; 0.0688527 ; -0.00659981 ; -0.00321289 ; 101.351;
21 ; 11 ; 15 ; 0.0436642 ; -0.00446938 ; -0.00169343 ; 100.615;
4 ; 12 ; 15 ; 0.0466997 ; -0.0210231 ; -0.00584608 ; 101.536;
5 ; 12 ; 15 ; 0.0476123 ; -0.0132995 ; 0.0070501 ; 100.935;
6 ; 12 ; 15 ; 0.0691539 ; -0.00813208 ; 0.0246854 ; 101.578;
7 ; 12 ; 15 ; 0.0658501 ; -0.0272889 ; 0.0198102 ; 101.099;
8 ; 12 ; 15 ; 0.0582377 ; 0.00926336 ; 0.0162912 ; 101.509;
9 ; 12 ; 15 ; 0.0668073 ; -0.0238902 ; 0.0142695 ; 101.432;
10 ; 12 ; 15 ; 0.0535777 ; -0.0129984 ; 0.00305041 ; 101.261;
11 ; 12 ; 15 ; 0.0599334 ; -0.00592429 ; 0.0131967 ; 101.755;
12 ; 12 ; 15 ; 0.0680871 ; 0.00344237 ; 0.000489588 ; 101.022;
13 ; 12 ; 15 ; 0.0426995 ; 0.00846116 ; -0.0020177 ; 102.03;
14 ; 12 ; 15 ; 0.0722218 ; -0.0164693 ; -0.00531998 ; 101.409;
15 ; 12 ; 15 ; 0.0560958 ; -0.0142581 ; -0.00405504 ; 101.287;
16 ; 12 ; 15 ; 0.0523466 ; 0.00647935 ; -0.00965433 ; 101.234;
17 ; 12 ; 15 ; 0.0480893 ; 0.016474 ; -0.0113744 ; 101.232;
18 ; 12 ; 15 ; 0.0565092 ; 0.00190377 ; -0.013238 ; 101.208;
19 ; 12 ; 15 ; 0.0610795 ; -0.0056406 ; -0.00685121 ; 101.781;
20 ; 12 ; 15 ; 0.0404191 ; 0.00321543 ; -0.0167241 ; 102.585;
21 ; 12 ; 15 ; 0.0605894 ; -0.00898907 ; -0.0126216 ; 101.952;
4 ; 13 ; 15 ; 0.070411 ; 0.00382079 ; 0.0139848 ; 101.098;
5 ; 13 ; 15 ; 0.0486142 ; -0.00744785 ; 0.005735 ; 100.77;
6 ; 13 ; 15 ; 0.0544493 ; -0.00307679 ; 0.00298172 ; 101.18;
7 ; 13 ; 15 ; 0.0463589 ; 0.00319456 ; -0.00315884 ; 100.829;
8 ; 13 ; 15 ; 0.047709 ; 0.0253038 ; 0.00989014 ; 101.086;
9 ; 13 ; 15 ; 0.0627367 ; 0.000940461 ; 0.0118039 ; 101.593;
10 ; 13 ; 15 ; 0.0643463 ; -0.00733607 ; 0.00853234 ; 101.803;
11 ; 13 ; 15 ; 0.0554623 ; -0.00208656 ; 0.0102058 ; 101.54;
12 ; 13 ; 15 ; 0.0325603 ; 0.0015762 ; -0.0198621 ; 101.331;
13 ; 13 ; 15 ; 0.0467589 ; 0.00129012 ; -0.00491818 ; 101.058;
14 ; 13 ; 15 ; 0.050535 ; -0.000739288 ; 0.00559916 ; 101.975;
15 ; 13 ; 15 ; 0.056652 ; 0.0196943 ; -0.00329816 ; 101.373;
16 ; 13 ; 15 ; 0.0430846 ; -0.00375072 ; -0.0104634 ; 101.354;
17 ; 13 ; 15 ; 0.0656196 ; -0.0155023 ; -0.00543026 ; 101.117;
18 ; 13 ; 15 ; 0.0354587 ; -0.0207001 ; -6.3151e-06 ; 101.584;
19 ; 13 ; 15 ; 0.0297012 ; 0.00985595 ; -0.0120631 ; 102.047;
20 ; 13 ; 15 ; 0.0494295 ; 0.00900391 ; -0.0137848 ; 101.755;
21 ; 13 ; 15 ; 0.0622103 ; 0.00466333 ; -0.00370034 ; 101.451;
4 ; 14 ; 15 ; 0.0574793 ; -0.00652354 ; 0.0159329 ; 101.593;
5 ; 14 ; 15 ; 0.0546 ; -0.0033245 ; 0.00556496 ; 101.459;
6 ; 14 ; 15 ; 0.0485099 ; -0.00494871 ; 0.0113099 ; 102.261;
7 ; 14 ; 15 ; 0.0665097 ; 0.00820314 ; 0.0049935 ; 101.512;
8 ; 14 ; 15 ; 0.0521042 ; 0.00515823 ; -0.00266077 ; 101.7;
9 ; 14 ; 15 ; 0.0391735 ; -0.000337671 ; -0.00435757 ; 101.758;
10 ; 14 ; 15 ; 0.0307127 ; 0.013506 ; 0.0214501 ; 101.812;
11 ; 14 ; 15 ; 0.0462411 ; -0.00609032 ; 0.0020639 ; 102.006;
12 ; 14 ; 15 ; 0.0411512 ; -0.00606031 ; 0.00356897 ; 101.602;
13 ; 14 ; 15 ; 0.0485493 ; 0.0211701 ; -0.00557204 ; 101.907;
14 ; 14 ; 15 ; 0.0572157 ; -0.0136578 ; -0.00419717 ; 102.237;
15 ; 14 ; 15 ; 0.049238 ; -0.00273573 ; 0.00656388 ; 101.31;
16 ; 14 ; 15 ; 0.0524083 ; 0.017448 ; 0.00299396 ; 101.956;
17 ; 14 ; 15 ; 0.085278 ; -6.82819e-05 ; -0.00448059 ; 101.815;
18 ; 14 ; 15 ; 0.0383955 ; 0.00328686 ; -0.018281 ; 100.923;
19 ; 14 ; 15 ; 0.0568585 ; -0.00201222 ; -0.0161329 ; 102.417;
20 ; 14 ; 15 ; 0.0657963 ; 0.0094064 ; -0.0122712 ; 101.212;
21 ; 14 ; 15 ; 0.0621653 ; 0.00104438 ; -0.0158989 ; 101.07;
4 ; 15 ; 15 ; 0.050241 ; 0.0137161 ; -0.00582901 ; 100.893;
5 ; 15 ; 15 ; 0.0507381 ; 0.00134542 ; 0.00413099 ; 101.701;
6 ; 15 ; 15 ; 0.0424308 ; 0.0223852 ; 0.007824 ; 101.6;
7 ; 15 ; 15 ; 0.0577905 ; -0.00997101 ; 0.00438341 ; 101.244;
8 ; 15 ; 15 ; 0.03847 ; 0.0190672 ; 0.00152383 ; 101.636;
9 ; 15 ; 15 ; 0.0440641 ; 0.00407706 ; -0.000112339 ; 101.203;
10 ; 15 ; 15 ; 0.0438975 ; 0.00315776 ; 0.0136216 ; 101.755;
11 ; 15 ; 15 ; 0.0468997 ; 0.0045736 ; 0.00119519 ; 101.267;
12 ; 15 ; 15 ; 0.0504447 ; -0.0156978 ; -0.0146098 ; 100.779;
13 ; 15 ; 15 ; 0.051453 ; -0.0054407 ; -0.004944 ; 101.677;
14 ; 15 ; 15 ; 0.0720994 ; 0.0126335 ; 0.0103687 ; 101.512;
15 ; 15 ; 15 ; 0.0710843 ; -0.00152266 ; -0.0237421 ; 101.546;
16 ; 15 ; 15 ; 0.0519698 ; 0.00758096 ; -0.0152781 ; 101.552;
17 ; 15 ; 15 ; 0.0626534 ; 0.00877712 ; 0.00447031 ; 101.653;
18 ; 15 ; 15 ; 0.0424446 ; 0.00240186 ; -0.0134418 ; 101.646;
19 ; 15 ; 15 ; 0.0281774 ; 0.00699943 ; -0.0116047 ; 101.62;
20 ; 15 ; 15 ; 0.0497433 ; 0.00845927 ; -0.0129928 ; 101.793;
21 ; 15 ; 15 ; 0.0579534 ; 0.00468043 ; -0.00768781 ; 102.237;
4 ; 16 ; 15 ; 0.0534263 ; 0.00503665 ; 0.0180855 ; 101.262;
5 ; 16 ; 15 ; 0.0420882 ; -0.0204089 ; 0.00371998 ; 100.99;
6 ; 16 ; 15 ; 0.0502876 ; 0.00351741 ; 0.0157453 ; 100.965;
7 ; 16 ; 15 ; 0.0454834 ; -0.0190012 ; -0.0174811 ; 101.609;
8 ; 16 ; 15 ; 0.0581516 ; 0.0021795 ; -0.0209374 ; 101.846;
9 ; 16 ; 15 ; 0.0680798 ; -0.00818606 ; -0.00594095 ; 101.417;
10 ; 16 ; 15 ; 0.0525764 ; 0.00356957 ; 0.0104009 ; 101.881;
11 ; 16 ; 15 ; 0.0666764 ; 0.014871 ; 0.0185181 ; 101.813;
12 ; 16 ; 15 ; 0.0463195 ; 0.00311048 ; 0.00264412 ; 101.465;
13 ; 16 ; 15 ; 0.060566 ; 0.014557 ; 0.00880106 ; 102.066;
14 ; 16 ; 15 ; 0.0549514 ; 0.00935582 ; 0.00772169 ; 101.287;
15 ; 16 ; 15 ; 0.0699361 ; 0.00672265 ; -0.00585044 ; 102.128;
16 ; 16 ; 15 ; 0.0493721 ; 0.0136976 ; 0.00411581 ; 101.469;
17 ; 16 ; 15 ; 0.0678246 ; 0.00164802 ; 0.00822153 ; 102.074;
18 ; 16 ; 15 ; 0.0681778 ; 0.0107452 ; -0.0106711 ; 101.028;
19 ; 16 ; 15 ; 0.0599895 ; 0.00333723 ; -0.00504898 ; 101.8;
20 ; 16 ; 15 ; 0.0565083 ; -0.0025309 ; 0.00681841 ; 101.769;
21 ; 16 ; 15 ; 0.0494907 ; 0.00931701 ; -0.00757166 ; 101.793;
4 ; 17 ; 15 ; 0.0480285 ; -0.00697099 ; 0.0154135 ; 100.957;
5 ; 17 ; 15 ; 0.0410343 ; -0.00659831 ; 0.00897796 ; 102.165;
6 ; 17 ; 15 ; 0.045532 ; -0.00826429 ; -0.00514271 ; 101.684;
7 ; 17 ; 15 ; 0.0360141 ; 0.0116666 ; 0.00885091 ; 101.188;
8 ; 17 ; 15 ; 0.0590556 ; 0.00883052 ; 0.00138422 ; 101.674;
9 ; 17 ; 15 ; 0.0585769 ; 0.00482494 ; -0.00460987 ; 100.832;
10 ; 17 ; 15 ; 0.0662237 ; -0.00452169 ; 0.00185041 ; 101.748;
11 ; 17 ; 15 ; 0.0650715 ; -0.00416919 ; 0.00534101 ; 101.426;
12 ; 17 ; 15 ; 0.0502282 ; 0.00754231 ; 0.010954 ; 101.761;
13 ; 17 ; 15 ; 0.0514022 ; 0.0210265 ; -0.00817379 ; 101.734;
14 ; 17 ; 15 ; 0.0555211 ; 0.00358569 ; 0.0148843 ; 101.179;
15 ; 17 ; 15 ; 0.0600316 ; 0.00445632 ; 0.0316455 ; 101.683;
16 ; 17 ; 15 ; 0.0589604 ; -0.000359228 ; 0.00345365 ; 101.522;
17 ; 17 ; 15 ; 0.0324547 ; -0.0231959 ; -0.00788775 ; 102.369;
18 ; 17 ; 15 ; 0.0318121 ; 0.00519263 ; -0.00796029 ; 101.088;
19 ; 17 ; 15 ; 0.0606885 ; 0.0128189 ; -0.00181324 ; 101.323;
20 ; 17 ; 15 ; 0.0600313 ; -0.00456641 ; -0.0327733 ; 101.374;
21 ; 17 ; 15 ; 0.0386449 ; 0.0392269 ; 0.00274068 ; 101.506;
4 ; 18 ; 15 ; 0.0719554 ; -0.0177317 ; -0.007987 ; 101.33;
5 ; 18 ; 15 ; 0.0279802 ; 0.00440944 ; -0.00764181 ; 101.234;
6 ; 18 ; 15 ; 0.0465258 ; 0.00212227 ; 0.0169907 ; 101.252;
7 ; 18 ; 15 ; 0.0613474 ; 0.0241716 ; 0.008066 ; 102.084;
8 ; 18 ; 15 ; 0.0451836 ; -0.00692807 ; 0.0105278 ; 101.492;
9 ; 18 ; 15 ; 0.0517077 ; -0.00299834 ; 0.00119721 ; 100.851;
10 ; 18 ; 15 ; 0.0674192 ; 0.00595635 ; 0.00159274 ; 102.183;
11 ; 18 ; 15 ; 0.0741887 ; 0.00124025 ; -0.00922367 ; 101.09;
12 ; 18 ; 15 ; 0.0509006 ; 0.0101998 ; -0.00735362 ; 101.393;
13 ; 18 ; 15 ; 0.0381098 ; 0.000388072 ; 0.0120061 ; 101.204;
14 ; 18 ; 15 ; 0.0640454 ; -0.00400221 ; -0.00551551 ; 101.589;
15 ; 18 ; 15 ; 0.0486835 ; 0.0013645 ; -0.0146006 ; 102.348;
16 ; 18 ; 15 ; 0.0428593 ; 0.0141772 ; 0.00263514 ; 101.612;
17 ; 18 ; 15 ; 0.0276972 ; 0.0142961 ; -0.00186742 ; 101.34;
18 ; 18 ; 15 ; 0.0397051 ; 0.00303637 ; 0.00835849 ; 101.59;
19 ; 18 ; 15 ; 0.0678566 ; -0.0122109 ; -0.0111835 ; 100.973;
20 ; 18 ; 15 ; 0.0680056 ; 0.00629467 ; -0.0093565 ; 101.542;
21 ; 18 ; 15 ; 0.038469 ; 0.00476368 ; -0.0128817 ; 100.908;
4 ; 19 ; 15 ; 0.0436561 ; -0.019543 ; 0.0206448 ; 101.057;
5 ; 19 ; 15 ; 0.0410431 ; 0.00569959 ; -0.00305683 ; 102.062;
6 ; 19 ; 15 ; 0.0550617 ; 0.00116869 ; -0.000207231 ; 102.154;
7 ; 19 ; 15 ; 0.0501281 ; 0.0136108 ; -0.00334559 ; 101.215;
8 ; 19 ; 15 ; 0.0709504 ; -0.0143302 ; 0.0140734 ; 101.69;
9 ; 19 ; 15 ; 0.069167 ; -0.0171815 ; -0.00803203 ; 101.6;
10 ; 19 ; 15 ; 0.0617335 ; -0.00759292 ; 0.00629395 ; 101.789;
11 ; 19 ; 15 ; 0.0498669 ; -0.00737115 ; 0.00588097 ; 101.309;
12 ; 19 ; 15 ; 0.0484538 ; 0.00715587 ; -0.000998688 ; 101.265;
13 ; 19 ; 15 ; 0.0474097 ; -0.0136933 ; -0.000752895 ; 101.663;
14 ; 19 ; 15 ; 0.043773 ; 0.00283173 ; -0.00837577 ; 101.584;
15 ; 19 ; 15 ; 0.0493384 ; -0.00907469 ; -0.0106638 ; 101.197;
16 ; 19 ; 15 ; 0.0602149 ; -0.0184347 ; 0.00212077 ; 101.442;
17 ; 19 ; 15 ; 0.057099 ; -0.00823733 ; 0.00990719 ; 101.387;
18 ; 19 ; 15 ; 0.0571 ; -0.00454233 ; 0.00133201 ; 101.996;
19 ; 19 ; 15 ; 0.0491998 ; 0.00946528 ; 0.0136469 ; 101.168;
20 ; 19 ; 15 ; 0.0407836 ; -0.00223576 ; -0.0137682 ; 101.407;
21 ; 19 ; 15 ; 0.0552685 ; 0.00687537 ; -0.0224934 ; 101.104;
4 ; 20 ; 15 ; 0.0502994 ; 0.00042963 ; -0.0051958 ; 102.118;
5 ; 20 ; 15 ; 0.0509114 ; -0.0048139 ; 0.00575985 ; 101.682;
6 ; 20 ; 15 ; 0.0502666 ; -0.00146261 ; -0.00281025 ; 101.388;
7 ; 20 ; 15 ; 0.0467126 ; -0.00912799 ; 7.46362e-05 ; 101.453;
8 ; 20 ; 15 ; 0.0542135 ; 0.00682847 ; 0.00750163 ; 101.237;
9 ; 20 ; 15 ; 0.0533319 ; -0.0157638 ; -0.00578468 ; 101.364;
10 ; 20 ; 15 ; 0.0664175 ; -0.00313032 ; 0.00967434 ; 101.68;
11 ; 20 ; 15 ; 0.0537353 ; -0.0103127 ; 0.000590446 ; 102.012;
12 ; 20 ; 15 ; 0.0411543 ; -0.000446532 ; 0.00118148 ; 101.593;
13 ; 20 ; 15 ; 0.0624354 ; -0.0128772 ; 0.00276292 ; 101.809;
14 ; 20 ; 15 ; 0.0472168 ; 0.0209292 ; -0.000278508 ; 101.304;
15 ; 20 ; 15 ; 0.0493266 ; -0.00968561 ; -0.00783049 ; 101.421;
16 ; 20 ; 15 ; 0.0361275 ; 0.00503606 ; -0.0170233 ; 101.486;
17 ; 20 ; 15 ; 0.0622232 ; -0.000502338 ; 0.00866795 ; 101.35;
18 ; 20 ; 15 ; 0.0431707 ; 0.0175073 ; 0.00232272 ; 101.96;
19 ; 20 ; 15 ; 0.0469373 ; 0.0158442 ; 0.00310092 ; 101.246;
20 ; 20 ; 15 ; 0.0356837 ; -0.0151961 ; -0.0122118 ; 102.243;
21 ; 20 ; 15 ; 0.0572288 ; -0.000964984 ; -0.0127852 ; 101.242;
4 ; 21 ; 15 ; 0.0661434 ; 0.0148687 ; -0.00350077 ; 101.42;
5 ; 21 ; 15 ; 0.0277736 ; 0.0160073 ; 0.00176295 ; 101.443;
6 ; 21 ; 15 ; 0.0593456 ; -0.010731 ; -0.0161869 ; 101.305;
7 ; 21 ; 15 ; 0.0674374 ; 0.00480494 ; 0.00780361 ; 100.947;
8 ; 21 ; 15 ; 0.0632936 ; 0.0174452 ; -0.00115762 ; 101.117;
9 ; 21 ; 15 ; 0.0506463 ; 0.00802811 ; 0.00320223 ; 102.051;
10 ; 21 ; 15 ; 0.0673006 ; 0.0153699 ; 0.0127661 ; 101.255;
11 ; 21 ; 15 ; 0.0741085 ; -0.00205295 ; 0.0105132 ; 101.287;
12 ; 21 ; 15 ; 0.0556629 ; -0.000489859 ; -0.00420184 ; 101.312;
13 ; 21 ; 15 ; 0.0605198 ; -0.00935734 ; 0.00606357 ; 102.19;
14 ; 21 ; 15 ; 0.0463196 ; -0.00465023 ; 0.0123253 ; 101.734;
15 ; 21 ; 15 ; 0.0494607 ; 0.00731353 ; 0.0105305 ; 101.231;
16 ; 21 ; 15 ; 0.0723007 ; -0.000158532 ; 0.00741759 ; 101.41;
17 ; 21 ; 15 ; 0.0389099 ; -0.00629862 ; 0.00993741 ; 102.131;
18 ; 21 ; 15 ; 0.0335275 ; 0.0196462 ; -0.00637503 ; 102.017;
19 ; 21 ; 15 ; 0.0620445 ; 0.0195341 ; -0.00111702 ; 101.378;
20 ; 21 ; 15 ; 0.0452572 ; 0.0228758 ; -0.009301 ; 101.664;
21 ; 21 ; 15 ; 0.0406123 ; -0.00836013 ; -0.00546396 ; 101.345;
4 ; 4 ; 16 ; 0.0375422 ; 0.0147962 ; -0.0019359 ; 101.762;
5 ; 4 ; 16 ; 0.0494767 ; -0.00530805 ; -0.00282934 ; 101.258;
6 ; 4 ; 16 ; 0.0470226 ; 0.0104689 ; 0.00617269 ; 101.205;
7 ; 4 ; 16 ; 0.0285489 ; 0.0124316 ; 0.0220146 ; 101.025;
8 ; 4 ; 16 ; 0.0360929 ; 0.00939538 ; -0.0137207 ; 101.96;
9 ; 4 ; 16 ; 0.0400291 ; 0.0029667 ; 0.00339219 ; 101.257;
10 ; 4 ; 16 ; 0.0263638 ; -0.00764415 ; 0.00132276 ; 101.615;
11 ; 4 ; 16 ; 0.0425544 ; -0.0116648 ; 0.00174981 ; 101.737;
12 ; 4 ; 16 ; 0.0346387 ; -0.00530669 ; -0.0106551 ; 101.888;
13 ; 4 ; 16 ; 0.0381008 ; -0.000473155 ; -0.00662353 ; 101.14;
14 ; 4 ; 16 ; 0.0441574 ; 0.000345959 ; 0.0068563 ; 101.539;
15 ; 4 ; 16 ; 0.0323523 ; -0.000747883 ; -0.008164 ; 101.801;
16 ; 4 ; 16 ; 0.0266162 ; -0.00345001 ; -0.00745974 ; 101.896;
17 ; 4 ; 16 ; 0.0371854 ; 0.0044391 ; 0.00158034 ; 101.388;
18 ; 4 ; 16 ; 0.0228789 ; 0.00576078 ; -0.00670002 ; 101.806;
19 ; 4 ; 16 ; 0.0542765 ; -0.00233563 ; -0.0210635 ; 101.339;
20 ; 4 ; 16 ; 0.0326735 ; 0.0066753 ; 0.00665232 ; 101.375;
21 ; 4 ; 16 ; 0.0354779 ; 0.00734092 ; 0.0107233 ; 101.796;
4 ; 5 ; 16 ; 0.0401486 ; -0.00795846 ; -0.00715577 ; 101.159;
5 ; 5 ; 16 ; 0.0364522 ; 0.00674718 ; 0.0209458 ; 101.865;
6 ; 5 ; 16 ; 0.0392978 ; 0.00650964 ; 0.00628021 ; 101.44;
7 ; 5 ; 16 ; 0.027133 ; -0.002997 ; 0.0181979 ; 101.135;
8 ; 5 ; 16 ; 0.0511857 ; -0.000135906 ; 0.00883957 ; 100.998;
9 ; 5 ; 16 ; 0.0452584 ; -0.00765998 ; 0.0121971 ; 101.356;
10 ; 5 ; 16 ; 0.0427652 ; -0.0112897 ; 0.00989739 ; 101.16;
11 ; 5 ; 16 ; 0.0228424 ; 0.00483044 ; 0.011329 ; 102.152;
12 ; 5 ; 16 ; 0.0481627 ; -0.0135876 ; 0.00512997 ; 101.513;
13 ; 5 ; 16 ; 0.0424776 ; -0.00690169 ; 0.0133475 ; 101.812;
14 ; 5 ; 16 ; 0.0378207 ; -0.0179995 ; 0.0107533 ; 101.49;
15 ; 5 ; 16 ; 0.0267838 ; 0.00701662 ; 0.00426128 ; 101.569;
16 ; 5 ; 16 ; 0.0415647 ; 0.00368776 ; -0.00868843 ; 101.79;
17 ; 5 ; 16 ; 0.0277616 ; -0.00769239 ; -0.0112211 ; 101.426;
18 ; 5 ; 16 ; 0.0320196 ; 0.00767249 ; -0.0115427 ; 100.969;
19 ; 5 ; 16 ; 0.0172553 ; 0.00750242 ; -0.0154882 ; 101.461;
20 ; 5 ; 16 ; 0.0202389 ; -0.00343732 ; -0.00298874 ; 102.235;
21 ; 5 ; 16 ; 0.0431166 ; 0.00155101 ; -0.00422948 ; 101.549;
4 ; 6 ; 16 ; 0.0443719 ; -0.00201246 ; 0.0150833 ; 101.068;
5 ; 6 ; 16 ; 0.0526815 ; 0.0219865 ; -0.00443584 ; 100.765;
6 ; 6 ; 16 ; 0.0411812 ; -0.00386705 ; 0.00779809 ; 101.298;
7 ; 6 ; 16 ; 0.0355853 ; -0.00325575 ; -0.00793831 ; 101.61;
8 ; 6 ; 16 ; 0.0428681 ; 0.00843153 ; -0.00177956 ; 102.15;
9 ; 6 ; 16 ; 0.0359074 ; 0.00164002 ; -0.0172888 ; 101.104;
10 ; 6 ; 16 ; 0.0229474 ; -0.00606078 ; -0.00377113 ; 101.363;
11 ; 6 ; 16 ; 0.0385078 ; -0.00171732 ; -0.00333514 ; 101.315;
12 ; 6 ; 16 ; 0.0513912 ; -0.0142614 ; 0.00629409 ; 101.282;
13 ; 6 ; 16 ; 0.0452641 ; 0.00945126 ; -0.016727 ; 100.871;
14 ; 6 ; 16 ; 0.0288951 ; -0.00627028 ; -0.00966842 ; 102.155;
15 ; 6 ; 16 ; 0.0311784 ; -0.00956536 ; -0.00568634 ; 101.199;
16 ; 6 ; 16 ; 0.0439447 ; 0.0068301 ; 0.00322241 ; 101.355;
17 ; 6 ; 16 ; 0.0365761 ; 0.00414441 ; -0.027035 ; 101.856;
18 ; 6 ; 16 ; 0.0409831 ; -0.0111499 ; 0.00244862 ; 101.666;
19 ; 6 ; 16 ; 0.0342012 ; 0.00086733 ; -0.00932664 ; 101.835;
20 ; 6 ; 16 ; 0.0300631 ; -0.00593544 ; 0.00178857 ; 101.359;
21 ; 6 ; 16 ; 0.0312845 ; -0.000825698 ; 0.00453999 ; 101.447;
4 ; 7 ; 16 ; 0.04558 ; 0.0077718 ; 8.04917e-05 ; 101.724;
5 ; 7 ; 16 ; 0.0570269 ; 0.00936703 ; -0.0134514 ; 101.707;
6 ; 7 ; 16 ; 0.0510741 ; -0.00133383 ; -0.00752343 ; 101.331;
7 ; 7 ; 16 ; 0.0406055 ; -0.00292964 ; 0.00638241 ; 102.251;
8 ; 7 ; 16 ; 0.0370852 ; 0.00537076 ; 0.00781748 ; 101.652;
9 ; 7 ; 16 ; 0.051198 ; 0.025105 ; -0.00420022 ; 100.764;
10 ; 7 ; 16 ; 0.0449156 ; 0.00662594 ; 0.0141676 ; 101.652;
11 ; 7 ; 16 ; 0.0508368 ; 0.00708152 ; 0.0169298 ; 101.175;
12 ; 7 ; 16 ; 0.0436927 ; -0.00217652 ; 0.0121206 ; 101.985;
13 ; 7 ; 16 ; 0.0410747 ; -0.00822269 ; -0.0237405 ; 101.854;
14 ; 7 ; 16 ; 0.0426355 ; 0.0113579 ; -0.00293902 ; 101.273;
15 ; 7 ; 16 ; 0.0331694 ; 0.00577609 ; -0.0136773 ; 101.262;
16 ; 7 ; 16 ; 0.0285819 ; -0.0141648 ; -0.000765638 ; 101.279;
17 ; 7 ; 16 ; 0.0269951 ; -0.0275163 ; -0.0052757 ; 101.802;
18 ; 7 ; 16 ; 0.0247206 ; 0.0152588 ; -0.0161416 ; 101.424;
19 ; 7 ; 16 ; 0.0309001 ; -0.00685869 ; -0.00801017 ; 101.83;
20 ; 7 ; 16 ; 0.0357651 ; 0.00310535 ; 0.0183921 ; 101.42;
21 ; 7 ; 16 ; 0.035364 ; 0.0115196 ; 0.00281472 ; 101.251;
4 ; 8 ; 16 ; 0.041304 ; -0.0164845 ; -0.00977256 ; 101.434;
5 ; 8 ; 16 ; 0.0365187 ; 0.0141979 ; -0.00512514 ; 101.408;
6 ; 8 ; 16 ; 0.0447147 ; -0.0270005 ; 0.00237357 ; 101.953;
7 ; 8 ; 16 ; 0.030383 ; 0.00153789 ; 0.00289991 ; 102.109;
8 ; 8 ; 16 ; 0.03545 ; 0.000943749 ; -0.0105066 ; 101.47;
9 ; 8 ; 16 ; 0.0399037 ; -0.00258616 ; 0.00567285 ; 101.007;
10 ; 8 ; 16 ; 0.0601209 ; -0.00420033 ; 0.0106511 ; 101.948;
11 ; 8 ; 16 ; 0.0282897 ; 0.0122351 ; 0.0174398 ; 101.396;
12 ; 8 ; 16 ; 0.0560337 ; -0.0156102 ; 0.00754506 ; 101.932;
13 ; 8 ; 16 ; 0.0506184 ; 0.00960902 ; -0.00660569 ; 101.295;
14 ; 8 ; 16 ; 0.028637 ; -0.00862181 ; 0.01034 ; 101.21;
15 ; 8 ; 16 ; 0.0380777 ; 0.0167066 ; -0.0203699 ; 101.82;
16 ; 8 ; 16 ; 0.044902 ; 0.00547536 ; -0.0197793 ; 101.539;
17 ; 8 ; 16 ; 0.033202 ; 0.0113435 ; -0.00671486 ; 101.576;
18 ; 8 ; 16 ; 0.0542544 ; 0.0154618 ; 0.0140085 ; 101.675;
19 ; 8 ; 16 ; 0.0344918 ; 0.000407651 ; -0.0145719 ; 101.287;
20 ; 8 ; 16 ; 0.0469332 ; -0.00155857 ; -0.0144751 ; 101.456;
21 ; 8 ; 16 ; 0.0397505 ; 0.00340783 ; 0.00266077 ; 100.966;
4 ; 9 ; 16 ; 0.0349428 ; -0.00099159 ; 0.0104875 ; 101.47;
5 ; 9 ; 16 ; 0.0219131 ; -0.00809523 ; 0.0211007 ; 102.292;
6 ; 9 ; 16 ; 0.0390291 ; 0.00826305 ; -0.00148594 ; 100.704;
7 ; 9 ; 16 ; 0.034722 ; 0.0010612 ; 0.00730038 ; 101.936;
8 ; 9 ; 16 ; 0.0336243 ; 0.000790706 ; -0.00304726 ; 101.815;
9 ; 9 ; 16 ; 0.027148 ; -0.0065523 ; 0.00432286 ; 101.672;
10 ; 9 ; 16 ; 0.0330637 ; -0.0126238 ; -0.00127232 ; 101.7;
11 ; 9 ; 16 ; 0.0366087 ; -0.0070943 ; -0.0097521 ; 101.013;
12 ; 9 ; 16 ; 0.0583844 ; -0.0160043 ; 0.000713846 ; 102.259;
13 ; 9 ; 16 ; 0.0422732 ; -0.00137967 ; 0.00772618 ; 102.041;
14 ; 9 ; 16 ; 0.0258273 ; -0.0093802 ; -0.00152751 ; 101.607;
15 ; 9 ; 16 ; 0.03612 ; 0.00879822 ; -0.0147302 ; 101.559;
16 ; 9 ; 16 ; 0.0378605 ; 0.020386 ; -0.00987381 ; 101.645;
17 ; 9 ; 16 ; 0.0394485 ; -0.00459588 ; 0.0135453 ; 101.511;
18 ; 9 ; 16 ; 0.0431293 ; -0.00180772 ; -0.0120637 ; 101.237;
19 ; 9 ; 16 ; 0.0262594 ; 0.0182786 ; -0.00764735 ; 102.193;
20 ; 9 ; 16 ; 0.0325535 ; -0.00275507 ; -0.0316463 ; 101.379;
21 ; 9 ; 16 ; 0.0206477 ; 0.00376129 ; 0.00550299 ; 102.293;
4 ; 10 ; 16 ; 0.0539836 ; 0.00270236 ; -0.00143393 ; 101.002;
5 ; 10 ; 16 ; 0.033464 ; 0.0160309 ; 0.000710451 ; 100.712;
6 ; 10 ; 16 ; 0.0382117 ; -0.0225087 ; -0.0193174 ; 101.433;
7 ; 10 ; 16 ; 0.0454584 ; 0.00890113 ; -0.0022222 ; 102.098;
8 ; 10 ; 16 ; 0.0232857 ; 0.00543204 ; 0.00207086 ; 101.496;
9 ; 10 ; 16 ; 0.0222958 ; 0.00676988 ; 0.00297127 ; 101.81;
10 ; 10 ; 16 ; 0.0548755 ; 0.000503812 ; 0.0249562 ; 101.702;
11 ; 10 ; 16 ; 0.0333947 ; -0.00783903 ; 0.00275944 ; 101.422;
12 ; 10 ; 16 ; 0.0315158 ; -0.00657664 ; 0.00620657 ; 101.275;
13 ; 10 ; 16 ; 0.0284559 ; -0.0145504 ; -0.000703613 ; 101.955;
14 ; 10 ; 16 ; 0.0428243 ; 0.0181151 ; -0.00780285 ; 102.06;
15 ; 10 ; 16 ; 0.0341745 ; -0.00691674 ; -0.0163835 ; 101.405;
16 ; 10 ; 16 ; 0.0397535 ; 0.0065716 ; -0.0135462 ; 101.223;
17 ; 10 ; 16 ; 0.0376835 ; -0.0174305 ; -0.00286021 ; 101.19;
18 ; 10 ; 16 ; 0.0444223 ; -0.0167562 ; 0.00838509 ; 101.296;
19 ; 10 ; 16 ; 0.0259149 ; 0.0107516 ; -0.00337676 ; 101.382;
20 ; 10 ; 16 ; 0.0581328 ; 0.00336156 ; -0.0146079 ; 101.978;
21 ; 10 ; 16 ; 0.0425425 ; 0.000507286 ; -0.00650368 ; 101.753;
4 ; 11 ; 16 ; 0.0444457 ; -0.0139133 ; 0.00200302 ; 101.869;
5 ; 11 ; 16 ; 0.0229868 ; 0.0042496 ; -0.00442202 ; 101.456;
6 ; 11 ; 16 ; 0.0396656 ; -0.00851859 ; 0.0112426 ; 101.385;
7 ; 11 ; 16 ; 0.0304365 ; 0.00943442 ; -0.00105339 ; 101.021;
8 ; 11 ; 16 ; 0.0497856 ; 0.00383537 ; -0.0179967 ; 101.759;
9 ; 11 ; 16 ; 0.0327017 ; -0.0016358 ; -0.00202791 ; 100.88;
10 ; 11 ; 16 ; 0.0523326 ; 0.00932013 ; 0.00570853 ; 101.481;
11 ; 11 ; 16 ; 0.0329848 ; -0.00630624 ; 0.00281229 ; 101.355;
12 ; 11 ; 16 ; 0.0426952 ; -0.0136976 ; 0.0147369 ; 101.75;
13 ; 11 ; 16 ; 0.0445932 ; 0.00691407 ; -0.00746936 ; 101.149;
14 ; 11 ; 16 ; 0.0361439 ; -0.0158662 ; 0.00676141 ; 101.529;
15 ; 11 ; 16 ; 0.0307506 ; 0.000173042 ; -0.00626262 ; 101.354;
16 ; 11 ; 16 ; 0.0432584 ; -0.00964211 ; -0.000621676 ; 101.722;
17 ; 11 ; 16 ; 0.0207043 ; -0.0134665 ; -0.000895567 ; 101.479;
18 ; 11 ; 16 ; 0.0395012 ; 0.000391646 ; -0.00993948 ; 101.488;
19 ; 11 ; 16 ; 0.0254217 ; -0.00243083 ; 0.00472917 ; 102.09;
20 ; 11 ; 16 ; 0.0541632 ; 0.00762077 ; -0.00333206 ; 101.779;
21 ; 11 ; 16 ; 0.0267665 ; 0.00654494 ; 0.00620128 ; 102.229;
4 ; 12 ; 16 ; 0.0372723 ; -0.0113262 ; 0.00454968 ; 101.599;
5 ; 12 ; 16 ; 0.0254059 ; 0.00128502 ; -0.00439661 ; 101.849;
6 ; 12 ; 16 ; 0.0393303 ; 0.00563813 ; -0.00252197 ; 102.187;
7 ; 12 ; 16 ; 0.0450054 ; 0.00707785 ; -0.00699583 ; 101.585;
8 ; 12 ; 16 ; 0.0592463 ; -0.0131226 ; -0.00610875 ; 101.572;
9 ; 12 ; 16 ; 0.0347814 ; -0.00111324 ; 0.002163 ; 101.82;
10 ; 12 ; 16 ; 0.0393376 ; 0.00532812 ; 0.00510365 ; 100.927;
11 ; 12 ; 16 ; 0.0438418 ; -0.0118645 ; -0.0119423 ; 101.989;
12 ; 12 ; 16 ; 0.0576326 ; 0.0046947 ; -0.0217482 ; 101.407;
13 ; 12 ; 16 ; 0.0396311 ; -0.0220311 ; -0.0122123 ; 101.584;
14 ; 12 ; 16 ; 0.0469885 ; -0.00338341 ; 0.0148954 ; 101.993;
15 ; 12 ; 16 ; 0.0381798 ; -0.00148495 ; -0.00839029 ; 101.213;
16 ; 12 ; 16 ; 0.0311094 ; -0.00995488 ; 0.00331953 ; 101.288;
17 ; 12 ; 16 ; 0.0492236 ; 0.0117432 ; -0.00789524 ; 100.962;
18 ; 12 ; 16 ; 0.0328735 ; -0.0174756 ; -0.00623509 ; 101.846;
19 ; 12 ; 16 ; 0.0510679 ; 0.00477966 ; 0.00158856 ; 101.54;
20 ; 12 ; 16 ; 0.0431553 ; 0.00957506 ; -0.0168573 ; 101.457;
21 ; 12 ; 16 ; 0.039276 ; -0.00408574 ; -0.00678076 ; 101.406;
4 ; 13 ; 16 ; 0.035721 ; -0.0147071 ; 0.0115574 ; 102.021;
5 ; 13 ; 16 ; 0.0300305 ; 0.018247 ; -0.013045 ; 101.449;
6 ; 13 ; 16 ; 0.0370039 ; -0.0153361 ; 0.0122787 ; 101.49;
7 ; 13 ; 16 ; 0.0330194 ; 0.00619848 ; 0.0111079 ; 101.674;
8 ; 13 ; 16 ; 0.0317381 ; 0.00349539 ; -0.00111864 ; 101.149;
9 ; 13 ; 16 ; 0.0305979 ; 0.000507509 ; -0.0104055 ; 101.414;
10 ; 13 ; 16 ; 0.04319 ; 0.00548321 ; -0.00242988 ; 102.079;
11 ; 13 ; 16 ; 0.0334217 ; 0.00201224 ; 0.00510402 ; 101.423;
12 ; 13 ; 16 ; 0.0407652 ; -0.000760239 ; -0.00526751 ; 101.424;
13 ; 13 ; 16 ; 0.0444896 ; -0.0234174 ; -0.00178827 ; 101.676;
14 ; 13 ; 16 ; 0.0430077 ; -0.00251491 ; 0.00402116 ; 101.317;
15 ; 13 ; 16 ; 0.029343 ; -0.00596249 ; -0.00480067 ; 102.025;
16 ; 13 ; 16 ; 0.0396716 ; 0.0146231 ; 0.00925757 ; 101.153;
17 ; 13 ; 16 ; 0.034206 ; 0.00306403 ; 0.00691122 ; 100.981;
18 ; 13 ; 16 ; 0.0512327 ; -0.00209381 ; -0.0111689 ; 101.228;
19 ; 13 ; 16 ; 0.0423147 ; 0.00115389 ; -0.0181747 ; 101.374;
20 ; 13 ; 16 ; 0.0252365 ; 0.0100777 ; -0.0210805 ; 101.03;
21 ; 13 ; 16 ; 0.031482 ; -0.00697813 ; -0.0046532 ; 101.281;
4 ; 14 ; 16 ; 0.0466843 ; 0.00203154 ; 0.0101897 ; 101.836;
5 ; 14 ; 16 ; 0.0405169 ; 0.00872064 ; -0.00346674 ; 101.672;
6 ; 14 ; 16 ; 0.0384298 ; -0.0238986 ; -0.0103346 ; 102.54;
7 ; 14 ; 16 ; 0.0390614 ; 0.0143967 ; -0.00137355 ; 101.718;
8 ; 14 ; 16 ; 0.0472331 ; 0.0194524 ; 0.00809886 ; 101.873;
9 ; 14 ; 16 ; 0.0434893 ; 0.00545553 ; 0.0172885 ; 101.657;
10 ; 14 ; 16 ; 0.0347615 ; 0.0139584 ; 0.0152067 ; 101.208;
11 ; 14 ; 16 ; 0.0300536 ; -0.00356935 ; 0.00620774 ; 101.627;
12 ; 14 ; 16 ; 0.0604469 ; 0.00126172 ; 0.0126899 ; 101.202;
13 ; 14 ; 16 ; 0.0441511 ; -0.000899532 ; -0.0117687 ; 101.779;
14 ; 14 ; 16 ; 0.0543141 ; 0.00115839 ; -0.0266657 ; 101.065;
15 ; 14 ; 16 ; 0.0417293 ; 0.00872789 ; -0.00549285 ; 101.409;
16 ; 14 ; 16 ; 0.0287019 ; 0.00405416 ; -0.00342252 ; 101.571;
17 ; 14 ; 16 ; 0.0441765 ; 0.00331874 ; 0.0129036 ; 101.44;
18 ; 14 ; 16 ; 0.0389648 ; 0.00964203 ; -0.00683652 ; 101.858;
19 ; 14 ; 16 ; 0.0344754 ; 0.00194809 ; -0.0128575 ; 102.119;
20 ; 14 ; 16 ; 0.0346613 ; -0.00769918 ; 0.00111785 ; 101.583;
21 ; 14 ; 16 ; 0.0345435 ; 0.00243923 ; -0.00233336 ; 101.423;
4 ; 15 ; 16 ; 0.0441562 ; -0.0169591 ; 0.0016544 ; 101.523;
5 ; 15 ; 16 ; 0.0357551 ; 0.00495514 ; -0.0172023 ; 101.574;
6 ; 15 ; 16 ; 0.0310355 ; -0.000426653 ; -0.00744332 ; 101.46;
7 ; 15 ; 16 ; 0.0327832 ; 0.0027719 ; 0.00725707 ; 101.6;
8 ; 15 ; 16 ; 0.0269725 ; 0.0125591 ; -0.00374515 ; 102.037;
9 ; 15 ; 16 ; 0.0139521 ; -0.0113247 ; -0.0136891 ; 100.661;
10 ; 15 ; 16 ; 0.0240314 ; -0.00433928 ; -0.00722745 ; 101.781;
11 ; 15 ; 16 ; 0.0476135 ; 0.00403116 ; 0.0029207 ; 101.485;
12 ; 15 ; 16 ; 0.0353886 ; 0.0183809 ; -0.0149664 ; 101.722;
13 ; 15 ; 16 ; 0.051212 ; -0.00200617 ; -0.0282638 ; 101.596;
14 ; 15 ; 16 ; 0.0333971 ; -0.013736 ; 0.00766396 ; 100.819;
15 ; 15 ; 16 ; 0.0314895 ; -0.00393425 ; 0.00280281 ; 101.437;
16 ; 15 ; 16 ; 0.0582236 ; 0.0152535 ; 0.0107422 ; 100.828;
17 ; 15 ; 16 ; 0.0330617 ; -0.0121268 ; -0.0125589 ; 101.579;
18 ; 15 ; 16 ; 0.0367714 ; 0.0175704 ; -0.00800169 ; 101.639;
19 ; 15 ; 16 ; 0.0231452 ; 0.00589799 ; -0.0080534 ; 101.356;
20 ; 15 ; 16 ; 0.0265845 ; 0.0026895 ; -0.0183942 ; 101.267;
21 ; 15 ; 16 ; 0.0312702 ; 0.0039045 ; 0.0112901 ; 101.242;
4 ; 16 ; 16 ; 0.0354393 ; 0.00522316 ; 0.0143557 ; 101.344;
5 ; 16 ; 16 ; 0.0464175 ; 0.0157846 ; 0.0123699 ; 101.668;
6 ; 16 ; 16 ; 0.0390665 ; 0.0133605 ; 0.00313797 ; 101.487;
7 ; 16 ; 16 ; 0.0361648 ; 0.00126726 ; -0.00193461 ; 102.029;
8 ; 16 ; 16 ; 0.0339685 ; -0.00647945 ; -0.00147041 ; 101.286;
9 ; 16 ; 16 ; 0.0435381 ; 0.00884513 ; -0.00323766 ; 101.597;
10 ; 16 ; 16 ; 0.0382507 ; -0.0136578 ; 0.00941822 ; 101.26;
11 ; 16 ; 16 ; 0.0502956 ; -0.0201735 ; 0.00475878 ; 101.62;
12 ; 16 ; 16 ; 0.027606 ; 0.00521973 ; 0.00210221 ; 101.762;
13 ; 16 ; 16 ; 0.0406345 ; -0.0169553 ; -0.0109672 ; 101.067;
14 ; 16 ; 16 ; 0.0501474 ; -0.00452923 ; -0.0211626 ; 102.094;
15 ; 16 ; 16 ; 0.0346266 ; 0.00286961 ; 5.61034e-05 ; 101.74;
16 ; 16 ; 16 ; 0.044844 ; -0.0066587 ; -0.0107907 ; 101.339;
17 ; 16 ; 16 ; 0.0419007 ; -0.0186723 ; -0.00500625 ; 101.714;
18 ; 16 ; 16 ; 0.0359428 ; 0.013077 ; -0.000925663 ; 101.278;
19 ; 16 ; 16 ; 0.0465527 ; 0.00245782 ; -0.00142437 ; 100.985;
20 ; 16 ; 16 ; 0.0359243 ; -0.0087006 ; -0.0265766 ; 102.008;
21 ; 16 ; 16 ; 0.0257739 ; 0.00427902 ; -0.00792287 ; 101.974;
4 ; 17 ; 16 ; 0.0283729 ; 0.00461552 ; 0.00937718 ; 101.887;
5 ; 17 ; 16 ; 0.0426653 ; 0.00286553 ; -0.00870868 ; 101.359;
6 ; 17 ; 16 ; 0.0423839 ; 0.0151574 ; -0.0136983 ; 101.849;
7 ; 17 ; 16 ; 0.0279296 ; 0.0233397 ; 0.000678434 ; 100.495;
8 ; 17 ; 16 ; 0.0181877 ; 0.000586858 ; -0.0094352 ; 101.835;
9 ; 17 ; 16 ; 0.0423579 ; -0.000861882 ; -0.0189825 ; 102.165;
10 ; 17 ; 16 ; 0.0304172 ; 0.00355645 ; 0.00592079 ; 101.739;
11 ; 17 ; 16 ; 0.049364 ; -0.010807 ; -0.0107235 ; 101.199;
12 ; 17 ; 16 ; 0.0399847 ; 0.00719581 ; 0.0121906 ; 102.053;
13 ; 17 ; 16 ; 0.0300494 ; 0.00299881 ; 0.00816217 ; 101.558;
14 ; 17 ; 16 ; 0.0101154 ; -0.0132665 ; -0.00796027 ; 101.557;
15 ; 17 ; 16 ; 0.0358099 ; 0.000722105 ; 0.00118454 ; 101.448;
16 ; 17 ; 16 ; 0.0306286 ; -0.00548004 ; -0.0144567 ; 101.512;
17 ; 17 ; 16 ; 0.060941 ; -0.0172264 ; 0.00342342 ; 101.256;
18 ; 17 ; 16 ; 0.0392183 ; 0.0056646 ; -0.0183878 ; 101.675;
19 ; 17 ; 16 ; 0.0461002 ; 0.0176208 ; -0.0269568 ; 101.749;
20 ; 17 ; 16 ; 0.0435819 ; -0.00957287 ; -0.0116311 ; 101.49;
21 ; 17 ; 16 ; 0.0387018 ; -0.00167746 ; -0.0119807 ; 101.615;
4 ; 18 ; 16 ; 0.0499868 ; 0.00223619 ; -0.00302605 ; 101.254;
5 ; 18 ; 16 ; 0.0417516 ; 0.00556327 ; -0.00619067 ; 101.278;
6 ; 18 ; 16 ; 0.0348751 ; 0.0026458 ; 0.0108616 ; 101.78;
7 ; 18 ; 16 ; 0.0522496 ; -0.00982624 ; -0.0118185 ; 101.189;
8 ; 18 ; 16 ; 0.0484533 ; -0.00925794 ; 0.00703267 ; 101.54;
9 ; 18 ; 16 ; 0.0401147 ; -0.00652994 ; 0.00775937 ; 101.915;
10 ; 18 ; 16 ; 0.0188662 ; -0.00774512 ; -0.0136823 ; 100.973;
11 ; 18 ; 16 ; 0.0449308 ; -0.0226523 ; 0.00346646 ; 101.582;
12 ; 18 ; 16 ; 0.062421 ; -0.00993309 ; -0.00973833 ; 101.783;
13 ; 18 ; 16 ; 0.0454903 ; 0.00169181 ; 0.0183801 ; 101.354;
14 ; 18 ; 16 ; 0.0379282 ; -0.00572447 ; 0.00770347 ; 101.214;
15 ; 18 ; 16 ; 0.0388287 ; -0.00154258 ; -0.00860415 ; 101.808;
16 ; 18 ; 16 ; 0.0152382 ; 0.0149728 ; -0.00787396 ; 101.78;
17 ; 18 ; 16 ; 0.021364 ; 0.00174797 ; 0.00111241 ; 101.317;
18 ; 18 ; 16 ; 0.019422 ; -0.00193877 ; -0.0107835 ; 101.646;
19 ; 18 ; 16 ; 0.0514368 ; -0.0099373 ; -0.00820702 ; 101.387;
20 ; 18 ; 16 ; 0.0349024 ; -0.00384287 ; 0.0130132 ; 101.131;
21 ; 18 ; 16 ; 0.031168 ; 0.00889871 ; -0.0179293 ; 101.261;
4 ; 19 ; 16 ; 0.0413799 ; -0.00652872 ; -8.51924e-05 ; 101.949;
5 ; 19 ; 16 ; 0.028478 ; 0.0140668 ; -0.00767151 ; 101.683;
6 ; 19 ; 16 ; 0.035969 ; 0.00109726 ; -0.0106411 ; 101.693;
7 ; 19 ; 16 ; 0.0444719 ; -0.00542505 ; 0.00339535 ; 101.835;
8 ; 19 ; 16 ; 0.0390412 ; -0.0113509 ; 0.0144731 ; 101.204;
9 ; 19 ; 16 ; 0.0313816 ; -0.0133842 ; -0.000398842 ; 101.675;
10 ; 19 ; 16 ; 0.0282029 ; 0.00539364 ; 0.00937884 ; 100.922;
11 ; 19 ; 16 ; 0.031173 ; 0.00185449 ; -0.00497097 ; 101.159;
12 ; 19 ; 16 ; 0.0325871 ; -0.00235178 ; -0.00508175 ; 101.161;
13 ; 19 ; 16 ; 0.0397618 ; -0.00492607 ; -0.00710627 ; 101.452;
14 ; 19 ; 16 ; 0.05456 ; 0.00478065 ; -0.0239624 ; 101.454;
15 ; 19 ; 16 ; 0.0545738 ; -0.00449193 ; 0.00811583 ; 101.55;
16 ; 19 ; 16 ; 0.0424334 ; 0.0145762 ; 0.00461431 ; 101.473;
17 ; 19 ; 16 ; 0.045009 ; -0.00684865 ; -0.0118993 ; 100.515;
18 ; 19 ; 16 ; 0.0404292 ; -0.00718978 ; 0.0123222 ; 102.23;
19 ; 19 ; 16 ; 0.0424726 ; -0.0253816 ; -0.00653649 ; 100.664;
20 ; 19 ; 16 ; 0.023955 ; -0.0127096 ; -0.00605356 ; 100.78;
21 ; 19 ; 16 ; 0.0487847 ; 0.0107204 ; -0.00598181 ; 101.588;
4 ; 20 ; 16 ; 0.0388251 ; 0.00660132 ; -0.00197584 ; 101.761;
5 ; 20 ; 16 ; 0.0335264 ; -0.00515516 ; 0.0183924 ; 101.427;
6 ; 20 ; 16 ; 0.0287738 ; -0.0184813 ; 0.00636751 ; 101.636;
7 ; 20 ; 16 ; 0.0348278 ; -0.017712 ; 0.0158596 ; 102.024;
8 ; 20 ; 16 ; 0.0311988 ; -0.00979739 ; 0.00361283 ; 101.762;
9 ; 20 ; 16 ; 0.0484975 ; 0.000752669 ; 0.0148764 ; 101.191;
10 ; 20 ; 16 ; 0.0370346 ; -0.00744628 ; -0.0116532 ; 102.383;
11 ; 20 ; 16 ; 0.0425348 ; 0.013078 ; 0.00674734 ; 101.611;
12 ; 20 ; 16 ; 0.0336479 ; -0.00375262 ; -0.00361605 ; 101.336;
13 ; 20 ; 16 ; 0.0367249 ; 0.0135278 ; -0.000737944 ; 101.946;
14 ; 20 ; 16 ; 0.0539716 ; 0.000290267 ; -0.00440965 ; 101.393;
15 ; 20 ; 16 ; 0.0295346 ; 0.000691913 ; -0.00414329 ; 101.632;
16 ; 20 ; 16 ; 0.0463489 ; 0.00173648 ; 0.00851967 ; 100.976;
17 ; 20 ; 16 ; 0.0407709 ; 0.00688554 ; 0.00794618 ; 102.259;
18 ; 20 ; 16 ; 0.0367006 ; -0.0228933 ; -0.00700554 ; 101.782;
19 ; 20 ; 16 ; 0.0374447 ; -0.00576315 ; 0.00388853 ; 101.723;
20 ; 20 ; 16 ; 0.0268773 ; -0.0168424 ; -0.00685636 ; 101.76;
21 ; 20 ; 16 ; 0.023242 ; 0.0119543 ; 0.000965549 ; 101.119;
4 ; 21 ; 16 ; 0.0422172 ; 0.000667166 ; -0.00318296 ; 101.802;
5 ; 21 ; 16 ; 0.0228947 ; 0.0106063 ; -0.000638854 ; 100.94;
6 ; 21 ; 16 ; 0.0557269 ; -0.00285462 ; -0.00185989 ; 101.627;
7 ; 21 ; 16 ; 0.0410655 ; 0.00583094 ; -0.00791262 ; 101.248;
8 ; 21 ; 16 ; 0.0599804 ; 0.00332297 ; 0.0114374 ; 101.351;
9 ; 21 ; 16 ; 0.0423299 ; 0.0144612 ; -0.000393413 ; 101.312;
10 ; 21 ; 16 ; 0.0412107 ; -0.0040402 ; 0.0166948 ; 101.582;
11 ; 21 ; 16 ; 0.0423509 ; 0.00751929 ; 0.00488877 ; 101.581;
12 ; 21 ; 16 ; 0.0306712 ; 0.0060195 ; -0.0158331 ; 101.205;
13 ; 21 ; 16 ; 0.0276613 ; -0.000385498 ; -0.00463237 ; 101.363;
14 ; 21 ; 16 ; 0.0538636 ; 0.0159178 ; -0.0154024 ; 101.119;
15 ; 21 ; 16 ; 0.0275649 ; -0.00549715 ; 0.000919111 ; 101.231;
16 ; 21 ; 16 ; 0.03726 ; -0.00799082 ; -0.012484 ; 100.943;
17 ; 21 ; 16 ; 0.0253814 ; -0.00339247 ; 0.0172427 ; 101.709;
18 ; 21 ; 16 ; 0.025116 ; 0.0152663 ; -0.00626798 ; 101.649;
19 ; 21 ; 16 ; 0.043276 ; 0.0257169 ; 0.00113252 ; 101.896;
20 ; 21 ; 16 ; 0.0298624 ; 0.00064418 ; 0.0111513 ; 101.926;
21 ; 21 ; 16 ; 0.0414404 ; 0.00740285 ; -0.0133256 ; 101.43;
4 ; 4 ; 17 ; 0.0310601 ; -0.0157509 ; 0.00456249 ; 101.365;
5 ; 4 ; 17 ; 0.0238758 ; -0.0156209 ; 0.0144212 ; 101.754;
6 ; 4 ; 17 ; 0.0283033 ; 0.01736 ; 0.00565457 ; 101.524;
7 ; 4 ; 17 ; 0.00890826 ; -0.00745374 ; 0.00994145 ; 102.291;
8 ; 4 ; 17 ; 0.0134397 ; 0.0134785 ; 0.000335205 ; 101.359;
9 ; 4 ; 17 ; 0.0320508 ; 0.00238257 ; 0.000754339 ; 101.67;
10 ; 4 ; 17 ; 0.033105 ; -0.000689857 ; -0.00912793 ; 101.594;
11 ; 4 ; 17 ; 0.0139193 ; 0.00689784 ; 0.0139823 ; 101.423;
12 ; 4 ; 17 ; 0.0213207 ; -0.00580153 ; -0.00450708 ; 101.869;
13 ; 4 ; 17 ; 0.0408622 ; -0.0119424 ; -0.000837235 ; 101.634;
14 ; 4 ; 17 ; 0.025456 ; -0.0244936 ; 0.00271598 ; 101.811;
15 ; 4 ; 17 ; 0.0411959 ; -0.00546255 ; -0.0232409 ; 101.557;
16 ; 4 ; 17 ; 0.0199722 ; -0.00671328 ; -0.00209413 ; 102.028;
17 ; 4 ; 17 ; 0.0548733 ; -0.0118209 ; 0.00464599 ; 100.81;
18 ; 4 ; 17 ; 0.0138075 ; 0.0225027 ; 0.00100572 ; 101.732;
19 ; 4 ; 17 ; 0.0273988 ; 0.00387318 ; -0.0161338 ; 100.897;
20 ; 4 ; 17 ; 0.0339304 ; -0.0171462 ; -0.0188468 ; 101.611;
21 ; 4 ; 17 ; 0.0304584 ; 0.00279119 ; 0.00027413 ; 100.546;
4 ; 5 ; 17 ; 0.0316606 ; -0.00618896 ; 0.0125545 ; 101.473;
5 ; 5 ; 17 ; 0.0302378 ; -0.00450094 ; 0.0191849 ; 101.306;
6 ; 5 ; 17 ; 0.032737 ; -0.0182377 ; 0.0113491 ; 101.366;
7 ; 5 ; 17 ; 0.0365331 ; 0.000675784 ; 0.0122349 ; 101.643;
8 ; 5 ; 17 ; 0.0314109 ; 0.00666932 ; 0.0231062 ; 101.307;
9 ; 5 ; 17 ; 0.0271592 ; 0.00110091 ; -0.00627157 ; 100.935;
10 ; 5 ; 17 ; 0.0214606 ; -0.0126017 ; -0.00276633 ; 101.182;
11 ; 5 ; 17 ; 0.024982 ; -0.00944263 ; -0.00974451 ; 102.305;
12 ; 5 ; 17 ; 0.0256056 ; -0.00605026 ; 0.00122516 ; 101.813;
13 ; 5 ; 17 ; 0.0331309 ; 0.00805111 ; -0.0110019 ; 101.796;
14 ; 5 ; 17 ; 0.0269908 ; -0.00852905 ; -0.00749055 ; 101.582;
15 ; 5 ; 17 ; 0.0280671 ; -0.000373221 ; 0.0144197 ; 101.251;
16 ; 5 ; 17 ; 0.0417728 ; 0.00221442 ; -0.0151061 ; 101.49;
17 ; 5 ; 17 ; 0.0246133 ; 0.00410347 ; 0.000214025 ; 101.327;
18 ; 5 ; 17 ; 0.0133522 ; -0.00160565 ; -0.00216264 ; 101.905;
19 ; 5 ; 17 ; 0.0228034 ; -0.000810365 ; -0.00728503 ; 101.01;
20 ; 5 ; 17 ; 0.0359658 ; 0.0273629 ; -0.0017677 ; 101.857;
21 ; 5 ; 17 ; 0.0440671 ; 0.0325315 ; -0.0103446 ; 101.831;
4 ; 6 ; 17 ; 0.0359755 ; -0.00672382 ; -0.00579368 ; 101.124;
5 ; 6 ; 17 ; 0.0426187 ; -0.0100462 ; 0.00923852 ; 101.313;
6 ; 6 ; 17 ; 0.00622553 ; -0.0088966 ; 0.000335234 ; 101.663;
7 ; 6 ; 17 ; 0.0377726 ; -0.00446775 ; -0.00361359 ; 101.442;
8 ; 6 ; 17 ; 0.0456339 ; 0.0119808 ; -0.00600715 ; 101.526;
9 ; 6 ; 17 ; 0.0430125 ; 0.0117436 ; -0.000882956 ; 101.392;
10 ; 6 ; 17 ; 0.0218098 ; -0.0191207 ; -0.00110937 ; 101.555;
11 ; 6 ; 17 ; 0.0309459 ; 0.0029052 ; 0.00687605 ; 101.705;
12 ; 6 ; 17 ; 0.0551265 ; -0.0121193 ; -0.00280771 ; 101.435;
13 ; 6 ; 17 ; 0.0253539 ; 0.00978512 ; 0.00418095 ; 101.546;
14 ; 6 ; 17 ; 0.0336277 ; 0.0150993 ; 0.0036472 ; 101.307;
15 ; 6 ; 17 ; 0.0468902 ; -0.0176735 ; -0.00745235 ; 101.043;
16 ; 6 ; 17 ; 0.024055 ; -0.0049672 ; -0.000894366 ; 101.643;
17 ; 6 ; 17 ; 0.0253459 ; 0.0126091 ; -0.010998 ; 101.196;
18 ; 6 ; 17 ; 0.0324185 ; 0.0143698 ; 0.0249524 ; 101.756;
19 ; 6 ; 17 ; 0.0256803 ; -0.000953199 ; 0.00475548 ; 101.83;
20 ; 6 ; 17 ; 0.0172392 ; 0.00998358 ; 0.0122506 ; 101.503;
21 ; 6 ; 17 ; 0.0241701 ; 0.00827087 ; 0.00600232 ; 101.336;
4 ; 7 ; 17 ; 0.038026 ; -0.00465892 ; -0.0117885 ; 102.1;
5 ; 7 ; 17 ; 0.0310173 ; 0.0166712 ; -0.00523065 ; 101.374;
6 ; 7 ; 17 ; 0.0237178 ; -0.000321858 ; -0.0170832 ; 101.199;
7 ; 7 ; 17 ; 0.0215716 ; 0.0122643 ; 0.0165188 ; 101.433;
8 ; 7 ; 17 ; 0.0292818 ; -0.00906245 ; 0.00807301 ; 101.296;
9 ; 7 ; 17 ; 0.0239692 ; 0.00719137 ; -0.00256424 ; 101.256;
10 ; 7 ; 17 ; 0.0282186 ; -0.00552348 ; -0.00760086 ; 101.681;
11 ; 7 ; 17 ; 0.0415513 ; -0.00701571 ; -0.00469624 ; 101.005;
12 ; 7 ; 17 ; 0.0220367 ; -0.0110313 ; -0.000925523 ; 101.676;
13 ; 7 ; 17 ; 0.0326043 ; 0.00372497 ; -0.00471636 ; 101.484;
14 ; 7 ; 17 ; 0.0160855 ; 0.00999711 ; -0.0071827 ; 101.078;
15 ; 7 ; 17 ; 0.0242517 ; 0.000248973 ; -0.00513341 ; 102.249;
16 ; 7 ; 17 ; 0.0244514 ; 0.00392645 ; -0.0106326 ; 101.045;
17 ; 7 ; 17 ; 0.0109183 ; -0.018585 ; -0.00956129 ; 101.213;
18 ; 7 ; 17 ; 0.0211717 ; -0.00824811 ; -0.00378579 ; 102.16;
19 ; 7 ; 17 ; 0.0120426 ; 0.0192652 ; -0.00584228 ; 100.733;
20 ; 7 ; 17 ; 0.00613565 ; 0.00469114 ; 0.0237494 ; 101.942;
21 ; 7 ; 17 ; 0.0180461 ; 0.0118131 ; -0.0143749 ; 101.4;
4 ; 8 ; 17 ; 0.0273724 ; -0.00468298 ; 0.00333541 ; 101.491;
5 ; 8 ; 17 ; 0.0241052 ; -0.0063288 ; -0.00098494 ; 100.615;
6 ; 8 ; 17 ; 0.0270908 ; -0.0193428 ; 0.0140397 ; 101.78;
7 ; 8 ; 17 ; 0.0234682 ; 0.016431 ; 0.0141409 ; 101.782;
8 ; 8 ; 17 ; 0.0268417 ; -0.00371887 ; 0.00815239 ; 101.101;
9 ; 8 ; 17 ; 0.023396 ; 0.0162367 ; 0.00612427 ; 101.439;
10 ; 8 ; 17 ; 0.0280827 ; 0.00015619 ; 0.00999368 ; 101.944;
11 ; 8 ; 17 ; 0.0309895 ; -0.00474842 ; -0.0252546 ; 101.279;
12 ; 8 ; 17 ; 0.0310957 ; -0.00766337 ; -0.0145066 ; 101.139;
13 ; 8 ; 17 ; 0.0234562 ; 0.00283818 ; 0.00275248 ; 101.582;
14 ; 8 ; 17 ; 0.0135699 ; 0.00693393 ; -0.0165941 ; 101.448;
15 ; 8 ; 17 ; 0.040048 ; 0.0188431 ; -0.0185695 ; 101.248;
16 ; 8 ; 17 ; 0.0221484 ; 0.0231718 ; 0.00103554 ; 101.637;
17 ; 8 ; 17 ; 0.0289162 ; 0.00546091 ; -0.0111771 ; 101.786;
18 ; 8 ; 17 ; 0.0182262 ; 0.00256343 ; -0.00774218 ; 100.862;
19 ; 8 ; 17 ; 0.0136286 ; 0.0131704 ; 0.00414528 ; 101.859;
20 ; 8 ; 17 ; 0.0298016 ; 0.00971396 ; -0.0168995 ; 101.548;
21 ; 8 ; 17 ; 0.0211563 ; 0.0079592 ; 0.00181657 ; 101.329;
4 ; 9 ; 17 ; 0.021353 ; -0.00997324 ; 0.00540358 ; 102.032;
5 ; 9 ; 17 ; 0.0224281 ; -0.000855875 ; 0.0328057 ; 100.755;
6 ; 9 ; 17 ; 0.0156603 ; -0.00419502 ; -0.00262246 ; 101.464;
7 ; 9 ; 17 ; 0.0297803 ; 0.0161623 ; 0.000827911 ; 101.505;
8 ; 9 ; 17 ; 0.039006 ; 0.00778596 ; 0.00526972 ; 101.915;
9 ; 9 ; 17 ; 0.0326631 ; -0.00235333 ; 0.00740007 ; 101.904;
10 ; 9 ; 17 ; 0.0146346 ; -0.020257 ; 0.0154379 ; 101.54;
11 ; 9 ; 17 ; 0.03616 ; -0.00374162 ; 0.00633032 ; 101.839;
12 ; 9 ; 17 ; 0.0238872 ; -0.00234946 ; -0.0023832 ; 101.279;
13 ; 9 ; 17 ; 0.0390841 ; 0.00309829 ; 0.0191969 ; 101.42;
14 ; 9 ; 17 ; 0.0415606 ; -0.00576047 ; 0.00637327 ; 101.168;
15 ; 9 ; 17 ; 0.0292165 ; -0.0060978 ; -0.0101779 ; 101.663;
16 ; 9 ; 17 ; 0.0149258 ; 0.0106145 ; -0.00779585 ; 101.413;
17 ; 9 ; 17 ; 0.00356316 ; 0.0129845 ; 0.0106488 ; 101.346;
18 ; 9 ; 17 ; 0.0214122 ; -0.0201871 ; 0.00801449 ; 100.948;
19 ; 9 ; 17 ; 0.0257144 ; -0.0126378 ; -0.00951513 ; 100.92;
20 ; 9 ; 17 ; 0.0267092 ; -0.00611151 ; -0.0109553 ; 101.347;
21 ; 9 ; 17 ; 0.0363309 ; -0.00958773 ; -0.00266233 ; 101.81;
4 ; 10 ; 17 ; 0.0378953 ; 0.00702886 ; -0.0120242 ; 100.801;
5 ; 10 ; 17 ; 0.0200202 ; -0.0109023 ; 0.0105623 ; 101.692;
6 ; 10 ; 17 ; 0.0181887 ; -0.00993126 ; -0.0122811 ; 101.428;
7 ; 10 ; 17 ; 0.0305163 ; 0.00549237 ; -0.00563368 ; 101.285;
8 ; 10 ; 17 ; 0.0156612 ; -0.00208275 ; -0.0042833 ; 101.411;
9 ; 10 ; 17 ; 0.0109632 ; -0.0117841 ; 0.00402751 ; 101.498;
10 ; 10 ; 17 ; 0.0442674 ; -0.0138881 ; 0.0271633 ; 101.538;
11 ; 10 ; 17 ; 0.0130755 ; -0.0143506 ; 0.0155473 ; 101.374;
12 ; 10 ; 17 ; 0.0416666 ; -0.0109861 ; -0.00489275 ; 101.463;
13 ; 10 ; 17 ; 0.0442655 ; 0.0157177 ; 0.00139276 ; 101.361;
14 ; 10 ; 17 ; 0.0243572 ; 0.00045426 ; -0.00371474 ; 102.06;
15 ; 10 ; 17 ; 0.0266955 ; 0.00781425 ; 0.00640188 ; 101.1;
16 ; 10 ; 17 ; 0.0310079 ; 0.0122239 ; 0.0250038 ; 101.242;
17 ; 10 ; 17 ; 0.0191206 ; -0.000370469 ; -0.0266054 ; 101.92;
18 ; 10 ; 17 ; 0.0267373 ; -0.0232333 ; -0.0108718 ; 101.514;
19 ; 10 ; 17 ; 0.024356 ; -0.00231534 ; 0.000993343 ; 102.014;
20 ; 10 ; 17 ; 0.0410993 ; 0.00254222 ; -0.00641525 ; 101.843;
21 ; 10 ; 17 ; 0.0453003 ; 0.000645026 ; -0.0158495 ; 101.905;
4 ; 11 ; 17 ; 0.0248535 ; 0.00492525 ; -0.00992754 ; 101.077;
5 ; 11 ; 17 ; 0.0406827 ; -0.0110198 ; 0.000184594 ; 102.073;
6 ; 11 ; 17 ; 0.0277036 ; -0.0160762 ; 0.00207231 ; 101.405;
7 ; 11 ; 17 ; 0.0323279 ; -0.00481228 ; -0.00079515 ; 101.526;
8 ; 11 ; 17 ; 0.0306353 ; 0.00322915 ; 0.0110333 ; 101.207;
9 ; 11 ; 17 ; 0.037807 ; -0.00623097 ; 0.0025706 ; 102.396;
10 ; 11 ; 17 ; 0.0384572 ; -0.0181085 ; 0.00409822 ; 101.683;
11 ; 11 ; 17 ; 0.0302674 ; -0.00676703 ; 1.5196e-05 ; 101.653;
12 ; 11 ; 17 ; 0.023195 ; 0.00798389 ; -0.00237749 ; 101.591;
13 ; 11 ; 17 ; 0.0382021 ; 0.000661909 ; -0.00135913 ; 101.584;
14 ; 11 ; 17 ; 0.0202385 ; -0.00418724 ; -0.0121936 ; 102.069;
15 ; 11 ; 17 ; 0.028257 ; -0.012514 ; -0.00287857 ; 101.622;
16 ; 11 ; 17 ; 0.028532 ; -0.000308052 ; -0.0138095 ; 101.387;
17 ; 11 ; 17 ; 0.0185687 ; 0.00658704 ; 0.0065616 ; 101.694;
18 ; 11 ; 17 ; 0.0130829 ; -0.00745865 ; 0.004103 ; 101.788;
19 ; 11 ; 17 ; 0.0301629 ; -0.00776749 ; 0.00371763 ; 101.562;
20 ; 11 ; 17 ; 0.0137159 ; -0.0116477 ; 0.00663757 ; 101.7;
21 ; 11 ; 17 ; 0.0413339 ; 0.00247855 ; 0.00355234 ; 101.908;
4 ; 12 ; 17 ; 0.0251005 ; 0.00211598 ; -0.00307495 ; 101.073;
5 ; 12 ; 17 ; 0.042011 ; 0.0113916 ; 0.0121192 ; 102.02;
6 ; 12 ; 17 ; 0.0355204 ; 0.0075026 ; 0.00515517 ; 101.449;
7 ; 12 ; 17 ; 0.00523767 ; 0.0187738 ; 0.01139 ; 101.681;
8 ; 12 ; 17 ; 0.0254956 ; 0.00978725 ; -0.00540584 ; 101.88;
9 ; 12 ; 17 ; 0.0100606 ; 0.0090855 ; -0.00740966 ; 101.891;
10 ; 12 ; 17 ; 0.00141393 ; 0.0118001 ; -0.00439177 ; 101.351;
11 ; 12 ; 17 ; 0.0236584 ; -0.0112742 ; 0.00814496 ; 101.255;
12 ; 12 ; 17 ; 0.0342326 ; 0.0113608 ; -0.00454445 ; 100.997;
13 ; 12 ; 17 ; 0.027114 ; -0.00710079 ; -0.0143345 ; 101.422;
14 ; 12 ; 17 ; 0.0195647 ; -0.00156899 ; -0.000954385 ; 101.568;
15 ; 12 ; 17 ; 0.0325855 ; 0.00400997 ; -0.00225354 ; 101.441;
16 ; 12 ; 17 ; 0.0395602 ; 0.0151982 ; -0.0092509 ; 101.292;
17 ; 12 ; 17 ; 0.0220503 ; 0.0102733 ; -0.0165897 ; 101.602;
18 ; 12 ; 17 ; 0.00946918 ; 0.00812084 ; -0.0136698 ; 101.196;
19 ; 12 ; 17 ; 0.0328363 ; 0.00824511 ; -0.00455905 ; 102.329;
20 ; 12 ; 17 ; 0.0457185 ; 0.00710931 ; -0.00726432 ; 101.606;
21 ; 12 ; 17 ; 0.0284554 ; 0.0212065 ; 0.00390082 ; 102.224;
4 ; 13 ; 17 ; 0.0256476 ; 0.00407046 ; 0.0115431 ; 102.208;
5 ; 13 ; 17 ; 0.0314769 ; 0.00696965 ; 0.00308543 ; 101.639;
6 ; 13 ; 17 ; 0.034388 ; 0.00332983 ; 0.0034153 ; 101.677;
7 ; 13 ; 17 ; 0.028786 ; 0.0292095 ; -0.000446193 ; 101.854;
8 ; 13 ; 17 ; 0.0147842 ; 0.0206728 ; 0.00154834 ; 102.255;
9 ; 13 ; 17 ; 0.0203769 ; 0.000130826 ; 0.00457872 ; 101.22;
10 ; 13 ; 17 ; 0.0385155 ; 0.00121665 ; 0.00906476 ; 101.082;
11 ; 13 ; 17 ; 0.0188481 ; 0.00236789 ; 0.00738592 ; 101.187;
12 ; 13 ; 17 ; 0.0155095 ; -0.00329536 ; 0.0109903 ; 100.972;
13 ; 13 ; 17 ; 0.0372595 ; -0.00157487 ; 0.0033565 ; 101.726;
14 ; 13 ; 17 ; 0.0359667 ; -0.0103931 ; 0.011462 ; 101.634;
15 ; 13 ; 17 ; 0.0251091 ; 0.0015085 ; -0.0120396 ; 101.392;
16 ; 13 ; 17 ; 0.0281859 ; -0.00172848 ; 0.00859325 ; 101.174;
17 ; 13 ; 17 ; 0.040204 ; 0.0179748 ; 0.010817 ; 100.638;
18 ; 13 ; 17 ; 0.0366654 ; 0.00155156 ; -0.014051 ; 101.468;
19 ; 13 ; 17 ; 0.0412571 ; -0.00923225 ; -0.0199808 ; 101.662;
20 ; 13 ; 17 ; 0.0461239 ; 0.00806271 ; -0.00728595 ; 101.781;
21 ; 13 ; 17 ; 0.0205576 ; 0.0086861 ; 0.000586835 ; 101.265;
4 ; 14 ; 17 ; 0.0287172 ; 0.00467623 ; 0.0107596 ; 101.443;
5 ; 14 ; 17 ; 0.0350703 ; -0.0121801 ; 0.0206457 ; 101.194;
6 ; 14 ; 17 ; 0.0347151 ; 0.00932415 ; 0.00874974 ; 101.655;
7 ; 14 ; 17 ; 0.0178707 ; 0.00122917 ; -0.000346404 ; 101.929;
8 ; 14 ; 17 ; 0.031744 ; 0.0131203 ; 0.00414222 ; 101.652;
9 ; 14 ; 17 ; 0.0243419 ; 0.00456162 ; 0.0103952 ; 101.7;
10 ; 14 ; 17 ; 0.0235875 ; -0.00381318 ; -0.00625828 ; 101.48;
11 ; 14 ; 17 ; 0.031438 ; -0.0185407 ; -0.010356 ; 101.406;
12 ; 14 ; 17 ; 0.0376602 ; 0.00861341 ; -0.0208302 ; 101.85;
13 ; 14 ; 17 ; 0.0326981 ; -0.00484533 ; -0.00819273 ; 101.713;
14 ; 14 ; 17 ; 0.0372631 ; -0.00382609 ; -0.0179259 ; 101.693;
15 ; 14 ; 17 ; 0.00777986 ; -0.0020649 ; -0.0085755 ; 102.516;
16 ; 14 ; 17 ; 0.0218792 ; 0.00328235 ; -0.0137987 ; 101.427;
17 ; 14 ; 17 ; 0.0237638 ; -0.00361517 ; -0.0110102 ; 101.978;
18 ; 14 ; 17 ; 0.0350807 ; -0.00318603 ; -0.0196114 ; 101.748;
19 ; 14 ; 17 ; 0.0189358 ; -0.0142353 ; -0.0137023 ; 100.959;
20 ; 14 ; 17 ; 0.016491 ; -0.00343663 ; 0.00159335 ; 101.175;
21 ; 14 ; 17 ; 0.0384544 ; -0.00137905 ; -0.0133066 ; 100.895;
4 ; 15 ; 17 ; 0.0291569 ; -0.0248006 ; 0.00147368 ; 101.382;
5 ; 15 ; 17 ; 0.027712 ; 0.0049845 ; 0.00679267 ; 101.438;
6 ; 15 ; 17 ; 0.0331402 ; -0.00448445 ; 0.000705212 ; 102.509;
7 ; 15 ; 17 ; 0.0386159 ; 0.00222136 ; 0.0103786 ; 102.059;
8 ; 15 ; 17 ; 0.0307783 ; 0.00636769 ; 0.0169536 ; 101.882;
9 ; 15 ; 17 ; 0.0038159 ; 0.0181738 ; -0.0199332 ; 101.703;
10 ; 15 ; 17 ; 0.0322276 ; 0.00061067 ; -0.00572332 ; 101.289;
11 ; 15 ; 17 ; 0.029716 ; -0.0124009 ; -0.0132489 ; 101.778;
12 ; 15 ; 17 ; 0.0209923 ; 0.00313912 ; -0.0109846 ; 101.556;
13 ; 15 ; 17 ; 0.0316164 ; -0.0236989 ; 0.010403 ; 101.725;
14 ; 15 ; 17 ; 0.0368213 ; -0.0255494 ; -0.00167146 ; 101.125;
15 ; 15 ; 17 ; 0.027416 ; -0.000401609 ; -0.00283781 ; 101.392;
16 ; 15 ; 17 ; 0.0138868 ; 0.00965106 ; 0.0221684 ; 101.691;
17 ; 15 ; 17 ; 0.00750692 ; -0.00142739 ; -0.00559602 ; 100.743;
18 ; 15 ; 17 ; 0.0310074 ; 0.00773289 ; -0.00455078 ; 101.546;
19 ; 15 ; 17 ; 0.0469394 ; -0.0190258 ; -0.00595863 ; 101.73;
20 ; 15 ; 17 ; 0.0129113 ; 0.0159861 ; 0.00402332 ; 101.909;
21 ; 15 ; 17 ; 0.0203424 ; 0.00658372 ; -0.0128197 ; 101.479;
4 ; 16 ; 17 ; 0.0217511 ; 0.000807697 ; -0.0128612 ; 101.102;
5 ; 16 ; 17 ; 0.0349886 ; 0.0222149 ; 0.00372947 ; 102.043;
6 ; 16 ; 17 ; 0.0318397 ; 0.015015 ; 0.0155208 ; 101.313;
7 ; 16 ; 17 ; 0.0107242 ; 1.03237e-05 ; 0.0229069 ; 101.678;
8 ; 16 ; 17 ; 0.0247917 ; -0.0122095 ; -0.00598568 ; 101.805;
9 ; 16 ; 17 ; 0.031977 ; 0.00546836 ; 0.00461194 ; 101.478;
10 ; 16 ; 17 ; 0.0275635 ; 0.00763154 ; 0.0132244 ; 100.844;
11 ; 16 ; 17 ; 0.0564635 ; 0.00924069 ; 0.0179155 ; 102.085;
12 ; 16 ; 17 ; 0.04593 ; -0.00839643 ; 0.0122334 ; 101.653;
13 ; 16 ; 17 ; 0.030864 ; -0.0111619 ; 0.00648612 ; 101.113;
14 ; 16 ; 17 ; 0.0129081 ; 0.0057802 ; -0.00426722 ; 101.802;
15 ; 16 ; 17 ; 0.00852408 ; 0.00960453 ; -0.00122704 ; 101.406;
16 ; 16 ; 17 ; 0.0542798 ; 0.0114835 ; -0.0261403 ; 101.497;
17 ; 16 ; 17 ; 0.0180539 ; 0.0123721 ; -0.00416282 ; 101.381;
18 ; 16 ; 17 ; 0.0205439 ; -0.00129903 ; -0.00321796 ; 101.131;
19 ; 16 ; 17 ; 0.0348903 ; -0.00359009 ; 0.00219698 ; 102.258;
20 ; 16 ; 17 ; 0.0121895 ; 0.0151951 ; -0.0264783 ; 101.154;
21 ; 16 ; 17 ; 0.0383044 ; 0.0187613 ; -0.00173158 ; 100.898;
4 ; 17 ; 17 ; 0.00941043 ; -0.00972945 ; -0.0116526 ; 101.396;
5 ; 17 ; 17 ; 0.0271545 ; 0.000843105 ; -0.00759994 ; 101.571;
6 ; 17 ; 17 ; 0.0200839 ; 0.015198 ; -0.00515405 ; 101.681;
7 ; 17 ; 17 ; 0.0168705 ; -0.0239681 ; -0.0173661 ; 101.346;
8 ; 17 ; 17 ; 0.0199429 ; -0.00893184 ; -0.0170468 ; 101.247;
9 ; 17 ; 17 ; 0.0346488 ; 0.0201087 ; -0.000190633 ; 101.241;
10 ; 17 ; 17 ; 0.0332094 ; -0.00494177 ; 0.0144701 ; 101.316;
11 ; 17 ; 17 ; 0.0289195 ; 0.0080226 ; 0.000155887 ; 101.367;
12 ; 17 ; 17 ; 0.0119244 ; -0.00364714 ; 0.00471378 ; 101.206;
13 ; 17 ; 17 ; 0.0251477 ; 0.00290189 ; -0.0158826 ; 101.38;
14 ; 17 ; 17 ; 0.0301764 ; 0.0156535 ; 0.00335502 ; 101.825;
15 ; 17 ; 17 ; 0.0201981 ; 0.00920771 ; 0.000236305 ; 101.218;
16 ; 17 ; 17 ; 0.0267532 ; -0.00212115 ; -0.0155863 ; 101.066;
17 ; 17 ; 17 ; 0.01472 ; 0.00968711 ; -0.00510371 ; 102.038;
18 ; 17 ; 17 ; 0.0150117 ; -0.00533656 ; 0.00368093 ; 101.99;
19 ; 17 ; 17 ; 0.0253503 ; 0.00194572 ; -0.0100195 ; 101.613;
20 ; 17 ; 17 ; 0.0404626 ; 0.0151963 ; -0.00284221 ; 101.429;
21 ; 17 ; 17 ; 0.0312634 ; -0.0154741 ; -0.00691079 ; 100.561;
4 ; 18 ; 17 ; 0.0238588 ; 0.00876638 ; -0.00438727 ; 100.958;
5 ; 18 ; 17 ; 0.0288928 ; -0.00540175 ; 0.000797907 ; 101.136;
6 ; 18 ; 17 ; 0.0198146 ; -0.00167194 ; 0.0166991 ; 101.489;
7 ; 18 ; 17 ; 0.0303502 ; -0.0119972 ; 0.00621474 ; 101.344;
8 ; 18 ; 17 ; 0.0239307 ; -0.00298679 ; 0.00539786 ; 101.398;
9 ; 18 ; 17 ; 0.00809767 ; 0.0219728 ; -0.00897167 ; 101.002;
10 ; 18 ; 17 ; 0.0263465 ; 0.00954779 ; -0.0120181 ; 101.319;
11 ; 18 ; 17 ; 0.0389987 ; -0.00610402 ; 0.00344633 ; 101.572;
12 ; 18 ; 17 ; 0.0311613 ; 0.0020906 ; -0.004183 ; 101.35;
13 ; 18 ; 17 ; 0.0233 ; 0.00349919 ; -0.0114326 ; 101.445;
14 ; 18 ; 17 ; 0.0280534 ; 0.0172786 ; 0.0175108 ; 101.105;
15 ; 18 ; 17 ; 0.0299773 ; -0.00921091 ; 0.00506042 ; 102.232;
16 ; 18 ; 17 ; 0.0153325 ; -0.00549853 ; -0.0172581 ; 101.554;
17 ; 18 ; 17 ; 0.0305484 ; -0.00203851 ; -0.0124861 ; 101.717;
18 ; 18 ; 17 ; 0.0186541 ; -0.0145546 ; -0.00460234 ; 101.715;
19 ; 18 ; 17 ; 0.0226885 ; 0.00139645 ; -0.0084065 ; 101.613;
20 ; 18 ; 17 ; 0.0253474 ; 0.00343315 ; -0.00976411 ; 101.947;
21 ; 18 ; 17 ; 0.00867386 ; 0.00992885 ; 0.0245774 ; 102.03;
4 ; 19 ; 17 ; 0.00876102 ; 0.00427563 ; -0.00200858 ; 100.64;
5 ; 19 ; 17 ; 0.00246475 ; -0.0113661 ; -0.00867853 ; 101.133;
6 ; 19 ; 17 ; 0.0363736 ; 0.0184158 ; -0.00388511 ; 101.344;
7 ; 19 ; 17 ; 0.0251635 ; 0.00549752 ; 0.00308931 ; 101.921;
8 ; 19 ; 17 ; 0.0179764 ; -0.00727126 ; 0.0184282 ; 100.993;
9 ; 19 ; 17 ; 0.0164174 ; 0.00744366 ; -0.00795705 ; 101.449;
10 ; 19 ; 17 ; 0.028429 ; 0.0120868 ; -0.000880389 ; 101.716;
11 ; 19 ; 17 ; 0.0433144 ; 0.00970819 ; -0.0142852 ; 101.122;
12 ; 19 ; 17 ; 0.0391633 ; 0.0112869 ; -0.00824447 ; 101.633;
13 ; 19 ; 17 ; 0.0282064 ; 0.00256901 ; -0.0191108 ; 101.235;
14 ; 19 ; 17 ; 0.0202905 ; 0.0221222 ; -0.00697982 ; 101.106;
15 ; 19 ; 17 ; 0.0465036 ; 0.00846778 ; 0.00241545 ; 102.118;
16 ; 19 ; 17 ; 0.0199126 ; 0.000375542 ; -0.00750719 ; 101.771;
17 ; 19 ; 17 ; 0.0215861 ; -0.00249969 ; -0.0248048 ; 101.859;
18 ; 19 ; 17 ; 0.0425357 ; 0.011042 ; 0.0122895 ; 101.524;
19 ; 19 ; 17 ; 0.0215787 ; -0.000715363 ; -0.00820087 ; 101.232;
20 ; 19 ; 17 ; 0.0208227 ; -0.0151646 ; -0.00345262 ; 101.3;
21 ; 19 ; 17 ; 0.0279301 ; -0.00553993 ; -0.0112452 ; 101.562;
4 ; 20 ; 17 ; 0.0162909 ; 0.0102006 ; -0.00121562 ; 101.743;
5 ; 20 ; 17 ; 0.0324176 ; -0.00226058 ; 0.0227921 ; 101.158;
6 ; 20 ; 17 ; 0.0172779 ; 0.0184246 ; -0.00133858 ; 101.82;
7 ; 20 ; 17 ; 0.0218589 ; -0.00971055 ; 0.0174201 ; 101.55;
8 ; 20 ; 17 ; 0.0257507 ; -0.0154542 ; -0.00742795 ; 100.841;
9 ; 20 ; 17 ; 0.0149785 ; 0.00189705 ; -0.00169123 ; 102.287;
10 ; 20 ; 17 ; 0.00351175 ; 0.016361 ; 0.00691501 ; 101.448;
11 ; 20 ; 17 ; 0.0109439 ; 0.00731515 ; 0.0105619 ; 101.724;
12 ; 20 ; 17 ; 0.0256838 ; 0.0150909 ; 0.0135773 ; 101.378;
13 ; 20 ; 17 ; 0.0346743 ; -0.00151915 ; 0.00113593 ; 101.422;
14 ; 20 ; 17 ; 0.0500614 ; -0.00612216 ; 9.14657e-07 ; 101.853;
15 ; 20 ; 17 ; 0.0207292 ; -0.00670232 ; -0.0169812 ; 101.069;
16 ; 20 ; 17 ; 0.0312984 ; -0.00138795 ; 0.00667807 ; 100.793;
17 ; 20 ; 17 ; 0.0259174 ; 0.0242019 ; 0.0102273 ; 101.961;
18 ; 20 ; 17 ; 0.0254634 ; 0.0162738 ; -0.00236838 ; 102.207;
19 ; 20 ; 17 ; 0.029215 ; -0.0186984 ; 0.00486147 ; 101.416;
20 ; 20 ; 17 ; 0.0205206 ; 0.00641583 ; -0.00187592 ; 101.597;
21 ; 20 ; 17 ; 0.0275055 ; -0.00371505 ; -0.00388443 ; 102.09;
4 ; 21 ; 17 ; 0.0186826 ; -0.00650963 ; -0.0172283 ; 101.156;
5 ; 21 ; 17 ; 0.0187987 ; 0.00452182 ; -0.00335985 ; 101.272;
6 ; 21 ; 17 ; 0.0346634 ; 0.0145561 ; 0.00626917 ; 101.934;
7 ; 21 ; 17 ; 0.0399286 ; 0.00688831 ; -0.0158843 ; 101.406;
8 ; 21 ; 17 ; 0.024036 ; 0.0206811 ; 0.00724897 ; 101.642;
9 ; 21 ; 17 ; 0.0300178 ; 0.0224903 ; -0.0104255 ; 101.933;
10 ; 21 ; 17 ; 0.0288832 ; 0.00747723 ; 0.0135182 ; 101.771;
11 ; 21 ; 17 ; 0.0348932 ; 0.0047868 ; 0.0147504 ; 101.661;
12 ; 21 ; 17 ; 0.0319876 ; 0.00323074 ; 0.0106219 ; 100.894;
13 ; 21 ; 17 ; 0.0394164 ; 0.0142679 ; 0.00956714 ; 101.835;
14 ; 21 ; 17 ; 0.0325879 ; -0.00657248 ; -0.0127849 ; 101.681;
15 ; 21 ; 17 ; 0.0168984 ; 0.00900793 ; -0.0082108 ; 101.507;
16 ; 21 ; 17 ; 0.0283183 ; 0.0145621 ; -0.00487787 ; 102.007;
17 ; 21 ; 17 ; 0.018636 ; 0.00935699 ; -0.0153817 ; 101.144;
18 ; 21 ; 17 ; 0.0184164 ; 0.0070631 ; 0.016457 ; 101.725;
19 ; 21 ; 17 ; 0.0275035 ; 0.00899271 ; -0.00854081 ; 101.14;
20 ; 21 ; 17 ; 0.0356946 ; 0.00928343 ; -0.0114905 ; 101.574;
21 ; 21 ; 17 ; 0.0361164 ; 0.00478267 ; -0.00359649 ; 101.247;
4 ; 4 ; 18 ; 0.00817173 ; 0.0150653 ; 0.0144939 ; 101.357;
5 ; 4 ; 18 ; 0.029716 ; 0.00529878 ; 0.0149882 ; 101.546;
6 ; 4 ; 18 ; 0.0236154 ; -0.00194928 ; -0.0121143 ; 101.649;
7 ; 4 ; 18 ; 0.0137097 ; -0.00436551 ; 0.00684878 ; 101.617;
8 ; 4 ; 18 ; 0.0163173 ; -0.00316011 ; 0.013525 ; 101.663;
9 ; 4 ; 18 ; 0.0289383 ; 0.0081462 ; -0.0139057 ; 100.941;
10 ; 4 ; 18 ; 0.0177457 ; -0.00156396 ; -0.00321277 ; 101.664;
11 ; 4 ; 18 ; 0.0236302 ; 0.00790414 ; -0.0211851 ; 101.209;
12 ; 4 ; 18 ; 0.00929242 ; 0.0144827 ; -0.0195546 ; 102.661;
13 ; 4 ; 18 ; 0.0104879 ; 0.00429188 ; -0.0235247 ; 101.723;
14 ; 4 ; 18 ; 0.0123761 ; 0.0146972 ; 0.0181418 ; 101.405;
15 ; 4 ; 18 ; -0.00502849 ; 0.0252502 ; -0.0142306 ; 101.65;
16 ; 4 ; 18 ; 0.00829402 ; -0.00671834 ; -0.00154995 ; 101.681;
17 ; 4 ; 18 ; 0.0177301 ; -0.00745041 ; 0.0118895 ; 101.726;
18 ; 4 ; 18 ; 0.0146012 ; -0.0068823 ; 0.00203519 ; 101.594;
19 ; 4 ; 18 ; 0.0181691 ; 0.000688099 ; 0.00936233 ; 102.089;
20 ; 4 ; 18 ; 0.0198632 ; 0.00317268 ; -0.0173434 ; 101.335;
21 ; 4 ; 18 ; 0.00766043 ; -0.00503987 ; 0.015294 ; 101.73;
4 ; 5 ; 18 ; 0.0269914 ; -0.000866246 ; 0.00304238 ; 101.981;
5 ; 5 ; 18 ; 0.0154675 ; 0.0168269 ; 0.00159371 ; 101.121;
6 ; 5 ; 18 ; 0.0168147 ; -0.000977946 ; 0.0103513 ; 101.513;
7 ; 5 ; 18 ; 0.0101711 ; 0.0113176 ; 0.019858 ; 101.363;
8 ; 5 ; 18 ; 0.0181509 ; -0.0120586 ; 0.00864754 ; 102.012;
9 ; 5 ; 18 ; 0.0155381 ; 0.000611227 ; -0.0114944 ; 101.888;
10 ; 5 ; 18 ; 0.0197755 ; 0.00341628 ; 0.00735194 ; 101.514;
11 ; 5 ; 18 ; 0.0166623 ; -0.000708814 ; 0.00036645 ; 100.745;
12 ; 5 ; 18 ; 0.0080076 ; 0.0090453 ; -0.00111748 ; 100.993;
13 ; 5 ; 18 ; 0.0111319 ; 0.0154735 ; -0.00354123 ; 101.844;
14 ; 5 ; 18 ; 0.0263573 ; 0.0039637 ; 0.00434347 ; 101.8;
15 ; 5 ; 18 ; 0.0318341 ; 0.017347 ; -0.0152853 ; 101.232;
16 ; 5 ; 18 ; 0.0307147 ; -0.00313651 ; -0.0168494 ; 101.794;
17 ; 5 ; 18 ; 0.0187326 ; 0.00948602 ; -0.0096198 ; 101.671;
18 ; 5 ; 18 ; 0.0154895 ; 0.0130959 ; -0.00356494 ; 101.348;
19 ; 5 ; 18 ; 0.0288196 ; 0.0182291 ; -0.00438293 ; 101.402;
20 ; 5 ; 18 ; 0.0333219 ; 0.015217 ; 0.00896784 ; 101.969;
21 ; 5 ; 18 ; 0.0226241 ; 0.00419466 ; -0.00422063 ; 101.533;
4 ; 6 ; 18 ; 0.0344626 ; -0.0171365 ; 0.00764554 ; 100.886;
5 ; 6 ; 18 ; 0.0301803 ; -0.0048706 ; -0.00115064 ; 101.519;
6 ; 6 ; 18 ; 0.0194182 ; 0.0184748 ; 0.0103038 ; 101.228;
7 ; 6 ; 18 ; 0.00534726 ; 0.020848 ; -0.0159374 ; 102.155;
8 ; 6 ; 18 ; 0.0182545 ; 0.0166488 ; 0.00813049 ; 101.473;
9 ; 6 ; 18 ; 0.00971748 ; -0.00477289 ; 0.009531 ; 100.879;
10 ; 6 ; 18 ; 0.0221428 ; -0.00949495 ; -0.0207179 ; 101.548;
11 ; 6 ; 18 ; 0.0197392 ; -0.00351787 ; 0.0114387 ; 101.048;
12 ; 6 ; 18 ; 0.0109657 ; 0.00226383 ; -0.0128378 ; 101.288;
13 ; 6 ; 18 ; 0.00346116 ; -0.00263082 ; -0.00392047 ; 101.359;
14 ; 6 ; 18 ; 0.016776 ; 0.0107077 ; 0.00104307 ; 101.167;
15 ; 6 ; 18 ; 0.0205915 ; 0.000707828 ; -0.0137083 ; 101.74;
16 ; 6 ; 18 ; 0.0258391 ; 0.00181556 ; -0.0137419 ; 101.298;
17 ; 6 ; 18 ; 0.030785 ; 0.0151163 ; -0.0179825 ; 101.68;
18 ; 6 ; 18 ; 0.0228918 ; 0.0106494 ; 0.00035355 ; 101.464;
19 ; 6 ; 18 ; 0.0106194 ; -0.0181812 ; 0.0309377 ; 101.8;
20 ; 6 ; 18 ; 0.0299404 ; 0.00854859 ; -0.00331649 ; 101.265;
21 ; 6 ; 18 ; 0.0141697 ; 0.00253954 ; -0.016886 ; 101.45;
4 ; 7 ; 18 ; 0.0200283 ; -0.00821902 ; 0.00197663 ; 101.242;
5 ; 7 ; 18 ; 0.0366799 ; 0.00400439 ; 0.00179594 ; 101.379;
6 ; 7 ; 18 ; 0.0115217 ; 0.0165137 ; -0.0168122 ; 102.044;
7 ; 7 ; 18 ; 0.0149592 ; 0.00208606 ; 0.00618145 ; 101.499;
8 ; 7 ; 18 ; 0.0354279 ; -0.000593856 ; 0.0155851 ; 101.869;
9 ; 7 ; 18 ; 0.029045 ; -0.0203701 ; -0.0158603 ; 101.093;
10 ; 7 ; 18 ; 0.028703 ; -0.00965416 ; -0.00450158 ; 101.639;
11 ; 7 ; 18 ; 0.028664 ; 0.0148879 ; 0.00872921 ; 101.415;
12 ; 7 ; 18 ; 0.0375565 ; 0.0082587 ; -0.0209714 ; 101.796;
13 ; 7 ; 18 ; 0.0175966 ; 0.00249006 ; 0.0072328 ; 101.152;
14 ; 7 ; 18 ; 0.0288272 ; -0.00681569 ; 0.00319759 ; 102.009;
15 ; 7 ; 18 ; 0.018513 ; -0.00446881 ; 0.00152922 ; 101.218;
16 ; 7 ; 18 ; 0.0191389 ; 0.000311318 ; 0.0143487 ; 101.873;
17 ; 7 ; 18 ; 0.00108654 ; 0.0135529 ; -0.0146712 ; 101.948;
18 ; 7 ; 18 ; 0.0284903 ; 0.00843934 ; -0.00629199 ; 101.826;
19 ; 7 ; 18 ; 0.0119134 ; -0.00360437 ; 0.000606003 ; 101.824;
20 ; 7 ; 18 ; 0.00788429 ; 0.00396419 ; 0.00393798 ; 101.518;
21 ; 7 ; 18 ; 0.0038821 ; -0.0150349 ; 0.000244494 ; 102.196;
4 ; 8 ; 18 ; 0.00690413 ; -0.0236522 ; -0.00154912 ; 101.888;
5 ; 8 ; 18 ; 0.0137157 ; -0.011916 ; 0.00660085 ; 101.921;
6 ; 8 ; 18 ; 0.0222893 ; -0.00318321 ; 0.0143502 ; 100.739;
7 ; 8 ; 18 ; 0.0161146 ; -0.00336505 ; 0.00368953 ; 101.467;
8 ; 8 ; 18 ; 0.0252161 ; 0.00689163 ; 0.00967873 ; 101.614;
9 ; 8 ; 18 ; 0.0251799 ; -0.0103716 ; 0.024683 ; 101.561;
10 ; 8 ; 18 ; 0.0162276 ; -0.00727888 ; -0.00226629 ; 102.2;
11 ; 8 ; 18 ; 0.0226764 ; -0.00786367 ; 0.0262352 ; 101.834;
12 ; 8 ; 18 ; 0.0136863 ; 0.0111425 ; 0.00236196 ; 101.945;
13 ; 8 ; 18 ; 0.0273756 ; -0.0010801 ; -0.00311772 ; 101.962;
14 ; 8 ; 18 ; 0.0142408 ; 0.00292496 ; -0.018722 ; 101.46;
15 ; 8 ; 18 ; 0.0296766 ; -0.00938201 ; -0.000284774 ; 101.832;
16 ; 8 ; 18 ; 0.0205164 ; 0.00570576 ; -0.0174306 ; 101.603;
17 ; 8 ; 18 ; 0.031996 ; 0.0116013 ; 0.00414835 ; 101.169;
18 ; 8 ; 18 ; 0.0125975 ; 0.00433611 ; -0.00789827 ; 101.92;
19 ; 8 ; 18 ; 0.0183938 ; 0.00713483 ; -0.00691744 ; 101.966;
20 ; 8 ; 18 ; 0.0294463 ; 0.0101748 ; -0.00289018 ; 102.236;
21 ; 8 ; 18 ; 0.0253584 ; -0.013937 ; 0.00253181 ; 102.084;
4 ; 9 ; 18 ; 0.00198027 ; 0.00148836 ; -0.00567428 ; 101.816;
5 ; 9 ; 18 ; 0.00911046 ; 0.00458427 ; 0.00446702 ; 100.93;
6 ; 9 ; 18 ; -0.00230311 ; -0.020042 ; 0.0257474 ; 102.44;
7 ; 9 ; 18 ; 0.0105875 ; 0.0153969 ; 0.0196598 ; 101.588;
8 ; 9 ; 18 ; 0.0136878 ; -0.000875989 ; 0.00671481 ; 101.338;
9 ; 9 ; 18 ; 0.0201209 ; 0.0135967 ; 0.00754961 ; 100.905;
10 ; 9 ; 18 ; 0.0164795 ; 0.00527633 ; -0.00556809 ; 101.625;
11 ; 9 ; 18 ; 0.028415 ; -0.0158686 ; 0.0132491 ; 101.98;
12 ; 9 ; 18 ; 0.0135564 ; 0.00225475 ; 0.0195382 ; 100.981;
13 ; 9 ; 18 ; 0.0164431 ; -0.0103993 ; 0.000235839 ; 100.952;
14 ; 9 ; 18 ; 0.00926402 ; 0.0145335 ; 0.00817824 ; 101.611;
15 ; 9 ; 18 ; 0.0243262 ; 0.00688532 ; -0.000908095 ; 100.931;
16 ; 9 ; 18 ; 0.00961324 ; 0.00706625 ; 0.0117311 ; 101.308;
17 ; 9 ; 18 ; -0.00098372 ; -0.00353005 ; 0.00119951 ; 101.258;
18 ; 9 ; 18 ; 0.0139373 ; -0.0149148 ; -0.00353036 ; 101.578;
19 ; 9 ; 18 ; 0.00868126 ; 0.010502 ; -0.0100939 ; 101.857;
20 ; 9 ; 18 ; 0.033146 ; 0.000589052 ; -0.0164226 ; 102.33;
21 ; 9 ; 18 ; 0.0419485 ; 0.0141053 ; -0.00177427 ; 101.256;
4 ; 10 ; 18 ; 0.00568412 ; 0.00766726 ; 0.0138709 ; 101.71;
5 ; 10 ; 18 ; 0.0101975 ; 0.0247833 ; 0.0125486 ; 101.834;
6 ; 10 ; 18 ; 0.0250868 ; -0.00276885 ; 0.00968299 ; 101.215;
7 ; 10 ; 18 ; 0.0275769 ; -0.0123336 ; 0.0217157 ; 101.137;
8 ; 10 ; 18 ; 0.0184711 ; 0.00504413 ; 0.00892935 ; 102.038;
9 ; 10 ; 18 ; 0.029007 ; -0.0076008 ; -0.0132952 ; 101.653;
10 ; 10 ; 18 ; 0.0260186 ; 0.00396738 ; 0.00880607 ; 101.283;
11 ; 10 ; 18 ; 0.0273774 ; 0.00164983 ; 0.000948665 ; 101.775;
12 ; 10 ; 18 ; 0.0220418 ; 0.00399422 ; 0.00382393 ; 101.294;
13 ; 10 ; 18 ; 0.0121649 ; -0.00485369 ; -0.00316032 ; 101.039;
14 ; 10 ; 18 ; 0.0143216 ; 0.00236562 ; -0.00689753 ; 101.846;
15 ; 10 ; 18 ; 0.00839652 ; 0.016788 ; -0.00458018 ; 101.998;
16 ; 10 ; 18 ; 0.00156258 ; 0.010862 ; -0.0043095 ; 101.837;
17 ; 10 ; 18 ; 0.0156014 ; 0.00600637 ; -0.0102679 ; 101.426;
18 ; 10 ; 18 ; 0.0308212 ; 0.0220345 ; -0.0152464 ; 101.241;
19 ; 10 ; 18 ; 0.023584 ; 0.0140081 ; -0.013297 ; 101.967;
20 ; 10 ; 18 ; 0.0295253 ; -0.00337253 ; -0.00787702 ; 101.733;
21 ; 10 ; 18 ; 0.0376076 ; 0.0141637 ; 0.00360766 ; 101.561;
4 ; 11 ; 18 ; 0.0137539 ; -0.00475288 ; -0.00333682 ; 101.519;
5 ; 11 ; 18 ; 0.0213376 ; -0.0110021 ; -0.000468544 ; 101.938;
6 ; 11 ; 18 ; 0.0138697 ; 0.00100087 ; -5.51183e-05 ; 100.893;
7 ; 11 ; 18 ; 0.0282731 ; 0.00506268 ; 0.0192893 ; 101.558;
8 ; 11 ; 18 ; 0.0273139 ; 0.0153458 ; 0.00646037 ; 101.471;
9 ; 11 ; 18 ; 0.0266875 ; -0.00321796 ; -0.00151851 ; 101.795;
10 ; 11 ; 18 ; 0.0254412 ; -0.0112126 ; 0.00224579 ; 101.611;
11 ; 11 ; 18 ; 0.0135508 ; -0.0020849 ; -0.0143936 ; 101.729;
12 ; 11 ; 18 ; 0.013385 ; -0.011444 ; -0.00938228 ; 101.194;
13 ; 11 ; 18 ; 0.0110941 ; -0.0153821 ; -0.0187078 ; 101.497;
14 ; 11 ; 18 ; 0.0169358 ; 0.00248805 ; 0.00581078 ; 101.498;
15 ; 11 ; 18 ; 0.0044843 ; -0.00204391 ; 0.00239846 ; 102.003;
16 ; 11 ; 18 ; 0.00419327 ; -0.0179139 ; -0.013048 ; 101.968;
17 ; 11 ; 18 ; 0.00894769 ; 0.00906592 ; -0.0022493 ; 102.28;
18 ; 11 ; 18 ; 0.00992304 ; 0.00581833 ; -0.00575813 ; 102.185;
19 ; 11 ; 18 ; 0.0178747 ; -0.00300627 ; 0.000247539 ; 101.07;
20 ; 11 ; 18 ; 0.0205985 ; 0.00131244 ; -0.0169168 ; 101.537;
21 ; 11 ; 18 ; 0.0167637 ; 0.000157397 ; 0.010112 ; 101.57;
4 ; 12 ; 18 ; -0.000303397 ; -0.00419623 ; 0.0170367 ; 101.599;
5 ; 12 ; 18 ; 0.0108387 ; -0.001708 ; 0.00562965 ; 100.579;
6 ; 12 ; 18 ; 0.0277201 ; -0.0130299 ; 0.00402492 ; 101.649;
7 ; 12 ; 18 ; 0.0226288 ; -0.00201325 ; 0.00582869 ; 101.373;
8 ; 12 ; 18 ; 0.0369639 ; 0.0266979 ; 0.0159974 ; 101.201;
9 ; 12 ; 18 ; 0.0187904 ; -0.0102265 ; -0.0196821 ; 101.279;
10 ; 12 ; 18 ; 0.0125427 ; -0.00956958 ; -0.0126618 ; 101.69;
11 ; 12 ; 18 ; 0.0190187 ; -0.0144559 ; -0.000200491 ; 101.503;
12 ; 12 ; 18 ; 0.016835 ; 0.0268345 ; -0.00192024 ; 101.75;
13 ; 12 ; 18 ; 0.0180048 ; 0.0268809 ; 0.00323063 ; 101.45;
14 ; 12 ; 18 ; 0.0285086 ; -0.0106803 ; 0.00439626 ; 101.556;
15 ; 12 ; 18 ; 0.0196578 ; -0.00570224 ; 0.00238118 ; 101.342;
16 ; 12 ; 18 ; 0.0168465 ; 0.00123393 ; 0.00147519 ; 101.442;
17 ; 12 ; 18 ; 0.0169345 ; -0.000256652 ; 0.0136023 ; 101.806;
18 ; 12 ; 18 ; 0.0132168 ; 0.00545952 ; -0.00470089 ; 101.048;
19 ; 12 ; 18 ; 0.034585 ; 0.0065289 ; -0.00358942 ; 101.998;
20 ; 12 ; 18 ; 0.013677 ; -0.0108715 ; -0.0167417 ; 101.797;
21 ; 12 ; 18 ; 0.00379575 ; 0.00176142 ; -0.00500519 ; 101.275;
4 ; 13 ; 18 ; 0.0110774 ; -0.00886183 ; 0.0207668 ; 101.449;
5 ; 13 ; 18 ; 0.0142833 ; -0.0078567 ; -0.000691449 ; 101.504;
6 ; 13 ; 18 ; 0.000314108 ; 0.0049569 ; 0.00634691 ; 102.036;
7 ; 13 ; 18 ; 0.0296978 ; 0.00841321 ; 0.0185558 ; 101.769;
8 ; 13 ; 18 ; 0.0220992 ; 0.00692126 ; -0.00933999 ; 101.277;
9 ; 13 ; 18 ; 0.0181123 ; 0.00656572 ; -0.00163996 ; 101.287;
10 ; 13 ; 18 ; 0.027391 ; 0.000828281 ; -0.00214565 ; 102.306;
11 ; 13 ; 18 ; 0.00571534 ; 0.0314923 ; -0.00964497 ; 101.982;
12 ; 13 ; 18 ; 9.59288e-05 ; 0.0142364 ; -0.00623334 ; 101.757;
13 ; 13 ; 18 ; 0.0278849 ; 0.00840194 ; 0.0109566 ; 101.524;
14 ; 13 ; 18 ; 0.0134861 ; 0.0151607 ; 0.0134879 ; 101.626;
15 ; 13 ; 18 ; 0.0175563 ; -0.0032266 ; 0.0101915 ; 101.32;
16 ; 13 ; 18 ; 0.0111081 ; 0.00282362 ; 0.00311551 ; 101.375;
17 ; 13 ; 18 ; 0.0224457 ; 0.00803761 ; 0.007178 ; 101.636;
18 ; 13 ; 18 ; 0.00174298 ; -0.00429939 ; -0.0151223 ; 101.476;
19 ; 13 ; 18 ; 0.0167272 ; -0.00375159 ; -0.0124157 ; 101.874;
20 ; 13 ; 18 ; 0.0284417 ; 0.0225822 ; -0.0068289 ; 101.417;
21 ; 13 ; 18 ; 0.0123148 ; -0.00808009 ; 0.0132437 ; 102.086;
4 ; 14 ; 18 ; 0.0206791 ; -0.0138851 ; 0.00314222 ; 101.764;
5 ; 14 ; 18 ; 0.0197399 ; 0.00448427 ; 0.00513532 ; 100.994;
6 ; 14 ; 18 ; 0.0183959 ; -0.0134909 ; -0.00465385 ; 101.505;
7 ; 14 ; 18 ; 0.0338681 ; 0.000960759 ; -0.0121433 ; 101.741;
8 ; 14 ; 18 ; 0.0233613 ; 0.00623238 ; 0.017743 ; 101.31;
9 ; 14 ; 18 ; 0.0197151 ; 0.00911674 ; 0.00284689 ; 102.068;
10 ; 14 ; 18 ; 0.0327905 ; 0.00415406 ; -0.000150447 ; 101.352;
11 ; 14 ; 18 ; 0.0164823 ; 0.00669959 ; 0.0135324 ; 101.694;
12 ; 14 ; 18 ; 0.0169339 ; 0.00751094 ; -0.00849168 ; 101.137;
13 ; 14 ; 18 ; 0.0251801 ; -0.00895204 ; 0.0251182 ; 101.375;
14 ; 14 ; 18 ; 0.032023 ; 0.0102059 ; 0.0142178 ; 101.495;
15 ; 14 ; 18 ; 0.0264874 ; -0.00723766 ; 0.00986019 ; 101.359;
16 ; 14 ; 18 ; 0.0227093 ; 0.0150107 ; -0.00293992 ; 101.514;
17 ; 14 ; 18 ; 0.0238227 ; -0.0102678 ; 4.72151e-05 ; 101.605;
18 ; 14 ; 18 ; 0.0213411 ; 0.00073633 ; 0.0131703 ; 101.697;
19 ; 14 ; 18 ; 0.0312353 ; -0.00452974 ; 0.00863078 ; 101.482;
20 ; 14 ; 18 ; 0.018382 ; 0.0215297 ; 0.00901144 ; 101.051;
21 ; 14 ; 18 ; 0.0130587 ; 0.0124366 ; 0.00903101 ; 101.166;
4 ; 15 ; 18 ; 0.0185054 ; -0.0105628 ; 0.00484453 ; 101.426;
5 ; 15 ; 18 ; 0.0121774 ; -0.0081577 ; -0.00556937 ; 101.603;
6 ; 15 ; 18 ; 0.00573715 ; -0.0173181 ; 0.00920942 ; 101.407;
7 ; 15 ; 18 ; 0.00685554 ; 0.0255938 ; 0.0109144 ; 101.561;
8 ; 15 ; 18 ; 0.0302757 ; -0.00514553 ; -0.00379187 ; 101.29;
9 ; 15 ; 18 ; 0.0229394 ; 0.00764572 ; 0.00372354 ; 101.507;
10 ; 15 ; 18 ; 0.0153708 ; 0.0160271 ; 0.00187851 ; 101.104;
11 ; 15 ; 18 ; 0.0275783 ; 0.00206313 ; 0.00478571 ; 101.376;
12 ; 15 ; 18 ; 0.0163824 ; 0.000496147 ; -0.00511756 ; 101.16;
13 ; 15 ; 18 ; 0.0318764 ; -0.00838362 ; -0.0166773 ; 101.209;
14 ; 15 ; 18 ; 0.0206437 ; -0.0108696 ; -0.00323451 ; 101.914;
15 ; 15 ; 18 ; 0.0202762 ; -0.00192846 ; 0.00686523 ; 102.055;
16 ; 15 ; 18 ; 0.0295928 ; 0.00689945 ; -0.00812949 ; 101.145;
17 ; 15 ; 18 ; 0.0290665 ; -0.0100888 ; -0.0181626 ; 101.284;
18 ; 15 ; 18 ; 0.0140436 ; -0.00689671 ; -0.0113882 ; 102.171;
19 ; 15 ; 18 ; 0.0168067 ; 0.00330145 ; 0.00361935 ; 100.82;
20 ; 15 ; 18 ; -0.00977782 ; 0.0111112 ; 0.0103795 ; 101.08;
21 ; 15 ; 18 ; 0.00548399 ; 0.00377977 ; 0.000188234 ; 101.565;
4 ; 16 ; 18 ; 0.0193974 ; -0.00528624 ; -0.00346036 ; 102.241;
5 ; 16 ; 18 ; 0.00967728 ; -0.000653654 ; 0.00207435 ; 101.392;
6 ; 16 ; 18 ; 0.00331881 ; 0.00618601 ; 0.0244827 ; 101.476;
7 ; 16 ; 18 ; 0.0179228 ; 0.0140857 ; 0.00470183 ; 102.245;
8 ; 16 ; 18 ; 0.016821 ; 0.0063848 ; 0.0174015 ; 101.36;
9 ; 16 ; 18 ; 0.0287345 ; -0.0159052 ; 0.00437909 ; 102.236;
10 ; 16 ; 18 ; 0.0216682 ; 0.0146773 ; 0.00639945 ; 101.653;
11 ; 16 ; 18 ; 0.0325793 ; 0.00375405 ; 0.008841 ; 101.898;
12 ; 16 ; 18 ; 0.0451852 ; -0.00767492 ; 0.00590714 ; 101.443;
13 ; 16 ; 18 ; 0.0252101 ; 0.0140987 ; 0.0165334 ; 101.44;
14 ; 16 ; 18 ; 0.0247578 ; 0.00996554 ; 0.0196505 ; 101.66;
15 ; 16 ; 18 ; 0.0110966 ; -0.00305461 ; 0.0108943 ; 101.767;
16 ; 16 ; 18 ; 0.0184435 ; 0.00760584 ; -0.00897243 ; 101.778;
17 ; 16 ; 18 ; 0.00275878 ; 0.00774468 ; -0.0101422 ; 101.327;
18 ; 16 ; 18 ; 0.0102862 ; 0.00776895 ; -0.00373221 ; 101.581;
19 ; 16 ; 18 ; 0.0126234 ; 0.00447922 ; -0.0104101 ; 101.38;
20 ; 16 ; 18 ; 0.0173707 ; 0.00526042 ; -0.0189712 ; 101.507;
21 ; 16 ; 18 ; -0.00554936 ; -0.00233413 ; -0.012097 ; 102.457;
4 ; 17 ; 18 ; 0.0166304 ; -0.0181126 ; -0.00516901 ; 101.526;
5 ; 17 ; 18 ; 0.0319175 ; -0.0127622 ; 0.00520332 ; 101.224;
6 ; 17 ; 18 ; 0.0202161 ; 0.00223841 ; -0.0176372 ; 101.766;
7 ; 17 ; 18 ; 0.0224246 ; -0.0134886 ; 0.0119015 ; 101.495;
8 ; 17 ; 18 ; 0.00467677 ; -0.0150597 ; 0.00565873 ; 101.96;
9 ; 17 ; 18 ; 0.0172836 ; 0.00459819 ; 0.0206467 ; 101.216;
10 ; 17 ; 18 ; 0.0242421 ; -0.00372583 ; 0.0188732 ; 100.965;
11 ; 17 ; 18 ; 0.0309141 ; -0.00279611 ; 0.010629 ; 102.015;
12 ; 17 ; 18 ; 0.0181286 ; -0.0133895 ; 0.0145459 ; 101.612;
13 ; 17 ; 18 ; 0.0327481 ; 0.00837926 ; 0.0176779 ; 101.696;
14 ; 17 ; 18 ; 0.0263375 ; 0.020399 ; 0.00540447 ; 102.001;
15 ; 17 ; 18 ; 0.0282793 ; -0.00246909 ; 0.00128075 ; 101.204;
16 ; 17 ; 18 ; 0.0252298 ; -0.00126961 ; -0.00612176 ; 101.249;
17 ; 17 ; 18 ; 0.00891015 ; 0.0108084 ; -0.0015415 ; 101.545;
18 ; 17 ; 18 ; 0.0119645 ; -0.0121492 ; -0.00747122 ; 101.661;
19 ; 17 ; 18 ; 0.0149962 ; -0.00697672 ; -0.00308067 ; 101.244;
20 ; 17 ; 18 ; 0.0251431 ; 0.0022622 ; -0.0137689 ; 101.591;
21 ; 17 ; 18 ; 0.0263949 ; -0.00963701 ; -0.00924831 ; 101.647;
4 ; 18 ; 18 ; 0.0222135 ; 0.00295775 ; 0.0108704 ; 101.59;
5 ; 18 ; 18 ; 0.0105722 ; -0.00231162 ; -0.00657041 ; 101.657;
6 ; 18 ; 18 ; 0.0368897 ; -0.011025 ; -2.05111e-05 ; 101.852;
7 ; 18 ; 18 ; -0.00164888 ; -0.0122867 ; -0.00359909 ; 101.735;
8 ; 18 ; 18 ; 0.0140775 ; -0.00021188 ; 0.0043109 ; 101.59;
9 ; 18 ; 18 ; 0.0261195 ; -0.00653578 ; -0.00575329 ; 101.108;
10 ; 18 ; 18 ; 0.0181475 ; -0.00513115 ; 0.00108054 ; 101.656;
11 ; 18 ; 18 ; 0.0179422 ; -0.00806305 ; 0.00412054 ; 102.023;
12 ; 18 ; 18 ; 0.029254 ; 0.0185706 ; 0.010104 ; 101.364;
13 ; 18 ; 18 ; 0.0101128 ; -0.0135718 ; 0.00508618 ; 101.918;
14 ; 18 ; 18 ; 0.0104477 ; 0.00511396 ; -0.00126426 ; 101.737;
15 ; 18 ; 18 ; 0.0229056 ; 0.0144853 ; 0.0193694 ; 101.331;
16 ; 18 ; 18 ; 0.0162409 ; -0.0185181 ; 0.0109849 ; 101.723;
17 ; 18 ; 18 ; 0.0313955 ; -0.0176244 ; -0.0153933 ; 101.163;
18 ; 18 ; 18 ; 0.0245208 ; -0.0139211 ; 0.0025572 ; 101.553;
19 ; 18 ; 18 ; 0.0108492 ; 0.0121065 ; -0.00189174 ; 102.207;
20 ; 18 ; 18 ; 0.00242193 ; -0.0128281 ; 0.00683791 ; 101.762;
21 ; 18 ; 18 ; 0.00725916 ; -0.00994419 ; -0.00859294 ; 101.285;
4 ; 19 ; 18 ; 0.0217754 ; 0.000542286 ; 0.00845097 ; 101.518;
5 ; 19 ; 18 ; 0.00653494 ; 0.00754313 ; 0.0228521 ; 101.045;
6 ; 19 ; 18 ; 0.0244143 ; 0.00252562 ; 0.00064104 ; 101.812;
7 ; 19 ; 18 ; 0.00887903 ; 0.0099229 ; 0.00968048 ; 101.816;
8 ; 19 ; 18 ; 0.0158267 ; -0.0146585 ; -0.00864691 ; 101.36;
9 ; 19 ; 18 ; 0.00644858 ; -0.00324438 ; 0.0131322 ; 101.827;
10 ; 19 ; 18 ; 0.00284898 ; -0.00542957 ; -0.0289664 ; 101.332;
11 ; 19 ; 18 ; 0.0204076 ; 0.00607533 ; 0.00146514 ; 102.067;
12 ; 19 ; 18 ; 0.0368704 ; 0.00236831 ; 0.0043639 ; 102.046;
13 ; 19 ; 18 ; 0.0153772 ; 0.00736101 ; -0.000898879 ; 102.053;
14 ; 19 ; 18 ; 0.00707765 ; 0.0092615 ; -0.0101263 ; 101.814;
15 ; 19 ; 18 ; 0.0168472 ; 0.00219893 ; 0.00557102 ; 101.45;
16 ; 19 ; 18 ; 0.0380535 ; -0.0135888 ; 0.0230896 ; 101.59;
17 ; 19 ; 18 ; 0.0161765 ; -0.00690942 ; -0.0054461 ; 101.321;
18 ; 19 ; 18 ; -0.000190783 ; 0.0031736 ; 0.00226216 ; 101.872;
19 ; 19 ; 18 ; 0.0232537 ; -0.00377583 ; -0.0168757 ; 102.114;
20 ; 19 ; 18 ; 0.0140157 ; -0.000972474 ; -0.00783473 ; 101.595;
21 ; 19 ; 18 ; 0.032746 ; 0.00926053 ; -0.0164308 ; 100.693;
4 ; 20 ; 18 ; 0.00524664 ; -0.001688 ; 0.0091898 ; 101.798;
5 ; 20 ; 18 ; 0.0213982 ; -0.0196568 ; -0.00148534 ; 101.358;
6 ; 20 ; 18 ; 0.0152685 ; -0.0467309 ; -0.00518062 ; 101.443;
7 ; 20 ; 18 ; 0.024793 ; 0.0134547 ; 0.00392669 ; 101.545;
8 ; 20 ; 18 ; 0.0242546 ; 0.000996448 ; 0.0158021 ; 101.576;
9 ; 20 ; 18 ; -3.26466e-05 ; -0.000936224 ; -0.00394309 ; 101.713;
10 ; 20 ; 18 ; 0.0121701 ; -0.0262694 ; -0.0055966 ; 101.342;
11 ; 20 ; 18 ; 0.00682344 ; -0.00557693 ; 0.0123872 ; 101.425;
12 ; 20 ; 18 ; 0.0252415 ; -0.0088543 ; 0.0175825 ; 102.352;
13 ; 20 ; 18 ; 0.0198168 ; -0.00024824 ; -0.00405063 ; 101.924;
14 ; 20 ; 18 ; 0.00816185 ; -0.00514674 ; -0.00754859 ; 101.651;
15 ; 20 ; 18 ; 0.0142154 ; 0.00201338 ; -0.0086328 ; 102.014;
16 ; 20 ; 18 ; 0.0302027 ; -0.0024888 ; 0.00598382 ; 101.645;
17 ; 20 ; 18 ; 0.0120915 ; -0.000875511 ; 0.00482485 ; 101.884;
18 ; 20 ; 18 ; 0.0167513 ; -0.00355697 ; -0.0153704 ; 100.889;
19 ; 20 ; 18 ; 0.0157244 ; -0.00394453 ; 0.00146608 ; 101.206;
20 ; 20 ; 18 ; 0.0271948 ; 0.0118703 ; -0.00928668 ; 101.321;
21 ; 20 ; 18 ; 0.0266384 ; -0.00151432 ; -0.00725372 ; 101.735;
4 ; 21 ; 18 ; 0.00643249 ; -0.000840971 ; -0.0218475 ; 101.089;
5 ; 21 ; 18 ; 0.020255 ; -0.0138604 ; 0.0118173 ; 101.377;
6 ; 21 ; 18 ; 0.0350253 ; -0.00280959 ; 0.00302358 ; 101.541;
7 ; 21 ; 18 ; 0.0177781 ; -0.015072 ; 0.00896339 ; 101.747;
8 ; 21 ; 18 ; 0.0300041 ; -0.00114619 ; 0.00206941 ; 101.429;
9 ; 21 ; 18 ; 0.0394751 ; 0.00643067 ; 0.00480139 ; 102.071;
10 ; 21 ; 18 ; 0.0208553 ; 0.00396871 ; 0.0076538 ; 101.193;
11 ; 21 ; 18 ; 0.0196524 ; -0.00717201 ; 0.0096211 ; 101.872;
12 ; 21 ; 18 ; 0.00881234 ; 0.00237587 ; -0.0101397 ; 102.309;
13 ; 21 ; 18 ; 0.0229053 ; 0.00827916 ; -0.00194758 ; 101.594;
14 ; 21 ; 18 ; 0.0333694 ; -0.00933774 ; -0.00812627 ; 101.992;
15 ; 21 ; 18 ; 0.0265952 ; 0.00221017 ; 0.0138648 ; 101.826;
16 ; 21 ; 18 ; 0.0165488 ; 0.000253666 ; -0.00555944 ; 101.716;
17 ; 21 ; 18 ; 0.0175282 ; -0.00549819 ; 0.00431459 ; 101.78;
18 ; 21 ; 18 ; 0.00308104 ; -0.00104464 ; 0.00683822 ; 100.867;
19 ; 21 ; 18 ; 0.00702848 ; -0.0249087 ; -0.0194645 ; 101.455;
20 ; 21 ; 18 ; 0.0193633 ; -0.0118026 ; -0.00737578 ; 101.544;
21 ; 21 ; 18 ; 0.0272997 ; -8.25104e-05 ; -0.00964114 ; 101.673;
4 ; 4 ; 19 ; 0.0160974 ; -0.00339015 ; -0.00669814 ; 101.477;
5 ; 4 ; 19 ; 0.00689954 ; -0.00842312 ; 0.00808677 ; 101.337;
6 ; 4 ; 19 ; 0.0167104 ; 0.00760263 ; 0.00284988 ; 101.452;
7 ; 4 ; 19 ; 0.024703 ; -0.00120165 ; 0.00905864 ; 100.836;
8 ; 4 ; 19 ; 0.00330431 ; -0.0183243 ; -0.00534344 ; 101.266;
9 ; 4 ; 19 ; -0.00676397 ; -0.00845406 ; 0.00323149 ; 101.519;
10 ; 4 ; 19 ; 0.00299665 ; 0.0105009 ; -0.00331872 ; 102.09;
11 ; 4 ; 19 ; 0.0111524 ; -0.00526774 ; 0.000494216 ; 101.594;
12 ; 4 ; 19 ; 0.00700412 ; -0.011892 ; 0.00979046 ; 101.498;
13 ; 4 ; 19 ; 0.014905 ; -0.00804389 ; -0.0102808 ; 101.499;
14 ; 4 ; 19 ; -0.00264889 ; 0.0132586 ; 0.005596 ; 100.953;
15 ; 4 ; 19 ; 0.0282038 ; 0.0163216 ; 0.000301153 ; 101.665;
16 ; 4 ; 19 ; 0.00435677 ; 0.00128199 ; 0.00818682 ; 101.789;
17 ; 4 ; 19 ; 0.0155922 ; -0.000538353 ; -0.0106399 ; 101.036;
18 ; 4 ; 19 ; -0.00733268 ; 0.0123254 ; -0.00730808 ; 102.242;
19 ; 4 ; 19 ; -0.00743088 ; -0.022612 ; 0.00658267 ; 101.688;
20 ; 4 ; 19 ; 0.0155674 ; 0.00629713 ; -0.013304 ; 101.751;
21 ; 4 ; 19 ; 0.0100155 ; 0.0153797 ; 0.0122702 ; 100.571;
4 ; 5 ; 19 ; 0.00916299 ; -0.0138897 ; 0.00373608 ; 102.285;
5 ; 5 ; 19 ; -0.0089418 ; -0.0162116 ; 0.00331434 ; 101.132;
6 ; 5 ; 19 ; 0.0126711 ; -0.0197351 ; 0.0147307 ; 101.912;
7 ; 5 ; 19 ; -0.000916701 ; 0.0022183 ; 0.00286326 ; 101.937;
8 ; 5 ; 19 ; 0.0191371 ; 0.00132288 ; -0.00751839 ; 101.718;
9 ; 5 ; 19 ; 0.0363716 ; -0.0175178 ; 0.00475288 ; 101.765;
10 ; 5 ; 19 ; 0.0399973 ; 0.00751307 ; 0.0146266 ; 101.437;
11 ; 5 ; 19 ; -0.00028943 ; 0.0151102 ; 0.00684982 ; 101.623;
12 ; 5 ; 19 ; 0.0137023 ; 0.0127404 ; 0.00205281 ; 101.862;
13 ; 5 ; 19 ; 0.0094813 ; -0.00544126 ; 0.00565776 ; 101.413;
14 ; 5 ; 19 ; 0.0106068 ; 0.00993819 ; -0.00369145 ; 101.472;
15 ; 5 ; 19 ; 0.0271204 ; 0.00224589 ; -0.0251485 ; 101.271;
16 ; 5 ; 19 ; 0.01344 ; -0.00226127 ; 0.0145828 ; 101.692;
17 ; 5 ; 19 ; 0.0232286 ; 0.00529169 ; -0.0122825 ; 101.364;
18 ; 5 ; 19 ; 0.0179756 ; 0.0205546 ; 0.0216991 ; 101.741;
19 ; 5 ; 19 ; -0.000381599 ; -0.00270102 ; -0.0115635 ; 101.787;
20 ; 5 ; 19 ; 0.00438908 ; 0.00800825 ; -0.00114627 ; 102.3;
21 ; 5 ; 19 ; 0.0152142 ; 0.0127854 ; -0.00225525 ; 101.122;
4 ; 6 ; 19 ; -0.0142742 ; -0.00397198 ; 0.0226328 ; 101.343;
5 ; 6 ; 19 ; 0.00652398 ; -0.00523043 ; 0.0159212 ; 100.926;
6 ; 6 ; 19 ; 0.0168866 ; -0.000723483 ; -0.00501407 ; 101.78;
7 ; 6 ; 19 ; 0.0110332 ; 0.0155116 ; 0.00551501 ; 101.396;
8 ; 6 ; 19 ; -0.00296184 ; -0.0223377 ; -0.00161614 ; 101.213;
9 ; 6 ; 19 ; 0.018546 ; -7.73586e-05 ; 0.00839542 ; 102.112;
10 ; 6 ; 19 ; 0.0242982 ; 0.00623274 ; 0.0154737 ; 102.083;
11 ; 6 ; 19 ; 0.019619 ; 0.00655366 ; 0.000643839 ; 101.006;
12 ; 6 ; 19 ; 0.0123985 ; -0.00199463 ; 0.00183242 ; 101.473;
13 ; 6 ; 19 ; 0.0228484 ; 0.000927761 ; 0.0178332 ; 101.343;
14 ; 6 ; 19 ; 0.0096515 ; 0.00153245 ; 0.0015891 ; 101.488;
15 ; 6 ; 19 ; 0.00497405 ; 0.0010462 ; 0.00575862 ; 101.544;
16 ; 6 ; 19 ; 0.0188167 ; 0.00820704 ; -0.0043227 ; 101.205;
17 ; 6 ; 19 ; 0.017984 ; 0.00636077 ; 0.00107385 ; 100.95;
18 ; 6 ; 19 ; -0.000584915 ; 0.00734765 ; 0.00722345 ; 101.547;
19 ; 6 ; 19 ; 0.00489699 ; -0.0147538 ; 0.0148179 ; 101.303;
20 ; 6 ; 19 ; 0.0136628 ; -0.00434827 ; 0.0054558 ; 101.063;
21 ; 6 ; 19 ; 0.0114133 ; -0.000946022 ; -0.00173134 ; 101.459;
4 ; 7 ; 19 ; 0.0165837 ; 0.00634491 ; 0.00517737 ; 101.269;
5 ; 7 ; 19 ; 0.010558 ; -0.00313804 ; -0.00375212 ; 101.82;
6 ; 7 ; 19 ; 0.00559604 ; 0.0144341 ; 0.00410132 ; 101.228;
7 ; 7 ; 19 ; -0.00636176 ; -0.00565233 ; 0.0124754 ; 101.453;
8 ; 7 ; 19 ; 0.00948758 ; -0.0115302 ; -0.0148728 ; 101.452;
9 ; 7 ; 19 ; 0.00502499 ; -0.0134188 ; 0.017229 ; 101.106;
10 ; 7 ; 19 ; 0.0243489 ; -0.0055994 ; 0.00325086 ; 101.747;
11 ; 7 ; 19 ; 0.0173452 ; -0.0148024 ; 0.00168571 ; 101.754;
12 ; 7 ; 19 ; 0.0146038 ; -0.0186763 ; -0.0113629 ; 102.004;
13 ; 7 ; 19 ; 0.015468 ; -0.00446892 ; 0.0140444 ; 101.044;
14 ; 7 ; 19 ; 0.0177994 ; -0.0023502 ; -0.000923338 ; 102.666;
15 ; 7 ; 19 ; 0.0163733 ; -0.0113165 ; -0.00246159 ; 101.757;
16 ; 7 ; 19 ; 0.00574968 ; 0.0156772 ; 0.00378228 ; 101.494;
17 ; 7 ; 19 ; 0.0221096 ; 0.0156088 ; 0.00560595 ; 101.432;
18 ; 7 ; 19 ; 0.0229753 ; -0.00176231 ; 0.00142795 ; 100.752;
19 ; 7 ; 19 ; 0.0249098 ; -0.0250127 ; -0.0191633 ; 100.711;
20 ; 7 ; 19 ; 0.0155198 ; 0.00809789 ; -0.0233235 ; 101.408;
21 ; 7 ; 19 ; 0.00894001 ; -0.024779 ; -0.0118332 ; 101.834;
4 ; 8 ; 19 ; 0.0152482 ; 0.00173252 ; 0.0116815 ; 101.604;
5 ; 8 ; 19 ; 0.0102809 ; -0.0140555 ; 0.014717 ; 101.066;
6 ; 8 ; 19 ; 0.0212068 ; 0.00388635 ; 0.0163735 ; 102.555;
7 ; 8 ; 19 ; 0.0068854 ; -0.00368058 ; 0.0191497 ; 101.31;
8 ; 8 ; 19 ; 0.00953063 ; -0.00594991 ; 0.00895433 ; 101.474;
9 ; 8 ; 19 ; 0.00828322 ; -0.0018218 ; 0.0348449 ; 102.048;
10 ; 8 ; 19 ; 0.00698259 ; -0.00836803 ; 0.0121402 ; 101.792;
11 ; 8 ; 19 ; 0.0140505 ; -0.00403998 ; -0.00203352 ; 101.772;
12 ; 8 ; 19 ; 0.00714175 ; 0.00679858 ; -0.00806529 ; 101.211;
13 ; 8 ; 19 ; 0.0314385 ; -0.00683441 ; -0.00440045 ; 102.013;
14 ; 8 ; 19 ; 0.0236665 ; -0.00259252 ; 0.0068302 ; 101.216;
15 ; 8 ; 19 ; 0.0221972 ; -0.029001 ; 0.00926012 ; 101.841;
16 ; 8 ; 19 ; 0.0179106 ; 0.000147689 ; 0.000955507 ; 101.922;
17 ; 8 ; 19 ; 0.00790607 ; -0.00351397 ; -0.0174035 ; 101.377;
18 ; 8 ; 19 ; 0.0385861 ; -0.00258391 ; 0.00110628 ; 101.394;
19 ; 8 ; 19 ; 0.010287 ; 0.0014134 ; -0.00123053 ; 101.903;
20 ; 8 ; 19 ; 0.00882657 ; -0.00924195 ; -0.0149074 ; 101.773;
21 ; 8 ; 19 ; 0.0278169 ; -0.00649197 ; -0.00647873 ; 101.493;
4 ; 9 ; 19 ; -0.0139322 ; -0.00458538 ; 0.00492891 ; 102.22;
5 ; 9 ; 19 ; 0.000735385 ; -0.00643562 ; 0.0275584 ; 101.66;
6 ; 9 ; 19 ; 0.0204164 ; 0.00485032 ; 0.00900074 ; 101.461;
7 ; 9 ; 19 ; 0.0147834 ; -0.00558336 ; -0.00604194 ; 101.508;
8 ; 9 ; 19 ; 0.0126954 ; 0.0130612 ; 0.00216875 ; 101.968;
9 ; 9 ; 19 ; 0.0105649 ; 0.00345854 ; 0.0113831 ; 101.107;
10 ; 9 ; 19 ; 0.0299487 ; 0.000540451 ; 0.00835266 ; 101.824;
11 ; 9 ; 19 ; 0.0313232 ; -0.00368588 ; 0.00201087 ; 101.998;
12 ; 9 ; 19 ; 0.0185431 ; -0.0125485 ; 0.00504481 ; 101.344;
13 ; 9 ; 19 ; 0.0174831 ; -0.00564754 ; -0.0039802 ; 102.154;
14 ; 9 ; 19 ; 0.0269757 ; -0.00627116 ; 0.0172457 ; 101.291;
15 ; 9 ; 19 ; 0.0178494 ; -0.0134887 ; -0.00313164 ; 101.283;
16 ; 9 ; 19 ; 0.025564 ; 0.00664585 ; 0.00722633 ; 101.969;
17 ; 9 ; 19 ; 0.00431921 ; 0.00932384 ; -0.0151503 ; 101.639;
18 ; 9 ; 19 ; 0.0103669 ; -0.0037914 ; -0.00434257 ; 101.466;
19 ; 9 ; 19 ; 0.0250068 ; 0.00457205 ; -0.00742508 ; 102.078;
20 ; 9 ; 19 ; 0.0175408 ; -0.010699 ; -0.0044982 ; 101.538;
21 ; 9 ; 19 ; 0.0114293 ; -0.0102384 ; -0.00958629 ; 101.654;
4 ; 10 ; 19 ; 0.0152067 ; -0.00723908 ; -0.00278976 ; 101.402;
5 ; 10 ; 19 ; 0.0206392 ; -0.00613563 ; 0.00570541 ; 100.629;
6 ; 10 ; 19 ; 0.0179129 ; 0.000131966 ; -0.00345104 ; 101.249;
7 ; 10 ; 19 ; 0.0135074 ; -0.000384882 ; -0.0057318 ; 101.337;
8 ; 10 ; 19 ; 0.0139776 ; -0.0164965 ; 0.00534164 ; 101.683;
9 ; 10 ; 19 ; 0.0144967 ; 0.00582843 ; 0.0124364 ; 101.553;
10 ; 10 ; 19 ; 0.00863407 ; 0.00469974 ; -0.000990671 ; 101.688;
11 ; 10 ; 19 ; 0.030984 ; 0.00251064 ; -0.0054919 ; 102.329;
12 ; 10 ; 19 ; 0.0240393 ; -0.000624048 ; -0.00766386 ; 101.14;
13 ; 10 ; 19 ; 0.00989837 ; 0.0175999 ; 0.00659787 ; 100.945;
14 ; 10 ; 19 ; 0.0167693 ; -0.000775608 ; -0.00315651 ; 100.91;
15 ; 10 ; 19 ; 0.00242999 ; 0.0152404 ; -0.000993816 ; 101.19;
16 ; 10 ; 19 ; 0.00719738 ; -0.0175378 ; -0.00309315 ; 101.823;
17 ; 10 ; 19 ; -0.0192159 ; 0.00548594 ; -0.00671863 ; 101.737;
18 ; 10 ; 19 ; 0.0256477 ; -0.00181603 ; -0.0114442 ; 101.751;
19 ; 10 ; 19 ; 0.0158107 ; -0.00586019 ; -0.00982841 ; 100.703;
20 ; 10 ; 19 ; 0.0185504 ; -0.0112666 ; -0.0206468 ; 101.093;
21 ; 10 ; 19 ; 0.0170485 ; -0.00462107 ; -0.00544368 ; 101.326;
4 ; 11 ; 19 ; 0.00226057 ; 0.0117314 ; -0.00100522 ; 100.875;
5 ; 11 ; 19 ; 0.0282407 ; -0.002072 ; -0.00940267 ; 101.214;
6 ; 11 ; 19 ; 0.0153828 ; 0.00762327 ; 0.00190521 ; 101.612;
7 ; 11 ; 19 ; 0.00364849 ; -0.0105382 ; -0.00256555 ; 101.701;
8 ; 11 ; 19 ; 0.00535033 ; -0.00762909 ; 0.00556755 ; 101.967;
9 ; 11 ; 19 ; 0.0173943 ; -0.0106701 ; 0.0122805 ; 102.496;
10 ; 11 ; 19 ; 0.00601534 ; -0.00840291 ; -0.00376854 ; 101.319;
11 ; 11 ; 19 ; 0.0225014 ; 0.00118381 ; -0.00726406 ; 101.927;
12 ; 11 ; 19 ; 0.0361148 ; 0.00881001 ; -0.0109252 ; 102.075;
13 ; 11 ; 19 ; 0.00536574 ; 0.000798099 ; -0.0124376 ; 101.987;
14 ; 11 ; 19 ; 0.00120432 ; -0.00337645 ; 0.00436199 ; 101.845;
15 ; 11 ; 19 ; 0.00753134 ; 1.02094e-05 ; 0.00492937 ; 101.219;
16 ; 11 ; 19 ; 0.0229975 ; -0.00409765 ; 0.00122999 ; 101.485;
17 ; 11 ; 19 ; 0.0141132 ; -0.00276594 ; -0.00857072 ; 101.406;
18 ; 11 ; 19 ; 0.0242937 ; 0.010967 ; 0.0209703 ; 101.545;
19 ; 11 ; 19 ; 0.00787284 ; 0.00594729 ; 0.0181244 ; 101.732;
20 ; 11 ; 19 ; -0.0019626 ; -0.0120951 ; -0.0155286 ; 101.434;
21 ; 11 ; 19 ; 0.0120681 ; 0.00276144 ; -0.00824793 ; 102.076;
4 ; 12 ; 19 ; -0.00941776 ; 0.00613771 ; -0.005656 ; 101.82;
5 ; 12 ; 19 ; -0.00596142 ; -0.00655616 ; 0.00689791 ; 101.9;
6 ; 12 ; 19 ; 0.0125016 ; 5.74244e-05 ; -0.00827235 ; 101.503;
7 ; 12 ; 19 ; 0.000713824 ; -0.0175452 ; -0.00032011 ; 101.508;
8 ; 12 ; 19 ; 0.0254633 ; 0.000500483 ; 0.00415143 ; 101.414;
9 ; 12 ; 19 ; 0.0101406 ; 0.0178664 ; 0.0203967 ; 101.328;
10 ; 12 ; 19 ; 0.0116967 ; 0.00801823 ; -0.00372501 ; 101.18;
11 ; 12 ; 19 ; 0.0124008 ; 0.000209604 ; 0.00543948 ; 101.467;
12 ; 12 ; 19 ; -0.00536708 ; 5.54222e-05 ; -0.00962139 ; 101.687;
13 ; 12 ; 19 ; -0.00436574 ; -0.0107925 ; 0.00614195 ; 101.472;
14 ; 12 ; 19 ; 0.00937045 ; -0.0104039 ; 0.00522361 ; 101.523;
15 ; 12 ; 19 ; 0.0209729 ; 0.0101103 ; -0.0125518 ; 101.879;
16 ; 12 ; 19 ; 0.00668268 ; 0.00864332 ; -0.00880825 ; 101.932;
17 ; 12 ; 19 ; 0.0109261 ; 0.00803944 ; -0.0118458 ; 101.965;
18 ; 12 ; 19 ; 0.0109231 ; 0.000907198 ; -0.00339966 ; 101.984;
19 ; 12 ; 19 ; 0.0146427 ; -0.00966279 ; 0.00142366 ; 101.36;
20 ; 12 ; 19 ; 0.0193183 ; -0.00617293 ; -0.0037946 ; 101.353;
21 ; 12 ; 19 ; 0.00191115 ; -0.00998252 ; -0.0166331 ; 101.085;
4 ; 13 ; 19 ; 0.00633004 ; 0.0104145 ; 0.00352066 ; 101.517;
5 ; 13 ; 19 ; -0.00287753 ; 0.00472011 ; 0.0180356 ; 101.532;
6 ; 13 ; 19 ; -0.00858371 ; -0.0158446 ; 0.002784 ; 101.625;
7 ; 13 ; 19 ; 0.00420155 ; -0.00056437 ; 0.00152116 ; 101.672;
8 ; 13 ; 19 ; 0.00924722 ; 0.0211982 ; -0.00227546 ; 100.896;
9 ; 13 ; 19 ; 0.0205336 ; 0.0165025 ; -0.0100555 ; 101.651;
10 ; 13 ; 19 ; 0.00552407 ; -0.0126623 ; 6.32304e-05 ; 102.162;
11 ; 13 ; 19 ; 0.0112413 ; -0.00407299 ; -0.0296881 ; 101.626;
12 ; 13 ; 19 ; 0.0268392 ; 0.000245473 ; -0.00614646 ; 101.212;
13 ; 13 ; 19 ; 0.00389583 ; -0.00930614 ; 0.0102955 ; 101.414;
14 ; 13 ; 19 ; 0.0207095 ; -0.0188842 ; 0.0253438 ; 101.749;
15 ; 13 ; 19 ; 0.0207108 ; -0.0041981 ; -0.00336843 ; 102.146;
16 ; 13 ; 19 ; 0.0410942 ; 0.0149803 ; -0.0110651 ; 101.471;
17 ; 13 ; 19 ; 0.0220316 ; -0.014284 ; -0.00344163 ; 101.942;
18 ; 13 ; 19 ; 0.0167431 ; -0.014161 ; -0.011178 ; 100.85;
19 ; 13 ; 19 ; 0.0327147 ; -0.0127561 ; -0.017569 ; 101.456;
20 ; 13 ; 19 ; 0.0290322 ; 0.00739136 ; -0.00597779 ; 102;
21 ; 13 ; 19 ; -0.0112023 ; 0.000143323 ; -0.00843441 ; 101.531;
4 ; 14 ; 19 ; 0.0217537 ; -0.00842441 ; -0.00442965 ; 101.869;
5 ; 14 ; 19 ; 0.0336762 ; 0.00170593 ; 0.0114492 ; 101.38;
6 ; 14 ; 19 ; 0.00890855 ; -0.00576048 ; 0.008285 ; 101.875;
7 ; 14 ; 19 ; 0.0104136 ; -0.00869007 ; -0.0119604 ; 101.431;
8 ; 14 ; 19 ; 0.0216033 ; -0.00147333 ; 0.000307453 ; 102.045;
9 ; 14 ; 19 ; 0.026225 ; -0.004618 ; -0.0056125 ; 101.063;
10 ; 14 ; 19 ; 0.0125234 ; -0.0113613 ; 0.00556296 ; 101.967;
11 ; 14 ; 19 ; 0.00106519 ; -0.000599256 ; 0.00608807 ; 102.158;
12 ; 14 ; 19 ; 0.0166669 ; -0.0248866 ; 0.00036337 ; 101.365;
13 ; 14 ; 19 ; 0.0267568 ; 0.00333486 ; -0.0183516 ; 101.835;
14 ; 14 ; 19 ; 0.0469092 ; -0.0184187 ; -0.00195842 ; 101.715;
15 ; 14 ; 19 ; 0.0188738 ; 0.0132838 ; -0.00824334 ; 101.628;
16 ; 14 ; 19 ; 0.02049 ; 0.015752 ; 0.00218297 ; 101.991;
17 ; 14 ; 19 ; 0.0135172 ; -0.00367522 ; -0.016653 ; 102.091;
18 ; 14 ; 19 ; 0.00451202 ; 0.00192694 ; -0.0180975 ; 102.039;
19 ; 14 ; 19 ; 0.00439116 ; 0.00997188 ; -0.00859486 ; 101.975;
20 ; 14 ; 19 ; 0.0141699 ; -0.0133513 ; 0.00642447 ; 101.681;
21 ; 14 ; 19 ; 0.0170855 ; -0.0088055 ; 0.00644955 ; 101.363;
4 ; 15 ; 19 ; 0.0145473 ; -0.00948636 ; -0.00891411 ; 101.453;
5 ; 15 ; 19 ; 0.031147 ; 0.00637492 ; -0.00854911 ; 101.326;
6 ; 15 ; 19 ; 0.0150806 ; 0.00533514 ; -0.000998793 ; 101.488;
7 ; 15 ; 19 ; 0.0290549 ; -0.0127813 ; 0.00760239 ; 101.923;
8 ; 15 ; 19 ; 0.0164496 ; -0.00713347 ; -0.0144296 ; 101.33;
9 ; 15 ; 19 ; 0.0291524 ; 0.00216302 ; -0.00578291 ; 101.641;
10 ; 15 ; 19 ; -0.00277158 ; 0.0149708 ; -0.00677856 ; 101.466;
11 ; 15 ; 19 ; 0.0205235 ; -0.00675825 ; 0.00398167 ; 101.588;
12 ; 15 ; 19 ; 0.0332667 ; -0.0156266 ; 0.0017206 ; 100.929;
13 ; 15 ; 19 ; 0.0194149 ; -0.00365026 ; -0.0128654 ; 100.903;
14 ; 15 ; 19 ; 0.00708721 ; 0.00100383 ; -0.0104204 ; 102.133;
15 ; 15 ; 19 ; 0.0115707 ; 0.027683 ; 0.0119561 ; 101.207;
16 ; 15 ; 19 ; 0.0215646 ; 0.0138218 ; 0.010986 ; 101.667;
17 ; 15 ; 19 ; 0.0184023 ; 0.00616582 ; 0.0136203 ; 101.29;
18 ; 15 ; 19 ; 0.00100268 ; 0.00123312 ; 0.00315934 ; 101.357;
19 ; 15 ; 19 ; 0.0230606 ; 0.0137819 ; 0.0160101 ; 101.543;
20 ; 15 ; 19 ; 0.000944676 ; -0.0053525 ; -0.0165064 ; 101.518;
21 ; 15 ; 19 ; -0.00402291 ; 0.00493226 ; -0.00333671 ; 101.578;
4 ; 16 ; 19 ; 0.0241594 ; -0.00855855 ; 0.00353961 ; 101.394;
5 ; 16 ; 19 ; 0.0185877 ; 0.00834789 ; 0.0146619 ; 101.423;
6 ; 16 ; 19 ; 0.0209803 ; 0.00699203 ; 0.0167669 ; 101.717;
7 ; 16 ; 19 ; 0.0266965 ; 0.000839505 ; 0.00949954 ; 101.92;
8 ; 16 ; 19 ; 0.0246136 ; 0.00546822 ; 0.00936194 ; 101.578;
9 ; 16 ; 19 ; 0.0362484 ; -0.00121662 ; 0.000569644 ; 101.307;
10 ; 16 ; 19 ; 0.0259601 ; -0.0172788 ; 0.0117147 ; 101.562;
11 ; 16 ; 19 ; 0.019199 ; -0.0092811 ; -0.00278229 ; 102.006;
12 ; 16 ; 19 ; 0.0204129 ; -0.00583048 ; -0.0130306 ; 101.641;
13 ; 16 ; 19 ; 0.0216499 ; -0.0120484 ; 0.0115684 ; 101.78;
14 ; 16 ; 19 ; 0.0142179 ; -0.010139 ; -0.00196924 ; 101.588;
15 ; 16 ; 19 ; 0.00350759 ; 0.00825364 ; -0.010599 ; 101.65;
16 ; 16 ; 19 ; 0.0209348 ; -0.00621262 ; -0.00504451 ; 101.47;
17 ; 16 ; 19 ; 0.0205094 ; 0.00765822 ; -0.00269279 ; 101.612;
18 ; 16 ; 19 ; 0.00664428 ; 0.0116557 ; -0.00301219 ; 100.819;
19 ; 16 ; 19 ; 0.00899141 ; -0.00099176 ; -0.00480987 ; 101.103;
20 ; 16 ; 19 ; 0.0192401 ; 0.000290964 ; -0.000607447 ; 101.37;
21 ; 16 ; 19 ; 0.00823611 ; 0.00547493 ; 0.00245689 ; 101.425;
4 ; 17 ; 19 ; 0.0243691 ; 0.00818868 ; 0.00656588 ; 101.623;
5 ; 17 ; 19 ; 0.0173339 ; 0.00980988 ; -0.00819537 ; 101.541;
6 ; 17 ; 19 ; 0.0173434 ; -0.00479576 ; 0.00692305 ; 102.035;
7 ; 17 ; 19 ; 0.0123847 ; 0.00227135 ; 0.00751481 ; 101.176;
8 ; 17 ; 19 ; 0.014759 ; -0.00949652 ; 0.040209 ; 101.835;
9 ; 17 ; 19 ; 0.0240278 ; -0.00333392 ; 0.00780918 ; 101.74;
10 ; 17 ; 19 ; 0.0326865 ; -0.0195187 ; -0.0181244 ; 101.699;
11 ; 17 ; 19 ; 0.00265441 ; -0.0128748 ; -0.00114508 ; 101.332;
12 ; 17 ; 19 ; 0.00864747 ; 5.16971e-05 ; 0.00797543 ; 101.863;
13 ; 17 ; 19 ; 0.0245942 ; 0.00285864 ; -0.0200614 ; 101.684;
14 ; 17 ; 19 ; 0.0275564 ; 0.00904667 ; -0.00217973 ; 102.214;
15 ; 17 ; 19 ; 0.0197243 ; -0.00964977 ; 0.0152163 ; 101.851;
16 ; 17 ; 19 ; 0.0224469 ; 0.00578184 ; 0.012252 ; 101.531;
17 ; 17 ; 19 ; 0.0166382 ; 0.00434103 ; 0.000314288 ; 101.918;
18 ; 17 ; 19 ; 0.0216831 ; 0.00705719 ; 0.00955971 ; 101.205;
19 ; 17 ; 19 ; 0.0216923 ; -0.0184655 ; -0.00240913 ; 101.096;
20 ; 17 ; 19 ; 0.0245389 ; 0.0198225 ; -0.0157087 ; 102.105;
21 ; 17 ; 19 ; 0.0321132 ; -0.0133004 ; -0.00240702 ; 101.837;
4 ; 18 ; 19 ; 0.0391434 ; 0.00765702 ; -0.00131736 ; 101.746;
5 ; 18 ; 19 ; 0.00782833 ; 0.00299746 ; 0.000706306 ; 101.718;
6 ; 18 ; 19 ; 0.0268063 ; -0.0227466 ; 0.00948186 ; 101.388;
7 ; 18 ; 19 ; 0.0127544 ; -0.00568599 ; 0.0126169 ; 101.844;
8 ; 18 ; 19 ; 0.0158516 ; -0.00844151 ; 0.0217011 ; 101.967;
9 ; 18 ; 19 ; 0.018131 ; 0.000703566 ; -0.00179637 ; 101.606;
10 ; 18 ; 19 ; 0.0132577 ; -0.0117881 ; -0.00265515 ; 101.399;
11 ; 18 ; 19 ; 0.0106367 ; -0.00507884 ; 0.0124157 ; 101.105;
12 ; 18 ; 19 ; 0.0236519 ; 0.000506929 ; -0.0101287 ; 101.647;
13 ; 18 ; 19 ; 0.0350681 ; -0.00416835 ; -0.00299068 ; 101.693;
14 ; 18 ; 19 ; 0.0382609 ; -0.00937394 ; 0.00200096 ; 101.517;
15 ; 18 ; 19 ; 0.0288026 ; 0.00338739 ; 0.0174438 ; 101.768;
16 ; 18 ; 19 ; 0.0267269 ; -0.00262359 ; -0.00078627 ; 102.284;
17 ; 18 ; 19 ; 0.0139752 ; 0.0112528 ; -0.00774071 ; 101.612;
18 ; 18 ; 19 ; 0.0149363 ; -0.00117371 ; 0.00378725 ; 101.521;
19 ; 18 ; 19 ; 0.0202068 ; -0.00508416 ; 0.00182607 ; 101.348;
20 ; 18 ; 19 ; 0.0129616 ; 0.00147217 ; -0.0123991 ; 101.369;
21 ; 18 ; 19 ; 0.0177635 ; -0.00189471 ; 0.00492472 ; 101.601;
4 ; 19 ; 19 ; 0.0236039 ; -0.00012962 ; -0.000918775 ; 101.223;
5 ; 19 ; 19 ; 0.00644913 ; 0.00856046 ; 0.00136968 ; 101.128;
6 ; 19 ; 19 ; 0.00427676 ; 0.016979 ; 0.0200797 ; 101.78;
7 ; 19 ; 19 ; 0.000684304 ; -0.0189402 ; 0.00479726 ; 101.723;
8 ; 19 ; 19 ; 0.0231001 ; -0.00454503 ; 0.0138505 ; 101.659;
9 ; 19 ; 19 ; 0.00775087 ; 0.00546296 ; -0.0190933 ; 101.665;
10 ; 19 ; 19 ; 0.0113279 ; 0.0184186 ; -0.011197 ; 101.4;
11 ; 19 ; 19 ; 0.0147231 ; 0.00270525 ; -0.00375238 ; 102.107;
12 ; 19 ; 19 ; 0.0143119 ; -0.00943904 ; -0.00174973 ; 100.93;
13 ; 19 ; 19 ; 0.00809577 ; -0.0111707 ; -0.0212786 ; 100.67;
14 ; 19 ; 19 ; 0.00942312 ; -0.00808883 ; -0.0126304 ; 101.895;
15 ; 19 ; 19 ; 0.00758349 ; -0.0032397 ; 0.00687344 ; 101.559;
16 ; 19 ; 19 ; 0.0187294 ; -0.00952724 ; 0.0258885 ; 101.913;
17 ; 19 ; 19 ; 0.0117781 ; -0.00300696 ; 0.00439974 ; 101.281;
18 ; 19 ; 19 ; 0.0342597 ; 0.00327096 ; -0.0177811 ; 101.563;
19 ; 19 ; 19 ; 0.0202921 ; -0.00864631 ; -0.0279993 ; 101.634;
20 ; 19 ; 19 ; 0.00601423 ; -0.0170956 ; -0.0135463 ; 101.34;
21 ; 19 ; 19 ; 0.0218346 ; 0.00261765 ; -0.0274318 ; 101.442;
4 ; 20 ; 19 ; 0.0148518 ; -0.00926912 ; 0.0106525 ; 101.848;
5 ; 20 ; 19 ; 0.0283001 ; -0.00520886 ; -0.000501056 ; 101.15;
6 ; 20 ; 19 ; 0.00996077 ; 0.00432669 ; 0.00314144 ; 101.651;
7 ; 20 ; 19 ; 0.00170085 ; -0.00143433 ; 0.00634062 ; 101.789;
8 ; 20 ; 19 ; 0.00605279 ; 0.00148291 ; -0.00249895 ; 101.174;
9 ; 20 ; 19 ; 0.0146098 ; 0.00378702 ; 0.0039407 ; 101.962;
10 ; 20 ; 19 ; 0.0130723 ; -0.0121988 ; 0.0110382 ; 101.92;
11 ; 20 ; 19 ; 0.0157579 ; 0.0156883 ; -0.0188576 ; 101.485;
12 ; 20 ; 19 ; 0.00826399 ; 0.0013285 ; 0.00891693 ; 101.602;
13 ; 20 ; 19 ; 0.00126482 ; -0.0152545 ; -0.00185635 ; 101.404;
14 ; 20 ; 19 ; -0.00035873 ; 0.00165881 ; -0.00744222 ; 101.499;
15 ; 20 ; 19 ; 0.0124668 ; -0.0207381 ; -0.00593525 ; 101.402;
16 ; 20 ; 19 ; 0.0134542 ; -0.0114413 ; -0.0183556 ; 101.402;
17 ; 20 ; 19 ; 0.0238993 ; -0.00885596 ; -0.00990497 ; 101.654;
18 ; 20 ; 19 ; 0.0448457 ; -0.0142995 ; 0.00636583 ; 101.619;
19 ; 20 ; 19 ; 0.0117299 ; -0.00877644 ; 0.00120968 ; 101.948;
20 ; 20 ; 19 ; -0.0108971 ; 0.0127448 ; -0.0121581 ; 101.152;
21 ; 20 ; 19 ; -0.00995523 ; 0.0179411 ; 0.00632565 ; 101.273;
4 ; 21 ; 19 ; 0.00758072 ; 0.00855573 ; 0.00781395 ; 101.625;
5 ; 21 ; 19 ; 0.00942172 ; 0.00635846 ; 0.00845945 ; 101.618;
6 ; 21 ; 19 ; 0.016552 ; -0.00208906 ; -0.0142324 ; 101.22;
7 ; 21 ; 19 ; 0.0267691 ; 0.0115496 ; 0.00498293 ; 101.308;
8 ; 21 ; 19 ; -0.00425012 ; -0.00854856 ; -0.000869818 ; 101.851;
9 ; 21 ; 19 ; 0.0136783 ; 0.00734042 ; 0.00680628 ; 101.303;
10 ; 21 ; 19 ; 0.0248373 ; -0.00694893 ; -0.00675051 ; 101.469;
11 ; 21 ; 19 ; 0.00579666 ; 0.0252359 ; 0.0101089 ; 101.682;
12 ; 21 ; 19 ; 0.0151016 ; -0.00165792 ; -0.0055551 ; 101.496;
13 ; 21 ; 19 ; 0.0185281 ; -0.0024981 ; 0.00215733 ; 101.388;
14 ; 21 ; 19 ; 0.0103492 ; 0.000791891 ; 0.00567222 ; 101.048;
15 ; 21 ; 19 ; 0.00829926 ; -0.00777233 ; 0.0114517 ; 101.818;
16 ; 21 ; 19 ; 0.0296007 ; 0.00178768 ; -0.00025051 ; 101.34;
17 ; 21 ; 19 ; 0.0238596 ; 0.00214295 ; 0.00226826 ; 101.993;
18 ; 21 ; 19 ; 0.0164898 ; -0.0116205 ; -0.0211768 ; 101.25;
19 ; 21 ; 19 ; 0.0144691 ; -0.00643023 ; -0.00871798 ; 101.879;
20 ; 21 ; 19 ; 0.0158259 ; 0.0122389 ; -0.00419975 ; 101.649;
21 ; 21 ; 19 ; 0.000816839 ; 0.0164355 ; 0.00989751 ; 102.054;
4 ; 4 ; 20 ; 0.00416852 ; -0.00201727 ; 0.00505844 ; 101.32;
5 ; 4 ; 20 ; 0.00858079 ; -0.00380479 ; 0.00219421 ; 101.288;
6 ; 4 ; 20 ; 0.0122065 ; -0.00438697 ; -0.00202229 ; 100.756;
7 ; 4 ; 20 ; 0.00956699 ; -0.010245 ; -0.00609551 ; 101.297;
8 ; 4 ; 20 ; 0.0315755 ; 0.0109139 ; 0.00595119 ; 101.476;
9 ; 4 ; 20 ; 0.00262907 ; -0.0136259 ; -0.027333 ; 101.403;
10 ; 4 ; 20 ; -0.000606014 ; 0.012251 ; -0.00995695 ; 101.872;
11 ; 4 ; 20 ; 0.0100474 ; -0.00378863 ; 0.00751239 ; 101.682;
12 ; 4 ; 20 ; 0.0250926 ; -0.00498875 ; 0.0022081 ; 101.866;
13 ; 4 ; 20 ; 0.00227809 ; -0.00851927 ; 0.0161217 ; 101.667;
14 ; 4 ; 20 ; 0.008466 ; -0.0026525 ; 0.00711408 ; 101.695;
15 ; 4 ; 20 ; -0.000642276 ; 0.00674052 ; 0.0163855 ; 101.7;
16 ; 4 ; 20 ; -0.00937659 ; -0.00821643 ; 0.0134031 ; 101.386;
17 ; 4 ; 20 ; 0.0173293 ; -0.0168283 ; -0.00787233 ; 101.312;
18 ; 4 ; 20 ; 0.0299103 ; -0.00137606 ; 0.0187877 ; 101.37;
19 ; 4 ; 20 ; 0.0016779 ; -0.00178846 ; 0.00948922 ; 100.898;
20 ; 4 ; 20 ; -0.010352 ; 0.00128878 ; 0.00254419 ; 101.514;
21 ; 4 ; 20 ; -0.00227748 ; 0.00416635 ; -0.0180585 ; 101.855;
4 ; 5 ; 20 ; 0.00462412 ; 0.0143019 ; 0.00697374 ; 101.614;
5 ; 5 ; 20 ; 0.00760164 ; -0.00945137 ; -0.000388847 ; 101.673;
6 ; 5 ; 20 ; 0.0165284 ; 0.00485845 ; -0.00345016 ; 102.024;
7 ; 5 ; 20 ; 0.0184855 ; 0.00180928 ; 0.00164861 ; 101.321;
8 ; 5 ; 20 ; 0.0108683 ; 0.000161461 ; -0.0167982 ; 101.435;
9 ; 5 ; 20 ; 0.012863 ; -0.0147599 ; 0.00863285 ; 101.76;
10 ; 5 ; 20 ; 0.0208549 ; -0.0130571 ; 0.000215508 ; 101.33;
11 ; 5 ; 20 ; 0.00513996 ; 0.00860328 ; 0.0112199 ; 101.713;
12 ; 5 ; 20 ; 0.0040874 ; -0.00576367 ; -0.00379131 ; 101.486;
13 ; 5 ; 20 ; 0.00689875 ; 0.0196274 ; 0.000690075 ; 101.737;
14 ; 5 ; 20 ; 0.00891706 ; 0.0247377 ; 0.00158559 ; 101.87;
15 ; 5 ; 20 ; 0.023194 ; 0.0119869 ; -0.00116852 ; 101.756;
16 ; 5 ; 20 ; 0.010309 ; 0.0067827 ; -0.00396075 ; 101.458;
17 ; 5 ; 20 ; -0.0067614 ; 0.013937 ; -0.0311606 ; 101.804;
18 ; 5 ; 20 ; 0.00236551 ; -0.00142372 ; 0.0111795 ; 101.139;
19 ; 5 ; 20 ; 0.0207502 ; 0.00491797 ; -0.0185638 ; 101.258;
20 ; 5 ; 20 ; 0.00680268 ; -0.00419011 ; 0.00725116 ; 100.702;
21 ; 5 ; 20 ; 0.000897305 ; -0.00160726 ; 0.00443108 ; 101.877;
4 ; 6 ; 20 ; -0.0023441 ; 0.00912055 ; 0.000686474 ; 101.892;
5 ; 6 ; 20 ; -0.00781221 ; 0.00380621 ; 0.0205261 ; 101.723;
6 ; 6 ; 20 ; 0.0174132 ; -0.00773043 ; -0.00891995 ; 101.79;
7 ; 6 ; 20 ; 0.0276472 ; -0.0222997 ; -0.00351492 ; 101.196;
8 ; 6 ; 20 ; 0.0191348 ; 0.0104287 ; -0.00952262 ; 101.191;
9 ; 6 ; 20 ; 0.0140112 ; -0.00308734 ; -0.0173529 ; 101.349;
10 ; 6 ; 20 ; 0.0176381 ; -0.011123 ; 0.00342373 ; 101.236;
11 ; 6 ; 20 ; 0.0389295 ; -0.00489135 ; 0.00493074 ; 101.766;
12 ; 6 ; 20 ; 0.0293708 ; 0.0141566 ; -0.00556848 ; 101.742;
13 ; 6 ; 20 ; 0.0248678 ; -0.0107324 ; -0.000317871 ; 101.677;
14 ; 6 ; 20 ; 0.0239294 ; 0.00252486 ; -0.00615006 ; 101.393;
15 ; 6 ; 20 ; 0.0165502 ; -0.00635548 ; 0.0202418 ; 101.366;
16 ; 6 ; 20 ; 0.0242832 ; 0.0019485 ; -0.0147006 ; 101.572;
17 ; 6 ; 20 ; 0.00512398 ; 0.0092366 ; -0.0186883 ; 101.629;
18 ; 6 ; 20 ; 0.0206547 ; 0.00487098 ; 0.0154445 ; 101.267;
19 ; 6 ; 20 ; 0.0267561 ; 0.00340405 ; 0.00437904 ; 101.714;
20 ; 6 ; 20 ; 0.0150795 ; -0.00325444 ; -0.00256147 ; 101.088;
21 ; 6 ; 20 ; 0.0128683 ; 0.0120506 ; 0.0118675 ; 101.52;
4 ; 7 ; 20 ; 0.00593868 ; 0.00326172 ; 0.0114056 ; 101.52;
5 ; 7 ; 20 ; 0.00933834 ; -0.00441844 ; 0.00369485 ; 101.515;
6 ; 7 ; 20 ; 0.00957445 ; -0.0070654 ; 0.0220017 ; 100.425;
7 ; 7 ; 20 ; 0.028464 ; 0.00460966 ; -0.0106628 ; 101.886;
8 ; 7 ; 20 ; 0.0144748 ; -0.0168944 ; -0.000105119 ; 101.49;
9 ; 7 ; 20 ; 0.0208336 ; -0.00900196 ; 0.0102253 ; 102.192;
10 ; 7 ; 20 ; 0.0104185 ; 0.00464953 ; 0.000779091 ; 101.449;
11 ; 7 ; 20 ; 0.0126112 ; 0.0139066 ; 0.00976562 ; 101.168;
12 ; 7 ; 20 ; 0.0329835 ; -0.0158554 ; -0.0142176 ; 102.338;
13 ; 7 ; 20 ; 0.0201872 ; -0.00105368 ; -0.0101043 ; 101.312;
14 ; 7 ; 20 ; 0.0128948 ; 0.0143995 ; -0.0165494 ; 101.301;
15 ; 7 ; 20 ; -0.00645652 ; 0.00470255 ; 0.0073919 ; 101.695;
16 ; 7 ; 20 ; 0.00940659 ; -0.000889811 ; -0.00641114 ; 101.087;
17 ; 7 ; 20 ; 0.0105261 ; -0.0138666 ; -0.0172482 ; 101.409;
18 ; 7 ; 20 ; 0.0014552 ; -0.00747743 ; 0.00541417 ; 101.974;
19 ; 7 ; 20 ; 0.0131201 ; 0.0140139 ; -0.00938303 ; 101.671;
20 ; 7 ; 20 ; 0.0149357 ; 0.010966 ; -0.0116989 ; 101.46;
21 ; 7 ; 20 ; 0.0213246 ; -0.00444137 ; -0.0023076 ; 101.387;
4 ; 8 ; 20 ; 0.00489918 ; 0.000936552 ; 0.0141648 ; 101.754;
5 ; 8 ; 20 ; 0.00801954 ; 0.00825821 ; 0.0197903 ; 101.423;
6 ; 8 ; 20 ; 0.00223913 ; -0.00397274 ; 0.0126666 ; 101.774;
7 ; 8 ; 20 ; 0.0112382 ; 0.0003988 ; 0.00556399 ; 101.645;
8 ; 8 ; 20 ; 0.0301646 ; 0.00439613 ; 0.00105843 ; 102.035;
9 ; 8 ; 20 ; 0.0169963 ; 0.0236209 ; -0.0124573 ; 101.281;
10 ; 8 ; 20 ; 0.0118121 ; -0.0144528 ; 0.0016974 ; 101.964;
11 ; 8 ; 20 ; 0.0102437 ; -0.00369886 ; -0.00460938 ; 100.752;
12 ; 8 ; 20 ; 0.00572584 ; -0.0110103 ; 0.0206435 ; 100.884;
13 ; 8 ; 20 ; 0.00901897 ; 0.00661709 ; -0.0139177 ; 101.148;
14 ; 8 ; 20 ; -0.0015302 ; -0.0199662 ; -0.0148258 ; 102.429;
15 ; 8 ; 20 ; 0.0328861 ; -0.00617047 ; 0.00366569 ; 101.184;
16 ; 8 ; 20 ; 0.00119899 ; -0.008114 ; 0.00111165 ; 102.188;
17 ; 8 ; 20 ; 0.0170228 ; 0.0131122 ; -0.0070477 ; 101.019;
18 ; 8 ; 20 ; 0.0238235 ; -0.0176809 ; 0.00141533 ; 101.497;
19 ; 8 ; 20 ; 0.026641 ; -0.00497774 ; 0.0115481 ; 101.738;
20 ; 8 ; 20 ; 0.00974385 ; 0.0242059 ; 0.00684106 ; 101.352;
21 ; 8 ; 20 ; 0.00782209 ; 0.0130951 ; -0.0203793 ; 101.888;
4 ; 9 ; 20 ; 0.0262384 ; 0.00739 ; -0.000918401 ; 101.913;
5 ; 9 ; 20 ; 0.00504197 ; 0.013532 ; -0.0127915 ; 100.976;
6 ; 9 ; 20 ; 0.0035651 ; 0.0259284 ; 0.00315842 ; 101.694;
7 ; 9 ; 20 ; 0.0209188 ; 0.0109741 ; -0.00222291 ; 101.839;
8 ; 9 ; 20 ; 0.00224659 ; -0.0143288 ; 0.00940846 ; 102.058;
9 ; 9 ; 20 ; 0.014187 ; 0.00269207 ; 0.00594639 ; 101.338;
10 ; 9 ; 20 ; 0.0100305 ; -0.00437923 ; 0.0281585 ; 101.575;
11 ; 9 ; 20 ; 0.0154369 ; 0.0046044 ; -0.000560272 ; 102.216;
12 ; 9 ; 20 ; 0.0172935 ; -0.0122255 ; 0.0229174 ; 101.725;
13 ; 9 ; 20 ; 0.0233583 ; -1.90491e-05 ; 0.0289629 ; 101.403;
14 ; 9 ; 20 ; 0.0197718 ; -0.021297 ; 0.00274252 ; 101.35;
15 ; 9 ; 20 ; 0.0154585 ; 0.0201251 ; -0.001131 ; 101.857;
16 ; 9 ; 20 ; 0.0211022 ; 0.00366371 ; -0.000442508 ; 102.027;
17 ; 9 ; 20 ; 0.0154951 ; -0.00448418 ; 0.00226202 ; 101.508;
18 ; 9 ; 20 ; 0.0220568 ; 0.00335459 ; 0.00945878 ; 102.378;
19 ; 9 ; 20 ; 0.0176049 ; 2.25752e-05 ; 0.000384477 ; 101.655;
20 ; 9 ; 20 ; 0.0233632 ; -0.00204042 ; 0.0108449 ; 102.055;
21 ; 9 ; 20 ; -0.0164612 ; 0.00770432 ; -0.0043561 ; 101.98;
4 ; 10 ; 20 ; -0.0158722 ; -0.0055599 ; -0.026965 ; 100.9;
5 ; 10 ; 20 ; 0.0132152 ; -0.0157823 ; -0.00106299 ; 101.568;
6 ; 10 ; 20 ; 0.00629062 ; -0.00539108 ; 0.00425782 ; 102.517;
7 ; 10 ; 20 ; 0.00128048 ; 0.00318774 ; 0.0041448 ; 101.378;
8 ; 10 ; 20 ; 0.0301191 ; 0.0031054 ; 0.00203251 ; 101.931;
9 ; 10 ; 20 ; 0.0315124 ; 0.00842545 ; 0.00531187 ; 102.33;
10 ; 10 ; 20 ; 0.0283327 ; 0.0121758 ; 0.0174189 ; 101.825;
11 ; 10 ; 20 ; 0.0191861 ; -0.00286793 ; 0.00536988 ; 101.628;
12 ; 10 ; 20 ; 0.0280085 ; 0.00252963 ; -0.0161179 ; 101.161;
13 ; 10 ; 20 ; 0.0174973 ; -0.0258689 ; -0.0161816 ; 101.197;
14 ; 10 ; 20 ; 0.0319548 ; -0.0259797 ; 0.0110653 ; 101.443;
15 ; 10 ; 20 ; 0.0145477 ; 0.00167714 ; -0.00336927 ; 101.363;
16 ; 10 ; 20 ; 0.0132329 ; 0.00203575 ; -0.0118936 ; 101.845;
17 ; 10 ; 20 ; 0.0219671 ; -0.0190166 ; -0.0232679 ; 101.804;
18 ; 10 ; 20 ; 0.0155604 ; 0.00543185 ; 0.0064484 ; 101.001;
19 ; 10 ; 20 ; -0.000355566 ; -0.00108193 ; -0.000533117 ; 102.142;
20 ; 10 ; 20 ; 0.0234546 ; 0.0149482 ; -0.00490409 ; 100.998;
21 ; 10 ; 20 ; 0.00652868 ; 0.000403177 ; -0.00974742 ; 101.722;
4 ; 11 ; 20 ; 0.0171497 ; 0.0184366 ; 0.00775689 ; 101.654;
5 ; 11 ; 20 ; 0.00137659 ; -0.00306168 ; -0.00142114 ; 101.715;
6 ; 11 ; 20 ; 0.00577337 ; -0.0135704 ; 0.00276914 ; 101.302;
7 ; 11 ; 20 ; 0.00079491 ; -0.00392289 ; -0.000359447 ; 101.814;
8 ; 11 ; 20 ; -0.00321197 ; -0.0140611 ; 0.00104572 ; 101.43;
9 ; 11 ; 20 ; 0.0189808 ; -0.00699692 ; 0.00515223 ; 102.422;
10 ; 11 ; 20 ; 0.0186238 ; 0.00414107 ; -0.00254912 ; 101.604;
11 ; 11 ; 20 ; 0.0169621 ; -0.00569679 ; 0.00146648 ; 101.678;
12 ; 11 ; 20 ; 0.0140863 ; -0.00460688 ; -0.00506418 ; 102.009;
13 ; 11 ; 20 ; 0.0336972 ; 0.00346167 ; -0.00353228 ; 101.318;
14 ; 11 ; 20 ; 0.0243777 ; -0.0109328 ; -0.00290547 ; 102.112;
15 ; 11 ; 20 ; 0.0199145 ; -0.000903032 ; -0.00543769 ; 101.865;
16 ; 11 ; 20 ; 0.0267667 ; -0.0121862 ; 0.022168 ; 101.382;
17 ; 11 ; 20 ; 0.0291378 ; -0.0222287 ; 0.00524839 ; 101.404;
18 ; 11 ; 20 ; 0.011038 ; -0.000187633 ; -0.00762143 ; 101.708;
19 ; 11 ; 20 ; 0.0189077 ; 0.00558403 ; -0.00367222 ; 101.566;
20 ; 11 ; 20 ; -0.000214306 ; -0.00339502 ; -0.00372294 ; 101.148;
21 ; 11 ; 20 ; 0.000142418 ; 0.00364956 ; -0.0215099 ; 102.018;
4 ; 12 ; 20 ; 0.0106503 ; -0.00930223 ; 0.00340483 ; 101.638;
5 ; 12 ; 20 ; 0.0126427 ; -0.012016 ; -0.00400922 ; 101.991;
6 ; 12 ; 20 ; 0.0162237 ; -0.00972238 ; -0.00308958 ; 101.194;
7 ; 12 ; 20 ; 0.0103694 ; -0.0127707 ; -0.00503453 ; 101.632;
8 ; 12 ; 20 ; 0.0121504 ; -0.00956902 ; -0.00700837 ; 101.238;
9 ; 12 ; 20 ; -0.00507104 ; -0.00642673 ; -0.0141882 ; 100.938;
10 ; 12 ; 20 ; 0.0119817 ; -0.0106728 ; -0.00774406 ; 101.581;
11 ; 12 ; 20 ; 0.0178249 ; -0.0175242 ; -0.0073122 ; 101.009;
12 ; 12 ; 20 ; 0.019464 ; 0.0238862 ; -0.00670978 ; 101.467;
13 ; 12 ; 20 ; 0.0181768 ; -0.0127466 ; -0.0125437 ; 101.856;
14 ; 12 ; 20 ; 0.0280967 ; -0.0119364 ; 0.00484737 ; 101.193;
15 ; 12 ; 20 ; 0.00306539 ; -0.0033776 ; 0.00180525 ; 101.181;
16 ; 12 ; 20 ; 0.0330144 ; -0.00372873 ; -0.017404 ; 101.41;
17 ; 12 ; 20 ; 0.0262231 ; -0.0201065 ; 0.0126107 ; 101.394;
18 ; 12 ; 20 ; 0.022281 ; -0.00693207 ; -0.00108687 ; 101.465;
19 ; 12 ; 20 ; 0.0223247 ; 0.00593833 ; 0.0316466 ; 101.586;
20 ; 12 ; 20 ; -0.00601463 ; 0.00428869 ; 0.00158289 ; 101.554;
21 ; 12 ; 20 ; -0.00547323 ; 0.000734332 ; -0.0141911 ; 101.693;
4 ; 13 ; 20 ; 0.0128293 ; -0.015225 ; -0.0152265 ; 101.36;
5 ; 13 ; 20 ; 0.0181256 ; -0.00792747 ; -0.00999537 ; 101.941;
6 ; 13 ; 20 ; 0.0154089 ; 0.0067732 ; -0.00489678 ; 102.35;
7 ; 13 ; 20 ; 0.00757419 ; -0.0176038 ; 0.0151903 ; 101.535;
8 ; 13 ; 20 ; 0.0245661 ; 0.000158734 ; 0.0070056 ; 101.739;
9 ; 13 ; 20 ; 0.0124099 ; -0.0232361 ; -0.0156695 ; 101.823;
10 ; 13 ; 20 ; 0.0250589 ; -0.0140415 ; -0.00149658 ; 100.776;
11 ; 13 ; 20 ; 0.0122881 ; -0.00241825 ; -0.00522994 ; 101.697;
12 ; 13 ; 20 ; 0.00158576 ; -0.00526503 ; 0.0160583 ; 101.442;
13 ; 13 ; 20 ; 0.000336918 ; 0.00390934 ; -0.00698925 ; 101.666;
14 ; 13 ; 20 ; 0.0136202 ; -0.00835234 ; -0.00835412 ; 101.345;
15 ; 13 ; 20 ; 0.0157752 ; -0.00989507 ; -0.00401148 ; 101.408;
16 ; 13 ; 20 ; 0.0241237 ; -0.00572049 ; -0.00189026 ; 101.495;
17 ; 13 ; 20 ; 0.00404465 ; 0.00135355 ; -0.00981382 ; 101.916;
18 ; 13 ; 20 ; -0.00330297 ; -0.0141544 ; -0.00632759 ; 101.526;
19 ; 13 ; 20 ; 0.0120466 ; -0.00061365 ; 0.0077286 ; 101.882;
20 ; 13 ; 20 ; 0.0163101 ; 0.00675822 ; -0.0010545 ; 101.424;
21 ; 13 ; 20 ; -0.00860657 ; -0.0143698 ; 0.00212011 ; 101.653;
4 ; 14 ; 20 ; 0.0170142 ; 0.00893212 ; 0.00348759 ; 101.723;
5 ; 14 ; 20 ; -0.0122145 ; -0.00906793 ; 0.0223831 ; 101.392;
6 ; 14 ; 20 ; 0.00892721 ; 0.0154881 ; 0.00376452 ; 101.619;
7 ; 14 ; 20 ; 0.0164576 ; -0.00535281 ; 0.00452288 ; 100.928;
8 ; 14 ; 20 ; 0.00512053 ; -0.0282802 ; -0.00112954 ; 101.865;
9 ; 14 ; 20 ; -0.005229 ; -0.00793332 ; -0.0168051 ; 101.544;
10 ; 14 ; 20 ; 0.0288111 ; 0.0118995 ; -0.0152581 ; 101.745;
11 ; 14 ; 20 ; 0.0241387 ; -0.00377203 ; -0.0270346 ; 101.733;
12 ; 14 ; 20 ; 0.0116022 ; 0.0124553 ; -0.00980928 ; 101.571;
13 ; 14 ; 20 ; 0.0240457 ; -0.026131 ; 0.0112859 ; 101.461;
14 ; 14 ; 20 ; 0.0289621 ; 0.0112738 ; 0.0126685 ; 101.203;
15 ; 14 ; 20 ; 0.0315923 ; 0.00670075 ; 0.0142176 ; 101.201;
16 ; 14 ; 20 ; -0.0010285 ; -0.00806475 ; -0.00502857 ; 101.778;
17 ; 14 ; 20 ; 0.0163468 ; 0.00274459 ; 0.00743071 ; 101.38;
18 ; 14 ; 20 ; 0.0141132 ; 0.002527 ; -0.0202017 ; 101.749;
19 ; 14 ; 20 ; 0.00930942 ; 0.00676431 ; -0.0104387 ; 101.337;
20 ; 14 ; 20 ; -0.00736704 ; -0.00230088 ; -0.0197887 ; 101.224;
21 ; 14 ; 20 ; -0.00977274 ; 0.003507 ; 0.00584872 ; 101.794;
4 ; 15 ; 20 ; 0.0163202 ; 0.0117426 ; 0.0195992 ; 101.06;
5 ; 15 ; 20 ; 0.0204728 ; 0.0096245 ; 0.0119147 ; 101.61;
6 ; 15 ; 20 ; 0.00190014 ; 0.00739807 ; 0.0092364 ; 102.13;
7 ; 15 ; 20 ; 0.00973425 ; -0.0058607 ; -0.00728281 ; 101.897;
8 ; 15 ; 20 ; -0.00689031 ; -0.00118894 ; -0.0127515 ; 101.762;
9 ; 15 ; 20 ; 0.00122774 ; -0.00872584 ; -0.0102036 ; 101.645;
10 ; 15 ; 20 ; 0.025157 ; -0.00862218 ; -0.0107902 ; 101.554;
11 ; 15 ; 20 ; 0.0192675 ; 0.00829461 ; -0.00542083 ; 101.319;
12 ; 15 ; 20 ; 0.0246295 ; 0.0219832 ; 0.00563076 ; 101.28;
13 ; 15 ; 20 ; 0.0291279 ; 0.000930939 ; 0.0202761 ; 101.174;
14 ; 15 ; 20 ; 0.0036011 ; 0.000420335 ; -0.00101336 ; 101.748;
15 ; 15 ; 20 ; 0.0177272 ; 0.00790031 ; 0.0106631 ; 101.617;
16 ; 15 ; 20 ; 0.00786315 ; 0.010857 ; 0.0156138 ; 102.032;
17 ; 15 ; 20 ; 0.013837 ; -0.00626364 ; 0.00276886 ; 102.086;
18 ; 15 ; 20 ; 0.0200074 ; -0.00456623 ; -0.0116546 ; 101.229;
19 ; 15 ; 20 ; 0.0157837 ; -0.0134522 ; -0.0168736 ; 101.973;
20 ; 15 ; 20 ; 0.0193889 ; -0.0120157 ; -0.00895582 ; 101.451;
21 ; 15 ; 20 ; 0.00549718 ; 0.00145669 ; -0.0173131 ; 101.367;
4 ; 16 ; 20 ; 0.00289699 ; 0.0156691 ; -0.011376 ; 102.152;
5 ; 16 ; 20 ; -0.00227439 ; 0.00963513 ; 0.0130931 ; 101.715;
6 ; 16 ; 20 ; 0.0120394 ; -0.00492394 ; 0.00116702 ; 101.868;
7 ; 16 ; 20 ; 0.0199608 ; -0.00609646 ; 0.000278177 ; 101.523;
8 ; 16 ; 20 ; 0.0264344 ; -0.00329074 ; 0.00121702 ; 102.227;
9 ; 16 ; 20 ; 0.0259609 ; -0.00731592 ; 0.00532527 ; 101.399;
10 ; 16 ; 20 ; -0.00282046 ; 0.00339304 ; 0.0046148 ; 101.561;
11 ; 16 ; 20 ; -0.00705254 ; -0.00907183 ; -0.010759 ; 101.787;
12 ; 16 ; 20 ; 0.0153403 ; 0.0163305 ; 0.0013419 ; 100.881;
13 ; 16 ; 20 ; 0.0140273 ; 0.0203115 ; 0.00359027 ; 101.361;
14 ; 16 ; 20 ; 0.0284258 ; 0.00196281 ; 0.00239 ; 101.608;
15 ; 16 ; 20 ; 0.0131823 ; -0.00212711 ; 0.00146263 ; 101.457;
16 ; 16 ; 20 ; 0.00390662 ; 0.00433055 ; -0.0168432 ; 102.007;
17 ; 16 ; 20 ; 0.0250074 ; 0.00107147 ; 0.013105 ; 101.382;
18 ; 16 ; 20 ; 0.0135494 ; 0.00101956 ; -0.00701762 ; 101.382;
19 ; 16 ; 20 ; 0.00627615 ; 0.00663282 ; -0.00683904 ; 101.377;
20 ; 16 ; 20 ; 0.013854 ; 0.0103378 ; 0.020137 ; 101.104;
21 ; 16 ; 20 ; 0.00691325 ; -0.00982589 ; -0.00312814 ; 101.694;
4 ; 17 ; 20 ; 0.0163675 ; 0.00857325 ; 0.00814419 ; 101.411;
5 ; 17 ; 20 ; -0.00249678 ; -0.00145021 ; 0.0187457 ; 101.246;
6 ; 17 ; 20 ; 0.00965828 ; -0.0078905 ; -0.00599736 ; 101.153;
7 ; 17 ; 20 ; 0.0263751 ; -0.0107841 ; 8.68037e-05 ; 101.572;
8 ; 17 ; 20 ; 0.0120826 ; -0.0104285 ; 0.0121042 ; 101.11;
9 ; 17 ; 20 ; 0.0301767 ; 0.0201456 ; -0.0019958 ; 101.161;
10 ; 17 ; 20 ; 0.0197983 ; 0.0200935 ; 0.00757781 ; 102.036;
11 ; 17 ; 20 ; 0.00173569 ; -0.00862956 ; 0.00646109 ; 101.606;
12 ; 17 ; 20 ; 0.00601384 ; 0.0127324 ; -0.00327902 ; 101.391;
13 ; 17 ; 20 ; 0.00168457 ; -0.00308506 ; 0.00170123 ; 101.95;
14 ; 17 ; 20 ; 0.0236093 ; 0.00927804 ; -0.00892696 ; 102.126;
15 ; 17 ; 20 ; 0.0201933 ; -0.00197575 ; -0.00848035 ; 101.889;
16 ; 17 ; 20 ; 0.00240629 ; 0.00476837 ; -0.00159732 ; 101.974;
17 ; 17 ; 20 ; -0.00721563 ; 0.00379554 ; 0.00382967 ; 101.176;
18 ; 17 ; 20 ; 0.00711091 ; 0.0164542 ; -0.00439406 ; 101.795;
19 ; 17 ; 20 ; 0.00423572 ; 0.00885992 ; -0.0275391 ; 102.026;
20 ; 17 ; 20 ; 0.0344085 ; 0.0074322 ; 0.0111641 ; 101.859;
21 ; 17 ; 20 ; -0.0062452 ; 0.00670572 ; 0.00749585 ; 101.69;
4 ; 18 ; 20 ; -0.00433933 ; 0.0142581 ; -0.00921029 ; 101.349;
5 ; 18 ; 20 ; 0.00690753 ; -0.0184019 ; 0.0034779 ; 101.051;
6 ; 18 ; 20 ; 0.00706422 ; -0.00847244 ; -0.000845887 ; 101.717;
7 ; 18 ; 20 ; 0.00922918 ; -0.0174007 ; -0.00102071 ; 101.228;
8 ; 18 ; 20 ; 0.0259413 ; 0.00447228 ; 0.0127226 ; 101.105;
9 ; 18 ; 20 ; 0.0110669 ; -0.00831615 ; -0.0141354 ; 101.851;
10 ; 18 ; 20 ; 0.0324503 ; -0.00648432 ; -0.00944374 ; 101.192;
11 ; 18 ; 20 ; 0.0316654 ; 0.0161818 ; 0.0104447 ; 100.794;
12 ; 18 ; 20 ; 0.0099192 ; 0.0117211 ; 0.011858 ; 101.526;
13 ; 18 ; 20 ; 0.0131618 ; 0.00527924 ; -0.0230159 ; 101.998;
14 ; 18 ; 20 ; 0.0170189 ; 0.00288986 ; 0.00165959 ; 101.719;
15 ; 18 ; 20 ; 0.017223 ; -0.0098983 ; -0.0134403 ; 101.418;
16 ; 18 ; 20 ; 0.0156636 ; -0.000103885 ; 0.000540442 ; 101.45;
17 ; 18 ; 20 ; -0.00049301 ; -0.00626999 ; -0.00420537 ; 100.908;
18 ; 18 ; 20 ; -0.00258406 ; 0.0207303 ; -0.00759737 ; 101.529;
19 ; 18 ; 20 ; 0.0119114 ; -0.0191873 ; 0.00927865 ; 102.132;
20 ; 18 ; 20 ; 0.00301482 ; -0.00655711 ; 0.00504125 ; 101.743;
21 ; 18 ; 20 ; 0.00868919 ; 0.0118821 ; -0.0107678 ; 101.317;
4 ; 19 ; 20 ; -0.00565703 ; -0.012935 ; 0.00996625 ; 101.432;
5 ; 19 ; 20 ; 0.000610288 ; -0.00559439 ; 0.022536 ; 101.328;
6 ; 19 ; 20 ; 0.0185237 ; -0.00545047 ; 0.0027969 ; 101.202;
7 ; 19 ; 20 ; 0.0107727 ; -0.00668049 ; 0.0173733 ; 101.982;
8 ; 19 ; 20 ; 0.00631308 ; 0.0112352 ; 0.0141368 ; 100.831;
9 ; 19 ; 20 ; 0.00630234 ; 0.00931801 ; -0.00377242 ; 101.804;
10 ; 19 ; 20 ; 0.0149499 ; -0.0209028 ; -0.0108482 ; 101.235;
11 ; 19 ; 20 ; 0.0195923 ; 0.00593894 ; -0.00869134 ; 101.184;
12 ; 19 ; 20 ; 0.0123143 ; 0.0076779 ; 0.000519835 ; 100.837;
13 ; 19 ; 20 ; 0.00865706 ; -4.70322e-05 ; -0.00308146 ; 102.196;
14 ; 19 ; 20 ; 0.0246339 ; 0.00274815 ; -0.00658699 ; 101.383;
15 ; 19 ; 20 ; 0.017091 ; -0.0171946 ; 0.00615555 ; 101.294;
16 ; 19 ; 20 ; 0.00378084 ; 0.00304147 ; 0.00627042 ; 101.526;
17 ; 19 ; 20 ; 0.0040191 ; -0.00484298 ; 0.00424005 ; 101.3;
18 ; 19 ; 20 ; 0.0209936 ; 0.0034645 ; -0.00103944 ; 101.289;
19 ; 19 ; 20 ; 0.00622462 ; 0.0147836 ; -0.00863713 ; 101.486;
20 ; 19 ; 20 ; -0.0091572 ; 0.0088841 ; -0.0117501 ; 101.251;
21 ; 19 ; 20 ; -0.00605188 ; 0.00821974 ; -0.0043894 ; 101.662;
4 ; 20 ; 20 ; 0.0111953 ; -0.00331385 ; 0.00495873 ; 101.672;
5 ; 20 ; 20 ; 0.0116206 ; -0.00440425 ; -0.00460357 ; 101.339;
6 ; 20 ; 20 ; 0.0091203 ; -0.00850854 ; 0.0119594 ; 101.97;
7 ; 20 ; 20 ; -0.00375 ; -0.00815608 ; -0.00692269 ; 101.552;
8 ; 20 ; 20 ; 0.0160696 ; -0.00259341 ; -0.017355 ; 101.702;
9 ; 20 ; 20 ; 0.0362139 ; 0.00936353 ; -0.004251 ; 100.96;
10 ; 20 ; 20 ; 0.0137046 ; -0.0333655 ; -0.00968854 ; 101.131;
11 ; 20 ; 20 ; 0.0029478 ; 0.00932197 ; -0.0237394 ; 101.35;
12 ; 20 ; 20 ; -0.000849687 ; 0.00217516 ; -0.0077639 ; 101.824;
13 ; 20 ; 20 ; 0.0236726 ; 0.00432064 ; 0.000869078 ; 102.225;
14 ; 20 ; 20 ; 0.0182685 ; 0.0161388 ; 0.000488199 ; 101.494;
15 ; 20 ; 20 ; -0.00265895 ; 0.0126232 ; 0.00101736 ; 101.86;
16 ; 20 ; 20 ; 0.00602802 ; 0.0211518 ; 0.00565237 ; 101.877;
17 ; 20 ; 20 ; -0.00482092 ; 0.00675575 ; -0.00529447 ; 101.061;
18 ; 20 ; 20 ; 0.0147417 ; -6.61853e-05 ; 0.00941451 ; 101.598;
19 ; 20 ; 20 ; 0.0146705 ; 0.0102759 ; -0.00345895 ; 101.655;
20 ; 20 ; 20 ; 0.0175876 ; -0.0118759 ; -0.0164428 ; 101.437;
21 ; 20 ; 20 ; -0.00245027 ; 0.00383796 ; -0.00307015 ; 102.155;
4 ; 21 ; 20 ; -0.00668612 ; -0.010208 ; -0.00865613 ; 101.236;
5 ; 21 ; 20 ; 0.00206663 ; -0.0137595 ; -0.0163975 ; 100.663;
6 ; 21 ; 20 ; 0.00153046 ; -0.0143564 ; -0.00750942 ; 101.485;
7 ; 21 ; 20 ; 0.00395423 ; 0.0072984 ; 0.000384932 ; 102.393;
8 ; 21 ; 20 ; -0.0111465 ; 0.00132652 ; -0.0010996 ; 101.435;
9 ; 21 ; 20 ; -0.00274343 ; 0.00947537 ; 0.0191885 ; 101.753;
10 ; 21 ; 20 ; 0.00328387 ; -0.0013768 ; 0.0155785 ; 101.455;
11 ; 21 ; 20 ; 0.0145228 ; -0.0228895 ; -0.00295826 ; 101.898;
12 ; 21 ; 20 ; 0.0321874 ; -0.00684189 ; -0.00510412 ; 101.798;
13 ; 21 ; 20 ; -0.000984918 ; -0.000648022 ; 0.00382633 ; 101.606;
14 ; 21 ; 20 ; -0.00180858 ; -0.00436783 ; 0.00010306 ; 102.043;
15 ; 21 ; 20 ; 0.0039649 ; -0.00808691 ; -0.0187633 ; 100.557;
16 ; 21 ; 20 ; 0.00695137 ; 0.00626114 ; -0.00410662 ; 101.854;
17 ; 21 ; 20 ; 0.0117047 ; 0.0319818 ; -0.00886635 ; 101.944;
18 ; 21 ; 20 ; 0.0171863 ; -0.010891 ; -0.0204313 ; 101.459;
19 ; 21 ; 20 ; -0.00122377 ; -0.00638983 ; 0.00697621 ; 101.587;
20 ; 21 ; 20 ; 0.0161277 ; -0.0201561 ; -0.00045415 ; 101.44;
21 ; 21 ; 20 ; 0.0044324 ; 0.0105665 ; -0.00468906 ; 101.479;
4 ; 4 ; 21 ; 0.00259865 ; -0.000744675 ; -0.00899977 ; 101.655;
5 ; 4 ; 21 ; 0.00484883 ; 0.000969202 ; 0.000635293 ; 101.89;
6 ; 4 ; 21 ; -0.000670919 ; -0.00854517 ; 0.0150634 ; 101.775;
7 ; 4 ; 21 ; 0.0067184 ; -0.0121856 ; -0.00573226 ; 102.315;
8 ; 4 ; 21 ; 0.0132122 ; -0.00606054 ; 0.00809467 ; 101.532;
9 ; 4 ; 21 ; 0.0340162 ; -0.0157391 ; -0.00578992 ; 101.771;
10 ; 4 ; 21 ; 0.0166851 ; -0.00607829 ; 0.00220554 ; 101.076;
11 ; 4 ; 21 ; 0.0190184 ; 0.0148473 ; -0.00451264 ; 101.811;
12 ; 4 ; 21 ; -0.000377668 ; 0.00598341 ; 0.0124847 ; 101.871;
13 ; 4 ; 21 ; 0.00970757 ; -0.0104743 ; 0.00217285 ; 101.268;
14 ; 4 ; 21 ; 0.0161908 ; 0.00128696 ; 0.000363478 ; 101.613;
15 ; 4 ; 21 ; 0.0312749 ; -0.0071125 ; 0.0121796 ; 101.951;
16 ; 4 ; 21 ; 0.0199953 ; -0.00538078 ; 0.00207886 ; 101.194;
17 ; 4 ; 21 ; 0.0283685 ; 0.00610478 ; -0.00898153 ; 101.972;
18 ; 4 ; 21 ; 0.0251888 ; 0.00227181 ; -0.00650326 ; 101.146;
19 ; 4 ; 21 ; 0.0243555 ; 0.00854598 ; -0.0109401 ; 101.487;
20 ; 4 ; 21 ; 0.015661 ; 0.000351779 ; -0.0111504 ; 101.765;
21 ; 4 ; 21 ; 0.00807031 ; 0.0124797 ; 0.00906388 ; 101.026;
4 ; 5 ; 21 ; 0.00562257 ; 0.00341025 ; 0.002949 ; 101.542;
5 ; 5 ; 21 ; -0.0113277 ; 0.00129396 ; -0.000458062 ; 101.154;
6 ; 5 ; 21 ; 0.0245289 ; -0.00138231 ; 0.0118559 ; 100.99;
7 ; 5 ; 21 ; 0.0286598 ; 0.00821401 ; 0.0114228 ; 101.477;
8 ; 5 ; 21 ; 0.012298 ; -0.0177274 ; 0.00315421 ; 101.156;
9 ; 5 ; 21 ; 0.0198848 ; -0.00844591 ; -0.0102394 ; 101.259;
10 ; 5 ; 21 ; 0.0121141 ; -0.00279537 ; -0.00217258 ; 101.031;
11 ; 5 ; 21 ; 0.0206764 ; 0.00694562 ; 0.0201397 ; 101.32;
12 ; 5 ; 21 ; 0.0152797 ; 0.0190803 ; -0.00402892 ; 100.81;
13 ; 5 ; 21 ; 0.0138172 ; 0.00152867 ; -0.00370368 ; 101.745;
14 ; 5 ; 21 ; 0.0237824 ; -0.00525001 ; 0.0159583 ; 101.317;
15 ; 5 ; 21 ; 0.0310539 ; -0.00574563 ; 0.00618678 ; 101.1;
16 ; 5 ; 21 ; 0.00947625 ; 0.00635224 ; 0.0142608 ; 101.508;
17 ; 5 ; 21 ; -0.00538156 ; -0.00230823 ; -0.0101162 ; 101.7;
18 ; 5 ; 21 ; 0.0222655 ; -0.00257262 ; 0.00200423 ; 101.327;
19 ; 5 ; 21 ; 0.0194209 ; -0.014021 ; -0.00950125 ; 101.321;
20 ; 5 ; 21 ; 0.00625348 ; -0.00793304 ; -0.00593033 ; 101.258;
21 ; 5 ; 21 ; 0.0107904 ; -0.0218817 ; 0.0093832 ; 100.643;
4 ; 6 ; 21 ; -0.00406347 ; -0.00216349 ; 0.0024992 ; 101.595;
5 ; 6 ; 21 ; -0.00317144 ; 0.00103417 ; 0.0138904 ; 101.273;
6 ; 6 ; 21 ; 0.00210373 ; -0.00446317 ; 0.00672696 ; 101.591;
7 ; 6 ; 21 ; 0.0107439 ; 0.000209496 ; 0.0125269 ; 100.919;
8 ; 6 ; 21 ; 0.011203 ; 0.0091604 ; -0.00542936 ; 101.616;
9 ; 6 ; 21 ; 0.0175809 ; 0.00262328 ; -0.0136378 ; 101.013;
10 ; 6 ; 21 ; 0.0183888 ; 0.0081529 ; -0.00737191 ; 101.445;
11 ; 6 ; 21 ; 0.0394833 ; 0.0036809 ; -0.00330508 ; 101.382;
12 ; 6 ; 21 ; 0.0214714 ; 0.0147047 ; 0.00529449 ; 101.41;
13 ; 6 ; 21 ; 0.0179559 ; -0.0131074 ; 0.0179203 ; 101.513;
14 ; 6 ; 21 ; 0.00722451 ; 0.0272976 ; 0.00433186 ; 101.567;
15 ; 6 ; 21 ; 0.010597 ; 0.00579877 ; -0.0112309 ; 102.023;
16 ; 6 ; 21 ; 0.0178096 ; 0.00538958 ; -0.000900449 ; 101.468;
17 ; 6 ; 21 ; 0.00989428 ; -0.00875495 ; 0.00294972 ; 101.101;
18 ; 6 ; 21 ; 0.0035908 ; 0.00977834 ; 0.00239923 ; 101.542;
19 ; 6 ; 21 ; 0.0141073 ; 0.0138834 ; -0.00206828 ; 101.814;
20 ; 6 ; 21 ; 0.0348033 ; 0.0118274 ; -0.0123942 ; 101.432;
21 ; 6 ; 21 ; 0.010551 ; -0.0160107 ; 0.00429085 ; 101.772;
4 ; 7 ; 21 ; 0.00334326 ; -0.000878842 ; 0.0067301 ; 101.629;
5 ; 7 ; 21 ; 0.0144422 ; -0.00894021 ; 0.00784552 ; 101.449;
6 ; 7 ; 21 ; -0.00528477 ; -0.0182923 ; 0.000132826 ; 101.149;
7 ; 7 ; 21 ; 0.0178044 ; 0.00566429 ; 0.00374483 ; 101.733;
8 ; 7 ; 21 ; 0.0277635 ; 0.00482094 ; 0.00301253 ; 101.938;
9 ; 7 ; 21 ; 0.0100063 ; -0.00128519 ; 0.00732554 ; 100.812;
10 ; 7 ; 21 ; 0.0116443 ; 0.00273495 ; -0.00192985 ; 101.91;
11 ; 7 ; 21 ; 0.020214 ; 0.000291168 ; -0.0122488 ; 101.96;
12 ; 7 ; 21 ; 0.0167454 ; -0.00355267 ; -0.00118908 ; 101.222;
13 ; 7 ; 21 ; 0.0107699 ; -0.00508601 ; 0.0144245 ; 101.271;
14 ; 7 ; 21 ; 0.0091898 ; 0.00401171 ; 0.00151227 ; 101.755;
15 ; 7 ; 21 ; 0.0269462 ; 0.0112869 ; -0.00288584 ; 101.269;
16 ; 7 ; 21 ; 0.0190066 ; -0.017006 ; -0.00954334 ; 101.537;
17 ; 7 ; 21 ; 0.0160085 ; -0.0188425 ; 0.01323 ; 101.157;
18 ; 7 ; 21 ; 0.00613912 ; 0.0113278 ; 0.00204151 ; 101.989;
19 ; 7 ; 21 ; 0.0237399 ; -0.00572019 ; 0.00561017 ; 101.099;
20 ; 7 ; 21 ; 0.0114349 ; -0.0034496 ; -0.0265557 ; 102.444;
21 ; 7 ; 21 ; 0.00774425 ; 0.000284655 ; -0.000265034 ; 101.393;
4 ; 8 ; 21 ; 0.0260401 ; 0.0140473 ; -0.00237677 ; 100.39;
5 ; 8 ; 21 ; 0.0204193 ; -0.00367266 ; -0.00264998 ; 100.818;
6 ; 8 ; 21 ; 0.0103941 ; 0.00644997 ; -0.00610559 ; 101.659;
7 ; 8 ; 21 ; 0.00661962 ; 0.00877651 ; -0.00773639 ; 100.86;
8 ; 8 ; 21 ; 0.0107879 ; -0.0257706 ; 0.000978473 ; 101.611;
9 ; 8 ; 21 ; 0.0291578 ; -0.0112062 ; -0.0207748 ; 101.105;
10 ; 8 ; 21 ; 0.0210862 ; -0.00767068 ; 0.00912962 ; 101.534;
11 ; 8 ; 21 ; 0.0122071 ; 0.00692093 ; 0.00204349 ; 101.601;
12 ; 8 ; 21 ; -0.00263219 ; -0.00578025 ; 0.00970781 ; 101.36;
13 ; 8 ; 21 ; 0.0209238 ; 0.0120406 ; 0.00379209 ; 101.272;
14 ; 8 ; 21 ; 0.0303945 ; 0.00401443 ; -0.00166548 ; 100.821;
15 ; 8 ; 21 ; 0.0323931 ; -0.0109545 ; 0.0155885 ; 101.418;
16 ; 8 ; 21 ; 0.0145213 ; 0.00613108 ; 0.0101645 ; 101.748;
17 ; 8 ; 21 ; 0.00383982 ; -0.00740427 ; -0.022746 ; 101.234;
18 ; 8 ; 21 ; 0.0140628 ; 0.0110367 ; 0.00981839 ; 101.725;
19 ; 8 ; 21 ; 0.0197796 ; -0.00459692 ; 0.0139778 ; 101.505;
20 ; 8 ; 21 ; 0.0130498 ; -0.0110389 ; 0.00513986 ; 101.049;
21 ; 8 ; 21 ; 0.0121051 ; 0.00299072 ; -0.00901072 ; 101.36;
4 ; 9 ; 21 ; 0.015417 ; 0.00596687 ; 0.0184159 ; 101.89;
5 ; 9 ; 21 ; -0.00188531 ; 0.0127368 ; -0.00930192 ; 101.661;
6 ; 9 ; 21 ; 0.00786476 ; 0.00924039 ; 0.000685534 ; 101.615;
7 ; 9 ; 21 ; 0.00682112 ; 0.00949586 ; -0.00135985 ; 101.815;
8 ; 9 ; 21 ; 0.019135 ; -0.0122305 ; -0.0227326 ; 101.785;
9 ; 9 ; 21 ; 0.0255156 ; -0.00511286 ; 0.00866556 ; 101.775;
10 ; 9 ; 21 ; 0.0337826 ; 0.00544861 ; 0.00311863 ; 101.432;
11 ; 9 ; 21 ; 0.0343783 ; -0.00388339 ; 0.0120606 ; 101.547;
12 ; 9 ; 21 ; 0.0224653 ; 0.00117723 ; -0.00157748 ; 101.278;
13 ; 9 ; 21 ; -0.000941619 ; -0.00375503 ; 0.00773375 ; 101.543;
14 ; 9 ; 21 ; 0.00611271 ; 0.0052698 ; 0.010622 ; 101.897;
15 ; 9 ; 21 ; 0.00799592 ; 0.0157163 ; -0.0145576 ; 101.473;
16 ; 9 ; 21 ; 0.0114318 ; 0.0365696 ; 0.0222972 ; 100.867;
17 ; 9 ; 21 ; 0.017517 ; 0.0195189 ; 0.00967601 ; 102.02;
18 ; 9 ; 21 ; 0.00763187 ; 0.0182395 ; -0.00573408 ; 101.501;
19 ; 9 ; 21 ; 0.0210238 ; 0.00182201 ; -0.0209764 ; 101.75;
20 ; 9 ; 21 ; 0.0197839 ; 0.00615417 ; 0.0141041 ; 101.335;
21 ; 9 ; 21 ; 0.0255288 ; -0.0278114 ; 0.0177612 ; 101.63;
4 ; 10 ; 21 ; -0.00941338 ; 0.00113258 ; 0.00874897 ; 101.203;
5 ; 10 ; 21 ; -0.00287112 ; 0.00349686 ; 0.00289535 ; 100.869;
6 ; 10 ; 21 ; 0.000678744 ; 0.0156789 ; 0.01357 ; 101.783;
7 ; 10 ; 21 ; 0.0448902 ; 0.00670074 ; 0.00956147 ; 101.458;
8 ; 10 ; 21 ; 0.0271829 ; -0.0201517 ; 0.00322997 ; 102.565;
9 ; 10 ; 21 ; 0.0322 ; 0.00784907 ; 0.00486229 ; 101.139;
10 ; 10 ; 21 ; 0.0251693 ; 0.00334496 ; 0.0110194 ; 101.556;
11 ; 10 ; 21 ; -0.0113564 ; -0.0226914 ; 0.0045662 ; 101.341;
12 ; 10 ; 21 ; 0.0130298 ; -0.00543485 ; 0.0335551 ; 101.622;
13 ; 10 ; 21 ; 0.0107147 ; 0.0169328 ; -0.0100057 ; 101.528;
14 ; 10 ; 21 ; 0.019612 ; -0.00747727 ; -0.000619825 ; 101.361;
15 ; 10 ; 21 ; 0.0151522 ; -0.00737716 ; -0.00587092 ; 101.202;
16 ; 10 ; 21 ; 0.00632873 ; 0.00637966 ; 0.0170415 ; 101.505;
17 ; 10 ; 21 ; 0.011626 ; 0.00798573 ; -0.00312258 ; 100.743;
18 ; 10 ; 21 ; -0.0060699 ; 0.0140428 ; 0.000303131 ; 101.424;
19 ; 10 ; 21 ; 0.00305634 ; 0.00261819 ; 0.00659109 ; 100.716;
20 ; 10 ; 21 ; 0.0162296 ; -0.00194401 ; -0.0206511 ; 102.63;
21 ; 10 ; 21 ; 0.0156039 ; 0.0155186 ; -0.0156467 ; 101.525;
4 ; 11 ; 21 ; 0.00424812 ; 0.00240116 ; 0.0120216 ; 101.725;
5 ; 11 ; 21 ; 0.0169665 ; 0.00310883 ; -0.0116885 ; 101.533;
6 ; 11 ; 21 ; 0.0122707 ; -0.00977387 ; -0.0179943 ; 101.825;
7 ; 11 ; 21 ; 0.0352714 ; -0.0165332 ; -0.0109786 ; 101.974;
8 ; 11 ; 21 ; 0.0266886 ; -0.00312574 ; -0.00859988 ; 101.718;
9 ; 11 ; 21 ; -8.96044e-05 ; 0.000932235 ; -0.00729736 ; 101.697;
10 ; 11 ; 21 ; 0.0118503 ; -0.00544429 ; 0.0185725 ; 102.175;
11 ; 11 ; 21 ; 0.0327036 ; 0.0167388 ; -0.0202261 ; 102.186;
12 ; 11 ; 21 ; 0.0109532 ; -0.0157044 ; 0.00496928 ; 101.442;
13 ; 11 ; 21 ; 0.00525047 ; -0.000944605 ; 0.000687804 ; 101.379;
14 ; 11 ; 21 ; 0.0223927 ; -0.00690403 ; -0.00482324 ; 101.562;
15 ; 11 ; 21 ; 0.0259665 ; -0.00985221 ; -0.00335631 ; 101.726;
16 ; 11 ; 21 ; 0.00395617 ; 0.00448309 ; -0.00546771 ; 101.724;
17 ; 11 ; 21 ; 0.0133626 ; -0.0114019 ; -0.0107037 ; 101.922;
18 ; 11 ; 21 ; 0.0249865 ; -0.00385372 ; -0.0117239 ; 101.523;
19 ; 11 ; 21 ; 0.0335394 ; 0.000939774 ; -0.000713199 ; 101.267;
20 ; 11 ; 21 ; 0.00595399 ; -0.000203659 ; 0.00445582 ; 101.379;
21 ; 11 ; 21 ; 0.00786151 ; 0.00990638 ; 0.00767328 ; 101.712;
4 ; 12 ; 21 ; 0.0070492 ; -0.00258095 ; -0.000134538 ; 101.074;
5 ; 12 ; 21 ; 0.00819551 ; 0.0122025 ; 0.00845355 ; 101.035;
6 ; 12 ; 21 ; 0.0261075 ; -0.00766684 ; 0.00477835 ; 101.217;
7 ; 12 ; 21 ; -4.39188e-05 ; -0.0205194 ; 0.012252 ; 101.305;
8 ; 12 ; 21 ; -0.0114874 ; -0.00762507 ; -0.0126327 ; 101.081;
9 ; 12 ; 21 ; 0.00315449 ; -0.00885715 ; 0.00101535 ; 101.478;
10 ; 12 ; 21 ; 0.0244162 ; 0.0245871 ; -0.0118477 ; 101.307;
11 ; 12 ; 21 ; 0.0142011 ; -0.0015934 ; -8.45595e-05 ; 101.418;
12 ; 12 ; 21 ; 0.0262481 ; 0.00966464 ; 0.000498575 ; 101.286;
13 ; 12 ; 21 ; 0.0116742 ; -0.00607133 ; 0.000138302 ; 100.974;
14 ; 12 ; 21 ; 0.01892 ; 0.0123948 ; -0.00240191 ; 101.519;
15 ; 12 ; 21 ; 0.0113699 ; 0.00217979 ; 0.00762766 ; 101.475;
16 ; 12 ; 21 ; 0.0188669 ; 0.00354196 ; -0.00895646 ; 101.149;
17 ; 12 ; 21 ; 0.0156795 ; -0.00556936 ; 0.00958337 ; 101.189;
18 ; 12 ; 21 ; 0.0142256 ; 0.00517508 ; 0.00624482 ; 101.784;
19 ; 12 ; 21 ; 0.0176869 ; -0.00439699 ; 0.0112842 ; 101.652;
20 ; 12 ; 21 ; 0.000109079 ; -0.00959709 ; 0.00436026 ; 101.422;
21 ; 12 ; 21 ; 0.00114607 ; -0.0116692 ; 0.0254402 ; 102.088;
4 ; 13 ; 21 ; 0.00946952 ; 0.00430515 ; -0.00776039 ; 101.826;
5 ; 13 ; 21 ; 0.0229939 ; -0.00432634 ; -0.00153959 ; 101.282;
6 ; 13 ; 21 ; 0.0081056 ; -0.0187593 ; -0.0169018 ; 101.382;
7 ; 13 ; 21 ; 0.0293922 ; -0.00657986 ; 0.0168922 ; 102.16;
8 ; 13 ; 21 ; 0.0352541 ; -0.00796501 ; 0.010009 ; 101.468;
9 ; 13 ; 21 ; 0.00848745 ; -0.0032127 ; -0.0147167 ; 101.312;
10 ; 13 ; 21 ; 0.0237797 ; 0.0165527 ; -0.0160022 ; 101.038;
11 ; 13 ; 21 ; 0.0200758 ; 0.0173087 ; -0.00622533 ; 101.479;
12 ; 13 ; 21 ; 0.0162201 ; 0.0124454 ; 0.0162209 ; 102.391;
13 ; 13 ; 21 ; 0.0269212 ; 0.0152808 ; -0.000505981 ; 101.675;
14 ; 13 ; 21 ; 0.0144497 ; -0.00400089 ; -0.0341532 ; 101.473;
15 ; 13 ; 21 ; 0.012697 ; -0.00832409 ; -0.00066958 ; 101.935;
16 ; 13 ; 21 ; 0.00938023 ; 0.00540037 ; 0.00522089 ; 101.609;
17 ; 13 ; 21 ; 0.0109344 ; 0.0128262 ; 0.00401079 ; 101.618;
18 ; 13 ; 21 ; -0.000134578 ; 0.00404668 ; -0.0042837 ; 101.452;
19 ; 13 ; 21 ; 0.0156125 ; 0.00615755 ; -0.0155238 ; 102.083;
20 ; 13 ; 21 ; -0.00171546 ; 0.00344378 ; 0.0091409 ; 101.478;
21 ; 13 ; 21 ; 0.0124763 ; 0.0112108 ; 0.00154371 ; 101.097;
4 ; 14 ; 21 ; -0.00413587 ; 0.00113346 ; 0.00056311 ; 101.623;
5 ; 14 ; 21 ; -0.00271081 ; -0.00774318 ; -0.0328976 ; 101.648;
6 ; 14 ; 21 ; 0.0124118 ; -0.00780898 ; 0.00387091 ; 102.06;
7 ; 14 ; 21 ; 0.0317646 ; 0.00717966 ; 0.00155746 ; 101.129;
8 ; 14 ; 21 ; 0.0248117 ; -0.0256635 ; 0.0009706 ; 101.225;
9 ; 14 ; 21 ; 0.0101034 ; 0.0175751 ; -0.00776064 ; 101.646;
10 ; 14 ; 21 ; 0.0181543 ; -0.00381427 ; -0.0100565 ; 102.11;
11 ; 14 ; 21 ; 0.0230573 ; -0.00636281 ; 0.0127145 ; 102.16;
12 ; 14 ; 21 ; 0.0190956 ; 0.0100632 ; -0.028045 ; 101.199;
13 ; 14 ; 21 ; 0.0203895 ; 0.00942157 ; -0.00614811 ; 100.988;
14 ; 14 ; 21 ; 0.0371356 ; 0.00186294 ; -0.00254702 ; 101.284;
15 ; 14 ; 21 ; 0.0237018 ; 0.014862 ; -0.00209482 ; 101.878;
16 ; 14 ; 21 ; 0.0106421 ; -0.000877733 ; -0.00923461 ; 100.951;
17 ; 14 ; 21 ; 0.0212574 ; -0.00800562 ; 0.0190962 ; 101.922;
18 ; 14 ; 21 ; 0.00923368 ; -0.00404332 ; -0.00257793 ; 101.89;
19 ; 14 ; 21 ; -0.00285969 ; 0.0205552 ; -0.00887406 ; 101.807;
20 ; 14 ; 21 ; 0.0184199 ; 0.00624848 ; -0.0177761 ; 101.966;
21 ; 14 ; 21 ; 0.00681931 ; 0.00904733 ; -0.0140127 ; 101.028;
4 ; 15 ; 21 ; 0.0109067 ; 0.00751219 ; 0.00707508 ; 101.818;
5 ; 15 ; 21 ; 0.0195003 ; 0.00289375 ; 0.00652079 ; 101.242;
6 ; 15 ; 21 ; 0.0114835 ; -0.0195805 ; 0.0168916 ; 101.757;
7 ; 15 ; 21 ; 0.0204293 ; -0.00773383 ; -0.0124893 ; 101.192;
8 ; 15 ; 21 ; 0.0127648 ; 0.00317227 ; -0.0025752 ; 101.123;
9 ; 15 ; 21 ; 0.0259829 ; 0.01473 ; -0.0020305 ; 101.41;
10 ; 15 ; 21 ; 0.0187583 ; -0.00853359 ; 0.0132473 ; 102.058;
11 ; 15 ; 21 ; -0.00771688 ; -0.000231056 ; -0.0111906 ; 101.198;
12 ; 15 ; 21 ; 0.0232323 ; -0.00600006 ; -0.00828474 ; 101.434;
13 ; 15 ; 21 ; 0.0369287 ; 0.00795796 ; 0.00883234 ; 101.309;
14 ; 15 ; 21 ; 0.016998 ; 0.0111709 ; -0.00086035 ; 101.35;
15 ; 15 ; 21 ; 0.0221497 ; -0.00343631 ; -0.005537 ; 101.17;
16 ; 15 ; 21 ; 0.00834793 ; -0.00194377 ; -0.000606133 ; 101.228;
17 ; 15 ; 21 ; 0.0145089 ; -0.00332841 ; -0.00433603 ; 101.374;
18 ; 15 ; 21 ; 0.0155013 ; -0.0198457 ; -0.00557107 ; 102.1;
19 ; 15 ; 21 ; 0.0169629 ; -0.0142447 ; 0.002208 ; 101.184;
20 ; 15 ; 21 ; 0.0157959 ; -0.0202767 ; -0.00731173 ; 101.298;
21 ; 15 ; 21 ; -0.000505207 ; -0.00176199 ; -0.0102469 ; 101.634;
4 ; 16 ; 21 ; -0.00281427 ; 0.00489021 ; 0.0099921 ; 101.008;
5 ; 16 ; 21 ; 0.0126748 ; -0.00390059 ; 0.0119924 ; 101.314;
6 ; 16 ; 21 ; 0.0119798 ; 0.00757418 ; -0.00618888 ; 101.869;
7 ; 16 ; 21 ; 0.0177269 ; 0.0106566 ; -0.0116906 ; 101.399;
8 ; 16 ; 21 ; 0.0322849 ; 0.0027142 ; -0.00141052 ; 101.642;
9 ; 16 ; 21 ; 0.0171951 ; 0.00448133 ; -0.00672591 ; 101.294;
10 ; 16 ; 21 ; 0.0261826 ; 0.000142494 ; 0.00359567 ; 101.419;
11 ; 16 ; 21 ; 0.00134293 ; 0.0138735 ; -0.021798 ; 101.773;
12 ; 16 ; 21 ; 0.0264975 ; -0.0257059 ; -0.00891769 ; 101.086;
13 ; 16 ; 21 ; 0.0210216 ; -0.0041382 ; -0.00434596 ; 101.756;
14 ; 16 ; 21 ; 0.0143168 ; 0.0114341 ; -0.00119264 ; 101.239;
15 ; 16 ; 21 ; -0.00204167 ; -0.0214824 ; -0.0110991 ; 101.714;
16 ; 16 ; 21 ; 0.00880327 ; 0.00395257 ; 0.00385673 ; 101.534;
17 ; 16 ; 21 ; 0.00651857 ; 0.0192774 ; -0.00777653 ; 101.7;
18 ; 16 ; 21 ; 0.00675795 ; -0.0161371 ; -0.000149168 ; 101.196;
19 ; 16 ; 21 ; 0.00403775 ; -0.0131858 ; 0.0130811 ; 102.041;
20 ; 16 ; 21 ; 0.00543087 ; -0.0216293 ; -0.0145169 ; 102.185;
21 ; 16 ; 21 ; 0.0148795 ; -0.0141362 ; 0.0241578 ; 101.511;
4 ; 17 ; 21 ; -0.00119437 ; -0.0213839 ; 0.0140801 ; 101.605;
5 ; 17 ; 21 ; 0.0112393 ; -0.00245042 ; 0.00461023 ; 101.987;
6 ; 17 ; 21 ; 0.0133305 ; 0.00565934 ; 0.00564333 ; 101.625;
7 ; 17 ; 21 ; 0.0251908 ; 0.00605165 ; 0.0129902 ; 101.696;
8 ; 17 ; 21 ; 0.0215819 ; -0.00402077 ; 0.00260845 ; 101.588;
9 ; 17 ; 21 ; 0.0275947 ; 0.0063395 ; 0.0156375 ; 101;
10 ; 17 ; 21 ; 0.0403638 ; 0.00599496 ; -0.000245448 ; 101.706;
11 ; 17 ; 21 ; 0.0299008 ; -0.0217525 ; -0.0045419 ; 101.818;
12 ; 17 ; 21 ; 0.0200398 ; -0.00163818 ; -0.00763396 ; 101.377;
13 ; 17 ; 21 ; 0.00536394 ; 0.0128024 ; 0.00456654 ; 101.289;
14 ; 17 ; 21 ; 0.00997131 ; 0.00264898 ; -0.0140193 ; 101.004;
15 ; 17 ; 21 ; 0.0135391 ; -0.00218551 ; -0.00518286 ; 101.685;
16 ; 17 ; 21 ; 0.0273606 ; 0.0238958 ; 0.00125913 ; 101.532;
17 ; 17 ; 21 ; 0.0221285 ; 0.0366963 ; 0.0222801 ; 101.658;
18 ; 17 ; 21 ; 0.0197557 ; 0.0076184 ; -0.00211638 ; 101.51;
19 ; 17 ; 21 ; 0.035264 ; -0.00298672 ; -0.0187471 ; 102.023;
20 ; 17 ; 21 ; 0.0233424 ; -0.00190563 ; 0.00276181 ; 101.622;
21 ; 17 ; 21 ; 0.0301122 ; -0.00490306 ; 0.0166489 ; 101.445;
4 ; 18 ; 21 ; 0.0101302 ; -0.00990406 ; -0.00731854 ; 101.198;
5 ; 18 ; 21 ; 0.00983414 ; -0.00448935 ; 0.00598227 ; 100.831;
6 ; 18 ; 21 ; 0.0312899 ; -0.0102158 ; -0.00559355 ; 101.68;
7 ; 18 ; 21 ; 0.0288335 ; 0.00750861 ; 0.00201812 ; 102.009;
8 ; 18 ; 21 ; -0.00303896 ; -0.0104939 ; -0.00268007 ; 101.02;
9 ; 18 ; 21 ; 0.00847817 ; -0.00732505 ; -0.00972811 ; 101.439;
10 ; 18 ; 21 ; 0.0117296 ; 0.00204127 ; 0.019384 ; 101.565;
11 ; 18 ; 21 ; 0.0197064 ; 0.00919318 ; -0.00448779 ; 100.973;
12 ; 18 ; 21 ; 0.0198594 ; 0.00467963 ; -0.00630546 ; 101.082;
13 ; 18 ; 21 ; 0.019085 ; 0.000758196 ; -0.00851889 ; 101.143;
14 ; 18 ; 21 ; 0.0171961 ; 0.0130578 ; -0.0144984 ; 101.397;
15 ; 18 ; 21 ; 0.0100136 ; 0.00893846 ; -0.0141531 ; 102.92;
16 ; 18 ; 21 ; 0.024488 ; -0.00541101 ; 0.00219704 ; 100.533;
17 ; 18 ; 21 ; 0.0147871 ; 0.0160959 ; -0.0321303 ; 101.431;
18 ; 18 ; 21 ; 0.0268727 ; -0.00858534 ; -0.00200338 ; 101.334;
19 ; 18 ; 21 ; 0.016709 ; 0.018004 ; 0.00140266 ; 101.304;
20 ; 18 ; 21 ; 0.00425853 ; -0.00199895 ; -0.00601987 ; 101.478;
21 ; 18 ; 21 ; -0.0113542 ; 0.00153057 ; 0.00495105 ; 101.131;
4 ; 19 ; 21 ; 0.00692722 ; -0.00434581 ; 0.0128381 ; 101.509;
5 ; 19 ; 21 ; 0.0114343 ; 0.0148363 ; 0.000796309 ; 101.504;
6 ; 19 ; 21 ; -0.000206047 ; 0.00417097 ; 0.0105535 ; 100.925;
7 ; 19 ; 21 ; 0.0165039 ; -0.0227464 ; 0.00886729 ; 101.135;
8 ; 19 ; 21 ; 0.0194618 ; -0.00435872 ; 0.0118023 ; 101.03;
9 ; 19 ; 21 ; 0.00307089 ; -0.00295379 ; 0.0105563 ; 101.257;
10 ; 19 ; 21 ; 0.0119517 ; -0.013425 ; 0.00489898 ; 101.626;
11 ; 19 ; 21 ; 0.00594532 ; 0.00742673 ; -0.00171996 ; 102.065;
12 ; 19 ; 21 ; 0.0226963 ; 0.00158989 ; 0.0129561 ; 101.616;
13 ; 19 ; 21 ; 0.0149687 ; 0.00597592 ; 0.00100637 ; 101.805;
14 ; 19 ; 21 ; 0.0092081 ; 0.00503487 ; -0.0124373 ; 101.69;
15 ; 19 ; 21 ; 0.0262384 ; 0.0121921 ; -0.0116951 ; 100.842;
16 ; 19 ; 21 ; 0.0185658 ; 0.00623437 ; 0.00693667 ; 101.464;
17 ; 19 ; 21 ; 0.00809013 ; 0.00381153 ; -0.0132762 ; 101.125;
18 ; 19 ; 21 ; -0.00425469 ; 0.0111069 ; -0.0144844 ; 101.239;
19 ; 19 ; 21 ; -0.00817402 ; 0.0159047 ; -0.00840385 ; 101.615;
20 ; 19 ; 21 ; 0.00163231 ; 0.00278104 ; 0.0025773 ; 102.352;
21 ; 19 ; 21 ; 0.0048503 ; -0.00925469 ; 0.0118696 ; 101.966;
4 ; 20 ; 21 ; 0.0128217 ; 0.00891284 ; 0.0121301 ; 100.889;
5 ; 20 ; 21 ; 0.0140284 ; 0.013281 ; -0.00776992 ; 101.441;
6 ; 20 ; 21 ; 0.0312657 ; 0.0106736 ; -0.00160892 ; 101.824;
7 ; 20 ; 21 ; 0.0277997 ; -0.00318369 ; -0.00859011 ; 101.02;
8 ; 20 ; 21 ; 0.0245862 ; 0.000196047 ; -0.023202 ; 101.958;
9 ; 20 ; 21 ; 0.0264421 ; -0.0166326 ; -0.0108854 ; 100.932;
10 ; 20 ; 21 ; 0.0115224 ; -4.5645e-05 ; -0.0169038 ; 101.677;
11 ; 20 ; 21 ; 0.012797 ; -0.00299026 ; -0.0393852 ; 101.392;
12 ; 20 ; 21 ; 0.0282267 ; 0.0018929 ; -0.00284858 ; 100.871;
13 ; 20 ; 21 ; -0.00577757 ; -0.00889365 ; -0.0123471 ; 101.886;
14 ; 20 ; 21 ; -0.00758565 ; -0.0088126 ; 0.00077879 ; 101.04;
15 ; 20 ; 21 ; 0.0111088 ; 0.00876507 ; -0.00356297 ; 101.724;
16 ; 20 ; 21 ; 0.00354584 ; 0.00547999 ; -0.0280107 ; 101.183;
17 ; 20 ; 21 ; 0.00875466 ; -0.00656479 ; -0.0409644 ; 101.801;
18 ; 20 ; 21 ; 0.0015876 ; 0.00993877 ; -0.00621661 ; 101.528;
19 ; 20 ; 21 ; 0.0291904 ; -0.00765367 ; 8.29832e-05 ; 101.392;
20 ; 20 ; 21 ; 0.0134678 ; -0.0141055 ; -0.00953294 ; 101.692;
21 ; 20 ; 21 ; 0.0118781 ; -0.00378907 ; -0.0187898 ; 101.813;
4 ; 21 ; 21 ; 0.00929027 ; 0.00408659 ; -3.01589e-05 ; 101.849;
5 ; 21 ; 21 ; 0.012577 ; -0.0114683 ; -0.0196629 ; 101.158;
6 ; 21 ; 21 ; -0.00254379 ; -0.0275282 ; 0.00504155 ; 101.933;
7 ; 21 ; 21 ; -0.0105948 ; 0.00646259 ; 0.00416613 ; 101.451;
8 ; 21 ; 21 ; 0.0256557 ; 0.00305997 ; -0.0169546 ; 101.502;
9 ; 21 ; 21 ; 0.0113256 ; -0.0057812 ; -0.0305104 ; 101.915;
10 ; 21 ; 21 ; 0.0043985 ; 0.00350115 ; -0.013881 ; 101.931;
11 ; 21 ; 21 ; -0.00495932 ; 0.0146018 ; -0.0065105 ; 101.392;
12 ; 21 ; 21 ; 0.0119006 ; 0.00922268 ; -0.00841193 ; 101.164;
13 ; 21 ; 21 ; 0.0142032 ; -0.016892 ; -0.00285317 ; 101.182;
14 ; 21 ; 21 ; 0.0146011 ; 0.00145793 ; -0.0173393 ; 101.603;
15 ; 21 ; 21 ; 0.00706942 ; 0.0107219 ; -0.00699012 ; 101.295;
16 ; 21 ; 21 ; 0.0138313 ; -0.00096376 ; 0.00467103 ; 101.471;
17 ; 21 ; 21 ; -0.00991453 ; 0.0135992 ; -0.0178492 ; 101.642;
18 ; 21 ; 21 ; 0.00878594 ; 0.00780069 ; 0.0150235 ; 101.315;
19 ; 21 ; 21 ; 0.0202 ; -0.0133565 ; 0.00344054 ; 101.971;
20 ; 21 ; 21 ; -0.00268644 ; -0.0112732 ; -0.0136907 ; 101.696;
21 ; 21 ; 21 ; -0.00256082 ; 0.0101075 ; -0.0133102 ; 101.437;
