4 ; 4 ; 4 ; 1.01754 ; 0.00272317 ; -0.0156592 ; 101.17;
5 ; 4 ; 4 ; 1.00123 ; -0.00342675 ; 0.0019323 ; 102.186;
6 ; 4 ; 4 ; 0.974699 ; -0.0208413 ; -0.0143565 ; 100.434;
7 ; 4 ; 4 ; 0.945893 ; -0.0142755 ; -0.0323349 ; 101.648;
8 ; 4 ; 4 ; 1.01725 ; -0.0308964 ; 0.0315984 ; 100.701;
9 ; 4 ; 4 ; 1.0013 ; -0.00705828 ; 0.000126538 ; 100.658;
10 ; 4 ; 4 ; 0.965906 ; -0.00395582 ; -0.00611898 ; 101.275;
11 ; 4 ; 4 ; 0.96184 ; -0.0176015 ; -0.00588872 ; 102.02;
12 ; 4 ; 4 ; 0.95205 ; -0.0178395 ; -0.00104545 ; 101.722;
13 ; 4 ; 4 ; 0.966528 ; -0.0103552 ; 0.0218918 ; 102.663;
14 ; 4 ; 4 ; 0.995022 ; -0.0273948 ; -0.0126062 ; 100.913;
15 ; 4 ; 4 ; 0.999024 ; 0.00623269 ; 0.0533167 ; 101.061;
16 ; 4 ; 4 ; 0.978871 ; 0.014123 ; 0.0561669 ; 102.159;
17 ; 4 ; 4 ; 0.975824 ; 0.00125091 ; 0.00844372 ; 101.93;
18 ; 4 ; 4 ; 0.964407 ; 0.0410943 ; -0.0185603 ; 100.949;
19 ; 4 ; 4 ; 0.9576 ; 0.0218435 ; -0.0135783 ; 103.291;
20 ; 4 ; 4 ; 0.957247 ; -0.0177477 ; -0.0217039 ; 100.336;
21 ; 4 ; 4 ; 0.969658 ; 0.00646369 ; -0.0122905 ; 100.979;
4 ; 5 ; 4 ; 1.01233 ; 0.0425541 ; -0.00908688 ; 102.144;
5 ; 5 ; 4 ; 0.976872 ; 0.00956725 ; -0.004191 ; 101.204;
6 ; 5 ; 4 ; 1.02243 ; -0.0136635 ; -0.0189398 ; 101.526;
7 ; 5 ; 4 ; 0.983363 ; 0.00665884 ; -0.018831 ; 101.528;
8 ; 5 ; 4 ; 0.95657 ; -0.00027959 ; 0.0250953 ; 101.44;
9 ; 5 ; 4 ; 0.968246 ; 0.0143569 ; -0.0226773 ; 102.099;
10 ; 5 ; 4 ; 0.982568 ; 0.0306076 ; -0.0210962 ; 100.786;
11 ; 5 ; 4 ; 1.02825 ; -0.00806431 ; -0.00237174 ; 102.438;
12 ; 5 ; 4 ; 0.936369 ; 0.0280627 ; -0.00126264 ; 100.304;
13 ; 5 ; 4 ; 0.996265 ; 0.0192397 ; -0.0298237 ; 100.781;
14 ; 5 ; 4 ; 0.969461 ; -0.0312699 ; -0.0352385 ; 101.556;
15 ; 5 ; 4 ; 0.973763 ; 0.00937417 ; 0.0111536 ; 101.144;
16 ; 5 ; 4 ; 0.97176 ; 0.0564034 ; 0.0106963 ; 101.679;
17 ; 5 ; 4 ; 0.991909 ; -0.0100195 ; -0.0500855 ; 100.621;
18 ; 5 ; 4 ; 0.973601 ; 0.00303729 ; -0.00140434 ; 100.517;
19 ; 5 ; 4 ; 0.972131 ; 0.0306047 ; 0.00611616 ; 101.201;
20 ; 5 ; 4 ; 0.983046 ; 0.0217017 ; -0.00128925 ; 101.69;
21 ; 5 ; 4 ; 0.972761 ; -0.00510981 ; -0.00714023 ; 101.273;
4 ; 6 ; 4 ; 0.977697 ; 0.0116687 ; 0.0261933 ; 102.734;
5 ; 6 ; 4 ; 1.00639 ; 0.0123687 ; 0.0140496 ; 102.033;
6 ; 6 ; 4 ; 1.00035 ; 0.00514476 ; -0.00865607 ; 100.554;
7 ; 6 ; 4 ; 0.968358 ; -0.0286576 ; -0.0227989 ; 101.655;
8 ; 6 ; 4 ; 0.987001 ; -0.0294752 ; -0.0197872 ; 101.975;
9 ; 6 ; 4 ; 0.972835 ; -0.011272 ; 0.0132561 ; 101.138;
10 ; 6 ; 4 ; 0.977384 ; 0.000661928 ; 0.0202474 ; 102.699;
11 ; 6 ; 4 ; 0.921786 ; -0.0205717 ; -0.0179077 ; 101.682;
12 ; 6 ; 4 ; 0.980056 ; 0.00541985 ; 0.0122344 ; 102.681;
13 ; 6 ; 4 ; 1.00488 ; 0.0209893 ; 0.0233175 ; 101.242;
14 ; 6 ; 4 ; 0.985036 ; -0.00862995 ; 0.0367146 ; 100.744;
15 ; 6 ; 4 ; 0.951004 ; -0.0010018 ; 0.0414985 ; 101.878;
16 ; 6 ; 4 ; 0.99561 ; 0.0452718 ; 0.00757898 ; 101.519;
17 ; 6 ; 4 ; 0.984601 ; 0.0250405 ; 0.0238496 ; 101.528;
18 ; 6 ; 4 ; 0.957271 ; -0.000732108 ; -0.00738441 ; 100.904;
19 ; 6 ; 4 ; 0.957037 ; 0.0224609 ; 0.0125664 ; 101.176;
20 ; 6 ; 4 ; 1.01206 ; -0.00804617 ; -0.0233778 ; 100.046;
21 ; 6 ; 4 ; 0.992096 ; 0.0101754 ; -0.0302134 ; 101.263;
4 ; 7 ; 4 ; 0.985693 ; 0.0230147 ; -0.00226345 ; 101.374;
5 ; 7 ; 4 ; 0.97505 ; 0.0196766 ; 0.0472366 ; 101.095;
6 ; 7 ; 4 ; 0.993744 ; 0.00187567 ; 0.0294192 ; 101.301;
7 ; 7 ; 4 ; 0.970229 ; 0.0209804 ; 0.00996817 ; 101.981;
8 ; 7 ; 4 ; 0.978083 ; -0.000157584 ; -0.00683497 ; 100.197;
9 ; 7 ; 4 ; 0.961668 ; -0.015125 ; 0.0168047 ; 101.344;
10 ; 7 ; 4 ; 0.989188 ; 0.0210583 ; 0.0113824 ; 100.629;
11 ; 7 ; 4 ; 0.975982 ; -0.0232508 ; -0.0165453 ; 102.132;
12 ; 7 ; 4 ; 0.995291 ; -0.0087119 ; 0.00253621 ; 100.4;
13 ; 7 ; 4 ; 0.999347 ; -0.0081955 ; 0.00350045 ; 100.534;
14 ; 7 ; 4 ; 1.02461 ; 0.017008 ; 0.0404806 ; 101.494;
15 ; 7 ; 4 ; 0.981377 ; 0.00312948 ; -0.0229132 ; 101.195;
16 ; 7 ; 4 ; 0.990439 ; 0.0280777 ; 0.0343755 ; 100.331;
17 ; 7 ; 4 ; 0.944259 ; 0.0248705 ; -0.00893132 ; 101.202;
18 ; 7 ; 4 ; 0.986329 ; -0.0382091 ; -0.0232558 ; 100.956;
19 ; 7 ; 4 ; 0.970625 ; 0.0185312 ; 0.000549752 ; 101.721;
20 ; 7 ; 4 ; 0.983836 ; 0.01391 ; 0.00680721 ; 101.809;
21 ; 7 ; 4 ; 0.953991 ; 0.026025 ; -0.00858906 ; 101.446;
4 ; 8 ; 4 ; 0.963211 ; -0.0305762 ; -0.0125132 ; 103.203;
5 ; 8 ; 4 ; 0.98232 ; 0.0234763 ; 0.0121795 ; 100.354;
6 ; 8 ; 4 ; 0.98969 ; -0.0212985 ; 0.0211531 ; 101.342;
7 ; 8 ; 4 ; 0.968757 ; -0.0209311 ; -0.00878834 ; 101.278;
8 ; 8 ; 4 ; 0.975249 ; -0.016786 ; -0.0271091 ; 100.902;
9 ; 8 ; 4 ; 0.943366 ; -0.00832375 ; 0.0136281 ; 101.353;
10 ; 8 ; 4 ; 0.971 ; -0.0282177 ; 0.0218 ; 102.443;
11 ; 8 ; 4 ; 0.982534 ; -0.00236913 ; 0.0329373 ; 102.034;
12 ; 8 ; 4 ; 0.986107 ; -0.0152917 ; 0.0274264 ; 101.473;
13 ; 8 ; 4 ; 0.988373 ; -0.00930257 ; 0.0226797 ; 100.918;
14 ; 8 ; 4 ; 0.995583 ; -0.00804408 ; -0.0255812 ; 103.51;
15 ; 8 ; 4 ; 0.993629 ; 0.00336068 ; 0.0130948 ; 102.271;
16 ; 8 ; 4 ; 0.983107 ; -0.027752 ; 0.0172998 ; 101.561;
17 ; 8 ; 4 ; 0.955554 ; 0.0279863 ; -0.00254056 ; 101.631;
18 ; 8 ; 4 ; 0.997101 ; 0.0157563 ; -0.00668824 ; 101.073;
19 ; 8 ; 4 ; 1.00673 ; -0.00451044 ; -0.0104309 ; 101.534;
20 ; 8 ; 4 ; 0.980753 ; -0.0219157 ; -0.00931664 ; 102.018;
21 ; 8 ; 4 ; 0.964308 ; -0.000382571 ; -0.0211495 ; 101.461;
4 ; 9 ; 4 ; 0.991977 ; -0.0469279 ; 0.0469298 ; 102.206;
5 ; 9 ; 4 ; 0.999712 ; 0.00784385 ; 0.0162879 ; 101.856;
6 ; 9 ; 4 ; 0.956309 ; -0.00917986 ; -0.00563793 ; 102.267;
7 ; 9 ; 4 ; 0.993217 ; 0.0240324 ; -0.00589279 ; 101.989;
8 ; 9 ; 4 ; 1.01413 ; 0.010914 ; 0.0381387 ; 100.427;
9 ; 9 ; 4 ; 1.00669 ; -0.0281045 ; 0.0228141 ; 102.222;
10 ; 9 ; 4 ; 1.02377 ; 0.00504466 ; 0.004484 ; 101.264;
11 ; 9 ; 4 ; 0.976794 ; -0.0283384 ; 0.0134815 ; 100.957;
12 ; 9 ; 4 ; 0.958771 ; 0.0253874 ; 0.043713 ; 101.04;
13 ; 9 ; 4 ; 0.964931 ; -0.0225183 ; -0.00476519 ; 100.073;
14 ; 9 ; 4 ; 0.968539 ; -0.0303302 ; -0.0180309 ; 101.75;
15 ; 9 ; 4 ; 0.995969 ; -0.00762438 ; 0.0240124 ; 100.353;
16 ; 9 ; 4 ; 0.985515 ; 0.0208725 ; 0.0115038 ; 102.105;
17 ; 9 ; 4 ; 0.982865 ; 0.0386041 ; 0.0570198 ; 103.081;
18 ; 9 ; 4 ; 0.972622 ; 0.00752357 ; -0.0411998 ; 102.239;
19 ; 9 ; 4 ; 0.948279 ; 0.00433801 ; -0.0051133 ; 100.612;
20 ; 9 ; 4 ; 0.972495 ; 0.00619045 ; 0.00728193 ; 100.654;
21 ; 9 ; 4 ; 0.980155 ; 0.00939786 ; 0.0020429 ; 101.624;
4 ; 10 ; 4 ; 0.96233 ; -0.0145348 ; -0.0437808 ; 102.103;
5 ; 10 ; 4 ; 0.996409 ; 0.0155789 ; -0.00376731 ; 101.22;
6 ; 10 ; 4 ; 0.97883 ; 0.00128646 ; -0.00329344 ; 102.001;
7 ; 10 ; 4 ; 0.986328 ; -0.00966471 ; 0.0247165 ; 100.632;
8 ; 10 ; 4 ; 0.972475 ; 0.00350553 ; 0.00880864 ; 101.137;
9 ; 10 ; 4 ; 0.976067 ; -0.0263385 ; -0.00181943 ; 100.438;
10 ; 10 ; 4 ; 0.987558 ; -0.019229 ; -0.000475274 ; 101.913;
11 ; 10 ; 4 ; 1.00367 ; 0.0241438 ; 0.0269315 ; 101.188;
12 ; 10 ; 4 ; 1.01337 ; 0.0122689 ; -0.0332219 ; 100.966;
13 ; 10 ; 4 ; 0.954281 ; -0.00162955 ; -0.00339954 ; 101.051;
14 ; 10 ; 4 ; 0.977759 ; -0.0347513 ; -0.00696068 ; 101.232;
15 ; 10 ; 4 ; 0.977785 ; 0.0200128 ; 0.00161921 ; 101.203;
16 ; 10 ; 4 ; 0.950472 ; 0.0182382 ; 0.00143931 ; 100.471;
17 ; 10 ; 4 ; 0.945818 ; 0.0147445 ; -0.0294557 ; 102.829;
18 ; 10 ; 4 ; 1.00688 ; 0.010778 ; -0.0123063 ; 101.257;
19 ; 10 ; 4 ; 0.969798 ; -0.00319465 ; -0.000923763 ; 101.524;
20 ; 10 ; 4 ; 0.95564 ; 0.00919525 ; 0.00050892 ; 101.639;
21 ; 10 ; 4 ; 0.995082 ; -0.0125025 ; -0.0188021 ; 100.189;
4 ; 11 ; 4 ; 0.9901 ; 0.016719 ; 0.0247333 ; 100.94;
5 ; 11 ; 4 ; 1.0009 ; -0.0191291 ; -0.0046754 ; 101.86;
6 ; 11 ; 4 ; 0.988026 ; -0.00379475 ; -0.00581027 ; 102.652;
7 ; 11 ; 4 ; 0.994776 ; 0.0162501 ; -0.0447093 ; 103.155;
8 ; 11 ; 4 ; 1.01125 ; -0.0165414 ; 0.0411407 ; 100.541;
9 ; 11 ; 4 ; 1.01731 ; 0.0108198 ; 0.0281406 ; 101.627;
10 ; 11 ; 4 ; 0.995426 ; -0.00495009 ; -0.00467638 ; 102.122;
11 ; 11 ; 4 ; 0.951669 ; 0.038118 ; 0.0147399 ; 101.326;
12 ; 11 ; 4 ; 0.968145 ; 0.00307538 ; 0.0210464 ; 100.381;
13 ; 11 ; 4 ; 0.96617 ; -0.0227992 ; -0.00672164 ; 102.257;
14 ; 11 ; 4 ; 0.944533 ; 0.031232 ; -0.00127588 ; 102.555;
15 ; 11 ; 4 ; 1.00397 ; 0.00651436 ; -0.0283735 ; 100.661;
16 ; 11 ; 4 ; 0.977738 ; -0.00854046 ; 0.001903 ; 102.061;
17 ; 11 ; 4 ; 0.96131 ; 0.00844357 ; -0.00669005 ; 100.128;
18 ; 11 ; 4 ; 0.969328 ; 0.0119913 ; -0.000180163 ; 100.63;
19 ; 11 ; 4 ; 0.927812 ; 0.00270686 ; -0.0409699 ; 101.584;
20 ; 11 ; 4 ; 0.982751 ; -0.000701713 ; -0.0580443 ; 102.411;
21 ; 11 ; 4 ; 0.989505 ; -0.0595022 ; -0.00422573 ; 102.001;
4 ; 12 ; 4 ; 0.984034 ; 0.00499078 ; 0.00112916 ; 101.264;
5 ; 12 ; 4 ; 0.997094 ; -0.00826742 ; 0.0228659 ; 101.8;
6 ; 12 ; 4 ; 0.949593 ; -0.0244282 ; -0.00981829 ; 101.949;
7 ; 12 ; 4 ; 0.978539 ; -0.0243117 ; -0.0191846 ; 101.698;
8 ; 12 ; 4 ; 0.968922 ; 0.00339603 ; 0.00631946 ; 102.297;
9 ; 12 ; 4 ; 0.954466 ; 0.00666792 ; 0.0150333 ; 102.586;
10 ; 12 ; 4 ; 0.986357 ; 0.00233186 ; -0.005496 ; 102.283;
11 ; 12 ; 4 ; 1.0067 ; 0.00985878 ; 0.0174687 ; 100.896;
12 ; 12 ; 4 ; 0.992351 ; -0.0099483 ; 0.00106557 ; 101.461;
13 ; 12 ; 4 ; 0.975947 ; 0.00253314 ; -0.0155035 ; 101.31;
14 ; 12 ; 4 ; 0.993545 ; -0.0125758 ; -0.0261382 ; 100.123;
15 ; 12 ; 4 ; 0.975578 ; 0.00922006 ; 0.0153558 ; 100.753;
16 ; 12 ; 4 ; 0.983909 ; 0.0101034 ; 0.00628977 ; 101.452;
17 ; 12 ; 4 ; 0.962088 ; 0.0253498 ; 0.00984753 ; 101.141;
18 ; 12 ; 4 ; 0.977266 ; -0.016959 ; -0.0224172 ; 102.083;
19 ; 12 ; 4 ; 0.938363 ; -0.0141794 ; 0.00512392 ; 100.836;
20 ; 12 ; 4 ; 0.970442 ; -0.00434469 ; -0.00605356 ; 101.748;
21 ; 12 ; 4 ; 0.98647 ; -0.00414614 ; 0.0085979 ; 101.346;
4 ; 13 ; 4 ; 0.993377 ; -0.0147619 ; 0.0152692 ; 103.184;
5 ; 13 ; 4 ; 0.985661 ; -0.0285157 ; -0.00775376 ; 103.132;
6 ; 13 ; 4 ; 0.95127 ; 0.0052349 ; -0.0450826 ; 101.139;
7 ; 13 ; 4 ; 0.98944 ; -0.0233948 ; -0.023948 ; 101.304;
8 ; 13 ; 4 ; 0.974927 ; 0.0169856 ; 0.039686 ; 102.175;
9 ; 13 ; 4 ; 0.941573 ; 0.0109073 ; 0.030921 ; 100.333;
10 ; 13 ; 4 ; 0.987476 ; -0.0207515 ; -0.0403918 ; 101.696;
11 ; 13 ; 4 ; 1.01188 ; 0.00140434 ; -0.00150716 ; 101.614;
12 ; 13 ; 4 ; 0.992983 ; 0.0341383 ; -0.00486092 ; 101.097;
13 ; 13 ; 4 ; 0.956126 ; -0.0227554 ; 0.00517999 ; 101.067;
14 ; 13 ; 4 ; 0.985173 ; 0.00449421 ; -0.00739052 ; 101.556;
15 ; 13 ; 4 ; 0.970027 ; -0.0259883 ; 0.0240932 ; 101.446;
16 ; 13 ; 4 ; 0.949242 ; 0.0405423 ; 0.0134964 ; 100.789;
17 ; 13 ; 4 ; 0.97898 ; -0.00478901 ; -0.0264979 ; 100.525;
18 ; 13 ; 4 ; 1.00775 ; -0.0194084 ; 0.0120236 ; 102.018;
19 ; 13 ; 4 ; 1.00129 ; 0.0349319 ; -0.00279836 ; 100.681;
20 ; 13 ; 4 ; 0.95208 ; -0.0131946 ; 0.0344629 ; 101.119;
21 ; 13 ; 4 ; 0.981603 ; 0.00921692 ; 0.0199056 ; 100.997;
4 ; 14 ; 4 ; 1.00324 ; -0.0340077 ; 0.0282719 ; 101.57;
5 ; 14 ; 4 ; 0.999422 ; -0.00146536 ; 0.00107338 ; 101.007;
6 ; 14 ; 4 ; 0.997807 ; -0.00228518 ; -0.000353704 ; 101.449;
7 ; 14 ; 4 ; 0.97652 ; 0.0243746 ; 0.0165576 ; 100.158;
8 ; 14 ; 4 ; 0.964075 ; -0.00883936 ; -0.017085 ; 99.3581;
9 ; 14 ; 4 ; 1.00271 ; -0.00346378 ; -0.042754 ; 101.647;
10 ; 14 ; 4 ; 0.968905 ; 0.0103425 ; -0.0123089 ; 101.095;
11 ; 14 ; 4 ; 0.982719 ; 0.0123594 ; 0.0185928 ; 100.739;
12 ; 14 ; 4 ; 1.0034 ; 0.00189908 ; -4.46575e-05 ; 101.796;
13 ; 14 ; 4 ; 0.949913 ; 0.00855721 ; -0.0263592 ; 100.434;
14 ; 14 ; 4 ; 0.997341 ; -0.00201496 ; 0.00131966 ; 100.68;
15 ; 14 ; 4 ; 0.958265 ; -0.00921237 ; -0.014629 ; 101.1;
16 ; 14 ; 4 ; 0.989775 ; -0.00635949 ; 0.0168557 ; 102.418;
17 ; 14 ; 4 ; 0.963778 ; -0.00550518 ; 0.00390764 ; 101.734;
18 ; 14 ; 4 ; 0.979961 ; 0.0129035 ; 0.03796 ; 102.146;
19 ; 14 ; 4 ; 0.9888 ; 0.057881 ; 0.0217069 ; 101.779;
20 ; 14 ; 4 ; 1.01657 ; 0.00493072 ; 0.00295643 ; 101.313;
21 ; 14 ; 4 ; 1.02371 ; 0.0389558 ; -0.0188584 ; 100.755;
4 ; 15 ; 4 ; 0.985317 ; -0.0198423 ; -0.00931751 ; 101.011;
5 ; 15 ; 4 ; 1.00246 ; -0.00627101 ; 0.0500199 ; 102.291;
6 ; 15 ; 4 ; 1.00297 ; 0.0214319 ; -0.00959474 ; 101.493;
7 ; 15 ; 4 ; 0.979098 ; -0.0170048 ; 0.00947127 ; 101.676;
8 ; 15 ; 4 ; 0.980319 ; 0.00265103 ; 0.0116477 ; 101.897;
9 ; 15 ; 4 ; 0.962463 ; -0.0206068 ; 0.0239119 ; 101.736;
10 ; 15 ; 4 ; 0.969805 ; -0.0108208 ; 0.0208358 ; 101.331;
11 ; 15 ; 4 ; 0.937953 ; -0.0217384 ; 0.0171014 ; 102.732;
12 ; 15 ; 4 ; 0.965109 ; 0.00765304 ; -0.0239933 ; 101.319;
13 ; 15 ; 4 ; 0.959219 ; -0.000198453 ; -0.0331753 ; 101.419;
14 ; 15 ; 4 ; 0.970772 ; 0.022889 ; 0.0253761 ; 101.168;
15 ; 15 ; 4 ; 0.932452 ; -0.0268549 ; -0.0417611 ; 101.489;
16 ; 15 ; 4 ; 1.00265 ; 0.0169674 ; 0.00184545 ; 101.749;
17 ; 15 ; 4 ; 0.972672 ; -0.000539906 ; -0.00414498 ; 100.749;
18 ; 15 ; 4 ; 0.949369 ; 0.00161212 ; -0.0144685 ; 100.524;
19 ; 15 ; 4 ; 0.991141 ; -0.0115415 ; -0.0142976 ; 99.8962;
20 ; 15 ; 4 ; 0.987231 ; 0.0131009 ; -0.0407183 ; 102.404;
21 ; 15 ; 4 ; 0.981765 ; 0.0111968 ; -0.0249346 ; 101.359;
4 ; 16 ; 4 ; 1.01895 ; -0.00516126 ; 0.000371446 ; 102.045;
5 ; 16 ; 4 ; 1.00649 ; -0.0183562 ; -0.0274412 ; 100.816;
6 ; 16 ; 4 ; 0.977631 ; -0.00651434 ; -0.033229 ; 101.638;
7 ; 16 ; 4 ; 0.965577 ; 0.00135141 ; -0.00837342 ; 101.141;
8 ; 16 ; 4 ; 0.978309 ; 0.0115871 ; -0.0642606 ; 101.714;
9 ; 16 ; 4 ; 0.947952 ; 0.0204555 ; 0.00552277 ; 101.424;
10 ; 16 ; 4 ; 0.957533 ; -0.00199994 ; -0.0134889 ; 102.044;
11 ; 16 ; 4 ; 0.982332 ; -0.0164718 ; 0.0533921 ; 101.087;
12 ; 16 ; 4 ; 0.960069 ; 0.00879575 ; 0.0122583 ; 101.834;
13 ; 16 ; 4 ; 0.968581 ; 0.0104515 ; 0.0225395 ; 100.933;
14 ; 16 ; 4 ; 0.959781 ; -0.00873927 ; -0.036773 ; 102.701;
15 ; 16 ; 4 ; 0.995147 ; -0.00645258 ; 0.0170439 ; 102.422;
16 ; 16 ; 4 ; 0.994426 ; 0.0285908 ; -0.0064195 ; 101.459;
17 ; 16 ; 4 ; 0.965378 ; 0.000921307 ; 0.0243503 ; 101.406;
18 ; 16 ; 4 ; 0.952747 ; 0.00652364 ; 0.0355633 ; 101.324;
19 ; 16 ; 4 ; 0.956631 ; 0.00859292 ; -0.0236107 ; 101.733;
20 ; 16 ; 4 ; 0.975603 ; -0.0145149 ; -0.0132924 ; 101.921;
21 ; 16 ; 4 ; 0.996018 ; -0.0117452 ; -0.0108093 ; 100.569;
4 ; 17 ; 4 ; 0.979806 ; 0.0264795 ; 0.007984 ; 100.978;
5 ; 17 ; 4 ; 0.955218 ; 0.0160585 ; 0.00807265 ; 101.545;
6 ; 17 ; 4 ; 1.00049 ; -0.0170869 ; -0.00175058 ; 101.581;
7 ; 17 ; 4 ; 0.972906 ; -0.0106673 ; -0.00534619 ; 101.154;
8 ; 17 ; 4 ; 0.986315 ; -0.020005 ; -0.0112004 ; 101.429;
9 ; 17 ; 4 ; 0.939386 ; -0.00941686 ; 0.0244073 ; 101.614;
10 ; 17 ; 4 ; 0.993404 ; 0.0212732 ; -0.0313946 ; 101.474;
11 ; 17 ; 4 ; 0.942575 ; 0.0186727 ; -0.0319451 ; 101.184;
12 ; 17 ; 4 ; 0.953227 ; 0.00393319 ; 0.023205 ; 102.011;
13 ; 17 ; 4 ; 0.961795 ; 0.0098688 ; -0.00628026 ; 100.418;
14 ; 17 ; 4 ; 0.983044 ; -0.030688 ; -0.00511663 ; 101.857;
15 ; 17 ; 4 ; 1.0049 ; 0.0449802 ; -0.03025 ; 101.473;
16 ; 17 ; 4 ; 0.963924 ; 0.0431612 ; -0.00911217 ; 101.649;
17 ; 17 ; 4 ; 0.96746 ; 0.0235041 ; -0.00625943 ; 99.1906;
18 ; 17 ; 4 ; 0.974704 ; 0.0339315 ; -0.0215217 ; 100.789;
19 ; 17 ; 4 ; 0.983326 ; 0.000747239 ; -0.0163397 ; 101.318;
20 ; 17 ; 4 ; 0.980137 ; -0.0189555 ; -0.0494183 ; 101.141;
21 ; 17 ; 4 ; 0.97857 ; -0.00244794 ; -0.0063934 ; 101.282;
4 ; 18 ; 4 ; 0.994594 ; 0.0397669 ; -0.0198913 ; 101.062;
5 ; 18 ; 4 ; 1.01262 ; 0.0385512 ; -0.0181541 ; 101.083;
6 ; 18 ; 4 ; 1.00065 ; 0.0277436 ; 0.0120297 ; 102.088;
7 ; 18 ; 4 ; 1.0038 ; -0.0132589 ; 0.009287 ; 101.597;
8 ; 18 ; 4 ; 0.965327 ; -0.0104315 ; -0.0217217 ; 101.774;
9 ; 18 ; 4 ; 0.940971 ; 0.0122667 ; 0.0257827 ; 100.695;
10 ; 18 ; 4 ; 0.95363 ; -0.0143926 ; 0.0310044 ; 101.419;
11 ; 18 ; 4 ; 0.974664 ; 0.0252206 ; 0.00779638 ; 100.723;
12 ; 18 ; 4 ; 0.984041 ; 0.0160332 ; 0.0200958 ; 102.606;
13 ; 18 ; 4 ; 0.959468 ; -0.0132687 ; -0.0473247 ; 101.558;
14 ; 18 ; 4 ; 0.970581 ; -0.0292438 ; 0.0195842 ; 102.197;
15 ; 18 ; 4 ; 0.980333 ; 0.0159334 ; 0.0147753 ; 101.131;
16 ; 18 ; 4 ; 0.987559 ; 0.0200809 ; -0.0270088 ; 100.147;
17 ; 18 ; 4 ; 0.994709 ; 0.00520448 ; 0.0275099 ; 101.462;
18 ; 18 ; 4 ; 0.986672 ; -0.000354753 ; 0.0111844 ; 102.247;
19 ; 18 ; 4 ; 0.930581 ; 0.0405232 ; 0.00918408 ; 102.372;
20 ; 18 ; 4 ; 0.958839 ; -0.0156586 ; -0.00748238 ; 99.6838;
21 ; 18 ; 4 ; 0.945561 ; 0.017784 ; -0.00401761 ; 102.281;
4 ; 19 ; 4 ; 1.0318 ; 0.0210062 ; 0.0119442 ; 100.924;
5 ; 19 ; 4 ; 0.978485 ; 0.00614337 ; 0.0128447 ; 101.116;
6 ; 19 ; 4 ; 1.00918 ; -0.0151566 ; -0.0278135 ; 100.426;
7 ; 19 ; 4 ; 0.961732 ; 0.00173926 ; 0.0171136 ; 100.524;
8 ; 19 ; 4 ; 0.954708 ; -0.00822553 ; 0.000750544 ; 101.891;
9 ; 19 ; 4 ; 0.965681 ; -0.0078767 ; -0.0112738 ; 101.335;
10 ; 19 ; 4 ; 0.978882 ; -0.0403299 ; 0.00108548 ; 101.562;
11 ; 19 ; 4 ; 0.989857 ; -0.0228235 ; 0.0328491 ; 100.882;
12 ; 19 ; 4 ; 0.946059 ; 0.000666222 ; 0.0348681 ; 101.54;
13 ; 19 ; 4 ; 0.978475 ; -0.0293903 ; -0.00010055 ; 101.222;
14 ; 19 ; 4 ; 0.958917 ; 0.0114798 ; 0.0152875 ; 101.314;
15 ; 19 ; 4 ; 0.978536 ; 0.0247792 ; -0.00318331 ; 101.672;
16 ; 19 ; 4 ; 0.992143 ; -0.0214565 ; 0.0202571 ; 101.737;
17 ; 19 ; 4 ; 0.981138 ; -0.0241325 ; -0.0223473 ; 102.568;
18 ; 19 ; 4 ; 0.951374 ; -0.0049151 ; -0.0171082 ; 101.972;
19 ; 19 ; 4 ; 0.96576 ; 0.0113015 ; -0.00506417 ; 100.633;
20 ; 19 ; 4 ; 0.960215 ; 0.0200019 ; -0.00610458 ; 102.516;
21 ; 19 ; 4 ; 0.998598 ; 0.00618477 ; -0.00877121 ; 100.125;
4 ; 20 ; 4 ; 0.996919 ; 0.0192244 ; -0.0175221 ; 100.778;
5 ; 20 ; 4 ; 1.01434 ; 0.0287353 ; -0.00590844 ; 102.106;
6 ; 20 ; 4 ; 0.948535 ; -0.00460034 ; -0.0199309 ; 102.449;
7 ; 20 ; 4 ; 0.979346 ; -0.044541 ; -0.0257118 ; 101.532;
8 ; 20 ; 4 ; 1.00384 ; -0.0111423 ; 0.00742657 ; 101.746;
9 ; 20 ; 4 ; 0.949771 ; 0.0244268 ; -0.0050781 ; 101.046;
10 ; 20 ; 4 ; 0.957676 ; -0.00670469 ; -0.00139486 ; 101.533;
11 ; 20 ; 4 ; 0.988336 ; 0.00124676 ; -0.0282157 ; 101.057;
12 ; 20 ; 4 ; 0.945855 ; 0.0287751 ; 0.0358055 ; 101.176;
13 ; 20 ; 4 ; 0.95906 ; 0.00611961 ; -0.0356531 ; 101.124;
14 ; 20 ; 4 ; 0.955425 ; 0.024708 ; -0.00121348 ; 101.597;
15 ; 20 ; 4 ; 0.959732 ; 0.00819756 ; -0.0229093 ; 101.105;
16 ; 20 ; 4 ; 0.989313 ; -0.00186072 ; -0.0190657 ; 101.124;
17 ; 20 ; 4 ; 0.975912 ; 0.0151286 ; -0.000792298 ; 101.874;
18 ; 20 ; 4 ; 0.957301 ; -0.022124 ; -0.0168682 ; 102.489;
19 ; 20 ; 4 ; 0.921194 ; -0.0065944 ; -0.0498851 ; 102.998;
20 ; 20 ; 4 ; 0.993632 ; -0.00727701 ; -0.0288623 ; 99.6375;
21 ; 20 ; 4 ; 0.972313 ; 0.0389981 ; -0.00211674 ; 102.224;
4 ; 21 ; 4 ; 0.993043 ; -0.00226516 ; -0.00386679 ; 101.368;
5 ; 21 ; 4 ; 0.958814 ; -0.0353694 ; -0.00824507 ; 101.641;
6 ; 21 ; 4 ; 0.987223 ; 0.0021841 ; -0.00199298 ; 101.57;
7 ; 21 ; 4 ; 0.929766 ; -0.015558 ; 0.00219061 ; 102.078;
8 ; 21 ; 4 ; 0.963096 ; 0.0118886 ; 0.0115437 ; 100.842;
9 ; 21 ; 4 ; 0.986933 ; 0.0207286 ; 0.040596 ; 101.009;
10 ; 21 ; 4 ; 1.00988 ; -0.0228782 ; -0.00390119 ; 100.414;
11 ; 21 ; 4 ; 0.972764 ; -0.00437493 ; 0.027127 ; 100.998;
12 ; 21 ; 4 ; 0.991781 ; 0.0142545 ; 0.0107602 ; 101.701;
13 ; 21 ; 4 ; 0.974381 ; -0.00271924 ; 0.0335259 ; 102.343;
14 ; 21 ; 4 ; 0.982693 ; -0.000822316 ; -0.00923567 ; 102.07;
15 ; 21 ; 4 ; 0.961814 ; -0.0148813 ; -0.0132281 ; 101.96;
16 ; 21 ; 4 ; 0.970209 ; 0.00693383 ; -0.040217 ; 101.418;
17 ; 21 ; 4 ; 1.02554 ; -0.0214467 ; 0.0132623 ; 101.676;
18 ; 21 ; 4 ; 0.982903 ; 0.00878065 ; -0.00822048 ; 101.198;
19 ; 21 ; 4 ; 0.94421 ; 0.019165 ; -0.000958008 ; 101.43;
20 ; 21 ; 4 ; 1.00815 ; 0.0156805 ; -0.00068923 ; 101.464;
21 ; 21 ; 4 ; 1.0066 ; -0.00668745 ; -0.0142075 ; 100.831;
4 ; 4 ; 5 ; 0.903833 ; 0.0186086 ; 0.00362208 ; 101.292;
5 ; 4 ; 5 ; 0.904857 ; 0.00416306 ; 0.0281495 ; 102.231;
6 ; 4 ; 5 ; 0.912537 ; 0.0249923 ; 0.035604 ; 101.179;
7 ; 4 ; 5 ; 0.859923 ; 0.0236593 ; -0.021676 ; 101.858;
8 ; 4 ; 5 ; 0.893054 ; -0.0389651 ; -0.0144302 ; 100.346;
9 ; 4 ; 5 ; 0.85962 ; 0.0166811 ; 0.00258133 ; 100.682;
10 ; 4 ; 5 ; 0.898418 ; -0.0124345 ; 0.0117567 ; 101.806;
11 ; 4 ; 5 ; 0.894218 ; 0.010602 ; 0.0164403 ; 100.727;
12 ; 4 ; 5 ; 0.872755 ; 0.0350317 ; 0.0237528 ; 101.813;
13 ; 4 ; 5 ; 0.840888 ; -0.00510209 ; 0.0191607 ; 100.924;
14 ; 4 ; 5 ; 0.861664 ; -0.00593394 ; -0.035243 ; 101.376;
15 ; 4 ; 5 ; 0.881845 ; 5.85195e-05 ; -0.00473629 ; 101.318;
16 ; 4 ; 5 ; 0.884873 ; -0.0300752 ; -0.0473038 ; 101.302;
17 ; 4 ; 5 ; 0.896659 ; 0.00896137 ; 0.0157546 ; 101.258;
18 ; 4 ; 5 ; 0.925999 ; -0.00958868 ; -0.055114 ; 101.438;
19 ; 4 ; 5 ; 0.89316 ; 0.00259017 ; -0.0251603 ; 100.487;
20 ; 4 ; 5 ; 0.861784 ; -0.00321364 ; -0.0169164 ; 101.599;
21 ; 4 ; 5 ; 0.872775 ; -0.0153962 ; -0.00762269 ; 100.456;
4 ; 5 ; 5 ; 0.885323 ; 0.019623 ; 0.00133184 ; 101.207;
5 ; 5 ; 5 ; 0.909246 ; 0.028225 ; -0.0231258 ; 100.869;
6 ; 5 ; 5 ; 0.884005 ; 0.0667912 ; -0.00565548 ; 101.067;
7 ; 5 ; 5 ; 0.850254 ; 0.000302753 ; -0.0301697 ; 100.409;
8 ; 5 ; 5 ; 0.847979 ; -0.037924 ; -0.00427202 ; 100.943;
9 ; 5 ; 5 ; 0.858964 ; -0.0096093 ; 0.0169263 ; 101.427;
10 ; 5 ; 5 ; 0.846151 ; 0.0312788 ; 0.0169963 ; 101.612;
11 ; 5 ; 5 ; 0.893438 ; 0.028938 ; -0.00267239 ; 100.965;
12 ; 5 ; 5 ; 0.851562 ; 0.00921237 ; -0.00820322 ; 101.531;
13 ; 5 ; 5 ; 0.852198 ; -0.00748256 ; -0.0283954 ; 102.032;
14 ; 5 ; 5 ; 0.82406 ; 0.0591197 ; 0.0170673 ; 101.167;
15 ; 5 ; 5 ; 0.850714 ; 0.0210551 ; 0.0232199 ; 101.079;
16 ; 5 ; 5 ; 0.856018 ; 0.0157629 ; 0.00771364 ; 100.812;
17 ; 5 ; 5 ; 0.845949 ; -0.0245113 ; 0.0286347 ; 102.392;
18 ; 5 ; 5 ; 0.893343 ; -0.0131519 ; -0.0163707 ; 101.269;
19 ; 5 ; 5 ; 0.903762 ; -0.0062871 ; 0.00791899 ; 101.347;
20 ; 5 ; 5 ; 0.867163 ; -0.00589833 ; -0.0127773 ; 101.639;
21 ; 5 ; 5 ; 0.882464 ; -0.0038471 ; -0.00220983 ; 100.229;
4 ; 6 ; 5 ; 0.872894 ; 0.013239 ; -0.0227033 ; 103.229;
5 ; 6 ; 5 ; 0.858457 ; -0.00827802 ; -0.00370233 ; 101.276;
6 ; 6 ; 5 ; 0.875085 ; -0.0384187 ; 0.0104176 ; 101.684;
7 ; 6 ; 5 ; 0.894192 ; -0.0602394 ; 0.0136274 ; 101.061;
8 ; 6 ; 5 ; 0.876225 ; -0.0353976 ; -0.0101991 ; 101.878;
9 ; 6 ; 5 ; 0.838434 ; -0.00730035 ; 0.044923 ; 100.437;
10 ; 6 ; 5 ; 0.833574 ; 0.00425952 ; -0.0296976 ; 101.704;
11 ; 6 ; 5 ; 0.854567 ; 0.0076683 ; 0.0202319 ; 101.481;
12 ; 6 ; 5 ; 0.874934 ; -0.0122055 ; 0.01172 ; 100.731;
13 ; 6 ; 5 ; 0.860804 ; 0.0265941 ; 0.00782141 ; 101.554;
14 ; 6 ; 5 ; 0.869242 ; -0.035401 ; 0.00998469 ; 100.655;
15 ; 6 ; 5 ; 0.851673 ; -0.00598621 ; 0.0116237 ; 100.869;
16 ; 6 ; 5 ; 0.874756 ; 0.0231016 ; 0.0223319 ; 102.142;
17 ; 6 ; 5 ; 0.835133 ; 0.000668562 ; -0.00510507 ; 99.3131;
18 ; 6 ; 5 ; 0.869305 ; -0.0411296 ; -0.0233383 ; 101.692;
19 ; 6 ; 5 ; 0.872591 ; 0.00746103 ; -0.0150952 ; 101.681;
20 ; 6 ; 5 ; 0.847688 ; 0.0162519 ; -0.0444236 ; 101.947;
21 ; 6 ; 5 ; 0.863099 ; -0.0251444 ; -0.00619874 ; 102.441;
4 ; 7 ; 5 ; 0.891395 ; -0.0384685 ; -0.0111313 ; 101.401;
5 ; 7 ; 5 ; 0.900057 ; -0.0218919 ; 0.00828756 ; 100.059;
6 ; 7 ; 5 ; 0.880868 ; -0.00838674 ; 0.0110023 ; 103.059;
7 ; 7 ; 5 ; 0.840717 ; 0.000960806 ; 0.0354689 ; 101.568;
8 ; 7 ; 5 ; 0.859536 ; 0.0212085 ; -0.00561031 ; 101.111;
9 ; 7 ; 5 ; 0.851304 ; 0.0450653 ; 0.0304514 ; 102.746;
10 ; 7 ; 5 ; 0.884455 ; 0.00177332 ; 0.00796824 ; 100.88;
11 ; 7 ; 5 ; 0.853882 ; -0.0165309 ; 0.00863325 ; 100.789;
12 ; 7 ; 5 ; 0.838428 ; -0.0250927 ; 0.0204832 ; 99.0325;
13 ; 7 ; 5 ; 0.857427 ; -4.03126e-05 ; 0.033712 ; 102.215;
14 ; 7 ; 5 ; 0.895481 ; 0.0259713 ; 0.0111495 ; 101.123;
15 ; 7 ; 5 ; 0.886179 ; 0.0182395 ; 0.0121988 ; 101.154;
16 ; 7 ; 5 ; 0.89241 ; 0.00376692 ; 0.0223253 ; 100.88;
17 ; 7 ; 5 ; 0.86899 ; 0.0367048 ; 0.0198043 ; 102.532;
18 ; 7 ; 5 ; 0.838908 ; 0.0415164 ; 0.0330974 ; 102.129;
19 ; 7 ; 5 ; 0.865249 ; 0.0200736 ; -0.0304475 ; 101.575;
20 ; 7 ; 5 ; 0.884407 ; 0.0306366 ; 0.0126535 ; 101.243;
21 ; 7 ; 5 ; 0.863304 ; -0.00160213 ; -0.000960313 ; 100.484;
4 ; 8 ; 5 ; 0.859157 ; -0.00257144 ; -0.00572282 ; 102.276;
5 ; 8 ; 5 ; 0.889841 ; 0.00550271 ; -0.00714821 ; 101.591;
6 ; 8 ; 5 ; 0.897137 ; 0.0307441 ; 0.0179745 ; 101.554;
7 ; 8 ; 5 ; 0.895761 ; -0.0015749 ; -0.0195475 ; 101.592;
8 ; 8 ; 5 ; 0.86118 ; 0.0356217 ; -0.0244797 ; 102.063;
9 ; 8 ; 5 ; 0.868798 ; -0.00767923 ; -0.0201463 ; 102.315;
10 ; 8 ; 5 ; 0.897697 ; -0.0205678 ; 0.0223372 ; 102.404;
11 ; 8 ; 5 ; 0.878884 ; -0.0045341 ; -0.0249404 ; 99.8756;
12 ; 8 ; 5 ; 0.836017 ; 0.0308687 ; 0.0192717 ; 102.501;
13 ; 8 ; 5 ; 0.876791 ; 0.0103665 ; 0.00309419 ; 102.696;
14 ; 8 ; 5 ; 0.890328 ; -0.00908259 ; -0.0327681 ; 102.379;
15 ; 8 ; 5 ; 0.890949 ; -0.0144934 ; 0.00710716 ; 100.855;
16 ; 8 ; 5 ; 0.891344 ; 0.0183215 ; -0.0113587 ; 100.991;
17 ; 8 ; 5 ; 0.896116 ; 8.07305e-05 ; -0.0234383 ; 101.649;
18 ; 8 ; 5 ; 0.909881 ; -0.0211857 ; 0.0109134 ; 102.034;
19 ; 8 ; 5 ; 0.864846 ; 0.0246758 ; 0.0247277 ; 101.109;
20 ; 8 ; 5 ; 0.862551 ; -0.013114 ; -0.0387707 ; 100.757;
21 ; 8 ; 5 ; 0.862878 ; -0.0294759 ; -0.0269926 ; 102.172;
4 ; 9 ; 5 ; 0.847517 ; 0.0204457 ; -0.0413311 ; 102.042;
5 ; 9 ; 5 ; 0.884584 ; -0.00518377 ; 0.0129268 ; 101.958;
6 ; 9 ; 5 ; 0.89359 ; -0.0200419 ; 0.0274644 ; 101.659;
7 ; 9 ; 5 ; 0.878996 ; -0.0286501 ; -0.00344961 ; 100.171;
8 ; 9 ; 5 ; 0.881802 ; -0.00290118 ; -0.00921982 ; 101.502;
9 ; 9 ; 5 ; 0.901784 ; 0.0323038 ; 0.0212668 ; 101.347;
10 ; 9 ; 5 ; 0.907152 ; 0.0218765 ; 0.00224674 ; 101.562;
11 ; 9 ; 5 ; 0.875606 ; 0.032631 ; -0.0136373 ; 100.556;
12 ; 9 ; 5 ; 0.877295 ; -0.0068425 ; 0.00752696 ; 100.895;
13 ; 9 ; 5 ; 0.890998 ; -0.0140089 ; -0.0252928 ; 102.069;
14 ; 9 ; 5 ; 0.868311 ; 0.0347997 ; 0.0189568 ; 100.511;
15 ; 9 ; 5 ; 0.884426 ; -0.00296345 ; -0.0245367 ; 102.581;
16 ; 9 ; 5 ; 0.924905 ; -0.0187511 ; 0.0136653 ; 101.319;
17 ; 9 ; 5 ; 0.914401 ; -0.00877793 ; -0.00475188 ; 101.329;
18 ; 9 ; 5 ; 0.90512 ; -0.0211597 ; -0.0234178 ; 100.505;
19 ; 9 ; 5 ; 0.85756 ; 0.0238761 ; -0.0277759 ; 101.152;
20 ; 9 ; 5 ; 0.879697 ; 0.0247434 ; -0.0159056 ; 100.892;
21 ; 9 ; 5 ; 0.859025 ; -0.0285717 ; -0.0194355 ; 101.359;
4 ; 10 ; 5 ; 0.877261 ; 0.014115 ; -0.00880991 ; 99.1981;
5 ; 10 ; 5 ; 0.882053 ; -0.00114648 ; -0.00590586 ; 101.036;
6 ; 10 ; 5 ; 0.887938 ; -0.00222837 ; 0.0322198 ; 100.846;
7 ; 10 ; 5 ; 0.921288 ; 0.0200381 ; 0.0111968 ; 101.256;
8 ; 10 ; 5 ; 0.85956 ; -0.0256371 ; 0.00804038 ; 101.948;
9 ; 10 ; 5 ; 0.863888 ; -0.0109266 ; -0.0204341 ; 101.873;
10 ; 10 ; 5 ; 0.867873 ; 0.0193539 ; -0.0243331 ; 100.528;
11 ; 10 ; 5 ; 0.873674 ; -0.00468637 ; 0.0433257 ; 101.563;
12 ; 10 ; 5 ; 0.889372 ; -0.0191304 ; -0.0139525 ; 100.789;
13 ; 10 ; 5 ; 0.890742 ; -0.0143657 ; 0.00839777 ; 101.456;
14 ; 10 ; 5 ; 0.878874 ; -0.0145885 ; 0.0072786 ; 103.025;
15 ; 10 ; 5 ; 0.8588 ; 0.0364935 ; -0.0286425 ; 101.488;
16 ; 10 ; 5 ; 0.839421 ; -0.0257511 ; -0.00129663 ; 102.144;
17 ; 10 ; 5 ; 0.902705 ; 0.00383159 ; -0.0178463 ; 100.005;
18 ; 10 ; 5 ; 0.884348 ; -0.0370425 ; -0.0386296 ; 101.377;
19 ; 10 ; 5 ; 0.885374 ; -0.0273941 ; -0.0242943 ; 101.516;
20 ; 10 ; 5 ; 0.864347 ; 0.0137581 ; 0.00843867 ; 101.153;
21 ; 10 ; 5 ; 0.892114 ; -0.00275556 ; -0.0151296 ; 101.833;
4 ; 11 ; 5 ; 0.852305 ; 0.0169133 ; 0.00459281 ; 101.146;
5 ; 11 ; 5 ; 0.855462 ; 0.00250862 ; 0.00315521 ; 101.274;
6 ; 11 ; 5 ; 0.876319 ; 0.0219228 ; -0.0270715 ; 102.56;
7 ; 11 ; 5 ; 0.894406 ; 0.0097001 ; 0.0155689 ; 101.087;
8 ; 11 ; 5 ; 0.869876 ; 0.0439294 ; 0.0125141 ; 100.975;
9 ; 11 ; 5 ; 0.8774 ; -0.00881241 ; -0.0463856 ; 100.193;
10 ; 11 ; 5 ; 0.861825 ; -0.0341063 ; -0.0259859 ; 100.949;
11 ; 11 ; 5 ; 0.894448 ; -0.00901448 ; 0.00767251 ; 102.214;
12 ; 11 ; 5 ; 0.869478 ; -0.00404519 ; 0.00407244 ; 101.854;
13 ; 11 ; 5 ; 0.84034 ; -0.010472 ; -0.00717896 ; 101.024;
14 ; 11 ; 5 ; 0.875745 ; 0.0214969 ; 0.0032017 ; 102.226;
15 ; 11 ; 5 ; 0.894028 ; -0.0390547 ; 0.020811 ; 101.832;
16 ; 11 ; 5 ; 0.895398 ; 0.00297615 ; -0.0277267 ; 100.376;
17 ; 11 ; 5 ; 0.872196 ; 0.0341646 ; -0.0135456 ; 100.374;
18 ; 11 ; 5 ; 0.878979 ; 0.00964309 ; 0.0031268 ; 101.191;
19 ; 11 ; 5 ; 0.908983 ; -0.0178025 ; 0.00308563 ; 101.042;
20 ; 11 ; 5 ; 0.88176 ; 0.0174642 ; -0.0457884 ; 101.06;
21 ; 11 ; 5 ; 0.871495 ; -0.00499711 ; -0.000433506 ; 100.144;
4 ; 12 ; 5 ; 0.872563 ; 0.0429479 ; 0.0465918 ; 101.157;
5 ; 12 ; 5 ; 0.902496 ; 0.0223694 ; 0.0387794 ; 101.394;
6 ; 12 ; 5 ; 0.89608 ; 0.0162794 ; -0.0135117 ; 101.62;
7 ; 12 ; 5 ; 0.889447 ; 0.0217569 ; 0.00925038 ; 101.934;
8 ; 12 ; 5 ; 0.910026 ; -0.0166087 ; 0.0470195 ; 101.669;
9 ; 12 ; 5 ; 0.875682 ; 0.00798858 ; -0.00840444 ; 101.751;
10 ; 12 ; 5 ; 0.885994 ; 0.00246004 ; -0.00840316 ; 100.578;
11 ; 12 ; 5 ; 0.872315 ; 0.0134019 ; -0.0127259 ; 101.636;
12 ; 12 ; 5 ; 0.862229 ; 0.000119099 ; -0.0289363 ; 101.106;
13 ; 12 ; 5 ; 0.896442 ; 0.000138204 ; 7.25587e-05 ; 101.597;
14 ; 12 ; 5 ; 0.878821 ; 0.0101008 ; 0.0224697 ; 101.933;
15 ; 12 ; 5 ; 0.865085 ; 0.0192813 ; 0.0468418 ; 101.382;
16 ; 12 ; 5 ; 0.830561 ; -0.000358331 ; -0.0162612 ; 100.196;
17 ; 12 ; 5 ; 0.861013 ; 0.00922099 ; -0.000240356 ; 100.833;
18 ; 12 ; 5 ; 0.897961 ; -0.0421854 ; -0.00101401 ; 101.994;
19 ; 12 ; 5 ; 0.889315 ; -0.012104 ; -0.0330152 ; 100.929;
20 ; 12 ; 5 ; 0.880408 ; 0.00521324 ; -0.00103201 ; 101.309;
21 ; 12 ; 5 ; 0.887583 ; 0.020126 ; -0.0179314 ; 101.299;
4 ; 13 ; 5 ; 0.893695 ; 0.0365293 ; 0.0218036 ; 101.138;
5 ; 13 ; 5 ; 0.865218 ; -0.0106784 ; 0.0337792 ; 101.511;
6 ; 13 ; 5 ; 0.884833 ; -0.0275881 ; 0.0106733 ; 100.229;
7 ; 13 ; 5 ; 0.860087 ; -0.0202707 ; -0.0141472 ; 101.554;
8 ; 13 ; 5 ; 0.899972 ; -0.0425102 ; -0.00306008 ; 100.584;
9 ; 13 ; 5 ; 0.909641 ; 0.00573088 ; 0.00520743 ; 100.417;
10 ; 13 ; 5 ; 0.920105 ; 0.0310963 ; -0.0100553 ; 100.977;
11 ; 13 ; 5 ; 0.881325 ; 0.0117943 ; 0.00479578 ; 101.65;
12 ; 13 ; 5 ; 0.890128 ; -0.00553485 ; -0.0291333 ; 100.415;
13 ; 13 ; 5 ; 0.888961 ; 0.0153016 ; 0.0352099 ; 102.045;
14 ; 13 ; 5 ; 0.870874 ; 0.0160736 ; -0.027599 ; 100.988;
15 ; 13 ; 5 ; 0.884005 ; -0.0187931 ; -0.0102989 ; 103.163;
16 ; 13 ; 5 ; 0.835747 ; 0.0211342 ; 0.0113194 ; 101.695;
17 ; 13 ; 5 ; 0.866409 ; -0.0664015 ; -0.0507187 ; 102.162;
18 ; 13 ; 5 ; 0.904614 ; 0.0121015 ; -0.0176976 ; 100.542;
19 ; 13 ; 5 ; 0.894733 ; 0.00715567 ; -0.0251663 ; 101.914;
20 ; 13 ; 5 ; 0.87677 ; 0.008396 ; -0.0105515 ; 101.489;
21 ; 13 ; 5 ; 0.873453 ; -0.0157822 ; -0.0483236 ; 101.454;
4 ; 14 ; 5 ; 0.888733 ; 0.000622423 ; 0.00282398 ; 101.707;
5 ; 14 ; 5 ; 0.889542 ; 0.0106838 ; -0.00343498 ; 101.218;
6 ; 14 ; 5 ; 0.849249 ; -0.0375955 ; -0.0253493 ; 100.298;
7 ; 14 ; 5 ; 0.918565 ; -0.0171462 ; 0.024313 ; 101.257;
8 ; 14 ; 5 ; 0.915614 ; -0.0179636 ; 0.00823845 ; 101.067;
9 ; 14 ; 5 ; 0.88963 ; -0.0164022 ; -0.00355588 ; 101.016;
10 ; 14 ; 5 ; 0.884117 ; 0.0184846 ; 0.00204838 ; 101.03;
11 ; 14 ; 5 ; 0.899977 ; 0.0266112 ; 0.0570268 ; 101.391;
12 ; 14 ; 5 ; 0.875832 ; -0.0258831 ; -0.003059 ; 101.641;
13 ; 14 ; 5 ; 0.863145 ; 0.00327922 ; 0.0060089 ; 100.893;
14 ; 14 ; 5 ; 0.829343 ; 0.0300903 ; 0.0152834 ; 100.976;
15 ; 14 ; 5 ; 0.880942 ; 0.019452 ; 0.00904467 ; 101.405;
16 ; 14 ; 5 ; 0.911511 ; 0.0253474 ; -0.00314336 ; 102.011;
17 ; 14 ; 5 ; 0.874307 ; -0.0449449 ; -0.00465067 ; 101.213;
18 ; 14 ; 5 ; 0.868368 ; 0.00537189 ; 0.0284751 ; 101.756;
19 ; 14 ; 5 ; 0.881917 ; 0.00958231 ; 0.0149184 ; 102.056;
20 ; 14 ; 5 ; 0.913218 ; -0.0306767 ; 0.00315603 ; 102.794;
21 ; 14 ; 5 ; 0.923366 ; -0.0449878 ; -0.00307436 ; 100.954;
4 ; 15 ; 5 ; 0.893555 ; 0.00109858 ; -0.00976465 ; 101.191;
5 ; 15 ; 5 ; 0.882765 ; 0.0172843 ; -0.0294936 ; 100.849;
6 ; 15 ; 5 ; 0.852187 ; -0.0122601 ; -0.0574216 ; 101.757;
7 ; 15 ; 5 ; 0.912068 ; 0.005449 ; 0.0209413 ; 101.874;
8 ; 15 ; 5 ; 0.919762 ; 0.00390916 ; -0.00617864 ; 100.371;
9 ; 15 ; 5 ; 0.859017 ; 0.0139879 ; -0.00802722 ; 101.241;
10 ; 15 ; 5 ; 0.88055 ; -0.0107988 ; -0.0313193 ; 101.875;
11 ; 15 ; 5 ; 0.884425 ; 0.000770817 ; 0.0117251 ; 101.464;
12 ; 15 ; 5 ; 0.901176 ; -0.0073837 ; -0.0137293 ; 101.066;
13 ; 15 ; 5 ; 0.882394 ; 0.0172172 ; -0.0261465 ; 100.444;
14 ; 15 ; 5 ; 0.851124 ; 0.000907741 ; 0.00485469 ; 100.656;
15 ; 15 ; 5 ; 0.867138 ; 0.0223426 ; -0.0167585 ; 101.591;
16 ; 15 ; 5 ; 0.876964 ; 0.00255947 ; 0.0363135 ; 100.747;
17 ; 15 ; 5 ; 0.866383 ; -0.0043655 ; 0.00752003 ; 101.531;
18 ; 15 ; 5 ; 0.844697 ; 0.0134228 ; -0.0506633 ; 101.312;
19 ; 15 ; 5 ; 0.865137 ; -0.0223076 ; 0.00233215 ; 100.814;
20 ; 15 ; 5 ; 0.868271 ; 0.0198811 ; -0.0312167 ; 101.252;
21 ; 15 ; 5 ; 0.852721 ; 0.0336566 ; 0.0168453 ; 101.271;
4 ; 16 ; 5 ; 0.884514 ; 0.0166895 ; 0.00241025 ; 101.36;
5 ; 16 ; 5 ; 0.839507 ; 0.0214518 ; -0.0366266 ; 100.57;
6 ; 16 ; 5 ; 0.835742 ; 0.0046122 ; -0.00435063 ; 101.465;
7 ; 16 ; 5 ; 0.886811 ; 0.0120222 ; 0.0289085 ; 101.099;
8 ; 16 ; 5 ; 0.901381 ; -0.00244316 ; -0.0431451 ; 101.542;
9 ; 16 ; 5 ; 0.888629 ; 0.0192083 ; -0.000697642 ; 101.667;
10 ; 16 ; 5 ; 0.838211 ; 0.0237714 ; 0.00928205 ; 102.501;
11 ; 16 ; 5 ; 0.914828 ; 0.0320335 ; 0.0205843 ; 101.044;
12 ; 16 ; 5 ; 0.892606 ; 0.00467314 ; 0.00564332 ; 101.083;
13 ; 16 ; 5 ; 0.895591 ; 0.0129323 ; -0.0148602 ; 101.111;
14 ; 16 ; 5 ; 0.8206 ; -0.0149795 ; 0.0121148 ; 102.114;
15 ; 16 ; 5 ; 0.878844 ; -0.00975264 ; 0.0363504 ; 101.363;
16 ; 16 ; 5 ; 0.872137 ; 0.0248855 ; -0.0200568 ; 101.272;
17 ; 16 ; 5 ; 0.876095 ; -0.000206046 ; -0.032868 ; 101.816;
18 ; 16 ; 5 ; 0.888131 ; -0.0326223 ; -0.0178201 ; 100.99;
19 ; 16 ; 5 ; 0.880452 ; -0.0316348 ; -0.00279294 ; 100.581;
20 ; 16 ; 5 ; 0.837684 ; 0.0226973 ; -0.0146414 ; 101.636;
21 ; 16 ; 5 ; 0.890921 ; 0.0151238 ; -0.0289056 ; 100.577;
4 ; 17 ; 5 ; 0.902205 ; -0.0172593 ; -0.0135779 ; 101.191;
5 ; 17 ; 5 ; 0.886911 ; -0.0116056 ; -0.00112196 ; 101.608;
6 ; 17 ; 5 ; 0.883766 ; -0.0170315 ; 0.0124037 ; 101.521;
7 ; 17 ; 5 ; 0.879876 ; 0.0434155 ; 0.0114017 ; 102.451;
8 ; 17 ; 5 ; 0.869947 ; 0.0070214 ; 0.0201794 ; 101.552;
9 ; 17 ; 5 ; 0.87532 ; -0.0206068 ; 0.0116166 ; 101.239;
10 ; 17 ; 5 ; 0.882294 ; 0.00713065 ; -0.00338427 ; 100.836;
11 ; 17 ; 5 ; 0.828261 ; 0.0373028 ; -0.0106957 ; 100.829;
12 ; 17 ; 5 ; 0.90469 ; 0.010608 ; 0.0153876 ; 101.246;
13 ; 17 ; 5 ; 0.878025 ; -0.00205333 ; 0.0205789 ; 101.211;
14 ; 17 ; 5 ; 0.889946 ; -0.00402183 ; -0.0104809 ; 101.606;
15 ; 17 ; 5 ; 0.888542 ; 0.0133178 ; 0.036081 ; 102.481;
16 ; 17 ; 5 ; 0.881828 ; -0.0436081 ; 0.0129357 ; 101.956;
17 ; 17 ; 5 ; 0.868601 ; 0.0299207 ; 0.0143334 ; 100.941;
18 ; 17 ; 5 ; 0.870872 ; 0.00522233 ; -0.00930739 ; 101.92;
19 ; 17 ; 5 ; 0.85503 ; -0.0110568 ; 0.0134425 ; 100.911;
20 ; 17 ; 5 ; 0.884609 ; -0.03092 ; 0.00435758 ; 101.179;
21 ; 17 ; 5 ; 0.893169 ; -0.0179341 ; 0.0064837 ; 101.562;
4 ; 18 ; 5 ; 0.890012 ; 0.0012152 ; 0.00151346 ; 101.419;
5 ; 18 ; 5 ; 0.878843 ; 0.0193505 ; 0.0269163 ; 102.045;
6 ; 18 ; 5 ; 0.863252 ; 0.0111039 ; -0.00304387 ; 101.021;
7 ; 18 ; 5 ; 0.897378 ; 0.0106269 ; -0.0416853 ; 100.139;
8 ; 18 ; 5 ; 0.92297 ; -0.0293503 ; -0.00925081 ; 101.056;
9 ; 18 ; 5 ; 0.872514 ; -0.00957763 ; 0.0291622 ; 102.218;
10 ; 18 ; 5 ; 0.878351 ; 0.041227 ; 0.0156393 ; 102.082;
11 ; 18 ; 5 ; 0.860637 ; 0.0465235 ; 0.00874774 ; 102.016;
12 ; 18 ; 5 ; 0.848543 ; 0.0249668 ; 0.0133732 ; 100.736;
13 ; 18 ; 5 ; 0.876365 ; 0.0439238 ; 0.00292741 ; 101.421;
14 ; 18 ; 5 ; 0.879459 ; 0.0134004 ; 0.0117139 ; 102.422;
15 ; 18 ; 5 ; 0.871911 ; -0.0201751 ; 0.0342875 ; 102.366;
16 ; 18 ; 5 ; 0.910304 ; -0.00838756 ; -0.00104135 ; 100.832;
17 ; 18 ; 5 ; 0.882884 ; -0.0190757 ; -0.0171487 ; 101.321;
18 ; 18 ; 5 ; 0.928601 ; 0.00158159 ; 0.0312951 ; 102.048;
19 ; 18 ; 5 ; 0.904016 ; 0.00585139 ; -0.0189248 ; 100.275;
20 ; 18 ; 5 ; 0.880233 ; -0.00884525 ; -0.00789283 ; 101.414;
21 ; 18 ; 5 ; 0.92155 ; 0.0142887 ; -0.00150905 ; 100.678;
4 ; 19 ; 5 ; 0.882312 ; -0.0193585 ; -0.0141115 ; 101.91;
5 ; 19 ; 5 ; 0.885196 ; 0.0180025 ; 0.0140504 ; 102.806;
6 ; 19 ; 5 ; 0.901049 ; 0.017761 ; 0.0227137 ; 100.596;
7 ; 19 ; 5 ; 0.875133 ; -0.0109443 ; -0.00482542 ; 100.984;
8 ; 19 ; 5 ; 0.8979 ; 0.0255982 ; -0.00344636 ; 100.889;
9 ; 19 ; 5 ; 0.866729 ; 0.007543 ; -0.0336804 ; 101.015;
10 ; 19 ; 5 ; 0.887846 ; 0.0363002 ; -0.0213802 ; 100.399;
11 ; 19 ; 5 ; 0.876359 ; 0.00249111 ; 0.0224965 ; 101.183;
12 ; 19 ; 5 ; 0.864957 ; -0.0193749 ; -0.0127732 ; 101.263;
13 ; 19 ; 5 ; 0.877889 ; -0.0420785 ; 0.00074752 ; 101.375;
14 ; 19 ; 5 ; 0.858443 ; -0.00881358 ; 0.0305206 ; 101.612;
15 ; 19 ; 5 ; 0.845708 ; 0.00107785 ; 0.00983132 ; 101.053;
16 ; 19 ; 5 ; 0.845128 ; 0.0110675 ; 0.00561456 ; 101.187;
17 ; 19 ; 5 ; 0.870266 ; -0.0140967 ; -0.0146479 ; 100.817;
18 ; 19 ; 5 ; 0.874141 ; -0.0150276 ; 0.00260785 ; 101.184;
19 ; 19 ; 5 ; 0.909971 ; -0.000135741 ; 0.00110428 ; 100.873;
20 ; 19 ; 5 ; 0.900396 ; -0.0146572 ; -0.0150927 ; 100.757;
21 ; 19 ; 5 ; 0.846827 ; 0.0268166 ; -0.0559296 ; 101.472;
4 ; 20 ; 5 ; 0.832409 ; 0.00840938 ; 0.0206004 ; 101.786;
5 ; 20 ; 5 ; 0.929067 ; -0.0127545 ; -0.0222934 ; 100.027;
6 ; 20 ; 5 ; 0.867728 ; 0.00295375 ; -0.00595551 ; 102.852;
7 ; 20 ; 5 ; 0.849742 ; -0.00143599 ; -0.0106818 ; 102.264;
8 ; 20 ; 5 ; 0.874447 ; 0.0264535 ; 0.0414521 ; 100.625;
9 ; 20 ; 5 ; 0.877985 ; -0.0146128 ; -0.0326171 ; 101.368;
10 ; 20 ; 5 ; 0.868761 ; 0.0126759 ; 0.0229103 ; 102.788;
11 ; 20 ; 5 ; 0.90229 ; -0.00773725 ; 0.0258208 ; 101.079;
12 ; 20 ; 5 ; 0.873408 ; -0.000965093 ; 0.0224752 ; 100.638;
13 ; 20 ; 5 ; 0.839842 ; -0.0157197 ; -0.0160632 ; 101.693;
14 ; 20 ; 5 ; 0.879633 ; 0.0108683 ; -0.00491163 ; 100.88;
15 ; 20 ; 5 ; 0.899519 ; 0.00839042 ; 0.00319302 ; 102.232;
16 ; 20 ; 5 ; 0.856145 ; -0.0103939 ; -0.0125776 ; 102.202;
17 ; 20 ; 5 ; 0.862068 ; -0.00219052 ; -0.0151127 ; 101.731;
18 ; 20 ; 5 ; 0.874685 ; -0.013454 ; -0.0250554 ; 99.9144;
19 ; 20 ; 5 ; 0.851802 ; -0.0238924 ; -0.00357264 ; 101.286;
20 ; 20 ; 5 ; 0.869503 ; -0.0163327 ; -0.0463545 ; 101.816;
21 ; 20 ; 5 ; 0.880765 ; -0.0315154 ; -0.00219888 ; 101.235;
4 ; 21 ; 5 ; 0.881847 ; 0.0168846 ; -0.00535719 ; 101.287;
5 ; 21 ; 5 ; 0.84962 ; -0.0106128 ; 0.00550534 ; 101.696;
6 ; 21 ; 5 ; 0.906761 ; -0.00122131 ; -0.0210281 ; 99.9712;
7 ; 21 ; 5 ; 0.878076 ; 0.0175383 ; -0.00271836 ; 100.869;
8 ; 21 ; 5 ; 0.846481 ; -0.0233157 ; 0.00292913 ; 101.058;
9 ; 21 ; 5 ; 0.889192 ; -0.00405239 ; 0.0441289 ; 99.9694;
10 ; 21 ; 5 ; 0.875673 ; 0.00132507 ; 0.0207859 ; 102.558;
11 ; 21 ; 5 ; 0.915928 ; 0.0054638 ; -0.00573601 ; 101.43;
12 ; 21 ; 5 ; 0.861305 ; 0.0457682 ; -0.00174164 ; 101.156;
13 ; 21 ; 5 ; 0.869019 ; 0.0587871 ; -0.0125516 ; 100.671;
14 ; 21 ; 5 ; 0.885757 ; -0.00647656 ; -0.0304754 ; 102.142;
15 ; 21 ; 5 ; 0.905199 ; -0.00219307 ; -0.0127266 ; 100.398;
16 ; 21 ; 5 ; 0.892229 ; 0.0232172 ; 0.000197403 ; 102.127;
17 ; 21 ; 5 ; 0.873462 ; -0.00974287 ; -0.00577508 ; 101.068;
18 ; 21 ; 5 ; 0.926041 ; -0.0475007 ; 0.0228252 ; 102.324;
19 ; 21 ; 5 ; 0.870339 ; -0.00459106 ; -0.0130525 ; 100.886;
20 ; 21 ; 5 ; 0.883486 ; -0.022495 ; -0.0221281 ; 101.325;
21 ; 21 ; 5 ; 0.912638 ; 0.00491269 ; -0.0213359 ; 101.542;
4 ; 4 ; 6 ; 0.768228 ; 0.000440804 ; -0.0269699 ; 102.07;
5 ; 4 ; 6 ; 0.746795 ; -0.0187884 ; -0.00602376 ; 100.149;
6 ; 4 ; 6 ; 0.769825 ; -0.02387 ; 0.00349 ; 101.612;
7 ; 4 ; 6 ; 0.800467 ; -0.0294178 ; -0.0270439 ; 101.204;
8 ; 4 ; 6 ; 0.766418 ; -0.0514699 ; 0.029041 ; 100.464;
9 ; 4 ; 6 ; 0.781766 ; 0.0277228 ; -0.00615919 ; 100.476;
10 ; 4 ; 6 ; 0.775796 ; 0.00662201 ; -0.000404058 ; 99.835;
11 ; 4 ; 6 ; 0.764059 ; 0.001664 ; -0.0208401 ; 101.26;
12 ; 4 ; 6 ; 0.768569 ; -0.0170555 ; -0.0061988 ; 101.244;
13 ; 4 ; 6 ; 0.792182 ; 0.018497 ; -0.00383842 ; 102.074;
14 ; 4 ; 6 ; 0.770409 ; 0.00641031 ; -0.0315797 ; 101.581;
15 ; 4 ; 6 ; 0.7987 ; 0.0207086 ; -0.0472893 ; 102.471;
16 ; 4 ; 6 ; 0.76448 ; -0.0269996 ; -0.04005 ; 101.784;
17 ; 4 ; 6 ; 0.758523 ; -0.0288164 ; -0.0373167 ; 101.282;
18 ; 4 ; 6 ; 0.764976 ; 0.0141678 ; -0.0186846 ; 101.143;
19 ; 4 ; 6 ; 0.825252 ; 0.00197362 ; 0.0193797 ; 101.291;
20 ; 4 ; 6 ; 0.808306 ; 0.00569942 ; 0.0180398 ; 101.888;
21 ; 4 ; 6 ; 0.779129 ; -0.013649 ; -0.0343249 ; 101.651;
4 ; 5 ; 6 ; 0.775163 ; 0.0209209 ; -0.00500783 ; 101.197;
5 ; 5 ; 6 ; 0.748774 ; -0.0215278 ; -0.0326929 ; 101.881;
6 ; 5 ; 6 ; 0.759664 ; -0.0253767 ; 0.0180248 ; 102.878;
7 ; 5 ; 6 ; 0.769249 ; -0.0197099 ; 0.00434565 ; 101.161;
8 ; 5 ; 6 ; 0.776385 ; -0.00117 ; -0.00812099 ; 101.936;
9 ; 5 ; 6 ; 0.797151 ; 0.0158936 ; -0.00630787 ; 101.181;
10 ; 5 ; 6 ; 0.798998 ; -0.036185 ; 0.0196749 ; 102.15;
11 ; 5 ; 6 ; 0.773218 ; -0.0385419 ; -0.0116472 ; 100.937;
12 ; 5 ; 6 ; 0.742674 ; 0.00146549 ; -0.0111101 ; 101.052;
13 ; 5 ; 6 ; 0.747934 ; -0.00618427 ; -0.0185815 ; 101.278;
14 ; 5 ; 6 ; 0.804523 ; 0.0189237 ; 0.0109793 ; 100.741;
15 ; 5 ; 6 ; 0.801463 ; -0.00536412 ; 0.0120653 ; 101.026;
16 ; 5 ; 6 ; 0.793404 ; 0.00315489 ; -0.00528221 ; 101.969;
17 ; 5 ; 6 ; 0.742371 ; -0.00244069 ; 0.0260818 ; 101.802;
18 ; 5 ; 6 ; 0.786379 ; 0.00586789 ; -0.0141249 ; 100.753;
19 ; 5 ; 6 ; 0.810135 ; 0.0211435 ; 0.0268154 ; 100.65;
20 ; 5 ; 6 ; 0.777452 ; -0.019912 ; 0.00752863 ; 102.17;
21 ; 5 ; 6 ; 0.777664 ; -0.015451 ; -0.00390021 ; 101.539;
4 ; 6 ; 6 ; 0.78493 ; -0.015175 ; -0.0289022 ; 100.395;
5 ; 6 ; 6 ; 0.793576 ; 0.03569 ; -0.00858908 ; 101.049;
6 ; 6 ; 6 ; 0.76277 ; -0.0274306 ; -0.0232887 ; 102.146;
7 ; 6 ; 6 ; 0.799179 ; 0.00323166 ; -0.0149713 ; 101.321;
8 ; 6 ; 6 ; 0.766534 ; -0.0190731 ; -0.00946016 ; 101.535;
9 ; 6 ; 6 ; 0.779774 ; 0.0119453 ; -0.0357387 ; 102.336;
10 ; 6 ; 6 ; 0.804332 ; -0.0187945 ; -0.0145893 ; 100.725;
11 ; 6 ; 6 ; 0.788628 ; -0.0119129 ; -0.00273499 ; 102.696;
12 ; 6 ; 6 ; 0.795504 ; -0.00456759 ; 0.0329337 ; 100.998;
13 ; 6 ; 6 ; 0.805964 ; 0.0206144 ; -0.0138825 ; 101.107;
14 ; 6 ; 6 ; 0.787089 ; -0.0614276 ; -0.0336527 ; 100.934;
15 ; 6 ; 6 ; 0.768472 ; 0.013295 ; 0.00582633 ; 101.338;
16 ; 6 ; 6 ; 0.782483 ; -0.0331939 ; 0.00510691 ; 101.104;
17 ; 6 ; 6 ; 0.787984 ; -0.0210777 ; -0.0144872 ; 101.123;
18 ; 6 ; 6 ; 0.78738 ; -0.0216714 ; -0.0212097 ; 101.965;
19 ; 6 ; 6 ; 0.762875 ; 0.0513915 ; -0.00230826 ; 100.721;
20 ; 6 ; 6 ; 0.774386 ; -0.0024669 ; -0.0242298 ; 100.357;
21 ; 6 ; 6 ; 0.78852 ; 0.0154415 ; -0.00461874 ; 100.706;
4 ; 7 ; 6 ; 0.769541 ; 0.00748569 ; -0.0175545 ; 101.719;
5 ; 7 ; 6 ; 0.786236 ; 0.00987699 ; -0.0243809 ; 101.29;
6 ; 7 ; 6 ; 0.810194 ; 0.0464362 ; 0.0495675 ; 101.692;
7 ; 7 ; 6 ; 0.797176 ; 0.0330304 ; 0.0317773 ; 102.553;
8 ; 7 ; 6 ; 0.791519 ; 0.0214857 ; 0.00308301 ; 100.299;
9 ; 7 ; 6 ; 0.787509 ; -0.00422674 ; 0.0174539 ; 100.744;
10 ; 7 ; 6 ; 0.783483 ; 0.0223138 ; 0.0171867 ; 102.283;
11 ; 7 ; 6 ; 0.7766 ; 0.00819178 ; -0.0147221 ; 101.032;
12 ; 7 ; 6 ; 0.766829 ; 0.00879665 ; 0.0318411 ; 101.287;
13 ; 7 ; 6 ; 0.768031 ; -0.0461804 ; 0.0213172 ; 101.171;
14 ; 7 ; 6 ; 0.78908 ; -0.0215819 ; 0.0198237 ; 101.456;
15 ; 7 ; 6 ; 0.787697 ; 0.00207514 ; -0.0238241 ; 102.342;
16 ; 7 ; 6 ; 0.785427 ; -0.00108478 ; 0.028716 ; 101.328;
17 ; 7 ; 6 ; 0.797902 ; 0.013061 ; 0.00943815 ; 101.354;
18 ; 7 ; 6 ; 0.784265 ; -0.00503079 ; 0.0242991 ; 101.62;
19 ; 7 ; 6 ; 0.782135 ; 0.0140372 ; -0.0101055 ; 101.088;
20 ; 7 ; 6 ; 0.808515 ; 0.0221233 ; 0.0117317 ; 101.347;
21 ; 7 ; 6 ; 0.764695 ; -0.0230154 ; -0.0373019 ; 102.143;
4 ; 8 ; 6 ; 0.778218 ; 0.0425621 ; -0.0172268 ; 101.636;
5 ; 8 ; 6 ; 0.767233 ; -0.0124776 ; 0.00935781 ; 101.535;
6 ; 8 ; 6 ; 0.788693 ; -0.0173901 ; 0.0389878 ; 101.501;
7 ; 8 ; 6 ; 0.815367 ; 0.00665791 ; -0.0148795 ; 101.827;
8 ; 8 ; 6 ; 0.810007 ; 0.0716 ; 0.0332708 ; 101.983;
9 ; 8 ; 6 ; 0.798403 ; -0.0212752 ; 0.0401093 ; 102.262;
10 ; 8 ; 6 ; 0.781045 ; 0.0140657 ; 0.0047696 ; 100.37;
11 ; 8 ; 6 ; 0.817976 ; -0.0112489 ; 0.0401651 ; 101.049;
12 ; 8 ; 6 ; 0.746302 ; 0.00375085 ; 0.0180035 ; 101.558;
13 ; 8 ; 6 ; 0.772658 ; 0.00832276 ; 0.00505248 ; 101.787;
14 ; 8 ; 6 ; 0.769367 ; 0.012864 ; -0.0225408 ; 101.478;
15 ; 8 ; 6 ; 0.751775 ; -0.00135479 ; 0.01069 ; 100.746;
16 ; 8 ; 6 ; 0.746201 ; -0.00722207 ; -0.0138648 ; 101.812;
17 ; 8 ; 6 ; 0.754706 ; -0.0189118 ; -0.0293791 ; 101.939;
18 ; 8 ; 6 ; 0.79473 ; 0.0264681 ; -0.00200331 ; 99.3556;
19 ; 8 ; 6 ; 0.816378 ; 0.0021502 ; 0.00139353 ; 102.489;
20 ; 8 ; 6 ; 0.775413 ; 0.0263274 ; -0.0393643 ; 101.457;
21 ; 8 ; 6 ; 0.80336 ; -0.0284561 ; 0.00989643 ; 101.016;
4 ; 9 ; 6 ; 0.805652 ; 0.00987495 ; -0.0180066 ; 101.745;
5 ; 9 ; 6 ; 0.815395 ; -0.0111762 ; 0.0099193 ; 100.461;
6 ; 9 ; 6 ; 0.785568 ; 0.0119873 ; 0.00269081 ; 100.978;
7 ; 9 ; 6 ; 0.800578 ; 0.00950842 ; -0.00574731 ; 102.406;
8 ; 9 ; 6 ; 0.793252 ; 0.0237361 ; 0.0468858 ; 101.012;
9 ; 9 ; 6 ; 0.77904 ; 0.0128931 ; -0.0104464 ; 100.921;
10 ; 9 ; 6 ; 0.749001 ; -0.00675845 ; 0.00816894 ; 101.228;
11 ; 9 ; 6 ; 0.78405 ; 0.00958734 ; -0.0166787 ; 101.884;
12 ; 9 ; 6 ; 0.761792 ; 0.0137638 ; -0.00157033 ; 102.367;
13 ; 9 ; 6 ; 0.768414 ; 0.0154439 ; 0.0259365 ; 101.292;
14 ; 9 ; 6 ; 0.787997 ; -0.00535106 ; 0.00972003 ; 101.1;
15 ; 9 ; 6 ; 0.757955 ; -0.010916 ; 0.00771281 ; 100.994;
16 ; 9 ; 6 ; 0.763742 ; 0.00819639 ; -0.0243102 ; 102.073;
17 ; 9 ; 6 ; 0.789882 ; 0.00548228 ; -0.0456172 ; 102.544;
18 ; 9 ; 6 ; 0.762747 ; 0.00969923 ; -0.0150352 ; 101.757;
19 ; 9 ; 6 ; 0.746948 ; -0.00832552 ; -0.0330103 ; 101.394;
20 ; 9 ; 6 ; 0.782895 ; -0.0148264 ; 0.00928598 ; 100.972;
21 ; 9 ; 6 ; 0.794173 ; -0.0142571 ; 0.0124548 ; 101.466;
4 ; 10 ; 6 ; 0.781952 ; 0.0117651 ; -0.0115519 ; 101.006;
5 ; 10 ; 6 ; 0.762206 ; -0.0164308 ; -0.00790383 ; 101.746;
6 ; 10 ; 6 ; 0.799536 ; 0.0302234 ; 0.0261697 ; 101.199;
7 ; 10 ; 6 ; 0.785471 ; 0.016718 ; -0.000298141 ; 100.856;
8 ; 10 ; 6 ; 0.788932 ; 0.0131144 ; 0.018146 ; 101.184;
9 ; 10 ; 6 ; 0.785828 ; -0.00628687 ; 0.0128182 ; 100.683;
10 ; 10 ; 6 ; 0.77326 ; -0.00298146 ; 0.004108 ; 101.594;
11 ; 10 ; 6 ; 0.739404 ; -0.0135117 ; 0.00363609 ; 102.665;
12 ; 10 ; 6 ; 0.771344 ; -0.00243058 ; 0.00139615 ; 100.112;
13 ; 10 ; 6 ; 0.774029 ; -0.00810091 ; 0.00395352 ; 102.121;
14 ; 10 ; 6 ; 0.801153 ; -0.00175708 ; 0.0119782 ; 100.081;
15 ; 10 ; 6 ; 0.78631 ; -0.0361066 ; 0.00508146 ; 100.784;
16 ; 10 ; 6 ; 0.758647 ; 0.0110775 ; -0.0525449 ; 99.8881;
17 ; 10 ; 6 ; 0.766812 ; -0.00260095 ; -0.0154823 ; 101.352;
18 ; 10 ; 6 ; 0.779809 ; -0.0498089 ; 0.0285294 ; 100.576;
19 ; 10 ; 6 ; 0.794449 ; 0.0174229 ; 0.02934 ; 100.733;
20 ; 10 ; 6 ; 0.785863 ; -0.0339974 ; 0.00406759 ; 101.433;
21 ; 10 ; 6 ; 0.766456 ; -0.0255439 ; 0.018422 ; 100.583;
4 ; 11 ; 6 ; 0.798218 ; 0.0207761 ; 0.0278046 ; 101.088;
5 ; 11 ; 6 ; 0.826084 ; 0.0456469 ; 0.0195051 ; 100.735;
6 ; 11 ; 6 ; 0.787529 ; 0.00366914 ; -0.000875729 ; 101.49;
7 ; 11 ; 6 ; 0.790621 ; 0.0435516 ; 0.0129039 ; 102.662;
8 ; 11 ; 6 ; 0.751843 ; 0.0106622 ; 0.0198623 ; 101.603;
9 ; 11 ; 6 ; 0.781251 ; 0.00301683 ; -0.0118527 ; 101.096;
10 ; 11 ; 6 ; 0.768765 ; 0.00660245 ; 0.0167703 ; 101.901;
11 ; 11 ; 6 ; 0.794712 ; -0.00361162 ; 0.00880001 ; 102.021;
12 ; 11 ; 6 ; 0.77021 ; 0.00320381 ; 0.00390153 ; 101.652;
13 ; 11 ; 6 ; 0.76682 ; -0.0122571 ; 0.00060256 ; 101.489;
14 ; 11 ; 6 ; 0.764586 ; 0.0215465 ; -0.00607847 ; 100.761;
15 ; 11 ; 6 ; 0.783405 ; 0.0177503 ; -0.0109874 ; 100.071;
16 ; 11 ; 6 ; 0.757817 ; 0.0149822 ; 0.0104609 ; 101.134;
17 ; 11 ; 6 ; 0.744668 ; -0.0260693 ; -0.0466408 ; 101.066;
18 ; 11 ; 6 ; 0.747 ; -0.00812884 ; 0.0186606 ; 101.987;
19 ; 11 ; 6 ; 0.781683 ; 0.0316997 ; -0.00699533 ; 102.609;
20 ; 11 ; 6 ; 0.775124 ; -0.000704364 ; -0.00396473 ; 101.441;
21 ; 11 ; 6 ; 0.770532 ; 0.0162716 ; -0.0066632 ; 102.609;
4 ; 12 ; 6 ; 0.759332 ; -0.0099301 ; -0.00212421 ; 101.861;
5 ; 12 ; 6 ; 0.785673 ; 0.0165144 ; -0.0554833 ; 101.383;
6 ; 12 ; 6 ; 0.78547 ; -0.0208892 ; 0.0118248 ; 101.772;
7 ; 12 ; 6 ; 0.786187 ; 0.0418355 ; -0.0388184 ; 101.155;
8 ; 12 ; 6 ; 0.785138 ; -8.91243e-05 ; -0.00867269 ; 101.421;
9 ; 12 ; 6 ; 0.769014 ; -0.00609472 ; 0.00423454 ; 102.799;
10 ; 12 ; 6 ; 0.762947 ; 0.0277285 ; 0.00556808 ; 102.248;
11 ; 12 ; 6 ; 0.797527 ; 0.0261824 ; 0.000537901 ; 101.563;
12 ; 12 ; 6 ; 0.788445 ; 0.0120456 ; 0.0320386 ; 101.903;
13 ; 12 ; 6 ; 0.786827 ; 0.0264251 ; -0.0241253 ; 101.522;
14 ; 12 ; 6 ; 0.765213 ; 0.0536338 ; 0.0199473 ; 100.985;
15 ; 12 ; 6 ; 0.763704 ; -0.0060525 ; -0.0217952 ; 103.195;
16 ; 12 ; 6 ; 0.772746 ; 0.0168416 ; 0.0170501 ; 102.398;
17 ; 12 ; 6 ; 0.770601 ; -0.0327046 ; 0.0104472 ; 101.689;
18 ; 12 ; 6 ; 0.770822 ; 0.0112904 ; 0.0259178 ; 100.887;
19 ; 12 ; 6 ; 0.806448 ; 0.0038362 ; -0.0250942 ; 100.514;
20 ; 12 ; 6 ; 0.761826 ; 0.0194248 ; -0.0534967 ; 101.077;
21 ; 12 ; 6 ; 0.77176 ; -0.0375489 ; 0.00846721 ; 100.6;
4 ; 13 ; 6 ; 0.763602 ; 0.0029108 ; 0.00688263 ; 101.28;
5 ; 13 ; 6 ; 0.789791 ; -0.00782996 ; 0.0060829 ; 101.412;
6 ; 13 ; 6 ; 0.789205 ; -0.0229949 ; -0.0235074 ; 100.757;
7 ; 13 ; 6 ; 0.795832 ; 0.0105563 ; 0.00725709 ; 101.141;
8 ; 13 ; 6 ; 0.79681 ; 0.00258399 ; 0.0144379 ; 101.779;
9 ; 13 ; 6 ; 0.761548 ; 0.00594314 ; 0.0447275 ; 100.723;
10 ; 13 ; 6 ; 0.785547 ; 0.0358456 ; -0.00147576 ; 101.298;
11 ; 13 ; 6 ; 0.790845 ; 0.0310829 ; 0.0468812 ; 101.067;
12 ; 13 ; 6 ; 0.753588 ; -0.00594393 ; 0.0106801 ; 101.026;
13 ; 13 ; 6 ; 0.789946 ; -0.000781808 ; -0.00787465 ; 101.226;
14 ; 13 ; 6 ; 0.780339 ; 0.0257451 ; 0.00989085 ; 100.881;
15 ; 13 ; 6 ; 0.760513 ; -0.00156638 ; -0.0133917 ; 101.229;
16 ; 13 ; 6 ; 0.801309 ; 0.0366762 ; -0.00528301 ; 101.674;
17 ; 13 ; 6 ; 0.832981 ; 0.00437992 ; -0.0187884 ; 101.804;
18 ; 13 ; 6 ; 0.815284 ; -0.00854628 ; -0.0081347 ; 101.906;
19 ; 13 ; 6 ; 0.790081 ; 0.00702414 ; 0.00627941 ; 101.434;
20 ; 13 ; 6 ; 0.807619 ; -0.0367166 ; -0.00832738 ; 101.323;
21 ; 13 ; 6 ; 0.766722 ; 0.00705172 ; -0.0385644 ; 100.864;
4 ; 14 ; 6 ; 0.814351 ; -0.0040724 ; -0.0105679 ; 101.614;
5 ; 14 ; 6 ; 0.781828 ; 0.00636048 ; -0.00645642 ; 101.059;
6 ; 14 ; 6 ; 0.78207 ; -0.039299 ; 0.0638884 ; 101.608;
7 ; 14 ; 6 ; 0.7945 ; -0.0403066 ; -0.00619645 ; 101.724;
8 ; 14 ; 6 ; 0.794901 ; -0.0371295 ; 0.0235319 ; 101.564;
9 ; 14 ; 6 ; 0.769082 ; -0.0198733 ; 0.0309181 ; 101.434;
10 ; 14 ; 6 ; 0.792659 ; 0.012587 ; -0.00646199 ; 101.578;
11 ; 14 ; 6 ; 0.773603 ; 0.0316989 ; -0.00225043 ; 101.036;
12 ; 14 ; 6 ; 0.746211 ; -0.0144455 ; 0.0221495 ; 100.772;
13 ; 14 ; 6 ; 0.795516 ; 0.00715059 ; 0.0334233 ; 101.062;
14 ; 14 ; 6 ; 0.797285 ; -0.0324555 ; 0.00881586 ; 101.036;
15 ; 14 ; 6 ; 0.750946 ; -0.0234159 ; -0.00941166 ; 100.531;
16 ; 14 ; 6 ; 0.79165 ; 0.0161754 ; 0.0233047 ; 100.831;
17 ; 14 ; 6 ; 0.794234 ; 0.0163166 ; -0.0105533 ; 101.382;
18 ; 14 ; 6 ; 0.760497 ; -0.0148072 ; 0.013772 ; 101.339;
19 ; 14 ; 6 ; 0.774737 ; 0.0271589 ; -0.00501553 ; 101.048;
20 ; 14 ; 6 ; 0.755049 ; 0.0108185 ; 0.0171107 ; 102.017;
21 ; 14 ; 6 ; 0.759189 ; 0.00298671 ; -0.0268533 ; 99.6137;
4 ; 15 ; 6 ; 0.814117 ; 0.0108452 ; 0.00608063 ; 101.391;
5 ; 15 ; 6 ; 0.818037 ; 0.00674134 ; 0.0076784 ; 101.567;
6 ; 15 ; 6 ; 0.801779 ; 0.00371478 ; 0.00112169 ; 102.743;
7 ; 15 ; 6 ; 0.815364 ; 0.00755518 ; -0.0246065 ; 101.447;
8 ; 15 ; 6 ; 0.80425 ; -0.0223132 ; -0.0145364 ; 102.225;
9 ; 15 ; 6 ; 0.78031 ; -0.0178136 ; -0.0247433 ; 101.926;
10 ; 15 ; 6 ; 0.7833 ; 0.00472574 ; 0.0144961 ; 101.666;
11 ; 15 ; 6 ; 0.82386 ; -0.00370079 ; 0.00968991 ; 101.066;
12 ; 15 ; 6 ; 0.768876 ; 0.00496956 ; 0.00586422 ; 100.307;
13 ; 15 ; 6 ; 0.762599 ; 0.0102494 ; 0.00853765 ; 101.43;
14 ; 15 ; 6 ; 0.797102 ; 0.0133711 ; 0.0272879 ; 100.407;
15 ; 15 ; 6 ; 0.754829 ; -0.00622896 ; -0.0110974 ; 101.329;
16 ; 15 ; 6 ; 0.759487 ; 0.0270081 ; 0.013179 ; 103.117;
17 ; 15 ; 6 ; 0.789041 ; 0.0219246 ; 0.0284863 ; 100.924;
18 ; 15 ; 6 ; 0.790816 ; 0.0172358 ; -0.00727364 ; 101.181;
19 ; 15 ; 6 ; 0.773317 ; 0.0205671 ; 0.0165053 ; 102.084;
20 ; 15 ; 6 ; 0.769533 ; -0.00449825 ; -0.0453477 ; 101.582;
21 ; 15 ; 6 ; 0.787109 ; 0.0540828 ; -0.00503768 ; 100.662;
4 ; 16 ; 6 ; 0.779526 ; 0.00872118 ; 0.0159698 ; 101.579;
5 ; 16 ; 6 ; 0.802422 ; 0.030818 ; -0.00318977 ; 101.979;
6 ; 16 ; 6 ; 0.78676 ; -0.0391554 ; 0.0118448 ; 101.719;
7 ; 16 ; 6 ; 0.744076 ; -0.00349899 ; 0.0261897 ; 101.577;
8 ; 16 ; 6 ; 0.7788 ; 0.0184079 ; -0.0260844 ; 101.314;
9 ; 16 ; 6 ; 0.785447 ; -0.0025594 ; -0.0136525 ; 101.244;
10 ; 16 ; 6 ; 0.769866 ; 0.0176381 ; 0.0214417 ; 101.115;
11 ; 16 ; 6 ; 0.790254 ; -0.0160267 ; -0.0161722 ; 102.189;
12 ; 16 ; 6 ; 0.779865 ; 0.0404144 ; -0.0172412 ; 100.833;
13 ; 16 ; 6 ; 0.774844 ; 0.0442862 ; 0.0154461 ; 102.366;
14 ; 16 ; 6 ; 0.785513 ; 0.041732 ; 0.000266228 ; 102.66;
15 ; 16 ; 6 ; 0.799704 ; 0.0154843 ; 0.0419002 ; 100.894;
16 ; 16 ; 6 ; 0.784801 ; 0.00689331 ; 0.00606273 ; 100.497;
17 ; 16 ; 6 ; 0.793854 ; 0.0109152 ; -0.0123049 ; 102.659;
18 ; 16 ; 6 ; 0.784668 ; -0.0252151 ; 0.0364223 ; 101.978;
19 ; 16 ; 6 ; 0.761995 ; 0.0114598 ; 0.0205245 ; 101.964;
20 ; 16 ; 6 ; 0.743683 ; 0.00330393 ; -0.020284 ; 101.606;
21 ; 16 ; 6 ; 0.750248 ; 0.0465291 ; 0.0172333 ; 101.495;
4 ; 17 ; 6 ; 0.806451 ; -0.0338227 ; -0.0129012 ; 101.285;
5 ; 17 ; 6 ; 0.788889 ; -0.0169881 ; 0.00399033 ; 101.136;
6 ; 17 ; 6 ; 0.805187 ; -0.0178435 ; 0.00758332 ; 102.589;
7 ; 17 ; 6 ; 0.814962 ; 0.0226712 ; 0.0156211 ; 101.236;
8 ; 17 ; 6 ; 0.811262 ; -0.0278612 ; -0.0126518 ; 101.393;
9 ; 17 ; 6 ; 0.778088 ; -0.00827756 ; 0.0131329 ; 101.343;
10 ; 17 ; 6 ; 0.791117 ; 0.0405689 ; -0.00373246 ; 99.5337;
11 ; 17 ; 6 ; 0.807525 ; -0.0226272 ; 0.0268429 ; 101.412;
12 ; 17 ; 6 ; 0.735174 ; -0.00673137 ; -0.00067777 ; 99.5544;
13 ; 17 ; 6 ; 0.763934 ; -0.0133431 ; 0.0287884 ; 102.576;
14 ; 17 ; 6 ; 0.770969 ; -0.00215407 ; 0.0234543 ; 100.765;
15 ; 17 ; 6 ; 0.785342 ; 0.0413809 ; 0.0201595 ; 101.412;
16 ; 17 ; 6 ; 0.80131 ; 0.0193107 ; -0.0263589 ; 100.756;
17 ; 17 ; 6 ; 0.795976 ; -0.0281098 ; 0.0180857 ; 101.092;
18 ; 17 ; 6 ; 0.753095 ; -0.0101796 ; 0.0299278 ; 101.614;
19 ; 17 ; 6 ; 0.755357 ; 0.044757 ; -0.0379598 ; 102.968;
20 ; 17 ; 6 ; 0.798418 ; 0.0223311 ; -0.0407741 ; 100.784;
21 ; 17 ; 6 ; 0.792648 ; -0.0109249 ; 0.00436101 ; 100.456;
4 ; 18 ; 6 ; 0.790263 ; -0.0121233 ; 0.0190861 ; 101.537;
5 ; 18 ; 6 ; 0.762404 ; -0.0367888 ; -0.00699539 ; 101.746;
6 ; 18 ; 6 ; 0.808296 ; 0.0113782 ; 0.0114302 ; 100.631;
7 ; 18 ; 6 ; 0.788485 ; -0.00101105 ; 0.00208087 ; 100.56;
8 ; 18 ; 6 ; 0.788611 ; 0.00352906 ; 0.0331349 ; 101.164;
9 ; 18 ; 6 ; 0.77953 ; -0.0102514 ; 0.0305511 ; 101.868;
10 ; 18 ; 6 ; 0.792471 ; -0.00216113 ; 0.00224349 ; 101.464;
11 ; 18 ; 6 ; 0.737444 ; -0.00927159 ; 0.00657687 ; 100.745;
12 ; 18 ; 6 ; 0.785497 ; 0.00216243 ; -0.00407611 ; 101.311;
13 ; 18 ; 6 ; 0.763002 ; -0.00413706 ; 0.00182844 ; 100.435;
14 ; 18 ; 6 ; 0.761725 ; -0.000752122 ; -0.00149998 ; 100.087;
15 ; 18 ; 6 ; 0.789715 ; -0.0171601 ; -0.0211084 ; 101.407;
16 ; 18 ; 6 ; 0.761398 ; 0.0246894 ; -0.0388067 ; 101.626;
17 ; 18 ; 6 ; 0.773388 ; -0.0169456 ; 0.0188427 ; 102.387;
18 ; 18 ; 6 ; 0.778446 ; 0.014759 ; 0.00878012 ; 101.954;
19 ; 18 ; 6 ; 0.789179 ; -0.0061473 ; -0.00735168 ; 100.873;
20 ; 18 ; 6 ; 0.78786 ; 0.0400789 ; 0.0247086 ; 101.567;
21 ; 18 ; 6 ; 0.774709 ; -0.0200385 ; -0.0198798 ; 102.338;
4 ; 19 ; 6 ; 0.780938 ; 0.0269159 ; -0.0243832 ; 101.413;
5 ; 19 ; 6 ; 0.801187 ; -0.0412217 ; 0.00207257 ; 101.556;
6 ; 19 ; 6 ; 0.774358 ; 0.000595233 ; 0.0106793 ; 102.027;
7 ; 19 ; 6 ; 0.776568 ; 0.0719238 ; -0.00428817 ; 100.352;
8 ; 19 ; 6 ; 0.788393 ; -0.024315 ; 0.00348267 ; 101.866;
9 ; 19 ; 6 ; 0.784001 ; 0.0176043 ; 0.00338481 ; 102.339;
10 ; 19 ; 6 ; 0.765854 ; 0.0170588 ; 0.0313472 ; 100.317;
11 ; 19 ; 6 ; 0.737408 ; -0.00535777 ; 0.0174631 ; 100.807;
12 ; 19 ; 6 ; 0.751068 ; 0.00946066 ; -0.0147714 ; 101.625;
13 ; 19 ; 6 ; 0.77125 ; 0.000332722 ; -0.0284325 ; 101.201;
14 ; 19 ; 6 ; 0.760385 ; -0.0135904 ; -0.00295953 ; 102.174;
15 ; 19 ; 6 ; 0.79725 ; -0.0312632 ; -0.0169772 ; 100.339;
16 ; 19 ; 6 ; 0.813555 ; 0.0242744 ; 0.0117297 ; 102.026;
17 ; 19 ; 6 ; 0.82139 ; -0.0119994 ; -0.00057255 ; 102.127;
18 ; 19 ; 6 ; 0.822118 ; -0.00946127 ; 0.0139997 ; 101.391;
19 ; 19 ; 6 ; 0.797567 ; 0.000276334 ; -0.00675386 ; 102.507;
20 ; 19 ; 6 ; 0.747182 ; 0.0073766 ; -0.00185371 ; 102.061;
21 ; 19 ; 6 ; 0.775466 ; 0.0232862 ; -0.0181274 ; 101.931;
4 ; 20 ; 6 ; 0.786532 ; 0.0108072 ; -0.0362049 ; 101.237;
5 ; 20 ; 6 ; 0.779761 ; -0.0217446 ; 0.0297111 ; 100.595;
6 ; 20 ; 6 ; 0.776056 ; 1.53772e-05 ; 0.0261185 ; 101.32;
7 ; 20 ; 6 ; 0.802612 ; -0.00188415 ; 0.00129358 ; 101.588;
8 ; 20 ; 6 ; 0.768802 ; -0.0204266 ; -0.0277956 ; 102.801;
9 ; 20 ; 6 ; 0.757952 ; -0.0185846 ; 0.0210107 ; 101.648;
10 ; 20 ; 6 ; 0.755642 ; -0.000446977 ; 0.0150574 ; 101.727;
11 ; 20 ; 6 ; 0.750615 ; -0.0176483 ; -0.00292101 ; 102.26;
12 ; 20 ; 6 ; 0.781484 ; 0.0274158 ; 0.00954014 ; 101.547;
13 ; 20 ; 6 ; 0.777525 ; 0.0138148 ; -0.00544531 ; 101.297;
14 ; 20 ; 6 ; 0.798872 ; 0.00184868 ; -0.0331332 ; 100.792;
15 ; 20 ; 6 ; 0.751804 ; 0.028302 ; 0.00359736 ; 103.159;
16 ; 20 ; 6 ; 0.790484 ; -0.0128401 ; -0.0176105 ; 101.061;
17 ; 20 ; 6 ; 0.807724 ; 0.0159165 ; -0.0246729 ; 102.423;
18 ; 20 ; 6 ; 0.784413 ; -0.00287162 ; -0.00844818 ; 101.576;
19 ; 20 ; 6 ; 0.784557 ; 0.0199253 ; -0.00584298 ; 101.689;
20 ; 20 ; 6 ; 0.776857 ; -0.0324368 ; 0.00293882 ; 101.654;
21 ; 20 ; 6 ; 0.776978 ; 0.0201847 ; 0.0177016 ; 101.193;
4 ; 21 ; 6 ; 0.787125 ; 0.0169991 ; -0.00314555 ; 100.331;
5 ; 21 ; 6 ; 0.784709 ; -0.0134555 ; -0.034985 ; 100.941;
6 ; 21 ; 6 ; 0.761723 ; -0.00752781 ; -0.00668626 ; 99.6663;
7 ; 21 ; 6 ; 0.803431 ; 0.00832028 ; 0.0126282 ; 101.288;
8 ; 21 ; 6 ; 0.789942 ; 0.000681661 ; 0.0119222 ; 101.069;
9 ; 21 ; 6 ; 0.799218 ; 0.036137 ; 0.0219615 ; 101.231;
10 ; 21 ; 6 ; 0.798747 ; 0.00164417 ; 0.00104426 ; 99.4431;
11 ; 21 ; 6 ; 0.767742 ; 0.00279251 ; -0.0151749 ; 102.173;
12 ; 21 ; 6 ; 0.748299 ; 0.0377895 ; 0.00528138 ; 102.544;
13 ; 21 ; 6 ; 0.793011 ; 0.0115344 ; 0.0144855 ; 100.38;
14 ; 21 ; 6 ; 0.780672 ; -0.0209074 ; -0.014339 ; 102.303;
15 ; 21 ; 6 ; 0.752696 ; -0.0438426 ; -0.0246448 ; 100.667;
16 ; 21 ; 6 ; 0.822851 ; -0.031938 ; 0.0151994 ; 100.911;
17 ; 21 ; 6 ; 0.827061 ; 0.000807613 ; -0.0229596 ; 101.231;
18 ; 21 ; 6 ; 0.808539 ; -0.00308654 ; 0.012439 ; 100.427;
19 ; 21 ; 6 ; 0.800959 ; 0.0323116 ; 0.00445201 ; 101.652;
20 ; 21 ; 6 ; 0.802475 ; -0.0663393 ; -0.0457439 ; 101.695;
21 ; 21 ; 6 ; 0.805535 ; -0.0200093 ; -0.0125084 ; 100.567;
4 ; 4 ; 7 ; 0.685001 ; -0.027086 ; 0.0235428 ; 101.661;
5 ; 4 ; 7 ; 0.682217 ; -0.0171128 ; -0.0174501 ; 101.86;
6 ; 4 ; 7 ; 0.715496 ; 0.00635629 ; -0.00649016 ; 101.775;
7 ; 4 ; 7 ; 0.733003 ; -0.0131357 ; -0.00372332 ; 101.551;
8 ; 4 ; 7 ; 0.714198 ; 0.00466793 ; -0.0190827 ; 101.872;
9 ; 4 ; 7 ; 0.665671 ; 0.0401854 ; -0.00641462 ; 102.523;
10 ; 4 ; 7 ; 0.693659 ; -0.00701629 ; 0.0268504 ; 100.939;
11 ; 4 ; 7 ; 0.709276 ; -0.0384467 ; -0.00414033 ; 102.161;
12 ; 4 ; 7 ; 0.683029 ; 0.00187167 ; -0.00864776 ; 101.463;
13 ; 4 ; 7 ; 0.688635 ; 0.014568 ; -0.0078039 ; 102.696;
14 ; 4 ; 7 ; 0.684564 ; 0.000965308 ; -0.0110971 ; 99.8681;
15 ; 4 ; 7 ; 0.704506 ; -0.0140779 ; 0.0151162 ; 101.831;
16 ; 4 ; 7 ; 0.725922 ; 0.023915 ; 0.00831616 ; 102.444;
17 ; 4 ; 7 ; 0.674107 ; 0.0397867 ; -0.0157839 ; 102.975;
18 ; 4 ; 7 ; 0.686721 ; 0.00676419 ; 0.0150766 ; 100.206;
19 ; 4 ; 7 ; 0.697124 ; 0.00399304 ; -0.0140728 ; 102.306;
20 ; 4 ; 7 ; 0.698868 ; 0.00733147 ; -0.00399383 ; 101.531;
21 ; 4 ; 7 ; 0.702629 ; -0.00522079 ; -0.00931656 ; 102.132;
4 ; 5 ; 7 ; 0.6907 ; -0.00369662 ; 0.0149762 ; 101.028;
5 ; 5 ; 7 ; 0.696569 ; 0.0197656 ; 0.0285207 ; 102.103;
6 ; 5 ; 7 ; 0.698283 ; 0.0414372 ; 0.0254398 ; 101.369;
7 ; 5 ; 7 ; 0.707382 ; -0.0489854 ; 0.0221989 ; 101.431;
8 ; 5 ; 7 ; 0.68031 ; 0.0125545 ; 0.0135116 ; 103.781;
9 ; 5 ; 7 ; 0.686635 ; 0.0151915 ; -0.0448371 ; 99.8694;
10 ; 5 ; 7 ; 0.673193 ; -0.00980455 ; 0.0197249 ; 102.72;
11 ; 5 ; 7 ; 0.678775 ; 0.036532 ; -0.0260264 ; 100.593;
12 ; 5 ; 7 ; 0.692327 ; -0.00217188 ; -0.000147542 ; 102.217;
13 ; 5 ; 7 ; 0.70315 ; 0.017394 ; -0.00116634 ; 101.264;
14 ; 5 ; 7 ; 0.707377 ; 0.0301905 ; -0.0219846 ; 100.531;
15 ; 5 ; 7 ; 0.677004 ; 0.057467 ; 0.00914031 ; 100.434;
16 ; 5 ; 7 ; 0.689868 ; 0.0296431 ; -0.00201976 ; 101.091;
17 ; 5 ; 7 ; 0.700972 ; 0.0146013 ; -0.0115849 ; 101.831;
18 ; 5 ; 7 ; 0.712353 ; -0.0365414 ; -0.0263881 ; 101.144;
19 ; 5 ; 7 ; 0.650296 ; -0.0047212 ; 0.0204789 ; 101.58;
20 ; 5 ; 7 ; 0.695666 ; -0.0257763 ; -0.0136464 ; 101.652;
21 ; 5 ; 7 ; 0.730643 ; 0.0208712 ; 0.0121822 ; 100.936;
4 ; 6 ; 7 ; 0.706491 ; -0.0688363 ; -0.0350163 ; 101.224;
5 ; 6 ; 7 ; 0.698752 ; -0.00979432 ; -0.00197997 ; 100.927;
6 ; 6 ; 7 ; 0.708239 ; -0.0229736 ; -0.0333455 ; 101.439;
7 ; 6 ; 7 ; 0.683485 ; 0.0242992 ; 0.00419881 ; 99.8669;
8 ; 6 ; 7 ; 0.732329 ; 0.05087 ; -0.0500508 ; 101.092;
9 ; 6 ; 7 ; 0.690808 ; 0.00536619 ; 0.0213429 ; 100.081;
10 ; 6 ; 7 ; 0.721409 ; 0.01513 ; 0.0145954 ; 100.461;
11 ; 6 ; 7 ; 0.699008 ; 0.00199834 ; -0.024224 ; 100.558;
12 ; 6 ; 7 ; 0.683895 ; -0.0165479 ; -0.0231721 ; 101.515;
13 ; 6 ; 7 ; 0.699143 ; 0.0313457 ; 0.0025257 ; 100.671;
14 ; 6 ; 7 ; 0.680561 ; 0.00187344 ; -0.0224769 ; 102.98;
15 ; 6 ; 7 ; 0.709143 ; 0.0318917 ; 0.0186941 ; 101.056;
16 ; 6 ; 7 ; 0.703725 ; -0.0151054 ; -0.0151172 ; 101.771;
17 ; 6 ; 7 ; 0.677801 ; 0.0235534 ; -0.0223853 ; 101.133;
18 ; 6 ; 7 ; 0.690356 ; 0.000202691 ; -0.00844118 ; 100.959;
19 ; 6 ; 7 ; 0.682075 ; 0.00169705 ; 0.00070743 ; 101.023;
20 ; 6 ; 7 ; 0.664525 ; -0.0322605 ; 0.00841959 ; 100.192;
21 ; 6 ; 7 ; 0.697062 ; 0.00704602 ; -0.0123414 ; 102.29;
4 ; 7 ; 7 ; 0.706057 ; -0.00840814 ; 0.0155946 ; 101.561;
5 ; 7 ; 7 ; 0.705554 ; -0.0297715 ; -0.0204415 ; 100.855;
6 ; 7 ; 7 ; 0.699147 ; 0.0182274 ; 0.0169881 ; 101.108;
7 ; 7 ; 7 ; 0.691665 ; 0.000768479 ; -0.00260375 ; 101.144;
8 ; 7 ; 7 ; 0.702531 ; 0.0240625 ; 0.00720561 ; 102.886;
9 ; 7 ; 7 ; 0.707317 ; 0.0261681 ; 0.00604891 ; 103;
10 ; 7 ; 7 ; 0.684577 ; -0.0613368 ; -0.0109135 ; 101.254;
11 ; 7 ; 7 ; 0.673485 ; -0.00641039 ; 6.86335e-06 ; 101.303;
12 ; 7 ; 7 ; 0.69956 ; 0.00361643 ; 0.0264921 ; 100.162;
13 ; 7 ; 7 ; 0.687863 ; -0.00739146 ; 0.00160293 ; 101.281;
14 ; 7 ; 7 ; 0.70056 ; -0.000522931 ; 0.00284731 ; 101.724;
15 ; 7 ; 7 ; 0.675842 ; 0.0135298 ; 0.0144137 ; 100.652;
16 ; 7 ; 7 ; 0.726642 ; 0.012949 ; -0.00435984 ; 100.345;
17 ; 7 ; 7 ; 0.698349 ; -0.0265724 ; -0.0136088 ; 101.722;
18 ; 7 ; 7 ; 0.72748 ; -0.00683152 ; -0.011803 ; 101.415;
19 ; 7 ; 7 ; 0.707976 ; 0.000844452 ; 0.00661659 ; 100.716;
20 ; 7 ; 7 ; 0.661531 ; 0.0225798 ; 0.0156603 ; 101.349;
21 ; 7 ; 7 ; 0.677125 ; 0.00428778 ; 0.00523719 ; 101.71;
4 ; 8 ; 7 ; 0.659599 ; -0.0262441 ; -0.0127064 ; 102.289;
5 ; 8 ; 7 ; 0.68491 ; -0.0171073 ; -0.0213537 ; 101.999;
6 ; 8 ; 7 ; 0.716939 ; -0.0191974 ; 0.00980114 ; 100.991;
7 ; 8 ; 7 ; 0.731542 ; -0.00461145 ; 0.00105152 ; 100.604;
8 ; 8 ; 7 ; 0.707885 ; 0.00347431 ; -0.00440853 ; 101.526;
9 ; 8 ; 7 ; 0.675441 ; 0.00213627 ; 0.0318273 ; 101.146;
10 ; 8 ; 7 ; 0.709224 ; -0.0169954 ; 0.0287739 ; 102.042;
11 ; 8 ; 7 ; 0.707695 ; -0.0478419 ; -0.0361543 ; 101.429;
12 ; 8 ; 7 ; 0.695653 ; 0.0386269 ; 0.0214479 ; 101.666;
13 ; 8 ; 7 ; 0.686793 ; 0.0426569 ; -0.0210492 ; 101.619;
14 ; 8 ; 7 ; 0.680582 ; 0.00856991 ; -0.0120658 ; 101.226;
15 ; 8 ; 7 ; 0.674095 ; -0.0199411 ; -0.0336369 ; 100.794;
16 ; 8 ; 7 ; 0.676192 ; 0.000734055 ; 0.0189475 ; 100.352;
17 ; 8 ; 7 ; 0.705136 ; 0.0107085 ; 0.00798959 ; 102.406;
18 ; 8 ; 7 ; 0.720443 ; 3.40209e-05 ; -0.0086737 ; 102.735;
19 ; 8 ; 7 ; 0.715959 ; 0.00849838 ; -0.00838812 ; 101.639;
20 ; 8 ; 7 ; 0.734493 ; 0.0154787 ; 0.0137915 ; 100.775;
21 ; 8 ; 7 ; 0.705524 ; 0.00802492 ; 0.0101027 ; 101.056;
4 ; 9 ; 7 ; 0.690051 ; 0.0052488 ; 0.0314588 ; 101.519;
5 ; 9 ; 7 ; 0.721231 ; -0.0235647 ; -0.026679 ; 102.741;
6 ; 9 ; 7 ; 0.665535 ; 0.0335715 ; -0.0339172 ; 102.522;
7 ; 9 ; 7 ; 0.673673 ; 0.00469035 ; 0.0301421 ; 102.527;
8 ; 9 ; 7 ; 0.687304 ; 0.0139171 ; 0.0204766 ; 101.783;
9 ; 9 ; 7 ; 0.693247 ; 0.00375665 ; 0.00573035 ; 100.938;
10 ; 9 ; 7 ; 0.708176 ; -0.0150065 ; 0.0109182 ; 101.915;
11 ; 9 ; 7 ; 0.693758 ; 0.00279412 ; 0.0124391 ; 101.559;
12 ; 9 ; 7 ; 0.658812 ; -0.0186999 ; -0.0286362 ; 101.167;
13 ; 9 ; 7 ; 0.680219 ; 0.0121756 ; 0.00427613 ; 99.5756;
14 ; 9 ; 7 ; 0.717669 ; 0.0271418 ; 0.00646301 ; 101.908;
15 ; 9 ; 7 ; 0.709905 ; -0.0086745 ; -0.00550019 ; 101.162;
16 ; 9 ; 7 ; 0.690416 ; 0.00634666 ; -0.00116537 ; 101.707;
17 ; 9 ; 7 ; 0.688488 ; -0.000836523 ; -0.0131227 ; 100.311;
18 ; 9 ; 7 ; 0.667859 ; 0.0256549 ; -0.00185675 ; 101.023;
19 ; 9 ; 7 ; 0.717239 ; -0.00750806 ; -0.0117526 ; 101.584;
20 ; 9 ; 7 ; 0.741187 ; -0.0251154 ; -0.00656274 ; 101.855;
21 ; 9 ; 7 ; 0.71233 ; 0.0254577 ; -0.000930699 ; 102.233;
4 ; 10 ; 7 ; 0.69506 ; -0.0436914 ; 0.0190763 ; 102.142;
5 ; 10 ; 7 ; 0.715894 ; -0.0178408 ; -0.00161221 ; 100.426;
6 ; 10 ; 7 ; 0.712057 ; -0.0111618 ; 0.0060411 ; 101.68;
7 ; 10 ; 7 ; 0.715391 ; 0.0148951 ; 0.0190781 ; 100.586;
8 ; 10 ; 7 ; 0.701699 ; 0.0346991 ; 0.00662401 ; 101.124;
9 ; 10 ; 7 ; 0.688582 ; 0.0212637 ; 0.0188074 ; 102.521;
10 ; 10 ; 7 ; 0.703228 ; -0.0187074 ; -0.0285441 ; 101.593;
11 ; 10 ; 7 ; 0.660843 ; 0.0146381 ; 0.0591517 ; 101.096;
12 ; 10 ; 7 ; 0.669789 ; -0.00351711 ; -0.0579553 ; 101.286;
13 ; 10 ; 7 ; 0.705557 ; -0.00892784 ; -0.0302959 ; 101.339;
14 ; 10 ; 7 ; 0.696852 ; -0.00730844 ; -0.00184585 ; 100.979;
15 ; 10 ; 7 ; 0.705297 ; 0.0121949 ; -0.0238586 ; 102.994;
16 ; 10 ; 7 ; 0.698047 ; 0.00531639 ; 0.00162004 ; 101.187;
17 ; 10 ; 7 ; 0.665658 ; 0.0125036 ; -0.0479512 ; 100.964;
18 ; 10 ; 7 ; 0.689091 ; 0.0245361 ; 0.00806436 ; 101.952;
19 ; 10 ; 7 ; 0.698192 ; 0.0166541 ; -0.00108354 ; 102.627;
20 ; 10 ; 7 ; 0.706388 ; 0.00512504 ; -0.0138002 ; 101.578;
21 ; 10 ; 7 ; 0.694454 ; 0.0219807 ; 0.0189091 ; 99.9406;
4 ; 11 ; 7 ; 0.718211 ; -0.00489171 ; 0.0141699 ; 102.202;
5 ; 11 ; 7 ; 0.679124 ; 0.0224338 ; 0.0166746 ; 101.589;
6 ; 11 ; 7 ; 0.686758 ; -0.0237047 ; -0.000206151 ; 101.108;
7 ; 11 ; 7 ; 0.712901 ; 0.0218114 ; 0.0313812 ; 101.484;
8 ; 11 ; 7 ; 0.70315 ; 0.0116839 ; 0.0308079 ; 100.639;
9 ; 11 ; 7 ; 0.709837 ; -0.0504308 ; 0.0215177 ; 100.489;
10 ; 11 ; 7 ; 0.692913 ; 0.010276 ; -0.000273167 ; 101.184;
11 ; 11 ; 7 ; 0.705722 ; 0.027408 ; -0.00316527 ; 100.201;
12 ; 11 ; 7 ; 0.693804 ; 0.0399724 ; 0.00835727 ; 101.166;
13 ; 11 ; 7 ; 0.720584 ; 0.0199591 ; 0.0494282 ; 101.242;
14 ; 11 ; 7 ; 0.681224 ; -0.0262536 ; -0.0095196 ; 101.769;
15 ; 11 ; 7 ; 0.676569 ; 0.0163136 ; -0.0222064 ; 101.839;
16 ; 11 ; 7 ; 0.69723 ; 0.00445823 ; -0.0244594 ; 102.468;
17 ; 11 ; 7 ; 0.672099 ; 0.0334288 ; -0.0505086 ; 101.705;
18 ; 11 ; 7 ; 0.660568 ; 0.00902427 ; 0.00294467 ; 100.972;
19 ; 11 ; 7 ; 0.699307 ; 0.0138297 ; -0.0484327 ; 100.079;
20 ; 11 ; 7 ; 0.677716 ; -0.0033895 ; -0.00537097 ; 101.133;
21 ; 11 ; 7 ; 0.670493 ; -0.00401195 ; 0.00582206 ; 101.539;
4 ; 12 ; 7 ; 0.646757 ; 0.0196566 ; 0.0443443 ; 101.476;
5 ; 12 ; 7 ; 0.699778 ; 0.00371137 ; 0.00763739 ; 102.134;
6 ; 12 ; 7 ; 0.719111 ; -0.011477 ; -0.0152266 ; 99.8194;
7 ; 12 ; 7 ; 0.695276 ; 0.000253834 ; 0.0347094 ; 101.766;
8 ; 12 ; 7 ; 0.682789 ; -0.00194149 ; 0.0164482 ; 100.611;
9 ; 12 ; 7 ; 0.694316 ; -0.0185285 ; -0.00644594 ; 101.078;
10 ; 12 ; 7 ; 0.699331 ; 0.0186702 ; 0.00790184 ; 100.603;
11 ; 12 ; 7 ; 0.672452 ; 0.0400073 ; 0.0290164 ; 101.377;
12 ; 12 ; 7 ; 0.684529 ; 0.00926028 ; 0.0274462 ; 100.799;
13 ; 12 ; 7 ; 0.685004 ; 0.0629307 ; 0.0251626 ; 100.789;
14 ; 12 ; 7 ; 0.686392 ; 0.00803081 ; 0.00552342 ; 101.451;
15 ; 12 ; 7 ; 0.68181 ; 0.030139 ; 0.0131772 ; 102.444;
16 ; 12 ; 7 ; 0.661144 ; -0.0286015 ; 0.0304668 ; 101.435;
17 ; 12 ; 7 ; 0.72876 ; 0.032499 ; 0.0190665 ; 100.374;
18 ; 12 ; 7 ; 0.732729 ; 0.0217382 ; -0.00763685 ; 101.882;
19 ; 12 ; 7 ; 0.708393 ; 0.00336384 ; 0.0100328 ; 101.876;
20 ; 12 ; 7 ; 0.70861 ; -0.0179079 ; -0.00878664 ; 101.043;
21 ; 12 ; 7 ; 0.72088 ; -0.00700832 ; -0.016073 ; 101.928;
4 ; 13 ; 7 ; 0.697239 ; -0.0280097 ; -0.00838566 ; 101.113;
5 ; 13 ; 7 ; 0.684089 ; 0.027817 ; -0.0146634 ; 100.421;
6 ; 13 ; 7 ; 0.71101 ; -0.0285193 ; -0.006286 ; 100.667;
7 ; 13 ; 7 ; 0.688647 ; 0.0201769 ; 0.0300571 ; 102.849;
8 ; 13 ; 7 ; 0.701688 ; -0.00940576 ; 0.00158638 ; 101.896;
9 ; 13 ; 7 ; 0.675864 ; -0.00139884 ; 0.010044 ; 101.735;
10 ; 13 ; 7 ; 0.684075 ; -0.0143961 ; -0.00649145 ; 102.334;
11 ; 13 ; 7 ; 0.687308 ; -0.0247875 ; -0.000616301 ; 101.604;
12 ; 13 ; 7 ; 0.727947 ; -0.0340034 ; -0.0112617 ; 100.926;
13 ; 13 ; 7 ; 0.717489 ; 0.0253382 ; 0.0237912 ; 101.513;
14 ; 13 ; 7 ; 0.701632 ; -0.00139592 ; -0.00199116 ; 101.537;
15 ; 13 ; 7 ; 0.754018 ; 0.0310617 ; 0.030383 ; 101.483;
16 ; 13 ; 7 ; 0.689815 ; -0.0101112 ; -0.0129234 ; 101.652;
17 ; 13 ; 7 ; 0.718167 ; -0.0374492 ; -0.0121678 ; 101.139;
18 ; 13 ; 7 ; 0.682763 ; -0.0166375 ; -0.00754625 ; 101.352;
19 ; 13 ; 7 ; 0.726828 ; -0.0294876 ; 0.0122337 ; 100.649;
20 ; 13 ; 7 ; 0.71656 ; -0.00274253 ; 0.00670148 ; 102.271;
21 ; 13 ; 7 ; 0.717753 ; -0.0144885 ; -0.0112624 ; 101.663;
4 ; 14 ; 7 ; 0.662267 ; 0.000370524 ; 0.0352641 ; 99.985;
5 ; 14 ; 7 ; 0.688982 ; -0.0343363 ; 0.0480001 ; 100.878;
6 ; 14 ; 7 ; 0.698568 ; -0.00482672 ; 0.0544022 ; 102.224;
7 ; 14 ; 7 ; 0.709309 ; 0.0544497 ; 0.0170931 ; 101.241;
8 ; 14 ; 7 ; 0.678641 ; 0.024064 ; -0.0225565 ; 101.152;
9 ; 14 ; 7 ; 0.71593 ; 0.0338393 ; -0.0103112 ; 101.404;
10 ; 14 ; 7 ; 0.708135 ; -0.0186951 ; 0.0518818 ; 102.206;
11 ; 14 ; 7 ; 0.69731 ; -0.0189644 ; 0.0210679 ; 101.037;
12 ; 14 ; 7 ; 0.682045 ; 0.00549769 ; -0.00786805 ; 102.628;
13 ; 14 ; 7 ; 0.691656 ; -0.00927153 ; -0.00301704 ; 100.621;
14 ; 14 ; 7 ; 0.710216 ; 0.0140153 ; -0.0244946 ; 101;
15 ; 14 ; 7 ; 0.738523 ; -0.0215843 ; -0.00803317 ; 100.617;
16 ; 14 ; 7 ; 0.703964 ; -0.0106903 ; -0.0161416 ; 101.69;
17 ; 14 ; 7 ; 0.694673 ; -0.0205371 ; 0.000606355 ; 101.144;
18 ; 14 ; 7 ; 0.718916 ; -0.0106669 ; 0.0132235 ; 101.733;
19 ; 14 ; 7 ; 0.68623 ; 0.0175174 ; -0.0328802 ; 101.36;
20 ; 14 ; 7 ; 0.713066 ; 0.0286248 ; -0.00692714 ; 101.118;
21 ; 14 ; 7 ; 0.686116 ; 0.000302302 ; -0.0436184 ; 101.683;
4 ; 15 ; 7 ; 0.670915 ; -0.0108464 ; 0.0399525 ; 103.095;
5 ; 15 ; 7 ; 0.677237 ; 0.0172714 ; 0.0173693 ; 99.8813;
6 ; 15 ; 7 ; 0.71444 ; 0.0325431 ; -0.0165459 ; 100.814;
7 ; 15 ; 7 ; 0.68297 ; 0.0449943 ; -0.0124493 ; 100.949;
8 ; 15 ; 7 ; 0.690127 ; -0.0197813 ; 0.0126594 ; 102.147;
9 ; 15 ; 7 ; 0.707376 ; 0.00234678 ; 0.0397851 ; 101.336;
10 ; 15 ; 7 ; 0.667075 ; 0.005286 ; 0.0567523 ; 101.391;
11 ; 15 ; 7 ; 0.695508 ; -0.0183588 ; -0.0221763 ; 100.454;
12 ; 15 ; 7 ; 0.629841 ; -0.0265056 ; 0.0177024 ; 101.779;
13 ; 15 ; 7 ; 0.669337 ; 0.00660156 ; -0.0222589 ; 101.936;
14 ; 15 ; 7 ; 0.702034 ; -0.0136283 ; 0.0339876 ; 100.691;
15 ; 15 ; 7 ; 0.731928 ; 0.010515 ; 0.0128181 ; 101.654;
16 ; 15 ; 7 ; 0.697383 ; -0.0496286 ; 0.00400714 ; 102.015;
17 ; 15 ; 7 ; 0.697799 ; -0.0294335 ; 0.00083232 ; 100.705;
18 ; 15 ; 7 ; 0.691027 ; 0.0304821 ; 0.00121267 ; 102.113;
19 ; 15 ; 7 ; 0.698016 ; 0.0243861 ; 0.0212613 ; 101.132;
20 ; 15 ; 7 ; 0.750834 ; 0.0287451 ; 0.00965591 ; 100.655;
21 ; 15 ; 7 ; 0.689341 ; -8.71826e-05 ; 0.00669497 ; 101.502;
4 ; 16 ; 7 ; 0.694784 ; 0.0295735 ; -0.00838744 ; 101.799;
5 ; 16 ; 7 ; 0.707052 ; 0.0511291 ; -0.0263707 ; 101.224;
6 ; 16 ; 7 ; 0.68357 ; 0.0189086 ; 0.0131958 ; 101.761;
7 ; 16 ; 7 ; 0.713219 ; 0.0114721 ; 0.00173174 ; 101.691;
8 ; 16 ; 7 ; 0.728955 ; -0.00857398 ; 0.0276373 ; 100.544;
9 ; 16 ; 7 ; 0.691191 ; -0.00782982 ; 0.026892 ; 101.553;
10 ; 16 ; 7 ; 0.727444 ; -0.00380584 ; 0.00286124 ; 100.944;
11 ; 16 ; 7 ; 0.714902 ; -0.00322755 ; -0.0120852 ; 100.997;
12 ; 16 ; 7 ; 0.680147 ; -0.0414186 ; 0.00190049 ; 101.986;
13 ; 16 ; 7 ; 0.684373 ; 0.0170031 ; 0.00510814 ; 101.059;
14 ; 16 ; 7 ; 0.689298 ; 0.0201701 ; 0.00681236 ; 101.131;
15 ; 16 ; 7 ; 0.697599 ; -0.0183304 ; 0.0123511 ; 101.546;
16 ; 16 ; 7 ; 0.725386 ; -0.0475214 ; -0.0198863 ; 102.309;
17 ; 16 ; 7 ; 0.708639 ; -0.00498255 ; 0.00240249 ; 100.579;
18 ; 16 ; 7 ; 0.668436 ; -0.0188244 ; 0.0148895 ; 101.626;
19 ; 16 ; 7 ; 0.683428 ; 0.0370044 ; -0.00956458 ; 100.766;
20 ; 16 ; 7 ; 0.682509 ; 0.0069523 ; -0.0318298 ; 101.644;
21 ; 16 ; 7 ; 0.667803 ; 0.0461075 ; -0.0276579 ; 101.772;
4 ; 17 ; 7 ; 0.708358 ; -0.0188111 ; -0.026063 ; 100.801;
5 ; 17 ; 7 ; 0.718613 ; -0.0179326 ; 0.0313378 ; 99.9013;
6 ; 17 ; 7 ; 0.707075 ; -0.0260463 ; 0.0151685 ; 101.324;
7 ; 17 ; 7 ; 0.701444 ; -0.0091383 ; 0.0111638 ; 100.832;
8 ; 17 ; 7 ; 0.650521 ; 0.0172266 ; 0.00846188 ; 101.922;
9 ; 17 ; 7 ; 0.68998 ; 0.00891133 ; 0.00635151 ; 101.969;
10 ; 17 ; 7 ; 0.702905 ; 0.0128377 ; 0.0173918 ; 100.84;
11 ; 17 ; 7 ; 0.697133 ; 0.0175752 ; 0.00857041 ; 101.146;
12 ; 17 ; 7 ; 0.669579 ; -0.0097724 ; 0.0141116 ; 102.166;
13 ; 17 ; 7 ; 0.686351 ; -0.00169445 ; 0.0041378 ; 100.894;
14 ; 17 ; 7 ; 0.691961 ; -0.0245149 ; 0.0402771 ; 101.535;
15 ; 17 ; 7 ; 0.699242 ; 0.0179813 ; -0.00850797 ; 100.32;
16 ; 17 ; 7 ; 0.683994 ; 0.00451663 ; -0.00968648 ; 101.843;
17 ; 17 ; 7 ; 0.679865 ; -0.0380022 ; 0.047738 ; 100.606;
18 ; 17 ; 7 ; 0.659347 ; 0.00886186 ; -0.00186876 ; 101.102;
19 ; 17 ; 7 ; 0.666427 ; 0.00424402 ; -0.0253478 ; 101.829;
20 ; 17 ; 7 ; 0.688012 ; 0.0139586 ; -0.014342 ; 101.06;
21 ; 17 ; 7 ; 0.668342 ; 0.00848483 ; -0.0167201 ; 100.469;
4 ; 18 ; 7 ; 0.70312 ; 0.00232065 ; -0.0165424 ; 102.179;
5 ; 18 ; 7 ; 0.686185 ; 0.00464917 ; 0.000410507 ; 100.366;
6 ; 18 ; 7 ; 0.695258 ; -6.02646e-05 ; 0.026406 ; 102.044;
7 ; 18 ; 7 ; 0.681442 ; 0.0238851 ; -0.00883462 ; 101.616;
8 ; 18 ; 7 ; 0.671608 ; 0.00330869 ; -0.0233441 ; 100.407;
9 ; 18 ; 7 ; 0.704717 ; -0.0429927 ; 0.0103172 ; 102.251;
10 ; 18 ; 7 ; 0.699675 ; -0.0421068 ; -0.00221906 ; 101.311;
11 ; 18 ; 7 ; 0.677133 ; -0.00709577 ; 0.00912915 ; 101.659;
12 ; 18 ; 7 ; 0.673133 ; 0.0284224 ; 0.0472696 ; 100.984;
13 ; 18 ; 7 ; 0.687167 ; 0.0481021 ; 0.0322983 ; 100.656;
14 ; 18 ; 7 ; 0.655086 ; -0.0365199 ; -0.0160019 ; 101.139;
15 ; 18 ; 7 ; 0.71836 ; -0.0151487 ; -0.0176084 ; 101.583;
16 ; 18 ; 7 ; 0.73001 ; 0.0155753 ; -0.0142109 ; 100.893;
17 ; 18 ; 7 ; 0.674273 ; 0.0234014 ; 0.0266829 ; 101.835;
18 ; 18 ; 7 ; 0.707096 ; -0.0257986 ; -0.0194792 ; 100.077;
19 ; 18 ; 7 ; 0.703765 ; -0.0133734 ; -0.0276876 ; 101.184;
20 ; 18 ; 7 ; 0.690076 ; 0.00986672 ; -0.0207708 ; 102.063;
21 ; 18 ; 7 ; 0.7185 ; 0.00658904 ; 0.0071073 ; 99.5631;
4 ; 19 ; 7 ; 0.722495 ; 0.019494 ; 0.030875 ; 101.473;
5 ; 19 ; 7 ; 0.740688 ; -0.0244651 ; 0.0440288 ; 100.783;
6 ; 19 ; 7 ; 0.702214 ; -0.010349 ; -0.007353 ; 102.274;
7 ; 19 ; 7 ; 0.721846 ; 0.023817 ; 0.0359491 ; 100.814;
8 ; 19 ; 7 ; 0.719352 ; -0.00559202 ; -0.0053409 ; 101.021;
9 ; 19 ; 7 ; 0.697447 ; 0.0136535 ; -0.0015605 ; 101.063;
10 ; 19 ; 7 ; 0.693286 ; 0.0199078 ; -0.00795174 ; 102.472;
11 ; 19 ; 7 ; 0.711142 ; 0.0101181 ; 0.0165079 ; 100.59;
12 ; 19 ; 7 ; 0.682129 ; -0.00548622 ; 0.0035242 ; 101.901;
13 ; 19 ; 7 ; 0.659009 ; -0.00258111 ; 0.0047892 ; 100.98;
14 ; 19 ; 7 ; 0.705946 ; -0.015793 ; 0.0192871 ; 102.466;
15 ; 19 ; 7 ; 0.715139 ; -0.0224338 ; -0.0166679 ; 101.136;
16 ; 19 ; 7 ; 0.743333 ; 0.00380373 ; 0.0192966 ; 102.784;
17 ; 19 ; 7 ; 0.679511 ; -0.040294 ; 0.0161889 ; 101.337;
18 ; 19 ; 7 ; 0.730257 ; -0.0207082 ; -0.0120475 ; 101.908;
19 ; 19 ; 7 ; 0.685762 ; -0.0281967 ; -0.00393599 ; 100.812;
20 ; 19 ; 7 ; 0.691748 ; 0.00262851 ; -0.00396542 ; 102.015;
21 ; 19 ; 7 ; 0.703161 ; 0.0179479 ; -0.0199863 ; 100.403;
4 ; 20 ; 7 ; 0.706586 ; 0.0171597 ; -0.0296928 ; 100.967;
5 ; 20 ; 7 ; 0.658339 ; -0.0279067 ; -0.0120762 ; 101.207;
6 ; 20 ; 7 ; 0.707288 ; -0.0303256 ; -0.0251207 ; 101.724;
7 ; 20 ; 7 ; 0.716398 ; 0.00736742 ; -0.0103655 ; 100.621;
8 ; 20 ; 7 ; 0.699703 ; -0.0314173 ; 0.0015877 ; 101.881;
9 ; 20 ; 7 ; 0.724456 ; 0.0110395 ; -0.01002 ; 101.564;
10 ; 20 ; 7 ; 0.678588 ; 0.0487762 ; -0.0124684 ; 100.586;
11 ; 20 ; 7 ; 0.673312 ; 0.0250294 ; -0.000868065 ; 100.289;
12 ; 20 ; 7 ; 0.691456 ; 0.00540934 ; 0.0152978 ; 102.494;
13 ; 20 ; 7 ; 0.703757 ; 0.0160013 ; -0.0121058 ; 101.275;
14 ; 20 ; 7 ; 0.670427 ; -0.00103237 ; -0.00449238 ; 101.491;
15 ; 20 ; 7 ; 0.630305 ; -0.00550941 ; 0.0133034 ; 102.105;
16 ; 20 ; 7 ; 0.681788 ; 0.00429249 ; -0.0102382 ; 100.653;
17 ; 20 ; 7 ; 0.67813 ; -0.0182036 ; -0.000433009 ; 101.133;
18 ; 20 ; 7 ; 0.698561 ; -0.023572 ; 0.00373486 ; 101.067;
19 ; 20 ; 7 ; 0.705577 ; 0.0116548 ; -0.0238365 ; 101.207;
20 ; 20 ; 7 ; 0.656286 ; 0.0052953 ; 0.00914575 ; 100.628;
21 ; 20 ; 7 ; 0.671489 ; -0.00896111 ; -0.00443591 ; 102.429;
4 ; 21 ; 7 ; 0.667163 ; -0.00332108 ; 0.0010548 ; 101.369;
5 ; 21 ; 7 ; 0.6758 ; -0.00358113 ; -0.0217556 ; 101.381;
6 ; 21 ; 7 ; 0.671074 ; 0.0331785 ; 0.0178477 ; 101.849;
7 ; 21 ; 7 ; 0.681246 ; -0.0150039 ; -0.0452584 ; 101.468;
8 ; 21 ; 7 ; 0.71347 ; -0.013573 ; 0.00696977 ; 102.302;
9 ; 21 ; 7 ; 0.690558 ; 0.0191184 ; 0.00716246 ; 100.349;
10 ; 21 ; 7 ; 0.650867 ; 0.0209013 ; -0.0161776 ; 103.408;
11 ; 21 ; 7 ; 0.739737 ; -0.0311427 ; 0.0134055 ; 102.4;
12 ; 21 ; 7 ; 0.690012 ; -0.0109618 ; 0.0213467 ; 100.995;
13 ; 21 ; 7 ; 0.672489 ; -0.00283049 ; 0.0186296 ; 101.073;
14 ; 21 ; 7 ; 0.699591 ; -0.00497379 ; 0.00508642 ; 100.404;
15 ; 21 ; 7 ; 0.707918 ; 0.00978201 ; -0.0246286 ; 101.126;
16 ; 21 ; 7 ; 0.670287 ; -0.0119082 ; -0.0189287 ; 101.204;
17 ; 21 ; 7 ; 0.662765 ; -0.0235495 ; 0.00769234 ; 102.088;
18 ; 21 ; 7 ; 0.696796 ; 0.0127113 ; 0.00758773 ; 101.902;
19 ; 21 ; 7 ; 0.692696 ; 0.0147501 ; -0.0134609 ; 101.05;
20 ; 21 ; 7 ; 0.691106 ; -0.0104891 ; 0.00993266 ; 101.659;
21 ; 21 ; 7 ; 0.707961 ; 0.0245186 ; -0.0219043 ; 101.634;
4 ; 4 ; 8 ; 0.617493 ; 0.0272316 ; 0.0412776 ; 101.38;
5 ; 4 ; 8 ; 0.624243 ; -0.00109044 ; 0.00126002 ; 102.108;
6 ; 4 ; 8 ; 0.616087 ; 0.0268427 ; -0.00501581 ; 100.057;
7 ; 4 ; 8 ; 0.6146 ; -0.00863667 ; 0.00303826 ; 100.246;
8 ; 4 ; 8 ; 0.643435 ; 0.000694941 ; -0.017255 ; 101.757;
9 ; 4 ; 8 ; 0.608528 ; -0.00976694 ; 0.0396449 ; 101.814;
10 ; 4 ; 8 ; 0.574664 ; -0.0242417 ; -0.00142346 ; 101.173;
11 ; 4 ; 8 ; 0.581693 ; -0.00338894 ; 0.0245784 ; 100.106;
12 ; 4 ; 8 ; 0.588865 ; 0.0148957 ; -0.0222158 ; 100.059;
13 ; 4 ; 8 ; 0.635123 ; 0.00643852 ; -0.00536745 ; 100.743;
14 ; 4 ; 8 ; 0.579713 ; 0.0216912 ; -0.0291849 ; 101.727;
15 ; 4 ; 8 ; 0.625487 ; -0.00601245 ; 0.00202353 ; 100.681;
16 ; 4 ; 8 ; 0.584782 ; -0.00853118 ; -0.00800806 ; 102.087;
17 ; 4 ; 8 ; 0.641654 ; -0.0134752 ; 0.0191263 ; 101.183;
18 ; 4 ; 8 ; 0.625719 ; 0.00094301 ; 0.00557984 ; 102.012;
19 ; 4 ; 8 ; 0.628303 ; 0.0251823 ; -0.0368135 ; 100.761;
20 ; 4 ; 8 ; 0.606874 ; 0.00540598 ; -0.0166099 ; 101.686;
21 ; 4 ; 8 ; 0.594072 ; 0.00623544 ; 0.00128549 ; 100.751;
4 ; 5 ; 8 ; 0.626043 ; -0.00920083 ; -0.0316288 ; 101.925;
5 ; 5 ; 8 ; 0.64088 ; 0.0092239 ; -0.0137135 ; 102.145;
6 ; 5 ; 8 ; 0.59414 ; -0.0297951 ; -0.00960679 ; 101.774;
7 ; 5 ; 8 ; 0.593374 ; 0.0144788 ; -0.00275067 ; 102.124;
8 ; 5 ; 8 ; 0.620134 ; 0.0408704 ; 0.012362 ; 101.978;
9 ; 5 ; 8 ; 0.605873 ; 0.0384923 ; -0.0193404 ; 101.219;
10 ; 5 ; 8 ; 0.62407 ; 0.0042774 ; 0.0211707 ; 101.135;
11 ; 5 ; 8 ; 0.600847 ; 0.0205405 ; -0.0109898 ; 101.529;
12 ; 5 ; 8 ; 0.627736 ; 0.00384018 ; 0.0196682 ; 102.407;
13 ; 5 ; 8 ; 0.616364 ; 0.00137379 ; 0.0165109 ; 101.204;
14 ; 5 ; 8 ; 0.575572 ; 2.04615e-05 ; 0.0367619 ; 100.039;
15 ; 5 ; 8 ; 0.604467 ; 0.0179799 ; 0.0307659 ; 102.569;
16 ; 5 ; 8 ; 0.586659 ; 0.0117765 ; -0.0328366 ; 102.449;
17 ; 5 ; 8 ; 0.612619 ; -0.0209316 ; -0.00363088 ; 100.507;
18 ; 5 ; 8 ; 0.613523 ; 0.00487509 ; 0.0065253 ; 100.471;
19 ; 5 ; 8 ; 0.606324 ; 0.0137084 ; 0.0125181 ; 99.8163;
20 ; 5 ; 8 ; 0.599039 ; 0.00571903 ; 0.0222691 ; 101.853;
21 ; 5 ; 8 ; 0.582773 ; -0.0391253 ; 0.00923382 ; 99.9875;
4 ; 6 ; 8 ; 0.577586 ; 0.0305673 ; -0.00772788 ; 101.714;
5 ; 6 ; 8 ; 0.63371 ; -0.0258604 ; 0.0135334 ; 102.254;
6 ; 6 ; 8 ; 0.605845 ; -0.0348675 ; -0.00879117 ; 99.6431;
7 ; 6 ; 8 ; 0.611734 ; 0.00562556 ; 0.0141709 ; 99.6919;
8 ; 6 ; 8 ; 0.58842 ; 0.0281607 ; -0.0363993 ; 100.274;
9 ; 6 ; 8 ; 0.58351 ; 0.00201434 ; 0.00645191 ; 101.438;
10 ; 6 ; 8 ; 0.59631 ; -0.00278029 ; -0.014087 ; 102.166;
11 ; 6 ; 8 ; 0.591618 ; -0.0145397 ; 0.0230621 ; 101.312;
12 ; 6 ; 8 ; 0.606781 ; 0.0353184 ; 0.0106688 ; 101.237;
13 ; 6 ; 8 ; 0.558547 ; -0.0263054 ; 0.00641678 ; 102.086;
14 ; 6 ; 8 ; 0.630534 ; 0.00269472 ; -0.0282206 ; 99.6956;
15 ; 6 ; 8 ; 0.645516 ; -0.00425002 ; -0.0448606 ; 101.097;
16 ; 6 ; 8 ; 0.609077 ; -0.00653977 ; -0.00839298 ; 101.009;
17 ; 6 ; 8 ; 0.624662 ; -0.00400197 ; -6.05319e-05 ; 101.649;
18 ; 6 ; 8 ; 0.607898 ; -0.00325685 ; 0.0169704 ; 101.849;
19 ; 6 ; 8 ; 0.598077 ; -0.00935111 ; -0.0430161 ; 99.405;
20 ; 6 ; 8 ; 0.608878 ; 0.0158413 ; 0.0328972 ; 101.757;
21 ; 6 ; 8 ; 0.603793 ; 0.00816134 ; 0.00676204 ; 101.123;
4 ; 7 ; 8 ; 0.604271 ; 0.00242297 ; -0.0188192 ; 102.52;
5 ; 7 ; 8 ; 0.633023 ; 0.030885 ; 0.00698946 ; 101.837;
6 ; 7 ; 8 ; 0.631477 ; -0.000166547 ; -0.00253525 ; 101.469;
7 ; 7 ; 8 ; 0.661328 ; -0.0202325 ; -0.0202293 ; 100.401;
8 ; 7 ; 8 ; 0.586609 ; -0.00122948 ; 0.0160663 ; 101.908;
9 ; 7 ; 8 ; 0.588937 ; -0.00127599 ; -0.00659998 ; 99.9369;
10 ; 7 ; 8 ; 0.60346 ; -0.0202647 ; 0.0136459 ; 102.884;
11 ; 7 ; 8 ; 0.598242 ; 0.0221921 ; 0.00828919 ; 100.858;
12 ; 7 ; 8 ; 0.60097 ; 0.0185683 ; -0.0341592 ; 100.867;
13 ; 7 ; 8 ; 0.629775 ; -0.0335895 ; 0.00408294 ; 101.189;
14 ; 7 ; 8 ; 0.609017 ; -0.0156156 ; -0.00340078 ; 102.469;
15 ; 7 ; 8 ; 0.634199 ; -0.0266694 ; 0.0115833 ; 101.399;
16 ; 7 ; 8 ; 0.596626 ; 0.0092612 ; -0.0179326 ; 101.001;
17 ; 7 ; 8 ; 0.616828 ; 0.0345094 ; -0.012304 ; 100.969;
18 ; 7 ; 8 ; 0.612003 ; 0.0120122 ; -0.0137798 ; 102.014;
19 ; 7 ; 8 ; 0.586603 ; -0.0251299 ; 0.00465874 ; 101.841;
20 ; 7 ; 8 ; 0.597413 ; 0.0111472 ; -0.0271389 ; 102.649;
21 ; 7 ; 8 ; 0.59611 ; 0.00478584 ; -0.00256023 ; 101.379;
4 ; 8 ; 8 ; 0.615489 ; 0.0143696 ; 0.0132507 ; 101.419;
5 ; 8 ; 8 ; 0.627195 ; -0.00361411 ; -0.0105231 ; 100.943;
6 ; 8 ; 8 ; 0.628549 ; 0.0110654 ; -0.000806693 ; 100.368;
7 ; 8 ; 8 ; 0.618935 ; 0.0141186 ; -0.00225026 ; 100.141;
8 ; 8 ; 8 ; 0.615866 ; 0.0222155 ; -0.00497167 ; 101.063;
9 ; 8 ; 8 ; 0.63787 ; 0.00420045 ; 0.0260982 ; 101.626;
10 ; 8 ; 8 ; 0.613749 ; -0.0374337 ; 0.00244916 ; 101.627;
11 ; 8 ; 8 ; 0.584333 ; 0.0182049 ; 0.00598144 ; 101.672;
12 ; 8 ; 8 ; 0.59229 ; -0.0274806 ; 0.0102311 ; 101.449;
13 ; 8 ; 8 ; 0.605961 ; -0.0103079 ; -0.00795979 ; 102.411;
14 ; 8 ; 8 ; 0.591592 ; 0.0119547 ; -0.00688264 ; 102.847;
15 ; 8 ; 8 ; 0.640725 ; 0.0153066 ; -0.0138126 ; 101.408;
16 ; 8 ; 8 ; 0.570314 ; -0.00895348 ; -0.00505512 ; 101.901;
17 ; 8 ; 8 ; 0.634875 ; 0.0684342 ; 0.0386157 ; 101.579;
18 ; 8 ; 8 ; 0.592967 ; 0.0172708 ; -0.01218 ; 100.599;
19 ; 8 ; 8 ; 0.585201 ; 0.036891 ; -0.0459273 ; 101.312;
20 ; 8 ; 8 ; 0.611605 ; 0.000320978 ; 0.0132241 ; 101.275;
21 ; 8 ; 8 ; 0.615379 ; 0.0335873 ; 0.00304307 ; 101.117;
4 ; 9 ; 8 ; 0.60582 ; 0.0541069 ; -0.00815412 ; 102.979;
5 ; 9 ; 8 ; 0.624528 ; 0.00512701 ; 0.00612726 ; 100.304;
6 ; 9 ; 8 ; 0.60824 ; -0.0142083 ; 0.000364022 ; 100.724;
7 ; 9 ; 8 ; 0.612992 ; 0.0278614 ; -0.019651 ; 102.159;
8 ; 9 ; 8 ; 0.63655 ; 0.0392048 ; -0.00567256 ; 101.746;
9 ; 9 ; 8 ; 0.647345 ; 0.013427 ; -0.000830667 ; 101.278;
10 ; 9 ; 8 ; 0.615617 ; 0.0162331 ; -0.00237385 ; 100.963;
11 ; 9 ; 8 ; 0.586748 ; 0.0237372 ; 0.0334009 ; 102.519;
12 ; 9 ; 8 ; 0.623293 ; 0.0224271 ; 0.00983496 ; 101.846;
13 ; 9 ; 8 ; 0.624917 ; -0.0144238 ; 0.00818058 ; 100.122;
14 ; 9 ; 8 ; 0.621413 ; -0.0434981 ; 0.0356684 ; 100.889;
15 ; 9 ; 8 ; 0.623955 ; 0.0338341 ; -0.00120598 ; 101.908;
16 ; 9 ; 8 ; 0.58642 ; -0.0428889 ; 0.00302661 ; 101.866;
17 ; 9 ; 8 ; 0.615341 ; -0.0177716 ; 0.00805547 ; 101.416;
18 ; 9 ; 8 ; 0.655 ; -0.0148511 ; -0.0149038 ; 100.547;
19 ; 9 ; 8 ; 0.623682 ; 0.0111261 ; -0.0118334 ; 101.538;
20 ; 9 ; 8 ; 0.605733 ; -0.0531691 ; -0.0329047 ; 101.323;
21 ; 9 ; 8 ; 0.623322 ; -0.0291429 ; -0.00902908 ; 101.304;
4 ; 10 ; 8 ; 0.60417 ; -0.00845753 ; -0.00672941 ; 99.9525;
5 ; 10 ; 8 ; 0.610316 ; 0.000407964 ; 0.00508624 ; 101.319;
6 ; 10 ; 8 ; 0.589413 ; 0.00179276 ; -0.000829749 ; 101.386;
7 ; 10 ; 8 ; 0.621486 ; 0.00151981 ; -0.00206426 ; 101.356;
8 ; 10 ; 8 ; 0.615595 ; 0.00728973 ; 0.0108825 ; 101.374;
9 ; 10 ; 8 ; 0.602481 ; -0.0140372 ; 0.0386507 ; 101.484;
10 ; 10 ; 8 ; 0.58494 ; -0.0147746 ; -0.0199121 ; 101.667;
11 ; 10 ; 8 ; 0.590644 ; 0.0175128 ; 0.0312395 ; 101.326;
12 ; 10 ; 8 ; 0.615937 ; -0.0384132 ; -0.0109611 ; 101.958;
13 ; 10 ; 8 ; 0.604516 ; 0.00537704 ; -0.00847363 ; 102.889;
14 ; 10 ; 8 ; 0.574112 ; -0.0136238 ; 0.0181147 ; 101.804;
15 ; 10 ; 8 ; 0.62252 ; -0.00229226 ; 0.00678015 ; 101.173;
16 ; 10 ; 8 ; 0.589574 ; -0.0316378 ; 0.0505159 ; 101.538;
17 ; 10 ; 8 ; 0.581806 ; -0.0291618 ; 0.020386 ; 100.902;
18 ; 10 ; 8 ; 0.629968 ; -0.0452187 ; 0.014549 ; 100.083;
19 ; 10 ; 8 ; 0.614523 ; -0.0217342 ; -0.00650893 ; 101.162;
20 ; 10 ; 8 ; 0.562981 ; 0.0448696 ; -0.00337121 ; 102.152;
21 ; 10 ; 8 ; 0.59783 ; 0.0141466 ; -0.0233699 ; 101.276;
4 ; 11 ; 8 ; 0.567662 ; 0.00221707 ; 0.0375732 ; 99.9744;
5 ; 11 ; 8 ; 0.634359 ; -0.0172309 ; 0.0251672 ; 102.264;
6 ; 11 ; 8 ; 0.634231 ; 0.0136219 ; -0.0243978 ; 101.973;
7 ; 11 ; 8 ; 0.605019 ; 0.0122908 ; 0.021035 ; 101.334;
8 ; 11 ; 8 ; 0.629993 ; -0.015222 ; 0.0340051 ; 101.461;
9 ; 11 ; 8 ; 0.612618 ; -0.0361378 ; -0.005144 ; 100.636;
10 ; 11 ; 8 ; 0.614935 ; -0.0252739 ; 0.0408354 ; 101.874;
11 ; 11 ; 8 ; 0.571961 ; 0.0112965 ; 0.0670983 ; 100.411;
12 ; 11 ; 8 ; 0.606153 ; -0.0512526 ; -0.0286994 ; 101.528;
13 ; 11 ; 8 ; 0.606249 ; -0.0426005 ; 0.0439156 ; 101.159;
14 ; 11 ; 8 ; 0.618863 ; -0.0216315 ; -0.0156874 ; 101.21;
15 ; 11 ; 8 ; 0.59707 ; -0.0119103 ; 0.0099555 ; 102.227;
16 ; 11 ; 8 ; 0.603883 ; -0.0162213 ; -0.0528033 ; 101.864;
17 ; 11 ; 8 ; 0.614791 ; -0.0337264 ; -0.00453267 ; 100.806;
18 ; 11 ; 8 ; 0.618473 ; 0.0158116 ; -0.0335983 ; 100.435;
19 ; 11 ; 8 ; 0.595155 ; -0.0435372 ; 0.0123469 ; 102.061;
20 ; 11 ; 8 ; 0.604599 ; -0.0236386 ; 0.0199111 ; 101.539;
21 ; 11 ; 8 ; 0.612874 ; 0.00621248 ; -0.00552939 ; 100.116;
4 ; 12 ; 8 ; 0.588524 ; 0.0137332 ; 0.014856 ; 101.922;
5 ; 12 ; 8 ; 0.595072 ; -0.00740583 ; 0.00648878 ; 101.277;
6 ; 12 ; 8 ; 0.622177 ; 0.0120307 ; 0.0116094 ; 101.764;
7 ; 12 ; 8 ; 0.648676 ; -0.0212119 ; -0.000293554 ; 100.118;
8 ; 12 ; 8 ; 0.609748 ; -0.0102284 ; -0.0107035 ; 101.005;
9 ; 12 ; 8 ; 0.651338 ; 0.000216662 ; -0.0228901 ; 101.851;
10 ; 12 ; 8 ; 0.643416 ; 0.00640766 ; -0.0137947 ; 101.427;
11 ; 12 ; 8 ; 0.560447 ; 0.0108106 ; -0.0227466 ; 100.483;
12 ; 12 ; 8 ; 0.599139 ; -0.0305806 ; 0.00769168 ; 100.786;
13 ; 12 ; 8 ; 0.591521 ; -0.0242407 ; 0.0175086 ; 100.845;
14 ; 12 ; 8 ; 0.611248 ; -0.00931257 ; -0.00681006 ; 101.409;
15 ; 12 ; 8 ; 0.609811 ; 0.0123641 ; 0.0191494 ; 100.993;
16 ; 12 ; 8 ; 0.600134 ; 0.0314208 ; 0.00567324 ; 100.652;
17 ; 12 ; 8 ; 0.621509 ; -0.00998228 ; 0.045431 ; 100.824;
18 ; 12 ; 8 ; 0.590536 ; -0.000429689 ; -0.00491207 ; 101.866;
19 ; 12 ; 8 ; 0.616205 ; -0.00967948 ; -0.00863175 ; 101.198;
20 ; 12 ; 8 ; 0.594084 ; -0.01288 ; -0.0236607 ; 101.729;
21 ; 12 ; 8 ; 0.6286 ; 0.00979714 ; -0.0240532 ; 100.601;
4 ; 13 ; 8 ; 0.602372 ; -0.012587 ; -0.0143727 ; 100.248;
5 ; 13 ; 8 ; 0.620735 ; 0.0215263 ; -0.0172817 ; 101.907;
6 ; 13 ; 8 ; 0.625008 ; 0.00252037 ; -0.020817 ; 101.824;
7 ; 13 ; 8 ; 0.58305 ; 0.00283927 ; 0.0122267 ; 101.377;
8 ; 13 ; 8 ; 0.61478 ; 0.016356 ; 0.0222137 ; 100.011;
9 ; 13 ; 8 ; 0.603926 ; 0.0127491 ; -0.00706868 ; 101.752;
10 ; 13 ; 8 ; 0.579381 ; 0.0291139 ; 0.00395319 ; 101.851;
11 ; 13 ; 8 ; 0.620552 ; 0.00582641 ; -0.0121664 ; 101.159;
12 ; 13 ; 8 ; 0.637908 ; -0.0473914 ; -0.0118058 ; 101.491;
13 ; 13 ; 8 ; 0.585518 ; 0.00340741 ; -0.000141548 ; 100.888;
14 ; 13 ; 8 ; 0.608165 ; 0.0131184 ; -0.022822 ; 100.961;
15 ; 13 ; 8 ; 0.562875 ; -0.0371661 ; 0.00438617 ; 100.889;
16 ; 13 ; 8 ; 0.573072 ; 0.00678342 ; 0.00224364 ; 100.724;
17 ; 13 ; 8 ; 0.61976 ; 0.00230394 ; 0.00285561 ; 101.557;
18 ; 13 ; 8 ; 0.621132 ; -0.00760467 ; -0.0333135 ; 101.049;
19 ; 13 ; 8 ; 0.639001 ; 0.00832154 ; -0.0161194 ; 101.909;
20 ; 13 ; 8 ; 0.638515 ; -0.00437659 ; 0.011476 ; 101.471;
21 ; 13 ; 8 ; 0.633451 ; 0.00500026 ; -0.00573069 ; 100.546;
4 ; 14 ; 8 ; 0.596911 ; -0.00445084 ; -0.0049671 ; 102.791;
5 ; 14 ; 8 ; 0.574373 ; 0.0287623 ; -0.0333203 ; 101.519;
6 ; 14 ; 8 ; 0.616004 ; 0.0317474 ; -0.00416384 ; 102.142;
7 ; 14 ; 8 ; 0.578706 ; 0.00106261 ; 0.00866435 ; 102.221;
8 ; 14 ; 8 ; 0.580432 ; 0.0320395 ; 0.0295379 ; 100.424;
9 ; 14 ; 8 ; 0.595437 ; 0.0196147 ; 0.0242883 ; 101.432;
10 ; 14 ; 8 ; 0.603193 ; 0.0062386 ; -0.0500301 ; 100.44;
11 ; 14 ; 8 ; 0.641417 ; -0.00339056 ; 0.00688569 ; 101.579;
12 ; 14 ; 8 ; 0.623351 ; -0.010636 ; 0.0138584 ; 101.41;
13 ; 14 ; 8 ; 0.564718 ; 0.00402006 ; 0.00774389 ; 100.964;
14 ; 14 ; 8 ; 0.624406 ; 0.0105994 ; 0.00417255 ; 101.258;
15 ; 14 ; 8 ; 0.600812 ; 0.0156408 ; 0.030465 ; 102.274;
16 ; 14 ; 8 ; 0.628741 ; -0.00367232 ; -0.00815716 ; 101.017;
17 ; 14 ; 8 ; 0.609227 ; -0.000187424 ; -0.0112323 ; 101.214;
18 ; 14 ; 8 ; 0.631396 ; -0.0107792 ; 0.0027213 ; 101.574;
19 ; 14 ; 8 ; 0.635623 ; -0.00658909 ; -0.0304309 ; 101.68;
20 ; 14 ; 8 ; 0.638818 ; -0.025098 ; -0.0366925 ; 100.676;
21 ; 14 ; 8 ; 0.628953 ; -0.0120895 ; 0.00877293 ; 100.164;
4 ; 15 ; 8 ; 0.623467 ; 0.0160741 ; 0.00577586 ; 100.743;
5 ; 15 ; 8 ; 0.591526 ; 0.0209541 ; 0.00434828 ; 101.282;
6 ; 15 ; 8 ; 0.587183 ; 0.0304262 ; -0.0379725 ; 101.674;
7 ; 15 ; 8 ; 0.569572 ; -0.00365997 ; -0.0225746 ; 100.835;
8 ; 15 ; 8 ; 0.59447 ; 0.0170514 ; 0.033055 ; 102.34;
9 ; 15 ; 8 ; 0.620879 ; 0.011515 ; 0.0322312 ; 101.425;
10 ; 15 ; 8 ; 0.607915 ; 0.0267736 ; 0.0101882 ; 102.427;
11 ; 15 ; 8 ; 0.626821 ; 0.0145938 ; 0.0231081 ; 101.397;
12 ; 15 ; 8 ; 0.604397 ; -0.00672463 ; 0.00983508 ; 102.052;
13 ; 15 ; 8 ; 0.562886 ; 0.00741177 ; -0.0100459 ; 101.054;
14 ; 15 ; 8 ; 0.585243 ; -0.0398736 ; -0.0220322 ; 101.932;
15 ; 15 ; 8 ; 0.583102 ; 0.0088507 ; 0.0338802 ; 102.228;
16 ; 15 ; 8 ; 0.576796 ; -0.00435809 ; 0.00575131 ; 101.846;
17 ; 15 ; 8 ; 0.633724 ; -0.00100963 ; 0.00576485 ; 100.847;
18 ; 15 ; 8 ; 0.610244 ; 0.0257011 ; -0.0251992 ; 100.9;
19 ; 15 ; 8 ; 0.666793 ; -0.0290696 ; 0.0198893 ; 100.867;
20 ; 15 ; 8 ; 0.619387 ; -0.00926403 ; -0.00682319 ; 102.344;
21 ; 15 ; 8 ; 0.579739 ; 0.00569502 ; -0.000785697 ; 100.212;
4 ; 16 ; 8 ; 0.602544 ; 0.00911122 ; -0.0145733 ; 101.264;
5 ; 16 ; 8 ; 0.634247 ; 0.00773185 ; 0.000692495 ; 101.696;
6 ; 16 ; 8 ; 0.636038 ; 0.0205594 ; 0.0216761 ; 100.842;
7 ; 16 ; 8 ; 0.63031 ; 0.00319247 ; 0.010004 ; 99.9275;
8 ; 16 ; 8 ; 0.573017 ; 0.0168773 ; -0.00894407 ; 101.396;
9 ; 16 ; 8 ; 0.61715 ; -0.0127944 ; 0.00888142 ; 101.531;
10 ; 16 ; 8 ; 0.59351 ; -0.00190303 ; 0.0254741 ; 101.292;
11 ; 16 ; 8 ; 0.61559 ; 0.0512545 ; 0.0187071 ; 101.683;
12 ; 16 ; 8 ; 0.624988 ; -0.00968947 ; 0.00837498 ; 100.288;
13 ; 16 ; 8 ; 0.63296 ; -0.0220373 ; -0.0191479 ; 101.741;
14 ; 16 ; 8 ; 0.61894 ; 0.0355788 ; 0.0103045 ; 101.158;
15 ; 16 ; 8 ; 0.616198 ; -0.0214032 ; 0.0254295 ; 101.287;
16 ; 16 ; 8 ; 0.574523 ; 0.00784372 ; 0.00876343 ; 101.649;
17 ; 16 ; 8 ; 0.59773 ; -0.0147136 ; -0.00334152 ; 101.998;
18 ; 16 ; 8 ; 0.580168 ; 0.0124705 ; -0.043614 ; 101.203;
19 ; 16 ; 8 ; 0.581225 ; -0.0262679 ; -0.035507 ; 101.423;
20 ; 16 ; 8 ; 0.602689 ; 0.00746224 ; -0.0143334 ; 100.669;
21 ; 16 ; 8 ; 0.584782 ; 0.0290788 ; 0.00211194 ; 101.451;
4 ; 17 ; 8 ; 0.600866 ; -0.0213993 ; 0.0013574 ; 102.223;
5 ; 17 ; 8 ; 0.664703 ; -0.0307707 ; 0.0298123 ; 101.649;
6 ; 17 ; 8 ; 0.597797 ; 0.0219824 ; 0.00266267 ; 102.004;
7 ; 17 ; 8 ; 0.63012 ; -0.00802732 ; 0.0236791 ; 102.201;
8 ; 17 ; 8 ; 0.605955 ; 0.0145587 ; -0.0223365 ; 101.327;
9 ; 17 ; 8 ; 0.60141 ; 0.00940701 ; 0.0348128 ; 101.858;
10 ; 17 ; 8 ; 0.669014 ; 0.000563945 ; -0.0444559 ; 101.601;
11 ; 17 ; 8 ; 0.628165 ; -0.0283794 ; -0.00636526 ; 101.707;
12 ; 17 ; 8 ; 0.600881 ; -0.0352059 ; -0.00778416 ; 101.224;
13 ; 17 ; 8 ; 0.641674 ; -0.0143288 ; 0.0352975 ; 101.168;
14 ; 17 ; 8 ; 0.599452 ; -0.00153974 ; -0.00512503 ; 101.042;
15 ; 17 ; 8 ; 0.592481 ; -0.0232284 ; -0.0186908 ; 102.401;
16 ; 17 ; 8 ; 0.621518 ; -0.0176572 ; -0.00661432 ; 101.211;
17 ; 17 ; 8 ; 0.613073 ; -0.00736428 ; -0.0172343 ; 101.199;
18 ; 17 ; 8 ; 0.603771 ; 0.00420505 ; -0.0101016 ; 101.386;
19 ; 17 ; 8 ; 0.589814 ; -0.00113938 ; -0.00188716 ; 100.657;
20 ; 17 ; 8 ; 0.615057 ; 0.0167955 ; -0.0135388 ; 101.479;
21 ; 17 ; 8 ; 0.609664 ; 0.0274085 ; 0.0325893 ; 102.047;
4 ; 18 ; 8 ; 0.58324 ; -0.00298234 ; -0.00620978 ; 100.346;
5 ; 18 ; 8 ; 0.573366 ; -0.0292868 ; 0.0005244 ; 101.518;
6 ; 18 ; 8 ; 0.578046 ; -0.0195109 ; 0.0132867 ; 101.459;
7 ; 18 ; 8 ; 0.612159 ; 0.0208683 ; -0.00430434 ; 100.479;
8 ; 18 ; 8 ; 0.619167 ; 0.0385691 ; -0.00107652 ; 100.434;
9 ; 18 ; 8 ; 0.589218 ; 0.00539841 ; -0.0025426 ; 101.092;
10 ; 18 ; 8 ; 0.637784 ; 0.00340099 ; -0.00313422 ; 101.182;
11 ; 18 ; 8 ; 0.62289 ; 0.0140041 ; -0.0087803 ; 100.446;
12 ; 18 ; 8 ; 0.606056 ; 0.0086582 ; 0.0196809 ; 102.072;
13 ; 18 ; 8 ; 0.586684 ; -0.0297171 ; 0.0251947 ; 101.067;
14 ; 18 ; 8 ; 0.598131 ; -0.0443231 ; -0.0356828 ; 101.343;
15 ; 18 ; 8 ; 0.626976 ; 0.00258163 ; -0.0235112 ; 100.529;
16 ; 18 ; 8 ; 0.597814 ; 0.00326172 ; -0.0226153 ; 99.9219;
17 ; 18 ; 8 ; 0.586168 ; 0.0139202 ; -0.00285135 ; 101.025;
18 ; 18 ; 8 ; 0.607803 ; 0.0361881 ; -0.000829336 ; 102.275;
19 ; 18 ; 8 ; 0.598986 ; 0.00832271 ; 0.000670869 ; 101.034;
20 ; 18 ; 8 ; 0.615081 ; -0.000750986 ; -0.0347123 ; 100.963;
21 ; 18 ; 8 ; 0.607514 ; 0.0420454 ; 0.0136839 ; 102.009;
4 ; 19 ; 8 ; 0.632652 ; -0.0344539 ; 0.0414134 ; 101.254;
5 ; 19 ; 8 ; 0.60433 ; 0.0123049 ; -0.0170644 ; 101.931;
6 ; 19 ; 8 ; 0.64148 ; 0.0203019 ; 0.0195633 ; 102.055;
7 ; 19 ; 8 ; 0.619453 ; -0.0330631 ; 0.01924 ; 101.863;
8 ; 19 ; 8 ; 0.620925 ; 0.0123362 ; 0.00832623 ; 101.041;
9 ; 19 ; 8 ; 0.605707 ; 0.0409348 ; 0.0106388 ; 100.579;
10 ; 19 ; 8 ; 0.59477 ; 0.0238337 ; 0.0127636 ; 101.761;
11 ; 19 ; 8 ; 0.621367 ; 0.000619077 ; 0.0240369 ; 100.796;
12 ; 19 ; 8 ; 0.592639 ; 0.0285536 ; 0.00850733 ; 102.169;
13 ; 19 ; 8 ; 0.603952 ; -0.00586324 ; 0.0113257 ; 101.208;
14 ; 19 ; 8 ; 0.588493 ; -0.0125376 ; 0.0102859 ; 100.149;
15 ; 19 ; 8 ; 0.56814 ; 0.0235028 ; -0.0282057 ; 100.468;
16 ; 19 ; 8 ; 0.594806 ; -0.00106044 ; 0.00421959 ; 99.8731;
17 ; 19 ; 8 ; 0.629502 ; 0.0214562 ; -0.0183302 ; 102.488;
18 ; 19 ; 8 ; 0.62489 ; 0.010869 ; -0.00407858 ; 101.215;
19 ; 19 ; 8 ; 0.574605 ; 0.0236926 ; -0.00647667 ; 99.5637;
20 ; 19 ; 8 ; 0.606192 ; 0.0185724 ; 0.0342289 ; 102.377;
21 ; 19 ; 8 ; 0.609375 ; 0.052068 ; 0.0127563 ; 101.681;
4 ; 20 ; 8 ; 0.615298 ; 0.00792024 ; -0.0267308 ; 102.314;
5 ; 20 ; 8 ; 0.629671 ; -0.00127085 ; 0.00209854 ; 100.355;
6 ; 20 ; 8 ; 0.574902 ; -0.0115225 ; 0.0120132 ; 100.316;
7 ; 20 ; 8 ; 0.596022 ; 0.00578384 ; 0.00584207 ; 102.238;
8 ; 20 ; 8 ; 0.601346 ; -0.0285462 ; 0.0280947 ; 101.648;
9 ; 20 ; 8 ; 0.615769 ; 0.00666129 ; 0.00236202 ; 100.338;
10 ; 20 ; 8 ; 0.603457 ; 0.00326037 ; -0.030003 ; 101.746;
11 ; 20 ; 8 ; 0.622769 ; 0.0144471 ; -0.0137788 ; 101.397;
12 ; 20 ; 8 ; 0.609688 ; -0.0121612 ; 0.0120316 ; 100.545;
13 ; 20 ; 8 ; 0.566193 ; 0.00542311 ; 0.000492721 ; 101.325;
14 ; 20 ; 8 ; 0.559405 ; -0.00836371 ; -0.00453668 ; 101.203;
15 ; 20 ; 8 ; 0.57366 ; 0.00946673 ; -0.0365304 ; 101.527;
16 ; 20 ; 8 ; 0.615123 ; -0.0106454 ; -0.0275702 ; 101.855;
17 ; 20 ; 8 ; 0.60677 ; -0.0231378 ; 0.0264374 ; 100.57;
18 ; 20 ; 8 ; 0.582285 ; 0.00917148 ; 0.00201525 ; 101.399;
19 ; 20 ; 8 ; 0.57437 ; -0.00103549 ; 0.0201133 ; 102.254;
20 ; 20 ; 8 ; 0.612729 ; -0.023642 ; 0.00697025 ; 101.922;
21 ; 20 ; 8 ; 0.595975 ; -0.00261989 ; -0.0138976 ; 101.464;
4 ; 21 ; 8 ; 0.609808 ; -0.0179934 ; 0.0172894 ; 102.571;
5 ; 21 ; 8 ; 0.636079 ; 0.00969367 ; -0.0192215 ; 101.939;
6 ; 21 ; 8 ; 0.619212 ; 0.00969909 ; 0.0136948 ; 102.356;
7 ; 21 ; 8 ; 0.64765 ; 0.0143835 ; 0.0222957 ; 100.248;
8 ; 21 ; 8 ; 0.570755 ; -0.0304457 ; -0.0270077 ; 100.874;
9 ; 21 ; 8 ; 0.609214 ; 0.0019126 ; 0.0097982 ; 102.229;
10 ; 21 ; 8 ; 0.606024 ; -0.00508319 ; 0.01268 ; 101.523;
11 ; 21 ; 8 ; 0.639549 ; 0.0314279 ; 0.00636451 ; 102.102;
12 ; 21 ; 8 ; 0.619796 ; -0.0143287 ; -0.0385771 ; 102.548;
13 ; 21 ; 8 ; 0.618245 ; 0.0440821 ; 0.00596569 ; 101.124;
14 ; 21 ; 8 ; 0.5836 ; 0.00509384 ; 0.0134596 ; 102.306;
15 ; 21 ; 8 ; 0.585193 ; 0.0147364 ; -0.0137766 ; 100.684;
16 ; 21 ; 8 ; 0.576324 ; -0.0231043 ; -0.0320724 ; 101.793;
17 ; 21 ; 8 ; 0.601575 ; -0.00689513 ; 0.00159111 ; 100.696;
18 ; 21 ; 8 ; 0.628739 ; -0.0202856 ; 0.018057 ; 101.414;
19 ; 21 ; 8 ; 0.596747 ; 0.0223191 ; 0.00895991 ; 101.487;
20 ; 21 ; 8 ; 0.58254 ; 0.00717839 ; 0.0518665 ; 100.313;
21 ; 21 ; 8 ; 0.54938 ; -0.0088102 ; -0.0104416 ; 100.371;
4 ; 4 ; 9 ; 0.563373 ; -0.00370711 ; 0.0191584 ; 101.916;
5 ; 4 ; 9 ; 0.511262 ; 0.00345686 ; 0.0192022 ; 101.023;
6 ; 4 ; 9 ; 0.525369 ; 0.0171221 ; 0.0241365 ; 101.053;
7 ; 4 ; 9 ; 0.506413 ; 0.00593065 ; -0.0173016 ; 101.222;
8 ; 4 ; 9 ; 0.558644 ; 0.00894858 ; 0.00959291 ; 101.426;
9 ; 4 ; 9 ; 0.515153 ; -0.0224001 ; -0.0335701 ; 101.734;
10 ; 4 ; 9 ; 0.542838 ; -0.00757516 ; -0.0251473 ; 101.579;
11 ; 4 ; 9 ; 0.522134 ; -0.0106352 ; -0.0193751 ; 102.147;
12 ; 4 ; 9 ; 0.565799 ; -0.00232842 ; 0.0366607 ; 101.172;
13 ; 4 ; 9 ; 0.541854 ; -0.00244062 ; -0.0159319 ; 100.968;
14 ; 4 ; 9 ; 0.539957 ; -0.022198 ; 0.0111976 ; 101.633;
15 ; 4 ; 9 ; 0.541146 ; 0.015672 ; -0.00315759 ; 102.388;
16 ; 4 ; 9 ; 0.523143 ; -0.0144852 ; -0.0314217 ; 100.74;
17 ; 4 ; 9 ; 0.541941 ; -0.0235385 ; -0.00663184 ; 101.96;
18 ; 4 ; 9 ; 0.505663 ; -0.00357454 ; -0.0228236 ; 100.977;
19 ; 4 ; 9 ; 0.539999 ; -0.00922494 ; 0.00356703 ; 101.604;
20 ; 4 ; 9 ; 0.566724 ; 0.0432129 ; 0.00982532 ; 101.049;
21 ; 4 ; 9 ; 0.495802 ; 0.024982 ; -0.0086899 ; 101.012;
4 ; 5 ; 9 ; 0.520077 ; -0.0227152 ; -0.0148631 ; 101.982;
5 ; 5 ; 9 ; 0.513124 ; 0.00576698 ; 0.00126691 ; 100.276;
6 ; 5 ; 9 ; 0.526157 ; 0.0353573 ; -0.00503665 ; 101.631;
7 ; 5 ; 9 ; 0.559113 ; 0.0266102 ; -0.0242463 ; 101.289;
8 ; 5 ; 9 ; 0.534857 ; 0.00288408 ; 0.0155933 ; 100.392;
9 ; 5 ; 9 ; 0.538243 ; 0.0121204 ; 0.0608962 ; 101.671;
10 ; 5 ; 9 ; 0.509807 ; 0.00739966 ; -0.00868527 ; 102.811;
11 ; 5 ; 9 ; 0.483409 ; -0.0276865 ; -0.0217821 ; 101.559;
12 ; 5 ; 9 ; 0.53593 ; 0.00812904 ; 0.000279987 ; 102.466;
13 ; 5 ; 9 ; 0.546688 ; 0.0129268 ; 0.029423 ; 100.54;
14 ; 5 ; 9 ; 0.510712 ; 0.0167523 ; 0.00506938 ; 101.951;
15 ; 5 ; 9 ; 0.557037 ; 0.0119707 ; 0.00646617 ; 101.864;
16 ; 5 ; 9 ; 0.545505 ; 0.0253005 ; -0.00995556 ; 101.102;
17 ; 5 ; 9 ; 0.527899 ; 0.00193726 ; 0.0289785 ; 101.523;
18 ; 5 ; 9 ; 0.54963 ; -0.00523241 ; 0.00799827 ; 100.971;
19 ; 5 ; 9 ; 0.527658 ; 0.0164935 ; 0.00794835 ; 101.736;
20 ; 5 ; 9 ; 0.544553 ; -0.0291651 ; 0.0118239 ; 101.073;
21 ; 5 ; 9 ; 0.564157 ; -0.00235364 ; 0.0218931 ; 102.143;
4 ; 6 ; 9 ; 0.531129 ; 0.0336476 ; -0.00987279 ; 101.095;
5 ; 6 ; 9 ; 0.493515 ; -0.00605863 ; 0.0144003 ; 101.199;
6 ; 6 ; 9 ; 0.50508 ; 0.0133357 ; 0.021072 ; 102.079;
7 ; 6 ; 9 ; 0.541691 ; 0.00702403 ; 0.0166231 ; 101.577;
8 ; 6 ; 9 ; 0.527638 ; 0.0491166 ; 0.00980671 ; 101.646;
9 ; 6 ; 9 ; 0.536807 ; -0.00580455 ; -0.0123888 ; 101.134;
10 ; 6 ; 9 ; 0.501881 ; 0.0360258 ; 0.0121402 ; 101.399;
11 ; 6 ; 9 ; 0.507572 ; 0.0328147 ; 0.0132638 ; 101.388;
12 ; 6 ; 9 ; 0.497096 ; 0.0260627 ; 0.0284638 ; 101.501;
13 ; 6 ; 9 ; 0.534568 ; 0.013832 ; 0.0117508 ; 100.844;
14 ; 6 ; 9 ; 0.516534 ; 0.0265964 ; -0.0141241 ; 101.48;
15 ; 6 ; 9 ; 0.5286 ; -0.010087 ; 0.0109701 ; 102.141;
16 ; 6 ; 9 ; 0.517363 ; -0.0264726 ; -0.0191239 ; 102.679;
17 ; 6 ; 9 ; 0.553688 ; -0.010839 ; 0.00758401 ; 101.567;
18 ; 6 ; 9 ; 0.533738 ; 0.0301209 ; 0.0431293 ; 101.794;
19 ; 6 ; 9 ; 0.530611 ; 0.0268119 ; -0.00111258 ; 101.304;
20 ; 6 ; 9 ; 0.541069 ; -0.000760173 ; 0.00924375 ; 102.002;
21 ; 6 ; 9 ; 0.502569 ; 0.0180783 ; -0.01663 ; 102.077;
4 ; 7 ; 9 ; 0.528506 ; -0.0376585 ; -0.0191385 ; 100.806;
5 ; 7 ; 9 ; 0.561995 ; 0.0154457 ; 0.0349229 ; 101.16;
6 ; 7 ; 9 ; 0.521837 ; 0.00397085 ; -0.0218405 ; 100.643;
7 ; 7 ; 9 ; 0.516229 ; -0.00315288 ; 0.00974179 ; 102.204;
8 ; 7 ; 9 ; 0.493629 ; -0.00540057 ; 0.000416957 ; 101.355;
9 ; 7 ; 9 ; 0.514048 ; 0.0120106 ; -0.0204189 ; 101.756;
10 ; 7 ; 9 ; 0.495726 ; -0.0251594 ; 0.031908 ; 100.987;
11 ; 7 ; 9 ; 0.504909 ; -0.0106179 ; -0.0217036 ; 100.591;
12 ; 7 ; 9 ; 0.497279 ; -0.0196024 ; -0.0231566 ; 100.261;
13 ; 7 ; 9 ; 0.520681 ; 0.00995555 ; -0.0222339 ; 101.127;
14 ; 7 ; 9 ; 0.552514 ; 0.00321435 ; 0.0028864 ; 102.348;
15 ; 7 ; 9 ; 0.530489 ; 0.0231979 ; 0.0023312 ; 101.15;
16 ; 7 ; 9 ; 0.547982 ; 0.00311002 ; 0.034907 ; 101.951;
17 ; 7 ; 9 ; 0.563998 ; 0.00028158 ; -0.0191542 ; 101.085;
18 ; 7 ; 9 ; 0.545362 ; 0.0306473 ; 0.0182185 ; 100.182;
19 ; 7 ; 9 ; 0.514723 ; -0.0050307 ; 0.0098318 ; 101.956;
20 ; 7 ; 9 ; 0.524082 ; -0.0302317 ; -0.0342313 ; 100.163;
21 ; 7 ; 9 ; 0.551035 ; -0.0315966 ; -0.0341496 ; 101.591;
4 ; 8 ; 9 ; 0.524576 ; -0.0380999 ; 0.00266813 ; 101.302;
5 ; 8 ; 9 ; 0.537174 ; 0.0366897 ; 0.00327409 ; 100.867;
6 ; 8 ; 9 ; 0.513963 ; -0.0433661 ; 0.0299437 ; 100.625;
7 ; 8 ; 9 ; 0.510613 ; 0.00765859 ; 0.0337047 ; 101.536;
8 ; 8 ; 9 ; 0.53725 ; 0.0217768 ; 0.0260231 ; 102.096;
9 ; 8 ; 9 ; 0.556211 ; 0.0116565 ; 0.0306832 ; 102.196;
10 ; 8 ; 9 ; 0.52627 ; 0.00884851 ; 0.00257257 ; 101.645;
11 ; 8 ; 9 ; 0.517606 ; -0.0371807 ; 0.0173345 ; 101.226;
12 ; 8 ; 9 ; 0.546822 ; -0.0287081 ; 0.00613963 ; 101.377;
13 ; 8 ; 9 ; 0.536355 ; -0.00563218 ; 0.0214352 ; 101.173;
14 ; 8 ; 9 ; 0.530883 ; -0.0511749 ; 0.00078059 ; 101.521;
15 ; 8 ; 9 ; 0.497546 ; 0.00615006 ; -0.00360409 ; 100.589;
16 ; 8 ; 9 ; 0.484798 ; 0.027229 ; 0.0112722 ; 101.082;
17 ; 8 ; 9 ; 0.53873 ; -0.000194393 ; 0.00494315 ; 100.456;
18 ; 8 ; 9 ; 0.486923 ; -0.0103518 ; -0.0222846 ; 101.337;
19 ; 8 ; 9 ; 0.549923 ; 0.0327554 ; -0.0103251 ; 100.302;
20 ; 8 ; 9 ; 0.532958 ; 0.00306158 ; 0.00559203 ; 102.258;
21 ; 8 ; 9 ; 0.536944 ; -0.0185827 ; -0.00260144 ; 100.356;
4 ; 9 ; 9 ; 0.562868 ; -0.0117473 ; -0.00572636 ; 101.446;
5 ; 9 ; 9 ; 0.532198 ; -0.0137497 ; 0.0191932 ; 101.278;
6 ; 9 ; 9 ; 0.498276 ; -0.00108408 ; 0.00763449 ; 101.49;
7 ; 9 ; 9 ; 0.541966 ; 0.0147029 ; -0.0203126 ; 102.31;
8 ; 9 ; 9 ; 0.546428 ; -0.0353806 ; -0.0179594 ; 101.236;
9 ; 9 ; 9 ; 0.520251 ; 0.00460049 ; -0.0348909 ; 101.29;
10 ; 9 ; 9 ; 0.609681 ; -0.00886541 ; 0.0245853 ; 101.58;
11 ; 9 ; 9 ; 0.536033 ; 0.00889388 ; 0.0191175 ; 100.407;
12 ; 9 ; 9 ; 0.532547 ; -0.0126387 ; -0.0195317 ; 101.257;
13 ; 9 ; 9 ; 0.582291 ; 0.00342611 ; 0.00191287 ; 101.787;
14 ; 9 ; 9 ; 0.542368 ; 0.0178875 ; -0.0197865 ; 101.637;
15 ; 9 ; 9 ; 0.55 ; 0.0156907 ; -0.00764697 ; 100.818;
16 ; 9 ; 9 ; 0.518709 ; 0.00999055 ; 0.0399988 ; 102.726;
17 ; 9 ; 9 ; 0.56242 ; 0.00648282 ; 0.0138439 ; 100.753;
18 ; 9 ; 9 ; 0.539455 ; 0.0359242 ; 0.00605368 ; 101.656;
19 ; 9 ; 9 ; 0.544871 ; 0.000313799 ; -0.0035477 ; 100.709;
20 ; 9 ; 9 ; 0.526915 ; -0.00776412 ; -0.0233217 ; 101.898;
21 ; 9 ; 9 ; 0.506222 ; -0.0101016 ; -0.0281965 ; 100.216;
4 ; 10 ; 9 ; 0.536318 ; -0.0108415 ; -0.0101629 ; 102.831;
5 ; 10 ; 9 ; 0.518054 ; 0.0199741 ; 0.025636 ; 101.346;
6 ; 10 ; 9 ; 0.526362 ; 0.0116332 ; 0.00385327 ; 99.3338;
7 ; 10 ; 9 ; 0.563807 ; 0.0359826 ; -0.00336453 ; 101.322;
8 ; 10 ; 9 ; 0.565957 ; 0.0222766 ; -0.0242556 ; 101.105;
9 ; 10 ; 9 ; 0.515685 ; 0.00315669 ; 0.00265538 ; 100.938;
10 ; 10 ; 9 ; 0.513525 ; -0.0244659 ; 0.00853674 ; 102.102;
11 ; 10 ; 9 ; 0.56876 ; -0.018503 ; 0.01314 ; 101.856;
12 ; 10 ; 9 ; 0.544977 ; 0.00641007 ; 0.00175531 ; 102.721;
13 ; 10 ; 9 ; 0.512494 ; 0.00859068 ; 0.00373391 ; 101.943;
14 ; 10 ; 9 ; 0.49711 ; -0.0423008 ; -0.00286375 ; 102.188;
15 ; 10 ; 9 ; 0.548067 ; -0.0230447 ; -0.0414764 ; 101.918;
16 ; 10 ; 9 ; 0.559363 ; -0.0251499 ; -0.000382242 ; 100.767;
17 ; 10 ; 9 ; 0.525613 ; -0.00758105 ; -0.0168798 ; 101.824;
18 ; 10 ; 9 ; 0.544411 ; -0.00975584 ; -0.0647286 ; 101.048;
19 ; 10 ; 9 ; 0.537622 ; -0.00235652 ; 0.00061215 ; 101.304;
20 ; 10 ; 9 ; 0.53711 ; -0.00414127 ; 0.0145699 ; 101.37;
21 ; 10 ; 9 ; 0.525353 ; -0.0247324 ; -0.00938781 ; 101.994;
4 ; 11 ; 9 ; 0.512577 ; 0.000859979 ; -0.000772886 ; 102.211;
5 ; 11 ; 9 ; 0.539547 ; 0.0159461 ; -0.0221868 ; 100.784;
6 ; 11 ; 9 ; 0.510129 ; 0.0215188 ; 0.000643488 ; 100.975;
7 ; 11 ; 9 ; 0.532858 ; -0.011425 ; 0.0414802 ; 100.037;
8 ; 11 ; 9 ; 0.549806 ; 0.00273095 ; 0.00538719 ; 101.236;
9 ; 11 ; 9 ; 0.545546 ; -0.02407 ; 0.0073965 ; 101.684;
10 ; 11 ; 9 ; 0.547774 ; -0.0212746 ; -0.0316783 ; 101.153;
11 ; 11 ; 9 ; 0.523261 ; -0.0122889 ; 0.0496383 ; 101.494;
12 ; 11 ; 9 ; 0.528717 ; -0.0259167 ; -0.00197474 ; 101.275;
13 ; 11 ; 9 ; 0.560543 ; -0.0283718 ; -0.0113592 ; 100.642;
14 ; 11 ; 9 ; 0.546624 ; -0.0203005 ; 0.00433181 ; 101.28;
15 ; 11 ; 9 ; 0.498691 ; 0.0104346 ; 0.00794506 ; 102.011;
16 ; 11 ; 9 ; 0.514785 ; -0.00779713 ; -0.0252102 ; 102.736;
17 ; 11 ; 9 ; 0.513513 ; 0.00473555 ; -0.011268 ; 100.694;
18 ; 11 ; 9 ; 0.512443 ; 0.0324545 ; 0.0243902 ; 101.574;
19 ; 11 ; 9 ; 0.521125 ; 0.0418539 ; 0.00335482 ; 100.66;
20 ; 11 ; 9 ; 0.536039 ; 0.0119002 ; -0.00835619 ; 101.411;
21 ; 11 ; 9 ; 0.513336 ; 0.00145667 ; -0.00633669 ; 100.778;
4 ; 12 ; 9 ; 0.561439 ; 0.0386247 ; 0.0110038 ; 100.623;
5 ; 12 ; 9 ; 0.517649 ; 0.0449267 ; -0.018305 ; 101.811;
6 ; 12 ; 9 ; 0.547482 ; 0.0062181 ; -0.0050961 ; 101.729;
7 ; 12 ; 9 ; 0.53213 ; 0.00391235 ; -0.0191181 ; 100.615;
8 ; 12 ; 9 ; 0.551959 ; 0.0103824 ; -0.0409005 ; 102.061;
9 ; 12 ; 9 ; 0.518968 ; -0.00375988 ; -0.00300108 ; 100.976;
10 ; 12 ; 9 ; 0.530717 ; -0.00141426 ; 0.00282238 ; 101.626;
11 ; 12 ; 9 ; 0.547851 ; -0.0550722 ; 0.0315853 ; 101.012;
12 ; 12 ; 9 ; 0.532819 ; 0.00585264 ; -0.0140897 ; 102.256;
13 ; 12 ; 9 ; 0.549674 ; 0.00698878 ; 0.0546475 ; 102.394;
14 ; 12 ; 9 ; 0.551252 ; 0.0184892 ; 0.021033 ; 101.556;
15 ; 12 ; 9 ; 0.526706 ; 0.0159725 ; 0.0109562 ; 101.807;
16 ; 12 ; 9 ; 0.49448 ; -0.0111881 ; 0.00715536 ; 101.672;
17 ; 12 ; 9 ; 0.556124 ; 0.0103145 ; 0.0189119 ; 103.413;
18 ; 12 ; 9 ; 0.543103 ; 0.00860651 ; -0.00902673 ; 100.851;
19 ; 12 ; 9 ; 0.513705 ; 0.0179369 ; -0.00447919 ; 102.128;
20 ; 12 ; 9 ; 0.528487 ; 0.00376778 ; -0.0237589 ; 100.774;
21 ; 12 ; 9 ; 0.526624 ; 0.0245331 ; -0.0148496 ; 101.468;
4 ; 13 ; 9 ; 0.543635 ; 0.0649638 ; 0.00425268 ; 101.358;
5 ; 13 ; 9 ; 0.56625 ; 0.0239888 ; 0.00109884 ; 100.959;
6 ; 13 ; 9 ; 0.536705 ; 0.00501791 ; 0.0231086 ; 102.085;
7 ; 13 ; 9 ; 0.551309 ; 0.0254994 ; 0.000127101 ; 100.155;
8 ; 13 ; 9 ; 0.556154 ; 0.0112664 ; -0.0108516 ; 102.368;
9 ; 13 ; 9 ; 0.565064 ; 0.0180538 ; -0.0184595 ; 100.316;
10 ; 13 ; 9 ; 0.536486 ; -0.0333864 ; -0.0139761 ; 101.602;
11 ; 13 ; 9 ; 0.487055 ; 0.0204949 ; -0.00175751 ; 102.204;
12 ; 13 ; 9 ; 0.521612 ; 0.0316656 ; 0.0134855 ; 101.626;
13 ; 13 ; 9 ; 0.514977 ; 0.0305041 ; 0.00400825 ; 101.242;
14 ; 13 ; 9 ; 0.530321 ; 0.0010907 ; -0.00890277 ; 102.589;
15 ; 13 ; 9 ; 0.481928 ; -1.61081e-05 ; 0.0142502 ; 100.89;
16 ; 13 ; 9 ; 0.558707 ; -0.0179323 ; 0.0309223 ; 100.556;
17 ; 13 ; 9 ; 0.549482 ; 0.0244068 ; -0.0348214 ; 101.156;
18 ; 13 ; 9 ; 0.532515 ; 0.014386 ; 0.00438788 ; 101.054;
19 ; 13 ; 9 ; 0.530738 ; -0.0179932 ; -0.0299667 ; 100.328;
20 ; 13 ; 9 ; 0.537811 ; -0.0241218 ; -0.0256458 ; 101.252;
21 ; 13 ; 9 ; 0.543028 ; -0.0245365 ; 0.027724 ; 100.827;
4 ; 14 ; 9 ; 0.503348 ; -0.0242665 ; -0.0352951 ; 101.251;
5 ; 14 ; 9 ; 0.526851 ; -0.00136728 ; 0.00703297 ; 101.414;
6 ; 14 ; 9 ; 0.553108 ; -0.020207 ; -0.00575766 ; 101.944;
7 ; 14 ; 9 ; 0.541103 ; 0.0227205 ; -0.00202893 ; 100.959;
8 ; 14 ; 9 ; 0.552617 ; 0.0127298 ; -0.00981993 ; 100.844;
9 ; 14 ; 9 ; 0.498648 ; 0.0129916 ; -0.00460819 ; 101.041;
10 ; 14 ; 9 ; 0.519026 ; -0.0171077 ; 0.000364277 ; 101.249;
11 ; 14 ; 9 ; 0.542991 ; -0.0550705 ; 0.00609087 ; 101.756;
12 ; 14 ; 9 ; 0.524041 ; -0.0346635 ; 0.00952359 ; 102.011;
13 ; 14 ; 9 ; 0.501496 ; 0.0155557 ; -0.00839503 ; 101.318;
14 ; 14 ; 9 ; 0.514159 ; -0.00559154 ; 0.007478 ; 100.915;
15 ; 14 ; 9 ; 0.561874 ; -0.0264403 ; 0.0218657 ; 101.059;
16 ; 14 ; 9 ; 0.55142 ; 0.045822 ; -0.0080454 ; 101.281;
17 ; 14 ; 9 ; 0.535171 ; 0.00634456 ; 0.0271001 ; 101.007;
18 ; 14 ; 9 ; 0.526651 ; 0.0207199 ; 0.000109448 ; 101.034;
19 ; 14 ; 9 ; 0.552892 ; 0.00571869 ; -0.0317717 ; 101.304;
20 ; 14 ; 9 ; 0.537273 ; 0.00803508 ; -0.0341019 ; 101.694;
21 ; 14 ; 9 ; 0.536732 ; 0.00436245 ; -0.025512 ; 99.9281;
4 ; 15 ; 9 ; 0.496252 ; 0.00604378 ; 0.00399924 ; 101.044;
5 ; 15 ; 9 ; 0.54526 ; -0.00503833 ; 0.0141759 ; 100.16;
6 ; 15 ; 9 ; 0.536564 ; -0.0201227 ; 0.00620537 ; 102;
7 ; 15 ; 9 ; 0.526487 ; -0.00990282 ; 0.0134541 ; 101.675;
8 ; 15 ; 9 ; 0.539709 ; 0.0167447 ; 0.0346367 ; 100.466;
9 ; 15 ; 9 ; 0.507532 ; -0.00611189 ; -0.0176784 ; 100.683;
10 ; 15 ; 9 ; 0.509645 ; 0.0247248 ; 0.0126434 ; 100.768;
11 ; 15 ; 9 ; 0.538456 ; -0.0309035 ; -0.0226285 ; 101.664;
12 ; 15 ; 9 ; 0.534735 ; -0.0152085 ; 0.0342912 ; 99.7944;
13 ; 15 ; 9 ; 0.551137 ; 0.0181402 ; 0.00227323 ; 101.325;
14 ; 15 ; 9 ; 0.549926 ; 0.0142248 ; -0.0208926 ; 101.256;
15 ; 15 ; 9 ; 0.541882 ; 0.0123929 ; -0.00853677 ; 101.203;
16 ; 15 ; 9 ; 0.487129 ; 0.0312797 ; 0.000121238 ; 101.336;
17 ; 15 ; 9 ; 0.548156 ; 0.0239179 ; -0.0192534 ; 101.838;
18 ; 15 ; 9 ; 0.525828 ; 0.0408842 ; -0.0304844 ; 101.151;
19 ; 15 ; 9 ; 0.54184 ; 0.00354247 ; -0.0127333 ; 102.266;
20 ; 15 ; 9 ; 0.516297 ; 0.0159997 ; -0.0197629 ; 101.208;
21 ; 15 ; 9 ; 0.546504 ; 0.0278385 ; 0.0429404 ; 102.035;
4 ; 16 ; 9 ; 0.537842 ; -0.00267898 ; -0.0324709 ; 101.626;
5 ; 16 ; 9 ; 0.545715 ; -0.0069952 ; -0.0110577 ; 101.632;
6 ; 16 ; 9 ; 0.545386 ; -0.00152681 ; 0.0181231 ; 102.019;
7 ; 16 ; 9 ; 0.502773 ; -0.0277847 ; 0.0173323 ; 102.474;
8 ; 16 ; 9 ; 0.498947 ; -0.034055 ; 0.0074555 ; 100.49;
9 ; 16 ; 9 ; 0.506354 ; -0.0210271 ; -0.00210209 ; 100.711;
10 ; 16 ; 9 ; 0.555887 ; -0.0144441 ; 0.00136929 ; 101.475;
11 ; 16 ; 9 ; 0.579017 ; -0.0252694 ; 0.010784 ; 101.261;
12 ; 16 ; 9 ; 0.53774 ; -0.00850671 ; 0.00641324 ; 101.771;
13 ; 16 ; 9 ; 0.527935 ; -0.0358868 ; -0.0312691 ; 101.259;
14 ; 16 ; 9 ; 0.5718 ; 0.0226474 ; 0.02776 ; 100.746;
15 ; 16 ; 9 ; 0.550213 ; -0.0389112 ; -0.0304317 ; 101.016;
16 ; 16 ; 9 ; 0.512245 ; -0.00727166 ; 0.0138415 ; 101.488;
17 ; 16 ; 9 ; 0.547856 ; 0.00715482 ; 0.0179455 ; 100.361;
18 ; 16 ; 9 ; 0.52949 ; 0.0218935 ; 0.000869884 ; 101.944;
19 ; 16 ; 9 ; 0.516128 ; -0.00858772 ; 0.0115842 ; 101.169;
20 ; 16 ; 9 ; 0.503204 ; 0.00212681 ; -0.0131323 ; 100.901;
21 ; 16 ; 9 ; 0.521426 ; -0.0136604 ; -0.00890692 ; 100.665;
4 ; 17 ; 9 ; 0.495566 ; -0.0186055 ; 0.00854878 ; 101.142;
5 ; 17 ; 9 ; 0.563556 ; -0.0119853 ; 0.018499 ; 101.249;
6 ; 17 ; 9 ; 0.535468 ; 0.0153964 ; 0.0291786 ; 101.404;
7 ; 17 ; 9 ; 0.49376 ; 0.0272305 ; 0.0693302 ; 101.449;
8 ; 17 ; 9 ; 0.504418 ; -0.0196962 ; 0.00571447 ; 102.279;
9 ; 17 ; 9 ; 0.544509 ; -0.0146362 ; 0.0131313 ; 99.5881;
10 ; 17 ; 9 ; 0.528493 ; 0.0338941 ; -0.0098832 ; 102.177;
11 ; 17 ; 9 ; 0.526327 ; -0.0174148 ; 0.0223838 ; 102.231;
12 ; 17 ; 9 ; 0.538544 ; -0.00648174 ; -0.0191209 ; 101.468;
13 ; 17 ; 9 ; 0.546346 ; 0.0344073 ; 0.0143517 ; 101.386;
14 ; 17 ; 9 ; 0.561863 ; 0.000244019 ; 0.0219551 ; 100.671;
15 ; 17 ; 9 ; 0.518609 ; -0.0115676 ; -0.0292932 ; 100.594;
16 ; 17 ; 9 ; 0.551138 ; -0.0368579 ; -0.0118047 ; 102.172;
17 ; 17 ; 9 ; 0.545486 ; 0.00614883 ; -0.00600068 ; 101.907;
18 ; 17 ; 9 ; 0.543456 ; 0.00435973 ; -0.0178997 ; 100.724;
19 ; 17 ; 9 ; 0.500771 ; -0.0231889 ; 0.0370183 ; 100.539;
20 ; 17 ; 9 ; 0.538581 ; -0.0126107 ; 0.021594 ; 101.082;
21 ; 17 ; 9 ; 0.550738 ; -0.00405323 ; 0.00481964 ; 100.618;
4 ; 18 ; 9 ; 0.514875 ; -0.0333385 ; 0.0122771 ; 101.017;
5 ; 18 ; 9 ; 0.525323 ; -0.0285624 ; 0.0142147 ; 101.499;
6 ; 18 ; 9 ; 0.525436 ; 0.0158022 ; -0.00204073 ; 101.165;
7 ; 18 ; 9 ; 0.537761 ; 0.0198528 ; -0.00899014 ; 101.182;
8 ; 18 ; 9 ; 0.508568 ; 0.0292527 ; 0.00324837 ; 101.716;
9 ; 18 ; 9 ; 0.530367 ; -0.0240539 ; -0.0110319 ; 101.551;
10 ; 18 ; 9 ; 0.573004 ; 0.023559 ; -0.0717851 ; 101.339;
11 ; 18 ; 9 ; 0.519886 ; 0.0310353 ; -0.0599651 ; 100.56;
12 ; 18 ; 9 ; 0.502503 ; -0.0192708 ; -0.00617293 ; 101.196;
13 ; 18 ; 9 ; 0.516194 ; -0.00135609 ; 0.0368134 ; 101.536;
14 ; 18 ; 9 ; 0.508355 ; 0.00809482 ; -0.0161656 ; 102.535;
15 ; 18 ; 9 ; 0.481217 ; 0.00299849 ; 0.00914546 ; 101.719;
16 ; 18 ; 9 ; 0.512883 ; 0.0136143 ; 0.0164948 ; 102.106;
17 ; 18 ; 9 ; 0.564182 ; 0.00805527 ; 0.0301188 ; 101.256;
18 ; 18 ; 9 ; 0.536309 ; -0.00293264 ; -0.0382141 ; 102.187;
19 ; 18 ; 9 ; 0.547766 ; 0.0157371 ; 0.0237721 ; 100.52;
20 ; 18 ; 9 ; 0.501148 ; -0.0202715 ; 0.00140641 ; 100.849;
21 ; 18 ; 9 ; 0.501831 ; -0.0218166 ; 0.00952075 ; 101.46;
4 ; 19 ; 9 ; 0.536058 ; 0.0124117 ; 0.023352 ; 101.118;
5 ; 19 ; 9 ; 0.561235 ; 0.0349391 ; -0.0225191 ; 100.709;
6 ; 19 ; 9 ; 0.513364 ; 0.00893314 ; 0.0284295 ; 102.828;
7 ; 19 ; 9 ; 0.536421 ; -0.0339252 ; 0.00506263 ; 101.782;
8 ; 19 ; 9 ; 0.497536 ; -0.0259141 ; -0.0321828 ; 101.046;
9 ; 19 ; 9 ; 0.47181 ; 0.0165724 ; -0.00328991 ; 101.319;
10 ; 19 ; 9 ; 0.534152 ; 0.0143636 ; -0.0241799 ; 102.438;
11 ; 19 ; 9 ; 0.5763 ; 0.0249048 ; -0.000373985 ; 100.791;
12 ; 19 ; 9 ; 0.546242 ; 0.0177519 ; 0.0173192 ; 101.091;
13 ; 19 ; 9 ; 0.539819 ; -0.0344399 ; 0.0142097 ; 101.842;
14 ; 19 ; 9 ; 0.549407 ; 0.00636817 ; -0.0155281 ; 101.358;
15 ; 19 ; 9 ; 0.506772 ; 0.0330167 ; 0.0165926 ; 100.548;
16 ; 19 ; 9 ; 0.497775 ; -0.012659 ; -0.0105165 ; 101.032;
17 ; 19 ; 9 ; 0.531372 ; 0.00163413 ; 0.00237245 ; 101.893;
18 ; 19 ; 9 ; 0.546331 ; 0.0382272 ; 0.0116714 ; 100.809;
19 ; 19 ; 9 ; 0.564438 ; -0.00968579 ; 0.027662 ; 100.962;
20 ; 19 ; 9 ; 0.549478 ; 0.0094059 ; 0.0149104 ; 101.207;
21 ; 19 ; 9 ; 0.536296 ; 0.0035388 ; -0.00262426 ; 100.064;
4 ; 20 ; 9 ; 0.510557 ; 0.0127658 ; -0.01022 ; 102.148;
5 ; 20 ; 9 ; 0.545608 ; -0.0103227 ; 0.0180623 ; 101.926;
6 ; 20 ; 9 ; 0.519261 ; 0.00642605 ; 0.0302776 ; 100.811;
7 ; 20 ; 9 ; 0.509776 ; 0.00537853 ; 0.000321988 ; 101.798;
8 ; 20 ; 9 ; 0.501687 ; -0.0376443 ; 0.0179688 ; 101.271;
9 ; 20 ; 9 ; 0.535157 ; 0.00478274 ; 0.0347115 ; 101.733;
10 ; 20 ; 9 ; 0.510029 ; 0.015448 ; 0.0108996 ; 101.479;
11 ; 20 ; 9 ; 0.533859 ; 0.0245122 ; -0.00363162 ; 101.497;
12 ; 20 ; 9 ; 0.518327 ; -0.0115265 ; 0.00778389 ; 100.245;
13 ; 20 ; 9 ; 0.51105 ; -5.04323e-05 ; -0.0208884 ; 101.311;
14 ; 20 ; 9 ; 0.52085 ; 0.0120196 ; 0.0392898 ; 100.981;
15 ; 20 ; 9 ; 0.558744 ; 0.00883502 ; -0.00326434 ; 102.321;
16 ; 20 ; 9 ; 0.57202 ; 0.00776685 ; -0.0122142 ; 101.278;
17 ; 20 ; 9 ; 0.520302 ; 0.0186463 ; 0.00319295 ; 101.183;
18 ; 20 ; 9 ; 0.536958 ; -0.0228012 ; -0.0109639 ; 102.589;
19 ; 20 ; 9 ; 0.537999 ; -0.00726427 ; 0.0234821 ; 101.853;
20 ; 20 ; 9 ; 0.541297 ; 0.0274525 ; 0.0128707 ; 102.551;
21 ; 20 ; 9 ; 0.567613 ; 0.019388 ; -0.00608 ; 101.783;
4 ; 21 ; 9 ; 0.52023 ; 0.00602645 ; 0.00551412 ; 100.744;
5 ; 21 ; 9 ; 0.525535 ; 0.022139 ; 0.00713592 ; 100.463;
6 ; 21 ; 9 ; 0.506493 ; 0.023852 ; 0.015322 ; 101.974;
7 ; 21 ; 9 ; 0.56385 ; -0.00931372 ; -0.021194 ; 101.909;
8 ; 21 ; 9 ; 0.531898 ; 0.00971466 ; 0.0121171 ; 102.328;
9 ; 21 ; 9 ; 0.548455 ; 0.00110715 ; 0.0382588 ; 101.876;
10 ; 21 ; 9 ; 0.503664 ; -0.00278644 ; -0.0165488 ; 101.43;
11 ; 21 ; 9 ; 0.525828 ; -0.0152366 ; 0.0118917 ; 102.134;
12 ; 21 ; 9 ; 0.560825 ; 0.00200572 ; 0.00641013 ; 101.718;
13 ; 21 ; 9 ; 0.560437 ; -0.00264382 ; -0.00998019 ; 101.584;
14 ; 21 ; 9 ; 0.53494 ; 0.00538818 ; 0.0108262 ; 101.291;
15 ; 21 ; 9 ; 0.536387 ; 0.0124766 ; -0.00349657 ; 101.243;
16 ; 21 ; 9 ; 0.528342 ; -0.00321472 ; -0.0401553 ; 101.049;
17 ; 21 ; 9 ; 0.515443 ; 0.00187101 ; 0.0292817 ; 101.023;
18 ; 21 ; 9 ; 0.525215 ; -0.00680698 ; -0.0156342 ; 101.548;
19 ; 21 ; 9 ; 0.504827 ; -0.0238099 ; -0.0371722 ; 101.795;
20 ; 21 ; 9 ; 0.507274 ; 0.00218986 ; 0.0150043 ; 101.973;
21 ; 21 ; 9 ; 0.557149 ; 0.0134165 ; -0.00415302 ; 101.064;
4 ; 4 ; 10 ; 0.441654 ; -0.00895324 ; -0.0193578 ; 101.656;
5 ; 4 ; 10 ; 0.447789 ; 0.00691912 ; 0.0419333 ; 100.668;
6 ; 4 ; 10 ; 0.478858 ; 0.0120685 ; -0.00317229 ; 101.066;
7 ; 4 ; 10 ; 0.459741 ; 0.0140219 ; -0.0135285 ; 102.017;
8 ; 4 ; 10 ; 0.459904 ; 0.00625613 ; 0.0159658 ; 101.471;
9 ; 4 ; 10 ; 0.484157 ; -0.00285834 ; -0.00112174 ; 100.824;
10 ; 4 ; 10 ; 0.452809 ; -0.0205933 ; -0.0398376 ; 101.284;
11 ; 4 ; 10 ; 0.464211 ; 0.0401073 ; 0.0131768 ; 101.378;
12 ; 4 ; 10 ; 0.468009 ; -0.0032267 ; 0.00827585 ; 101.219;
13 ; 4 ; 10 ; 0.467095 ; -0.00903179 ; -0.0252217 ; 100.954;
14 ; 4 ; 10 ; 0.441882 ; 0.00549464 ; -0.0492977 ; 101.396;
15 ; 4 ; 10 ; 0.441386 ; 0.00576162 ; -0.00656561 ; 101.438;
16 ; 4 ; 10 ; 0.456722 ; 0.0172274 ; -0.000487133 ; 101.388;
17 ; 4 ; 10 ; 0.437502 ; -0.0150311 ; -0.0274007 ; 100.247;
18 ; 4 ; 10 ; 0.477601 ; 0.0186395 ; -0.0071567 ; 102.407;
19 ; 4 ; 10 ; 0.504276 ; -0.0284214 ; 0.00664278 ; 101.165;
20 ; 4 ; 10 ; 0.451475 ; 0.0380553 ; 0.0154336 ; 102.669;
21 ; 4 ; 10 ; 0.419 ; -0.00472464 ; -0.00386953 ; 102.023;
4 ; 5 ; 10 ; 0.439863 ; -0.0151668 ; -0.00148668 ; 101.844;
5 ; 5 ; 10 ; 0.481784 ; -0.032201 ; -0.00971054 ; 101.001;
6 ; 5 ; 10 ; 0.423271 ; -0.0140731 ; 0.0208815 ; 101.722;
7 ; 5 ; 10 ; 0.436067 ; -0.0135858 ; -0.00724411 ; 101.136;
8 ; 5 ; 10 ; 0.451631 ; 0.00986517 ; -0.0313704 ; 101.897;
9 ; 5 ; 10 ; 0.446962 ; 0.0160624 ; 0.00652387 ; 101.341;
10 ; 5 ; 10 ; 0.4483 ; 0.0186609 ; 0.00931232 ; 101.451;
11 ; 5 ; 10 ; 0.42102 ; 0.0270364 ; 0.0337195 ; 101.541;
12 ; 5 ; 10 ; 0.461245 ; 0.0131842 ; -0.00353005 ; 100.021;
13 ; 5 ; 10 ; 0.477039 ; -0.0238829 ; 0.00472361 ; 100.699;
14 ; 5 ; 10 ; 0.44037 ; -0.00463666 ; -0.0408881 ; 101.767;
15 ; 5 ; 10 ; 0.46083 ; -0.00610536 ; 0.00216489 ; 101.211;
16 ; 5 ; 10 ; 0.469761 ; -0.0145607 ; -0.0135175 ; 100.451;
17 ; 5 ; 10 ; 0.465098 ; 0.00894354 ; -0.0305547 ; 101.138;
18 ; 5 ; 10 ; 0.45381 ; -0.0174134 ; 0.00223782 ; 101.888;
19 ; 5 ; 10 ; 0.472413 ; -0.0082771 ; 0.0136663 ; 100.744;
20 ; 5 ; 10 ; 0.451592 ; -0.00644593 ; -0.00538989 ; 101.726;
21 ; 5 ; 10 ; 0.411428 ; 0.0287481 ; 0.0206727 ; 100.379;
4 ; 6 ; 10 ; 0.397091 ; -0.0359726 ; -0.00969115 ; 102.456;
5 ; 6 ; 10 ; 0.441638 ; -0.0332864 ; -0.0193563 ; 100.687;
6 ; 6 ; 10 ; 0.426999 ; -0.00933379 ; -0.00670295 ; 101.397;
7 ; 6 ; 10 ; 0.470087 ; -0.0325618 ; -0.0247756 ; 101.65;
8 ; 6 ; 10 ; 0.440801 ; -0.00786493 ; 0.00346419 ; 101.011;
9 ; 6 ; 10 ; 0.435538 ; 0.0188246 ; -0.0240882 ; 101.506;
10 ; 6 ; 10 ; 0.459517 ; -0.00627713 ; 0.0138262 ; 102.625;
11 ; 6 ; 10 ; 0.442386 ; 0.00811815 ; 0.0366397 ; 101.293;
12 ; 6 ; 10 ; 0.490188 ; 0.0208812 ; -0.00516877 ; 100.838;
13 ; 6 ; 10 ; 0.436117 ; -0.0304306 ; -0.0019847 ; 100.849;
14 ; 6 ; 10 ; 0.44907 ; 0.010019 ; 0.010187 ; 100.596;
15 ; 6 ; 10 ; 0.445385 ; -0.013707 ; 0.00473974 ; 100.382;
16 ; 6 ; 10 ; 0.462409 ; -0.0140989 ; 0.00772597 ; 102.645;
17 ; 6 ; 10 ; 0.452056 ; 0.0172327 ; 0.000640855 ; 100.994;
18 ; 6 ; 10 ; 0.435436 ; 0.00699247 ; -0.0147003 ; 102.342;
19 ; 6 ; 10 ; 0.460296 ; -0.00189653 ; -0.0058308 ; 101.564;
20 ; 6 ; 10 ; 0.413083 ; -0.0177909 ; 0.0219351 ; 102.581;
21 ; 6 ; 10 ; 0.456014 ; 0.0132644 ; -0.017463 ; 101.907;
4 ; 7 ; 10 ; 0.481896 ; -0.00715674 ; 0.0228753 ; 101.254;
5 ; 7 ; 10 ; 0.427443 ; 0.00580108 ; 0.00405386 ; 102.66;
6 ; 7 ; 10 ; 0.435193 ; -0.0162736 ; 0.0181607 ; 100.047;
7 ; 7 ; 10 ; 0.41982 ; 0.0134635 ; 0.0111323 ; 102.284;
8 ; 7 ; 10 ; 0.40606 ; -0.0270594 ; -0.0161673 ; 101.422;
9 ; 7 ; 10 ; 0.447911 ; -0.00442108 ; 0.00742252 ; 101.334;
10 ; 7 ; 10 ; 0.452178 ; -0.0277913 ; 0.00293554 ; 101.821;
11 ; 7 ; 10 ; 0.450384 ; 0.0200836 ; -0.0292485 ; 101.513;
12 ; 7 ; 10 ; 0.453827 ; -0.000854899 ; -0.00235344 ; 101.006;
13 ; 7 ; 10 ; 0.45025 ; 0.0174627 ; 0.00179314 ; 100.823;
14 ; 7 ; 10 ; 0.466372 ; -0.0277218 ; -0.00935428 ; 100.655;
15 ; 7 ; 10 ; 0.469392 ; -0.0184864 ; -0.00591963 ; 99.865;
16 ; 7 ; 10 ; 0.462601 ; 0.0221337 ; 0.0271708 ; 102.111;
17 ; 7 ; 10 ; 0.464522 ; 0.0126029 ; 0.0294847 ; 101.434;
18 ; 7 ; 10 ; 0.4424 ; 0.00552188 ; -0.0285976 ; 102.355;
19 ; 7 ; 10 ; 0.484798 ; 0.0362775 ; -0.00439626 ; 99.7137;
20 ; 7 ; 10 ; 0.469883 ; -0.00549097 ; 0.0158337 ; 101.846;
21 ; 7 ; 10 ; 0.425227 ; 0.0375585 ; -0.00584738 ; 100.348;
4 ; 8 ; 10 ; 0.463959 ; 0.00235879 ; -0.0471864 ; 102.005;
5 ; 8 ; 10 ; 0.466761 ; 0.0253115 ; 0.0325937 ; 101.281;
6 ; 8 ; 10 ; 0.441125 ; -0.0206987 ; 0.00529086 ; 101.151;
7 ; 8 ; 10 ; 0.414397 ; 0.00110862 ; 0.0111381 ; 101.158;
8 ; 8 ; 10 ; 0.441245 ; -0.00606849 ; -0.0123429 ; 101.736;
9 ; 8 ; 10 ; 0.466629 ; -0.0158828 ; -0.0219789 ; 101.256;
10 ; 8 ; 10 ; 0.473814 ; -0.00963486 ; 0.0483913 ; 100.603;
11 ; 8 ; 10 ; 0.448524 ; 0.000471206 ; 0.00128434 ; 101.334;
12 ; 8 ; 10 ; 0.464695 ; 0.00922068 ; -0.0157649 ; 101.599;
13 ; 8 ; 10 ; 0.441386 ; 0.00398062 ; -0.0177741 ; 100.789;
14 ; 8 ; 10 ; 0.464053 ; -0.0281609 ; 0.0376103 ; 102.679;
15 ; 8 ; 10 ; 0.467883 ; -0.0061097 ; 0.00351694 ; 100.655;
16 ; 8 ; 10 ; 0.47651 ; 0.0104449 ; -0.0191877 ; 100.031;
17 ; 8 ; 10 ; 0.499853 ; 0.0014175 ; -0.00409539 ; 100.684;
18 ; 8 ; 10 ; 0.440355 ; -0.0225385 ; -0.0102975 ; 101.32;
19 ; 8 ; 10 ; 0.493906 ; -0.0204445 ; 0.00126601 ; 101.552;
20 ; 8 ; 10 ; 0.464634 ; -0.00296886 ; 0.00273961 ; 101.976;
21 ; 8 ; 10 ; 0.452419 ; 0.000114335 ; -0.0247293 ; 100.928;
4 ; 9 ; 10 ; 0.473703 ; 0.0131964 ; 0.00971702 ; 101.57;
5 ; 9 ; 10 ; 0.434999 ; -0.0156295 ; 0.0234825 ; 101.285;
6 ; 9 ; 10 ; 0.430643 ; -0.00107976 ; -0.0104536 ; 101.373;
7 ; 9 ; 10 ; 0.443993 ; 0.00889754 ; 0.0190518 ; 101.861;
8 ; 9 ; 10 ; 0.485158 ; 0.0426373 ; -0.00302997 ; 100.714;
9 ; 9 ; 10 ; 0.449888 ; -0.0315821 ; 0.0189815 ; 101.139;
10 ; 9 ; 10 ; 0.449519 ; 0.0314194 ; 0.0282951 ; 101.426;
11 ; 9 ; 10 ; 0.447314 ; -0.000840517 ; -0.00424027 ; 101.356;
12 ; 9 ; 10 ; 0.470046 ; -0.0401451 ; 0.0259405 ; 101.624;
13 ; 9 ; 10 ; 0.472832 ; -0.00576758 ; -0.00296988 ; 102.655;
14 ; 9 ; 10 ; 0.425452 ; 0.00853922 ; -0.00213059 ; 101.967;
15 ; 9 ; 10 ; 0.394473 ; 0.00638384 ; 0.0405751 ; 101.181;
16 ; 9 ; 10 ; 0.451409 ; -0.00870066 ; 0.0203934 ; 101.943;
17 ; 9 ; 10 ; 0.464179 ; 0.024017 ; 0.00974708 ; 101.291;
18 ; 9 ; 10 ; 0.460408 ; 0.0140014 ; -0.0393129 ; 102.584;
19 ; 9 ; 10 ; 0.458315 ; 0.0126603 ; -0.0229815 ; 100.703;
20 ; 9 ; 10 ; 0.421283 ; -0.0221671 ; -0.0115947 ; 100.598;
21 ; 9 ; 10 ; 0.457644 ; 0.0156007 ; -0.0244483 ; 101.864;
4 ; 10 ; 10 ; 0.445276 ; 0.00533598 ; 0.0216501 ; 101.277;
5 ; 10 ; 10 ; 0.451571 ; 0.0166438 ; 0.0359557 ; 100.951;
6 ; 10 ; 10 ; 0.43847 ; -0.00777195 ; 0.0118322 ; 101.384;
7 ; 10 ; 10 ; 0.448046 ; -0.00557535 ; 0.0172211 ; 102.381;
8 ; 10 ; 10 ; 0.458009 ; -0.00732228 ; -0.00502858 ; 101.214;
9 ; 10 ; 10 ; 0.500481 ; -0.0404006 ; 0.00844506 ; 102.404;
10 ; 10 ; 10 ; 0.426905 ; 0.0100847 ; -0.0148955 ; 102.378;
11 ; 10 ; 10 ; 0.484628 ; 0.0318195 ; 0.0326302 ; 100.694;
12 ; 10 ; 10 ; 0.453433 ; -0.0104917 ; -0.0554676 ; 101.009;
13 ; 10 ; 10 ; 0.467692 ; -0.00171629 ; 0.00534255 ; 101.873;
14 ; 10 ; 10 ; 0.459643 ; 0.00554642 ; -0.028448 ; 100.896;
15 ; 10 ; 10 ; 0.497921 ; -0.0194747 ; -0.0133779 ; 100.586;
16 ; 10 ; 10 ; 0.447034 ; -0.0107653 ; -0.0443477 ; 100.703;
17 ; 10 ; 10 ; 0.44009 ; 0.0180453 ; -0.0151083 ; 101.436;
18 ; 10 ; 10 ; 0.483503 ; -0.0132948 ; -0.014911 ; 101.303;
19 ; 10 ; 10 ; 0.43343 ; 0.0202467 ; -0.0162012 ; 102.705;
20 ; 10 ; 10 ; 0.427329 ; -0.0398856 ; -0.00730661 ; 100.942;
21 ; 10 ; 10 ; 0.456019 ; 0.00541901 ; -0.0296093 ; 101.955;
4 ; 11 ; 10 ; 0.458067 ; 0.0378601 ; 0.0251486 ; 101.055;
5 ; 11 ; 10 ; 0.460026 ; 0.00235484 ; 0.0167403 ; 102.057;
6 ; 11 ; 10 ; 0.452685 ; 0.00763179 ; -0.0414834 ; 101.177;
7 ; 11 ; 10 ; 0.465978 ; -0.00357012 ; 0.0251275 ; 100.209;
8 ; 11 ; 10 ; 0.487403 ; 0.0166214 ; -0.00144602 ; 100.782;
9 ; 11 ; 10 ; 0.452817 ; -0.0297527 ; 0.00346886 ; 101.813;
10 ; 11 ; 10 ; 0.450445 ; -0.0103954 ; -0.00859999 ; 100.829;
11 ; 11 ; 10 ; 0.451349 ; 0.021767 ; -0.0389727 ; 100.909;
12 ; 11 ; 10 ; 0.497105 ; 0.0248282 ; -0.0121109 ; 103.647;
13 ; 11 ; 10 ; 0.438976 ; -0.0100007 ; -0.0129207 ; 100.368;
14 ; 11 ; 10 ; 0.485924 ; -0.0215264 ; -0.019312 ; 100.642;
15 ; 11 ; 10 ; 0.474331 ; 0.0144055 ; 0.0160406 ; 101.791;
16 ; 11 ; 10 ; 0.492502 ; 0.021727 ; -0.0258078 ; 100.49;
17 ; 11 ; 10 ; 0.447886 ; -0.0122669 ; -0.0312893 ; 101.137;
18 ; 11 ; 10 ; 0.469009 ; -0.0120329 ; 0.0143209 ; 102.181;
19 ; 11 ; 10 ; 0.494393 ; 0.00184745 ; 0.0237787 ; 102.569;
20 ; 11 ; 10 ; 0.434573 ; -0.00366178 ; -0.0229699 ; 102.372;
21 ; 11 ; 10 ; 0.460882 ; -0.0258846 ; -0.00387624 ; 101.585;
4 ; 12 ; 10 ; 0.461223 ; 0.0305088 ; 0.0424879 ; 101.707;
5 ; 12 ; 10 ; 0.442272 ; -0.0227466 ; 0.0063769 ; 101.786;
6 ; 12 ; 10 ; 0.44108 ; -0.0101209 ; 0.0379076 ; 101.649;
7 ; 12 ; 10 ; 0.449612 ; -0.0610344 ; -0.0253941 ; 101.45;
8 ; 12 ; 10 ; 0.438466 ; -0.0321647 ; -0.0111772 ; 100.789;
9 ; 12 ; 10 ; 0.466896 ; -0.0260081 ; 0.0464448 ; 102.479;
10 ; 12 ; 10 ; 0.414331 ; 0.0104893 ; -0.00286909 ; 101.171;
11 ; 12 ; 10 ; 0.47824 ; 0.0204609 ; -0.0162164 ; 102.078;
12 ; 12 ; 10 ; 0.474952 ; 0.0377296 ; -0.0562394 ; 101.181;
13 ; 12 ; 10 ; 0.466564 ; 0.0148576 ; 0.0143908 ; 100.932;
14 ; 12 ; 10 ; 0.468668 ; -0.0376019 ; 0.0354023 ; 101.611;
15 ; 12 ; 10 ; 0.435828 ; 0.0197836 ; 0.00436437 ; 101.526;
16 ; 12 ; 10 ; 0.451492 ; 0.0214757 ; -0.0185604 ; 101.668;
17 ; 12 ; 10 ; 0.477297 ; -0.0100936 ; 0.0177362 ; 100.385;
18 ; 12 ; 10 ; 0.488868 ; -0.00777539 ; 0.0282567 ; 101.896;
19 ; 12 ; 10 ; 0.468487 ; 0.00209835 ; 0.00981711 ; 101.625;
20 ; 12 ; 10 ; 0.436614 ; -0.0288478 ; -0.00226624 ; 101.279;
21 ; 12 ; 10 ; 0.417101 ; -0.0140863 ; -0.015079 ; 100.876;
4 ; 13 ; 10 ; 0.437686 ; 0.0224249 ; 0.0589592 ; 100.696;
5 ; 13 ; 10 ; 0.414682 ; 0.030718 ; 0.0177155 ; 101.272;
6 ; 13 ; 10 ; 0.459712 ; -0.0314033 ; 0.0127807 ; 100.936;
7 ; 13 ; 10 ; 0.45631 ; -0.0111838 ; 0.0315048 ; 101.753;
8 ; 13 ; 10 ; 0.501265 ; -0.037017 ; -0.003068 ; 101.368;
9 ; 13 ; 10 ; 0.475595 ; -0.00569907 ; -0.00797008 ; 101.303;
10 ; 13 ; 10 ; 0.458021 ; -0.00922233 ; -0.0586791 ; 101.974;
11 ; 13 ; 10 ; 0.455466 ; 0.0190941 ; -0.0191381 ; 102.068;
12 ; 13 ; 10 ; 0.423741 ; -0.00374008 ; 0.0234799 ; 101.299;
13 ; 13 ; 10 ; 0.457232 ; -0.014617 ; 0.00713099 ; 101.858;
14 ; 13 ; 10 ; 0.488288 ; 0.0124341 ; 0.0140082 ; 100.441;
15 ; 13 ; 10 ; 0.427586 ; 0.0301942 ; -0.00253042 ; 101.521;
16 ; 13 ; 10 ; 0.474092 ; -0.00686061 ; 0.0210839 ; 102.031;
17 ; 13 ; 10 ; 0.457148 ; 0.00675408 ; 0.0294809 ; 100.464;
18 ; 13 ; 10 ; 0.468231 ; 0.0546957 ; 0.00656648 ; 101.467;
19 ; 13 ; 10 ; 0.475296 ; 0.0101756 ; 0.00772406 ; 100.319;
20 ; 13 ; 10 ; 0.45614 ; -0.00722526 ; -0.0109565 ; 100.252;
21 ; 13 ; 10 ; 0.507344 ; -0.0429457 ; -0.00696818 ; 101.409;
4 ; 14 ; 10 ; 0.464753 ; -0.00231277 ; 0.00556088 ; 101.569;
5 ; 14 ; 10 ; 0.425822 ; 0.00551229 ; 0.0110508 ; 101.291;
6 ; 14 ; 10 ; 0.436794 ; -0.0190754 ; 0.0526116 ; 102.051;
7 ; 14 ; 10 ; 0.454171 ; 0.00894476 ; -0.0192871 ; 101.619;
8 ; 14 ; 10 ; 0.477842 ; 0.0209702 ; 0.0185858 ; 101.087;
9 ; 14 ; 10 ; 0.486332 ; 0.00287617 ; 0.00348387 ; 101.253;
10 ; 14 ; 10 ; 0.443012 ; 0.0174273 ; 0.00167626 ; 100.955;
11 ; 14 ; 10 ; 0.46086 ; -0.00280352 ; 0.0149133 ; 101.46;
12 ; 14 ; 10 ; 0.452615 ; -0.00665555 ; 0.0215945 ; 99.8788;
13 ; 14 ; 10 ; 0.475851 ; 0.0113112 ; 0.00183539 ; 101.886;
14 ; 14 ; 10 ; 0.455587 ; -0.00393246 ; -0.0145253 ; 101.2;
15 ; 14 ; 10 ; 0.470618 ; -0.0228565 ; -0.0100011 ; 101.049;
16 ; 14 ; 10 ; 0.465897 ; -0.0356655 ; -0.0194439 ; 100.984;
17 ; 14 ; 10 ; 0.441381 ; -0.0134699 ; -0.00556332 ; 100.907;
18 ; 14 ; 10 ; 0.46263 ; -0.00142295 ; 0.0182576 ; 102.323;
19 ; 14 ; 10 ; 0.443481 ; 0.0212432 ; -0.0142109 ; 101.773;
20 ; 14 ; 10 ; 0.47512 ; -0.0154472 ; -0.04074 ; 101.459;
21 ; 14 ; 10 ; 0.490177 ; 0.00631429 ; -0.0272033 ; 102.386;
4 ; 15 ; 10 ; 0.438378 ; -0.00212742 ; 0.0224612 ; 100.952;
5 ; 15 ; 10 ; 0.450195 ; -0.00787273 ; 0.00162885 ; 102.549;
6 ; 15 ; 10 ; 0.515791 ; 0.0217684 ; 0.03396 ; 101.644;
7 ; 15 ; 10 ; 0.462193 ; -0.00115179 ; -0.004132 ; 102.665;
8 ; 15 ; 10 ; 0.450958 ; -0.00200915 ; -0.000833351 ; 100.844;
9 ; 15 ; 10 ; 0.445056 ; -0.00118062 ; 0.0153861 ; 101.214;
10 ; 15 ; 10 ; 0.463098 ; 0.0308157 ; 0.0169737 ; 100.707;
11 ; 15 ; 10 ; 0.469603 ; -0.00651815 ; 0.013347 ; 101.493;
12 ; 15 ; 10 ; 0.470308 ; 0.0271163 ; -0.0103457 ; 101.802;
13 ; 15 ; 10 ; 0.473484 ; -0.00107615 ; 0.0111206 ; 100.786;
14 ; 15 ; 10 ; 0.425414 ; 0.019596 ; -0.0170532 ; 100.866;
15 ; 15 ; 10 ; 0.438116 ; -0.00196492 ; 0.0192903 ; 100.808;
16 ; 15 ; 10 ; 0.463241 ; -0.00377896 ; 0.0146994 ; 101.786;
17 ; 15 ; 10 ; 0.460655 ; 0.0311787 ; -0.0116117 ; 100.834;
18 ; 15 ; 10 ; 0.456793 ; 0.0381492 ; -0.00733403 ; 102.036;
19 ; 15 ; 10 ; 0.465783 ; 0.0105082 ; 0.0171235 ; 101.726;
20 ; 15 ; 10 ; 0.467763 ; -0.0152522 ; -0.0217381 ; 101.165;
21 ; 15 ; 10 ; 0.494276 ; 0.02162 ; -0.0181881 ; 100.449;
4 ; 16 ; 10 ; 0.458331 ; 0.00471925 ; 0.00312497 ; 101.103;
5 ; 16 ; 10 ; 0.440442 ; 0.00012677 ; -0.0432159 ; 100.981;
6 ; 16 ; 10 ; 0.46872 ; 0.0121554 ; 0.014647 ; 101.804;
7 ; 16 ; 10 ; 0.469064 ; -0.00957747 ; 0.0326409 ; 100.439;
8 ; 16 ; 10 ; 0.452068 ; 0.020851 ; 0.0470631 ; 101.483;
9 ; 16 ; 10 ; 0.430223 ; -0.029317 ; 0.0203373 ; 101.083;
10 ; 16 ; 10 ; 0.468655 ; 0.00179438 ; 0.0285282 ; 101.019;
11 ; 16 ; 10 ; 0.498587 ; 0.0116522 ; 0.0160728 ; 101.926;
12 ; 16 ; 10 ; 0.464496 ; 0.0265988 ; 0.0232651 ; 100.871;
13 ; 16 ; 10 ; 0.490477 ; 0.00577696 ; 0.0119429 ; 102.202;
14 ; 16 ; 10 ; 0.450394 ; 0.0308288 ; -0.0223031 ; 100.824;
15 ; 16 ; 10 ; 0.468643 ; -0.0166684 ; -0.0321242 ; 102.613;
16 ; 16 ; 10 ; 0.491355 ; -0.00682576 ; -0.002942 ; 101.777;
17 ; 16 ; 10 ; 0.472115 ; -0.00216808 ; 0.0191245 ; 100.617;
18 ; 16 ; 10 ; 0.471825 ; -0.00927439 ; -0.0072275 ; 101.236;
19 ; 16 ; 10 ; 0.449449 ; 0.0123664 ; 0.0134314 ; 100.988;
20 ; 16 ; 10 ; 0.430161 ; -0.0515757 ; -0.00408973 ; 101.332;
21 ; 16 ; 10 ; 0.470976 ; -0.0322784 ; 0.0334712 ; 101.201;
4 ; 17 ; 10 ; 0.47038 ; 0.0260895 ; -0.0215516 ; 101.572;
5 ; 17 ; 10 ; 0.446263 ; -0.00727308 ; 0.0263556 ; 101.94;
6 ; 17 ; 10 ; 0.462931 ; -0.0295592 ; 0.022326 ; 101.297;
7 ; 17 ; 10 ; 0.46175 ; -0.00390872 ; 0.029018 ; 101.309;
8 ; 17 ; 10 ; 0.473221 ; -0.0181894 ; 0.00771521 ; 100.91;
9 ; 17 ; 10 ; 0.406236 ; 0.0229132 ; -0.0478051 ; 100.073;
10 ; 17 ; 10 ; 0.449967 ; 0.00253677 ; -0.0258113 ; 103.387;
11 ; 17 ; 10 ; 0.492956 ; 0.0216224 ; 0.00507808 ; 101.545;
12 ; 17 ; 10 ; 0.518826 ; -0.00858123 ; 0.0203906 ; 102.426;
13 ; 17 ; 10 ; 0.46902 ; 0.0290768 ; 0.0215457 ; 100.897;
14 ; 17 ; 10 ; 0.468771 ; 0.00759429 ; -0.0208477 ; 101.94;
15 ; 17 ; 10 ; 0.421052 ; 0.00493076 ; 0.00407227 ; 101.231;
16 ; 17 ; 10 ; 0.457705 ; -0.0238292 ; 0.0140295 ; 101.254;
17 ; 17 ; 10 ; 0.462491 ; 0.00182909 ; 0.052395 ; 101.502;
18 ; 17 ; 10 ; 0.457657 ; 0.0309528 ; 0.00583042 ; 101.608;
19 ; 17 ; 10 ; 0.462837 ; 0.0254457 ; -0.00243867 ; 102.674;
20 ; 17 ; 10 ; 0.456689 ; 0.00869491 ; 0.0212329 ; 101.244;
21 ; 17 ; 10 ; 0.497066 ; -0.0155343 ; -0.0176579 ; 100.939;
4 ; 18 ; 10 ; 0.422075 ; 0.0224725 ; -0.000681923 ; 101.057;
5 ; 18 ; 10 ; 0.432956 ; 0.0159534 ; 0.00559968 ; 101.362;
6 ; 18 ; 10 ; 0.453575 ; 0.0122175 ; -0.00251794 ; 102.621;
7 ; 18 ; 10 ; 0.451455 ; 0.0345851 ; 0.00870197 ; 101.804;
8 ; 18 ; 10 ; 0.466134 ; -0.0418715 ; 0.0285862 ; 99.9925;
9 ; 18 ; 10 ; 0.426885 ; 0.00647735 ; -0.0121676 ; 101.482;
10 ; 18 ; 10 ; 0.465445 ; 0.0424359 ; -0.00789442 ; 99.7138;
11 ; 18 ; 10 ; 0.477748 ; 0.000668359 ; -0.00860335 ; 101.821;
12 ; 18 ; 10 ; 0.472465 ; -0.000156139 ; -0.00214308 ; 102.214;
13 ; 18 ; 10 ; 0.465671 ; -0.0182624 ; -0.0317204 ; 101.706;
14 ; 18 ; 10 ; 0.433502 ; -0.00599587 ; 0.00229104 ; 100.77;
15 ; 18 ; 10 ; 0.444886 ; 0.00812817 ; 0.00810539 ; 99.9594;
16 ; 18 ; 10 ; 0.406277 ; 0.0229644 ; -0.0351293 ; 101.218;
17 ; 18 ; 10 ; 0.458117 ; -0.019517 ; -0.020666 ; 100.906;
18 ; 18 ; 10 ; 0.425939 ; 0.0175647 ; -0.0256067 ; 101.567;
19 ; 18 ; 10 ; 0.459934 ; 0.0371627 ; -0.00707935 ; 100.53;
20 ; 18 ; 10 ; 0.458779 ; -0.0276788 ; 0.0211931 ; 102.198;
21 ; 18 ; 10 ; 0.467793 ; -0.0338382 ; 0.0112257 ; 102.769;
4 ; 19 ; 10 ; 0.473942 ; -0.0119302 ; 0.00327553 ; 100.761;
5 ; 19 ; 10 ; 0.440168 ; 0.0120054 ; -0.0203775 ; 101.097;
6 ; 19 ; 10 ; 0.436878 ; -0.0101874 ; -0.00141829 ; 101.694;
7 ; 19 ; 10 ; 0.467337 ; 0.0461947 ; 0.012152 ; 102.046;
8 ; 19 ; 10 ; 0.484752 ; -0.0042081 ; -0.00911215 ; 101.786;
9 ; 19 ; 10 ; 0.448504 ; 0.0161122 ; -0.0359792 ; 102.109;
10 ; 19 ; 10 ; 0.412202 ; 0.033421 ; -0.0334029 ; 101.54;
11 ; 19 ; 10 ; 0.432297 ; -0.0177399 ; 0.0256987 ; 102.054;
12 ; 19 ; 10 ; 0.442915 ; -0.000750981 ; 0.00690938 ; 101.347;
13 ; 19 ; 10 ; 0.45379 ; 0.0106233 ; 0.00614871 ; 101.284;
14 ; 19 ; 10 ; 0.449744 ; -0.0158239 ; 9.61594e-05 ; 100.87;
15 ; 19 ; 10 ; 0.520478 ; -0.0182375 ; 0.00698682 ; 101.598;
16 ; 19 ; 10 ; 0.516018 ; 0.0243981 ; 0.0141602 ; 102.431;
17 ; 19 ; 10 ; 0.447164 ; -0.000236885 ; -0.0207414 ; 102.704;
18 ; 19 ; 10 ; 0.439523 ; 0.00465675 ; -0.00321713 ; 102.042;
19 ; 19 ; 10 ; 0.483761 ; 0.00309283 ; 0.00663157 ; 100.98;
20 ; 19 ; 10 ; 0.457729 ; 0.00776669 ; -0.00889643 ; 100.761;
21 ; 19 ; 10 ; 0.453074 ; -0.0244988 ; -0.0488175 ; 102.681;
4 ; 20 ; 10 ; 0.436263 ; -0.00632455 ; -0.0363536 ; 101.142;
5 ; 20 ; 10 ; 0.458741 ; 0.0353788 ; 0.0278247 ; 101.316;
6 ; 20 ; 10 ; 0.448874 ; 0.0305168 ; 0.0236605 ; 100.637;
7 ; 20 ; 10 ; 0.45441 ; -0.0147231 ; -0.0282252 ; 100.714;
8 ; 20 ; 10 ; 0.456059 ; -0.0169211 ; 0.00680445 ; 101.882;
9 ; 20 ; 10 ; 0.423142 ; 0.00778024 ; 0.0431776 ; 101.664;
10 ; 20 ; 10 ; 0.446346 ; -0.008576 ; 0.00487628 ; 102.027;
11 ; 20 ; 10 ; 0.458707 ; -0.00860288 ; 0.00334835 ; 101.086;
12 ; 20 ; 10 ; 0.443516 ; 0.0130373 ; -0.00144603 ; 101.685;
13 ; 20 ; 10 ; 0.475266 ; 0.026779 ; 0.0207699 ; 101.661;
14 ; 20 ; 10 ; 0.455041 ; 0.0114253 ; -0.0196815 ; 100.821;
15 ; 20 ; 10 ; 0.429073 ; -0.0489913 ; 0.00764806 ; 101.786;
16 ; 20 ; 10 ; 0.450627 ; -0.0234218 ; 0.00230656 ; 101.114;
17 ; 20 ; 10 ; 0.422948 ; -0.0621818 ; -0.0116606 ; 102.386;
18 ; 20 ; 10 ; 0.460747 ; 0.0290475 ; -0.015285 ; 101.077;
19 ; 20 ; 10 ; 0.393338 ; 0.00894113 ; 0.00929329 ; 99.6287;
20 ; 20 ; 10 ; 0.465802 ; -0.0119279 ; 0.0167791 ; 100.976;
21 ; 20 ; 10 ; 0.418806 ; -0.0296086 ; 0.00157134 ; 100.33;
4 ; 21 ; 10 ; 0.44154 ; 0.00395537 ; 0.0146141 ; 101.656;
5 ; 21 ; 10 ; 0.410643 ; 0.00771807 ; 0.0104683 ; 101.916;
6 ; 21 ; 10 ; 0.479768 ; -0.000245574 ; -0.0111442 ; 101.414;
7 ; 21 ; 10 ; 0.475283 ; -0.00626332 ; -0.0378808 ; 100.71;
8 ; 21 ; 10 ; 0.477352 ; -3.12901e-05 ; -0.0208549 ; 101.908;
9 ; 21 ; 10 ; 0.486982 ; -0.0273778 ; -0.0125405 ; 101.125;
10 ; 21 ; 10 ; 0.449207 ; -0.0223291 ; -0.0158936 ; 101.316;
11 ; 21 ; 10 ; 0.466312 ; 0.00821775 ; 0.0302709 ; 100.953;
12 ; 21 ; 10 ; 0.494921 ; -0.00352223 ; -0.00321613 ; 101.906;
13 ; 21 ; 10 ; 0.476313 ; 0.0193398 ; -0.047005 ; 100.734;
14 ; 21 ; 10 ; 0.475278 ; -0.0344606 ; 0.0113381 ; 101.523;
15 ; 21 ; 10 ; 0.468531 ; 0.00934165 ; 0.0569481 ; 101.654;
16 ; 21 ; 10 ; 0.438263 ; -0.000293948 ; -0.00747576 ; 101.483;
17 ; 21 ; 10 ; 0.466087 ; 0.0269572 ; 0.0210869 ; 101.381;
18 ; 21 ; 10 ; 0.47827 ; -0.00323114 ; 0.00238455 ; 100.608;
19 ; 21 ; 10 ; 0.464277 ; 0.000992503 ; -0.00223571 ; 102.004;
20 ; 21 ; 10 ; 0.464824 ; -0.00800996 ; -0.00694802 ; 100.684;
21 ; 21 ; 10 ; 0.436619 ; 0.0260282 ; -0.0224935 ; 101.688;
4 ; 4 ; 11 ; 0.395168 ; -0.0103465 ; -0.000863728 ; 101.267;
5 ; 4 ; 11 ; 0.402048 ; 0.036387 ; 0.015845 ; 101.975;
6 ; 4 ; 11 ; 0.379305 ; 0.0102888 ; -0.00431476 ; 100.119;
7 ; 4 ; 11 ; 0.37375 ; 0.0170093 ; -0.0208778 ; 101.136;
8 ; 4 ; 11 ; 0.412635 ; 0.000456683 ; 0.0262074 ; 101.736;
9 ; 4 ; 11 ; 0.381713 ; 0.0323751 ; -0.0106092 ; 101.022;
10 ; 4 ; 11 ; 0.369086 ; -0.0167008 ; -0.00383961 ; 102.321;
11 ; 4 ; 11 ; 0.358293 ; -0.0220317 ; 0.0539179 ; 101.369;
12 ; 4 ; 11 ; 0.381186 ; -0.0328468 ; -0.0309142 ; 103.295;
13 ; 4 ; 11 ; 0.361953 ; 0.0106605 ; 0.00943323 ; 100.177;
14 ; 4 ; 11 ; 0.386505 ; -0.00923482 ; -0.0216248 ; 99.9431;
15 ; 4 ; 11 ; 0.408486 ; -0.0345683 ; 0.036427 ; 100.959;
16 ; 4 ; 11 ; 0.415603 ; 0.0235029 ; -0.0164711 ; 102.558;
17 ; 4 ; 11 ; 0.378353 ; 0.0775988 ; -0.00700549 ; 101.523;
18 ; 4 ; 11 ; 0.400639 ; -0.00110997 ; -0.00845414 ; 101.698;
19 ; 4 ; 11 ; 0.393443 ; -0.0118298 ; -0.0461608 ; 102.339;
20 ; 4 ; 11 ; 0.396162 ; 0.011625 ; -0.032055 ; 100.366;
21 ; 4 ; 11 ; 0.432571 ; -0.0134113 ; 0.0166753 ; 100.578;
4 ; 5 ; 11 ; 0.387896 ; -0.0142025 ; -0.019935 ; 101.619;
5 ; 5 ; 11 ; 0.376098 ; -0.0473532 ; -0.0134269 ; 102.253;
6 ; 5 ; 11 ; 0.393443 ; 0.0089334 ; 0.00121755 ; 102.699;
7 ; 5 ; 11 ; 0.394017 ; 0.0355899 ; -0.00116505 ; 101.716;
8 ; 5 ; 11 ; 0.38525 ; 0.011787 ; 0.0319095 ; 102.559;
9 ; 5 ; 11 ; 0.40242 ; 0.0230475 ; 0.0142581 ; 101.218;
10 ; 5 ; 11 ; 0.389067 ; -0.0317405 ; 0.0316111 ; 103.138;
11 ; 5 ; 11 ; 0.425518 ; -0.00907119 ; -0.0178266 ; 101.112;
12 ; 5 ; 11 ; 0.386953 ; 0.00194752 ; -0.00699794 ; 100.015;
13 ; 5 ; 11 ; 0.383768 ; 0.0139064 ; -0.000202284 ; 101.196;
14 ; 5 ; 11 ; 0.425155 ; 0.00384732 ; 0.00772474 ; 101.801;
15 ; 5 ; 11 ; 0.383876 ; -0.000891222 ; 0.0348381 ; 101.619;
16 ; 5 ; 11 ; 0.369862 ; -0.0087706 ; 0.00135657 ; 101.982;
17 ; 5 ; 11 ; 0.350135 ; 0.0140565 ; -0.0201687 ; 101.618;
18 ; 5 ; 11 ; 0.371117 ; 0.0440735 ; 0.012763 ; 101.479;
19 ; 5 ; 11 ; 0.351312 ; 0.0218315 ; 0.00694632 ; 100.301;
20 ; 5 ; 11 ; 0.380878 ; 0.0100819 ; -0.0412011 ; 101.841;
21 ; 5 ; 11 ; 0.395891 ; 0.0119862 ; -0.0204259 ; 101.311;
4 ; 6 ; 11 ; 0.40567 ; -0.0164765 ; 0.0117713 ; 102.189;
5 ; 6 ; 11 ; 0.348119 ; 0.0239897 ; -0.0116199 ; 101.509;
6 ; 6 ; 11 ; 0.363203 ; -0.0202696 ; -0.0147533 ; 101.176;
7 ; 6 ; 11 ; 0.339409 ; -0.0145857 ; 0.0159664 ; 101.867;
8 ; 6 ; 11 ; 0.3785 ; -0.042544 ; -0.0266334 ; 101.689;
9 ; 6 ; 11 ; 0.380317 ; 0.000564719 ; -0.0277333 ; 101.488;
10 ; 6 ; 11 ; 0.432246 ; -0.00176124 ; 0.0167983 ; 100.426;
11 ; 6 ; 11 ; 0.364444 ; 0.0265635 ; 0.00161508 ; 101.886;
12 ; 6 ; 11 ; 0.371876 ; -0.0187852 ; -0.0461896 ; 101.697;
13 ; 6 ; 11 ; 0.387024 ; -0.0101897 ; 0.00121871 ; 101.579;
14 ; 6 ; 11 ; 0.401882 ; 0.00755112 ; -0.00480196 ; 101.587;
15 ; 6 ; 11 ; 0.409929 ; 0.0412148 ; 0.00438047 ; 100.448;
16 ; 6 ; 11 ; 0.409561 ; 0.00439954 ; 0.000774961 ; 102.041;
17 ; 6 ; 11 ; 0.403636 ; 0.00389446 ; -0.00279874 ; 101.648;
18 ; 6 ; 11 ; 0.391865 ; 0.0448885 ; 0.0203911 ; 101.454;
19 ; 6 ; 11 ; 0.372592 ; 0.0420426 ; 0.0220957 ; 102.022;
20 ; 6 ; 11 ; 0.405765 ; 0.0292565 ; 0.0332223 ; 101.64;
21 ; 6 ; 11 ; 0.3959 ; -0.0190027 ; 0.0390251 ; 100.575;
4 ; 7 ; 11 ; 0.410407 ; -0.0195475 ; 0.00457638 ; 100.033;
5 ; 7 ; 11 ; 0.410184 ; 0.0189921 ; -0.0119458 ; 101.198;
6 ; 7 ; 11 ; 0.368375 ; -0.0335474 ; -0.0303195 ; 101;
7 ; 7 ; 11 ; 0.375737 ; 0.010147 ; 0.0414605 ; 102.216;
8 ; 7 ; 11 ; 0.387405 ; 0.027707 ; -0.0236451 ; 102.291;
9 ; 7 ; 11 ; 0.398965 ; 0.00111492 ; -0.0191236 ; 100.424;
10 ; 7 ; 11 ; 0.400223 ; -0.0121074 ; 0.0117744 ; 101.36;
11 ; 7 ; 11 ; 0.342743 ; -0.0235912 ; 0.016407 ; 103.081;
12 ; 7 ; 11 ; 0.415479 ; 0.010952 ; 0.0350529 ; 102.205;
13 ; 7 ; 11 ; 0.407597 ; 0.0246504 ; 0.00168045 ; 101.365;
14 ; 7 ; 11 ; 0.39102 ; 0.0143859 ; -0.0467692 ; 101.988;
15 ; 7 ; 11 ; 0.388058 ; -0.00418761 ; -0.0270811 ; 102.299;
16 ; 7 ; 11 ; 0.389977 ; 0.0258743 ; -0.00990027 ; 101.828;
17 ; 7 ; 11 ; 0.403382 ; 0.0186202 ; 0.00751778 ; 102.059;
18 ; 7 ; 11 ; 0.382774 ; 0.00836735 ; -0.0347273 ; 101.679;
19 ; 7 ; 11 ; 0.401573 ; 0.00759927 ; 0.0102618 ; 102.461;
20 ; 7 ; 11 ; 0.400364 ; -0.0147259 ; -0.00962329 ; 101.114;
21 ; 7 ; 11 ; 0.413864 ; 0.0372322 ; -0.00592253 ; 101.673;
4 ; 8 ; 11 ; 0.411963 ; 0.00974284 ; 0.00428774 ; 101.668;
5 ; 8 ; 11 ; 0.394841 ; 0.031207 ; 0.0179751 ; 101.977;
6 ; 8 ; 11 ; 0.383226 ; 0.00254735 ; -0.00787076 ; 102.596;
7 ; 8 ; 11 ; 0.36801 ; 0.0419503 ; -0.0243921 ; 101.793;
8 ; 8 ; 11 ; 0.433264 ; 0.0761266 ; 0.012942 ; 100.186;
9 ; 8 ; 11 ; 0.399572 ; 0.0146535 ; 0.0141925 ; 103.081;
10 ; 8 ; 11 ; 0.432463 ; 0.0107152 ; -0.0439488 ; 101.776;
11 ; 8 ; 11 ; 0.409238 ; 0.00592945 ; -0.00132113 ; 101.966;
12 ; 8 ; 11 ; 0.380744 ; -0.00210728 ; -0.0380972 ; 100.192;
13 ; 8 ; 11 ; 0.427638 ; -0.053924 ; 0.0147463 ; 102.243;
14 ; 8 ; 11 ; 0.390082 ; -0.00956379 ; -0.0281674 ; 100.217;
15 ; 8 ; 11 ; 0.425017 ; -0.018317 ; 0.0185828 ; 101.032;
16 ; 8 ; 11 ; 0.423944 ; -0.0182907 ; -0.0115984 ; 100.266;
17 ; 8 ; 11 ; 0.417245 ; 0.00193668 ; 0.00576941 ; 102.806;
18 ; 8 ; 11 ; 0.37677 ; -0.0132989 ; -0.025414 ; 101.412;
19 ; 8 ; 11 ; 0.408228 ; -0.00377002 ; 0.0146981 ; 101.484;
20 ; 8 ; 11 ; 0.379975 ; 0.00302522 ; 0.0106021 ; 102.413;
21 ; 8 ; 11 ; 0.396931 ; -0.0198782 ; -0.000374862 ; 101.064;
4 ; 9 ; 11 ; 0.377413 ; 0.00765221 ; 0.0113275 ; 101.208;
5 ; 9 ; 11 ; 0.386583 ; -0.014528 ; -0.00424769 ; 101.399;
6 ; 9 ; 11 ; 0.378931 ; 0.0076644 ; -0.0203036 ; 101.208;
7 ; 9 ; 11 ; 0.349784 ; 0.0194498 ; 0.0012101 ; 101.184;
8 ; 9 ; 11 ; 0.399486 ; -0.00436998 ; 0.00573107 ; 101.101;
9 ; 9 ; 11 ; 0.383555 ; -0.00662125 ; -0.00451494 ; 100.682;
10 ; 9 ; 11 ; 0.426941 ; 0.0146916 ; -0.00311592 ; 101.009;
11 ; 9 ; 11 ; 0.380621 ; -0.0108342 ; 0.00554315 ; 101.325;
12 ; 9 ; 11 ; 0.390067 ; -0.0126395 ; 0.0391804 ; 101.174;
13 ; 9 ; 11 ; 0.420945 ; 0.00604793 ; 0.0247553 ; 101.336;
14 ; 9 ; 11 ; 0.379774 ; 0.00784481 ; 0.00895367 ; 101.571;
15 ; 9 ; 11 ; 0.406753 ; 0.0176398 ; 0.0364238 ; 102.482;
16 ; 9 ; 11 ; 0.401374 ; 0.0483938 ; -0.0503807 ; 101.626;
17 ; 9 ; 11 ; 0.373335 ; -0.0165895 ; 0.00130129 ; 101.651;
18 ; 9 ; 11 ; 0.441996 ; -0.00897941 ; -0.023512 ; 101.596;
19 ; 9 ; 11 ; 0.418707 ; -0.00702637 ; -0.0110716 ; 101.314;
20 ; 9 ; 11 ; 0.366514 ; 0.00400292 ; -0.00717351 ; 100.993;
21 ; 9 ; 11 ; 0.358184 ; -0.00899297 ; -0.00430143 ; 100.932;
4 ; 10 ; 11 ; 0.43245 ; -0.00763719 ; 0.00584205 ; 100.407;
5 ; 10 ; 11 ; 0.350476 ; 0.0056023 ; 0.0190624 ; 101.681;
6 ; 10 ; 11 ; 0.347579 ; 0.0119312 ; 0.00772835 ; 100.683;
7 ; 10 ; 11 ; 0.377841 ; 0.0173902 ; -0.0216868 ; 102.355;
8 ; 10 ; 11 ; 0.397947 ; -0.0181237 ; -0.00361403 ; 102.051;
9 ; 10 ; 11 ; 0.434913 ; 0.00153629 ; 0.00303122 ; 101.821;
10 ; 10 ; 11 ; 0.397105 ; 0.0239475 ; 0.00123724 ; 100.285;
11 ; 10 ; 11 ; 0.393078 ; -0.0185338 ; 6.54284e-05 ; 100.718;
12 ; 10 ; 11 ; 0.419984 ; 0.0108056 ; 0.00427607 ; 101.049;
13 ; 10 ; 11 ; 0.411348 ; -0.0136767 ; 0.0280672 ; 102.666;
14 ; 10 ; 11 ; 0.400723 ; 0.0180832 ; 0.0196298 ; 101.858;
15 ; 10 ; 11 ; 0.394097 ; 0.0434403 ; 0.0234652 ; 101.772;
16 ; 10 ; 11 ; 0.405852 ; -0.0286889 ; -0.034899 ; 100.508;
17 ; 10 ; 11 ; 0.385475 ; 0.0350809 ; -0.0420026 ; 101.909;
18 ; 10 ; 11 ; 0.358774 ; -0.0047154 ; 0.0119925 ; 100.475;
19 ; 10 ; 11 ; 0.374036 ; -0.019086 ; 0.0114113 ; 102.379;
20 ; 10 ; 11 ; 0.392552 ; -0.00177383 ; -0.0284088 ; 101.646;
21 ; 10 ; 11 ; 0.394921 ; 0.038902 ; -0.00925358 ; 100.949;
4 ; 11 ; 11 ; 0.386685 ; -0.0321193 ; 0.0148115 ; 100.225;
5 ; 11 ; 11 ; 0.402105 ; -0.0264856 ; 0.0155556 ; 101.564;
6 ; 11 ; 11 ; 0.375535 ; -0.0025516 ; 0.0073106 ; 101.966;
7 ; 11 ; 11 ; 0.430779 ; 0.0159798 ; -0.0147831 ; 103.294;
8 ; 11 ; 11 ; 0.406179 ; 0.0094063 ; 0.00943476 ; 101.797;
9 ; 11 ; 11 ; 0.393969 ; -0.0121168 ; -0.00101886 ; 100.951;
10 ; 11 ; 11 ; 0.401554 ; 0.00312666 ; -0.00519855 ; 101.826;
11 ; 11 ; 11 ; 0.389261 ; -0.0177624 ; -0.0193302 ; 101.586;
12 ; 11 ; 11 ; 0.405811 ; 0.000303486 ; -0.0365723 ; 102.672;
13 ; 11 ; 11 ; 0.392403 ; -0.0185869 ; 0.00774384 ; 100.748;
14 ; 11 ; 11 ; 0.418539 ; -0.0252239 ; 0.0122964 ; 102.836;
15 ; 11 ; 11 ; 0.379875 ; 0.0470486 ; 0.0230593 ; 101.723;
16 ; 11 ; 11 ; 0.448552 ; -0.00113155 ; -0.00386641 ; 101.041;
17 ; 11 ; 11 ; 0.400142 ; 0.042287 ; 0.00641729 ; 101.341;
18 ; 11 ; 11 ; 0.386056 ; -0.0224487 ; 0.0158174 ; 102.505;
19 ; 11 ; 11 ; 0.404424 ; 0.0211496 ; 0.0362115 ; 102.483;
20 ; 11 ; 11 ; 0.371229 ; 0.0221516 ; -0.0333933 ; 101.945;
21 ; 11 ; 11 ; 0.369023 ; 0.0248307 ; 0.0191289 ; 101.456;
4 ; 12 ; 11 ; 0.361885 ; 0.00855118 ; -0.000639729 ; 101.116;
5 ; 12 ; 11 ; 0.360497 ; -0.00236482 ; -0.0123409 ; 101.354;
6 ; 12 ; 11 ; 0.403739 ; -0.067974 ; -0.0458546 ; 101.843;
7 ; 12 ; 11 ; 0.387498 ; -0.00301288 ; 0.00578299 ; 101.906;
8 ; 12 ; 11 ; 0.436437 ; 0.00752337 ; -0.000684976 ; 100.614;
9 ; 12 ; 11 ; 0.396422 ; 0.00319886 ; 0.0195999 ; 100.825;
10 ; 12 ; 11 ; 0.401243 ; -0.00365954 ; -0.00534816 ; 101.454;
11 ; 12 ; 11 ; 0.386095 ; -0.0305728 ; -0.0133141 ; 100.284;
12 ; 12 ; 11 ; 0.413826 ; 0.014192 ; -0.0179376 ; 100.992;
13 ; 12 ; 11 ; 0.379834 ; -0.0234309 ; -0.0230403 ; 100.751;
14 ; 12 ; 11 ; 0.386709 ; 0.00678208 ; 0.0189814 ; 100.736;
15 ; 12 ; 11 ; 0.398609 ; -0.0250379 ; -0.00943148 ; 101.104;
16 ; 12 ; 11 ; 0.38897 ; -0.00898985 ; 0.0105252 ; 100.851;
17 ; 12 ; 11 ; 0.396157 ; 0.0212031 ; -0.0144794 ; 101.441;
18 ; 12 ; 11 ; 0.380254 ; -0.0198125 ; -0.0283859 ; 100.131;
19 ; 12 ; 11 ; 0.378548 ; 0.043556 ; 0.00288379 ; 101.017;
20 ; 12 ; 11 ; 0.382278 ; 0.00599522 ; -0.00287906 ; 101.159;
21 ; 12 ; 11 ; 0.394684 ; -0.0191059 ; 0.0158861 ; 101.664;
4 ; 13 ; 11 ; 0.384233 ; -0.00181683 ; 0.0428472 ; 101.316;
5 ; 13 ; 11 ; 0.35101 ; -0.019963 ; -0.0129806 ; 101.77;
6 ; 13 ; 11 ; 0.389233 ; -0.00907132 ; 0.00368229 ; 101.176;
7 ; 13 ; 11 ; 0.390935 ; -0.0213879 ; 0.0365131 ; 102.195;
8 ; 13 ; 11 ; 0.405211 ; 0.0436683 ; 0.0225052 ; 101.903;
9 ; 13 ; 11 ; 0.382706 ; 0.0529159 ; 0.0125331 ; 102.544;
10 ; 13 ; 11 ; 0.40456 ; 0.0416146 ; -0.0321299 ; 101.617;
11 ; 13 ; 11 ; 0.390413 ; -0.0244062 ; -0.0167898 ; 100.881;
12 ; 13 ; 11 ; 0.380076 ; 0.0192299 ; 0.0163044 ; 101.296;
13 ; 13 ; 11 ; 0.38591 ; -0.00383858 ; 0.0260696 ; 99.9931;
14 ; 13 ; 11 ; 0.400998 ; -0.0246233 ; 0.037009 ; 102.059;
15 ; 13 ; 11 ; 0.387121 ; 0.00949975 ; -0.0142837 ; 101.604;
16 ; 13 ; 11 ; 0.408127 ; 0.00130502 ; 0.0208411 ; 102.613;
17 ; 13 ; 11 ; 0.391614 ; 0.0106725 ; 0.0188647 ; 102.514;
18 ; 13 ; 11 ; 0.410192 ; 0.0102292 ; 0.0288573 ; 101.085;
19 ; 13 ; 11 ; 0.409536 ; 0.0036103 ; -0.0467905 ; 101.923;
20 ; 13 ; 11 ; 0.434354 ; 0.0377988 ; -0.0122831 ; 101.49;
21 ; 13 ; 11 ; 0.394418 ; -0.0173568 ; 0.0409764 ; 101.389;
4 ; 14 ; 11 ; 0.403483 ; -0.0385195 ; 0.00368659 ; 101.013;
5 ; 14 ; 11 ; 0.37047 ; -0.00326785 ; 0.00331713 ; 102.568;
6 ; 14 ; 11 ; 0.377478 ; -0.00255268 ; 0.00615266 ; 99.7419;
7 ; 14 ; 11 ; 0.371041 ; -0.00117288 ; -0.00240348 ; 100.356;
8 ; 14 ; 11 ; 0.361321 ; 0.0230171 ; 0.0214386 ; 101.362;
9 ; 14 ; 11 ; 0.447726 ; 0.037125 ; 0.0400627 ; 100.914;
10 ; 14 ; 11 ; 0.389435 ; -0.0245579 ; 0.0245578 ; 101.089;
11 ; 14 ; 11 ; 0.401244 ; -0.016046 ; 0.0170184 ; 101.271;
12 ; 14 ; 11 ; 0.380462 ; -0.029119 ; 0.0128801 ; 102.83;
13 ; 14 ; 11 ; 0.356568 ; -0.0167547 ; 0.0150555 ; 100.218;
14 ; 14 ; 11 ; 0.414827 ; 0.0407658 ; -0.0164307 ; 101.968;
15 ; 14 ; 11 ; 0.368384 ; 0.000765674 ; 0.0226342 ; 101.559;
16 ; 14 ; 11 ; 0.411008 ; -0.0500655 ; -0.0386358 ; 100.626;
17 ; 14 ; 11 ; 0.380357 ; 0.016304 ; 0.0203373 ; 101.841;
18 ; 14 ; 11 ; 0.416819 ; -0.0366408 ; -0.0318045 ; 99.9356;
19 ; 14 ; 11 ; 0.390862 ; 0.00352572 ; -0.000712334 ; 100.388;
20 ; 14 ; 11 ; 0.399837 ; 0.024415 ; -0.00365893 ; 101.966;
21 ; 14 ; 11 ; 0.381732 ; 0.0018109 ; -0.0354569 ; 102.395;
4 ; 15 ; 11 ; 0.35216 ; -0.0137834 ; 0.0691782 ; 101.739;
5 ; 15 ; 11 ; 0.351608 ; -0.0217354 ; -0.0265162 ; 101.433;
6 ; 15 ; 11 ; 0.412611 ; -0.0348604 ; -0.0346794 ; 102.506;
7 ; 15 ; 11 ; 0.399013 ; 0.030337 ; -0.0336352 ; 101.498;
8 ; 15 ; 11 ; 0.395334 ; 0.0606156 ; -0.00304301 ; 101.864;
9 ; 15 ; 11 ; 0.383144 ; 0.0549742 ; -0.0219377 ; 100.407;
10 ; 15 ; 11 ; 0.364889 ; -0.0474652 ; 0.0322185 ; 101.299;
11 ; 15 ; 11 ; 0.407646 ; -0.0253286 ; 0.00920575 ; 101.388;
12 ; 15 ; 11 ; 0.404548 ; 0.034308 ; 0.0258385 ; 100.389;
13 ; 15 ; 11 ; 0.384456 ; -0.014306 ; 0.0220157 ; 101.064;
14 ; 15 ; 11 ; 0.391672 ; 0.0218113 ; 0.0123798 ; 102.693;
15 ; 15 ; 11 ; 0.39779 ; 0.00307498 ; 0.00258911 ; 101.259;
16 ; 15 ; 11 ; 0.425468 ; -0.0107233 ; 0.0196378 ; 102.66;
17 ; 15 ; 11 ; 0.411677 ; 0.0360726 ; 0.00061138 ; 101.936;
18 ; 15 ; 11 ; 0.395795 ; -0.031189 ; 0.0060838 ; 101.535;
19 ; 15 ; 11 ; 0.385312 ; -0.00769373 ; -0.00453694 ; 101.743;
20 ; 15 ; 11 ; 0.37695 ; -0.00403766 ; -0.00300147 ; 102.89;
21 ; 15 ; 11 ; 0.425589 ; -0.00179103 ; -0.0269928 ; 101.137;
4 ; 16 ; 11 ; 0.370911 ; 0.0111001 ; 0.0283466 ; 101.952;
5 ; 16 ; 11 ; 0.394477 ; -0.0017695 ; -0.00569777 ; 102.901;
6 ; 16 ; 11 ; 0.380767 ; -0.00141821 ; -0.0178639 ; 102.021;
7 ; 16 ; 11 ; 0.361665 ; -0.0322502 ; 0.0162865 ; 101.69;
8 ; 16 ; 11 ; 0.401977 ; -0.0180785 ; 0.00361452 ; 101.856;
9 ; 16 ; 11 ; 0.390931 ; -0.0138154 ; -0.0226596 ; 101.981;
10 ; 16 ; 11 ; 0.395461 ; 0.017195 ; -0.00544185 ; 100.222;
11 ; 16 ; 11 ; 0.396521 ; -0.00127712 ; 0.0386681 ; 102.382;
12 ; 16 ; 11 ; 0.389321 ; -0.00456647 ; -0.0162709 ; 100.937;
13 ; 16 ; 11 ; 0.391327 ; 0.0055593 ; -0.0162809 ; 101.623;
14 ; 16 ; 11 ; 0.376252 ; -0.00569436 ; -0.00395198 ; 100.499;
15 ; 16 ; 11 ; 0.365017 ; 0.0073777 ; -0.00387159 ; 101.932;
16 ; 16 ; 11 ; 0.365798 ; 0.0307098 ; -0.0113751 ; 101.722;
17 ; 16 ; 11 ; 0.434259 ; -0.037102 ; 0.0190578 ; 101.078;
18 ; 16 ; 11 ; 0.416035 ; -0.0184871 ; 0.0175833 ; 101.583;
19 ; 16 ; 11 ; 0.417252 ; 0.00201033 ; -0.0097743 ; 101.016;
20 ; 16 ; 11 ; 0.390189 ; -0.0172425 ; -0.0321503 ; 102.927;
21 ; 16 ; 11 ; 0.342343 ; -0.0192004 ; 0.0248244 ; 101.026;
4 ; 17 ; 11 ; 0.37123 ; 0.013984 ; 0.0116272 ; 101.611;
5 ; 17 ; 11 ; 0.378761 ; 0.00475243 ; 0.00112118 ; 101.265;
6 ; 17 ; 11 ; 0.363045 ; -0.0173196 ; -0.0230619 ; 100.083;
7 ; 17 ; 11 ; 0.35431 ; 0.0436564 ; 0.0332194 ; 102.218;
8 ; 17 ; 11 ; 0.348845 ; -0.0234701 ; 0.0250257 ; 102.408;
9 ; 17 ; 11 ; 0.393848 ; 0.0164077 ; 0.01686 ; 101.022;
10 ; 17 ; 11 ; 0.400681 ; 0.00446648 ; -0.0225859 ; 102.051;
11 ; 17 ; 11 ; 0.41367 ; 0.00812461 ; -0.0148066 ; 100.691;
12 ; 17 ; 11 ; 0.383758 ; -0.0147638 ; 0.00532989 ; 102.822;
13 ; 17 ; 11 ; 0.371429 ; 0.028133 ; -0.0143909 ; 102.213;
14 ; 17 ; 11 ; 0.354665 ; 0.0476457 ; -0.0134021 ; 99.7956;
15 ; 17 ; 11 ; 0.403525 ; 0.0332537 ; -0.027297 ; 100.066;
16 ; 17 ; 11 ; 0.409719 ; -0.0161287 ; 0.00875628 ; 103.038;
17 ; 17 ; 11 ; 0.395007 ; -0.0259765 ; 0.00811153 ; 102.395;
18 ; 17 ; 11 ; 0.397911 ; 0.0119227 ; 0.0178321 ; 100.335;
19 ; 17 ; 11 ; 0.40462 ; -0.017743 ; 0.00482992 ; 101.4;
20 ; 17 ; 11 ; 0.399803 ; -0.0173498 ; 0.0023376 ; 102.308;
21 ; 17 ; 11 ; 0.388779 ; 0.0150627 ; 0.0214302 ; 101.758;
4 ; 18 ; 11 ; 0.397846 ; -0.0069166 ; 0.018047 ; 101.978;
5 ; 18 ; 11 ; 0.398033 ; 0.00650753 ; 0.0149858 ; 102.017;
6 ; 18 ; 11 ; 0.344944 ; 0.0222454 ; -0.0353641 ; 101.388;
7 ; 18 ; 11 ; 0.370826 ; 0.0219428 ; 0.0252385 ; 101.653;
8 ; 18 ; 11 ; 0.378594 ; 0.00164991 ; 0.0137065 ; 101.643;
9 ; 18 ; 11 ; 0.40799 ; 0.0479569 ; -0.0113931 ; 102.137;
10 ; 18 ; 11 ; 0.387763 ; -0.0270715 ; 0.0228485 ; 100.539;
11 ; 18 ; 11 ; 0.397237 ; -0.000948494 ; -0.00053312 ; 101.564;
12 ; 18 ; 11 ; 0.427028 ; 0.0405274 ; -0.0304562 ; 101.037;
13 ; 18 ; 11 ; 0.371021 ; -0.00364045 ; -0.0127933 ; 100.958;
14 ; 18 ; 11 ; 0.399881 ; 0.0267108 ; 0.0326454 ; 100.559;
15 ; 18 ; 11 ; 0.402399 ; 0.0277411 ; 0.00149529 ; 101.79;
16 ; 18 ; 11 ; 0.396143 ; 0.0195099 ; 0.0243899 ; 101.836;
17 ; 18 ; 11 ; 0.398795 ; -0.00379158 ; -0.0426915 ; 100.665;
18 ; 18 ; 11 ; 0.384933 ; 0.00147599 ; -0.00927578 ; 101.179;
19 ; 18 ; 11 ; 0.421475 ; 0.0203488 ; 0.0173807 ; 102.346;
20 ; 18 ; 11 ; 0.389357 ; -0.0434866 ; 0.00984302 ; 100.986;
21 ; 18 ; 11 ; 0.359259 ; -0.00829712 ; 0.00632488 ; 100.496;
4 ; 19 ; 11 ; 0.392916 ; 0.00375691 ; 0.00902924 ; 100.428;
5 ; 19 ; 11 ; 0.378903 ; 0.0112709 ; 0.0284283 ; 101.572;
6 ; 19 ; 11 ; 0.414782 ; 0.0117465 ; -0.00237245 ; 102.344;
7 ; 19 ; 11 ; 0.400516 ; -0.00864713 ; 0.0131288 ; 101.399;
8 ; 19 ; 11 ; 0.360704 ; -0.0561263 ; -0.0177109 ; 101.106;
9 ; 19 ; 11 ; 0.380634 ; -0.0301488 ; 0.0130408 ; 101.34;
10 ; 19 ; 11 ; 0.363591 ; 0.0108324 ; 0.00014931 ; 101.543;
11 ; 19 ; 11 ; 0.322147 ; -0.00429045 ; -0.0158141 ; 101.874;
12 ; 19 ; 11 ; 0.413871 ; -0.0114937 ; -0.00883205 ; 101.093;
13 ; 19 ; 11 ; 0.421855 ; -0.0159808 ; -0.0270117 ; 99.8494;
14 ; 19 ; 11 ; 0.404295 ; -0.0133094 ; -0.0149136 ; 101.862;
15 ; 19 ; 11 ; 0.358832 ; 0.0163291 ; -0.00579836 ; 101.973;
16 ; 19 ; 11 ; 0.418476 ; 0.027117 ; 0.0249943 ; 101.454;
17 ; 19 ; 11 ; 0.401531 ; -0.00336177 ; 0.00363716 ; 102.542;
18 ; 19 ; 11 ; 0.389391 ; -0.00645145 ; 0.0419745 ; 101.144;
19 ; 19 ; 11 ; 0.403406 ; -0.00149777 ; 0.00133331 ; 100.367;
20 ; 19 ; 11 ; 0.386462 ; 0.0124653 ; -0.0124026 ; 101.791;
21 ; 19 ; 11 ; 0.376214 ; -0.0251987 ; 0.000664542 ; 100.682;
4 ; 20 ; 11 ; 0.385733 ; 0.00719502 ; 0.0147264 ; 101.441;
5 ; 20 ; 11 ; 0.436105 ; -0.0164996 ; 0.00227889 ; 100.801;
6 ; 20 ; 11 ; 0.386849 ; -0.0223167 ; 0.0225844 ; 100.47;
7 ; 20 ; 11 ; 0.380991 ; -0.0363412 ; 0.000353724 ; 100.414;
8 ; 20 ; 11 ; 0.344726 ; -0.0145283 ; 0.00987959 ; 101.074;
9 ; 20 ; 11 ; 0.393355 ; 0.00975677 ; 0.0208046 ; 101.312;
10 ; 20 ; 11 ; 0.388329 ; -0.0098975 ; -0.030189 ; 100.552;
11 ; 20 ; 11 ; 0.406155 ; 0.000364084 ; -0.0126705 ; 101.254;
12 ; 20 ; 11 ; 0.407297 ; -0.0175246 ; -0.00683295 ; 102.421;
13 ; 20 ; 11 ; 0.359301 ; -0.0137628 ; 0.00654166 ; 102.026;
14 ; 20 ; 11 ; 0.427871 ; -0.0135466 ; 0.021365 ; 101.477;
15 ; 20 ; 11 ; 0.423237 ; -0.0252341 ; 0.00804427 ; 101.36;
16 ; 20 ; 11 ; 0.39062 ; 0.000104111 ; 0.000484106 ; 101.566;
17 ; 20 ; 11 ; 0.382877 ; -0.0277186 ; 0.0158016 ; 101.146;
18 ; 20 ; 11 ; 0.398677 ; -0.011386 ; -0.0196512 ; 100.226;
19 ; 20 ; 11 ; 0.407036 ; -0.0276622 ; 0.0112977 ; 101.264;
20 ; 20 ; 11 ; 0.388281 ; -0.00643769 ; -0.0334268 ; 99.9644;
21 ; 20 ; 11 ; 0.402726 ; -0.0283516 ; 0.0114154 ; 101.057;
4 ; 21 ; 11 ; 0.373462 ; -0.0210278 ; -0.0138567 ; 100.782;
5 ; 21 ; 11 ; 0.380226 ; -0.0262788 ; 0.0120358 ; 102.665;
6 ; 21 ; 11 ; 0.388431 ; 0.0301827 ; -0.00381792 ; 101.234;
7 ; 21 ; 11 ; 0.330537 ; 0.00838084 ; 0.0127368 ; 102.616;
8 ; 21 ; 11 ; 0.433424 ; 0.0193692 ; -0.00915512 ; 101.353;
9 ; 21 ; 11 ; 0.407793 ; -0.00786927 ; 0.0630356 ; 101.413;
10 ; 21 ; 11 ; 0.384836 ; -0.000460886 ; 0.0125512 ; 101.023;
11 ; 21 ; 11 ; 0.409662 ; 0.0182647 ; 0.0373266 ; 102.439;
12 ; 21 ; 11 ; 0.405482 ; -0.000406927 ; 0.0301645 ; 102.62;
13 ; 21 ; 11 ; 0.393209 ; -0.0412758 ; 0.00551726 ; 102.094;
14 ; 21 ; 11 ; 0.356455 ; -0.00752564 ; -0.0255457 ; 101.508;
15 ; 21 ; 11 ; 0.397763 ; -0.0155922 ; 0.0282996 ; 102.113;
16 ; 21 ; 11 ; 0.36715 ; -0.0199619 ; 0.00607286 ; 101.325;
17 ; 21 ; 11 ; 0.426268 ; 0.00300774 ; 0.000162646 ; 101.401;
18 ; 21 ; 11 ; 0.37755 ; 0.0240143 ; -0.00575789 ; 101.401;
19 ; 21 ; 11 ; 0.415383 ; -0.00720906 ; 0.0104256 ; 100.359;
20 ; 21 ; 11 ; 0.396787 ; -0.00486385 ; 0.0158443 ; 102.102;
21 ; 21 ; 11 ; 0.397773 ; 0.00925975 ; 0.00845318 ; 101.034;
4 ; 4 ; 12 ; 0.334942 ; 0.0035911 ; 0.0277152 ; 102.074;
5 ; 4 ; 12 ; 0.334996 ; -0.00294721 ; 0.0173024 ; 100.278;
6 ; 4 ; 12 ; 0.364462 ; 0.00616034 ; 0.000505282 ; 100.193;
7 ; 4 ; 12 ; 0.347323 ; -0.0214863 ; -0.00908295 ; 101.135;
8 ; 4 ; 12 ; 0.303539 ; -0.011059 ; -0.0447422 ; 101.219;
9 ; 4 ; 12 ; 0.317491 ; 0.0154424 ; -0.0203783 ; 102.104;
10 ; 4 ; 12 ; 0.327785 ; -0.00157494 ; 0.0159466 ; 101.017;
11 ; 4 ; 12 ; 0.34137 ; 0.00491061 ; -0.00202737 ; 101.766;
12 ; 4 ; 12 ; 0.325125 ; -0.0289833 ; 0.0277248 ; 100.51;
13 ; 4 ; 12 ; 0.310408 ; -0.0270695 ; -0.0113932 ; 101.602;
14 ; 4 ; 12 ; 0.336133 ; 0.00893506 ; -0.000439262 ; 100.297;
15 ; 4 ; 12 ; 0.35822 ; -0.0317231 ; -0.00623516 ; 101.727;
16 ; 4 ; 12 ; 0.35 ; -0.0108907 ; -0.0353743 ; 102.313;
17 ; 4 ; 12 ; 0.315954 ; -0.0119615 ; 0.0310033 ; 102.292;
18 ; 4 ; 12 ; 0.373235 ; -0.0230523 ; -0.0231988 ; 101.264;
19 ; 4 ; 12 ; 0.332138 ; -0.0293125 ; -0.0114753 ; 102.371;
20 ; 4 ; 12 ; 0.343468 ; 0.0259954 ; -0.0140528 ; 101.302;
21 ; 4 ; 12 ; 0.317798 ; -0.0374988 ; -0.00689317 ; 101.506;
4 ; 5 ; 12 ; 0.347176 ; 0.00708504 ; -0.00439815 ; 101.207;
5 ; 5 ; 12 ; 0.299788 ; -0.00735612 ; -0.0131795 ; 101.717;
6 ; 5 ; 12 ; 0.34356 ; -0.0276923 ; 0.0648485 ; 101.472;
7 ; 5 ; 12 ; 0.351063 ; 0.0112125 ; -0.00906573 ; 101.916;
8 ; 5 ; 12 ; 0.342598 ; 0.0194524 ; 0.0229445 ; 101.647;
9 ; 5 ; 12 ; 0.315628 ; 0.0354492 ; -0.0213684 ; 101.915;
10 ; 5 ; 12 ; 0.327975 ; 0.00472927 ; 0.00109538 ; 100.164;
11 ; 5 ; 12 ; 0.291333 ; -0.000634799 ; 0.00783321 ; 101.001;
12 ; 5 ; 12 ; 0.313033 ; 0.0175194 ; -0.00578068 ; 101.781;
13 ; 5 ; 12 ; 0.356641 ; -0.0406327 ; 0.0379997 ; 101.719;
14 ; 5 ; 12 ; 0.307362 ; 0.0056936 ; -0.0180814 ; 100.951;
15 ; 5 ; 12 ; 0.317218 ; 0.0189564 ; -0.0376867 ; 100.741;
16 ; 5 ; 12 ; 0.365383 ; 0.00335804 ; -0.0506695 ; 100.213;
17 ; 5 ; 12 ; 0.369703 ; -0.0158111 ; -0.035896 ; 101.755;
18 ; 5 ; 12 ; 0.332998 ; 0.00987453 ; 0.0150946 ; 102.398;
19 ; 5 ; 12 ; 0.322328 ; -0.0219598 ; 0.0208162 ; 100.361;
20 ; 5 ; 12 ; 0.332662 ; -0.00139919 ; 0.0208263 ; 100.883;
21 ; 5 ; 12 ; 0.370462 ; -0.00713314 ; -0.0264775 ; 101.026;
4 ; 6 ; 12 ; 0.311964 ; -0.0137601 ; -0.056626 ; 101.819;
5 ; 6 ; 12 ; 0.343577 ; 0.00612454 ; -0.00494498 ; 100.659;
6 ; 6 ; 12 ; 0.33564 ; -0.00327679 ; -0.0313621 ; 101.094;
7 ; 6 ; 12 ; 0.330821 ; 0.018415 ; 0.00445573 ; 99.9775;
8 ; 6 ; 12 ; 0.319791 ; -0.00642189 ; -0.0110612 ; 101.811;
9 ; 6 ; 12 ; 0.292024 ; -0.00259752 ; -0.0160731 ; 100.599;
10 ; 6 ; 12 ; 0.310271 ; 0.00712989 ; 0.0125168 ; 102.926;
11 ; 6 ; 12 ; 0.349868 ; -0.0285918 ; -0.0277537 ; 101.166;
12 ; 6 ; 12 ; 0.323661 ; -0.00438677 ; -0.0236428 ; 100.857;
13 ; 6 ; 12 ; 0.328963 ; -0.00459352 ; -0.00106242 ; 102.304;
14 ; 6 ; 12 ; 0.341256 ; 0.0122684 ; 0.0180487 ; 99.4813;
15 ; 6 ; 12 ; 0.343149 ; -0.0192146 ; -0.0102295 ; 101.383;
16 ; 6 ; 12 ; 0.330788 ; -0.01102 ; 0.00572581 ; 100.172;
17 ; 6 ; 12 ; 0.307456 ; -0.0303536 ; -0.0564936 ; 101.165;
18 ; 6 ; 12 ; 0.285355 ; -0.0103534 ; 0.00428854 ; 101.53;
19 ; 6 ; 12 ; 0.335513 ; 0.0184167 ; -0.0279216 ; 101.769;
20 ; 6 ; 12 ; 0.338997 ; 0.0139814 ; 0.00419265 ; 101.071;
21 ; 6 ; 12 ; 0.342557 ; -0.00477526 ; 6.17391e-05 ; 100.918;
4 ; 7 ; 12 ; 0.306271 ; -0.0234923 ; -0.0229322 ; 101.669;
5 ; 7 ; 12 ; 0.293316 ; -0.00381741 ; 0.00916463 ; 102.096;
6 ; 7 ; 12 ; 0.289331 ; -0.0345476 ; 0.0108485 ; 100.784;
7 ; 7 ; 12 ; 0.317768 ; 0.0167859 ; 0.0149913 ; 102.004;
8 ; 7 ; 12 ; 0.371187 ; 0.0137295 ; 0.0393984 ; 102.044;
9 ; 7 ; 12 ; 0.377922 ; 0.0304167 ; -0.0101305 ; 101.094;
10 ; 7 ; 12 ; 0.291208 ; -0.00513284 ; -0.00618689 ; 102.272;
11 ; 7 ; 12 ; 0.334461 ; 0.00686906 ; -0.00552861 ; 100.983;
12 ; 7 ; 12 ; 0.308055 ; 0.0123237 ; 0.00389219 ; 101.225;
13 ; 7 ; 12 ; 0.368688 ; 0.00602149 ; 0.00293441 ; 100.881;
14 ; 7 ; 12 ; 0.357991 ; -0.000947321 ; 0.0115567 ; 101.591;
15 ; 7 ; 12 ; 0.333454 ; -0.00161056 ; 0.00604187 ; 102.061;
16 ; 7 ; 12 ; 0.321467 ; -0.00219702 ; -0.00910395 ; 101.748;
17 ; 7 ; 12 ; 0.309462 ; -0.0149672 ; -0.0341881 ; 100.573;
18 ; 7 ; 12 ; 0.300485 ; -0.022288 ; -0.0324443 ; 102.553;
19 ; 7 ; 12 ; 0.322099 ; -0.0383725 ; -0.0178144 ; 100.896;
20 ; 7 ; 12 ; 0.314481 ; 0.0124516 ; 0.0171575 ; 101.821;
21 ; 7 ; 12 ; 0.314685 ; 0.00177539 ; -0.00706647 ; 101.646;
4 ; 8 ; 12 ; 0.306058 ; -0.0100249 ; -0.0333759 ; 101.201;
5 ; 8 ; 12 ; 0.33883 ; -0.0428898 ; -0.00953527 ; 101.074;
6 ; 8 ; 12 ; 0.321245 ; 0.00415797 ; 0.0130348 ; 99.92;
7 ; 8 ; 12 ; 0.326401 ; 0.0340158 ; 0.0253748 ; 102.715;
8 ; 8 ; 12 ; 0.34647 ; 0.0481282 ; 0.0295545 ; 102.431;
9 ; 8 ; 12 ; 0.35185 ; 0.0133676 ; 0.0309856 ; 101.359;
10 ; 8 ; 12 ; 0.320515 ; -0.0116671 ; -0.0205396 ; 100.63;
11 ; 8 ; 12 ; 0.340332 ; -0.0119045 ; 0.0241825 ; 102.241;
12 ; 8 ; 12 ; 0.327244 ; 0.0104775 ; 0.0446914 ; 102.961;
13 ; 8 ; 12 ; 0.350538 ; -0.0379115 ; -0.0177779 ; 101.253;
14 ; 8 ; 12 ; 0.36774 ; -0.0522007 ; -0.0018213 ; 101.158;
15 ; 8 ; 12 ; 0.316996 ; 0.022963 ; 0.022588 ; 102.793;
16 ; 8 ; 12 ; 0.361715 ; 0.00915666 ; 0.00791398 ; 100.935;
17 ; 8 ; 12 ; 0.339221 ; 0.0137567 ; 0.000491186 ; 101.076;
18 ; 8 ; 12 ; 0.336299 ; -0.00526048 ; -0.0187752 ; 101.038;
19 ; 8 ; 12 ; 0.372642 ; -0.000693677 ; -0.0127956 ; 100.782;
20 ; 8 ; 12 ; 0.346878 ; -0.00790548 ; -0.0466424 ; 100.987;
21 ; 8 ; 12 ; 0.327381 ; 0.0163803 ; -0.0223845 ; 102.314;
4 ; 9 ; 12 ; 0.359018 ; -0.0499924 ; 0.0418699 ; 101.003;
5 ; 9 ; 12 ; 0.293551 ; -0.0400048 ; 0.0154221 ; 101.054;
6 ; 9 ; 12 ; 0.28979 ; -0.00629526 ; 0.0335216 ; 101.895;
7 ; 9 ; 12 ; 0.337553 ; 0.0502535 ; -0.0153215 ; 100.961;
8 ; 9 ; 12 ; 0.349256 ; -0.00743123 ; -0.0412388 ; 101.344;
9 ; 9 ; 12 ; 0.371197 ; -0.0191507 ; 0.0140942 ; 102.187;
10 ; 9 ; 12 ; 0.344634 ; -0.0109479 ; 0.0144555 ; 102.496;
11 ; 9 ; 12 ; 0.358825 ; 0.0176142 ; 0.0421967 ; 102.13;
12 ; 9 ; 12 ; 0.28746 ; 0.0595844 ; -0.0173362 ; 101.816;
13 ; 9 ; 12 ; 0.33528 ; -0.0485532 ; 0.010965 ; 100.853;
14 ; 9 ; 12 ; 0.327718 ; 0.00159812 ; 0.0146583 ; 100.547;
15 ; 9 ; 12 ; 0.333923 ; 0.0104143 ; 0.0021 ; 101.521;
16 ; 9 ; 12 ; 0.343637 ; 0.000444788 ; 0.0137857 ; 102.498;
17 ; 9 ; 12 ; 0.317726 ; 0.00483706 ; 0.000631237 ; 100.737;
18 ; 9 ; 12 ; 0.385943 ; -0.0319126 ; -0.0144434 ; 102.041;
19 ; 9 ; 12 ; 0.314153 ; 0.00333655 ; 0.00912739 ; 101.359;
20 ; 9 ; 12 ; 0.321902 ; 0.00623005 ; -0.0165645 ; 101.526;
21 ; 9 ; 12 ; 0.315782 ; 0.0145457 ; -0.0574446 ; 101.956;
4 ; 10 ; 12 ; 0.305243 ; -0.00265465 ; -0.0162715 ; 100.705;
5 ; 10 ; 12 ; 0.320113 ; -0.01594 ; 0.00631046 ; 101.399;
6 ; 10 ; 12 ; 0.357583 ; -0.0132248 ; -0.0218898 ; 101.579;
7 ; 10 ; 12 ; 0.285336 ; 0.00677868 ; 0.0305074 ; 101.073;
8 ; 10 ; 12 ; 0.298587 ; 0.0355909 ; 0.00327142 ; 101.562;
9 ; 10 ; 12 ; 0.302403 ; -0.0024707 ; -0.0131627 ; 100.878;
10 ; 10 ; 12 ; 0.34478 ; -0.00603374 ; 0.0113225 ; 102.083;
11 ; 10 ; 12 ; 0.346735 ; 0.013497 ; 0.0212599 ; 100.232;
12 ; 10 ; 12 ; 0.334507 ; 0.0196622 ; 0.0210456 ; 100.967;
13 ; 10 ; 12 ; 0.342678 ; -0.0104217 ; 0.0114074 ; 101.236;
14 ; 10 ; 12 ; 0.304411 ; 0.0295359 ; 0.0651047 ; 102.184;
15 ; 10 ; 12 ; 0.371692 ; 0.0436495 ; 0.0180772 ; 100.566;
16 ; 10 ; 12 ; 0.331826 ; 0.0203425 ; -0.0212458 ; 101.659;
17 ; 10 ; 12 ; 0.334833 ; -0.00577945 ; -0.0107521 ; 100.554;
18 ; 10 ; 12 ; 0.374885 ; -0.000701853 ; -0.0313253 ; 100.627;
19 ; 10 ; 12 ; 0.321992 ; 7.59014e-05 ; -0.0133706 ; 100.821;
20 ; 10 ; 12 ; 0.342211 ; -0.0196026 ; -0.0194336 ; 100.212;
21 ; 10 ; 12 ; 0.333701 ; 0.0222341 ; -0.00556858 ; 101.488;
4 ; 11 ; 12 ; 0.363972 ; -0.0243749 ; -0.00492314 ; 101.399;
5 ; 11 ; 12 ; 0.326259 ; 0.0121077 ; 0.0107655 ; 101.607;
6 ; 11 ; 12 ; 0.335247 ; -0.0103156 ; -0.00568255 ; 101.479;
7 ; 11 ; 12 ; 0.322606 ; 0.0268941 ; -0.0169264 ; 100.656;
8 ; 11 ; 12 ; 0.292676 ; -0.03201 ; -0.00976643 ; 101.493;
9 ; 11 ; 12 ; 0.372579 ; 0.025619 ; -0.0236973 ; 100.997;
10 ; 11 ; 12 ; 0.317334 ; 0.0108929 ; 0.0157092 ; 100.411;
11 ; 11 ; 12 ; 0.346849 ; -0.0168972 ; 0.0177398 ; 101.273;
12 ; 11 ; 12 ; 0.319868 ; 0.0195401 ; -0.00625111 ; 100.959;
13 ; 11 ; 12 ; 0.342997 ; 0.000984626 ; 0.00332827 ; 102.534;
14 ; 11 ; 12 ; 0.361584 ; -0.0115892 ; 0.0179809 ; 101.067;
15 ; 11 ; 12 ; 0.344513 ; 0.0240075 ; 0.0352599 ; 101.379;
16 ; 11 ; 12 ; 0.339155 ; 0.0106375 ; 0.0183695 ; 100.86;
17 ; 11 ; 12 ; 0.305896 ; 0.00119405 ; -0.0162629 ; 101.226;
18 ; 11 ; 12 ; 0.323843 ; 0.00527524 ; 0.0111458 ; 101.359;
19 ; 11 ; 12 ; 0.332194 ; -0.00234574 ; 0.00520196 ; 101.881;
20 ; 11 ; 12 ; 0.351757 ; 0.0259597 ; -0.0163957 ; 101.691;
21 ; 11 ; 12 ; 0.338653 ; 0.0429757 ; -0.00957901 ; 101.427;
4 ; 12 ; 12 ; 0.350785 ; 0.00253979 ; 0.018388 ; 101.991;
5 ; 12 ; 12 ; 0.351906 ; 0.0214498 ; -0.0311618 ; 102.024;
6 ; 12 ; 12 ; 0.303665 ; 0.00204624 ; -0.0259771 ; 102.214;
7 ; 12 ; 12 ; 0.343474 ; -0.00408196 ; -0.00827646 ; 101.889;
8 ; 12 ; 12 ; 0.30695 ; -0.00918153 ; -0.0166602 ; 103.448;
9 ; 12 ; 12 ; 0.334691 ; 0.0285091 ; 0.0262477 ; 101.634;
10 ; 12 ; 12 ; 0.360208 ; 0.0457277 ; 0.0459779 ; 101.381;
11 ; 12 ; 12 ; 0.342127 ; 0.0332888 ; 0.0254022 ; 101.416;
12 ; 12 ; 12 ; 0.331238 ; 0.0150983 ; -0.0148706 ; 100.258;
13 ; 12 ; 12 ; 0.33797 ; 0.000258762 ; 0.0434806 ; 101.637;
14 ; 12 ; 12 ; 0.324534 ; 0.0150511 ; 0.00711514 ; 101.867;
15 ; 12 ; 12 ; 0.326362 ; 0.00918856 ; 0.0308726 ; 101.654;
16 ; 12 ; 12 ; 0.324561 ; 0.00654382 ; 0.0218212 ; 100.506;
17 ; 12 ; 12 ; 0.319326 ; 0.0492891 ; -0.0110553 ; 102.25;
18 ; 12 ; 12 ; 0.348393 ; 0.0401231 ; 0.0242099 ; 101.69;
19 ; 12 ; 12 ; 0.350798 ; -0.011999 ; 0.0375675 ; 100.797;
20 ; 12 ; 12 ; 0.315558 ; 0.0128557 ; -0.0260866 ; 101.793;
21 ; 12 ; 12 ; 0.307671 ; 0.0224681 ; 0.0391262 ; 102.064;
4 ; 13 ; 12 ; 0.310742 ; 0.0335785 ; 0.0284892 ; 101.897;
5 ; 13 ; 12 ; 0.311038 ; -0.0148095 ; -0.00929623 ; 100.406;
6 ; 13 ; 12 ; 0.323042 ; 0.0124893 ; 0.0233723 ; 100.167;
7 ; 13 ; 12 ; 0.313816 ; -0.0196566 ; -0.00025653 ; 101.195;
8 ; 13 ; 12 ; 0.322193 ; -0.0186624 ; -0.00369432 ; 102.216;
9 ; 13 ; 12 ; 0.329077 ; 0.0307626 ; -0.0199754 ; 101.309;
10 ; 13 ; 12 ; 0.336785 ; 0.0216349 ; 0.0227699 ; 102.288;
11 ; 13 ; 12 ; 0.34079 ; 0.0138363 ; 0.0170503 ; 100.315;
12 ; 13 ; 12 ; 0.361946 ; 0.00520776 ; 0.0486699 ; 101.384;
13 ; 13 ; 12 ; 0.304297 ; -0.0361484 ; 0.0152909 ; 101.598;
14 ; 13 ; 12 ; 0.293109 ; -0.0504721 ; 0.0285479 ; 101.494;
15 ; 13 ; 12 ; 0.3114 ; -0.00990418 ; 0.00383654 ; 101.102;
16 ; 13 ; 12 ; 0.3363 ; -0.0316656 ; 0.0034011 ; 102.001;
17 ; 13 ; 12 ; 0.345097 ; 0.0176335 ; -0.00716983 ; 100.297;
18 ; 13 ; 12 ; 0.319176 ; 0.00305533 ; -0.00041711 ; 101.304;
19 ; 13 ; 12 ; 0.315725 ; 0.000251347 ; -0.00885311 ; 101.325;
20 ; 13 ; 12 ; 0.348989 ; 0.0582207 ; -0.0479034 ; 101.712;
21 ; 13 ; 12 ; 0.30209 ; -0.010689 ; -0.00227297 ; 101.825;
4 ; 14 ; 12 ; 0.343928 ; -0.0124678 ; 0.0222553 ; 101.732;
5 ; 14 ; 12 ; 0.353445 ; -0.0106164 ; 0.0308161 ; 101.621;
6 ; 14 ; 12 ; 0.319269 ; -0.013553 ; 0.00859311 ; 102.014;
7 ; 14 ; 12 ; 0.305329 ; -0.0560909 ; 0.000898982 ; 100.758;
8 ; 14 ; 12 ; 0.339115 ; -0.0351076 ; -0.00185746 ; 101.659;
9 ; 14 ; 12 ; 0.366222 ; 0.00181096 ; -0.0168045 ; 101.201;
10 ; 14 ; 12 ; 0.352394 ; 0.042194 ; 0.0116838 ; 101.436;
11 ; 14 ; 12 ; 0.352199 ; -0.00949634 ; 0.0220997 ; 101.627;
12 ; 14 ; 12 ; 0.355567 ; -0.0341389 ; -0.0282246 ; 101.372;
13 ; 14 ; 12 ; 0.304465 ; 0.00578791 ; -0.00981179 ; 100.439;
14 ; 14 ; 12 ; 0.313632 ; -0.0128947 ; 0.015597 ; 102.003;
15 ; 14 ; 12 ; 0.324177 ; -0.0193546 ; -0.00302892 ; 100.614;
16 ; 14 ; 12 ; 0.323194 ; -0.0336154 ; -0.00724569 ; 100.714;
17 ; 14 ; 12 ; 0.298325 ; 0.0227551 ; -0.0148045 ; 101.254;
18 ; 14 ; 12 ; 0.343785 ; -0.0446489 ; 0.0087965 ; 101.604;
19 ; 14 ; 12 ; 0.327987 ; 0.0179646 ; -0.0120423 ; 101.049;
20 ; 14 ; 12 ; 0.310471 ; -0.0044359 ; 0.0324653 ; 101.261;
21 ; 14 ; 12 ; 0.316593 ; -0.035863 ; -0.00120119 ; 101.109;
4 ; 15 ; 12 ; 0.313306 ; -0.0159618 ; -0.0108748 ; 101.506;
5 ; 15 ; 12 ; 0.300843 ; 0.0235277 ; 0.0113516 ; 99.6525;
6 ; 15 ; 12 ; 0.346599 ; 0.00579173 ; -0.0109981 ; 101.07;
7 ; 15 ; 12 ; 0.349953 ; -0.0274432 ; -0.0106604 ; 101.861;
8 ; 15 ; 12 ; 0.359382 ; -0.0203927 ; -0.00594242 ; 103.231;
9 ; 15 ; 12 ; 0.338465 ; -0.0417682 ; -0.0255576 ; 101.006;
10 ; 15 ; 12 ; 0.310018 ; 0.01281 ; 0.0112405 ; 102.577;
11 ; 15 ; 12 ; 0.329481 ; -0.00358613 ; 0.0202413 ; 100.461;
12 ; 15 ; 12 ; 0.336551 ; -0.0126078 ; 0.00984836 ; 102.451;
13 ; 15 ; 12 ; 0.328135 ; 0.00313691 ; 0.0219099 ; 100.536;
14 ; 15 ; 12 ; 0.332213 ; -0.0400799 ; -0.0237237 ; 100.547;
15 ; 15 ; 12 ; 0.295439 ; 0.018624 ; 0.0116394 ; 100.111;
16 ; 15 ; 12 ; 0.329221 ; -0.0253923 ; 0.0255637 ; 102.124;
17 ; 15 ; 12 ; 0.285072 ; -0.0279423 ; -0.0149253 ; 101.338;
18 ; 15 ; 12 ; 0.304956 ; -0.0289136 ; 0.00846956 ; 101.619;
19 ; 15 ; 12 ; 0.327204 ; 0.0378035 ; -0.0136483 ; 101.903;
20 ; 15 ; 12 ; 0.327227 ; 0.0331653 ; -0.0151343 ; 100.896;
21 ; 15 ; 12 ; 0.300206 ; 0.00363747 ; 0.0193883 ; 101.239;
4 ; 16 ; 12 ; 0.34477 ; 0.015919 ; 0.00925215 ; 101.227;
5 ; 16 ; 12 ; 0.33342 ; -0.0297929 ; -0.0240405 ; 102.119;
6 ; 16 ; 12 ; 0.352949 ; 0.00290819 ; -0.00660792 ; 101.931;
7 ; 16 ; 12 ; 0.31962 ; -0.0187071 ; 0.0179423 ; 102.349;
8 ; 16 ; 12 ; 0.306647 ; 0.0032868 ; -0.000463423 ; 101.485;
9 ; 16 ; 12 ; 0.333762 ; -0.00271574 ; -0.00815378 ; 101.146;
10 ; 16 ; 12 ; 0.327145 ; -0.0373096 ; 0.0203689 ; 101.497;
11 ; 16 ; 12 ; 0.36098 ; -0.0154957 ; 0.0486525 ; 101.848;
12 ; 16 ; 12 ; 0.330317 ; 0.0422565 ; -0.01804 ; 101.054;
13 ; 16 ; 12 ; 0.34804 ; -0.0292363 ; -0.00306107 ; 100.793;
14 ; 16 ; 12 ; 0.31669 ; -0.0128171 ; 0.0251852 ; 102.336;
15 ; 16 ; 12 ; 0.335048 ; 0.0138028 ; 0.0300531 ; 100.139;
16 ; 16 ; 12 ; 0.323597 ; -0.0129313 ; 0.0190911 ; 100.864;
17 ; 16 ; 12 ; 0.329842 ; 0.02482 ; 0.0123225 ; 101.766;
18 ; 16 ; 12 ; 0.346176 ; -0.0121416 ; -0.00547838 ; 101.057;
19 ; 16 ; 12 ; 0.326714 ; 0.0194611 ; -0.0211839 ; 101.798;
20 ; 16 ; 12 ; 0.319433 ; 0.0256283 ; -0.0269335 ; 102.149;
21 ; 16 ; 12 ; 0.373046 ; 0.0240733 ; 0.0138457 ; 101.724;
4 ; 17 ; 12 ; 0.34927 ; 0.00376856 ; -0.0379752 ; 101.461;
5 ; 17 ; 12 ; 0.314325 ; -0.0243881 ; 0.00284473 ; 101.724;
6 ; 17 ; 12 ; 0.349067 ; 0.0113134 ; -0.0449108 ; 101.369;
7 ; 17 ; 12 ; 0.386014 ; -0.00469473 ; 0.0305455 ; 100.299;
8 ; 17 ; 12 ; 0.317038 ; 0.00182479 ; -0.0118332 ; 100.8;
9 ; 17 ; 12 ; 0.32236 ; -0.00569032 ; 0.0110382 ; 101.504;
10 ; 17 ; 12 ; 0.360559 ; 0.0124439 ; 0.0217899 ; 100.591;
11 ; 17 ; 12 ; 0.358766 ; 0.00555418 ; -0.0305418 ; 100.609;
12 ; 17 ; 12 ; 0.363665 ; -0.00682059 ; -0.00782467 ; 100.387;
13 ; 17 ; 12 ; 0.32865 ; -0.0196853 ; -0.00533608 ; 102.533;
14 ; 17 ; 12 ; 0.288059 ; 0.0343994 ; 0.0355721 ; 101.242;
15 ; 17 ; 12 ; 0.343347 ; -0.0157833 ; -0.0174343 ; 100.354;
16 ; 17 ; 12 ; 0.341662 ; 0.0196384 ; -0.00360125 ; 101.27;
17 ; 17 ; 12 ; 0.328954 ; -0.0270898 ; -0.000977265 ; 101.804;
18 ; 17 ; 12 ; 0.322744 ; 0.0084092 ; -0.0122037 ; 101.262;
19 ; 17 ; 12 ; 0.301377 ; 0.00174007 ; -0.0106186 ; 101.011;
20 ; 17 ; 12 ; 0.355667 ; -0.0061401 ; -0.0243987 ; 101.403;
21 ; 17 ; 12 ; 0.308547 ; -0.0187941 ; -0.0205925 ; 101.742;
4 ; 18 ; 12 ; 0.347359 ; -0.0198265 ; -0.0290747 ; 102.008;
5 ; 18 ; 12 ; 0.341438 ; 0.00936155 ; -0.00664965 ; 100.401;
6 ; 18 ; 12 ; 0.345944 ; 0.00233252 ; 0.00843648 ; 99.7806;
7 ; 18 ; 12 ; 0.335465 ; -0.0111198 ; -0.0271443 ; 102.144;
8 ; 18 ; 12 ; 0.318311 ; 0.00838665 ; -0.0140579 ; 102.583;
9 ; 18 ; 12 ; 0.369441 ; 0.00779196 ; 0.026225 ; 99.6663;
10 ; 18 ; 12 ; 0.36935 ; -0.0500106 ; 0.023881 ; 101.644;
11 ; 18 ; 12 ; 0.322993 ; -0.028887 ; 0.0222589 ; 100.818;
12 ; 18 ; 12 ; 0.359994 ; -0.0493452 ; -0.0116875 ; 101.208;
13 ; 18 ; 12 ; 0.378913 ; -0.00952334 ; -0.00338647 ; 100.59;
14 ; 18 ; 12 ; 0.361155 ; 0.0179016 ; -0.00875405 ; 101.089;
15 ; 18 ; 12 ; 0.306122 ; 0.00277876 ; 0.0311123 ; 100.536;
16 ; 18 ; 12 ; 0.335808 ; 0.0293403 ; 0.00405497 ; 101.017;
17 ; 18 ; 12 ; 0.316132 ; 0.00818462 ; -0.0332721 ; 99.92;
18 ; 18 ; 12 ; 0.320198 ; -0.0292731 ; -0.0448744 ; 101.984;
19 ; 18 ; 12 ; 0.33469 ; -0.0146542 ; -0.0372226 ; 101.547;
20 ; 18 ; 12 ; 0.360596 ; -0.0185914 ; -0.00368521 ; 100.956;
21 ; 18 ; 12 ; 0.346422 ; -0.0281911 ; -0.0222912 ; 101.936;
4 ; 19 ; 12 ; 0.357449 ; -0.016018 ; -0.0150039 ; 102.665;
5 ; 19 ; 12 ; 0.343173 ; -0.0213954 ; -0.0222671 ; 100.279;
6 ; 19 ; 12 ; 0.290437 ; 0.0225676 ; -0.0151062 ; 100.751;
7 ; 19 ; 12 ; 0.314789 ; 0.00232413 ; -0.0160072 ; 100.161;
8 ; 19 ; 12 ; 0.313538 ; -0.00310466 ; -0.00888782 ; 101.761;
9 ; 19 ; 12 ; 0.329181 ; -0.00512415 ; 0.0268647 ; 102.497;
10 ; 19 ; 12 ; 0.304396 ; -0.0322384 ; 0.0375645 ; 101.784;
11 ; 19 ; 12 ; 0.301919 ; 0.00711275 ; 0.0292133 ; 101.279;
12 ; 19 ; 12 ; 0.321933 ; -0.0333345 ; 0.000193203 ; 101.761;
13 ; 19 ; 12 ; 0.339641 ; 0.0129789 ; -0.0121788 ; 100.964;
14 ; 19 ; 12 ; 0.368588 ; -0.0332295 ; -0.0227613 ; 101.576;
15 ; 19 ; 12 ; 0.337127 ; -0.0258232 ; 0.0131311 ; 101.428;
16 ; 19 ; 12 ; 0.347607 ; 0.00716044 ; -0.020588 ; 100.784;
17 ; 19 ; 12 ; 0.285666 ; 0.00650635 ; -0.0118284 ; 101.431;
18 ; 19 ; 12 ; 0.375078 ; 0.00585566 ; -0.0115536 ; 101.961;
19 ; 19 ; 12 ; 0.335716 ; -0.000557367 ; -0.00648996 ; 101.213;
20 ; 19 ; 12 ; 0.328127 ; 0.0232654 ; 0.0240068 ; 101.692;
21 ; 19 ; 12 ; 0.307933 ; -0.00519125 ; -0.00142423 ; 102.871;
4 ; 20 ; 12 ; 0.338998 ; 0.0149558 ; -0.0189145 ; 100.43;
5 ; 20 ; 12 ; 0.30162 ; 0.0083889 ; -0.0155667 ; 101.609;
6 ; 20 ; 12 ; 0.305648 ; -0.0154944 ; -0.00289216 ; 101.383;
7 ; 20 ; 12 ; 0.317558 ; -0.00881723 ; -0.031672 ; 100.986;
8 ; 20 ; 12 ; 0.335906 ; 0.00858953 ; -0.0101975 ; 100.42;
9 ; 20 ; 12 ; 0.32139 ; -0.0275998 ; -0.00440703 ; 101.306;
10 ; 20 ; 12 ; 0.33609 ; 0.0340265 ; -0.0102836 ; 101.206;
11 ; 20 ; 12 ; 0.329897 ; 0.0459652 ; -0.00900268 ; 101.553;
12 ; 20 ; 12 ; 0.328476 ; -0.024279 ; -0.0292113 ; 102.336;
13 ; 20 ; 12 ; 0.363773 ; -0.00261093 ; -0.0241647 ; 100.903;
14 ; 20 ; 12 ; 0.322624 ; -0.060341 ; 0.0112557 ; 101.434;
15 ; 20 ; 12 ; 0.354144 ; -0.00723014 ; 0.020281 ; 102.398;
16 ; 20 ; 12 ; 0.290968 ; -0.029924 ; 0.00804511 ; 100.319;
17 ; 20 ; 12 ; 0.364919 ; -0.0205973 ; -0.0193835 ; 100.633;
18 ; 20 ; 12 ; 0.302979 ; -0.0296073 ; -0.0257305 ; 101.359;
19 ; 20 ; 12 ; 0.298868 ; 0.000416566 ; 0.0263268 ; 101.133;
20 ; 20 ; 12 ; 0.339764 ; 0.0252661 ; 0.0105563 ; 102.521;
21 ; 20 ; 12 ; 0.34899 ; -0.0314787 ; -0.00875838 ; 100.989;
4 ; 21 ; 12 ; 0.320563 ; 0.0136118 ; -0.000921076 ; 102.649;
5 ; 21 ; 12 ; 0.309673 ; 0.0366945 ; 0.0446186 ; 100.571;
6 ; 21 ; 12 ; 0.328324 ; 0.0148339 ; -0.0321458 ; 100.795;
7 ; 21 ; 12 ; 0.32465 ; -0.026706 ; 0.0154029 ; 100.426;
8 ; 21 ; 12 ; 0.329916 ; -0.0196066 ; 9.09491e-05 ; 102.383;
9 ; 21 ; 12 ; 0.388936 ; -0.0403019 ; 0.0039795 ; 99.85;
10 ; 21 ; 12 ; 0.324137 ; 0.0212684 ; 0.0265724 ; 102.636;
11 ; 21 ; 12 ; 0.352846 ; -0.0312222 ; -0.0130019 ; 102.054;
12 ; 21 ; 12 ; 0.347943 ; -0.0329781 ; -0.0132741 ; 102.392;
13 ; 21 ; 12 ; 0.331956 ; 0.0104319 ; -0.014246 ; 100.241;
14 ; 21 ; 12 ; 0.296558 ; -0.00891762 ; -0.0237192 ; 100.429;
15 ; 21 ; 12 ; 0.342376 ; 0.024738 ; 0.003309 ; 102.169;
16 ; 21 ; 12 ; 0.299854 ; 0.0105207 ; 0.0198666 ; 101.362;
17 ; 21 ; 12 ; 0.325976 ; 0.0281082 ; -0.00963819 ; 100.241;
18 ; 21 ; 12 ; 0.319611 ; -0.0252445 ; 0.00550421 ; 101.543;
19 ; 21 ; 12 ; 0.33142 ; -0.0509517 ; 0.00991742 ; 101.562;
20 ; 21 ; 12 ; 0.316981 ; -0.0142679 ; -0.0155148 ; 101.358;
21 ; 21 ; 12 ; 0.288645 ; 0.0035619 ; -0.0192465 ; 101.501;
4 ; 4 ; 13 ; 0.250628 ; 0.0289131 ; 0.0178419 ; 99.3794;
5 ; 4 ; 13 ; 0.269083 ; 0.0149505 ; 0.00786975 ; 101.862;
6 ; 4 ; 13 ; 0.277257 ; -0.0311747 ; -0.00944827 ; 100.843;
7 ; 4 ; 13 ; 0.25571 ; 0.00404566 ; 0.0159397 ; 100.252;
8 ; 4 ; 13 ; 0.25829 ; 0.00138325 ; 0.00860038 ; 100.507;
9 ; 4 ; 13 ; 0.293435 ; 0.0089446 ; 0.0161602 ; 101.291;
10 ; 4 ; 13 ; 0.301177 ; 0.0336156 ; 0.0135614 ; 101.344;
11 ; 4 ; 13 ; 0.273289 ; 0.0051981 ; 0.0126844 ; 101.142;
12 ; 4 ; 13 ; 0.269867 ; -0.0033875 ; 0.0178329 ; 101.198;
13 ; 4 ; 13 ; 0.276476 ; -0.0028128 ; -0.0218548 ; 100.917;
14 ; 4 ; 13 ; 0.272104 ; 0.00392852 ; 0.00330722 ; 100.733;
15 ; 4 ; 13 ; 0.282027 ; -0.0211556 ; 0.0203471 ; 102.787;
16 ; 4 ; 13 ; 0.308313 ; -0.0312691 ; -0.00234689 ; 100.747;
17 ; 4 ; 13 ; 0.267363 ; 0.0201059 ; 0.0324693 ; 102.346;
18 ; 4 ; 13 ; 0.242993 ; -0.00484138 ; -0.0285501 ; 100.228;
19 ; 4 ; 13 ; 0.269428 ; 0.00674434 ; -0.00628442 ; 102.247;
20 ; 4 ; 13 ; 0.267509 ; -0.00260059 ; -0.0171532 ; 100.594;
21 ; 4 ; 13 ; 0.255284 ; 0.0138082 ; 0.00569311 ; 101.828;
4 ; 5 ; 13 ; 0.25437 ; -0.00175818 ; 0.00198863 ; 101.06;
5 ; 5 ; 13 ; 0.281459 ; 0.00387949 ; 0.00628114 ; 101.91;
6 ; 5 ; 13 ; 0.274799 ; -0.0364533 ; -0.00342345 ; 101.616;
7 ; 5 ; 13 ; 0.261533 ; -0.026263 ; -0.0126009 ; 102.97;
8 ; 5 ; 13 ; 0.27711 ; -0.0133679 ; 0.00708472 ; 101.412;
9 ; 5 ; 13 ; 0.294564 ; -0.00302726 ; -0.00228302 ; 101.993;
10 ; 5 ; 13 ; 0.281288 ; 0.00294077 ; 0.00940806 ; 101.166;
11 ; 5 ; 13 ; 0.263601 ; -0.011307 ; -0.0285705 ; 101.743;
12 ; 5 ; 13 ; 0.284422 ; 0.0329288 ; -0.00573987 ; 101.153;
13 ; 5 ; 13 ; 0.229328 ; 0.0123709 ; 0.0277254 ; 103.054;
14 ; 5 ; 13 ; 0.285952 ; -0.004592 ; 0.0146641 ; 100.894;
15 ; 5 ; 13 ; 0.309794 ; -0.00119127 ; -0.0247058 ; 100.995;
16 ; 5 ; 13 ; 0.239149 ; -0.0010473 ; -0.0213636 ; 101.095;
17 ; 5 ; 13 ; 0.258264 ; 0.00786597 ; -0.0135454 ; 101.579;
18 ; 5 ; 13 ; 0.268255 ; -0.00190301 ; -0.004215 ; 102.056;
19 ; 5 ; 13 ; 0.296296 ; -0.0260623 ; 0.0254236 ; 100.588;
20 ; 5 ; 13 ; 0.295451 ; 0.0394939 ; -0.0362636 ; 101.876;
21 ; 5 ; 13 ; 0.286225 ; -0.00193823 ; -0.0434341 ; 102.094;
4 ; 6 ; 13 ; 0.289592 ; 0.0134593 ; -0.0115077 ; 101.393;
5 ; 6 ; 13 ; 0.263096 ; -0.017687 ; 0.037899 ; 101.842;
6 ; 6 ; 13 ; 0.288226 ; -0.0135876 ; -0.00125245 ; 101.907;
7 ; 6 ; 13 ; 0.244786 ; -0.0105458 ; -0.0360054 ; 100.225;
8 ; 6 ; 13 ; 0.294309 ; 0.0444976 ; -0.00220596 ; 102.331;
9 ; 6 ; 13 ; 0.27338 ; 0.00789161 ; -0.00176818 ; 102.282;
10 ; 6 ; 13 ; 0.273365 ; 0.0619719 ; 0.0192039 ; 102.471;
11 ; 6 ; 13 ; 0.268637 ; 0.00567684 ; 0.00687351 ; 101.132;
12 ; 6 ; 13 ; 0.284793 ; 0.042442 ; -0.00942955 ; 99.8988;
13 ; 6 ; 13 ; 0.317765 ; 0.0256072 ; 0.00519484 ; 102.473;
14 ; 6 ; 13 ; 0.296371 ; 0.0284597 ; 0.0388214 ; 102.142;
15 ; 6 ; 13 ; 0.264576 ; -0.0209672 ; -0.0370394 ; 102.026;
16 ; 6 ; 13 ; 0.30448 ; -0.0126098 ; -0.045471 ; 100.926;
17 ; 6 ; 13 ; 0.275064 ; 0.0216085 ; -0.00217538 ; 100.513;
18 ; 6 ; 13 ; 0.2626 ; 0.0422663 ; -0.0177718 ; 102.227;
19 ; 6 ; 13 ; 0.314085 ; 0.0205692 ; -0.00979661 ; 102.592;
20 ; 6 ; 13 ; 0.246315 ; -0.00540898 ; 0.0133634 ; 101.074;
21 ; 6 ; 13 ; 0.292277 ; 0.0229772 ; -0.00284238 ; 100.519;
4 ; 7 ; 13 ; 0.300861 ; 0.0139447 ; -0.0024238 ; 101.367;
5 ; 7 ; 13 ; 0.290306 ; -0.00393389 ; -0.0114713 ; 102.082;
6 ; 7 ; 13 ; 0.272019 ; -0.0323229 ; 0.00486695 ; 101.13;
7 ; 7 ; 13 ; 0.256638 ; 0.0486924 ; 0.0259511 ; 101.124;
8 ; 7 ; 13 ; 0.306267 ; 0.02768 ; 0.016874 ; 101.279;
9 ; 7 ; 13 ; 0.278026 ; 0.0199916 ; -0.00770479 ; 102.481;
10 ; 7 ; 13 ; 0.279436 ; -0.0052581 ; 0.0189567 ; 100.994;
11 ; 7 ; 13 ; 0.280524 ; -0.0149216 ; 0.0275819 ; 100.985;
12 ; 7 ; 13 ; 0.270892 ; -0.0329781 ; 0.0131168 ; 99.915;
13 ; 7 ; 13 ; 0.268295 ; 0.0302829 ; 0.00287273 ; 101.016;
14 ; 7 ; 13 ; 0.284653 ; 0.00494473 ; 0.0135137 ; 101.683;
15 ; 7 ; 13 ; 0.27409 ; 0.0039398 ; 0.0125587 ; 98.9837;
16 ; 7 ; 13 ; 0.276905 ; -0.00261283 ; -0.0128066 ; 101.444;
17 ; 7 ; 13 ; 0.282037 ; -0.00100838 ; -0.0223594 ; 101.345;
18 ; 7 ; 13 ; 0.298859 ; 0.0108723 ; -0.00517766 ; 101.865;
19 ; 7 ; 13 ; 0.286661 ; -0.0126942 ; -0.00922919 ; 100.046;
20 ; 7 ; 13 ; 0.259892 ; 0.010725 ; 0.0230966 ; 100.188;
21 ; 7 ; 13 ; 0.277892 ; 0.036969 ; -0.0230237 ; 101.443;
4 ; 8 ; 13 ; 0.311839 ; 0.0220255 ; -0.0105761 ; 101.754;
5 ; 8 ; 13 ; 0.271922 ; -0.0197967 ; -0.0408159 ; 102.329;
6 ; 8 ; 13 ; 0.264275 ; -0.0220654 ; -0.00766643 ; 101.135;
7 ; 8 ; 13 ; 0.317493 ; -0.0104375 ; 0.0220396 ; 102.856;
8 ; 8 ; 13 ; 0.291766 ; 0.0275347 ; 0.00306545 ; 102.19;
9 ; 8 ; 13 ; 0.231174 ; 0.0230173 ; 0.035753 ; 101.486;
10 ; 8 ; 13 ; 0.29271 ; 0.0330092 ; -0.0048555 ; 101.567;
11 ; 8 ; 13 ; 0.293975 ; 0.0217916 ; 0.0101016 ; 101.785;
12 ; 8 ; 13 ; 0.289458 ; -0.00109639 ; 0.02124 ; 101.414;
13 ; 8 ; 13 ; 0.241643 ; 0.0181852 ; -0.0253089 ; 101.565;
14 ; 8 ; 13 ; 0.270822 ; -0.0180175 ; -0.0499832 ; 101.014;
15 ; 8 ; 13 ; 0.283011 ; 0.00636963 ; 0.00741401 ; 103.267;
16 ; 8 ; 13 ; 0.294182 ; 0.00456617 ; 0.0116822 ; 101.57;
17 ; 8 ; 13 ; 0.311617 ; 0.0203803 ; 0.0362164 ; 101.764;
18 ; 8 ; 13 ; 0.297611 ; -0.0332442 ; 0.00469254 ; 102.528;
19 ; 8 ; 13 ; 0.287847 ; 0.0275186 ; -0.0524641 ; 102.894;
20 ; 8 ; 13 ; 0.322369 ; 0.0027027 ; -0.00889868 ; 100.012;
21 ; 8 ; 13 ; 0.30748 ; 0.0269777 ; -0.0110667 ; 100.975;
4 ; 9 ; 13 ; 0.28242 ; 0.00512333 ; 0.0328049 ; 100.68;
5 ; 9 ; 13 ; 0.280417 ; -0.00353476 ; -0.000689815 ; 102.209;
6 ; 9 ; 13 ; 0.288282 ; 0.0269935 ; -0.0155776 ; 101.596;
7 ; 9 ; 13 ; 0.305014 ; 0.00405833 ; 0.0226724 ; 101.095;
8 ; 9 ; 13 ; 0.339636 ; -0.0291898 ; 0.00408482 ; 101.792;
9 ; 9 ; 13 ; 0.282985 ; -0.0111986 ; 0.0332838 ; 102.18;
10 ; 9 ; 13 ; 0.27989 ; 0.00943394 ; 0.0430758 ; 100.608;
11 ; 9 ; 13 ; 0.270763 ; -0.00241479 ; -0.0236028 ; 100.922;
12 ; 9 ; 13 ; 0.295038 ; 0.0177911 ; -0.0147658 ; 101.556;
13 ; 9 ; 13 ; 0.239838 ; 0.0135453 ; 0.00524297 ; 101.437;
14 ; 9 ; 13 ; 0.250494 ; -0.00471271 ; 0.00480934 ; 101.128;
15 ; 9 ; 13 ; 0.275534 ; -0.0404123 ; -0.0619062 ; 102.528;
16 ; 9 ; 13 ; 0.278815 ; -0.00299995 ; 0.00915587 ; 102.163;
17 ; 9 ; 13 ; 0.267888 ; 0.0174389 ; 0.0102493 ; 102.153;
18 ; 9 ; 13 ; 0.256109 ; -0.0317664 ; 0.0157788 ; 101.42;
19 ; 9 ; 13 ; 0.316143 ; -0.0146207 ; -0.0245598 ; 101.155;
20 ; 9 ; 13 ; 0.317084 ; -0.0182472 ; -0.0547871 ; 100.539;
21 ; 9 ; 13 ; 0.254846 ; -0.018389 ; -0.00500927 ; 101.384;
4 ; 10 ; 13 ; 0.266339 ; 0.00987526 ; 0.0355312 ; 102.631;
5 ; 10 ; 13 ; 0.219461 ; -0.00666984 ; -0.00458181 ; 101.294;
6 ; 10 ; 13 ; 0.275305 ; -0.00435894 ; 0.00224749 ; 101.837;
7 ; 10 ; 13 ; 0.281288 ; -0.025869 ; -0.00926734 ; 99.9769;
8 ; 10 ; 13 ; 0.303803 ; 0.0202965 ; 0.00979327 ; 102.976;
9 ; 10 ; 13 ; 0.231821 ; 0.00785078 ; 0.0114997 ; 101.301;
10 ; 10 ; 13 ; 0.259623 ; 0.0194358 ; 0.0277284 ; 101.677;
11 ; 10 ; 13 ; 0.276813 ; -0.00272549 ; 0.0223876 ; 101.333;
12 ; 10 ; 13 ; 0.306986 ; 0.00531257 ; 0.00167105 ; 101.068;
13 ; 10 ; 13 ; 0.252492 ; -0.015643 ; -0.0341147 ; 100.507;
14 ; 10 ; 13 ; 0.302228 ; -0.010719 ; 0.0367953 ; 101.368;
15 ; 10 ; 13 ; 0.293516 ; -0.0217123 ; -0.00460633 ; 101.518;
16 ; 10 ; 13 ; 0.309413 ; -0.0146919 ; -0.00819181 ; 101.952;
17 ; 10 ; 13 ; 0.276775 ; 0.00889556 ; 0.0177283 ; 101.298;
18 ; 10 ; 13 ; 0.264345 ; 0.0176876 ; 0.00557993 ; 101.216;
19 ; 10 ; 13 ; 0.250461 ; -0.023777 ; -0.0382709 ; 101.039;
20 ; 10 ; 13 ; 0.280267 ; 0.020589 ; -0.0064646 ; 100.633;
21 ; 10 ; 13 ; 0.292619 ; -0.0198278 ; -0.00764188 ; 100.826;
4 ; 11 ; 13 ; 0.280968 ; 0.00924407 ; -0.0327954 ; 101.354;
5 ; 11 ; 13 ; 0.273482 ; -0.00242295 ; -0.0432239 ; 100.999;
6 ; 11 ; 13 ; 0.280858 ; -0.00139015 ; -0.00359794 ; 101.218;
7 ; 11 ; 13 ; 0.26613 ; -0.0167071 ; -0.0113922 ; 101.536;
8 ; 11 ; 13 ; 0.24332 ; 0.0066164 ; 0.0135219 ; 101.593;
9 ; 11 ; 13 ; 0.281963 ; 0.00432604 ; -0.0301736 ; 100.377;
10 ; 11 ; 13 ; 0.28989 ; 0.00697624 ; -0.00252103 ; 99.9494;
11 ; 11 ; 13 ; 0.272456 ; -0.0449735 ; 0.00168272 ; 101.634;
12 ; 11 ; 13 ; 0.234176 ; -0.0138151 ; -0.0116951 ; 101.582;
13 ; 11 ; 13 ; 0.269423 ; -0.0365079 ; -0.00131526 ; 101.58;
14 ; 11 ; 13 ; 0.26906 ; -0.0262717 ; 0.0148645 ; 100.44;
15 ; 11 ; 13 ; 0.274304 ; -0.0395259 ; -0.00718787 ; 102.182;
16 ; 11 ; 13 ; 0.292204 ; 0.039724 ; -0.0180797 ; 100.873;
17 ; 11 ; 13 ; 0.253442 ; 0.0105304 ; 0.00642119 ; 101.098;
18 ; 11 ; 13 ; 0.245833 ; 0.0261063 ; -0.00825068 ; 101.501;
19 ; 11 ; 13 ; 0.268319 ; -0.0166782 ; 0.00514791 ; 102.433;
20 ; 11 ; 13 ; 0.263619 ; 0.0144405 ; -0.0161902 ; 102.424;
21 ; 11 ; 13 ; 0.304304 ; -0.000825394 ; -0.0169093 ; 101.016;
4 ; 12 ; 13 ; 0.279672 ; -0.00410203 ; -0.0481251 ; 102.609;
5 ; 12 ; 13 ; 0.27823 ; -0.0177198 ; -0.00230936 ; 101.837;
6 ; 12 ; 13 ; 0.284173 ; 0.0119885 ; -0.0193128 ; 102.237;
7 ; 12 ; 13 ; 0.283487 ; -0.00420701 ; 0.0144184 ; 101.562;
8 ; 12 ; 13 ; 0.278051 ; 0.000818647 ; 0.00534282 ; 99.9031;
9 ; 12 ; 13 ; 0.338131 ; 0.00927186 ; -0.00737477 ; 100.852;
10 ; 12 ; 13 ; 0.280818 ; 0.0238348 ; 0.0229235 ; 101.304;
11 ; 12 ; 13 ; 0.265071 ; -0.00919997 ; 0.0472756 ; 100.808;
12 ; 12 ; 13 ; 0.282273 ; 0.00738892 ; -0.0254241 ; 103.143;
13 ; 12 ; 13 ; 0.27277 ; -0.0104927 ; 0.0137443 ; 101.108;
14 ; 12 ; 13 ; 0.27813 ; -0.0179953 ; -0.0231861 ; 102.192;
15 ; 12 ; 13 ; 0.259094 ; -0.0326435 ; -0.0153941 ; 100.495;
16 ; 12 ; 13 ; 0.277007 ; 0.00814723 ; 0.0016274 ; 100.709;
17 ; 12 ; 13 ; 0.276474 ; 0.00279324 ; 0.0276073 ; 100.952;
18 ; 12 ; 13 ; 0.281622 ; 0.0487869 ; -0.0186659 ; 101.439;
19 ; 12 ; 13 ; 0.301018 ; -0.0195938 ; 0.0124932 ; 101.775;
20 ; 12 ; 13 ; 0.27163 ; 0.00025811 ; 0.00978875 ; 101.099;
21 ; 12 ; 13 ; 0.238695 ; 0.00580635 ; -0.0122006 ; 100.972;
4 ; 13 ; 13 ; 0.29497 ; 0.00375009 ; -0.0207846 ; 101.617;
5 ; 13 ; 13 ; 0.253003 ; -0.00693739 ; -0.00191926 ; 102.254;
6 ; 13 ; 13 ; 0.27997 ; 0.0101724 ; 0.0267728 ; 101.464;
7 ; 13 ; 13 ; 0.322799 ; -0.0149885 ; -0.00582666 ; 101.171;
8 ; 13 ; 13 ; 0.287968 ; -0.000438632 ; 0.0296055 ; 100.252;
9 ; 13 ; 13 ; 0.293059 ; 0.00533802 ; 0.006378 ; 102.551;
10 ; 13 ; 13 ; 0.278218 ; -0.00737952 ; -0.00888107 ; 100.609;
11 ; 13 ; 13 ; 0.284245 ; 0.000528992 ; 0.00430363 ; 100.532;
12 ; 13 ; 13 ; 0.283082 ; 0.00889129 ; -0.01214 ; 101.846;
13 ; 13 ; 13 ; 0.319835 ; 0.0128306 ; -0.0104503 ; 100.794;
14 ; 13 ; 13 ; 0.300686 ; -0.00560904 ; -0.0159401 ; 101.169;
15 ; 13 ; 13 ; 0.304115 ; -0.00316592 ; -0.0065133 ; 102.032;
16 ; 13 ; 13 ; 0.273136 ; 5.85268e-05 ; 0.0275899 ; 102.631;
17 ; 13 ; 13 ; 0.284938 ; 0.0347782 ; -0.0280233 ; 101.195;
18 ; 13 ; 13 ; 0.278352 ; 0.0167197 ; -0.0326164 ; 102.633;
19 ; 13 ; 13 ; 0.285283 ; 0.0209982 ; -0.0142748 ; 101.427;
20 ; 13 ; 13 ; 0.296894 ; -0.0572018 ; 0.0220385 ; 101.399;
21 ; 13 ; 13 ; 0.306676 ; -0.00638351 ; -0.0139036 ; 101.173;
4 ; 14 ; 13 ; 0.303141 ; -0.00499745 ; -0.0111817 ; 100.709;
5 ; 14 ; 13 ; 0.293371 ; 0.052334 ; 0.0220374 ; 101.155;
6 ; 14 ; 13 ; 0.229167 ; 0.0284082 ; -0.0165878 ; 100.256;
7 ; 14 ; 13 ; 0.286612 ; -0.00629628 ; 0.0036704 ; 101.547;
8 ; 14 ; 13 ; 0.295878 ; 0.0339227 ; 0.0426457 ; 101.532;
9 ; 14 ; 13 ; 0.255233 ; -0.00876599 ; -0.00851861 ; 101.761;
10 ; 14 ; 13 ; 0.275959 ; 0.0144298 ; 0.0308676 ; 101.461;
11 ; 14 ; 13 ; 0.276212 ; 0.00353211 ; 0.00286404 ; 102.742;
12 ; 14 ; 13 ; 0.266591 ; 0.0186286 ; 0.0154972 ; 100.618;
13 ; 14 ; 13 ; 0.293427 ; -0.00901168 ; -0.00511996 ; 101.627;
14 ; 14 ; 13 ; 0.272701 ; -0.0109689 ; 0.00857776 ; 100.701;
15 ; 14 ; 13 ; 0.288293 ; -0.0503921 ; 0.00526969 ; 100.551;
16 ; 14 ; 13 ; 0.285727 ; -0.0169469 ; 0.0290205 ; 101.518;
17 ; 14 ; 13 ; 0.270071 ; 0.0287003 ; -0.00761494 ; 101.712;
18 ; 14 ; 13 ; 0.285385 ; 0.00123567 ; 0.00556528 ; 101.496;
19 ; 14 ; 13 ; 0.289084 ; 0.0398711 ; -0.00141427 ; 102.296;
20 ; 14 ; 13 ; 0.340124 ; 0.0372342 ; -0.0365232 ; 100.153;
21 ; 14 ; 13 ; 0.29845 ; 0.00316815 ; 0.0126005 ; 101.135;
4 ; 15 ; 13 ; 0.259556 ; -0.00902209 ; 0.00021292 ; 101.745;
5 ; 15 ; 13 ; 0.239473 ; 0.0392234 ; -0.00359287 ; 100.454;
6 ; 15 ; 13 ; 0.241771 ; 0.032789 ; 0.00142031 ; 102.064;
7 ; 15 ; 13 ; 0.23782 ; 0.0217547 ; 0.0496858 ; 101.994;
8 ; 15 ; 13 ; 0.273541 ; 0.0155356 ; -0.00268344 ; 101.194;
9 ; 15 ; 13 ; 0.26116 ; -0.0242674 ; -0.0173014 ; 102.249;
10 ; 15 ; 13 ; 0.284223 ; 0.032984 ; -0.0064662 ; 101.658;
11 ; 15 ; 13 ; 0.277738 ; -0.0124386 ; 0.0124155 ; 102.619;
12 ; 15 ; 13 ; 0.280304 ; -0.0374619 ; -0.0079745 ; 101.441;
13 ; 15 ; 13 ; 0.273733 ; -0.00114754 ; -0.0171342 ; 100.351;
14 ; 15 ; 13 ; 0.260011 ; -0.00956039 ; -0.0399308 ; 102.026;
15 ; 15 ; 13 ; 0.244876 ; -0.00361105 ; 0.0157787 ; 101.257;
16 ; 15 ; 13 ; 0.27829 ; 0.00310219 ; -0.00575609 ; 101.531;
17 ; 15 ; 13 ; 0.281106 ; -0.00714247 ; 0.00773975 ; 101.686;
18 ; 15 ; 13 ; 0.299423 ; -0.0233248 ; -0.00252245 ; 101.866;
19 ; 15 ; 13 ; 0.328535 ; 0.0197257 ; -0.0106065 ; 101.96;
20 ; 15 ; 13 ; 0.278994 ; 0.0222497 ; -0.0288078 ; 100.334;
21 ; 15 ; 13 ; 0.261509 ; 0.0010062 ; -0.0195029 ; 100.417;
4 ; 16 ; 13 ; 0.291857 ; -0.000211927 ; -0.0297132 ; 100.499;
5 ; 16 ; 13 ; 0.294544 ; -0.0138575 ; -0.00158525 ; 103.124;
6 ; 16 ; 13 ; 0.262791 ; 0.0187355 ; 0.0114264 ; 100.674;
7 ; 16 ; 13 ; 0.244257 ; -0.010297 ; 0.00333962 ; 101.794;
8 ; 16 ; 13 ; 0.263259 ; 0.0300836 ; -0.00305358 ; 101.909;
9 ; 16 ; 13 ; 0.271997 ; -0.039256 ; 0.00138185 ; 101.994;
10 ; 16 ; 13 ; 0.314638 ; 0.000562407 ; 0.0494856 ; 101.562;
11 ; 16 ; 13 ; 0.293006 ; -0.00212444 ; -0.0542543 ; 101.169;
12 ; 16 ; 13 ; 0.307292 ; 0.0210569 ; 0.0253585 ; 101.227;
13 ; 16 ; 13 ; 0.28965 ; 0.0242742 ; -0.0330767 ; 102.278;
14 ; 16 ; 13 ; 0.304346 ; 0.00305286 ; 0.0284345 ; 101.329;
15 ; 16 ; 13 ; 0.264968 ; -0.0165128 ; 0.00411454 ; 101.1;
16 ; 16 ; 13 ; 0.301349 ; 0.000696871 ; 0.035953 ; 100.863;
17 ; 16 ; 13 ; 0.310521 ; -0.00778356 ; -0.0370241 ; 101.114;
18 ; 16 ; 13 ; 0.297417 ; 0.0233836 ; -0.00108356 ; 100.023;
19 ; 16 ; 13 ; 0.261584 ; -0.000156414 ; 0.01999 ; 101.904;
20 ; 16 ; 13 ; 0.293879 ; 0.041205 ; -0.0366242 ; 101.219;
21 ; 16 ; 13 ; 0.260752 ; 0.0309319 ; 0.0387065 ; 100.51;
4 ; 17 ; 13 ; 0.284752 ; 0.00455093 ; -0.0405423 ; 102.106;
5 ; 17 ; 13 ; 0.288332 ; -0.0260531 ; -0.0292161 ; 101.558;
6 ; 17 ; 13 ; 0.292767 ; -0.0182439 ; -0.035092 ; 101.4;
7 ; 17 ; 13 ; 0.305074 ; -0.0338866 ; -0.00870606 ; 102.237;
8 ; 17 ; 13 ; 0.272554 ; 0.00072613 ; 0.00602055 ; 101.807;
9 ; 17 ; 13 ; 0.274403 ; -0.00644802 ; 0.00755125 ; 100.777;
10 ; 17 ; 13 ; 0.257305 ; 0.0229817 ; 0.0142997 ; 100.795;
11 ; 17 ; 13 ; 0.242547 ; 0.00751633 ; 0.0231565 ; 101.474;
12 ; 17 ; 13 ; 0.309689 ; -0.0316295 ; 0.00810297 ; 101.829;
13 ; 17 ; 13 ; 0.297898 ; -0.0350745 ; 0.0128778 ; 99.7644;
14 ; 17 ; 13 ; 0.298013 ; 0.00590593 ; -0.00210004 ; 101.197;
15 ; 17 ; 13 ; 0.312748 ; 0.012505 ; -0.0141861 ; 102.39;
16 ; 17 ; 13 ; 0.238251 ; -0.0245599 ; -0.0326622 ; 101.761;
17 ; 17 ; 13 ; 0.28639 ; -0.0615416 ; 0.00047056 ; 100.296;
18 ; 17 ; 13 ; 0.280731 ; 0.0298386 ; -0.0258937 ; 101.57;
19 ; 17 ; 13 ; 0.271014 ; 0.0304326 ; -0.0246171 ; 100.951;
20 ; 17 ; 13 ; 0.28803 ; -0.0167656 ; 0.0378974 ; 101.619;
21 ; 17 ; 13 ; 0.275097 ; -0.00489307 ; 0.011264 ; 100.557;
4 ; 18 ; 13 ; 0.269032 ; 0.0531317 ; -0.00632958 ; 100.689;
5 ; 18 ; 13 ; 0.275571 ; 0.0129972 ; 0.0224282 ; 101.112;
6 ; 18 ; 13 ; 0.29953 ; 0.000280942 ; -5.51289e-06 ; 101.219;
7 ; 18 ; 13 ; 0.277673 ; -0.00082232 ; 0.0291586 ; 101.261;
8 ; 18 ; 13 ; 0.286098 ; -0.0182647 ; 0.0103929 ; 101.735;
9 ; 18 ; 13 ; 0.278738 ; -0.0157381 ; 0.0147935 ; 101.301;
10 ; 18 ; 13 ; 0.284051 ; -0.0206528 ; -0.00980901 ; 101.509;
11 ; 18 ; 13 ; 0.242857 ; 0.00246371 ; -0.0142093 ; 101.496;
12 ; 18 ; 13 ; 0.325798 ; -0.0506265 ; -0.0105125 ; 100.105;
13 ; 18 ; 13 ; 0.27804 ; 0.0288507 ; 0.0134944 ; 101.071;
14 ; 18 ; 13 ; 0.286397 ; 0.0107105 ; -0.0298788 ; 100.852;
15 ; 18 ; 13 ; 0.295051 ; 0.00279769 ; 0.0100735 ; 101.144;
16 ; 18 ; 13 ; 0.298965 ; -0.0022775 ; -0.0212689 ; 101.907;
17 ; 18 ; 13 ; 0.273862 ; -8.79618e-05 ; -0.0145024 ; 101.644;
18 ; 18 ; 13 ; 0.280464 ; 0.0112918 ; 0.003878 ; 100.95;
19 ; 18 ; 13 ; 0.244589 ; -0.000711046 ; -0.0304107 ; 101.784;
20 ; 18 ; 13 ; 0.293478 ; -0.0117668 ; 0.0310572 ; 100.869;
21 ; 18 ; 13 ; 0.260684 ; -0.0169221 ; -0.00891559 ; 102.454;
4 ; 19 ; 13 ; 0.30466 ; -0.0029898 ; -0.0339829 ; 101.21;
5 ; 19 ; 13 ; 0.300191 ; -0.0126659 ; 0.00235038 ; 100.299;
6 ; 19 ; 13 ; 0.274487 ; -0.0204208 ; -0.0114186 ; 103.321;
7 ; 19 ; 13 ; 0.264818 ; 0.0148488 ; -0.00955335 ; 101.456;
8 ; 19 ; 13 ; 0.257091 ; -0.00674285 ; -0.0146969 ; 101.577;
9 ; 19 ; 13 ; 0.241512 ; 0.0128918 ; 0.0103454 ; 102.528;
10 ; 19 ; 13 ; 0.273135 ; -0.0223412 ; 0.0251231 ; 101.434;
11 ; 19 ; 13 ; 0.304066 ; -0.0207104 ; 0.0182067 ; 99.6756;
12 ; 19 ; 13 ; 0.276307 ; 0.00939444 ; -0.04123 ; 100.323;
13 ; 19 ; 13 ; 0.266433 ; 0.0278274 ; 0.00566478 ; 100.19;
14 ; 19 ; 13 ; 0.269881 ; 0.000906366 ; -0.0499967 ; 101.685;
15 ; 19 ; 13 ; 0.276177 ; 0.0149725 ; 0.0108952 ; 101.784;
16 ; 19 ; 13 ; 0.317738 ; 0.0454721 ; 0.0113132 ; 101.096;
17 ; 19 ; 13 ; 0.288303 ; 0.0120871 ; -0.0384581 ; 102.174;
18 ; 19 ; 13 ; 0.271128 ; 0.000515739 ; -0.0193607 ; 101.588;
19 ; 19 ; 13 ; 0.264445 ; 0.0293032 ; -0.000913625 ; 100.69;
20 ; 19 ; 13 ; 0.310003 ; -0.00720876 ; 0.033833 ; 101.888;
21 ; 19 ; 13 ; 0.308598 ; -0.0144289 ; 0.0255423 ; 101.197;
4 ; 20 ; 13 ; 0.280076 ; 0.00712241 ; -0.0189727 ; 100.838;
5 ; 20 ; 13 ; 0.294135 ; -0.0174716 ; -0.00413856 ; 100.573;
6 ; 20 ; 13 ; 0.267389 ; -0.00390477 ; -0.0232828 ; 99.7075;
7 ; 20 ; 13 ; 0.264452 ; 0.0525343 ; 0.0112046 ; 101.987;
8 ; 20 ; 13 ; 0.306093 ; -0.0118947 ; 0.0280142 ; 102.801;
9 ; 20 ; 13 ; 0.292006 ; 0.0126541 ; -0.0139261 ; 100.401;
10 ; 20 ; 13 ; 0.268159 ; -0.0236355 ; 0.00618005 ; 101.819;
11 ; 20 ; 13 ; 0.291295 ; -0.00740598 ; 0.0329113 ; 100.617;
12 ; 20 ; 13 ; 0.287827 ; -0.0500629 ; 0.00392117 ; 100.949;
13 ; 20 ; 13 ; 0.299141 ; -0.0200643 ; -0.0345039 ; 100.834;
14 ; 20 ; 13 ; 0.262098 ; -0.000347954 ; 0.0176186 ; 101.298;
15 ; 20 ; 13 ; 0.245056 ; -0.0403706 ; -0.0114186 ; 101.691;
16 ; 20 ; 13 ; 0.298121 ; 0.0409517 ; -0.00943451 ; 101.395;
17 ; 20 ; 13 ; 0.258023 ; -0.00347494 ; 0.0197575 ; 101.291;
18 ; 20 ; 13 ; 0.318545 ; -0.0104394 ; -0.0302187 ; 101.305;
19 ; 20 ; 13 ; 0.270978 ; -0.0101433 ; -0.016437 ; 101.098;
20 ; 20 ; 13 ; 0.287276 ; -0.00515333 ; -0.0165119 ; 101.697;
21 ; 20 ; 13 ; 0.256876 ; -0.00642653 ; -0.00251348 ; 101.242;
4 ; 21 ; 13 ; 0.253507 ; -0.0466474 ; -0.0220855 ; 101.067;
5 ; 21 ; 13 ; 0.274732 ; -0.0209793 ; 0.0475463 ; 101.226;
6 ; 21 ; 13 ; 0.285624 ; -0.0166996 ; -0.0214739 ; 101.557;
7 ; 21 ; 13 ; 0.27099 ; 0.031982 ; 0.000189684 ; 101.367;
8 ; 21 ; 13 ; 0.260069 ; 0.02861 ; -0.0510088 ; 102.307;
9 ; 21 ; 13 ; 0.253843 ; -0.0102095 ; -0.031703 ; 101.365;
10 ; 21 ; 13 ; 0.289304 ; -0.0358444 ; 0.0287652 ; 101.246;
11 ; 21 ; 13 ; 0.296562 ; 0.010447 ; 0.0160535 ; 100.907;
12 ; 21 ; 13 ; 0.279204 ; -0.00302116 ; 0.0136906 ; 101.501;
13 ; 21 ; 13 ; 0.248768 ; 0.0127475 ; -0.0394257 ; 102.259;
14 ; 21 ; 13 ; 0.279271 ; 0.00754634 ; 0.0305412 ; 100.858;
15 ; 21 ; 13 ; 0.309873 ; -0.0161773 ; 0.00992903 ; 104.231;
16 ; 21 ; 13 ; 0.297815 ; 0.0120926 ; -0.0144573 ; 101.128;
17 ; 21 ; 13 ; 0.2591 ; -0.0131924 ; -0.0034785 ; 101.661;
18 ; 21 ; 13 ; 0.240426 ; 0.00394247 ; -0.0324976 ; 101.786;
19 ; 21 ; 13 ; 0.264972 ; 0.0248806 ; -0.0146317 ; 101.291;
20 ; 21 ; 13 ; 0.326613 ; -0.0338309 ; -0.0716077 ; 102.201;
21 ; 21 ; 13 ; 0.262798 ; -0.00480167 ; -0.0369008 ; 101.846;
4 ; 4 ; 14 ; 0.244854 ; -0.0170565 ; -0.0408306 ; 101.999;
5 ; 4 ; 14 ; 0.243344 ; 0.0151075 ; 0.037553 ; 102.618;
6 ; 4 ; 14 ; 0.230472 ; 0.0308526 ; -0.018725 ; 102.266;
7 ; 4 ; 14 ; 0.251295 ; -0.0331324 ; -0.001441 ; 101.907;
8 ; 4 ; 14 ; 0.252513 ; 0.0494495 ; -0.0133741 ; 102.406;
9 ; 4 ; 14 ; 0.243055 ; -0.000239194 ; 0.0300893 ; 101.726;
10 ; 4 ; 14 ; 0.20891 ; 0.00563557 ; -0.00177991 ; 101.381;
11 ; 4 ; 14 ; 0.213095 ; -0.00673275 ; 0.0240063 ; 101.974;
12 ; 4 ; 14 ; 0.22311 ; -0.0222326 ; 0.0284638 ; 101.352;
13 ; 4 ; 14 ; 0.247628 ; -0.0152674 ; -0.0137759 ; 100.365;
14 ; 4 ; 14 ; 0.222258 ; 0.00566173 ; -0.0253742 ; 101.614;
15 ; 4 ; 14 ; 0.21779 ; -0.0113398 ; 0.0205793 ; 101.145;
16 ; 4 ; 14 ; 0.226748 ; -0.00239514 ; 0.00891556 ; 101.556;
17 ; 4 ; 14 ; 0.277184 ; 0.0255152 ; 0.0225176 ; 101.611;
18 ; 4 ; 14 ; 0.258308 ; 0.0125696 ; 0.0636633 ; 101.659;
19 ; 4 ; 14 ; 0.252843 ; -0.0122578 ; -0.0347917 ; 100.627;
20 ; 4 ; 14 ; 0.233029 ; -0.0159217 ; -0.0327552 ; 100.649;
21 ; 4 ; 14 ; 0.204549 ; 0.0126002 ; 0.00725652 ; 101.095;
4 ; 5 ; 14 ; 0.21761 ; 0.0172149 ; -0.00678845 ; 100.772;
5 ; 5 ; 14 ; 0.226822 ; -0.00340754 ; -0.00517661 ; 100.469;
6 ; 5 ; 14 ; 0.212674 ; 0.0205374 ; 0.0109506 ; 102.374;
7 ; 5 ; 14 ; 0.209014 ; 0.020067 ; 0.0284629 ; 101.3;
8 ; 5 ; 14 ; 0.241976 ; 0.00858371 ; -0.036674 ; 102.097;
9 ; 5 ; 14 ; 0.206822 ; 0.0072335 ; 0.00714155 ; 100.229;
10 ; 5 ; 14 ; 0.252511 ; 0.0162457 ; 0.0344081 ; 101.179;
11 ; 5 ; 14 ; 0.258538 ; 0.00874145 ; 0.00490144 ; 101.646;
12 ; 5 ; 14 ; 0.257731 ; 0.020428 ; 0.019501 ; 102.919;
13 ; 5 ; 14 ; 0.237596 ; 0.00180183 ; 0.0355786 ; 101.397;
14 ; 5 ; 14 ; 0.266684 ; 0.0446409 ; -0.00227115 ; 101.214;
15 ; 5 ; 14 ; 0.208803 ; 0.00995592 ; 0.00174219 ; 101.156;
16 ; 5 ; 14 ; 0.228133 ; -0.0087347 ; -0.00633604 ; 102.049;
17 ; 5 ; 14 ; 0.224049 ; -0.00423838 ; -0.015248 ; 100.674;
18 ; 5 ; 14 ; 0.215355 ; -0.0022384 ; -0.0034808 ; 101.364;
19 ; 5 ; 14 ; 0.249267 ; -0.0164449 ; 0.00273917 ; 102.294;
20 ; 5 ; 14 ; 0.232515 ; -0.0146847 ; 0.0116933 ; 102.905;
21 ; 5 ; 14 ; 0.212168 ; 0.0107198 ; -0.00744308 ; 102.524;
4 ; 6 ; 14 ; 0.247435 ; -0.0129666 ; 0.00963557 ; 101.887;
5 ; 6 ; 14 ; 0.260275 ; 0.00541781 ; -0.0481244 ; 101.767;
6 ; 6 ; 14 ; 0.21006 ; 0.0486622 ; 0.0164973 ; 100.441;
7 ; 6 ; 14 ; 0.256426 ; -0.0178655 ; -0.000960055 ; 101.364;
8 ; 6 ; 14 ; 0.243797 ; -0.0124937 ; -0.00650211 ; 101.201;
9 ; 6 ; 14 ; 0.265495 ; 0.0228422 ; -0.00639818 ; 101.284;
10 ; 6 ; 14 ; 0.230417 ; 0.00165422 ; 0.0390112 ; 102.586;
11 ; 6 ; 14 ; 0.24307 ; 0.025799 ; -0.0180848 ; 100.996;
12 ; 6 ; 14 ; 0.241128 ; 0.000900033 ; -0.0197191 ; 100.267;
13 ; 6 ; 14 ; 0.220966 ; 0.0174674 ; 0.0127562 ; 101.474;
14 ; 6 ; 14 ; 0.231464 ; 0.00283388 ; -0.00848142 ; 100.7;
15 ; 6 ; 14 ; 0.210364 ; 0.0132557 ; -0.026884 ; 100.977;
16 ; 6 ; 14 ; 0.243288 ; 0.0392585 ; -0.0117018 ; 101.895;
17 ; 6 ; 14 ; 0.210418 ; -0.0311484 ; 0.00769096 ; 101.106;
18 ; 6 ; 14 ; 0.203664 ; 0.0380912 ; -0.0121669 ; 101.534;
19 ; 6 ; 14 ; 0.215935 ; -0.0210408 ; 0.0283615 ; 101.479;
20 ; 6 ; 14 ; 0.219988 ; 0.015041 ; 0.00852104 ; 101.677;
21 ; 6 ; 14 ; 0.218688 ; -0.0119244 ; 0.0162415 ; 102.671;
4 ; 7 ; 14 ; 0.229974 ; -0.0365111 ; 0.0231157 ; 100.893;
5 ; 7 ; 14 ; 0.23916 ; 0.031459 ; 0.0251991 ; 102.236;
6 ; 7 ; 14 ; 0.266696 ; -0.0211823 ; 0.0346896 ; 101.494;
7 ; 7 ; 14 ; 0.2477 ; -0.0242212 ; 0.0189245 ; 101.21;
8 ; 7 ; 14 ; 0.234614 ; -0.0133211 ; 0.00947753 ; 103.244;
9 ; 7 ; 14 ; 0.193244 ; 0.0326823 ; -0.0087138 ; 102.131;
10 ; 7 ; 14 ; 0.256618 ; -0.0162085 ; -0.0026996 ; 100.877;
11 ; 7 ; 14 ; 0.258794 ; -0.00794447 ; -0.00148668 ; 100.863;
12 ; 7 ; 14 ; 0.245948 ; 0.0155027 ; 0.00371685 ; 100.921;
13 ; 7 ; 14 ; 0.229026 ; -0.00194728 ; -0.0228745 ; 102.568;
14 ; 7 ; 14 ; 0.23127 ; -0.0385119 ; -0.0124788 ; 101.008;
15 ; 7 ; 14 ; 0.235722 ; -0.0141215 ; -0.0200458 ; 101.191;
16 ; 7 ; 14 ; 0.24718 ; 0.00191788 ; -0.00471272 ; 103.506;
17 ; 7 ; 14 ; 0.226004 ; 0.0153063 ; -0.0141132 ; 101.088;
18 ; 7 ; 14 ; 0.209987 ; 0.0200712 ; -0.031926 ; 101.321;
19 ; 7 ; 14 ; 0.249032 ; 0.0106952 ; 0.0329429 ; 100.919;
20 ; 7 ; 14 ; 0.233405 ; 0.0174204 ; 0.0405267 ; 100.74;
21 ; 7 ; 14 ; 0.244104 ; 0.0147493 ; 0.0256286 ; 102.066;
4 ; 8 ; 14 ; 0.238327 ; 0.0259831 ; 0.0186593 ; 101.331;
5 ; 8 ; 14 ; 0.232954 ; 0.0201101 ; 1.37569e-05 ; 100.414;
6 ; 8 ; 14 ; 0.285006 ; 0.0251705 ; -0.0195001 ; 101.856;
7 ; 8 ; 14 ; 0.23143 ; -0.00800368 ; -0.00145653 ; 101.351;
8 ; 8 ; 14 ; 0.234958 ; -0.00709343 ; -0.00183042 ; 100.587;
9 ; 8 ; 14 ; 0.218007 ; 0.011191 ; -0.0142893 ; 101.641;
10 ; 8 ; 14 ; 0.224984 ; -0.0307301 ; 0.0296451 ; 100.734;
11 ; 8 ; 14 ; 0.2381 ; -0.0153067 ; -0.00261559 ; 100.956;
12 ; 8 ; 14 ; 0.232989 ; -0.000392219 ; -0.0204242 ; 100.699;
13 ; 8 ; 14 ; 0.197582 ; -0.0244063 ; -0.00991769 ; 101.284;
14 ; 8 ; 14 ; 0.228193 ; -0.0136733 ; -0.00685527 ; 102.037;
15 ; 8 ; 14 ; 0.220547 ; -0.00123134 ; -0.0458769 ; 102.274;
16 ; 8 ; 14 ; 0.215815 ; 0.000614062 ; -0.0181819 ; 101.039;
17 ; 8 ; 14 ; 0.223311 ; 0.0269879 ; -0.0187141 ; 101.869;
18 ; 8 ; 14 ; 0.193781 ; 0.00507649 ; 0.00352746 ; 101.904;
19 ; 8 ; 14 ; 0.224887 ; -0.0231684 ; 0.00409702 ; 102.348;
20 ; 8 ; 14 ; 0.263854 ; -0.00335715 ; -0.0192789 ; 101.083;
21 ; 8 ; 14 ; 0.220848 ; 0.0108533 ; -0.0116385 ; 100.899;
4 ; 9 ; 14 ; 0.227958 ; 0.0234395 ; -0.00147537 ; 102.534;
5 ; 9 ; 14 ; 0.282085 ; -0.0121831 ; 0.000907397 ; 102.814;
6 ; 9 ; 14 ; 0.270284 ; -0.00461573 ; 0.0249608 ; 101.793;
7 ; 9 ; 14 ; 0.221031 ; -0.00654546 ; -0.0122435 ; 101.65;
8 ; 9 ; 14 ; 0.225579 ; -0.0119396 ; -0.0126989 ; 100.919;
9 ; 9 ; 14 ; 0.207894 ; -0.0128855 ; -0.0153043 ; 101.506;
10 ; 9 ; 14 ; 0.207141 ; 0.0180764 ; 0.0147006 ; 102.237;
11 ; 9 ; 14 ; 0.23793 ; 0.00907652 ; -0.0230212 ; 100.968;
12 ; 9 ; 14 ; 0.250962 ; 0.0164795 ; -0.0265791 ; 100.793;
13 ; 9 ; 14 ; 0.249967 ; 0.0297092 ; 0.000457374 ; 101.511;
14 ; 9 ; 14 ; 0.259441 ; 0.00739476 ; 0.000374269 ; 101.912;
15 ; 9 ; 14 ; 0.209816 ; 0.0082473 ; -4.02999e-05 ; 100.388;
16 ; 9 ; 14 ; 0.22905 ; 0.0539884 ; 0.0158838 ; 101.553;
17 ; 9 ; 14 ; 0.246626 ; -0.00658 ; -0.013435 ; 101.984;
18 ; 9 ; 14 ; 0.233485 ; -0.03133 ; 0.0133581 ; 101.129;
19 ; 9 ; 14 ; 0.240779 ; -0.023624 ; -0.0358115 ; 101.186;
20 ; 9 ; 14 ; 0.243434 ; 0.015338 ; -0.00912178 ; 102.186;
21 ; 9 ; 14 ; 0.235333 ; 0.00321331 ; 0.0233651 ; 102.352;
4 ; 10 ; 14 ; 0.216877 ; 0.0398454 ; 0.00170466 ; 101.31;
5 ; 10 ; 14 ; 0.215799 ; -0.0171046 ; -0.0143247 ; 101.972;
6 ; 10 ; 14 ; 0.255606 ; 0.0103738 ; 0.0126943 ; 101.656;
7 ; 10 ; 14 ; 0.214233 ; -0.0231183 ; 0.0144506 ; 101.207;
8 ; 10 ; 14 ; 0.226316 ; 0.0100342 ; -0.0194663 ; 102.211;
9 ; 10 ; 14 ; 0.238396 ; 0.00805405 ; -0.00470863 ; 100.726;
10 ; 10 ; 14 ; 0.220633 ; -0.000387616 ; 0.0244513 ; 101.545;
11 ; 10 ; 14 ; 0.233604 ; -0.0038874 ; 0.0115612 ; 102.658;
12 ; 10 ; 14 ; 0.24761 ; 0.0305481 ; 0.033507 ; 100.874;
13 ; 10 ; 14 ; 0.260639 ; 0.0216072 ; -0.0201695 ; 101.822;
14 ; 10 ; 14 ; 0.20326 ; 0.0228072 ; -0.0243977 ; 101.399;
15 ; 10 ; 14 ; 0.24532 ; -0.00721883 ; -0.0245151 ; 102.844;
16 ; 10 ; 14 ; 0.223089 ; 0.016776 ; -0.0143789 ; 100.981;
17 ; 10 ; 14 ; 0.234408 ; -0.00606447 ; -0.0236719 ; 100.746;
18 ; 10 ; 14 ; 0.234226 ; -0.0119152 ; -0.03843 ; 101.75;
19 ; 10 ; 14 ; 0.202041 ; -0.0111205 ; -0.0402327 ; 103.241;
20 ; 10 ; 14 ; 0.246343 ; 0.0520123 ; -0.0465336 ; 101.271;
21 ; 10 ; 14 ; 0.223388 ; -0.0141886 ; 0.0408998 ; 101.237;
4 ; 11 ; 14 ; 0.242653 ; -0.0210515 ; -0.0266714 ; 100.168;
5 ; 11 ; 14 ; 0.223865 ; -0.0273148 ; -0.0434503 ; 101.836;
6 ; 11 ; 14 ; 0.254781 ; -0.0127073 ; 0.00702657 ; 101.942;
7 ; 11 ; 14 ; 0.222885 ; -0.0408465 ; -0.00512819 ; 101.986;
8 ; 11 ; 14 ; 0.240451 ; -0.00047473 ; 0.0444981 ; 102.928;
9 ; 11 ; 14 ; 0.25624 ; -0.0121072 ; 0.00589773 ; 101.722;
10 ; 11 ; 14 ; 0.261141 ; 0.0164697 ; -0.00537508 ; 100.963;
11 ; 11 ; 14 ; 0.191576 ; -0.0209873 ; -0.0141484 ; 101.873;
12 ; 11 ; 14 ; 0.231858 ; -0.0436683 ; -0.00307555 ; 102.544;
13 ; 11 ; 14 ; 0.261672 ; 0.00893314 ; 0.00515856 ; 101.339;
14 ; 11 ; 14 ; 0.238503 ; 0.0298962 ; 0.0406407 ; 101.179;
15 ; 11 ; 14 ; 0.210727 ; 0.00052411 ; 0.0152847 ; 101.926;
16 ; 11 ; 14 ; 0.201806 ; 0.000772883 ; -0.0231024 ; 101.365;
17 ; 11 ; 14 ; 0.252588 ; 0.0110779 ; -0.00860447 ; 102.563;
18 ; 11 ; 14 ; 0.248627 ; 0.0470378 ; 0.033956 ; 100.404;
19 ; 11 ; 14 ; 0.229599 ; -0.0109244 ; -0.0010767 ; 102.222;
20 ; 11 ; 14 ; 0.235568 ; -0.0107794 ; 0.022164 ; 101.966;
21 ; 11 ; 14 ; 0.219679 ; 0.0126636 ; -0.00255754 ; 100.995;
4 ; 12 ; 14 ; 0.229098 ; 0.0284061 ; -0.0102307 ; 101.998;
5 ; 12 ; 14 ; 0.234771 ; 0.0226121 ; -0.00661127 ; 100.297;
6 ; 12 ; 14 ; 0.212872 ; 0.00143903 ; -0.0430498 ; 101.437;
7 ; 12 ; 14 ; 0.256435 ; -0.012727 ; 0.00844604 ; 100.285;
8 ; 12 ; 14 ; 0.246641 ; 0.0175307 ; 0.0330723 ; 100.618;
9 ; 12 ; 14 ; 0.226196 ; 0.0340758 ; -0.00590658 ; 100.679;
10 ; 12 ; 14 ; 0.24066 ; 0.0137538 ; -0.0181472 ; 101.776;
11 ; 12 ; 14 ; 0.198849 ; 0.00630842 ; -0.0310905 ; 102.079;
12 ; 12 ; 14 ; 0.21441 ; -0.0432081 ; -0.0378974 ; 101.156;
13 ; 12 ; 14 ; 0.226293 ; 0.0240442 ; -0.00443903 ; 101.061;
14 ; 12 ; 14 ; 0.209167 ; 0.00958078 ; -0.00742099 ; 101.034;
15 ; 12 ; 14 ; 0.261358 ; 0.0135258 ; 0.0162109 ; 101.389;
16 ; 12 ; 14 ; 0.240268 ; 0.0300837 ; -0.0170059 ; 101.956;
17 ; 12 ; 14 ; 0.245921 ; -0.0133407 ; 0.0289458 ; 100.252;
18 ; 12 ; 14 ; 0.246467 ; -0.00724574 ; -0.0461217 ; 102.847;
19 ; 12 ; 14 ; 0.258624 ; 0.00514207 ; -0.00798382 ; 100.425;
20 ; 12 ; 14 ; 0.247754 ; -0.0105041 ; -0.00621144 ; 102.146;
21 ; 12 ; 14 ; 0.223801 ; 0.0376044 ; -0.00240995 ; 102.245;
4 ; 13 ; 14 ; 0.243742 ; 0.0178703 ; 0.0052819 ; 101.353;
5 ; 13 ; 14 ; 0.212703 ; 0.0108872 ; 0.0104455 ; 101.179;
6 ; 13 ; 14 ; 0.235481 ; 0.0475856 ; 0.00474653 ; 101.956;
7 ; 13 ; 14 ; 0.225927 ; 0.0113822 ; -0.017991 ; 101.696;
8 ; 13 ; 14 ; 0.238449 ; 0.0178906 ; 0.0231133 ; 103.034;
9 ; 13 ; 14 ; 0.243796 ; 0.0122707 ; 0.0166146 ; 101.351;
10 ; 13 ; 14 ; 0.251324 ; 0.0126525 ; -0.0181421 ; 101.006;
11 ; 13 ; 14 ; 0.220683 ; 0.0103368 ; 0.000764956 ; 101.333;
12 ; 13 ; 14 ; 0.240979 ; -0.0272518 ; 0.00352043 ; 102.561;
13 ; 13 ; 14 ; 0.239859 ; 0.0204177 ; 0.0142287 ; 100.83;
14 ; 13 ; 14 ; 0.236383 ; -0.00602622 ; 0.0154656 ; 100.26;
15 ; 13 ; 14 ; 0.224411 ; -0.0149747 ; -0.0107692 ; 101.171;
16 ; 13 ; 14 ; 0.208631 ; -0.041837 ; -0.0019067 ; 100.445;
17 ; 13 ; 14 ; 0.23414 ; 0.0420602 ; 0.00797015 ; 101.318;
18 ; 13 ; 14 ; 0.21868 ; -0.000891789 ; -0.00155427 ; 101.177;
19 ; 13 ; 14 ; 0.248274 ; 0.0303671 ; 0.019286 ; 101.434;
20 ; 13 ; 14 ; 0.233525 ; -0.0150354 ; 0.0218253 ; 101.355;
21 ; 13 ; 14 ; 0.249932 ; -0.0160562 ; 0.014915 ; 100.912;
4 ; 14 ; 14 ; 0.239629 ; 0.0147502 ; 0.0181819 ; 101.038;
5 ; 14 ; 14 ; 0.206467 ; -0.0232095 ; 0.0463997 ; 102.13;
6 ; 14 ; 14 ; 0.246288 ; -0.0125226 ; -0.00755289 ; 100.203;
7 ; 14 ; 14 ; 0.233081 ; 0.0276545 ; 0.0208346 ; 101.617;
8 ; 14 ; 14 ; 0.237269 ; 0.0223699 ; 0.0174184 ; 100.681;
9 ; 14 ; 14 ; 0.23982 ; 0.0186558 ; 0.0313606 ; 102.066;
10 ; 14 ; 14 ; 0.193304 ; 0.0125251 ; 0.0215005 ; 101.611;
11 ; 14 ; 14 ; 0.205924 ; 0.00916881 ; -0.014504 ; 101.018;
12 ; 14 ; 14 ; 0.222489 ; -0.041381 ; 0.0122184 ; 102.073;
13 ; 14 ; 14 ; 0.235911 ; -0.0162061 ; -0.00645263 ; 101.087;
14 ; 14 ; 14 ; 0.179858 ; -0.0115541 ; 0.0253262 ; 102.337;
15 ; 14 ; 14 ; 0.223847 ; -0.00931427 ; -0.0111851 ; 100.327;
16 ; 14 ; 14 ; 0.249705 ; -0.0463814 ; -0.0204243 ; 101.376;
17 ; 14 ; 14 ; 0.246459 ; 0.0462578 ; -0.0203431 ; 101.71;
18 ; 14 ; 14 ; 0.239937 ; 0.016716 ; -0.0256392 ; 101.861;
19 ; 14 ; 14 ; 0.235438 ; 0.022998 ; 0.0112204 ; 102.152;
20 ; 14 ; 14 ; 0.23994 ; -0.00799477 ; -0.0413955 ; 100.92;
21 ; 14 ; 14 ; 0.212561 ; -0.00644152 ; -0.0401338 ; 101.763;
4 ; 15 ; 14 ; 0.217126 ; 0.00581148 ; -0.0606187 ; 101.596;
5 ; 15 ; 14 ; 0.241709 ; -0.0254775 ; -0.00452229 ; 102.456;
6 ; 15 ; 14 ; 0.225993 ; 0.00368908 ; -0.0118194 ; 99.6013;
7 ; 15 ; 14 ; 0.225321 ; -0.0162615 ; 0.0148278 ; 102.222;
8 ; 15 ; 14 ; 0.269797 ; -0.0127021 ; -0.020246 ; 100.449;
9 ; 15 ; 14 ; 0.234216 ; -0.00640412 ; 0.00989353 ; 101.462;
10 ; 15 ; 14 ; 0.207786 ; 0.0312823 ; 0.0196714 ; 100.758;
11 ; 15 ; 14 ; 0.235486 ; 0.0271033 ; -0.00595579 ; 101.084;
12 ; 15 ; 14 ; 0.255414 ; 0.0142228 ; -0.0431206 ; 101.381;
13 ; 15 ; 14 ; 0.240638 ; -0.0254733 ; -0.00647972 ; 102.068;
14 ; 15 ; 14 ; 0.227362 ; 0.0153072 ; -0.0309288 ; 102.632;
15 ; 15 ; 14 ; 0.238557 ; 0.0169593 ; 0.0305277 ; 101.317;
16 ; 15 ; 14 ; 0.216317 ; -0.00915623 ; 0.00103161 ; 101.056;
17 ; 15 ; 14 ; 0.22719 ; 0.00124803 ; 0.00406358 ; 100.886;
18 ; 15 ; 14 ; 0.230851 ; 0.00742312 ; -0.00446095 ; 101.647;
19 ; 15 ; 14 ; 0.183211 ; -0.0160427 ; 0.0286721 ; 99.6469;
20 ; 15 ; 14 ; 0.22125 ; -0.0129998 ; -0.0167075 ; 101.241;
21 ; 15 ; 14 ; 0.242321 ; -0.0185687 ; 0.0463727 ; 103.032;
4 ; 16 ; 14 ; 0.244459 ; 0.020005 ; 0.00989797 ; 101.696;
5 ; 16 ; 14 ; 0.251036 ; -0.0275138 ; -0.051406 ; 101.992;
6 ; 16 ; 14 ; 0.256108 ; -0.0187569 ; -0.0414798 ; 100.92;
7 ; 16 ; 14 ; 0.241817 ; 0.0181711 ; 0.00939647 ; 100.702;
8 ; 16 ; 14 ; 0.217968 ; -0.00421585 ; 0.0383163 ; 101.394;
9 ; 16 ; 14 ; 0.199325 ; -0.0130375 ; -0.00287462 ; 101.284;
10 ; 16 ; 14 ; 0.222381 ; 0.0100757 ; 0.0134311 ; 99.8231;
11 ; 16 ; 14 ; 0.223997 ; 0.00510232 ; 0.0247408 ; 103.117;
12 ; 16 ; 14 ; 0.19773 ; 0.0221319 ; 0.0139638 ; 100.841;
13 ; 16 ; 14 ; 0.227332 ; -0.0139903 ; 0.0202764 ; 102.446;
14 ; 16 ; 14 ; 0.208594 ; 0.0502114 ; 0.00442905 ; 100.469;
15 ; 16 ; 14 ; 0.258026 ; 0.0342554 ; 0.00927623 ; 100.683;
16 ; 16 ; 14 ; 0.234184 ; 0.016079 ; 0.0194488 ; 101.634;
17 ; 16 ; 14 ; 0.208923 ; -0.0153142 ; -0.00520206 ; 102.636;
18 ; 16 ; 14 ; 0.222801 ; 0.00964001 ; -0.0282833 ; 101.502;
19 ; 16 ; 14 ; 0.206178 ; -0.0127725 ; -0.00724075 ; 101.95;
20 ; 16 ; 14 ; 0.210603 ; 0.0106088 ; -0.0232345 ; 101.776;
21 ; 16 ; 14 ; 0.194181 ; -0.0161682 ; -0.0154016 ; 101.988;
4 ; 17 ; 14 ; 0.207633 ; -0.00709074 ; -0.0320346 ; 101.357;
5 ; 17 ; 14 ; 0.203504 ; 0.00936634 ; -0.0110552 ; 101.699;
6 ; 17 ; 14 ; 0.231814 ; 0.0044126 ; 0.00962897 ; 102.176;
7 ; 17 ; 14 ; 0.214809 ; -0.0427253 ; 0.0135355 ; 102.098;
8 ; 17 ; 14 ; 0.203866 ; -0.0181511 ; -0.0128594 ; 102.786;
9 ; 17 ; 14 ; 0.219645 ; -0.0134659 ; 0.0181216 ; 100.356;
10 ; 17 ; 14 ; 0.222111 ; 0.0310236 ; 0.0431907 ; 101.273;
11 ; 17 ; 14 ; 0.245146 ; -0.000227456 ; -0.0287641 ; 99.9125;
12 ; 17 ; 14 ; 0.238949 ; -0.00317866 ; -0.0122119 ; 102.122;
13 ; 17 ; 14 ; 0.236328 ; 0.0311704 ; -0.00209723 ; 102.278;
14 ; 17 ; 14 ; 0.207609 ; 0.0126256 ; -0.0142604 ; 101.924;
15 ; 17 ; 14 ; 0.216352 ; -0.0160069 ; 0.00262674 ; 101.906;
16 ; 17 ; 14 ; 0.193445 ; 0.016996 ; -0.0170714 ; 101.322;
17 ; 17 ; 14 ; 0.213821 ; 0.00458801 ; -0.026276 ; 102.496;
18 ; 17 ; 14 ; 0.238016 ; 0.00756319 ; -0.0343871 ; 102.159;
19 ; 17 ; 14 ; 0.225891 ; 0.0178436 ; -0.0279169 ; 100.525;
20 ; 17 ; 14 ; 0.249023 ; 0.00477466 ; -0.00353027 ; 101.476;
21 ; 17 ; 14 ; 0.242479 ; -0.0489784 ; 0.0154558 ; 100.037;
4 ; 18 ; 14 ; 0.236758 ; -0.0155951 ; -0.0136727 ; 101.964;
5 ; 18 ; 14 ; 0.250452 ; -0.022937 ; 0.0334002 ; 101.396;
6 ; 18 ; 14 ; 0.224113 ; 0.0467183 ; 0.0271434 ; 101.951;
7 ; 18 ; 14 ; 0.219008 ; -0.0078754 ; 0.0384622 ; 102.145;
8 ; 18 ; 14 ; 0.26654 ; -0.00726385 ; 0.00702929 ; 100.956;
9 ; 18 ; 14 ; 0.23743 ; 0.0124716 ; 0.0102304 ; 101.543;
10 ; 18 ; 14 ; 0.248566 ; -0.0047178 ; 0.0038193 ; 102.079;
11 ; 18 ; 14 ; 0.238714 ; 0.01013 ; -0.0191211 ; 101.825;
12 ; 18 ; 14 ; 0.243428 ; -0.0129603 ; -0.0155491 ; 101.45;
13 ; 18 ; 14 ; 0.262415 ; -0.0107837 ; 0.0244875 ; 101.468;
14 ; 18 ; 14 ; 0.25656 ; 0.0229027 ; -0.00579143 ; 101.463;
15 ; 18 ; 14 ; 0.213215 ; -0.00362939 ; 0.0210556 ; 101.044;
16 ; 18 ; 14 ; 0.239488 ; 0.0133864 ; -0.0199298 ; 101.127;
17 ; 18 ; 14 ; 0.229427 ; 0.0221356 ; 0.0354469 ; 102.849;
18 ; 18 ; 14 ; 0.239873 ; -0.00495857 ; -0.0345637 ; 102.778;
19 ; 18 ; 14 ; 0.203263 ; 0.0257459 ; 0.00967515 ; 100.754;
20 ; 18 ; 14 ; 0.214961 ; 0.0145472 ; 0.0163999 ; 101.924;
21 ; 18 ; 14 ; 0.218401 ; 0.00442369 ; 0.0323967 ; 100.959;
4 ; 19 ; 14 ; 0.239542 ; 0.00311408 ; 0.0194646 ; 101.148;
5 ; 19 ; 14 ; 0.19906 ; -0.000582605 ; 0.00376112 ; 101.616;
6 ; 19 ; 14 ; 0.202228 ; 0.0145632 ; -0.00886822 ; 100.782;
7 ; 19 ; 14 ; 0.247362 ; -0.00735274 ; 0.0550034 ; 101.134;
8 ; 19 ; 14 ; 0.257456 ; -0.00401593 ; -0.00478533 ; 101.89;
9 ; 19 ; 14 ; 0.206146 ; -0.00169745 ; 0.00252391 ; 99.6056;
10 ; 19 ; 14 ; 0.217686 ; -0.0435156 ; -0.0308455 ; 101.944;
11 ; 19 ; 14 ; 0.207788 ; 0.0228332 ; 0.0215856 ; 101.159;
12 ; 19 ; 14 ; 0.254905 ; -0.0117509 ; -0.0332832 ; 101.376;
13 ; 19 ; 14 ; 0.233529 ; -0.0112941 ; -0.00684315 ; 100.843;
14 ; 19 ; 14 ; 0.217382 ; 0.00968326 ; -0.00199531 ; 101.315;
15 ; 19 ; 14 ; 0.202237 ; 0.0253451 ; -0.00264114 ; 102.415;
16 ; 19 ; 14 ; 0.210427 ; 0.0109046 ; 0.0147537 ; 100.816;
17 ; 19 ; 14 ; 0.21454 ; 0.0295175 ; 0.0207538 ; 101.07;
18 ; 19 ; 14 ; 0.23004 ; 0.00209637 ; 0.0115173 ; 101.145;
19 ; 19 ; 14 ; 0.224782 ; 0.0188894 ; 0.00861871 ; 100.649;
20 ; 19 ; 14 ; 0.253959 ; 0.023259 ; 0.0172885 ; 101.658;
21 ; 19 ; 14 ; 0.204558 ; -0.0412479 ; -0.00809144 ; 101.537;
4 ; 20 ; 14 ; 0.253618 ; -0.0336427 ; 0.0497967 ; 100.929;
5 ; 20 ; 14 ; 0.235173 ; -0.0333082 ; 0.00300526 ; 101.666;
6 ; 20 ; 14 ; 0.232068 ; -0.0125807 ; -0.0238621 ; 101.165;
7 ; 20 ; 14 ; 0.212272 ; 0.00131181 ; 0.0155459 ; 101.438;
8 ; 20 ; 14 ; 0.234594 ; -0.0366167 ; 0.00584618 ; 100.56;
9 ; 20 ; 14 ; 0.213135 ; 0.0127114 ; -0.0232536 ; 101.853;
10 ; 20 ; 14 ; 0.211306 ; -0.0461164 ; -0.0303597 ; 100.156;
11 ; 20 ; 14 ; 0.209818 ; -0.00752455 ; -0.0121754 ; 101.481;
12 ; 20 ; 14 ; 0.248941 ; -0.0245965 ; 0.0349843 ; 101.819;
13 ; 20 ; 14 ; 0.240346 ; 0.0459356 ; -0.01068 ; 100.858;
14 ; 20 ; 14 ; 0.249039 ; -0.0531323 ; 0.0274451 ; 101.518;
15 ; 20 ; 14 ; 0.240225 ; -0.0087509 ; 0.00518589 ; 102.826;
16 ; 20 ; 14 ; 0.208237 ; -0.00266129 ; 0.00385112 ; 101.348;
17 ; 20 ; 14 ; 0.22033 ; 0.0126526 ; -0.00480282 ; 101.752;
18 ; 20 ; 14 ; 0.257429 ; 0.0304588 ; 0.00336276 ; 102.157;
19 ; 20 ; 14 ; 0.208546 ; -0.00917393 ; 0.00316039 ; 102.453;
20 ; 20 ; 14 ; 0.207878 ; 0.0100866 ; 0.00747212 ; 101.301;
21 ; 20 ; 14 ; 0.219058 ; 0.0307336 ; -0.00785988 ; 100.83;
4 ; 21 ; 14 ; 0.230225 ; -0.0188718 ; 0.0133747 ; 101.804;
5 ; 21 ; 14 ; 0.231628 ; 0.0143262 ; 0.00627106 ; 101.299;
6 ; 21 ; 14 ; 0.211467 ; 0.0518947 ; 0.0383767 ; 101.767;
7 ; 21 ; 14 ; 0.235786 ; 0.00653776 ; 0.0104359 ; 102.197;
8 ; 21 ; 14 ; 0.222345 ; 0.0161189 ; -0.0166746 ; 101.182;
9 ; 21 ; 14 ; 0.20414 ; -0.00557411 ; -0.0335934 ; 101.037;
10 ; 21 ; 14 ; 0.242506 ; -0.0213103 ; -0.0180446 ; 100.101;
11 ; 21 ; 14 ; 0.211746 ; 0.0244489 ; -0.00583155 ; 101.773;
12 ; 21 ; 14 ; 0.220708 ; -0.0366231 ; 0.0217537 ; 100.117;
13 ; 21 ; 14 ; 0.21857 ; 0.0238302 ; 0.00563009 ; 100.757;
14 ; 21 ; 14 ; 0.219627 ; -0.0544023 ; 0.00982713 ; 100.796;
15 ; 21 ; 14 ; 0.21167 ; -0.0226174 ; 0.00163047 ; 102.688;
16 ; 21 ; 14 ; 0.273764 ; 0.0148247 ; -0.0140132 ; 100.274;
17 ; 21 ; 14 ; 0.227384 ; -0.0093823 ; 0.0199575 ; 100.731;
18 ; 21 ; 14 ; 0.281203 ; -0.0151646 ; 0.00873763 ; 100.519;
19 ; 21 ; 14 ; 0.224235 ; 0.00281045 ; 0.0111178 ; 101.422;
20 ; 21 ; 14 ; 0.245547 ; -0.0287162 ; 0.0305031 ; 100.424;
21 ; 21 ; 14 ; 0.208538 ; 0.0140106 ; -0.00759259 ; 101.16;
4 ; 4 ; 15 ; 0.167752 ; 0.018261 ; -0.0368163 ; 101.502;
5 ; 4 ; 15 ; 0.177609 ; 0.0151571 ; 0.0345641 ; 100.879;
6 ; 4 ; 15 ; 0.181925 ; 0.019765 ; -0.0426567 ; 100.784;
7 ; 4 ; 15 ; 0.216118 ; -0.0165064 ; 0.0406342 ; 101.449;
8 ; 4 ; 15 ; 0.19403 ; -0.0176799 ; 0.024714 ; 99.9912;
9 ; 4 ; 15 ; 0.180962 ; 0.00395595 ; -0.0369329 ; 102.136;
10 ; 4 ; 15 ; 0.192243 ; -0.0318136 ; -0.0131799 ; 102.071;
11 ; 4 ; 15 ; 0.216858 ; 0.00438492 ; -0.0331981 ; 101.793;
12 ; 4 ; 15 ; 0.198054 ; -0.0121871 ; -0.0107137 ; 101.708;
13 ; 4 ; 15 ; 0.203688 ; 0.0417571 ; -0.0255927 ; 101.241;
14 ; 4 ; 15 ; 0.19034 ; -0.012348 ; -0.0241319 ; 101.936;
15 ; 4 ; 15 ; 0.213717 ; -0.0304032 ; -0.000613377 ; 101.907;
16 ; 4 ; 15 ; 0.220334 ; 0.005342 ; 0.0168438 ; 101.261;
17 ; 4 ; 15 ; 0.219143 ; -0.0286581 ; 0.00579444 ; 101.477;
18 ; 4 ; 15 ; 0.216163 ; -0.0347756 ; -0.013459 ; 101.421;
19 ; 4 ; 15 ; 0.204506 ; 0.0261927 ; -0.00287225 ; 100.699;
20 ; 4 ; 15 ; 0.169279 ; 0.013045 ; -0.0198901 ; 101.998;
21 ; 4 ; 15 ; 0.16478 ; -0.00203717 ; 0.0235941 ; 103.167;
4 ; 5 ; 15 ; 0.200437 ; 0.00536021 ; 0.0385562 ; 101.397;
5 ; 5 ; 15 ; 0.186972 ; 0.00898267 ; 0.0135093 ; 100.878;
6 ; 5 ; 15 ; 0.145604 ; -0.0254973 ; -0.0174263 ; 102.228;
7 ; 5 ; 15 ; 0.196435 ; 0.010559 ; -0.00635269 ; 100.424;
8 ; 5 ; 15 ; 0.178442 ; 0.010229 ; -0.016395 ; 102.285;
9 ; 5 ; 15 ; 0.180003 ; 0.00866029 ; 0.018902 ; 101.373;
10 ; 5 ; 15 ; 0.191836 ; -0.0261972 ; 5.21984e-05 ; 101.785;
11 ; 5 ; 15 ; 0.169588 ; 0.00600664 ; -0.00200394 ; 101.451;
12 ; 5 ; 15 ; 0.198094 ; 0.000333327 ; 0.0119679 ; 102.656;
13 ; 5 ; 15 ; 0.203935 ; 0.00832861 ; 0.0170448 ; 102.816;
14 ; 5 ; 15 ; 0.227088 ; 0.00580844 ; -0.00395627 ; 102.058;
15 ; 5 ; 15 ; 0.204064 ; -0.0100261 ; 0.0175401 ; 101.066;
16 ; 5 ; 15 ; 0.234825 ; 0.00503549 ; -0.0223317 ; 101.71;
17 ; 5 ; 15 ; 0.14696 ; -0.0150921 ; -0.0159609 ; 101.461;
18 ; 5 ; 15 ; 0.181946 ; -0.0117369 ; -0.0109289 ; 101.007;
19 ; 5 ; 15 ; 0.178281 ; 0.011863 ; -0.0159251 ; 102.929;
20 ; 5 ; 15 ; 0.182029 ; -0.00984762 ; -0.0025205 ; 101.05;
21 ; 5 ; 15 ; 0.213982 ; -0.030443 ; -0.0250148 ; 100.289;
4 ; 6 ; 15 ; 0.181473 ; 0.018717 ; 0.00186829 ; 100.969;
5 ; 6 ; 15 ; 0.208109 ; -0.00239227 ; 0.00967257 ; 102.362;
6 ; 6 ; 15 ; 0.221716 ; 0.0443912 ; 0.02476 ; 100.443;
7 ; 6 ; 15 ; 0.177004 ; 0.0159727 ; 0.0104593 ; 100.85;
8 ; 6 ; 15 ; 0.173088 ; 0.0426283 ; 0.0221078 ; 101.573;
9 ; 6 ; 15 ; 0.160016 ; 0.00516126 ; 0.025726 ; 100.552;
10 ; 6 ; 15 ; 0.221916 ; 0.02001 ; 0.0173721 ; 100.637;
11 ; 6 ; 15 ; 0.1766 ; -0.000759267 ; 0.0253294 ; 101.933;
12 ; 6 ; 15 ; 0.217573 ; -0.00401211 ; -0.0145728 ; 100.974;
13 ; 6 ; 15 ; 0.20506 ; -0.00829663 ; 0.00727454 ; 101.148;
14 ; 6 ; 15 ; 0.225244 ; 0.0126206 ; -0.0162054 ; 102.356;
15 ; 6 ; 15 ; 0.203643 ; -0.013852 ; -0.00584296 ; 102.708;
16 ; 6 ; 15 ; 0.198664 ; 0.0291872 ; -0.0345732 ; 100.776;
17 ; 6 ; 15 ; 0.187446 ; -0.00795069 ; 0.0134503 ; 102.67;
18 ; 6 ; 15 ; 0.192526 ; 0.0145108 ; 0.0104842 ; 100.294;
19 ; 6 ; 15 ; 0.184647 ; 0.00404589 ; -0.0184154 ; 102.153;
20 ; 6 ; 15 ; 0.196751 ; -0.0066596 ; 0.00472004 ; 101.413;
21 ; 6 ; 15 ; 0.172951 ; 0.0182792 ; -0.0628884 ; 99.3413;
4 ; 7 ; 15 ; 0.200841 ; 0.00439237 ; 0.00568594 ; 101.292;
5 ; 7 ; 15 ; 0.236399 ; -0.00758609 ; 0.0100748 ; 100.126;
6 ; 7 ; 15 ; 0.19164 ; -0.0180655 ; -0.000516221 ; 100.549;
7 ; 7 ; 15 ; 0.16209 ; -0.0222937 ; -0.0280066 ; 101.262;
8 ; 7 ; 15 ; 0.182411 ; 0.024861 ; 0.00290357 ; 102.175;
9 ; 7 ; 15 ; 0.171467 ; 0.0240166 ; -0.0134936 ; 100.27;
10 ; 7 ; 15 ; 0.166607 ; 0.0418928 ; 0.000170325 ; 102.374;
11 ; 7 ; 15 ; 0.207624 ; -0.0165191 ; -0.0181015 ; 100.606;
12 ; 7 ; 15 ; 0.174205 ; -0.0296281 ; -0.0146616 ; 101.311;
13 ; 7 ; 15 ; 0.176766 ; 0.00805337 ; -0.0375755 ; 101.251;
14 ; 7 ; 15 ; 0.17544 ; -0.0162765 ; -0.0391532 ; 100.383;
15 ; 7 ; 15 ; 0.194207 ; -0.00201218 ; -0.0187903 ; 101.652;
16 ; 7 ; 15 ; 0.174619 ; -0.0265983 ; 0.0177716 ; 100.876;
17 ; 7 ; 15 ; 0.192312 ; 0.0175519 ; 0.0137196 ; 101.412;
18 ; 7 ; 15 ; 0.191977 ; -0.0224202 ; 0.0122245 ; 101.799;
19 ; 7 ; 15 ; 0.172046 ; -0.00210148 ; -0.0420093 ; 102.18;
20 ; 7 ; 15 ; 0.171904 ; -0.0225511 ; 0.0094482 ; 100.663;
21 ; 7 ; 15 ; 0.199597 ; 0.00912756 ; -0.0114736 ; 101.217;
4 ; 8 ; 15 ; 0.2056 ; -0.0147942 ; -0.00341102 ; 101.471;
5 ; 8 ; 15 ; 0.213547 ; 0.0293148 ; -0.0142344 ; 101.062;
6 ; 8 ; 15 ; 0.156103 ; -0.0352806 ; -0.0133192 ; 102.638;
7 ; 8 ; 15 ; 0.15791 ; 0.00303729 ; 0.00551871 ; 101.557;
8 ; 8 ; 15 ; 0.161457 ; 0.0330396 ; -0.0100848 ; 100.907;
9 ; 8 ; 15 ; 0.208054 ; 0.00949868 ; -0.00576959 ; 101.94;
10 ; 8 ; 15 ; 0.168942 ; 0.000417312 ; 0.0162915 ; 101.769;
11 ; 8 ; 15 ; 0.181375 ; 0.00209964 ; 0.0198899 ; 102.012;
12 ; 8 ; 15 ; 0.204851 ; 0.0316255 ; -0.00635379 ; 102.198;
13 ; 8 ; 15 ; 0.17675 ; -0.0062043 ; 0.011448 ; 102.119;
14 ; 8 ; 15 ; 0.182168 ; -0.00030216 ; 0.00356633 ; 100.67;
15 ; 8 ; 15 ; 0.199075 ; -0.00532748 ; 0.0301794 ; 100.509;
16 ; 8 ; 15 ; 0.191552 ; 0.0170268 ; -0.0446909 ; 102.329;
17 ; 8 ; 15 ; 0.197938 ; 0.0265509 ; -0.00597907 ; 100.998;
18 ; 8 ; 15 ; 0.15509 ; -0.00683237 ; -0.0160121 ; 102.235;
19 ; 8 ; 15 ; 0.196137 ; -0.031039 ; -0.0261663 ; 103.064;
20 ; 8 ; 15 ; 0.170605 ; -0.0312452 ; -0.00627989 ; 99.6025;
21 ; 8 ; 15 ; 0.173528 ; -0.00110112 ; 0.00951988 ; 101.751;
4 ; 9 ; 15 ; 0.186337 ; -0.0101387 ; 0.0162304 ; 101.439;
5 ; 9 ; 15 ; 0.217368 ; 0.00929011 ; -0.000823734 ; 101.055;
6 ; 9 ; 15 ; 0.224241 ; 0.00776799 ; -0.0220383 ; 101.884;
7 ; 9 ; 15 ; 0.223141 ; 0.0276961 ; 0.00488188 ; 100.333;
8 ; 9 ; 15 ; 0.209367 ; -0.0172037 ; -0.0182679 ; 100.889;
9 ; 9 ; 15 ; 0.148303 ; -0.00212785 ; 0.0265857 ; 101.451;
10 ; 9 ; 15 ; 0.234005 ; 0.0278363 ; 0.0456826 ; 101.767;
11 ; 9 ; 15 ; 0.183438 ; 0.00338367 ; -0.0171427 ; 101.502;
12 ; 9 ; 15 ; 0.191275 ; -0.0105839 ; 0.00360184 ; 101.919;
13 ; 9 ; 15 ; 0.172395 ; -0.0201186 ; 0.0210487 ; 102.228;
14 ; 9 ; 15 ; 0.206389 ; -0.000776157 ; 0.0317848 ; 100.984;
15 ; 9 ; 15 ; 0.191727 ; -0.0116275 ; 0.0101609 ; 102.526;
16 ; 9 ; 15 ; 0.204138 ; -0.00611038 ; 0.0295765 ; 101.025;
17 ; 9 ; 15 ; 0.184814 ; -0.00159868 ; 0.0254612 ; 100.828;
18 ; 9 ; 15 ; 0.198363 ; 0.0255486 ; -0.0436908 ; 101.536;
19 ; 9 ; 15 ; 0.229681 ; -0.0130435 ; 0.0146493 ; 101.805;
20 ; 9 ; 15 ; 0.167399 ; -0.00446508 ; 0.00405908 ; 100.674;
21 ; 9 ; 15 ; 0.175667 ; 0.0121864 ; 0.0232589 ; 101.515;
4 ; 10 ; 15 ; 0.234604 ; -0.0107228 ; -0.00848629 ; 102.043;
5 ; 10 ; 15 ; 0.216386 ; -0.00278751 ; -0.0202032 ; 102.879;
6 ; 10 ; 15 ; 0.210499 ; 0.0255411 ; 0.0208339 ; 99.5875;
7 ; 10 ; 15 ; 0.216718 ; 0.0349035 ; -0.000876312 ; 102.046;
8 ; 10 ; 15 ; 0.171641 ; -0.0121578 ; -0.00301883 ; 101.608;
9 ; 10 ; 15 ; 0.18218 ; 0.0268684 ; -0.0165449 ; 101.356;
10 ; 10 ; 15 ; 0.233864 ; 0.0243846 ; 0.00089484 ; 102.187;
11 ; 10 ; 15 ; 0.200044 ; 0.0340954 ; -0.000226282 ; 101.137;
12 ; 10 ; 15 ; 0.239186 ; -0.0301804 ; 0.0230036 ; 100.578;
13 ; 10 ; 15 ; 0.167299 ; -0.000539934 ; 0.056625 ; 101.519;
14 ; 10 ; 15 ; 0.189919 ; 0.0194749 ; -0.0210699 ; 100.938;
15 ; 10 ; 15 ; 0.192159 ; -0.001123 ; 0.0373888 ; 100.506;
16 ; 10 ; 15 ; 0.19815 ; -0.00109257 ; -0.0296964 ; 101.658;
17 ; 10 ; 15 ; 0.156284 ; 0.0219538 ; -0.0215274 ; 101.584;
18 ; 10 ; 15 ; 0.202383 ; -0.00998137 ; -0.00652373 ; 100.942;
19 ; 10 ; 15 ; 0.177194 ; -0.00605753 ; -0.00509705 ; 102.017;
20 ; 10 ; 15 ; 0.218576 ; 0.00700719 ; -0.00419759 ; 101.799;
21 ; 10 ; 15 ; 0.223393 ; -0.0129693 ; -0.00767098 ; 101.584;
4 ; 11 ; 15 ; 0.200646 ; 0.0255742 ; -0.0190658 ; 100.549;
5 ; 11 ; 15 ; 0.194372 ; -0.00210474 ; -0.0338254 ; 101.539;
6 ; 11 ; 15 ; 0.181441 ; 0.0119941 ; 0.0149297 ; 100.475;
7 ; 11 ; 15 ; 0.13523 ; 0.00774653 ; 0.0157962 ; 101.327;
8 ; 11 ; 15 ; 0.176432 ; -0.0046557 ; 0.00855765 ; 102;
9 ; 11 ; 15 ; 0.161215 ; -0.00538675 ; 0.0162408 ; 100.371;
10 ; 11 ; 15 ; 0.191761 ; 0.0236972 ; -0.0121609 ; 101.386;
11 ; 11 ; 15 ; 0.18688 ; -0.0412241 ; 0.00283168 ; 101.679;
12 ; 11 ; 15 ; 0.182546 ; -0.0105004 ; 0.000231475 ; 100.948;
13 ; 11 ; 15 ; 0.142543 ; -0.00299666 ; -0.00278667 ; 99.7744;
14 ; 11 ; 15 ; 0.199611 ; 0.01417 ; 0.0140396 ; 102.373;
15 ; 11 ; 15 ; 0.2026 ; -0.00470957 ; -0.0140621 ; 100.588;
16 ; 11 ; 15 ; 0.165311 ; 0.031724 ; 0.0178833 ; 100.901;
17 ; 11 ; 15 ; 0.173494 ; 0.0115245 ; 0.00166129 ; 100.207;
18 ; 11 ; 15 ; 0.171321 ; 0.0138133 ; -0.0203791 ; 101.545;
19 ; 11 ; 15 ; 0.197522 ; -0.0183358 ; -0.0214103 ; 101.184;
20 ; 11 ; 15 ; 0.21562 ; -0.0183419 ; 0.0114128 ; 101.057;
21 ; 11 ; 15 ; 0.216061 ; 0.010223 ; -0.0158161 ; 101.436;
4 ; 12 ; 15 ; 0.189051 ; -0.0108342 ; 0.000963744 ; 101.426;
5 ; 12 ; 15 ; 0.193805 ; -0.0176094 ; 0.029145 ; 100.776;
6 ; 12 ; 15 ; 0.188948 ; 0.00992336 ; -0.00872902 ; 101.187;
7 ; 12 ; 15 ; 0.209935 ; -0.00308476 ; 0.00632455 ; 100.835;
8 ; 12 ; 15 ; 0.189005 ; -0.0125423 ; 0.00717032 ; 102.509;
9 ; 12 ; 15 ; 0.173522 ; 0.00465961 ; -0.00153082 ; 101.575;
10 ; 12 ; 15 ; 0.158431 ; -0.0115971 ; 0.0218471 ; 100.489;
11 ; 12 ; 15 ; 0.20385 ; -0.0057742 ; -0.0192355 ; 100.266;
12 ; 12 ; 15 ; 0.171578 ; 2.80277e-05 ; 0.0145131 ; 101.111;
13 ; 12 ; 15 ; 0.175703 ; 0.00660566 ; 0.000167892 ; 101.755;
14 ; 12 ; 15 ; 0.194792 ; 0.035268 ; -0.0269837 ; 100.912;
15 ; 12 ; 15 ; 0.175623 ; 0.0125334 ; -0.00897186 ; 101.837;
16 ; 12 ; 15 ; 0.150902 ; 0.0146349 ; 0.00572546 ; 102.484;
17 ; 12 ; 15 ; 0.218363 ; -0.0269927 ; -0.018655 ; 101.577;
18 ; 12 ; 15 ; 0.208549 ; -0.0010644 ; -0.0011272 ; 101.401;
19 ; 12 ; 15 ; 0.168652 ; -0.0359744 ; -0.0293175 ; 101.841;
20 ; 12 ; 15 ; 0.177098 ; 0.0181322 ; -0.0167331 ; 102.911;
21 ; 12 ; 15 ; 0.192474 ; 0.00697745 ; -0.00740359 ; 101.668;
4 ; 13 ; 15 ; 0.172302 ; 0.00995734 ; 0.00929325 ; 100.998;
5 ; 13 ; 15 ; 0.224335 ; 0.0160773 ; -0.0165834 ; 101.455;
6 ; 13 ; 15 ; 0.217021 ; -0.012526 ; 0.0276777 ; 101.381;
7 ; 13 ; 15 ; 0.224519 ; 0.010958 ; -0.00873727 ; 102.442;
8 ; 13 ; 15 ; 0.205748 ; 0.0414867 ; 0.00283766 ; 101.986;
9 ; 13 ; 15 ; 0.189609 ; -0.0203133 ; 0.0130699 ; 100.886;
10 ; 13 ; 15 ; 0.173747 ; -0.0159425 ; -0.00319441 ; 100.669;
11 ; 13 ; 15 ; 0.176892 ; -0.0209263 ; -0.00404243 ; 100.843;
12 ; 13 ; 15 ; 0.170154 ; 0.0392987 ; 0.00701036 ; 100.963;
13 ; 13 ; 15 ; 0.182674 ; -0.027721 ; 0.00117973 ; 100.663;
14 ; 13 ; 15 ; 0.191709 ; 0.019868 ; 0.00796184 ; 102.237;
15 ; 13 ; 15 ; 0.172596 ; 0.00244192 ; -0.0348525 ; 100.469;
16 ; 13 ; 15 ; 0.193665 ; -0.0243348 ; -0.0395243 ; 102.413;
17 ; 13 ; 15 ; 0.214435 ; -0.0132545 ; 0.00899115 ; 102.037;
18 ; 13 ; 15 ; 0.14188 ; -0.0219024 ; 0.0228529 ; 100.802;
19 ; 13 ; 15 ; 0.221048 ; 0.0106823 ; 0.0219491 ; 102.154;
20 ; 13 ; 15 ; 0.183068 ; -0.000284769 ; -0.0130019 ; 101.309;
21 ; 13 ; 15 ; 0.198614 ; -0.0281524 ; 0.0416041 ; 101.407;
4 ; 14 ; 15 ; 0.187557 ; -0.0105616 ; 0.00890779 ; 100.754;
5 ; 14 ; 15 ; 0.213485 ; 0.0116265 ; -0.0157242 ; 101.742;
6 ; 14 ; 15 ; 0.195097 ; 0.00221534 ; -0.00927832 ; 100.125;
7 ; 14 ; 15 ; 0.158606 ; 0.0424013 ; -0.00113766 ; 102.526;
8 ; 14 ; 15 ; 0.182762 ; 0.0182329 ; 0.019266 ; 100.544;
9 ; 14 ; 15 ; 0.235572 ; 0.0120281 ; -0.00334547 ; 101.724;
10 ; 14 ; 15 ; 0.200372 ; 0.0122964 ; 0.0325214 ; 102.59;
11 ; 14 ; 15 ; 0.19973 ; 0.0540161 ; -0.0267784 ; 102.057;
12 ; 14 ; 15 ; 0.192621 ; 0.0201898 ; -0.0107027 ; 101.052;
13 ; 14 ; 15 ; 0.218487 ; -0.0231883 ; 0.000608313 ; 101.032;
14 ; 14 ; 15 ; 0.197335 ; -0.0345996 ; -0.0399506 ; 101.097;
15 ; 14 ; 15 ; 0.187877 ; 0.0277282 ; -0.0197051 ; 101.872;
16 ; 14 ; 15 ; 0.190206 ; 0.00348239 ; -0.0244676 ; 100.893;
17 ; 14 ; 15 ; 0.171691 ; -0.0260759 ; -0.0307951 ; 102.218;
18 ; 14 ; 15 ; 0.149684 ; -0.00349811 ; -0.00336471 ; 102.05;
19 ; 14 ; 15 ; 0.2046 ; 0.00786512 ; 0.0147983 ; 101.423;
20 ; 14 ; 15 ; 0.18185 ; -0.00549875 ; -0.0425867 ; 100.919;
21 ; 14 ; 15 ; 0.197795 ; -0.0174479 ; -0.0294393 ; 100.429;
4 ; 15 ; 15 ; 0.17953 ; -0.00392214 ; 0.00119019 ; 99.9463;
5 ; 15 ; 15 ; 0.20757 ; 0.0333903 ; 0.0277736 ; 100.549;
6 ; 15 ; 15 ; 0.181126 ; -0.00750193 ; 0.0206933 ; 101.623;
7 ; 15 ; 15 ; 0.196705 ; -0.00301628 ; 0.0243021 ; 102.593;
8 ; 15 ; 15 ; 0.185167 ; -0.0173673 ; 0.00431853 ; 100.208;
9 ; 15 ; 15 ; 0.162441 ; -0.00168564 ; 0.0153181 ; 102.176;
10 ; 15 ; 15 ; 0.164155 ; 0.00257975 ; 0.0165466 ; 101.213;
11 ; 15 ; 15 ; 0.18816 ; 0.0200361 ; 0.00648668 ; 100.419;
12 ; 15 ; 15 ; 0.233061 ; -0.00934793 ; -0.0147259 ; 101.785;
13 ; 15 ; 15 ; 0.201844 ; -0.0318805 ; 0.0504369 ; 100.46;
14 ; 15 ; 15 ; 0.162418 ; -0.00111563 ; 0.0287051 ; 100.727;
15 ; 15 ; 15 ; 0.196832 ; -0.0233113 ; 0.0336278 ; 101.018;
16 ; 15 ; 15 ; 0.195573 ; -0.0102208 ; -0.0189455 ; 101.623;
17 ; 15 ; 15 ; 0.168911 ; 0.0350526 ; -0.0417235 ; 99.4669;
18 ; 15 ; 15 ; 0.216345 ; -0.00824928 ; -0.0098494 ; 102.01;
19 ; 15 ; 15 ; 0.200815 ; -0.0103665 ; 0.000645112 ; 100.707;
20 ; 15 ; 15 ; 0.145107 ; -0.0265325 ; -0.0252158 ; 101.797;
21 ; 15 ; 15 ; 0.190906 ; -0.000595384 ; -0.0492082 ; 101.64;
4 ; 16 ; 15 ; 0.217264 ; -0.00221522 ; -0.0475611 ; 101.412;
5 ; 16 ; 15 ; 0.202883 ; 0.0235912 ; -0.0243313 ; 101.671;
6 ; 16 ; 15 ; 0.201311 ; -0.0128123 ; -0.00679602 ; 101.192;
7 ; 16 ; 15 ; 0.204316 ; 0.0019617 ; -0.0313966 ; 100.692;
8 ; 16 ; 15 ; 0.181136 ; 0.00269941 ; 0.0052322 ; 100.703;
9 ; 16 ; 15 ; 0.205533 ; 0.0455124 ; 0.00520068 ; 101.291;
10 ; 16 ; 15 ; 0.211523 ; 0.000669605 ; 0.0191147 ; 102.395;
11 ; 16 ; 15 ; 0.20023 ; 0.0147553 ; 0.00492424 ; 101.072;
12 ; 16 ; 15 ; 0.193795 ; 0.011929 ; -0.00299059 ; 102.259;
13 ; 16 ; 15 ; 0.169724 ; -0.0221408 ; 0.0108063 ; 100.182;
14 ; 16 ; 15 ; 0.185887 ; 0.0178937 ; 0.0377541 ; 100.62;
15 ; 16 ; 15 ; 0.185521 ; 0.0246856 ; 0.0106667 ; 102.546;
16 ; 16 ; 15 ; 0.195189 ; 0.000798424 ; 0.00247589 ; 101.253;
17 ; 16 ; 15 ; 0.192808 ; 0.00623703 ; -0.00704578 ; 101.307;
18 ; 16 ; 15 ; 0.190369 ; -0.00639036 ; -0.0167975 ; 101.371;
19 ; 16 ; 15 ; 0.183747 ; 0.0103712 ; -0.0142286 ; 102.101;
20 ; 16 ; 15 ; 0.172048 ; -0.0703294 ; 0.0099944 ; 101.178;
21 ; 16 ; 15 ; 0.196097 ; 0.0126003 ; 0.0132119 ; 100.771;
4 ; 17 ; 15 ; 0.203 ; -0.00461492 ; -0.00491175 ; 101.242;
5 ; 17 ; 15 ; 0.167417 ; 0.00595759 ; 0.0138505 ; 101.978;
6 ; 17 ; 15 ; 0.175031 ; 0.0223099 ; -0.0075456 ; 102.021;
7 ; 17 ; 15 ; 0.158151 ; -0.00434793 ; 0.0331273 ; 99.8144;
8 ; 17 ; 15 ; 0.181798 ; 0.0109203 ; -0.00984885 ; 100.612;
9 ; 17 ; 15 ; 0.182683 ; -0.028131 ; 0.0150326 ; 100.766;
10 ; 17 ; 15 ; 0.191822 ; 0.0350638 ; 0.0231787 ; 101.436;
11 ; 17 ; 15 ; 0.219467 ; 0.00898166 ; -0.0210673 ; 100.836;
12 ; 17 ; 15 ; 0.214644 ; 0.0180671 ; -0.0280552 ; 102.041;
13 ; 17 ; 15 ; 0.195596 ; -0.00547549 ; 0.0197062 ; 101.86;
14 ; 17 ; 15 ; 0.18354 ; 0.0320995 ; 0.0170278 ; 101.579;
15 ; 17 ; 15 ; 0.175728 ; 0.00387599 ; 0.00599258 ; 101.971;
16 ; 17 ; 15 ; 0.205829 ; -0.0192212 ; 0.0136435 ; 101.77;
17 ; 17 ; 15 ; 0.201878 ; 0.0136578 ; -0.0117789 ; 101.459;
18 ; 17 ; 15 ; 0.159718 ; 0.0401068 ; -0.0357931 ; 101.404;
19 ; 17 ; 15 ; 0.212285 ; -0.0273051 ; -0.0236196 ; 101.534;
20 ; 17 ; 15 ; 0.17529 ; 0.00542227 ; -0.0245117 ; 101.166;
21 ; 17 ; 15 ; 0.237073 ; 0.0467039 ; 0.0320481 ; 101.586;
4 ; 18 ; 15 ; 0.186792 ; -0.0113696 ; 0.02937 ; 100.916;
5 ; 18 ; 15 ; 0.204226 ; 0.0113686 ; 0.0192769 ; 102.011;
6 ; 18 ; 15 ; 0.193097 ; 0.0299568 ; 0.0248891 ; 101.27;
7 ; 18 ; 15 ; 0.187127 ; 0.0047914 ; 0.019666 ; 100.906;
8 ; 18 ; 15 ; 0.172059 ; -0.0518423 ; 0.00178601 ; 101.824;
9 ; 18 ; 15 ; 0.164077 ; 0.0170329 ; 0.034082 ; 102.302;
10 ; 18 ; 15 ; 0.172875 ; -0.00982075 ; -0.0126815 ; 101.147;
11 ; 18 ; 15 ; 0.169875 ; -0.0279899 ; -0.00587099 ; 101.469;
12 ; 18 ; 15 ; 0.19563 ; -0.0157048 ; -0.0242928 ; 100.993;
13 ; 18 ; 15 ; 0.180974 ; 0.0176906 ; -0.0219783 ; 101.749;
14 ; 18 ; 15 ; 0.202052 ; -0.00075468 ; -0.00695843 ; 101.065;
15 ; 18 ; 15 ; 0.191556 ; 0.000620793 ; -0.0177498 ; 102.124;
16 ; 18 ; 15 ; 0.183505 ; 0.00994799 ; -0.0329032 ; 101.184;
17 ; 18 ; 15 ; 0.189829 ; 0.00579831 ; 0.052824 ; 101.317;
18 ; 18 ; 15 ; 0.183162 ; 0.0183705 ; -0.00566968 ; 99.8531;
19 ; 18 ; 15 ; 0.189483 ; 0.00166552 ; 0.0113377 ; 101.934;
20 ; 18 ; 15 ; 0.172765 ; -0.000827729 ; -0.0180956 ; 100.301;
21 ; 18 ; 15 ; 0.219352 ; 0.0274921 ; 0.0187478 ; 101.877;
4 ; 19 ; 15 ; 0.229721 ; -0.0029467 ; 0.027802 ; 101.034;
5 ; 19 ; 15 ; 0.199694 ; -0.00597959 ; 0.00576148 ; 100.551;
6 ; 19 ; 15 ; 0.16167 ; -0.0163884 ; 0.0387655 ; 101.514;
7 ; 19 ; 15 ; 0.184512 ; -0.00869664 ; 0.0150926 ; 100.539;
8 ; 19 ; 15 ; 0.179391 ; 0.0197383 ; 0.0119916 ; 100.987;
9 ; 19 ; 15 ; 0.20375 ; -0.0104727 ; 0.00606677 ; 100.797;
10 ; 19 ; 15 ; 0.194698 ; 0.0293004 ; -0.0137401 ; 100.156;
11 ; 19 ; 15 ; 0.196435 ; -0.00400035 ; -0.0145535 ; 101.796;
12 ; 19 ; 15 ; 0.180039 ; -0.00772373 ; 0.032989 ; 100.422;
13 ; 19 ; 15 ; 0.190097 ; 0.0211367 ; 0.0119629 ; 100.996;
14 ; 19 ; 15 ; 0.183312 ; 0.00855698 ; -0.0173318 ; 101.907;
15 ; 19 ; 15 ; 0.20596 ; 0.0209502 ; 0.0137503 ; 101.789;
16 ; 19 ; 15 ; 0.179987 ; 0.00534796 ; -0.0128301 ; 103.374;
17 ; 19 ; 15 ; 0.195712 ; 0.00846474 ; 0.00704839 ; 101.45;
18 ; 19 ; 15 ; 0.195047 ; 0.0035107 ; -0.027561 ; 101.677;
19 ; 19 ; 15 ; 0.2107 ; -0.0305703 ; 0.0141922 ; 101.726;
20 ; 19 ; 15 ; 0.213405 ; 0.00590551 ; 0.000169555 ; 101.524;
21 ; 19 ; 15 ; 0.193757 ; -0.00745541 ; 0.000922304 ; 101.506;
4 ; 20 ; 15 ; 0.185831 ; 0.00414432 ; 0.0280485 ; 100.187;
5 ; 20 ; 15 ; 0.189024 ; 0.00515469 ; -0.0304959 ; 101.731;
6 ; 20 ; 15 ; 0.158699 ; -0.0380675 ; 0.00949801 ; 102.565;
7 ; 20 ; 15 ; 0.197797 ; -0.00684124 ; -0.00440553 ; 100.929;
8 ; 20 ; 15 ; 0.182677 ; 0.0242704 ; 0.015322 ; 102.506;
9 ; 20 ; 15 ; 0.207518 ; -0.0105435 ; -0.00103802 ; 101.508;
10 ; 20 ; 15 ; 0.191859 ; 0.00362006 ; 0.00360785 ; 100.517;
11 ; 20 ; 15 ; 0.192369 ; -0.0142012 ; 0.0227541 ; 100.085;
12 ; 20 ; 15 ; 0.203864 ; -0.0250752 ; 0.0150643 ; 100.248;
13 ; 20 ; 15 ; 0.222378 ; -0.00637585 ; -0.0142943 ; 101.393;
14 ; 20 ; 15 ; 0.167272 ; 0.000745521 ; -0.0331335 ; 101.338;
15 ; 20 ; 15 ; 0.200945 ; -0.0243907 ; -0.0129753 ; 101.879;
16 ; 20 ; 15 ; 0.211873 ; -0.0372918 ; -0.0310012 ; 101.77;
17 ; 20 ; 15 ; 0.195845 ; -0.00583735 ; -0.0228562 ; 100.634;
18 ; 20 ; 15 ; 0.165777 ; 0.0310454 ; 0.0282579 ; 102.178;
19 ; 20 ; 15 ; 0.22099 ; -0.0100412 ; -0.028479 ; 100.952;
20 ; 20 ; 15 ; 0.191856 ; -0.0148658 ; -0.0342576 ; 101.201;
21 ; 20 ; 15 ; 0.219853 ; 0.00894436 ; 0.0189822 ; 101.374;
4 ; 21 ; 15 ; 0.191379 ; 0.00474895 ; -0.0156502 ; 100.481;
5 ; 21 ; 15 ; 0.186805 ; -0.00194756 ; 0.0200944 ; 100.68;
6 ; 21 ; 15 ; 0.183821 ; -0.0146711 ; -0.00694529 ; 100.725;
7 ; 21 ; 15 ; 0.13226 ; -0.017708 ; 0.0227914 ; 101.418;
8 ; 21 ; 15 ; 0.1799 ; -0.0256773 ; -0.00480161 ; 101.039;
9 ; 21 ; 15 ; 0.183707 ; 0.00890345 ; 0.0120444 ; 99.0387;
10 ; 21 ; 15 ; 0.160676 ; -0.0166799 ; 0.00636069 ; 101.432;
11 ; 21 ; 15 ; 0.220434 ; -0.0132306 ; -0.0125385 ; 99.2844;
12 ; 21 ; 15 ; 0.185968 ; 0.0344714 ; -0.00465398 ; 102.278;
13 ; 21 ; 15 ; 0.189838 ; -0.00271982 ; 0.019519 ; 100.839;
14 ; 21 ; 15 ; 0.166729 ; -0.0104194 ; -0.00799076 ; 102.292;
15 ; 21 ; 15 ; 0.192121 ; -0.0185479 ; 0.0120917 ; 101.463;
16 ; 21 ; 15 ; 0.202993 ; -0.0163005 ; 0.00818664 ; 102.631;
17 ; 21 ; 15 ; 0.198195 ; -0.00139562 ; -0.0629189 ; 101.773;
18 ; 21 ; 15 ; 0.197863 ; -0.0420278 ; 0.0448026 ; 100.675;
19 ; 21 ; 15 ; 0.210864 ; 0.0226126 ; 0.0018766 ; 102.558;
20 ; 21 ; 15 ; 0.178958 ; -0.0319745 ; 0.00273777 ; 101.641;
21 ; 21 ; 15 ; 0.193552 ; 0.00570849 ; -0.0381274 ; 101.377;
4 ; 4 ; 16 ; 0.156864 ; -0.028367 ; -0.022431 ; 101.993;
5 ; 4 ; 16 ; 0.150355 ; 0.0245276 ; -0.00378857 ; 101.443;
6 ; 4 ; 16 ; 0.182048 ; 0.00713923 ; 0.000544042 ; 101.697;
7 ; 4 ; 16 ; 0.13321 ; 0.00214726 ; -0.00543483 ; 102.29;
8 ; 4 ; 16 ; 0.123688 ; -0.00674945 ; 0.0155023 ; 101.877;
9 ; 4 ; 16 ; 0.128938 ; 0.0133211 ; -0.00990467 ; 103.113;
10 ; 4 ; 16 ; 0.188091 ; -0.0279537 ; 0.0335973 ; 101.191;
11 ; 4 ; 16 ; 0.14933 ; 0.0346225 ; -0.0147865 ; 101.736;
12 ; 4 ; 16 ; 0.15728 ; 0.0130672 ; -0.0401621 ; 100.629;
13 ; 4 ; 16 ; 0.167071 ; 0.0169876 ; -0.0102135 ; 102.239;
14 ; 4 ; 16 ; 0.155096 ; -0.00584199 ; -0.00513448 ; 101.77;
15 ; 4 ; 16 ; 0.157731 ; -0.0157055 ; -0.0139154 ; 102.282;
16 ; 4 ; 16 ; 0.13862 ; -0.0393706 ; -0.0162159 ; 102.072;
17 ; 4 ; 16 ; 0.183132 ; 0.00668661 ; -0.066958 ; 100.931;
18 ; 4 ; 16 ; 0.145678 ; 0.00809456 ; -0.0201095 ; 101.676;
19 ; 4 ; 16 ; 0.166832 ; 0.00407266 ; 0.0142111 ; 100.923;
20 ; 4 ; 16 ; 0.127726 ; 0.00679823 ; -0.00438067 ; 101.331;
21 ; 4 ; 16 ; 0.170278 ; 0.00310298 ; 0.00599752 ; 101.723;
4 ; 5 ; 16 ; 0.172638 ; 0.0116875 ; -0.0279026 ; 101.684;
5 ; 5 ; 16 ; 0.197882 ; 0.00560808 ; 0.0135655 ; 100.858;
6 ; 5 ; 16 ; 0.147159 ; 0.0103288 ; 0.00565412 ; 101.34;
7 ; 5 ; 16 ; 0.13644 ; 0.0139414 ; -0.00805558 ; 99.4419;
8 ; 5 ; 16 ; 0.172322 ; 0.0139434 ; -0.00338887 ; 100.714;
9 ; 5 ; 16 ; 0.160739 ; -0.0346209 ; 0.0120374 ; 100.803;
10 ; 5 ; 16 ; 0.182198 ; 0.00269097 ; -0.00779845 ; 101.804;
11 ; 5 ; 16 ; 0.165788 ; -0.00184613 ; -0.0268079 ; 101.157;
12 ; 5 ; 16 ; 0.156581 ; 0.0180998 ; -0.0138021 ; 102.155;
13 ; 5 ; 16 ; 0.169435 ; 0.021415 ; 0.0099448 ; 101.374;
14 ; 5 ; 16 ; 0.159543 ; -0.0177286 ; 0.0200452 ; 101.041;
15 ; 5 ; 16 ; 0.140259 ; -0.000593199 ; -0.0142571 ; 101.711;
16 ; 5 ; 16 ; 0.206582 ; -0.0239981 ; -0.00968998 ; 101.447;
17 ; 5 ; 16 ; 0.121776 ; 0.0114101 ; -0.013034 ; 100.631;
18 ; 5 ; 16 ; 0.144701 ; -0.0402149 ; -0.00207925 ; 102.144;
19 ; 5 ; 16 ; 0.151592 ; 0.0125453 ; 0.00462087 ; 102.014;
20 ; 5 ; 16 ; 0.173027 ; 0.0215068 ; -0.0172136 ; 100.831;
21 ; 5 ; 16 ; 0.195914 ; -0.00291673 ; -0.0198506 ; 101.899;
4 ; 6 ; 16 ; 0.127198 ; -0.00136276 ; 0.0037623 ; 101.204;
5 ; 6 ; 16 ; 0.127088 ; -0.0236902 ; 0.0170874 ; 101.802;
6 ; 6 ; 16 ; 0.172989 ; 0.0252857 ; 0.0266376 ; 101.871;
7 ; 6 ; 16 ; 0.136724 ; -0.0113844 ; -0.0251284 ; 102.867;
8 ; 6 ; 16 ; 0.154236 ; 0.0231515 ; -0.0127223 ; 100.291;
9 ; 6 ; 16 ; 0.172947 ; 0.00554921 ; 0.0250718 ; 102.311;
10 ; 6 ; 16 ; 0.130676 ; 0.0107487 ; -0.000697585 ; 100.509;
11 ; 6 ; 16 ; 0.17836 ; 0.0505797 ; 0.0330382 ; 100.728;
12 ; 6 ; 16 ; 0.186204 ; 0.0235012 ; 0.00222229 ; 100.661;
13 ; 6 ; 16 ; 0.167245 ; 0.0239057 ; 0.0346331 ; 100.87;
14 ; 6 ; 16 ; 0.173426 ; 0.00287892 ; 0.0179979 ; 101.518;
15 ; 6 ; 16 ; 0.151907 ; -0.00838226 ; 0.0282039 ; 101.759;
16 ; 6 ; 16 ; 0.122432 ; -0.0271046 ; -0.0692752 ; 102.036;
17 ; 6 ; 16 ; 0.145022 ; 0.000198382 ; -0.00220225 ; 101.401;
18 ; 6 ; 16 ; 0.10241 ; 0.0124692 ; 0.0219034 ; 101.681;
19 ; 6 ; 16 ; 0.131081 ; -0.00798184 ; -0.00958666 ; 101.504;
20 ; 6 ; 16 ; 0.154469 ; -0.0547352 ; 0.0257169 ; 102.404;
21 ; 6 ; 16 ; 0.135892 ; 0.0160787 ; -0.0286995 ; 102.28;
4 ; 7 ; 16 ; 0.133729 ; 0.0455024 ; 0.00435269 ; 101.918;
5 ; 7 ; 16 ; 0.159894 ; -0.0199025 ; -0.0169739 ; 101.656;
6 ; 7 ; 16 ; 0.156749 ; 0.0115559 ; 0.0142328 ; 101.464;
7 ; 7 ; 16 ; 0.145015 ; -0.0463093 ; -0.0370457 ; 101.298;
8 ; 7 ; 16 ; 0.167231 ; -0.033544 ; -0.0223363 ; 101.775;
9 ; 7 ; 16 ; 0.137025 ; 0.00630943 ; 0.0269669 ; 101.181;
10 ; 7 ; 16 ; 0.19721 ; 0.0197984 ; 0.0236455 ; 101.966;
11 ; 7 ; 16 ; 0.144481 ; 0.00600479 ; 0.0170639 ; 100.912;
12 ; 7 ; 16 ; 0.154899 ; -0.0166951 ; -0.00420205 ; 100.397;
13 ; 7 ; 16 ; 0.140118 ; -0.0263366 ; 0.00471349 ; 102.049;
14 ; 7 ; 16 ; 0.134515 ; -5.50659e-05 ; 0.00446594 ; 101.321;
15 ; 7 ; 16 ; 0.137077 ; -0.00425332 ; -0.0125305 ; 101.935;
16 ; 7 ; 16 ; 0.147849 ; 0.0211792 ; -0.0128482 ; 102.209;
17 ; 7 ; 16 ; 0.147165 ; -0.00173205 ; 0.018557 ; 101.362;
18 ; 7 ; 16 ; 0.158741 ; -0.00145019 ; 0.0336609 ; 100.786;
19 ; 7 ; 16 ; 0.167995 ; 0.0256526 ; -0.0147975 ; 101.034;
20 ; 7 ; 16 ; 0.18302 ; 0.0146199 ; -0.000475065 ; 101.442;
21 ; 7 ; 16 ; 0.131765 ; -0.0245617 ; 0.0077578 ; 101.823;
4 ; 8 ; 16 ; 0.151189 ; -0.0105469 ; 0.0385093 ; 100.711;
5 ; 8 ; 16 ; 0.151024 ; 0.000939139 ; 0.027465 ; 102.721;
6 ; 8 ; 16 ; 0.159619 ; 0.00393553 ; 0.00522855 ; 100.999;
7 ; 8 ; 16 ; 0.138526 ; 0.00922723 ; 0.0382094 ; 101.962;
8 ; 8 ; 16 ; 0.16531 ; 0.00627448 ; 0.0188547 ; 100.659;
9 ; 8 ; 16 ; 0.174692 ; 0.00921573 ; 0.0215166 ; 101.355;
10 ; 8 ; 16 ; 0.186107 ; -0.000793968 ; 0.0164661 ; 101.883;
11 ; 8 ; 16 ; 0.167817 ; 0.00923939 ; 0.0112623 ; 101.57;
12 ; 8 ; 16 ; 0.167089 ; 0.0229206 ; -0.00901525 ; 100.292;
13 ; 8 ; 16 ; 0.174089 ; -0.00591027 ; -0.00807197 ; 101.701;
14 ; 8 ; 16 ; 0.165569 ; 0.0306425 ; 0.0134181 ; 101.08;
15 ; 8 ; 16 ; 0.168046 ; 0.00584161 ; 0.00397803 ; 101.086;
16 ; 8 ; 16 ; 0.150107 ; -0.00334835 ; -0.029838 ; 102.041;
17 ; 8 ; 16 ; 0.17971 ; -0.0212519 ; -0.0251522 ; 100.333;
18 ; 8 ; 16 ; 0.134214 ; 0.0325595 ; -0.0280073 ; 102.401;
19 ; 8 ; 16 ; 0.158086 ; 0.0362691 ; -0.0311852 ; 102.218;
20 ; 8 ; 16 ; 0.142441 ; -0.0200775 ; -0.00350059 ; 102.42;
21 ; 8 ; 16 ; 0.158063 ; -0.0344004 ; -0.00297406 ; 101.114;
4 ; 9 ; 16 ; 0.185494 ; 0.0114169 ; 0.0235506 ; 101.066;
5 ; 9 ; 16 ; 0.1824 ; -0.0258339 ; 0.0196855 ; 101.663;
6 ; 9 ; 16 ; 0.171395 ; -0.0256033 ; 0.00365081 ; 101.274;
7 ; 9 ; 16 ; 0.168839 ; -0.00135075 ; -0.0158713 ; 101.08;
8 ; 9 ; 16 ; 0.185053 ; 0.0130771 ; 0.0171335 ; 100.737;
9 ; 9 ; 16 ; 0.171568 ; 0.0162172 ; 0.0212499 ; 101.718;
10 ; 9 ; 16 ; 0.166325 ; -0.0112133 ; 0.0174434 ; 99.28;
11 ; 9 ; 16 ; 0.129292 ; -0.00327785 ; -0.00168534 ; 102.026;
12 ; 9 ; 16 ; 0.15515 ; 0.0149922 ; 0.0316826 ; 102.378;
13 ; 9 ; 16 ; 0.164559 ; -0.01172 ; 0.00109976 ; 102.297;
14 ; 9 ; 16 ; 0.164896 ; 0.0406044 ; 0.019124 ; 101.764;
15 ; 9 ; 16 ; 0.146809 ; 0.0118826 ; -0.0028832 ; 101.359;
16 ; 9 ; 16 ; 0.177205 ; -0.00487635 ; -0.0393858 ; 101.199;
17 ; 9 ; 16 ; 0.170371 ; -0.0337459 ; 0.00569445 ; 101.139;
18 ; 9 ; 16 ; 0.15285 ; 0.0264921 ; 0.0095988 ; 101.831;
19 ; 9 ; 16 ; 0.179645 ; -0.0180407 ; -0.0288057 ; 100.972;
20 ; 9 ; 16 ; 0.164574 ; -0.0375309 ; -0.0105239 ; 100.925;
21 ; 9 ; 16 ; 0.155578 ; -0.0312644 ; -0.00235094 ; 101.719;
4 ; 10 ; 16 ; 0.158427 ; -0.013498 ; -0.0236948 ; 101.926;
5 ; 10 ; 16 ; 0.173412 ; 0.0120507 ; 0.0420169 ; 101.723;
6 ; 10 ; 16 ; 0.162096 ; -0.00804673 ; 0.0195453 ; 101.268;
7 ; 10 ; 16 ; 0.138108 ; 0.00717203 ; -0.00359412 ; 101.013;
8 ; 10 ; 16 ; 0.159691 ; -0.0268083 ; 0.0469938 ; 101.312;
9 ; 10 ; 16 ; 0.141698 ; 0.00233972 ; -0.0130526 ; 101.313;
10 ; 10 ; 16 ; 0.176093 ; -0.0109381 ; 0.00539846 ; 100.961;
11 ; 10 ; 16 ; 0.149745 ; 0.0228624 ; -0.00372029 ; 101.394;
12 ; 10 ; 16 ; 0.14928 ; -0.00782644 ; 0.0197053 ; 102.004;
13 ; 10 ; 16 ; 0.172002 ; -0.00983329 ; 0.039289 ; 101.922;
14 ; 10 ; 16 ; 0.140185 ; -0.00981655 ; -0.00177999 ; 101.236;
15 ; 10 ; 16 ; 0.138591 ; 0.00240635 ; 0.0360842 ; 100.743;
16 ; 10 ; 16 ; 0.107957 ; -0.0104751 ; 0.00213561 ; 101.326;
17 ; 10 ; 16 ; 0.194143 ; -0.0112491 ; -0.00939842 ; 102.236;
18 ; 10 ; 16 ; 0.16985 ; 0.00960786 ; -0.010053 ; 102.736;
19 ; 10 ; 16 ; 0.166373 ; 0.00401924 ; -0.00375396 ; 102.183;
20 ; 10 ; 16 ; 0.163012 ; -0.0503524 ; 0.00211579 ; 101.529;
21 ; 10 ; 16 ; 0.127624 ; -0.0170238 ; -0.0741049 ; 100.891;
4 ; 11 ; 16 ; 0.176524 ; 0.00130982 ; -0.0339269 ; 101.364;
5 ; 11 ; 16 ; 0.229317 ; 0.00113366 ; 0.0087843 ; 101.458;
6 ; 11 ; 16 ; 0.190244 ; 0.00185077 ; 0.00227568 ; 101.926;
7 ; 11 ; 16 ; 0.147891 ; 0.00615696 ; 0.00501302 ; 102.499;
8 ; 11 ; 16 ; 0.137605 ; -0.0137572 ; -0.0137454 ; 101.486;
9 ; 11 ; 16 ; 0.15785 ; 0.00205129 ; -0.00426309 ; 102.612;
10 ; 11 ; 16 ; 0.197332 ; -0.0276149 ; 0.0333093 ; 102.205;
11 ; 11 ; 16 ; 0.165832 ; -0.0118438 ; 0.0132164 ; 101.858;
12 ; 11 ; 16 ; 0.153885 ; 0.0542639 ; 0.00183793 ; 100.438;
13 ; 11 ; 16 ; 0.146155 ; 0.0289569 ; -0.00294108 ; 100.847;
14 ; 11 ; 16 ; 0.14387 ; 0.000390027 ; -0.00204743 ; 100.088;
15 ; 11 ; 16 ; 0.155417 ; 0.00819155 ; -0.0102782 ; 100.176;
16 ; 11 ; 16 ; 0.135735 ; 0.0111716 ; 0.0274154 ; 101.266;
17 ; 11 ; 16 ; 0.145133 ; 0.00231971 ; 0.00491891 ; 101.937;
18 ; 11 ; 16 ; 0.186499 ; 0.00553962 ; 0.0113549 ; 100.728;
19 ; 11 ; 16 ; 0.128655 ; -0.0306163 ; -0.0109108 ; 100.336;
20 ; 11 ; 16 ; 0.132911 ; 0.0117263 ; -0.0243777 ; 100.791;
21 ; 11 ; 16 ; 0.164926 ; 0.0272574 ; -0.00616486 ; 100.902;
4 ; 12 ; 16 ; 0.163149 ; 0.0170452 ; 0.0199268 ; 102.018;
5 ; 12 ; 16 ; 0.16438 ; -0.00908131 ; -0.00409158 ; 100.636;
6 ; 12 ; 16 ; 0.121928 ; 0.0101207 ; 0.03289 ; 102.573;
7 ; 12 ; 16 ; 0.139108 ; 0.018512 ; -0.0131024 ; 99.7887;
8 ; 12 ; 16 ; 0.182239 ; 0.0393302 ; -0.00579736 ; 100.964;
9 ; 12 ; 16 ; 0.168701 ; -0.0123633 ; 0.0182832 ; 100.403;
10 ; 12 ; 16 ; 0.13163 ; -0.0163911 ; -0.0212807 ; 101.566;
11 ; 12 ; 16 ; 0.170511 ; -0.030141 ; -0.00543919 ; 100.436;
12 ; 12 ; 16 ; 0.116823 ; -0.00779223 ; 0.0026125 ; 101.771;
13 ; 12 ; 16 ; 0.160486 ; 0.00555161 ; 0.00590883 ; 102.433;
14 ; 12 ; 16 ; 0.155304 ; -0.00629806 ; 0.0129393 ; 101.094;
15 ; 12 ; 16 ; 0.132205 ; -0.00101298 ; -0.0186111 ; 101.197;
16 ; 12 ; 16 ; 0.136481 ; -0.0189158 ; -0.00731726 ; 100.626;
17 ; 12 ; 16 ; 0.149848 ; -0.0148066 ; 0.0241963 ; 101.853;
18 ; 12 ; 16 ; 0.167404 ; -0.00690784 ; -0.017098 ; 101.813;
19 ; 12 ; 16 ; 0.141381 ; -0.0173755 ; -0.0300582 ; 100.729;
20 ; 12 ; 16 ; 0.167288 ; 0.020825 ; -0.0405619 ; 101.221;
21 ; 12 ; 16 ; 0.203921 ; 0.00515295 ; -0.0127883 ; 102.099;
4 ; 13 ; 16 ; 0.147655 ; -0.0317701 ; 0.0220802 ; 101.914;
5 ; 13 ; 16 ; 0.148302 ; 0.0109649 ; -0.0280605 ; 103.046;
6 ; 13 ; 16 ; 0.162025 ; 0.0101012 ; 0.0382668 ; 100.322;
7 ; 13 ; 16 ; 0.160774 ; -0.0011587 ; -0.0189403 ; 101.013;
8 ; 13 ; 16 ; 0.179561 ; 0.00493376 ; 0.00694239 ; 101.312;
9 ; 13 ; 16 ; 0.166782 ; -0.0116438 ; 0.00300804 ; 101.367;
10 ; 13 ; 16 ; 0.149387 ; 0.0174565 ; -0.0153072 ; 102.956;
11 ; 13 ; 16 ; 0.145905 ; 0.0025833 ; -0.00756029 ; 102.281;
12 ; 13 ; 16 ; 0.150599 ; 0.0127248 ; -0.00666607 ; 101.029;
13 ; 13 ; 16 ; 0.13788 ; -0.0433052 ; 0.00074909 ; 100.678;
14 ; 13 ; 16 ; 0.147775 ; -0.0462884 ; -0.00880683 ; 102.411;
15 ; 13 ; 16 ; 0.123197 ; 0.0192496 ; -0.0309173 ; 102.153;
16 ; 13 ; 16 ; 0.106855 ; 0.0179976 ; -0.0482255 ; 100.625;
17 ; 13 ; 16 ; 0.0913976 ; -0.0204373 ; -5.11916e-05 ; 101.594;
18 ; 13 ; 16 ; 0.16445 ; 0.0290151 ; -0.0164151 ; 102.079;
19 ; 13 ; 16 ; 0.165721 ; 0.00551319 ; -0.0387272 ; 100.949;
20 ; 13 ; 16 ; 0.141902 ; 0.00868174 ; -0.03418 ; 102.421;
21 ; 13 ; 16 ; 0.152465 ; -0.0130157 ; 0.00963689 ; 100.986;
4 ; 14 ; 16 ; 0.154465 ; -0.022639 ; 0.0123581 ; 101.143;
5 ; 14 ; 16 ; 0.143899 ; 0.00257718 ; 0.0218686 ; 100.916;
6 ; 14 ; 16 ; 0.144781 ; -0.0138303 ; -0.00358713 ; 102.174;
7 ; 14 ; 16 ; 0.159731 ; -0.00692269 ; -0.0453286 ; 101.359;
8 ; 14 ; 16 ; 0.15336 ; 0.0185058 ; 0.0410187 ; 100.495;
9 ; 14 ; 16 ; 0.155906 ; 0.00936988 ; 0.00710753 ; 101.668;
10 ; 14 ; 16 ; 0.167088 ; -0.00443355 ; 0.022571 ; 101.652;
11 ; 14 ; 16 ; 0.176343 ; -0.00845655 ; 0.0121541 ; 101.543;
12 ; 14 ; 16 ; 0.158793 ; -0.0135479 ; -0.0322724 ; 101.002;
13 ; 14 ; 16 ; 0.150393 ; -0.00384542 ; 0.00735931 ; 102.169;
14 ; 14 ; 16 ; 0.147085 ; 0.0175076 ; 0.000165535 ; 101.399;
15 ; 14 ; 16 ; 0.13985 ; -0.00142456 ; 0.00284591 ; 100.189;
16 ; 14 ; 16 ; 0.126679 ; 0.00477542 ; -0.0357074 ; 101.965;
17 ; 14 ; 16 ; 0.111944 ; -0.0480904 ; -0.0193888 ; 100.502;
18 ; 14 ; 16 ; 0.134972 ; 0.00563378 ; -0.00759911 ; 100.711;
19 ; 14 ; 16 ; 0.180364 ; -0.000705207 ; -0.0417294 ; 102.391;
20 ; 14 ; 16 ; 0.120935 ; 0.004115 ; -0.0137612 ; 101.156;
21 ; 14 ; 16 ; 0.173057 ; 0.0487164 ; -0.00794379 ; 101.117;
4 ; 15 ; 16 ; 0.162196 ; 0.00596747 ; 0.0305967 ; 101.704;
5 ; 15 ; 16 ; 0.151083 ; 0.0326606 ; 0.00896706 ; 101.435;
6 ; 15 ; 16 ; 0.171016 ; 0.0153309 ; 0.00775927 ; 101.568;
7 ; 15 ; 16 ; 0.180046 ; 0.0146167 ; 0.00990372 ; 101.003;
8 ; 15 ; 16 ; 0.168989 ; 0.0027503 ; 0.0567017 ; 101.052;
9 ; 15 ; 16 ; 0.144784 ; 0.0369554 ; -0.0410507 ; 101.263;
10 ; 15 ; 16 ; 0.144451 ; 0.00440613 ; 0.00998173 ; 101.544;
11 ; 15 ; 16 ; 0.128667 ; 0.0514108 ; -0.0110522 ; 101.675;
12 ; 15 ; 16 ; 0.150722 ; -0.0107329 ; -0.0291131 ; 101.448;
13 ; 15 ; 16 ; 0.156445 ; -0.0228254 ; 0.00471712 ; 100.718;
14 ; 15 ; 16 ; 0.2104 ; 0.0150859 ; -0.0209453 ; 102.509;
15 ; 15 ; 16 ; 0.166799 ; 0.0546022 ; 0.00629817 ; 101.539;
16 ; 15 ; 16 ; 0.179129 ; 0.0178594 ; -0.000668186 ; 101.582;
17 ; 15 ; 16 ; 0.15283 ; -0.00806553 ; -0.0028059 ; 101.269;
18 ; 15 ; 16 ; 0.177125 ; 0.0492397 ; -0.0304086 ; 100.809;
19 ; 15 ; 16 ; 0.171432 ; -0.000421215 ; -0.0631016 ; 101.795;
20 ; 15 ; 16 ; 0.161177 ; -0.0244289 ; -0.000632503 ; 101.527;
21 ; 15 ; 16 ; 0.161466 ; 0.023632 ; -0.0302801 ; 101.606;
4 ; 16 ; 16 ; 0.151751 ; -0.010502 ; 0.0196975 ; 103.004;
5 ; 16 ; 16 ; 0.176885 ; 0.0262185 ; 0.0307292 ; 102.179;
6 ; 16 ; 16 ; 0.15843 ; -0.0223146 ; 0.018006 ; 101.535;
7 ; 16 ; 16 ; 0.179593 ; 0.0253692 ; 0.0111057 ; 100.184;
8 ; 16 ; 16 ; 0.18766 ; 0.025118 ; 0.0243242 ; 101.046;
9 ; 16 ; 16 ; 0.190513 ; 0.0379853 ; 0.0208351 ; 101.196;
10 ; 16 ; 16 ; 0.131088 ; -0.0134532 ; 0.0389496 ; 101.402;
11 ; 16 ; 16 ; 0.131468 ; -0.0089964 ; -0.0172882 ; 101.266;
12 ; 16 ; 16 ; 0.165858 ; 0.0466484 ; -0.00262892 ; 101.786;
13 ; 16 ; 16 ; 0.149788 ; -0.0103523 ; 0.0247557 ; 100.986;
14 ; 16 ; 16 ; 0.137471 ; 0.0246519 ; -0.00461691 ; 102.694;
15 ; 16 ; 16 ; 0.171882 ; -0.0182252 ; -0.0153495 ; 101.511;
16 ; 16 ; 16 ; 0.148096 ; 0.0178679 ; 0.0165666 ; 101.14;
17 ; 16 ; 16 ; 0.115281 ; -0.00259151 ; 0.0182898 ; 101.936;
18 ; 16 ; 16 ; 0.150433 ; -0.00431556 ; -0.0377416 ; 100.866;
19 ; 16 ; 16 ; 0.15684 ; 0.00948349 ; -0.0500586 ; 102.142;
20 ; 16 ; 16 ; 0.158175 ; -0.0140538 ; -0.00684782 ; 101.604;
21 ; 16 ; 16 ; 0.161769 ; -0.0037479 ; 0.00258895 ; 100.664;
4 ; 17 ; 16 ; 0.147425 ; -0.0045158 ; -0.0333187 ; 99.95;
5 ; 17 ; 16 ; 0.139173 ; 0.0140253 ; -0.00871926 ; 100.867;
6 ; 17 ; 16 ; 0.137153 ; 0.0335661 ; -0.00379116 ; 102.357;
7 ; 17 ; 16 ; 0.153225 ; 0.0111686 ; 0.0128306 ; 102.809;
8 ; 17 ; 16 ; 0.126228 ; 0.00648602 ; -0.00674007 ; 101.095;
9 ; 17 ; 16 ; 0.173615 ; 0.00419606 ; 0.00180813 ; 102.109;
10 ; 17 ; 16 ; 0.145442 ; -0.0113518 ; 0.0225895 ; 100.27;
11 ; 17 ; 16 ; 0.14748 ; -0.0303835 ; 0.00475656 ; 100.932;
12 ; 17 ; 16 ; 0.127022 ; -0.0237221 ; -0.0080604 ; 100.376;
13 ; 17 ; 16 ; 0.155663 ; -0.00681358 ; 0.0837195 ; 100.696;
14 ; 17 ; 16 ; 0.165338 ; 0.0161959 ; 0.00505472 ; 101.589;
15 ; 17 ; 16 ; 0.147398 ; 0.0264928 ; 0.00742824 ; 102.221;
16 ; 17 ; 16 ; 0.177873 ; 0.046403 ; -0.0235972 ; 100.851;
17 ; 17 ; 16 ; 0.163473 ; -0.0173913 ; -0.0184221 ; 100.831;
18 ; 17 ; 16 ; 0.144219 ; -0.000572504 ; -0.00180956 ; 100.379;
19 ; 17 ; 16 ; 0.192644 ; -0.0198757 ; 0.0023378 ; 102.274;
20 ; 17 ; 16 ; 0.152654 ; -0.0375457 ; -0.0170094 ; 101.214;
21 ; 17 ; 16 ; 0.18536 ; 0.0110001 ; -0.00622655 ; 101.827;
4 ; 18 ; 16 ; 0.186162 ; -0.033059 ; -0.00429796 ; 102.494;
5 ; 18 ; 16 ; 0.141172 ; -0.00435931 ; -0.0166859 ; 101.369;
6 ; 18 ; 16 ; 0.154667 ; 0.0186565 ; 0.00947996 ; 101.486;
7 ; 18 ; 16 ; 0.157658 ; -0.0169866 ; 0.0345686 ; 101.809;
8 ; 18 ; 16 ; 0.119966 ; 0.00498238 ; -0.0373862 ; 101.704;
9 ; 18 ; 16 ; 0.121326 ; 0.00468411 ; -0.0178083 ; 100.566;
10 ; 18 ; 16 ; 0.111859 ; -0.000468746 ; 0.00964968 ; 102.098;
11 ; 18 ; 16 ; 0.179008 ; 0.0274861 ; -0.0142908 ; 102.109;
12 ; 18 ; 16 ; 0.147411 ; 0.0169042 ; -0.00133132 ; 100.687;
13 ; 18 ; 16 ; 0.154894 ; 0.00638266 ; -0.0117964 ; 101.421;
14 ; 18 ; 16 ; 0.136018 ; -0.00634991 ; -0.0162476 ; 102.244;
15 ; 18 ; 16 ; 0.175778 ; 0.0391193 ; -0.0155341 ; 102.091;
16 ; 18 ; 16 ; 0.170653 ; 0.00251889 ; -0.0417962 ; 101.419;
17 ; 18 ; 16 ; 0.15461 ; 0.0178111 ; 0.0024364 ; 100.224;
18 ; 18 ; 16 ; 0.132194 ; -0.0101267 ; -0.0308044 ; 101.52;
19 ; 18 ; 16 ; 0.156062 ; -0.00311665 ; 0.00795756 ; 101.444;
20 ; 18 ; 16 ; 0.165286 ; -0.0194838 ; 0.00452576 ; 102.433;
21 ; 18 ; 16 ; 0.175922 ; -0.0299181 ; 0.0122567 ; 102.593;
4 ; 19 ; 16 ; 0.145901 ; -0.00993307 ; 0.0231539 ; 101.545;
5 ; 19 ; 16 ; 0.153425 ; -0.070501 ; 0.00158068 ; 100.369;
6 ; 19 ; 16 ; 0.182814 ; -0.0233214 ; 0.014953 ; 101.858;
7 ; 19 ; 16 ; 0.1378 ; 0.00345252 ; 0.0385834 ; 101.341;
8 ; 19 ; 16 ; 0.14231 ; -0.0203694 ; 0.00230057 ; 101.522;
9 ; 19 ; 16 ; 0.167839 ; 0.00990626 ; 0.0326067 ; 101.9;
10 ; 19 ; 16 ; 0.156929 ; 0.0082739 ; 0.00102111 ; 101.93;
11 ; 19 ; 16 ; 0.180045 ; 0.00693229 ; -0.0149908 ; 101.117;
12 ; 19 ; 16 ; 0.13496 ; -0.00850351 ; 0.00928208 ; 100.987;
13 ; 19 ; 16 ; 0.134103 ; 0.00467951 ; 0.0352338 ; 101.784;
14 ; 19 ; 16 ; 0.155002 ; 0.00315172 ; 0.0152076 ; 101.098;
15 ; 19 ; 16 ; 0.185161 ; 0.0271021 ; -0.0213344 ; 101.57;
16 ; 19 ; 16 ; 0.172818 ; -0.014912 ; -0.00522868 ; 101.104;
17 ; 19 ; 16 ; 0.140023 ; -0.00822989 ; -0.0107986 ; 101.647;
18 ; 19 ; 16 ; 0.173618 ; -0.0472736 ; -0.00701098 ; 99.7081;
19 ; 19 ; 16 ; 0.18995 ; 0.00331822 ; -0.0133421 ; 101.069;
20 ; 19 ; 16 ; 0.202014 ; 0.00216665 ; 0.00877814 ; 99.8669;
21 ; 19 ; 16 ; 0.175012 ; 0.0169982 ; 0.0456818 ; 101.469;
4 ; 20 ; 16 ; 0.213505 ; -0.0118408 ; 0.0105018 ; 101.644;
5 ; 20 ; 16 ; 0.169271 ; 0.0119402 ; 0.0147138 ; 101.275;
6 ; 20 ; 16 ; 0.181494 ; -0.0494799 ; 0.00961934 ; 101.334;
7 ; 20 ; 16 ; 0.188597 ; 0.00948662 ; 0.0299386 ; 101.747;
8 ; 20 ; 16 ; 0.189452 ; 0.0388135 ; 0.0206551 ; 101.098;
9 ; 20 ; 16 ; 0.160459 ; -0.0336644 ; -0.00870153 ; 101.056;
10 ; 20 ; 16 ; 0.129916 ; -0.0165766 ; 0.0086626 ; 101.477;
11 ; 20 ; 16 ; 0.147506 ; -0.00119555 ; 0.0439811 ; 100.752;
12 ; 20 ; 16 ; 0.142555 ; -0.0092378 ; 0.0198015 ; 102.056;
13 ; 20 ; 16 ; 0.132333 ; -0.00572609 ; -0.028035 ; 101.369;
14 ; 20 ; 16 ; 0.148655 ; 0.0161402 ; -0.0303104 ; 101.473;
15 ; 20 ; 16 ; 0.168926 ; 0.0106103 ; 0.00895117 ; 101.939;
16 ; 20 ; 16 ; 0.183036 ; -0.0276356 ; -0.0178365 ; 99.8487;
17 ; 20 ; 16 ; 0.16417 ; 0.0200415 ; -0.0188472 ; 102.082;
18 ; 20 ; 16 ; 0.153822 ; -0.00554383 ; 0.00878459 ; 101.167;
19 ; 20 ; 16 ; 0.15108 ; 0.0146868 ; -0.022915 ; 99.7525;
20 ; 20 ; 16 ; 0.177381 ; -0.0047604 ; -0.0108497 ; 100.649;
21 ; 20 ; 16 ; 0.1684 ; -0.00893248 ; 0.0408504 ; 101.814;
4 ; 21 ; 16 ; 0.174106 ; 0.00689843 ; 0.01898 ; 100.111;
5 ; 21 ; 16 ; 0.171578 ; -0.00840836 ; 0.0244969 ; 102.302;
6 ; 21 ; 16 ; 0.15898 ; 0.019113 ; 0.0354211 ; 101.966;
7 ; 21 ; 16 ; 0.143704 ; 0.0219372 ; 0.0172049 ; 100.749;
8 ; 21 ; 16 ; 0.116027 ; -0.0103668 ; -0.0182882 ; 101.221;
9 ; 21 ; 16 ; 0.18034 ; -0.00713906 ; 0.0469783 ; 100.548;
10 ; 21 ; 16 ; 0.189758 ; -0.0188988 ; -0.00885897 ; 100.629;
11 ; 21 ; 16 ; 0.128685 ; 0.0276556 ; -0.0516376 ; 100.939;
12 ; 21 ; 16 ; 0.158653 ; -0.0106071 ; 0.0295378 ; 102.115;
13 ; 21 ; 16 ; 0.170793 ; -0.0123973 ; 0.0223834 ; 102.257;
14 ; 21 ; 16 ; 0.154744 ; -0.00668378 ; 0.0171713 ; 101.602;
15 ; 21 ; 16 ; 0.134329 ; -0.00810947 ; -0.0306491 ; 101.829;
16 ; 21 ; 16 ; 0.137087 ; -0.00391744 ; 0.000453441 ; 101.307;
17 ; 21 ; 16 ; 0.16635 ; -0.0273547 ; -0.0204036 ; 102.332;
18 ; 21 ; 16 ; 0.173531 ; 0.0350236 ; 0.0294969 ; 100.406;
19 ; 21 ; 16 ; 0.141303 ; 0.00142359 ; -0.0198394 ; 102.832;
20 ; 21 ; 16 ; 0.179864 ; 0.0225132 ; -0.00137765 ; 101.911;
21 ; 21 ; 16 ; 0.147566 ; -0.00827186 ; 0.00401605 ; 101.841;
4 ; 4 ; 17 ; 0.098085 ; -0.00903174 ; -0.0259747 ; 100.912;
5 ; 4 ; 17 ; 0.102086 ; 0.0226979 ; -0.00612846 ; 103.074;
6 ; 4 ; 17 ; 0.115201 ; 0.025257 ; 0.00574656 ; 101.048;
7 ; 4 ; 17 ; 0.0908759 ; -0.0179898 ; -0.0208383 ; 100.824;
8 ; 4 ; 17 ; 0.134353 ; -0.0236012 ; 0.0029769 ; 102.081;
9 ; 4 ; 17 ; 0.123741 ; -0.007603 ; -0.011587 ; 102.451;
10 ; 4 ; 17 ; 0.133716 ; -0.00645116 ; 0.0288281 ; 101.786;
11 ; 4 ; 17 ; 0.168036 ; 0.0312763 ; -0.0186537 ; 101.494;
12 ; 4 ; 17 ; 0.119362 ; 0.0218134 ; 0.0208247 ; 100.594;
13 ; 4 ; 17 ; 0.118969 ; 0.00403769 ; 0.00533397 ; 100.754;
14 ; 4 ; 17 ; 0.114549 ; 0.00550641 ; -0.0133244 ; 102.121;
15 ; 4 ; 17 ; 0.139495 ; -0.0259876 ; 0.00958341 ; 100.365;
16 ; 4 ; 17 ; 0.141617 ; -0.00800752 ; -0.0292795 ; 102.126;
17 ; 4 ; 17 ; 0.129183 ; -0.0118496 ; -0.0158631 ; 101.572;
18 ; 4 ; 17 ; 0.132124 ; 0.0319246 ; -0.00111756 ; 100.864;
19 ; 4 ; 17 ; 0.113902 ; -0.0139764 ; -0.0336126 ; 100.881;
20 ; 4 ; 17 ; 0.14467 ; 0.00430423 ; 0.0213373 ; 100.243;
21 ; 4 ; 17 ; 0.125323 ; 0.00696763 ; -0.0038457 ; 101.238;
4 ; 5 ; 17 ; 0.117512 ; -0.000470081 ; 0.00408688 ; 100.938;
5 ; 5 ; 17 ; 0.129834 ; -0.00272661 ; -0.0107553 ; 101.505;
6 ; 5 ; 17 ; 0.123962 ; 0.0221241 ; -0.033405 ; 101.358;
7 ; 5 ; 17 ; 0.136642 ; -0.0126502 ; -0.0186992 ; 101.462;
8 ; 5 ; 17 ; 0.119131 ; -0.0491747 ; -0.0147723 ; 102.081;
9 ; 5 ; 17 ; 0.135782 ; -0.0218809 ; -0.0327511 ; 101.424;
10 ; 5 ; 17 ; 0.0939547 ; -0.0265294 ; -0.0236474 ; 101.682;
11 ; 5 ; 17 ; 0.133233 ; 0.0432098 ; -0.0271132 ; 101.633;
12 ; 5 ; 17 ; 0.118165 ; 0.0320793 ; 0.0165541 ; 101.799;
13 ; 5 ; 17 ; 0.112701 ; -0.00824212 ; -0.0251464 ; 100.567;
14 ; 5 ; 17 ; 0.136836 ; -0.027872 ; -0.020296 ; 100.4;
15 ; 5 ; 17 ; 0.143287 ; -0.0166885 ; 0.00882748 ; 101.859;
16 ; 5 ; 17 ; 0.124365 ; -0.0121211 ; -0.0179386 ; 101.217;
17 ; 5 ; 17 ; 0.0989734 ; -0.00790114 ; 0.0217666 ; 102.153;
18 ; 5 ; 17 ; 0.107433 ; 0.0229838 ; -0.0126316 ; 101.931;
19 ; 5 ; 17 ; 0.136619 ; 0.0168093 ; 0.00665754 ; 103.016;
20 ; 5 ; 17 ; 0.149144 ; -0.0174208 ; 0.0214111 ; 102.062;
21 ; 5 ; 17 ; 0.180219 ; 0.0243268 ; 0.0253653 ; 101.358;
4 ; 6 ; 17 ; 0.116139 ; -0.00812457 ; -0.0149262 ; 101.829;
5 ; 6 ; 17 ; 0.14036 ; 0.0257432 ; 0.0629358 ; 101.001;
6 ; 6 ; 17 ; 0.177632 ; 0.0211764 ; 0.0228098 ; 101.159;
7 ; 6 ; 17 ; 0.125055 ; 0.0400156 ; -0.0164763 ; 101.884;
8 ; 6 ; 17 ; 0.136735 ; -0.0121305 ; -0.0147395 ; 100.754;
9 ; 6 ; 17 ; 0.119915 ; 0.000671091 ; 0.0143598 ; 100.706;
10 ; 6 ; 17 ; 0.152588 ; -0.033523 ; 0.00550617 ; 101.955;
11 ; 6 ; 17 ; 0.155964 ; 0.016593 ; -0.00132681 ; 101.015;
12 ; 6 ; 17 ; 0.161801 ; 0.0194739 ; -0.0288211 ; 101.313;
13 ; 6 ; 17 ; 0.112628 ; -0.00535319 ; 0.0418365 ; 100.366;
14 ; 6 ; 17 ; 0.108878 ; -0.00268333 ; -0.00775745 ; 101.661;
15 ; 6 ; 17 ; 0.152462 ; 0.00365726 ; 0.00270019 ; 102.638;
16 ; 6 ; 17 ; 0.117773 ; -0.0189131 ; -0.00750979 ; 101.044;
17 ; 6 ; 17 ; 0.111724 ; 0.036253 ; 0.00577042 ; 101.449;
18 ; 6 ; 17 ; 0.1409 ; 0.00764187 ; 0.0220162 ; 100.822;
19 ; 6 ; 17 ; 0.145677 ; 0.0446308 ; 0.0201513 ; 101.098;
20 ; 6 ; 17 ; 0.136973 ; -0.0427768 ; -0.0126025 ; 102.017;
21 ; 6 ; 17 ; 0.160817 ; -0.0204412 ; -0.00482062 ; 101.147;
4 ; 7 ; 17 ; 0.100143 ; 0.00735746 ; 0.0304496 ; 101.48;
5 ; 7 ; 17 ; 0.12633 ; -0.000890143 ; 0.00374795 ; 101.706;
6 ; 7 ; 17 ; 0.135655 ; -0.0117561 ; 0.0285457 ; 100.957;
7 ; 7 ; 17 ; 0.111773 ; -0.0331233 ; 0.0358212 ; 101.244;
8 ; 7 ; 17 ; 0.106797 ; -0.0165681 ; -0.00971692 ; 101.152;
9 ; 7 ; 17 ; 0.150124 ; -0.00452299 ; 0.0152997 ; 101.375;
10 ; 7 ; 17 ; 0.144964 ; 0.00208664 ; -0.0336888 ; 101.243;
11 ; 7 ; 17 ; 0.132304 ; 0.0128745 ; 0.0138476 ; 101.585;
12 ; 7 ; 17 ; 0.141485 ; 0.00203717 ; 0.00307823 ; 101.994;
13 ; 7 ; 17 ; 0.0980112 ; 0.00141821 ; 0.0185833 ; 101.226;
14 ; 7 ; 17 ; 0.127111 ; -0.032368 ; -0.0157033 ; 101.273;
15 ; 7 ; 17 ; 0.139474 ; -0.00286564 ; 0.00400862 ; 102.061;
16 ; 7 ; 17 ; 0.0923355 ; -0.0107443 ; -0.0192902 ; 102.077;
17 ; 7 ; 17 ; 0.158765 ; 0.0146043 ; -0.0158166 ; 101.924;
18 ; 7 ; 17 ; 0.141637 ; 0.000577331 ; 0.0163188 ; 101.284;
19 ; 7 ; 17 ; 0.144084 ; -0.00203417 ; -0.0221831 ; 101.818;
20 ; 7 ; 17 ; 0.129477 ; -0.0154835 ; 0.00378551 ; 101.074;
21 ; 7 ; 17 ; 0.115688 ; -0.00471034 ; 0.0110357 ; 101.089;
4 ; 8 ; 17 ; 0.148642 ; 0.015354 ; 0.00110994 ; 101.649;
5 ; 8 ; 17 ; 0.110596 ; 0.0265064 ; 0.0268999 ; 100.083;
6 ; 8 ; 17 ; 0.144925 ; -0.0167781 ; -0.0227098 ; 101.403;
7 ; 8 ; 17 ; 0.113991 ; 0.000587149 ; 0.0173611 ; 101.45;
8 ; 8 ; 17 ; 0.137588 ; -0.0319331 ; -0.0359301 ; 102.129;
9 ; 8 ; 17 ; 0.140804 ; -0.016457 ; 0.00798603 ; 101.336;
10 ; 8 ; 17 ; 0.121232 ; 0.0324759 ; 0.00016478 ; 102.695;
11 ; 8 ; 17 ; 0.112424 ; 0.028893 ; 0.0100474 ; 102.16;
12 ; 8 ; 17 ; 0.163799 ; -0.0252296 ; -0.0136206 ; 103.141;
13 ; 8 ; 17 ; 0.142123 ; -0.00533172 ; 0.0136956 ; 101.326;
14 ; 8 ; 17 ; 0.0865685 ; 0.0213365 ; 0.0508107 ; 100.93;
15 ; 8 ; 17 ; 0.12359 ; -0.0170046 ; -0.025412 ; 101.929;
16 ; 8 ; 17 ; 0.10765 ; 0.0171461 ; 0.0384161 ; 101.014;
17 ; 8 ; 17 ; 0.0974082 ; -0.0337998 ; -0.0203466 ; 100.554;
18 ; 8 ; 17 ; 0.126655 ; 0.0158522 ; -0.00702021 ; 101.61;
19 ; 8 ; 17 ; 0.148591 ; 0.0269694 ; -0.00865638 ; 101.608;
20 ; 8 ; 17 ; 0.137756 ; 0.0126267 ; -0.00787043 ; 101.081;
21 ; 8 ; 17 ; 0.182151 ; -0.018531 ; -0.00568265 ; 101.159;
4 ; 9 ; 17 ; 0.164923 ; -0.00840121 ; 0.00764519 ; 101.773;
5 ; 9 ; 17 ; 0.129997 ; 0.0107186 ; 0.00246105 ; 100.611;
6 ; 9 ; 17 ; 0.124289 ; -0.00657579 ; 0.022445 ; 101.429;
7 ; 9 ; 17 ; 0.180318 ; 0.0221669 ; 0.00734407 ; 101.527;
8 ; 9 ; 17 ; 0.151795 ; -0.00895542 ; 0.00561908 ; 101.197;
9 ; 9 ; 17 ; 0.140865 ; 0.0251735 ; -0.000604119 ; 101.141;
10 ; 9 ; 17 ; 0.113722 ; 0.0182549 ; 0.0184843 ; 102.019;
11 ; 9 ; 17 ; 0.0963451 ; 0.0264102 ; 0.005072 ; 99.9938;
12 ; 9 ; 17 ; 0.128997 ; -0.0029135 ; -0.027391 ; 101.326;
13 ; 9 ; 17 ; 0.109619 ; -0.0265927 ; -0.0174061 ; 101.219;
14 ; 9 ; 17 ; 0.118171 ; 0.000112243 ; 0.0116438 ; 101.383;
15 ; 9 ; 17 ; 0.129393 ; -0.00891083 ; 0.00276931 ; 102.146;
16 ; 9 ; 17 ; 0.114614 ; -0.00312866 ; -0.0346056 ; 102.215;
17 ; 9 ; 17 ; 0.149255 ; -0.029375 ; -0.0307051 ; 100.641;
18 ; 9 ; 17 ; 0.141809 ; 0.0218609 ; -0.0115161 ; 101.73;
19 ; 9 ; 17 ; 0.181902 ; -0.0213482 ; -0.0199496 ; 101.698;
20 ; 9 ; 17 ; 0.137536 ; 0.0139531 ; -0.00619698 ; 101.285;
21 ; 9 ; 17 ; 0.099566 ; -0.0119727 ; -0.00153951 ; 101.516;
4 ; 10 ; 17 ; 0.146903 ; 0.0124272 ; -0.00958905 ; 100.377;
5 ; 10 ; 17 ; 0.110184 ; 0.0241179 ; -0.00624715 ; 100.579;
6 ; 10 ; 17 ; 0.117912 ; -0.058621 ; 0.0170189 ; 102.098;
7 ; 10 ; 17 ; 0.136944 ; 0.00757429 ; -0.0153263 ; 100.246;
8 ; 10 ; 17 ; 0.11376 ; -0.012214 ; -0.0157316 ; 100.799;
9 ; 10 ; 17 ; 0.1136 ; 0.0236304 ; -0.00451641 ; 102.742;
10 ; 10 ; 17 ; 0.111564 ; -0.0299537 ; 6.46181e-05 ; 100.861;
11 ; 10 ; 17 ; 0.155543 ; -0.0310725 ; -0.0049683 ; 100.189;
12 ; 10 ; 17 ; 0.132567 ; -0.0186452 ; -0.00363923 ; 102.115;
13 ; 10 ; 17 ; 0.147012 ; -0.0251023 ; 0.0249227 ; 100.918;
14 ; 10 ; 17 ; 0.100322 ; 0.0252417 ; -0.00286659 ; 101.509;
15 ; 10 ; 17 ; 0.108704 ; 0.0162918 ; -0.0105281 ; 101.917;
16 ; 10 ; 17 ; 0.149808 ; -0.0073453 ; -0.0196831 ; 100.703;
17 ; 10 ; 17 ; 0.103746 ; -0.0532173 ; 0.0245803 ; 101.083;
18 ; 10 ; 17 ; 0.135469 ; 0.014826 ; -0.00215597 ; 101.793;
19 ; 10 ; 17 ; 0.141184 ; 0.00762975 ; 0.00264121 ; 101.237;
20 ; 10 ; 17 ; 0.143136 ; 0.0110945 ; 0.0218427 ; 101.445;
21 ; 10 ; 17 ; 0.109383 ; -0.0294571 ; -4.1601e-05 ; 101.771;
4 ; 11 ; 17 ; 0.126972 ; -0.00406316 ; -0.00642737 ; 100.641;
5 ; 11 ; 17 ; 0.112294 ; -0.0265816 ; 0.0208755 ; 100.813;
6 ; 11 ; 17 ; 0.0979311 ; -0.00832557 ; -0.00552498 ; 100.86;
7 ; 11 ; 17 ; 0.149169 ; -0.00127886 ; -0.0205486 ; 101.199;
8 ; 11 ; 17 ; 0.150718 ; 0.0337613 ; 0.0186369 ; 101.148;
9 ; 11 ; 17 ; 0.100178 ; 0.013877 ; -0.00823582 ; 101.515;
10 ; 11 ; 17 ; 0.125525 ; -0.030461 ; -0.0239414 ; 102.444;
11 ; 11 ; 17 ; 0.133955 ; 0.000873146 ; 0.0129555 ; 102.348;
12 ; 11 ; 17 ; 0.103409 ; 0.0145026 ; -0.0139733 ; 101.949;
13 ; 11 ; 17 ; 0.129144 ; -0.0030609 ; -0.00379759 ; 101.344;
14 ; 11 ; 17 ; 0.144433 ; -0.0124949 ; -0.0211269 ; 101.603;
15 ; 11 ; 17 ; 0.134185 ; 0.00810477 ; 0.017346 ; 100.849;
16 ; 11 ; 17 ; 0.139575 ; -0.00484172 ; -0.00559778 ; 101.455;
17 ; 11 ; 17 ; 0.123298 ; 0.0177522 ; -0.0099531 ; 100.766;
18 ; 11 ; 17 ; 0.13636 ; -0.0184969 ; 0.0170576 ; 102.014;
19 ; 11 ; 17 ; 0.125594 ; -0.0417292 ; -0.0146773 ; 100.721;
20 ; 11 ; 17 ; 0.149914 ; 0.00395773 ; -0.0337231 ; 101.666;
21 ; 11 ; 17 ; 0.0995299 ; -0.00703953 ; -0.00738509 ; 102.177;
4 ; 12 ; 17 ; 0.163321 ; 0.0368356 ; 0.00598574 ; 101.632;
5 ; 12 ; 17 ; 0.135396 ; -0.0134341 ; 0.0142312 ; 99.9906;
6 ; 12 ; 17 ; 0.129974 ; -0.00857464 ; 0.0175176 ; 101.343;
7 ; 12 ; 17 ; 0.128266 ; -0.00665686 ; -0.0370423 ; 101.917;
8 ; 12 ; 17 ; 0.115573 ; 0.0171025 ; -0.0422032 ; 101.354;
9 ; 12 ; 17 ; 0.0929166 ; 0.00765052 ; -0.0104936 ; 100.446;
10 ; 12 ; 17 ; 0.10975 ; 0.00794911 ; -0.00789739 ; 101.639;
11 ; 12 ; 17 ; 0.139178 ; -0.00885765 ; 0.0226201 ; 100.382;
12 ; 12 ; 17 ; 0.112837 ; 0.0227971 ; 0.0193504 ; 100.049;
13 ; 12 ; 17 ; 0.128483 ; 0.0235647 ; 0.050498 ; 100.155;
14 ; 12 ; 17 ; 0.159944 ; -0.00906057 ; 0.0180445 ; 101.224;
15 ; 12 ; 17 ; 0.111786 ; 0.0110004 ; -0.00504812 ; 100.859;
16 ; 12 ; 17 ; 0.0982376 ; -0.0162096 ; -0.0147113 ; 100.496;
17 ; 12 ; 17 ; 0.0946488 ; 0.00692256 ; 0.0187214 ; 101.836;
18 ; 12 ; 17 ; 0.124727 ; 0.00967616 ; 0.0141067 ; 101.642;
19 ; 12 ; 17 ; 0.150257 ; -0.0260878 ; -0.0304866 ; 100.595;
20 ; 12 ; 17 ; 0.141902 ; 0.0369867 ; -0.0190762 ; 101.945;
21 ; 12 ; 17 ; 0.127603 ; -0.00334071 ; -0.00822445 ; 101.265;
4 ; 13 ; 17 ; 0.131266 ; 0.0317299 ; 0.0018797 ; 100.426;
5 ; 13 ; 17 ; 0.0999929 ; 0.0051875 ; 0.0305516 ; 101.614;
6 ; 13 ; 17 ; 0.118727 ; 0.0324733 ; 0.0127739 ; 102.714;
7 ; 13 ; 17 ; 0.109433 ; -0.0236505 ; -0.0106476 ; 101.874;
8 ; 13 ; 17 ; 0.11742 ; -0.0312206 ; 0.0190711 ; 101.234;
9 ; 13 ; 17 ; 0.110444 ; -0.0166847 ; 0.0225037 ; 100.831;
10 ; 13 ; 17 ; 0.115192 ; 0.0194333 ; 0.00152701 ; 102.279;
11 ; 13 ; 17 ; 0.168641 ; -0.0152017 ; -0.00570247 ; 100.883;
12 ; 13 ; 17 ; 0.10536 ; -0.00110432 ; 0.0301161 ; 102.313;
13 ; 13 ; 17 ; 0.143587 ; -0.00412124 ; -0.0143442 ; 102.234;
14 ; 13 ; 17 ; 0.141234 ; -0.0460529 ; -0.00858452 ; 101.937;
15 ; 13 ; 17 ; 0.14573 ; -0.00798399 ; 0.0428888 ; 101.867;
16 ; 13 ; 17 ; 0.125731 ; 0.0119164 ; 1.80437e-06 ; 101.008;
17 ; 13 ; 17 ; 0.115924 ; 0.0234295 ; -0.014757 ; 101.303;
18 ; 13 ; 17 ; 0.111934 ; 0.0319751 ; -0.00159463 ; 103.142;
19 ; 13 ; 17 ; 0.154326 ; -0.0190494 ; -0.0247022 ; 102.698;
20 ; 13 ; 17 ; 0.119716 ; 0.0458098 ; 0.00609556 ; 101.199;
21 ; 13 ; 17 ; 0.159975 ; 0.0032644 ; -0.0273799 ; 101.257;
4 ; 14 ; 17 ; 0.104194 ; 0.0059601 ; -0.0112382 ; 101.518;
5 ; 14 ; 17 ; 0.129544 ; 0.0125484 ; 0.0108236 ; 101.761;
6 ; 14 ; 17 ; 0.15343 ; 0.0232627 ; 0.0318085 ; 101.689;
7 ; 14 ; 17 ; 0.128411 ; 0.00841145 ; -0.0263793 ; 101.766;
8 ; 14 ; 17 ; 0.110104 ; -0.0370765 ; 0.0540462 ; 100.984;
9 ; 14 ; 17 ; 0.141576 ; 0.0171469 ; 0.0470142 ; 101.119;
10 ; 14 ; 17 ; 0.147717 ; -0.00737299 ; -0.0238909 ; 100.537;
11 ; 14 ; 17 ; 0.14682 ; -0.00612457 ; 0.0103851 ; 101.703;
12 ; 14 ; 17 ; 0.128954 ; -0.00944748 ; 0.00189559 ; 101.272;
13 ; 14 ; 17 ; 0.128942 ; -0.00333205 ; -0.00665455 ; 102.657;
14 ; 14 ; 17 ; 0.15704 ; 0.000771402 ; -0.00552847 ; 102.69;
15 ; 14 ; 17 ; 0.124605 ; -0.0146243 ; 0.0327463 ; 101.126;
16 ; 14 ; 17 ; 0.125308 ; -0.0199887 ; 0.00724226 ; 100.661;
17 ; 14 ; 17 ; 0.0763489 ; -0.02854 ; -0.0244065 ; 101.01;
18 ; 14 ; 17 ; 0.114861 ; 0.0348576 ; -0.0083254 ; 101.079;
19 ; 14 ; 17 ; 0.120752 ; 0.00807886 ; -0.0231917 ; 101.067;
20 ; 14 ; 17 ; 0.177233 ; -0.00377259 ; 0.0103963 ; 101.489;
21 ; 14 ; 17 ; 0.149904 ; 0.00494505 ; 0.00800771 ; 102.665;
4 ; 15 ; 17 ; 0.103725 ; -0.0261878 ; 0.0143249 ; 101.083;
5 ; 15 ; 17 ; 0.141821 ; -0.00646315 ; 0.00196807 ; 102.218;
6 ; 15 ; 17 ; 0.134354 ; 0.0103582 ; 0.0222076 ; 100.892;
7 ; 15 ; 17 ; 0.138945 ; 0.0222265 ; 0.0104869 ; 101.25;
8 ; 15 ; 17 ; 0.108251 ; -0.0296143 ; 0.00682356 ; 101.207;
9 ; 15 ; 17 ; 0.137738 ; -0.00835964 ; -0.0330383 ; 101.135;
10 ; 15 ; 17 ; 0.148623 ; -0.0282713 ; -0.0438724 ; 100.701;
11 ; 15 ; 17 ; 0.109063 ; -0.0148313 ; 0.00349748 ; 101.134;
12 ; 15 ; 17 ; 0.103193 ; -0.0250903 ; -0.0136342 ; 101.027;
13 ; 15 ; 17 ; 0.128965 ; 0.00411612 ; -0.00358277 ; 100.704;
14 ; 15 ; 17 ; 0.135025 ; -0.0566761 ; 0.02227 ; 101.505;
15 ; 15 ; 17 ; 0.13455 ; -0.00599171 ; -0.0081287 ; 101.074;
16 ; 15 ; 17 ; 0.154478 ; -0.0205567 ; 0.00644793 ; 101.976;
17 ; 15 ; 17 ; 0.158357 ; -0.00670781 ; 0.00312087 ; 102.495;
18 ; 15 ; 17 ; 0.15389 ; -0.0172725 ; 0.0293789 ; 101.292;
19 ; 15 ; 17 ; 0.133548 ; -0.00104313 ; 0.0356937 ; 102.391;
20 ; 15 ; 17 ; 0.145087 ; -0.0109937 ; -0.0344098 ; 101.12;
21 ; 15 ; 17 ; 0.145411 ; -0.0200067 ; -0.0155206 ; 102.331;
4 ; 16 ; 17 ; 0.138987 ; 0.00260082 ; 0.00531346 ; 101.111;
5 ; 16 ; 17 ; 0.14435 ; 0.0167415 ; -0.0217408 ; 100.206;
6 ; 16 ; 17 ; 0.123043 ; -0.00521689 ; -0.0234711 ; 101.569;
7 ; 16 ; 17 ; 0.13317 ; 0.0389032 ; -0.0378185 ; 101.214;
8 ; 16 ; 17 ; 0.0966201 ; -0.0344254 ; 0.0239208 ; 101.541;
9 ; 16 ; 17 ; 0.155941 ; 0.00912461 ; -0.00547126 ; 101.494;
10 ; 16 ; 17 ; 0.149754 ; 0.00206527 ; 0.0511045 ; 101.599;
11 ; 16 ; 17 ; 0.149803 ; 0.00245779 ; -0.0347753 ; 100.949;
12 ; 16 ; 17 ; 0.111809 ; -0.000802736 ; 0.00957355 ; 101.932;
13 ; 16 ; 17 ; 0.138351 ; -0.00233262 ; -0.021119 ; 100.747;
14 ; 16 ; 17 ; 0.154116 ; -0.00389014 ; -0.00784707 ; 101.778;
15 ; 16 ; 17 ; 0.0695091 ; 0.0278831 ; 0.0112961 ; 101.241;
16 ; 16 ; 17 ; 0.0959357 ; -0.0233104 ; -0.0355283 ; 101.348;
17 ; 16 ; 17 ; 0.118851 ; 0.0318153 ; -0.0408936 ; 101.337;
18 ; 16 ; 17 ; 0.128595 ; -0.0102753 ; -0.00120141 ; 101.052;
19 ; 16 ; 17 ; 0.152601 ; -0.0271728 ; 0.0216857 ; 100.311;
20 ; 16 ; 17 ; 0.114186 ; 0.00788369 ; -0.0346526 ; 102.138;
21 ; 16 ; 17 ; 0.11928 ; 0.0273054 ; -0.00221981 ; 102.722;
4 ; 17 ; 17 ; 0.116273 ; 0.00223334 ; -0.0194309 ; 101.351;
5 ; 17 ; 17 ; 0.0960196 ; 0.0172986 ; -0.00205309 ; 102.031;
6 ; 17 ; 17 ; 0.0858278 ; 0.00191004 ; 0.0185248 ; 102.171;
7 ; 17 ; 17 ; 0.152791 ; 0.0128265 ; -0.0167071 ; 100.712;
8 ; 17 ; 17 ; 0.131018 ; 0.00373252 ; 0.00780864 ; 101.797;
9 ; 17 ; 17 ; 0.131871 ; -0.0170474 ; 0.0133765 ; 100.766;
10 ; 17 ; 17 ; 0.156725 ; -0.00602998 ; 0.00947362 ; 101.382;
11 ; 17 ; 17 ; 0.134077 ; 0.0232187 ; 0.0129777 ; 101.763;
12 ; 17 ; 17 ; 0.115552 ; 0.0444602 ; 0.0168176 ; 100.917;
13 ; 17 ; 17 ; 0.0860979 ; -0.0221886 ; -0.0184739 ; 101.083;
14 ; 17 ; 17 ; 0.0699113 ; 0.0394568 ; -0.0119826 ; 101.118;
15 ; 17 ; 17 ; 0.127212 ; -0.0186093 ; -0.0175446 ; 101.039;
16 ; 17 ; 17 ; 0.109548 ; 0.0217282 ; -0.00506986 ; 100.481;
17 ; 17 ; 17 ; 0.131606 ; 0.0312731 ; -0.0612178 ; 101.289;
18 ; 17 ; 17 ; 0.094603 ; 0.0203132 ; -0.0187391 ; 101.686;
19 ; 17 ; 17 ; 0.124228 ; -0.00697067 ; -0.00372203 ; 100.854;
20 ; 17 ; 17 ; 0.160146 ; 0.00945319 ; -0.00926837 ; 101.889;
21 ; 17 ; 17 ; 0.148464 ; 0.00103168 ; 0.0159614 ; 101.278;
4 ; 18 ; 17 ; 0.0956834 ; 0.0085269 ; 0.0244287 ; 102.101;
5 ; 18 ; 17 ; 0.121494 ; 0.00173043 ; 0.00269641 ; 101.19;
6 ; 18 ; 17 ; 0.125646 ; 0.0159112 ; 0.00263952 ; 100.979;
7 ; 18 ; 17 ; 0.113116 ; 0.0178774 ; -0.0131673 ; 103.959;
8 ; 18 ; 17 ; 0.133313 ; 0.00223443 ; 0.0223282 ; 101.497;
9 ; 18 ; 17 ; 0.104859 ; -0.00752378 ; -0.00245241 ; 100.871;
10 ; 18 ; 17 ; 0.141446 ; 0.0271918 ; 0.0381537 ; 102.392;
11 ; 18 ; 17 ; 0.118383 ; -0.0169384 ; 0.00653994 ; 101.115;
12 ; 18 ; 17 ; 0.118639 ; 0.0509916 ; 0.0200351 ; 101.168;
13 ; 18 ; 17 ; 0.136722 ; 0.028195 ; -0.0300826 ; 99.8488;
14 ; 18 ; 17 ; 0.0944131 ; 0.0523544 ; 0.0217469 ; 101.024;
15 ; 18 ; 17 ; 0.124967 ; -0.00895566 ; 0.00512968 ; 100.724;
16 ; 18 ; 17 ; 0.109684 ; -0.0226679 ; 0.0259653 ; 101.278;
17 ; 18 ; 17 ; 0.120159 ; -0.0143314 ; -0.013532 ; 102.686;
18 ; 18 ; 17 ; 0.130953 ; 0.00712871 ; 0.0118948 ; 102.268;
19 ; 18 ; 17 ; 0.132863 ; 0.0092701 ; 0.0288764 ; 101.064;
20 ; 18 ; 17 ; 0.151628 ; -0.00799847 ; -0.0168386 ; 101.79;
21 ; 18 ; 17 ; 0.102725 ; 0.00788291 ; 0.00425012 ; 100.679;
4 ; 19 ; 17 ; 0.162558 ; 0.0386596 ; -0.0312103 ; 101.136;
5 ; 19 ; 17 ; 0.153853 ; -0.00768116 ; 0.0264006 ; 102.361;
6 ; 19 ; 17 ; 0.179733 ; 0.0148087 ; 0.00217938 ; 101.457;
7 ; 19 ; 17 ; 0.103659 ; 0.00026776 ; 0.0127626 ; 102.595;
8 ; 19 ; 17 ; 0.126688 ; 0.0191566 ; 0.0054571 ; 101.043;
9 ; 19 ; 17 ; 0.0994148 ; -0.0225016 ; 0.0210031 ; 101.296;
10 ; 19 ; 17 ; 0.125088 ; -0.0089378 ; 0.00328018 ; 101.838;
11 ; 19 ; 17 ; 0.145107 ; -0.00207882 ; 0.00343962 ; 102.474;
12 ; 19 ; 17 ; 0.131717 ; -9.82568e-05 ; -0.00387608 ; 100.945;
13 ; 19 ; 17 ; 0.152138 ; -0.0262647 ; -0.00901709 ; 101.697;
14 ; 19 ; 17 ; 0.114456 ; 0.0354059 ; -0.0165016 ; 101.715;
15 ; 19 ; 17 ; 0.0870068 ; 0.00717289 ; -0.0409707 ; 101.959;
16 ; 19 ; 17 ; 0.135167 ; -0.0234244 ; -0.00206031 ; 102.055;
17 ; 19 ; 17 ; 0.153807 ; -0.00212908 ; 0.00094837 ; 101.141;
18 ; 19 ; 17 ; 0.105251 ; 0.0146529 ; -0.0171006 ; 102.39;
19 ; 19 ; 17 ; 0.136485 ; 0.0403407 ; -0.0444998 ; 101.056;
20 ; 19 ; 17 ; 0.148702 ; 0.00707664 ; -0.00550398 ; 100.523;
21 ; 19 ; 17 ; 0.102747 ; -0.0301111 ; 0.0367415 ; 102.086;
4 ; 20 ; 17 ; 0.13304 ; -0.00425135 ; -0.0288318 ; 101.894;
5 ; 20 ; 17 ; 0.116735 ; 0.0260907 ; -0.0207967 ; 101.519;
6 ; 20 ; 17 ; 0.117163 ; -0.0150678 ; -0.00697331 ; 100.946;
7 ; 20 ; 17 ; 0.133876 ; -0.007516 ; 0.00329126 ; 102.313;
8 ; 20 ; 17 ; 0.105388 ; 0.0288279 ; -0.00829229 ; 101.263;
9 ; 20 ; 17 ; 0.109484 ; 0.0167714 ; -0.00577444 ; 102.57;
10 ; 20 ; 17 ; 0.158277 ; 0.0406549 ; 0.0173909 ; 100.615;
11 ; 20 ; 17 ; 0.147418 ; -0.00712994 ; -0.00494281 ; 101.153;
12 ; 20 ; 17 ; 0.157799 ; 0.00799542 ; -0.0132689 ; 101.141;
13 ; 20 ; 17 ; 0.157837 ; -0.0414283 ; -0.00432824 ; 101.049;
14 ; 20 ; 17 ; 0.111037 ; -0.0102578 ; -0.0257334 ; 101.332;
15 ; 20 ; 17 ; 0.0992687 ; 0.0298754 ; -0.0285782 ; 100.776;
16 ; 20 ; 17 ; 0.102557 ; -0.0133394 ; 0.0128961 ; 101.909;
17 ; 20 ; 17 ; 0.12855 ; -0.0240317 ; -0.00347979 ; 100.968;
18 ; 20 ; 17 ; 0.0773939 ; 0.0270247 ; 0.00951955 ; 100.936;
19 ; 20 ; 17 ; 0.0982319 ; 0.00588433 ; -0.0143278 ; 101.618;
20 ; 20 ; 17 ; 0.0961316 ; -0.0220085 ; -0.013262 ; 101.432;
21 ; 20 ; 17 ; 0.155212 ; -0.0605284 ; -0.00979956 ; 100.769;
4 ; 21 ; 17 ; 0.111356 ; 0.0283231 ; 0.0201694 ; 102.662;
5 ; 21 ; 17 ; 0.133264 ; -0.00826173 ; 0.00837015 ; 102.052;
6 ; 21 ; 17 ; 0.154125 ; -0.0291147 ; 0.0130216 ; 101.607;
7 ; 21 ; 17 ; 0.115997 ; -0.0180304 ; 0.00187272 ; 100.185;
8 ; 21 ; 17 ; 0.0975167 ; 0.0224212 ; -0.00703718 ; 100.951;
9 ; 21 ; 17 ; 0.122789 ; 0.0153357 ; 0.0179349 ; 101.193;
10 ; 21 ; 17 ; 0.135681 ; -0.00345831 ; -0.0139036 ; 101.271;
11 ; 21 ; 17 ; 0.10201 ; 0.0284388 ; 0.00581824 ; 101.57;
12 ; 21 ; 17 ; 0.140127 ; 0.00144733 ; -0.00445719 ; 101.52;
13 ; 21 ; 17 ; 0.166946 ; -0.0154773 ; -0.00181892 ; 100.766;
14 ; 21 ; 17 ; 0.118083 ; -0.0207889 ; -0.0479737 ; 101.089;
15 ; 21 ; 17 ; 0.0815264 ; -0.0189182 ; -0.0262199 ; 100.816;
16 ; 21 ; 17 ; 0.115349 ; -0.0411171 ; -0.0456086 ; 102.154;
17 ; 21 ; 17 ; 0.13356 ; -0.00783581 ; -0.0122315 ; 102.334;
18 ; 21 ; 17 ; 0.171355 ; -0.00522422 ; -0.0145315 ; 100.546;
19 ; 21 ; 17 ; 0.139526 ; -0.0303186 ; -0.0315965 ; 101.242;
20 ; 21 ; 17 ; 0.121816 ; 0.0442492 ; -0.0413477 ; 100.729;
21 ; 21 ; 17 ; 0.125141 ; -0.00890911 ; -0.0304509 ; 101.468;
4 ; 4 ; 18 ; 0.0790325 ; -0.0568603 ; -0.0139027 ; 101.433;
5 ; 4 ; 18 ; 0.108897 ; 0.0153536 ; 0.0257364 ; 101.904;
6 ; 4 ; 18 ; 0.0792665 ; -0.026133 ; -0.0245064 ; 99.2656;
7 ; 4 ; 18 ; 0.0449199 ; -0.0391922 ; -0.0193558 ; 101.741;
8 ; 4 ; 18 ; 0.134474 ; 0.0181076 ; 0.00423981 ; 101.834;
9 ; 4 ; 18 ; 0.0780071 ; -0.0323795 ; 0.053576 ; 102.188;
10 ; 4 ; 18 ; 0.07474 ; 0.0099543 ; -0.00787846 ; 101.817;
11 ; 4 ; 18 ; 0.0862819 ; 0.0164985 ; -0.0117605 ; 100.728;
12 ; 4 ; 18 ; 0.102895 ; 0.017738 ; -0.0198193 ; 101.811;
13 ; 4 ; 18 ; 0.0923944 ; 0.0231426 ; 0.00166421 ; 101.569;
14 ; 4 ; 18 ; 0.112647 ; 0.010087 ; 0.0213008 ; 100.762;
15 ; 4 ; 18 ; 0.106724 ; -0.0161579 ; -0.00917263 ; 101.081;
16 ; 4 ; 18 ; 0.0882419 ; -0.0173873 ; 0.0218013 ; 101.039;
17 ; 4 ; 18 ; 0.0797614 ; -0.0359561 ; -0.0163257 ; 100.675;
18 ; 4 ; 18 ; 0.100426 ; 0.0192845 ; 0.0302774 ; 101.585;
19 ; 4 ; 18 ; 0.0904798 ; 0.0345555 ; -0.0199653 ; 102.009;
20 ; 4 ; 18 ; 0.132163 ; -0.00744152 ; 0.00541407 ; 101.07;
21 ; 4 ; 18 ; 0.111747 ; 0.0346836 ; -0.000467063 ; 101.894;
4 ; 5 ; 18 ; 0.0756119 ; 0.0106691 ; -0.0090304 ; 100.667;
5 ; 5 ; 18 ; 0.0738646 ; -0.00826208 ; 0.00289611 ; 101.086;
6 ; 5 ; 18 ; 0.0902937 ; -0.0209893 ; 0.0284561 ; 101.66;
7 ; 5 ; 18 ; 0.109018 ; -0.00482437 ; -0.0210055 ; 102.924;
8 ; 5 ; 18 ; 0.112172 ; 0.0295628 ; -0.0213392 ; 100.706;
9 ; 5 ; 18 ; 0.118253 ; 0.0274719 ; -0.0286443 ; 101.278;
10 ; 5 ; 18 ; 0.0992412 ; 0.00400785 ; -0.00303495 ; 100.102;
11 ; 5 ; 18 ; 0.125204 ; 0.00807698 ; -0.00955975 ; 100.577;
12 ; 5 ; 18 ; 0.121103 ; -7.55573e-05 ; 0.0097366 ; 100.458;
13 ; 5 ; 18 ; 0.0862051 ; -0.00754466 ; 0.00727758 ; 100.863;
14 ; 5 ; 18 ; 0.111136 ; 0.0180478 ; -0.0210707 ; 102.56;
15 ; 5 ; 18 ; 0.115378 ; 0.00780549 ; 0.00443658 ; 102.466;
16 ; 5 ; 18 ; 0.12005 ; -0.0133109 ; -0.0116161 ; 101.812;
17 ; 5 ; 18 ; 0.0925164 ; -0.0322994 ; -0.0124121 ; 101.629;
18 ; 5 ; 18 ; 0.0895561 ; 0.0327265 ; 0.00725288 ; 101.172;
19 ; 5 ; 18 ; 0.107185 ; 0.0333528 ; 0.00114811 ; 101.837;
20 ; 5 ; 18 ; 0.0725212 ; -0.0306151 ; -0.0111185 ; 101.606;
21 ; 5 ; 18 ; 0.101169 ; 0.00155338 ; 0.000925924 ; 101.692;
4 ; 6 ; 18 ; 0.131272 ; 0.0267748 ; -0.0560489 ; 100.982;
5 ; 6 ; 18 ; 0.0867254 ; 0.0216211 ; 0.0115992 ; 101.378;
6 ; 6 ; 18 ; 0.141447 ; 0.00310317 ; 0.00954041 ; 101.323;
7 ; 6 ; 18 ; 0.115231 ; -0.0133505 ; -0.0227513 ; 101.454;
8 ; 6 ; 18 ; 0.122482 ; 0.0283156 ; 0.0244931 ; 100.837;
9 ; 6 ; 18 ; 0.139518 ; 0.00942169 ; -0.0103119 ; 102.542;
10 ; 6 ; 18 ; 0.120543 ; -0.0139746 ; -0.00775013 ; 101.961;
11 ; 6 ; 18 ; 0.0952656 ; -0.0213672 ; 0.0141707 ; 101.983;
12 ; 6 ; 18 ; 0.1142 ; -0.0425743 ; -0.0377182 ; 100.406;
13 ; 6 ; 18 ; 0.095706 ; 0.0332129 ; -0.0239117 ; 101.456;
14 ; 6 ; 18 ; 0.087174 ; -0.00465799 ; -0.00281074 ; 101.113;
15 ; 6 ; 18 ; 0.0892255 ; -0.0515919 ; -0.0441627 ; 100.866;
16 ; 6 ; 18 ; 0.119457 ; -0.00174018 ; -0.0187067 ; 101.828;
17 ; 6 ; 18 ; 0.0834324 ; 0.00839313 ; 0.0151471 ; 102.554;
18 ; 6 ; 18 ; 0.0742573 ; 0.0324904 ; -0.0163326 ; 101.806;
19 ; 6 ; 18 ; 0.103652 ; 0.0149189 ; -0.00173328 ; 99.8669;
20 ; 6 ; 18 ; 0.0889744 ; -0.0241223 ; 0.0290236 ; 100.826;
21 ; 6 ; 18 ; 0.137853 ; -0.00629453 ; -0.0077454 ; 101.226;
4 ; 7 ; 18 ; 0.102315 ; 0.0275631 ; -0.00387996 ; 102.285;
5 ; 7 ; 18 ; 0.104788 ; 0.0291215 ; -0.0202989 ; 100.644;
6 ; 7 ; 18 ; 0.124823 ; -0.00643735 ; -0.0270491 ; 101.178;
7 ; 7 ; 18 ; 0.116972 ; 0.00767603 ; 0.0285423 ; 101.314;
8 ; 7 ; 18 ; 0.108473 ; 0.033212 ; 0.00965633 ; 102.021;
9 ; 7 ; 18 ; 0.108356 ; -0.00380553 ; 0.0159298 ; 101.359;
10 ; 7 ; 18 ; 0.103091 ; -0.0164622 ; -0.0630386 ; 101.898;
11 ; 7 ; 18 ; 0.137312 ; -0.00234919 ; -0.0196035 ; 100.256;
12 ; 7 ; 18 ; 0.114259 ; -0.0289759 ; 0.0248167 ; 101.086;
13 ; 7 ; 18 ; 0.0689544 ; -0.0207534 ; -0.0174892 ; 102.18;
14 ; 7 ; 18 ; 0.101515 ; 0.00152568 ; -0.00984394 ; 102.485;
15 ; 7 ; 18 ; 0.0915863 ; -0.00663364 ; 0.0212046 ; 101.737;
16 ; 7 ; 18 ; 0.108846 ; 0.00189589 ; 0.00474665 ; 100.849;
17 ; 7 ; 18 ; 0.119983 ; 0.0168657 ; 0.0344072 ; 101.418;
18 ; 7 ; 18 ; 0.114449 ; -0.0344798 ; -0.0167408 ; 100.852;
19 ; 7 ; 18 ; 0.0927818 ; 0.0165993 ; -0.0237861 ; 102.525;
20 ; 7 ; 18 ; 0.0621157 ; -0.0174945 ; -0.0157143 ; 102.401;
21 ; 7 ; 18 ; 0.0938896 ; -0.0130711 ; 0.0096717 ; 101.849;
4 ; 8 ; 18 ; 0.145582 ; 0.00600668 ; 0.00319455 ; 101.336;
5 ; 8 ; 18 ; 0.129264 ; -0.0339709 ; 0.0378841 ; 102.222;
6 ; 8 ; 18 ; 0.0719498 ; 0.00313437 ; -0.0141412 ; 101.155;
7 ; 8 ; 18 ; 0.117274 ; 0.00543416 ; -0.000245935 ; 101.414;
8 ; 8 ; 18 ; 0.0829323 ; -0.0192039 ; -0.0371706 ; 102.141;
9 ; 8 ; 18 ; 0.132951 ; -0.00164624 ; 1.05691e-05 ; 101.068;
10 ; 8 ; 18 ; 0.164242 ; -0.021545 ; 0.0254398 ; 100.578;
11 ; 8 ; 18 ; 0.116557 ; 0.0024909 ; -0.016728 ; 101.319;
12 ; 8 ; 18 ; 0.108154 ; 0.0424783 ; -0.003475 ; 100.564;
13 ; 8 ; 18 ; 0.0807005 ; -0.00122381 ; -0.0154753 ; 101.106;
14 ; 8 ; 18 ; 0.106115 ; -0.00907058 ; -0.0198231 ; 101.029;
15 ; 8 ; 18 ; 0.0595448 ; 0.0254079 ; -0.0694492 ; 100.526;
16 ; 8 ; 18 ; 0.106194 ; -0.00211999 ; -0.00544109 ; 103.159;
17 ; 8 ; 18 ; 0.138688 ; -0.011816 ; 0.0140575 ; 100.784;
18 ; 8 ; 18 ; 0.121107 ; 0.0100377 ; -0.0147188 ; 100.784;
19 ; 8 ; 18 ; 0.156541 ; -0.015276 ; -0.0402011 ; 100.644;
20 ; 8 ; 18 ; 0.0954909 ; -0.00878186 ; 0.0304314 ; 102.154;
21 ; 8 ; 18 ; 0.123719 ; -0.00076284 ; 0.0156233 ; 100.868;
4 ; 9 ; 18 ; 0.100334 ; 0.0403416 ; -0.00707198 ; 101.904;
5 ; 9 ; 18 ; 0.0979026 ; 0.000124207 ; 0.0520633 ; 100.309;
6 ; 9 ; 18 ; 0.103931 ; -0.0197695 ; 0.0135404 ; 100.079;
7 ; 9 ; 18 ; 0.0725412 ; -0.00457065 ; 0.014527 ; 101.899;
8 ; 9 ; 18 ; 0.0735503 ; -0.00257916 ; 0.00628171 ; 99.6856;
9 ; 9 ; 18 ; 0.118517 ; 0.0461773 ; 0.00850205 ; 100.086;
10 ; 9 ; 18 ; 0.119062 ; -0.0210014 ; 0.0309508 ; 100.291;
11 ; 9 ; 18 ; 0.0939937 ; -0.00454021 ; 0.0310494 ; 101.302;
12 ; 9 ; 18 ; 0.10005 ; -0.0313169 ; -0.0219299 ; 100.752;
13 ; 9 ; 18 ; 0.131316 ; -0.033946 ; -0.00381469 ; 102.565;
14 ; 9 ; 18 ; 0.0794689 ; -0.0261761 ; -0.0227806 ; 100.408;
15 ; 9 ; 18 ; 0.093861 ; 0.0163385 ; -0.0465275 ; 102.58;
16 ; 9 ; 18 ; 0.0674654 ; -0.0214044 ; -0.0428528 ; 100.357;
17 ; 9 ; 18 ; 0.109368 ; 0.00234869 ; -0.0158051 ; 102.552;
18 ; 9 ; 18 ; 0.0953011 ; -0.0169774 ; -0.000198165 ; 100.911;
19 ; 9 ; 18 ; 0.124014 ; -0.00105371 ; -0.0106655 ; 100.974;
20 ; 9 ; 18 ; 0.0911804 ; 0.0120281 ; 0.00769396 ; 101.618;
21 ; 9 ; 18 ; 0.0996311 ; 0.0200887 ; 0.0162248 ; 101.598;
4 ; 10 ; 18 ; 0.100309 ; 0.0227764 ; 0.00714322 ; 101.061;
5 ; 10 ; 18 ; 0.0881541 ; 0.00944468 ; 0.00747484 ; 101.038;
6 ; 10 ; 18 ; 0.0860067 ; 0.0105075 ; 0.0315493 ; 101.902;
7 ; 10 ; 18 ; 0.102154 ; -0.026893 ; 0.0220949 ; 102.524;
8 ; 10 ; 18 ; 0.108277 ; 0.0290833 ; -0.0324179 ; 99.9175;
9 ; 10 ; 18 ; 0.136215 ; 0.0497177 ; 0.0449717 ; 101.794;
10 ; 10 ; 18 ; 0.082725 ; 0.0192171 ; -0.00102721 ; 101.149;
11 ; 10 ; 18 ; 0.0808188 ; -0.00645937 ; 0.0190644 ; 101.912;
12 ; 10 ; 18 ; 0.0869605 ; -4.36341e-05 ; 0.00641407 ; 102.03;
13 ; 10 ; 18 ; 0.0897884 ; 0.0216375 ; -0.00747197 ; 100.666;
14 ; 10 ; 18 ; 0.121042 ; 0.0219899 ; -0.014505 ; 101.889;
15 ; 10 ; 18 ; 0.07184 ; 0.0099602 ; -0.0134675 ; 101.809;
16 ; 10 ; 18 ; 0.123751 ; 0.0173141 ; -0.00957306 ; 102.974;
17 ; 10 ; 18 ; 0.0782139 ; -0.0336992 ; -0.0294509 ; 101.257;
18 ; 10 ; 18 ; 0.11371 ; -0.0360157 ; 0.0286205 ; 100.854;
19 ; 10 ; 18 ; 0.115021 ; 0.0173021 ; 0.000287092 ; 101.473;
20 ; 10 ; 18 ; 0.136737 ; -0.0331219 ; 0.0103046 ; 100.881;
21 ; 10 ; 18 ; 0.142425 ; 0.00832657 ; 0.0142344 ; 101.229;
4 ; 11 ; 18 ; 0.0824232 ; 0.0341148 ; 0.024332 ; 101.502;
5 ; 11 ; 18 ; 0.107248 ; 0.0122188 ; -0.0198107 ; 101.59;
6 ; 11 ; 18 ; 0.0848404 ; -0.0183502 ; -0.0134932 ; 102.168;
7 ; 11 ; 18 ; 0.133819 ; -0.0583763 ; -0.00348335 ; 100.413;
8 ; 11 ; 18 ; 0.1336 ; -0.017551 ; -0.00306576 ; 100.32;
9 ; 11 ; 18 ; 0.109951 ; -0.0024022 ; -0.0371536 ; 101.607;
10 ; 11 ; 18 ; 0.0924004 ; -0.00813758 ; 0.00128214 ; 101.338;
11 ; 11 ; 18 ; 0.103322 ; 0.0389513 ; 0.00952429 ; 101.406;
12 ; 11 ; 18 ; 0.160436 ; 0.0512803 ; 0.0179374 ; 99.8075;
13 ; 11 ; 18 ; 0.10008 ; -0.0117207 ; -0.00520909 ; 100.404;
14 ; 11 ; 18 ; 0.115632 ; 0.0172476 ; 0.028015 ; 101.937;
15 ; 11 ; 18 ; 0.0976112 ; -0.000965766 ; -0.00213195 ; 102.334;
16 ; 11 ; 18 ; 0.0931294 ; -0.0462747 ; -0.00188961 ; 100.695;
17 ; 11 ; 18 ; 0.0978696 ; -0.0195275 ; 0.00650743 ; 101.244;
18 ; 11 ; 18 ; 0.153985 ; 0.00693547 ; 0.00140046 ; 101.898;
19 ; 11 ; 18 ; 0.124331 ; 0.0087627 ; -0.0533394 ; 101.581;
20 ; 11 ; 18 ; 0.103165 ; -0.0441965 ; -0.0409891 ; 102.826;
21 ; 11 ; 18 ; 0.0640791 ; -0.00754263 ; -0.00281965 ; 101.836;
4 ; 12 ; 18 ; 0.104839 ; 0.0234567 ; 0.00969333 ; 103.316;
5 ; 12 ; 18 ; 0.112885 ; -0.0306439 ; 0.0219995 ; 100.555;
6 ; 12 ; 18 ; 0.110825 ; -0.0774581 ; 0.0111161 ; 102.553;
7 ; 12 ; 18 ; 0.107833 ; -0.0337334 ; -0.0177406 ; 102.887;
8 ; 12 ; 18 ; 0.115399 ; 0.0222307 ; -0.0077778 ; 101.214;
9 ; 12 ; 18 ; 0.0917759 ; 0.0406898 ; -0.028489 ; 100.342;
10 ; 12 ; 18 ; 0.0816964 ; -0.0136693 ; 0.0233148 ; 99.3075;
11 ; 12 ; 18 ; 0.108089 ; 0.0291295 ; -0.0161427 ; 101.966;
12 ; 12 ; 18 ; 0.0999588 ; 0.00679663 ; 0.0105966 ; 101.552;
13 ; 12 ; 18 ; 0.114218 ; 0.00616478 ; 0.0264083 ; 102.042;
14 ; 12 ; 18 ; 0.149888 ; -0.0476931 ; 0.0124589 ; 101.547;
15 ; 12 ; 18 ; 0.106381 ; -0.0179769 ; -0.0329338 ; 101.114;
16 ; 12 ; 18 ; 0.0891768 ; 0.0125681 ; 0.0199449 ; 101.851;
17 ; 12 ; 18 ; 0.0936891 ; 0.00587171 ; 0.0317136 ; 100.736;
18 ; 12 ; 18 ; 0.146048 ; -0.0286459 ; 0.000807313 ; 100.802;
19 ; 12 ; 18 ; 0.156097 ; -0.00805203 ; -0.0227143 ; 101.604;
20 ; 12 ; 18 ; 0.0653264 ; 0.0129229 ; 0.00350534 ; 100.96;
21 ; 12 ; 18 ; 0.109419 ; -0.00765196 ; -1.91867e-05 ; 100.36;
4 ; 13 ; 18 ; 0.0921736 ; 0.0211487 ; -0.00525168 ; 101.109;
5 ; 13 ; 18 ; 0.0874158 ; 0.0153578 ; -0.0128761 ; 101.348;
6 ; 13 ; 18 ; 0.0767028 ; -0.00128403 ; -0.00530357 ; 101.276;
7 ; 13 ; 18 ; 0.109331 ; -0.036851 ; 0.0259448 ; 101.819;
8 ; 13 ; 18 ; 0.117144 ; 0.00975928 ; -0.0157732 ; 100.598;
9 ; 13 ; 18 ; 0.101261 ; 0.0315019 ; 0.0211064 ; 101.176;
10 ; 13 ; 18 ; 0.0830563 ; -0.00851231 ; -0.0205143 ; 101.008;
11 ; 13 ; 18 ; 0.119321 ; 0.0173045 ; -0.0264736 ; 101.081;
12 ; 13 ; 18 ; 0.0678332 ; 0.00100818 ; 0.0266203 ; 100.586;
13 ; 13 ; 18 ; 0.088313 ; -0.0297545 ; -0.01503 ; 99.84;
14 ; 13 ; 18 ; 0.0870538 ; 0.0112582 ; -0.00055099 ; 101.492;
15 ; 13 ; 18 ; 0.106052 ; -0.0291461 ; 0.00104533 ; 100.744;
16 ; 13 ; 18 ; 0.0763201 ; 0.0120688 ; 0.0124909 ; 101.354;
17 ; 13 ; 18 ; 0.134234 ; -0.00428753 ; -0.0029075 ; 101.93;
18 ; 13 ; 18 ; 0.121523 ; 0.00666542 ; 0.00427156 ; 101.763;
19 ; 13 ; 18 ; 0.0908645 ; 0.0226289 ; -0.0124424 ; 101.279;
20 ; 13 ; 18 ; 0.0968668 ; 0.0142689 ; -0.0375132 ; 102.552;
21 ; 13 ; 18 ; 0.122964 ; -0.0189758 ; -0.00331355 ; 101.069;
4 ; 14 ; 18 ; 0.128887 ; 0.00931736 ; 0.00735445 ; 100.711;
5 ; 14 ; 18 ; 0.119761 ; -0.00702114 ; -0.0318984 ; 101.898;
6 ; 14 ; 18 ; 0.116772 ; 0.0264307 ; 0.012781 ; 101.202;
7 ; 14 ; 18 ; 0.104582 ; 0.0145749 ; -0.00990378 ; 100.783;
8 ; 14 ; 18 ; 0.130102 ; -0.00677072 ; 0.0036179 ; 100.941;
9 ; 14 ; 18 ; 0.120511 ; -0.015009 ; 0.0442968 ; 102.056;
10 ; 14 ; 18 ; 0.12458 ; 0.00111875 ; -0.00470545 ; 101.539;
11 ; 14 ; 18 ; 0.125528 ; -0.00565994 ; -0.0045944 ; 101.289;
12 ; 14 ; 18 ; 0.112484 ; 0.0139196 ; -0.0299752 ; 102.208;
13 ; 14 ; 18 ; 0.106739 ; -0.0141742 ; -0.00147185 ; 102.812;
14 ; 14 ; 18 ; 0.0843148 ; -0.0251139 ; -0.019171 ; 102.069;
15 ; 14 ; 18 ; 0.0914092 ; -0.0347888 ; 3.71096e-05 ; 102.853;
16 ; 14 ; 18 ; 0.110277 ; 0.0176183 ; -0.00773015 ; 100.559;
17 ; 14 ; 18 ; 0.0967977 ; 0.00601371 ; -0.000799527 ; 101.719;
18 ; 14 ; 18 ; 0.104715 ; 0.002707 ; 0.00148662 ; 101.298;
19 ; 14 ; 18 ; 0.0882544 ; 0.0143126 ; -0.000385788 ; 102.072;
20 ; 14 ; 18 ; 0.111342 ; 0.00370224 ; -0.0114535 ; 101.071;
21 ; 14 ; 18 ; 0.0905333 ; -0.0391235 ; -0.0230146 ; 100.238;
4 ; 15 ; 18 ; 0.11293 ; 0.0162077 ; 0.0221716 ; 101.324;
5 ; 15 ; 18 ; 0.143373 ; -0.0138669 ; 0.00812549 ; 99.9312;
6 ; 15 ; 18 ; 0.145889 ; 0.0174815 ; 0.00724779 ; 101.62;
7 ; 15 ; 18 ; 0.0691599 ; 0.00373622 ; 0.0281601 ; 100.665;
8 ; 15 ; 18 ; 0.0986599 ; -0.0413757 ; 0.00357457 ; 101.921;
9 ; 15 ; 18 ; 0.0825588 ; -0.0184888 ; 0.000760035 ; 101.444;
10 ; 15 ; 18 ; 0.106828 ; -0.00369872 ; 0.0217705 ; 101.954;
11 ; 15 ; 18 ; 0.104194 ; 0.00145012 ; 0.000671562 ; 101.851;
12 ; 15 ; 18 ; 0.0764841 ; 0.004621 ; 0.031228 ; 100.984;
13 ; 15 ; 18 ; 0.106167 ; -0.0154403 ; 0.00285755 ; 100.512;
14 ; 15 ; 18 ; 0.109222 ; 0.042916 ; 0.0109404 ; 101.36;
15 ; 15 ; 18 ; 0.131419 ; -0.0227951 ; -0.00955834 ; 101.717;
16 ; 15 ; 18 ; 0.127334 ; 0.0156635 ; 0.0276547 ; 101.099;
17 ; 15 ; 18 ; 0.0886096 ; -0.0141864 ; -0.020461 ; 101.979;
18 ; 15 ; 18 ; 0.114997 ; 0.000366455 ; 0.00614536 ; 101.203;
19 ; 15 ; 18 ; 0.0860539 ; 0.00466653 ; -0.0080851 ; 101.266;
20 ; 15 ; 18 ; 0.086326 ; 0.0233395 ; -0.0433786 ; 101.756;
21 ; 15 ; 18 ; 0.120005 ; -0.0160038 ; 0.00293238 ; 102.344;
4 ; 16 ; 18 ; 0.0865513 ; 0.0203745 ; -0.0255307 ; 101.913;
5 ; 16 ; 18 ; 0.110183 ; -0.00429388 ; -0.0058695 ; 102.303;
6 ; 16 ; 18 ; 0.130168 ; -0.0406133 ; -0.00784126 ; 102.037;
7 ; 16 ; 18 ; 0.104097 ; 0.0205967 ; 0.00294171 ; 101.936;
8 ; 16 ; 18 ; 0.12456 ; 0.0241184 ; 0.0525161 ; 100.594;
9 ; 16 ; 18 ; 0.138725 ; -0.00238469 ; 0.0167418 ; 101.49;
10 ; 16 ; 18 ; 0.114604 ; -0.0032801 ; 0.00434685 ; 102.124;
11 ; 16 ; 18 ; 0.123091 ; -0.0245381 ; 0.025773 ; 101.042;
12 ; 16 ; 18 ; 0.0973212 ; -0.0144711 ; -0.0118473 ; 101.97;
13 ; 16 ; 18 ; 0.0936195 ; -0.0128549 ; -0.0210943 ; 101.486;
14 ; 16 ; 18 ; 0.113618 ; 0.021858 ; 0.017148 ; 100.547;
15 ; 16 ; 18 ; 0.136795 ; -0.0203526 ; -0.0102603 ; 101.738;
16 ; 16 ; 18 ; 0.108737 ; 0.00295915 ; 0.0283405 ; 101.023;
17 ; 16 ; 18 ; 0.10917 ; -0.0353178 ; 0.0267551 ; 101.026;
18 ; 16 ; 18 ; 0.10558 ; 0.004356 ; -0.0334399 ; 101.666;
19 ; 16 ; 18 ; 0.124398 ; 0.0187705 ; -0.0127798 ; 102.511;
20 ; 16 ; 18 ; 0.113192 ; 0.0096104 ; 0.00230725 ; 100.793;
21 ; 16 ; 18 ; 0.123056 ; -0.0247993 ; 0.0139636 ; 100.094;
4 ; 17 ; 18 ; 0.12433 ; -0.0100881 ; 0.0140002 ; 101.218;
5 ; 17 ; 18 ; 0.0867138 ; 0.00215909 ; 0.0129812 ; 101.341;
6 ; 17 ; 18 ; 0.0888518 ; 0.00621456 ; -0.00657205 ; 101.002;
7 ; 17 ; 18 ; 0.101979 ; 0.00999794 ; -0.0348001 ; 100.739;
8 ; 17 ; 18 ; 0.0961437 ; 0.00767049 ; 0.054345 ; 100.811;
9 ; 17 ; 18 ; 0.095764 ; -0.024403 ; 0.0138187 ; 101.356;
10 ; 17 ; 18 ; 0.128421 ; -0.0147995 ; -0.00660815 ; 101.013;
11 ; 17 ; 18 ; 0.113236 ; 0.0414411 ; 0.0155057 ; 101.212;
12 ; 17 ; 18 ; 0.0874097 ; 0.00160296 ; 0.0312297 ; 101.686;
13 ; 17 ; 18 ; 0.159112 ; 0.00279161 ; 0.00815743 ; 101.263;
14 ; 17 ; 18 ; 0.0989162 ; 0.0157888 ; -0.0146334 ; 101.567;
15 ; 17 ; 18 ; 0.0811563 ; -0.00936023 ; 0.00186226 ; 101.958;
16 ; 17 ; 18 ; 0.114675 ; -0.0299123 ; -0.00325948 ; 102.737;
17 ; 17 ; 18 ; 0.11261 ; -0.0192503 ; 0.0104092 ; 101.418;
18 ; 17 ; 18 ; 0.124528 ; -0.0100398 ; 0.000943985 ; 101.529;
19 ; 17 ; 18 ; 0.118905 ; -0.00468878 ; -0.0299501 ; 100.689;
20 ; 17 ; 18 ; 0.111167 ; 0.0203337 ; 0.0363946 ; 102.116;
21 ; 17 ; 18 ; 0.0730328 ; 0.0329744 ; 0.0119099 ; 101.456;
4 ; 18 ; 18 ; 0.12354 ; 0.0034412 ; 0.0184948 ; 100.31;
5 ; 18 ; 18 ; 0.12473 ; 0.019733 ; -0.000619125 ; 102.852;
6 ; 18 ; 18 ; 0.0848858 ; -0.0109138 ; -0.0133642 ; 100.812;
7 ; 18 ; 18 ; 0.110952 ; 0.00429839 ; 0.0139602 ; 101.134;
8 ; 18 ; 18 ; 0.132409 ; 0.0367923 ; 0.0243684 ; 101.671;
9 ; 18 ; 18 ; 0.0912617 ; 0.0158109 ; 0.00694538 ; 100.696;
10 ; 18 ; 18 ; 0.129513 ; -0.0175924 ; 0.0279666 ; 99.7719;
11 ; 18 ; 18 ; 0.0840486 ; -0.00288536 ; 0.0433745 ; 101.146;
12 ; 18 ; 18 ; 0.122296 ; 0.0346367 ; 0.00685369 ; 101.357;
13 ; 18 ; 18 ; 0.147761 ; 0.00259236 ; -0.0380351 ; 102.436;
14 ; 18 ; 18 ; 0.108177 ; 0.0128139 ; 0.00237378 ; 101.314;
15 ; 18 ; 18 ; 0.0714345 ; 0.0195368 ; -0.00594525 ; 101.071;
16 ; 18 ; 18 ; 0.107116 ; -0.0282984 ; 0.0167984 ; 101.794;
17 ; 18 ; 18 ; 0.111192 ; -0.00266452 ; 0.0292547 ; 100.67;
18 ; 18 ; 18 ; 0.0899802 ; 0.00291585 ; -0.0124616 ; 100.864;
19 ; 18 ; 18 ; 0.115038 ; -0.00631494 ; -0.0319202 ; 101.767;
20 ; 18 ; 18 ; 0.092096 ; -0.00857703 ; 0.0310445 ; 102.106;
21 ; 18 ; 18 ; 0.0917553 ; 0.00745075 ; 0.0131578 ; 101.392;
4 ; 19 ; 18 ; 0.0935459 ; 0.0131743 ; 0.0126914 ; 100.896;
5 ; 19 ; 18 ; 0.0987979 ; -0.0212626 ; 0.0254758 ; 100.098;
6 ; 19 ; 18 ; 0.118566 ; -0.0205779 ; 0.0274672 ; 101.509;
7 ; 19 ; 18 ; 0.0796322 ; -0.00673339 ; 0.0231268 ; 101.28;
8 ; 19 ; 18 ; 0.114575 ; 0.0145189 ; 0.0149456 ; 102.225;
9 ; 19 ; 18 ; 0.0996825 ; -0.00975061 ; -0.00773752 ; 102.266;
10 ; 19 ; 18 ; 0.151104 ; 0.00288062 ; 0.00247541 ; 101.211;
11 ; 19 ; 18 ; 0.12522 ; 0.0318352 ; 0.0158226 ; 102.153;
12 ; 19 ; 18 ; 0.113357 ; -0.000133968 ; -0.0086756 ; 99.8287;
13 ; 19 ; 18 ; 0.0215502 ; -0.000293755 ; -0.00219299 ; 101.248;
14 ; 19 ; 18 ; 0.0720422 ; -0.0238084 ; -0.00954992 ; 101.008;
15 ; 19 ; 18 ; 0.0813054 ; 0.0040423 ; 0.0237348 ; 101.947;
16 ; 19 ; 18 ; 0.10979 ; 0.00217688 ; 0.0395174 ; 102.078;
17 ; 19 ; 18 ; 0.0970372 ; -0.000395732 ; -0.0157361 ; 100.859;
18 ; 19 ; 18 ; 0.0951917 ; -0.0281812 ; -0.0121071 ; 100.821;
19 ; 19 ; 18 ; 0.0868155 ; -0.00850117 ; -0.0278975 ; 102.349;
20 ; 19 ; 18 ; 0.107401 ; 0.00803825 ; -0.014589 ; 100.586;
21 ; 19 ; 18 ; 0.089264 ; -0.0222978 ; 0.0135757 ; 101.02;
4 ; 20 ; 18 ; 0.110388 ; 0.0238466 ; 0.0244674 ; 101.348;
5 ; 20 ; 18 ; 0.12134 ; 0.0265156 ; 0.0406488 ; 101.181;
6 ; 20 ; 18 ; 0.110113 ; -0.0180963 ; 0.00757964 ; 100.442;
7 ; 20 ; 18 ; 0.0800353 ; -0.00495605 ; 0.0219794 ; 98.6412;
8 ; 20 ; 18 ; 0.103416 ; 0.0369679 ; -0.00810232 ; 101.955;
9 ; 20 ; 18 ; 0.0941661 ; 0.0220291 ; 0.00683081 ; 101.634;
10 ; 20 ; 18 ; 0.0820165 ; 0.00833658 ; -0.0380158 ; 102.167;
11 ; 20 ; 18 ; 0.0753931 ; 0.0394987 ; 0.0273467 ; 101.134;
12 ; 20 ; 18 ; 0.121022 ; 0.0283297 ; -0.0402198 ; 101.3;
13 ; 20 ; 18 ; 0.133344 ; 0.00205116 ; -0.000738659 ; 101.519;
14 ; 20 ; 18 ; 0.106327 ; 0.010138 ; 5.00556e-05 ; 101.322;
15 ; 20 ; 18 ; 0.137038 ; -0.0193664 ; 0.014258 ; 101.134;
16 ; 20 ; 18 ; 0.107203 ; -0.0181941 ; 0.0244333 ; 101.334;
17 ; 20 ; 18 ; 0.113973 ; 0.00760994 ; 0.00254222 ; 101.62;
18 ; 20 ; 18 ; 0.112451 ; -0.0191523 ; -0.0337923 ; 101.566;
19 ; 20 ; 18 ; 0.125284 ; -0.030618 ; -0.0262733 ; 101.174;
20 ; 20 ; 18 ; 0.104719 ; -0.0179121 ; 0.00807937 ; 101.671;
21 ; 20 ; 18 ; 0.0704623 ; -0.00727857 ; -0.0156913 ; 101.619;
4 ; 21 ; 18 ; 0.106762 ; 0.00518923 ; 0.0131495 ; 101.415;
5 ; 21 ; 18 ; 0.0773908 ; 0.0480004 ; -0.0213474 ; 100.836;
6 ; 21 ; 18 ; 0.0833116 ; 0.00425805 ; 0.0158338 ; 101.781;
7 ; 21 ; 18 ; 0.0879988 ; -0.0163471 ; -0.00298078 ; 101.025;
8 ; 21 ; 18 ; 0.104514 ; -0.00976604 ; 0.00469203 ; 102.188;
9 ; 21 ; 18 ; 0.0632333 ; -0.019114 ; -0.0247578 ; 101.251;
10 ; 21 ; 18 ; 0.0808632 ; -0.0211202 ; 0.00916965 ; 101.842;
11 ; 21 ; 18 ; 0.0990436 ; 0.0492856 ; 0.0301407 ; 100.959;
12 ; 21 ; 18 ; 0.107325 ; -0.0344836 ; -0.00698649 ; 101.395;
13 ; 21 ; 18 ; 0.061261 ; -0.0069613 ; 0.0113222 ; 102.067;
14 ; 21 ; 18 ; 0.118592 ; 0.0049449 ; -0.0216558 ; 100.571;
15 ; 21 ; 18 ; 0.0941721 ; -0.00610066 ; 0.0200853 ; 100.807;
16 ; 21 ; 18 ; 0.0710321 ; -0.00146085 ; 0.0282587 ; 101.573;
17 ; 21 ; 18 ; 0.120391 ; 0.0469416 ; 0.0213877 ; 101.99;
18 ; 21 ; 18 ; 0.111873 ; 0.0235401 ; -0.00197303 ; 101.027;
19 ; 21 ; 18 ; 0.131658 ; 0.00415769 ; -0.0194484 ; 100.012;
20 ; 21 ; 18 ; 0.113776 ; 0.0242401 ; -0.00937386 ; 102.481;
21 ; 21 ; 18 ; 0.129593 ; -0.0205692 ; -0.023551 ; 100.531;
4 ; 4 ; 19 ; 0.0751803 ; -0.00971049 ; 0.00744517 ; 101.666;
5 ; 4 ; 19 ; 0.0284368 ; 0.022813 ; 0.0329543 ; 101.966;
6 ; 4 ; 19 ; 0.0657363 ; 0.0271538 ; 0.00833511 ; 100.632;
7 ; 4 ; 19 ; 0.0911768 ; -0.00958686 ; -0.00482379 ; 101.775;
8 ; 4 ; 19 ; 0.0655435 ; 0.0267839 ; -0.00464527 ; 101.124;
9 ; 4 ; 19 ; 0.0885997 ; 0.015984 ; 0.00525536 ; 102.799;
10 ; 4 ; 19 ; 0.0688656 ; -0.0117115 ; 0.0183378 ; 100.107;
11 ; 4 ; 19 ; 0.114978 ; 0.0278639 ; -0.00288782 ; 101.269;
12 ; 4 ; 19 ; 0.0897583 ; 0.0345845 ; -0.0691978 ; 101.966;
13 ; 4 ; 19 ; 0.080092 ; -0.00392588 ; 0.00094811 ; 101.576;
14 ; 4 ; 19 ; 0.0827841 ; 0.0141517 ; -0.0306421 ; 101.786;
15 ; 4 ; 19 ; 0.080751 ; 0.00451704 ; 0.0046119 ; 101.712;
16 ; 4 ; 19 ; 0.10574 ; -0.00903463 ; 0.0325926 ; 101.107;
17 ; 4 ; 19 ; 0.0609519 ; -0.0205443 ; 0.0301613 ; 101.281;
18 ; 4 ; 19 ; 0.0797787 ; -0.00113809 ; 0.00157439 ; 100.544;
19 ; 4 ; 19 ; 0.147607 ; 0.00416797 ; -0.00305993 ; 101.196;
20 ; 4 ; 19 ; 0.0750604 ; -0.0158245 ; -0.0372542 ; 102.498;
21 ; 4 ; 19 ; 0.0962832 ; 0.00968365 ; 0.001066 ; 101.454;
4 ; 5 ; 19 ; 0.0642624 ; 0.0136544 ; -0.00506306 ; 101.257;
5 ; 5 ; 19 ; 0.0451375 ; 0.0072617 ; 0.031845 ; 100.866;
6 ; 5 ; 19 ; 0.0622596 ; 0.0312374 ; 0.0527833 ; 102.434;
7 ; 5 ; 19 ; 0.0723923 ; 0.03284 ; 0.00283973 ; 101.205;
8 ; 5 ; 19 ; 0.0745023 ; 0.00313208 ; 0.0279151 ; 102.278;
9 ; 5 ; 19 ; 0.0704874 ; 0.0087673 ; 0.00712344 ; 100.955;
10 ; 5 ; 19 ; 0.071569 ; 0.0160871 ; 0.00576837 ; 102.201;
11 ; 5 ; 19 ; 0.0938872 ; 0.0279803 ; -0.0257563 ; 102.304;
12 ; 5 ; 19 ; 0.0937742 ; 0.00122936 ; -0.000707761 ; 100.982;
13 ; 5 ; 19 ; 0.0386721 ; 0.00878712 ; 0.0210437 ; 102.371;
14 ; 5 ; 19 ; 0.0528511 ; 0.0516582 ; 0.0113618 ; 100.986;
15 ; 5 ; 19 ; 0.0853887 ; 0.00948209 ; 0.0292519 ; 100.576;
16 ; 5 ; 19 ; 0.0808909 ; -0.0034712 ; 0.00110875 ; 100.928;
17 ; 5 ; 19 ; 0.0576002 ; -0.0148875 ; 0.0143648 ; 102.121;
18 ; 5 ; 19 ; 0.0804388 ; 0.00739009 ; -0.0149029 ; 102.688;
19 ; 5 ; 19 ; 0.0641662 ; 0.0238293 ; -0.00788605 ; 100.678;
20 ; 5 ; 19 ; 0.0818329 ; -0.0128886 ; 0.00200375 ; 99.8175;
21 ; 5 ; 19 ; 0.0582144 ; 0.00820793 ; -0.000725719 ; 101.767;
4 ; 6 ; 19 ; 0.0994758 ; 0.00998944 ; 0.00414442 ; 102.556;
5 ; 6 ; 19 ; 0.03982 ; 0.023853 ; 0.00826304 ; 101.796;
6 ; 6 ; 19 ; 0.0751635 ; 0.0137399 ; 0.0237282 ; 100.941;
7 ; 6 ; 19 ; 0.0867597 ; 0.0128275 ; -0.00599563 ; 101.055;
8 ; 6 ; 19 ; 0.0874246 ; 0.0451208 ; 0.00314782 ; 102.225;
9 ; 6 ; 19 ; 0.0874768 ; 0.014529 ; -0.0307399 ; 101.368;
10 ; 6 ; 19 ; 0.0799716 ; 0.0248223 ; -0.0136618 ; 100.979;
11 ; 6 ; 19 ; 0.0873185 ; 0.0113993 ; 0.00523712 ; 102.008;
12 ; 6 ; 19 ; 0.0742446 ; 0.00280286 ; -0.0403902 ; 103.216;
13 ; 6 ; 19 ; 0.0628086 ; -0.00904047 ; -0.0149272 ; 101.113;
14 ; 6 ; 19 ; 0.102948 ; 0.0141144 ; 0.0344399 ; 101.948;
15 ; 6 ; 19 ; 0.0764991 ; -0.014944 ; -0.00360034 ; 102.759;
16 ; 6 ; 19 ; 0.0664811 ; 0.0153274 ; 0.0144478 ; 101.734;
17 ; 6 ; 19 ; 0.0711052 ; -0.00635304 ; 0.00243559 ; 100.576;
18 ; 6 ; 19 ; 0.0707162 ; 0.0425554 ; 0.00301111 ; 101.536;
19 ; 6 ; 19 ; 0.0377649 ; 0.0490726 ; -0.0336065 ; 100.997;
20 ; 6 ; 19 ; 0.0902829 ; -0.0330679 ; -0.0442027 ; 101.396;
21 ; 6 ; 19 ; 0.123063 ; 0.0149631 ; -0.0305103 ; 101.318;
4 ; 7 ; 19 ; 0.0961511 ; -0.022965 ; 0.014399 ; 101.502;
5 ; 7 ; 19 ; 0.0884743 ; 0.0415536 ; 0.0230456 ; 101.278;
6 ; 7 ; 19 ; 0.0619558 ; -0.0207685 ; 0.00798444 ; 100.526;
7 ; 7 ; 19 ; 0.0992909 ; 0.0302045 ; 0.0259238 ; 101.001;
8 ; 7 ; 19 ; 0.105078 ; 0.0234302 ; 0.00742107 ; 100.706;
9 ; 7 ; 19 ; 0.0987221 ; -0.00727629 ; 0.011443 ; 101.649;
10 ; 7 ; 19 ; 0.092727 ; -0.0302413 ; -0.0270075 ; 101.282;
11 ; 7 ; 19 ; 0.0862453 ; -0.0196692 ; -0.0129153 ; 100.809;
12 ; 7 ; 19 ; 0.0863126 ; -0.0147319 ; 0.00403616 ; 102.481;
13 ; 7 ; 19 ; 0.106013 ; -0.0259744 ; 0.050638 ; 100.276;
14 ; 7 ; 19 ; 0.0971951 ; -0.00188228 ; -0.0188554 ; 101.232;
15 ; 7 ; 19 ; 0.0811198 ; -0.000462276 ; 0.0130286 ; 100.96;
16 ; 7 ; 19 ; 0.0891555 ; 0.011891 ; -0.00602056 ; 101.949;
17 ; 7 ; 19 ; 0.0585276 ; -0.00347798 ; 0.00388788 ; 101.082;
18 ; 7 ; 19 ; 0.0969802 ; 0.00318234 ; -0.0105842 ; 100.875;
19 ; 7 ; 19 ; 0.0622989 ; 0.0327883 ; -0.0268282 ; 102.12;
20 ; 7 ; 19 ; 0.0679808 ; 0.00389054 ; 0.000560981 ; 100.281;
21 ; 7 ; 19 ; 0.0890868 ; 0.0506682 ; -0.0073014 ; 101.472;
4 ; 8 ; 19 ; 0.0640736 ; 0.0143776 ; -0.0189083 ; 100.926;
5 ; 8 ; 19 ; 0.0776593 ; -0.0167862 ; -0.0115028 ; 100.619;
6 ; 8 ; 19 ; 0.101947 ; -0.00678177 ; -0.0278395 ; 101.885;
7 ; 8 ; 19 ; 0.0833802 ; 0.0230027 ; 0.0250553 ; 101.685;
8 ; 8 ; 19 ; 0.0810252 ; 0.00527772 ; -0.0208213 ; 101.149;
9 ; 8 ; 19 ; 0.10831 ; -0.00287921 ; -0.0409356 ; 101.499;
10 ; 8 ; 19 ; 0.0734085 ; -0.0248393 ; 0.0118868 ; 101.421;
11 ; 8 ; 19 ; 0.0880333 ; 0.00832614 ; 0.00483683 ; 101.454;
12 ; 8 ; 19 ; 0.071999 ; -0.0282703 ; -0.014804 ; 101.428;
13 ; 8 ; 19 ; 0.0603541 ; -0.0274363 ; -0.012291 ; 101.403;
14 ; 8 ; 19 ; 0.0879496 ; -0.0237765 ; -0.0390974 ; 101.876;
15 ; 8 ; 19 ; 0.114293 ; 0.00858562 ; -0.00474192 ; 101.308;
16 ; 8 ; 19 ; 0.0722166 ; -0.0465469 ; 0.0129829 ; 101.997;
17 ; 8 ; 19 ; 0.0860746 ; -0.00531971 ; -0.0145682 ; 101.508;
18 ; 8 ; 19 ; 0.099315 ; -0.0211283 ; -0.0147176 ; 101.61;
19 ; 8 ; 19 ; 0.0723467 ; 0.0190274 ; 0.01384 ; 102.066;
20 ; 8 ; 19 ; 0.0845164 ; 0.00632692 ; -0.00882547 ; 102.124;
21 ; 8 ; 19 ; 0.102079 ; -0.012546 ; 0.0140714 ; 100.799;
4 ; 9 ; 19 ; 0.069873 ; 0.00367903 ; -0.0358676 ; 102.269;
5 ; 9 ; 19 ; 0.0941894 ; 0.0116736 ; 0.00840817 ; 102.049;
6 ; 9 ; 19 ; 0.0811592 ; 0.018443 ; 0.0290663 ; 102.339;
7 ; 9 ; 19 ; 0.0609461 ; 0.0426998 ; 0.0262791 ; 101.082;
8 ; 9 ; 19 ; 0.0561559 ; -0.00855704 ; -0.0396192 ; 100.736;
9 ; 9 ; 19 ; 0.0743643 ; 0.0108238 ; -0.00848648 ; 101.569;
10 ; 9 ; 19 ; 0.0807725 ; 0.0503267 ; 0.0388175 ; 102.179;
11 ; 9 ; 19 ; 0.133347 ; 0.00972398 ; -0.0308311 ; 102.174;
12 ; 9 ; 19 ; 0.11459 ; 0.00313398 ; -0.0131751 ; 101.824;
13 ; 9 ; 19 ; 0.118935 ; -0.0291407 ; -0.00713599 ; 101.196;
14 ; 9 ; 19 ; 0.116256 ; -0.017561 ; 0.00275072 ; 100.712;
15 ; 9 ; 19 ; 0.0548083 ; -0.0198475 ; -0.00979821 ; 100.596;
16 ; 9 ; 19 ; 0.0710095 ; -0.0265035 ; -0.0195384 ; 101.776;
17 ; 9 ; 19 ; 0.069407 ; 0.0125805 ; -0.0136159 ; 101.838;
18 ; 9 ; 19 ; 0.0792973 ; 0.00146959 ; 0.00254298 ; 102.444;
19 ; 9 ; 19 ; 0.0679383 ; 0.0397283 ; -0.00962861 ; 101.329;
20 ; 9 ; 19 ; 0.114449 ; -0.00415613 ; 0.0267027 ; 101.85;
21 ; 9 ; 19 ; 0.078364 ; 0.00966689 ; 0.0275537 ; 101.46;
4 ; 10 ; 19 ; 0.10561 ; 0.00103061 ; -0.0415579 ; 101.187;
5 ; 10 ; 19 ; 0.119574 ; 0.0177508 ; -0.00312674 ; 101.852;
6 ; 10 ; 19 ; 0.0724684 ; -0.00377902 ; -0.0213587 ; 102.519;
7 ; 10 ; 19 ; 0.0936748 ; 0.0082986 ; 0.0113 ; 101.984;
8 ; 10 ; 19 ; 0.080414 ; 0.0132612 ; -0.0249704 ; 101.144;
9 ; 10 ; 19 ; 0.0865909 ; 0.0065239 ; 0.0410175 ; 101.769;
10 ; 10 ; 19 ; 0.100037 ; 0.0215646 ; 0.0439322 ; 100.612;
11 ; 10 ; 19 ; 0.122571 ; 0.0182677 ; -0.00552816 ; 102.047;
12 ; 10 ; 19 ; 0.0775204 ; -0.0162761 ; 0.00854991 ; 101.416;
13 ; 10 ; 19 ; 0.0546565 ; 0.0143513 ; -0.00978047 ; 102.202;
14 ; 10 ; 19 ; 0.0611345 ; -0.0127693 ; 0.00011762 ; 101.261;
15 ; 10 ; 19 ; 0.097395 ; 0.0211297 ; -0.0107699 ; 102.827;
16 ; 10 ; 19 ; 0.117543 ; -0.00454871 ; 0.00327769 ; 101.926;
17 ; 10 ; 19 ; 0.0888934 ; -0.0235822 ; 0.0202044 ; 101.926;
18 ; 10 ; 19 ; 0.093831 ; -0.00190515 ; 0.0044433 ; 100.176;
19 ; 10 ; 19 ; 0.0806726 ; 0.0402282 ; 0.00627365 ; 100.681;
20 ; 10 ; 19 ; 0.106953 ; 0.0108851 ; -0.000638523 ; 102.767;
21 ; 10 ; 19 ; 0.0571996 ; 0.0162921 ; 0.0110606 ; 101.529;
4 ; 11 ; 19 ; 0.0819272 ; 0.0274054 ; -0.00821635 ; 100.637;
5 ; 11 ; 19 ; 0.0794805 ; -0.00298632 ; -0.0216152 ; 100.62;
6 ; 11 ; 19 ; 0.068814 ; -0.00210265 ; 0.00184799 ; 100.541;
7 ; 11 ; 19 ; 0.07285 ; -0.0246085 ; -0.0131452 ; 100.726;
8 ; 11 ; 19 ; 0.0803867 ; -0.0316207 ; 0.0352352 ; 101.083;
9 ; 11 ; 19 ; 0.0809814 ; 0.0191323 ; -0.0264755 ; 100.899;
10 ; 11 ; 19 ; 0.10111 ; 0.0151525 ; 0.00245516 ; 101.469;
11 ; 11 ; 19 ; 0.0812534 ; 0.0188757 ; -0.00783198 ; 101.384;
12 ; 11 ; 19 ; 0.12933 ; -0.0167911 ; 0.0658081 ; 101.285;
13 ; 11 ; 19 ; 0.101464 ; 0.000907712 ; 0.0352799 ; 100.919;
14 ; 11 ; 19 ; 0.0817272 ; -0.0395789 ; 0.0113547 ; 101.211;
15 ; 11 ; 19 ; 0.0555243 ; -0.00179501 ; -0.000795439 ; 102.125;
16 ; 11 ; 19 ; 0.0869837 ; -0.00233208 ; -0.0492628 ; 100.353;
17 ; 11 ; 19 ; 0.0423566 ; 0.000384903 ; -0.00543911 ; 101.517;
18 ; 11 ; 19 ; 0.0738293 ; 0.0237732 ; -0.02247 ; 102.418;
19 ; 11 ; 19 ; 0.0472801 ; -0.000911981 ; 0.0127674 ; 102.338;
20 ; 11 ; 19 ; 0.0794186 ; 0.00418067 ; -0.0723008 ; 101.951;
21 ; 11 ; 19 ; 0.0767559 ; -0.0209101 ; -0.0155653 ; 102.301;
4 ; 12 ; 19 ; 0.103142 ; 0.00408117 ; 0.0149205 ; 102.05;
5 ; 12 ; 19 ; 0.0998728 ; -0.0275636 ; 0.0112332 ; 101.875;
6 ; 12 ; 19 ; 0.0816227 ; 0.0344206 ; -0.0010122 ; 101.663;
7 ; 12 ; 19 ; 0.0922935 ; -0.0125144 ; -0.0463802 ; 101.619;
8 ; 12 ; 19 ; 0.082195 ; -0.0138594 ; -0.0227343 ; 101.341;
9 ; 12 ; 19 ; 0.0782674 ; 0.000292566 ; -0.0205919 ; 101.529;
10 ; 12 ; 19 ; 0.0698611 ; -0.00772416 ; 0.00651579 ; 101.351;
11 ; 12 ; 19 ; 0.0417947 ; -0.0113947 ; 0.00822832 ; 102.678;
12 ; 12 ; 19 ; 0.115809 ; 0.0162934 ; 0.00629649 ; 100.936;
13 ; 12 ; 19 ; 0.0948578 ; -0.0258937 ; 0.00387965 ; 101.401;
14 ; 12 ; 19 ; 0.0893969 ; -0.0545667 ; 0.0378224 ; 101.866;
15 ; 12 ; 19 ; 0.118165 ; 0.00987452 ; -0.0139411 ; 100.58;
16 ; 12 ; 19 ; 0.0680772 ; 0.0349954 ; 0.044126 ; 101.162;
17 ; 12 ; 19 ; 0.104056 ; -0.00860896 ; 0.0394482 ; 101.894;
18 ; 12 ; 19 ; 0.0981225 ; 0.0187353 ; -0.0167114 ; 100.879;
19 ; 12 ; 19 ; 0.0501798 ; 0.0298618 ; 0.0247783 ; 101.279;
20 ; 12 ; 19 ; 0.0962122 ; 0.0264274 ; -0.0160225 ; 101.296;
21 ; 12 ; 19 ; 0.10972 ; 0.0362849 ; -0.0125587 ; 100.943;
4 ; 13 ; 19 ; 0.116433 ; 0.0356007 ; 0.0274632 ; 101.359;
5 ; 13 ; 19 ; 0.100217 ; 0.018525 ; -0.0303218 ; 100.979;
6 ; 13 ; 19 ; 0.0891209 ; 0.0113017 ; -0.0533941 ; 102.687;
7 ; 13 ; 19 ; 0.0958003 ; -0.0418549 ; 0.00776629 ; 101.623;
8 ; 13 ; 19 ; 0.0823844 ; -0.0180882 ; -0.0107038 ; 102.215;
9 ; 13 ; 19 ; 0.0722161 ; -5.18101e-05 ; -0.00385899 ; 101.118;
10 ; 13 ; 19 ; 0.0773874 ; -0.0312142 ; -0.0285471 ; 100.507;
11 ; 13 ; 19 ; 0.0962832 ; -0.0122402 ; -0.0244316 ; 102.321;
12 ; 13 ; 19 ; 0.0882609 ; 0.0345806 ; 0.0299283 ; 101.132;
13 ; 13 ; 19 ; 0.0617504 ; -0.00630573 ; -0.0276917 ; 101.116;
14 ; 13 ; 19 ; 0.0620305 ; -0.00905257 ; -0.0270386 ; 100.041;
15 ; 13 ; 19 ; 0.0517676 ; 8.64461e-05 ; -0.000804187 ; 102.411;
16 ; 13 ; 19 ; 0.0971088 ; 0.00964171 ; 0.0294406 ; 100.926;
17 ; 13 ; 19 ; 0.0872579 ; 0.0113818 ; -0.0260049 ; 100.818;
18 ; 13 ; 19 ; 0.0532191 ; -0.00689366 ; 0.0237949 ; 99.5175;
19 ; 13 ; 19 ; 0.0787621 ; -0.0276643 ; -0.0101026 ; 101.193;
20 ; 13 ; 19 ; 0.0806502 ; -0.015054 ; -0.0195199 ; 101.365;
21 ; 13 ; 19 ; 0.095196 ; 0.019068 ; -0.0106073 ; 100.571;
4 ; 14 ; 19 ; 0.0735781 ; 0.000130517 ; -0.0295144 ; 100.604;
5 ; 14 ; 19 ; 0.0856736 ; 0.0104818 ; -0.0132042 ; 100.294;
6 ; 14 ; 19 ; 0.0675833 ; -0.0198738 ; -4.59672e-05 ; 102.072;
7 ; 14 ; 19 ; 0.0817803 ; 0.0234778 ; 0.00786253 ; 101.338;
8 ; 14 ; 19 ; 0.056474 ; 0.0266348 ; -0.00266735 ; 101.434;
9 ; 14 ; 19 ; 0.0800568 ; 0.0181548 ; 0.0281542 ; 101.339;
10 ; 14 ; 19 ; 0.108785 ; -0.00930144 ; 0.0133312 ; 101.129;
11 ; 14 ; 19 ; 0.108242 ; -0.0310458 ; 0.0138066 ; 102.031;
12 ; 14 ; 19 ; 0.0835669 ; 0.0141397 ; 0.0311031 ; 101.413;
13 ; 14 ; 19 ; 0.0921021 ; -0.00361426 ; 0.0023775 ; 101.819;
14 ; 14 ; 19 ; 0.0532295 ; 0.0342781 ; -0.0118208 ; 100.823;
15 ; 14 ; 19 ; 0.0590276 ; -0.0182959 ; 0.029865 ; 102.544;
16 ; 14 ; 19 ; 0.0528419 ; 0.0293668 ; 0.00979244 ; 101.789;
17 ; 14 ; 19 ; 0.0856727 ; -0.0168136 ; -0.0458656 ; 101.919;
18 ; 14 ; 19 ; 0.0957574 ; 0.0196004 ; 0.0504393 ; 102.258;
19 ; 14 ; 19 ; 0.0963688 ; 0.00349704 ; 0.00545021 ; 100.859;
20 ; 14 ; 19 ; 0.0771885 ; -0.028527 ; -0.0212855 ; 102.216;
21 ; 14 ; 19 ; 0.0614155 ; -0.00351431 ; 0.0102472 ; 102.506;
4 ; 15 ; 19 ; 0.084195 ; 0.0434406 ; 0.0345466 ; 101.074;
5 ; 15 ; 19 ; 0.10574 ; -0.0119243 ; 0.0292481 ; 101.185;
6 ; 15 ; 19 ; 0.0528375 ; -0.0102651 ; 0.0243011 ; 101.479;
7 ; 15 ; 19 ; 0.036738 ; 0.00732757 ; -0.002584 ; 100.999;
8 ; 15 ; 19 ; 0.0781981 ; -0.00208312 ; -0.0183329 ; 100.421;
9 ; 15 ; 19 ; 0.0697187 ; 0.0391618 ; 0.00273728 ; 102.709;
10 ; 15 ; 19 ; 0.100316 ; -0.0443118 ; -0.000880694 ; 101.189;
11 ; 15 ; 19 ; 0.109812 ; -0.020967 ; 0.0176766 ; 102.049;
12 ; 15 ; 19 ; 0.0850851 ; 0.00697802 ; -0.047123 ; 101.473;
13 ; 15 ; 19 ; 0.0662257 ; -0.0225955 ; -0.0104588 ; 101.808;
14 ; 15 ; 19 ; 0.0885874 ; 0.00800369 ; -0.0102003 ; 100.864;
15 ; 15 ; 19 ; 0.0731202 ; -0.0163638 ; -0.0268235 ; 101.138;
16 ; 15 ; 19 ; 0.086107 ; -0.00388395 ; -0.0248164 ; 102.433;
17 ; 15 ; 19 ; 0.115535 ; -0.000432007 ; 0.0159935 ; 101.241;
18 ; 15 ; 19 ; 0.0756634 ; 0.0391146 ; 0.0241927 ; 102.047;
19 ; 15 ; 19 ; 0.130814 ; 0.00534408 ; -0.0282368 ; 102.411;
20 ; 15 ; 19 ; 0.122726 ; -0.00174002 ; 0.0122502 ; 101.274;
21 ; 15 ; 19 ; 0.0907642 ; 0.0140255 ; -0.00353832 ; 102.008;
4 ; 16 ; 19 ; 0.064874 ; 0.0170232 ; 0.0212821 ; 102.111;
5 ; 16 ; 19 ; 0.0963586 ; 0.00387342 ; -0.01544 ; 101.458;
6 ; 16 ; 19 ; 0.0931039 ; 0.00956175 ; 0.0274928 ; 101.605;
7 ; 16 ; 19 ; 0.0893874 ; 0.0112161 ; -0.013498 ; 102.722;
8 ; 16 ; 19 ; 0.0911215 ; -0.00650939 ; -0.017831 ; 101.543;
9 ; 16 ; 19 ; 0.0948012 ; 0.00581158 ; -0.00356462 ; 101.839;
10 ; 16 ; 19 ; 0.090303 ; 0.0160841 ; -0.028534 ; 102.204;
11 ; 16 ; 19 ; 0.0824145 ; -0.0167314 ; -0.0189401 ; 101.882;
12 ; 16 ; 19 ; 0.100631 ; -0.0116928 ; -0.0289829 ; 103.017;
13 ; 16 ; 19 ; 0.0975759 ; 0.0187822 ; 0.00608368 ; 101.858;
14 ; 16 ; 19 ; 0.0617071 ; -0.0093189 ; -0.00236433 ; 101.772;
15 ; 16 ; 19 ; 0.0702197 ; -0.00109807 ; -0.0021274 ; 102.325;
16 ; 16 ; 19 ; 0.104035 ; 0.0266023 ; -0.0115574 ; 102.331;
17 ; 16 ; 19 ; 0.0741452 ; -0.0180399 ; -0.00740193 ; 100.659;
18 ; 16 ; 19 ; 0.0865957 ; -0.00766792 ; 0.00964213 ; 100.839;
19 ; 16 ; 19 ; 0.094675 ; 0.0363523 ; -0.0512532 ; 100.867;
20 ; 16 ; 19 ; 0.100344 ; 0.025257 ; -0.0346839 ; 101.113;
21 ; 16 ; 19 ; 0.0866033 ; 0.0329025 ; -0.0204886 ; 101.286;
4 ; 17 ; 19 ; 0.0479954 ; -0.00784001 ; -0.0191721 ; 102.054;
5 ; 17 ; 19 ; 0.0422358 ; -0.0417339 ; -0.0325882 ; 101.429;
6 ; 17 ; 19 ; 0.0990795 ; 0.0193151 ; 0.021462 ; 101.809;
7 ; 17 ; 19 ; 0.0704703 ; -0.0160109 ; 0.0149017 ; 101.231;
8 ; 17 ; 19 ; 0.107813 ; -0.00842682 ; -0.00358007 ; 101.5;
9 ; 17 ; 19 ; 0.0812903 ; 0.0306452 ; 0.00423986 ; 100.996;
10 ; 17 ; 19 ; 0.0618555 ; -0.0222593 ; -0.0412923 ; 100.752;
11 ; 17 ; 19 ; 0.0967602 ; -0.0175718 ; 0.0146105 ; 102.134;
12 ; 17 ; 19 ; 0.0787071 ; -0.0101832 ; -0.00780904 ; 99.9881;
13 ; 17 ; 19 ; 0.0488484 ; -0.0322082 ; -0.00367706 ; 103.349;
14 ; 17 ; 19 ; 0.0873294 ; -0.0019192 ; -0.0277654 ; 101.771;
15 ; 17 ; 19 ; 0.102115 ; -0.020309 ; 0.01026 ; 99.5019;
16 ; 17 ; 19 ; 0.112964 ; -0.00496973 ; -0.0191656 ; 100.618;
17 ; 17 ; 19 ; 0.073054 ; -0.0101045 ; 0.0221809 ; 101.907;
18 ; 17 ; 19 ; 0.102656 ; -0.00616769 ; 0.0177902 ; 102.086;
19 ; 17 ; 19 ; 0.10737 ; 0.0107501 ; -0.00867325 ; 102.727;
20 ; 17 ; 19 ; 0.0896424 ; -0.0154751 ; 0.00440653 ; 102.227;
21 ; 17 ; 19 ; 0.0884375 ; 0.00770617 ; 0.0170312 ; 101.196;
4 ; 18 ; 19 ; 0.0660383 ; 0.00892343 ; -0.0162888 ; 100.215;
5 ; 18 ; 19 ; 0.0552631 ; -0.0219417 ; -0.024329 ; 101.056;
6 ; 18 ; 19 ; 0.056535 ; -0.00698813 ; 0.0064587 ; 103.489;
7 ; 18 ; 19 ; 0.0905398 ; -0.0166835 ; 0.0040757 ; 100.572;
8 ; 18 ; 19 ; 0.0904923 ; -0.00204989 ; 0.00863957 ; 102.25;
9 ; 18 ; 19 ; 0.0904387 ; 0.0286874 ; 0.0135245 ; 102.203;
10 ; 18 ; 19 ; 0.0719307 ; 0.00147095 ; -0.0206208 ; 100.728;
11 ; 18 ; 19 ; 0.093346 ; -0.00642575 ; 0.0289718 ; 101.193;
12 ; 18 ; 19 ; 0.104412 ; -0.0127758 ; -0.0037762 ; 102.195;
13 ; 18 ; 19 ; 0.0976087 ; -0.00462493 ; 0.0141631 ; 101.021;
14 ; 18 ; 19 ; 0.103168 ; -0.00253354 ; -0.0136426 ; 100.877;
15 ; 18 ; 19 ; 0.0646042 ; 0.0058397 ; 0.00272082 ; 101.621;
16 ; 18 ; 19 ; 0.077434 ; 0.0168724 ; 0.0165642 ; 101.361;
17 ; 18 ; 19 ; 0.0731749 ; -0.0078195 ; 0.0149832 ; 101.27;
18 ; 18 ; 19 ; 0.127925 ; -0.026318 ; -0.00143078 ; 100.613;
19 ; 18 ; 19 ; 0.117148 ; 0.00122189 ; -0.00175814 ; 101.318;
20 ; 18 ; 19 ; 0.0749579 ; 0.00499844 ; 0.00494199 ; 101.631;
21 ; 18 ; 19 ; 0.0829109 ; -0.0292975 ; 0.0119703 ; 101.376;
4 ; 19 ; 19 ; 0.0512391 ; -0.0214652 ; 0.0225303 ; 101.171;
5 ; 19 ; 19 ; 0.0691726 ; 0.00890265 ; 0.0355239 ; 101;
6 ; 19 ; 19 ; 0.0908286 ; -0.0197332 ; 0.0562008 ; 102.026;
7 ; 19 ; 19 ; 0.0934311 ; -0.000347808 ; 0.0179906 ; 100.678;
8 ; 19 ; 19 ; 0.104461 ; -0.0748075 ; 0.0112608 ; 100.737;
9 ; 19 ; 19 ; 0.100091 ; 0.0178007 ; 0.0268283 ; 100.685;
10 ; 19 ; 19 ; 0.0853897 ; -0.000879403 ; -0.0281257 ; 101.091;
11 ; 19 ; 19 ; 0.0883432 ; 0.00135869 ; 0.0110912 ; 101.327;
12 ; 19 ; 19 ; 0.0639525 ; 0.027989 ; -0.0098655 ; 102.528;
13 ; 19 ; 19 ; 0.0951853 ; 0.0450851 ; 0.0222214 ; 101.15;
14 ; 19 ; 19 ; 0.0415046 ; -0.00704497 ; 0.0321515 ; 101.001;
15 ; 19 ; 19 ; 0.0803732 ; 0.0372639 ; -0.00928329 ; 99.65;
16 ; 19 ; 19 ; 0.105802 ; -0.00323789 ; 0.010736 ; 100.668;
17 ; 19 ; 19 ; 0.0696209 ; -0.0198094 ; -0.0132818 ; 100.185;
18 ; 19 ; 19 ; 0.100855 ; 0.00562961 ; -0.0118848 ; 101.058;
19 ; 19 ; 19 ; 0.0702598 ; -0.0120067 ; -0.0390064 ; 101.612;
20 ; 19 ; 19 ; 0.0754007 ; 0.00533145 ; 0.0137086 ; 100.371;
21 ; 19 ; 19 ; 0.0852939 ; -0.0228708 ; -0.014973 ; 101.59;
4 ; 20 ; 19 ; 0.0971366 ; 0.00631396 ; -0.0190104 ; 102.442;
5 ; 20 ; 19 ; 0.125573 ; -0.016388 ; 0.00459917 ; 101.306;
6 ; 20 ; 19 ; 0.143847 ; -0.016794 ; -0.0071198 ; 101.506;
7 ; 20 ; 19 ; 0.0819376 ; 0.0067295 ; 0.0112411 ; 100.8;
8 ; 20 ; 19 ; 0.0614718 ; -0.00425376 ; -0.0210373 ; 101.466;
9 ; 20 ; 19 ; 0.0514628 ; 0.0304385 ; 0.00149601 ; 101.213;
10 ; 20 ; 19 ; 0.0908668 ; 0.00650224 ; -0.0120909 ; 100.971;
11 ; 20 ; 19 ; 0.076113 ; 0.00621427 ; 0.0278485 ; 101.324;
12 ; 20 ; 19 ; 0.0881587 ; 0.0164646 ; 0.0421016 ; 101.231;
13 ; 20 ; 19 ; 0.0789284 ; 0.0139159 ; 0.0304289 ; 101.296;
14 ; 20 ; 19 ; 0.0862671 ; -0.0154538 ; 0.0193042 ; 100.999;
15 ; 20 ; 19 ; 0.0973227 ; -0.0397227 ; -0.0499038 ; 99.2613;
16 ; 20 ; 19 ; 0.0808124 ; 0.0220289 ; 0.0308164 ; 101.875;
17 ; 20 ; 19 ; 0.111132 ; -0.00998281 ; -0.0137125 ; 101.117;
18 ; 20 ; 19 ; 0.0642927 ; -0.0082246 ; 0.0213581 ; 101.075;
19 ; 20 ; 19 ; 0.0682548 ; -0.00264954 ; -0.0736866 ; 100.527;
20 ; 20 ; 19 ; 0.0713285 ; 0.0113181 ; -0.0215392 ; 100.328;
21 ; 20 ; 19 ; 0.0854229 ; -0.0151563 ; -0.0460089 ; 101.319;
4 ; 21 ; 19 ; 0.0578344 ; -0.0149978 ; 0.0109731 ; 100.82;
5 ; 21 ; 19 ; 0.0681275 ; 0.0133018 ; -0.0165165 ; 101.561;
6 ; 21 ; 19 ; 0.105551 ; 0.00418432 ; -0.000732109 ; 101.487;
7 ; 21 ; 19 ; 0.110851 ; 0.0249537 ; -0.0021715 ; 102.541;
8 ; 21 ; 19 ; 0.105629 ; -0.0265512 ; -0.00730386 ; 101.713;
9 ; 21 ; 19 ; 0.0601415 ; 0.0199391 ; 0.036832 ; 101.734;
10 ; 21 ; 19 ; 0.0735143 ; -0.0370053 ; -0.00642725 ; 100.512;
11 ; 21 ; 19 ; 0.0620409 ; 0.020313 ; 0.0119302 ; 103.369;
12 ; 21 ; 19 ; 0.0639495 ; -0.000991758 ; 0.0213725 ; 102.532;
13 ; 21 ; 19 ; 0.0801338 ; -0.0078174 ; -0.0141517 ; 100.991;
14 ; 21 ; 19 ; 0.0602841 ; -0.0235369 ; -0.0251101 ; 101.407;
15 ; 21 ; 19 ; 0.0617084 ; 0.00426455 ; -0.0363005 ; 102.739;
16 ; 21 ; 19 ; 0.0699723 ; 0.00234326 ; -0.0199678 ; 100.352;
17 ; 21 ; 19 ; 0.0793004 ; 0.0191794 ; 0.0185836 ; 100.248;
18 ; 21 ; 19 ; 0.0475673 ; 0.0141947 ; -0.00954607 ; 100.14;
19 ; 21 ; 19 ; 0.0818772 ; 0.005689 ; 0.0237132 ; 102.839;
20 ; 21 ; 19 ; 0.0861321 ; 0.0288867 ; -0.00429182 ; 102.241;
21 ; 21 ; 19 ; 0.0772581 ; 0.0108189 ; -0.00427273 ; 101.399;
4 ; 4 ; 20 ; 0.0537712 ; -0.012445 ; -0.0173968 ; 101.596;
5 ; 4 ; 20 ; 0.0590081 ; -0.0300854 ; 0.0218324 ; 101.134;
6 ; 4 ; 20 ; 0.0687281 ; -0.00350906 ; 0.00739926 ; 101.376;
7 ; 4 ; 20 ; 0.0767361 ; 0.000123147 ; -0.0466775 ; 101.563;
8 ; 4 ; 20 ; 0.0721732 ; 0.00315316 ; -0.025932 ; 100.859;
9 ; 4 ; 20 ; 0.0622645 ; 0.0317336 ; -0.00395053 ; 100.551;
10 ; 4 ; 20 ; 0.0599914 ; 0.0204935 ; 0.0128404 ; 101.411;
11 ; 4 ; 20 ; 0.0871023 ; 0.0451549 ; -0.0170792 ; 100.674;
12 ; 4 ; 20 ; 0.052257 ; -0.0183421 ; -0.0227821 ; 100.732;
13 ; 4 ; 20 ; 0.043847 ; -0.0393951 ; 0.025873 ; 102.416;
14 ; 4 ; 20 ; 0.0285144 ; 0.0069152 ; 0.00216803 ; 101.425;
15 ; 4 ; 20 ; 0.0614846 ; -0.0294842 ; -0.0077914 ; 100.891;
16 ; 4 ; 20 ; 0.0481767 ; -0.0120403 ; 0.0129875 ; 102.348;
17 ; 4 ; 20 ; 0.0642938 ; 0.000343429 ; -0.000388231 ; 102.288;
18 ; 4 ; 20 ; 0.0646214 ; 0.0140932 ; 0.0110696 ; 101.587;
19 ; 4 ; 20 ; 0.0668545 ; 0.00429522 ; -0.0150841 ; 102.782;
20 ; 4 ; 20 ; 0.0355439 ; -0.0141568 ; -0.00149389 ; 100.567;
21 ; 4 ; 20 ; 0.0411165 ; 0.0171416 ; -0.0176143 ; 101.677;
4 ; 5 ; 20 ; 0.101257 ; 0.00653046 ; -0.0124708 ; 101.404;
5 ; 5 ; 20 ; 0.0708187 ; -0.0398524 ; -0.0200198 ; 101.433;
6 ; 5 ; 20 ; 0.0638459 ; -0.00495716 ; -0.0266434 ; 101.148;
7 ; 5 ; 20 ; 0.046658 ; 0.0289409 ; 0.0041449 ; 100.737;
8 ; 5 ; 20 ; 0.0409421 ; 0.0097975 ; -0.0121083 ; 101.393;
9 ; 5 ; 20 ; 0.0596486 ; 0.0291186 ; 0.013018 ; 101.104;
10 ; 5 ; 20 ; 0.1105 ; 0.0276197 ; -0.0508771 ; 100.908;
11 ; 5 ; 20 ; 0.0541845 ; 0.0279136 ; -0.00739057 ; 101.437;
12 ; 5 ; 20 ; 0.0618917 ; 0.0139446 ; -0.0492255 ; 101.182;
13 ; 5 ; 20 ; 0.0729945 ; 0.0094574 ; 0.038423 ; 101.749;
14 ; 5 ; 20 ; 0.0785876 ; 0.041275 ; 0.0176565 ; 101.294;
15 ; 5 ; 20 ; 0.0637638 ; -0.0108789 ; 0.0199471 ; 101.933;
16 ; 5 ; 20 ; 0.0263282 ; 0.00842082 ; 0.00173006 ; 100.271;
17 ; 5 ; 20 ; 0.06921 ; -0.0279647 ; 0.000416217 ; 101.567;
18 ; 5 ; 20 ; 0.080954 ; -0.0162434 ; 0.00208677 ; 100.841;
19 ; 5 ; 20 ; 0.0376186 ; 0.000134526 ; -0.0194234 ; 100.669;
20 ; 5 ; 20 ; 0.060648 ; -0.0249148 ; -0.00420518 ; 101.393;
21 ; 5 ; 20 ; 0.0186125 ; -0.0361975 ; -0.0316941 ; 100.745;
4 ; 6 ; 20 ; 0.0442274 ; 0.0100434 ; -0.00691377 ; 101.993;
5 ; 6 ; 20 ; 0.06245 ; 0.01193 ; 0.0154061 ; 101.262;
6 ; 6 ; 20 ; 0.0599701 ; 0.0126303 ; 0.0116551 ; 101.591;
7 ; 6 ; 20 ; 0.0470636 ; 0.0424906 ; 0.0248788 ; 101.674;
8 ; 6 ; 20 ; 0.088376 ; 0.0660854 ; -0.0012511 ; 102.173;
9 ; 6 ; 20 ; 0.058322 ; 0.0104025 ; -0.00665931 ; 100.87;
10 ; 6 ; 20 ; 0.069571 ; 0.0112579 ; 0.0355297 ; 102.365;
11 ; 6 ; 20 ; 0.0703382 ; 0.010203 ; -0.0137212 ; 100.949;
12 ; 6 ; 20 ; 0.0721946 ; 0.00202211 ; 0.0325388 ; 101.282;
13 ; 6 ; 20 ; 0.0943379 ; -0.0379122 ; 0.0230317 ; 100.868;
14 ; 6 ; 20 ; 0.0935148 ; -0.0372461 ; -0.013366 ; 100.942;
15 ; 6 ; 20 ; 0.0878564 ; 0.0236679 ; 0.00444386 ; 100.562;
16 ; 6 ; 20 ; 0.0689768 ; 0.00626822 ; -0.0321877 ; 100.671;
17 ; 6 ; 20 ; 0.0591017 ; -0.0111543 ; -0.0549725 ; 101.673;
18 ; 6 ; 20 ; 0.0901081 ; -0.0146295 ; -0.0283391 ; 102.211;
19 ; 6 ; 20 ; 0.0740996 ; 0.0102516 ; -0.0213718 ; 102.088;
20 ; 6 ; 20 ; 0.0454831 ; 0.0282317 ; -0.0113623 ; 101.255;
21 ; 6 ; 20 ; 0.0654534 ; -0.0153018 ; 0.0261769 ; 101.478;
4 ; 7 ; 20 ; 0.0618287 ; 0.0216984 ; -0.00326585 ; 101.714;
5 ; 7 ; 20 ; 0.0707523 ; 0.0323773 ; 0.0392639 ; 102.567;
6 ; 7 ; 20 ; 0.0616241 ; 0.00736708 ; 0.00167303 ; 100.538;
7 ; 7 ; 20 ; -0.00903487 ; -0.0309107 ; 0.0239058 ; 100.602;
8 ; 7 ; 20 ; 0.0221849 ; 0.00495284 ; 0.0184776 ; 101.525;
9 ; 7 ; 20 ; 0.0753679 ; 0.0257545 ; -0.0242667 ; 101.909;
10 ; 7 ; 20 ; 0.0467613 ; -0.00158767 ; 0.0225016 ; 102.269;
11 ; 7 ; 20 ; 0.0573187 ; -0.0537357 ; -0.00726069 ; 100.913;
12 ; 7 ; 20 ; 0.0925933 ; -0.0026057 ; 0.0336787 ; 100.617;
13 ; 7 ; 20 ; 0.121269 ; -0.0199541 ; -0.00853753 ; 101.506;
14 ; 7 ; 20 ; 0.106494 ; -0.0221116 ; -0.0182417 ; 101.639;
15 ; 7 ; 20 ; 0.0836324 ; -0.0257626 ; -0.0201544 ; 101.513;
16 ; 7 ; 20 ; 0.106062 ; -0.0297125 ; 0.0215508 ; 99.9544;
17 ; 7 ; 20 ; 0.0516056 ; -0.0349663 ; 0.0296889 ; 101.504;
18 ; 7 ; 20 ; 0.0734935 ; 0.010769 ; -0.0390947 ; 100.896;
19 ; 7 ; 20 ; 0.0904654 ; 0.00556657 ; 0.00157662 ; 101.373;
20 ; 7 ; 20 ; 0.0759499 ; 0.0599672 ; -0.00311027 ; 100.005;
21 ; 7 ; 20 ; 0.0882356 ; -0.0143068 ; 0.0475965 ; 102.239;
4 ; 8 ; 20 ; 0.0493852 ; -0.00167461 ; 0.00137185 ; 102.378;
5 ; 8 ; 20 ; 0.0802933 ; -0.0559414 ; 0.0105728 ; 101.532;
6 ; 8 ; 20 ; 0.0605552 ; -0.0099622 ; -0.00492646 ; 101.344;
7 ; 8 ; 20 ; 0.120913 ; -0.0126696 ; -0.0186946 ; 101.611;
8 ; 8 ; 20 ; 0.082989 ; 0.0283569 ; -0.00739148 ; 102.64;
9 ; 8 ; 20 ; 0.0864529 ; 0.00289874 ; -0.0158541 ; 101.144;
10 ; 8 ; 20 ; 0.0671109 ; -0.0294717 ; 0.0101055 ; 101.409;
11 ; 8 ; 20 ; 0.108285 ; -0.0533976 ; 0.00615335 ; 101.264;
12 ; 8 ; 20 ; 0.0776009 ; -0.00783489 ; -0.0088912 ; 101.869;
13 ; 8 ; 20 ; 0.0638246 ; -0.00536095 ; 0.000323145 ; 101.704;
14 ; 8 ; 20 ; 0.0544362 ; 0.00832816 ; 0.0336511 ; 101.462;
15 ; 8 ; 20 ; 0.0787675 ; -0.0508585 ; -0.0129467 ; 102.331;
16 ; 8 ; 20 ; 0.0577386 ; 0.025846 ; 0.0390267 ; 101.993;
17 ; 8 ; 20 ; 0.0719963 ; 0.0141065 ; -0.000112426 ; 102.079;
18 ; 8 ; 20 ; 0.1282 ; 0.030296 ; -0.0153906 ; 101.774;
19 ; 8 ; 20 ; 0.0386331 ; 0.00157403 ; -0.0108992 ; 102.392;
20 ; 8 ; 20 ; 0.0768217 ; 0.00925976 ; 0.0116265 ; 101.379;
21 ; 8 ; 20 ; 0.0537658 ; -0.0193062 ; 0.01038 ; 100.874;
4 ; 9 ; 20 ; 0.0534271 ; 0.0331564 ; -0.0315903 ; 101.653;
5 ; 9 ; 20 ; 0.0627493 ; 0.011897 ; 0.00209306 ; 101.019;
6 ; 9 ; 20 ; 0.065873 ; -0.00822376 ; 0.00139465 ; 102.004;
7 ; 9 ; 20 ; 0.0524656 ; 0.0110182 ; -0.0329002 ; 102.289;
8 ; 9 ; 20 ; 0.0950358 ; 0.00245433 ; 0.00458482 ; 101.5;
9 ; 9 ; 20 ; 0.0737074 ; -0.0187925 ; 0.00953766 ; 102.339;
10 ; 9 ; 20 ; 0.0819531 ; 0.015441 ; -0.00204589 ; 99.5894;
11 ; 9 ; 20 ; 0.0457421 ; 0.0145844 ; -0.00130921 ; 100.125;
12 ; 9 ; 20 ; 0.0789861 ; -0.033223 ; -0.00864298 ; 101.887;
13 ; 9 ; 20 ; 0.0989439 ; -0.0305613 ; 0.00520794 ; 99.7681;
14 ; 9 ; 20 ; 0.078712 ; 0.019677 ; 0.00454257 ; 100.733;
15 ; 9 ; 20 ; 0.12369 ; 0.0253742 ; 0.00374286 ; 101.051;
16 ; 9 ; 20 ; 0.0914356 ; 0.0130746 ; 0.0368114 ; 101.168;
17 ; 9 ; 20 ; 0.0632677 ; -0.0101657 ; -0.0264078 ; 102.543;
18 ; 9 ; 20 ; 0.0605082 ; 0.00288811 ; 0.0056995 ; 100.441;
19 ; 9 ; 20 ; 0.041375 ; 0.0293546 ; -0.0127074 ; 101.297;
20 ; 9 ; 20 ; 0.0845057 ; 0.0140064 ; 0.00349391 ; 102.049;
21 ; 9 ; 20 ; 0.0536987 ; -0.0197472 ; 0.00492332 ; 101.033;
4 ; 10 ; 20 ; 0.0502321 ; 0.0204941 ; -0.0223055 ; 101.726;
5 ; 10 ; 20 ; 0.04067 ; -0.0298833 ; -0.00798915 ; 100.797;
6 ; 10 ; 20 ; 0.0425755 ; -0.0236222 ; -0.0111336 ; 101.375;
7 ; 10 ; 20 ; 0.0817788 ; 0.0315245 ; -0.0146784 ; 100.782;
8 ; 10 ; 20 ; 0.0608144 ; 0.0103145 ; 0.00327764 ; 102.095;
9 ; 10 ; 20 ; 0.0436925 ; 0.00570227 ; 0.0158678 ; 100.842;
10 ; 10 ; 20 ; 0.0660799 ; -0.00219696 ; -0.00720661 ; 102.727;
11 ; 10 ; 20 ; 0.0720166 ; 0.00308662 ; 0.0306103 ; 101.636;
12 ; 10 ; 20 ; 0.11421 ; -0.0094377 ; -0.0292153 ; 100.063;
13 ; 10 ; 20 ; 0.0847964 ; 0.0279953 ; 0.0529446 ; 101.77;
14 ; 10 ; 20 ; 0.0568149 ; 0.0185943 ; 0.0226394 ; 101.444;
15 ; 10 ; 20 ; 0.0236623 ; 0.00122438 ; -0.0164747 ; 101.147;
16 ; 10 ; 20 ; 0.0409106 ; 0.0144609 ; -0.000633215 ; 101.586;
17 ; 10 ; 20 ; 0.0475874 ; -0.0321519 ; 0.0223066 ; 101.451;
18 ; 10 ; 20 ; 0.0785575 ; 0.0127579 ; -0.0507889 ; 102.789;
19 ; 10 ; 20 ; 0.082313 ; -0.00634778 ; 0.0092639 ; 101.548;
20 ; 10 ; 20 ; 0.0793224 ; -0.0188755 ; 0.00113755 ; 101.248;
21 ; 10 ; 20 ; 0.066101 ; 0.03756 ; 0.0515957 ; 101.811;
4 ; 11 ; 20 ; 0.0504788 ; 0.00141316 ; -0.0339896 ; 102.506;
5 ; 11 ; 20 ; 0.0705545 ; -0.00945779 ; -0.0229144 ; 101.558;
6 ; 11 ; 20 ; 0.0673892 ; 0.0105864 ; -0.0140053 ; 102.058;
7 ; 11 ; 20 ; 0.0597041 ; 0.00248154 ; 0.0284388 ; 101.717;
8 ; 11 ; 20 ; 0.0665972 ; 0.00391073 ; 0.0240543 ; 101.936;
9 ; 11 ; 20 ; 0.0634473 ; 0.00494101 ; -0.00308155 ; 101.353;
10 ; 11 ; 20 ; 0.0834741 ; -0.0263664 ; -0.014789 ; 102.106;
11 ; 11 ; 20 ; 0.0565097 ; 0.0232586 ; 0.00485067 ; 101.492;
12 ; 11 ; 20 ; 0.0810629 ; -0.0252746 ; 0.00924409 ; 102.922;
13 ; 11 ; 20 ; 0.056926 ; -0.0207698 ; -0.00508843 ; 102.35;
14 ; 11 ; 20 ; 0.0532619 ; -0.00220571 ; 0.00310998 ; 101.869;
15 ; 11 ; 20 ; 0.056771 ; 0.0183236 ; -0.00489682 ; 101.872;
16 ; 11 ; 20 ; 0.0366356 ; 0.0183997 ; -0.0128311 ; 100.347;
17 ; 11 ; 20 ; 0.032073 ; 0.00303955 ; -0.0222912 ; 101.139;
18 ; 11 ; 20 ; 0.110176 ; -0.0114971 ; -0.0547578 ; 101.154;
19 ; 11 ; 20 ; 0.065086 ; -0.0188137 ; 0.0128787 ; 100.515;
20 ; 11 ; 20 ; 0.0646495 ; -0.0187066 ; 0.0229983 ; 102.094;
21 ; 11 ; 20 ; 0.103091 ; 0.0279528 ; 0.02617 ; 101.181;
4 ; 12 ; 20 ; 0.0606864 ; -0.0322086 ; -0.0227865 ; 100.724;
5 ; 12 ; 20 ; 0.0724917 ; 0.0024701 ; 0.0052931 ; 101.692;
6 ; 12 ; 20 ; 0.0916148 ; 0.00359633 ; -0.0221237 ; 101.252;
7 ; 12 ; 20 ; 0.0521887 ; -0.021598 ; -0.025365 ; 100.893;
8 ; 12 ; 20 ; 0.0942266 ; 0.00254012 ; 0.0106533 ; 100.951;
9 ; 12 ; 20 ; 0.0230058 ; -0.0494417 ; 0.00648789 ; 101.746;
10 ; 12 ; 20 ; 0.0407372 ; 0.0201125 ; -0.0128826 ; 100.59;
11 ; 12 ; 20 ; 0.0875749 ; -0.00952027 ; -0.0574414 ; 101.316;
12 ; 12 ; 20 ; 0.0863932 ; -0.0155708 ; 0.0141817 ; 102.264;
13 ; 12 ; 20 ; 0.0677639 ; -0.00934262 ; -0.0130175 ; 100.092;
14 ; 12 ; 20 ; 0.091272 ; -0.000593918 ; -0.0274327 ; 100.584;
15 ; 12 ; 20 ; 0.0658598 ; -0.00459192 ; -0.0352213 ; 101.795;
16 ; 12 ; 20 ; 0.0747392 ; 0.015868 ; -0.0372543 ; 101.766;
17 ; 12 ; 20 ; 0.0756474 ; -0.0229012 ; -0.00630838 ; 101.276;
18 ; 12 ; 20 ; 0.0577158 ; -0.000311631 ; 0.029989 ; 101.204;
19 ; 12 ; 20 ; 0.0647208 ; 0.0235941 ; -0.0143404 ; 102.034;
20 ; 12 ; 20 ; 0.0458364 ; 0.0344485 ; 0.031607 ; 101.999;
21 ; 12 ; 20 ; 0.088875 ; 0.00950742 ; -0.0346094 ; 100.884;
4 ; 13 ; 20 ; 0.0595146 ; 0.00515514 ; 0.0223282 ; 100.301;
5 ; 13 ; 20 ; 0.0440881 ; 0.0431855 ; 0.022425 ; 100.453;
6 ; 13 ; 20 ; 0.0522411 ; -0.00596557 ; 0.014689 ; 100.61;
7 ; 13 ; 20 ; 0.0559958 ; -0.00333487 ; 0.00795303 ; 101.723;
8 ; 13 ; 20 ; 0.0594146 ; -0.00794976 ; -0.0234666 ; 101.487;
9 ; 13 ; 20 ; 0.0384541 ; -0.0178363 ; -0.00981503 ; 102.181;
10 ; 13 ; 20 ; 0.0192005 ; 0.0213152 ; -0.00835706 ; 101.567;
11 ; 13 ; 20 ; 0.088115 ; 0.0298218 ; -0.0183649 ; 102.282;
12 ; 13 ; 20 ; 0.0806328 ; -0.0434941 ; 0.0166938 ; 102.185;
13 ; 13 ; 20 ; 0.0684603 ; 0.0208603 ; 0.0156614 ; 101.318;
14 ; 13 ; 20 ; 0.0480691 ; 0.00864005 ; -0.00781812 ; 101.464;
15 ; 13 ; 20 ; 0.0943478 ; 0.0141484 ; 0.00258836 ; 101.446;
16 ; 13 ; 20 ; 0.0553291 ; -0.0152309 ; 0.0152248 ; 100.38;
17 ; 13 ; 20 ; 0.034339 ; -0.0229124 ; -0.027275 ; 101.568;
18 ; 13 ; 20 ; 0.0306457 ; -0.00551653 ; -0.0148199 ; 101.979;
19 ; 13 ; 20 ; 0.0715798 ; -0.00201894 ; -0.0108665 ; 101.973;
20 ; 13 ; 20 ; 0.0515016 ; 0.0126682 ; -0.00801545 ; 101.681;
21 ; 13 ; 20 ; 0.0887309 ; 0.00966222 ; 0.0198197 ; 101.46;
4 ; 14 ; 20 ; 0.0473549 ; -0.0197663 ; 0.0276706 ; 101.661;
5 ; 14 ; 20 ; 0.0585731 ; 0.00805376 ; -0.00353712 ; 102.384;
6 ; 14 ; 20 ; 0.0762216 ; 0.00685678 ; -0.0268738 ; 100.698;
7 ; 14 ; 20 ; 0.0430548 ; -0.0218155 ; -0.00727635 ; 101.459;
8 ; 14 ; 20 ; 0.0266027 ; -0.00117968 ; -0.0372439 ; 101.889;
9 ; 14 ; 20 ; 0.101348 ; -0.00219978 ; 7.54233e-05 ; 101.227;
10 ; 14 ; 20 ; 0.0592129 ; 0.0185293 ; 0.0115952 ; 101.683;
11 ; 14 ; 20 ; 0.127179 ; 0.0143414 ; 0.0138843 ; 100.437;
12 ; 14 ; 20 ; 0.113823 ; -0.00814239 ; 0.0169872 ; 102.446;
13 ; 14 ; 20 ; 0.0704522 ; 0.0205005 ; -0.00604043 ; 101.104;
14 ; 14 ; 20 ; 0.0757255 ; 0.0168223 ; -0.0128661 ; 102.384;
15 ; 14 ; 20 ; 0.0732444 ; 0.00840605 ; 0.0122926 ; 101.717;
16 ; 14 ; 20 ; 0.0461878 ; 0.00748306 ; -0.0214434 ; 101.942;
17 ; 14 ; 20 ; 0.0778525 ; -0.0305077 ; -0.00409616 ; 100.474;
18 ; 14 ; 20 ; 0.0502155 ; -0.00118385 ; 0.0112634 ; 101.872;
19 ; 14 ; 20 ; 0.0360073 ; 0.0197542 ; 0.000592114 ; 101.484;
20 ; 14 ; 20 ; 0.0600887 ; -0.0389826 ; -0.00667184 ; 100.224;
21 ; 14 ; 20 ; 0.061934 ; 0.0200939 ; 0.0120061 ; 101.567;
4 ; 15 ; 20 ; 0.029914 ; 0.00197659 ; 0.00607679 ; 101.232;
5 ; 15 ; 20 ; 0.0557695 ; 0.0190495 ; 0.0286527 ; 101.561;
6 ; 15 ; 20 ; 0.0742969 ; -0.0140503 ; -0.0151839 ; 101.432;
7 ; 15 ; 20 ; 0.0518118 ; -0.0296098 ; -0.0197894 ; 100.822;
8 ; 15 ; 20 ; 0.0360289 ; -0.00453323 ; 0.00503842 ; 101.155;
9 ; 15 ; 20 ; 0.0742102 ; 0.0116067 ; -0.00301793 ; 101.122;
10 ; 15 ; 20 ; 0.0866357 ; 0.0148765 ; -0.0072399 ; 101.737;
11 ; 15 ; 20 ; 0.0733402 ; 0.00889349 ; 0.027838 ; 101.464;
12 ; 15 ; 20 ; 0.074078 ; 0.00964617 ; 0.00832773 ; 101.529;
13 ; 15 ; 20 ; 0.0543988 ; -0.00662091 ; 0.0289466 ; 100.691;
14 ; 15 ; 20 ; 0.0825383 ; 0.0140251 ; 0.0215677 ; 102.386;
15 ; 15 ; 20 ; 0.0232607 ; 0.0349772 ; 0.0133122 ; 100.869;
16 ; 15 ; 20 ; 0.065939 ; -0.00611276 ; 0.00713506 ; 101.513;
17 ; 15 ; 20 ; 0.0717663 ; -0.0302348 ; 0.017015 ; 103.075;
18 ; 15 ; 20 ; 0.0655971 ; 0.00584704 ; -0.0141556 ; 101.622;
19 ; 15 ; 20 ; 0.102804 ; -0.00647839 ; -0.000336093 ; 101.021;
20 ; 15 ; 20 ; 0.062095 ; -0.0107668 ; -0.0225292 ; 102.169;
21 ; 15 ; 20 ; 0.0912991 ; -0.0163327 ; 0.0105886 ; 100.649;
4 ; 16 ; 20 ; 0.0789307 ; 0.0125097 ; -0.00709315 ; 102.473;
5 ; 16 ; 20 ; 0.0463824 ; -0.0336711 ; 0.0182393 ; 101.438;
6 ; 16 ; 20 ; 0.0594234 ; 0.015954 ; 0.0148638 ; 101.603;
7 ; 16 ; 20 ; 0.0391288 ; -0.0234357 ; -0.00451627 ; 101.419;
8 ; 16 ; 20 ; 0.0694742 ; -0.00316266 ; -0.00821032 ; 100.703;
9 ; 16 ; 20 ; 0.044321 ; 0.00836035 ; -0.0161355 ; 101.361;
10 ; 16 ; 20 ; 0.0632446 ; -0.0109664 ; -0.0106134 ; 102.068;
11 ; 16 ; 20 ; 0.0888766 ; -0.00591246 ; -0.00174723 ; 101.619;
12 ; 16 ; 20 ; 0.0528038 ; -0.0420008 ; -0.0490475 ; 100.324;
13 ; 16 ; 20 ; 0.101172 ; -0.00918312 ; 0.0226303 ; 102.211;
14 ; 16 ; 20 ; 0.087187 ; 0.0311191 ; 0.00124065 ; 100.359;
15 ; 16 ; 20 ; 0.0870713 ; -0.00102396 ; -0.00152486 ; 101.156;
16 ; 16 ; 20 ; 0.0982474 ; -0.0157543 ; -0.0589121 ; 101.862;
17 ; 16 ; 20 ; 0.0844985 ; -0.00136326 ; -0.0172327 ; 101.652;
18 ; 16 ; 20 ; 0.0782864 ; 0.00921567 ; 0.0262068 ; 102.14;
19 ; 16 ; 20 ; 0.062216 ; 0.00286199 ; 0.0384935 ; 101.501;
20 ; 16 ; 20 ; 0.0854358 ; -0.0182755 ; -0.0193021 ; 100.676;
21 ; 16 ; 20 ; 0.0990005 ; -0.011476 ; -0.0272509 ; 100.712;
4 ; 17 ; 20 ; 0.0532066 ; 0.00886296 ; 0.00379235 ; 101.224;
5 ; 17 ; 20 ; 0.0719993 ; 0.0384779 ; -0.028927 ; 101.08;
6 ; 17 ; 20 ; 0.0719223 ; 0.00882931 ; 0.0115809 ; 101.487;
7 ; 17 ; 20 ; 0.0496198 ; 0.00671619 ; 0.00213813 ; 100.951;
8 ; 17 ; 20 ; 0.0463538 ; 0.0195307 ; 0.0193541 ; 102.401;
9 ; 17 ; 20 ; 0.0649135 ; 0.0243764 ; 0.0213164 ; 102.277;
10 ; 17 ; 20 ; 0.087095 ; -0.00130981 ; 0.0468045 ; 101.211;
11 ; 17 ; 20 ; 0.0555192 ; -0.00743963 ; -0.0251563 ; 101.322;
12 ; 17 ; 20 ; 0.0923389 ; -0.0110965 ; -0.0269375 ; 102.334;
13 ; 17 ; 20 ; 0.07826 ; 0.0171198 ; -0.0195751 ; 101.257;
14 ; 17 ; 20 ; 0.0448495 ; 0.0202275 ; -0.0200086 ; 101.809;
15 ; 17 ; 20 ; 0.0879931 ; -0.00657594 ; -0.0179591 ; 101.16;
16 ; 17 ; 20 ; 0.0776468 ; 0.0245835 ; -0.00505995 ; 101.598;
17 ; 17 ; 20 ; 0.0526713 ; 0.0386883 ; 0.0197182 ; 100.609;
18 ; 17 ; 20 ; 0.0906069 ; -0.0319508 ; -0.0240102 ; 101.757;
19 ; 17 ; 20 ; 0.0996488 ; -0.00919489 ; 0.0469004 ; 100.679;
20 ; 17 ; 20 ; 0.0761891 ; -0.0201468 ; 0.00207167 ; 101.664;
21 ; 17 ; 20 ; 0.093394 ; -0.0112734 ; 0.00903781 ; 101.493;
4 ; 18 ; 20 ; 0.0834252 ; -0.0298886 ; -0.00561405 ; 101.587;
5 ; 18 ; 20 ; 0.0560923 ; -0.0237331 ; 0.00244808 ; 101.579;
6 ; 18 ; 20 ; 0.0319535 ; -0.0169127 ; -0.00184121 ; 101.383;
7 ; 18 ; 20 ; 0.0454807 ; -0.00180501 ; -0.0331706 ; 100.872;
8 ; 18 ; 20 ; 0.0673281 ; -0.0321938 ; -0.0656548 ; 101.289;
9 ; 18 ; 20 ; 0.0405672 ; -0.00195621 ; -0.0134441 ; 100.799;
10 ; 18 ; 20 ; 0.0443022 ; 0.0204479 ; -0.0201672 ; 102.241;
11 ; 18 ; 20 ; 0.0591143 ; 0.0167853 ; -0.0317855 ; 101.301;
12 ; 18 ; 20 ; 0.0924426 ; -0.0504492 ; -0.0295197 ; 100.916;
13 ; 18 ; 20 ; 0.0599018 ; 0.00395583 ; -0.0105915 ; 100.956;
14 ; 18 ; 20 ; 0.0721318 ; -0.00896586 ; 0.00813799 ; 100.664;
15 ; 18 ; 20 ; 0.0736504 ; 0.0106856 ; 0.00894497 ; 101.605;
16 ; 18 ; 20 ; 0.0749339 ; 0.0125113 ; 0.000771658 ; 100.794;
17 ; 18 ; 20 ; 0.0186967 ; -0.00512919 ; -0.016574 ; 102.269;
18 ; 18 ; 20 ; 0.055019 ; -0.0241102 ; 0.0187128 ; 101.238;
19 ; 18 ; 20 ; 0.0760728 ; -0.00699076 ; 0.0186242 ; 100.833;
20 ; 18 ; 20 ; 0.0611988 ; -0.0527303 ; 0.0136329 ; 100.7;
21 ; 18 ; 20 ; 0.0359334 ; 0.0329596 ; -0.015945 ; 101.209;
4 ; 19 ; 20 ; 0.0522024 ; -0.00885938 ; -0.0213574 ; 100.594;
5 ; 19 ; 20 ; 0.064823 ; -0.00207905 ; -0.0214107 ; 102.2;
6 ; 19 ; 20 ; 0.0609483 ; -0.0255458 ; 0.0630571 ; 101.852;
7 ; 19 ; 20 ; 0.053317 ; -0.0172612 ; 0.00391718 ; 101.172;
8 ; 19 ; 20 ; 0.0801412 ; -0.0137873 ; -0.00177 ; 101.899;
9 ; 19 ; 20 ; 0.0920889 ; 0.0052245 ; -0.00335294 ; 102.015;
10 ; 19 ; 20 ; 0.0907243 ; 0.0219639 ; 0.0180267 ; 100.459;
11 ; 19 ; 20 ; 0.0806795 ; 0.020791 ; -0.0233141 ; 102.626;
12 ; 19 ; 20 ; 0.0601749 ; -0.0456173 ; -0.0111933 ; 101.006;
13 ; 19 ; 20 ; 0.0584994 ; -0.0043349 ; 0.0086877 ; 101.921;
14 ; 19 ; 20 ; 0.0886501 ; 0.0250876 ; 0.0172729 ; 101.688;
15 ; 19 ; 20 ; 0.0803378 ; -0.0022862 ; 0.0104615 ; 101.351;
16 ; 19 ; 20 ; 0.0956086 ; 0.0322899 ; 0.0382666 ; 100.304;
17 ; 19 ; 20 ; 0.0326028 ; 0.000418753 ; -0.0147797 ; 101.21;
18 ; 19 ; 20 ; 0.0667446 ; 0.0227048 ; -0.0111346 ; 100.809;
19 ; 19 ; 20 ; 0.0511956 ; -0.0329081 ; -0.0123519 ; 100.855;
20 ; 19 ; 20 ; 0.0454913 ; 0.0340547 ; 0.00194409 ; 101.877;
21 ; 19 ; 20 ; 0.093164 ; 0.000308111 ; -0.00627041 ; 101.064;
4 ; 20 ; 20 ; 0.0554318 ; -0.0203789 ; 0.0115037 ; 101.711;
5 ; 20 ; 20 ; 0.0702046 ; 0.00417297 ; 0.0154935 ; 102.091;
6 ; 20 ; 20 ; 0.0676915 ; -0.010261 ; -0.00414513 ; 102.096;
7 ; 20 ; 20 ; 0.0610007 ; 0.0304611 ; 0.013358 ; 101.664;
8 ; 20 ; 20 ; 0.0682671 ; -0.0010724 ; 0.0491303 ; 100.736;
9 ; 20 ; 20 ; 0.0482858 ; -0.0142021 ; -0.00420254 ; 101.221;
10 ; 20 ; 20 ; 0.100759 ; 0.00505202 ; 0.0142341 ; 101.646;
11 ; 20 ; 20 ; 0.0706652 ; -0.0140279 ; 0.028799 ; 101.907;
12 ; 20 ; 20 ; 0.0502455 ; -0.00312717 ; 0.0269078 ; 102.659;
13 ; 20 ; 20 ; 0.102721 ; 0.00661508 ; 0.0395844 ; 102.2;
14 ; 20 ; 20 ; 0.0690681 ; 0.0102707 ; 0.0408917 ; 102.127;
15 ; 20 ; 20 ; 0.0693731 ; 0.022063 ; -0.013542 ; 100.594;
16 ; 20 ; 20 ; 0.0999839 ; 0.0292251 ; -0.0103923 ; 101.821;
17 ; 20 ; 20 ; 0.0959643 ; 0.0122593 ; -0.00342427 ; 100.691;
18 ; 20 ; 20 ; 0.0515271 ; 0.02328 ; 0.0188815 ; 101.694;
19 ; 20 ; 20 ; 0.0349541 ; -0.00106812 ; -0.00659798 ; 100.84;
20 ; 20 ; 20 ; 0.019643 ; 0.0505457 ; -0.0138988 ; 102.575;
21 ; 20 ; 20 ; 0.0615368 ; 0.0114795 ; -0.0262443 ; 101.066;
4 ; 21 ; 20 ; 0.0454101 ; 0.025732 ; 0.0158035 ; 100.288;
5 ; 21 ; 20 ; 0.0181472 ; -0.00528688 ; -0.0329276 ; 102.583;
6 ; 21 ; 20 ; 0.0340159 ; -0.0217645 ; 0.0277405 ; 101.145;
7 ; 21 ; 20 ; 0.0464089 ; 0.0313056 ; -0.00589837 ; 102.007;
8 ; 21 ; 20 ; 0.0490256 ; -0.0253724 ; -0.0123177 ; 101.21;
9 ; 21 ; 20 ; 0.0542594 ; 0.0135563 ; -0.0277587 ; 101.826;
10 ; 21 ; 20 ; 0.074266 ; 0.00774656 ; 0.0110283 ; 102.329;
11 ; 21 ; 20 ; 0.0729723 ; 0.00966136 ; 0.0164357 ; 100.383;
12 ; 21 ; 20 ; 0.0754742 ; 0.00586861 ; -3.27901e-05 ; 101.079;
13 ; 21 ; 20 ; 0.104635 ; -0.026738 ; 0.0322927 ; 101.621;
14 ; 21 ; 20 ; 0.0694532 ; 0.0304567 ; -0.00309315 ; 101.999;
15 ; 21 ; 20 ; 0.0922242 ; 0.0274174 ; -0.00883233 ; 102.116;
16 ; 21 ; 20 ; 0.0851646 ; 0.00738758 ; 0.0244428 ; 101.683;
17 ; 21 ; 20 ; 0.1067 ; -0.00596274 ; 0.0246982 ; 101.466;
18 ; 21 ; 20 ; 0.0499637 ; 0.0072201 ; -0.0112115 ; 100.906;
19 ; 21 ; 20 ; 0.0399253 ; -0.0188274 ; -0.0175133 ; 102.067;
20 ; 21 ; 20 ; 0.024035 ; 0.00898583 ; 0.0153355 ; 101.781;
21 ; 21 ; 20 ; 0.105567 ; 0.00523997 ; 0.00292753 ; 103.896;
4 ; 4 ; 21 ; 0.0429882 ; -0.0185337 ; 0.0445124 ; 100.119;
5 ; 4 ; 21 ; 0.0783571 ; -0.0215747 ; 0.0171609 ; 100.819;
6 ; 4 ; 21 ; 0.0693839 ; 0.0166316 ; 0.0112683 ; 101.627;
7 ; 4 ; 21 ; 0.036373 ; -0.00670337 ; -0.0312975 ; 101.421;
8 ; 4 ; 21 ; 0.070799 ; 0.00204016 ; -0.0137433 ; 101.545;
9 ; 4 ; 21 ; 0.0679675 ; -0.0166606 ; 0.00417372 ; 101.233;
10 ; 4 ; 21 ; 0.0769025 ; -0.0488985 ; -0.00305058 ; 102.112;
11 ; 4 ; 21 ; 0.0491525 ; 0.0248662 ; 0.0155112 ; 102.443;
12 ; 4 ; 21 ; 0.0624107 ; -0.0239066 ; 0.000858193 ; 101.947;
13 ; 4 ; 21 ; 0.0604634 ; 0.00351221 ; -0.00445383 ; 101.949;
14 ; 4 ; 21 ; 0.0381833 ; -0.010692 ; 0.00194234 ; 101.651;
15 ; 4 ; 21 ; 0.0500005 ; 0.000324485 ; 0.0078385 ; 100.974;
16 ; 4 ; 21 ; 0.0320279 ; 0.00708473 ; 0.00222043 ; 101.5;
17 ; 4 ; 21 ; 0.0398924 ; -0.0331229 ; 0.00382745 ; 101.388;
18 ; 4 ; 21 ; -0.00106315 ; 0.0256247 ; -0.0165833 ; 100.131;
19 ; 4 ; 21 ; 0.0626083 ; 0.0214686 ; 0.0121778 ; 101.986;
20 ; 4 ; 21 ; 0.0548523 ; 0.0121931 ; -0.00981577 ; 100.576;
21 ; 4 ; 21 ; 0.078215 ; -0.0169882 ; -0.0233765 ; 102.378;
4 ; 5 ; 21 ; 0.0708356 ; 0.03475 ; -0.00687138 ; 101.219;
5 ; 5 ; 21 ; 0.0753782 ; 0.0341037 ; -0.0218381 ; 101.801;
6 ; 5 ; 21 ; 0.0558743 ; -0.0258824 ; -0.00378373 ; 101.296;
7 ; 5 ; 21 ; 0.0780256 ; 0.00887335 ; 0.0246668 ; 100.584;
8 ; 5 ; 21 ; 0.0882657 ; -0.00815961 ; -0.00664552 ; 100.758;
9 ; 5 ; 21 ; 0.0844607 ; -0.00204082 ; -0.00881335 ; 101.157;
10 ; 5 ; 21 ; 0.059726 ; -0.033129 ; -0.0254389 ; 101.644;
11 ; 5 ; 21 ; 0.0158766 ; -0.00224327 ; -0.00563964 ; 101.318;
12 ; 5 ; 21 ; 0.0407511 ; 0.00598865 ; 0.0285625 ; 101.823;
13 ; 5 ; 21 ; 0.0930779 ; -0.00457236 ; 0.0373916 ; 101.668;
14 ; 5 ; 21 ; 0.0286531 ; -0.0344449 ; -0.000435642 ; 101.529;
15 ; 5 ; 21 ; 0.092886 ; 0.00964194 ; 0.0182316 ; 101.737;
16 ; 5 ; 21 ; 0.0619241 ; 0.0123995 ; -0.0329969 ; 101.338;
17 ; 5 ; 21 ; 0.0450379 ; -0.00641145 ; -0.00342751 ; 100.631;
18 ; 5 ; 21 ; 0.0535242 ; 0.0142732 ; 0.012289 ; 100.817;
19 ; 5 ; 21 ; 0.0307614 ; -0.00831786 ; -0.00742282 ; 100.856;
20 ; 5 ; 21 ; 0.0656977 ; -0.000227155 ; 0.037532 ; 101.227;
21 ; 5 ; 21 ; 0.0380204 ; 0.00266536 ; 0.0240733 ; 101.905;
4 ; 6 ; 21 ; 0.0620264 ; -0.00393418 ; 0.01622 ; 101.347;
5 ; 6 ; 21 ; 0.0552625 ; 0.0195399 ; 0.0304884 ; 101.129;
6 ; 6 ; 21 ; 0.0692778 ; -0.013514 ; 0.0121828 ; 100.644;
7 ; 6 ; 21 ; 0.0853295 ; -0.0160721 ; 0.0222976 ; 101.082;
8 ; 6 ; 21 ; 0.037793 ; -0.0231632 ; -0.0405463 ; 101.924;
9 ; 6 ; 21 ; 0.0398038 ; 0.0165661 ; 0.0148205 ; 101.328;
10 ; 6 ; 21 ; 0.0755516 ; -0.00647513 ; 0.0136631 ; 100.936;
11 ; 6 ; 21 ; 0.0908735 ; -0.0132146 ; 0.0139762 ; 101.291;
12 ; 6 ; 21 ; 0.0817438 ; 0.00163594 ; 0.0292495 ; 101.18;
13 ; 6 ; 21 ; 0.0670579 ; 0.0170274 ; 0.0248281 ; 101.995;
14 ; 6 ; 21 ; 0.0602465 ; -0.0548431 ; -0.00411594 ; 101.401;
15 ; 6 ; 21 ; 0.0931787 ; 0.0193704 ; 0.0195733 ; 102.681;
16 ; 6 ; 21 ; 0.0496154 ; 0.0208326 ; -0.00225954 ; 100.825;
17 ; 6 ; 21 ; 0.0646635 ; -0.0182017 ; -0.00874688 ; 100.977;
18 ; 6 ; 21 ; 0.0877831 ; -0.0437329 ; -0.0378588 ; 101.687;
19 ; 6 ; 21 ; 0.0689737 ; 0.00864305 ; 0.00675525 ; 101.221;
20 ; 6 ; 21 ; 0.0233472 ; -0.00551382 ; -0.00605057 ; 101.478;
21 ; 6 ; 21 ; 0.0661248 ; 0.00683257 ; 0.0153184 ; 101.012;
4 ; 7 ; 21 ; 0.0485669 ; 0.0271543 ; 0.0269319 ; 100.761;
5 ; 7 ; 21 ; 0.0679861 ; -0.000420309 ; 0.0428374 ; 100.743;
6 ; 7 ; 21 ; 0.0429566 ; 0.0189943 ; 0.0193358 ; 100.808;
7 ; 7 ; 21 ; 0.06257 ; 0.0124042 ; -0.0341463 ; 101.839;
8 ; 7 ; 21 ; 0.0576666 ; 0.0278267 ; 0.0165812 ; 101.454;
9 ; 7 ; 21 ; 0.0684087 ; 0.00725276 ; 0.0115008 ; 101.658;
10 ; 7 ; 21 ; 0.0573161 ; -0.0390465 ; 0.0224171 ; 102.03;
11 ; 7 ; 21 ; 0.0658363 ; -0.0206867 ; 0.0189558 ; 101.264;
12 ; 7 ; 21 ; 0.0539819 ; -0.0214336 ; -0.00997779 ; 101.044;
13 ; 7 ; 21 ; 0.0969201 ; -0.0246943 ; -0.0163269 ; 100.248;
14 ; 7 ; 21 ; 0.101179 ; 0.0132066 ; 0.00743417 ; 101.176;
15 ; 7 ; 21 ; 0.0412807 ; 0.0397031 ; 0.00294709 ; 101.686;
16 ; 7 ; 21 ; 0.0704634 ; -0.00966432 ; 0.0115785 ; 100.911;
17 ; 7 ; 21 ; 0.0736126 ; -0.0190685 ; -0.0387942 ; 102.007;
18 ; 7 ; 21 ; 0.0764187 ; -0.0063613 ; -0.0536512 ; 100.852;
19 ; 7 ; 21 ; 0.0481361 ; 0.000837299 ; 0.00845046 ; 101.267;
20 ; 7 ; 21 ; 0.00725391 ; -0.0147008 ; -0.00667038 ; 101.847;
21 ; 7 ; 21 ; 0.0334443 ; -0.00882061 ; -0.0223774 ; 101.288;
4 ; 8 ; 21 ; 0.0260738 ; -0.0425772 ; 0.00409527 ; 99.9194;
5 ; 8 ; 21 ; 0.0916638 ; -0.00681608 ; 0.00311522 ; 100.953;
6 ; 8 ; 21 ; 0.0378148 ; 0.00980306 ; -0.00389269 ; 101.096;
7 ; 8 ; 21 ; 0.0544179 ; 0.00984475 ; -0.00401957 ; 102.117;
8 ; 8 ; 21 ; 0.083109 ; 0.0042755 ; 0.00504203 ; 101.574;
9 ; 8 ; 21 ; 0.0467188 ; -0.0113472 ; 0.032616 ; 102.242;
10 ; 8 ; 21 ; 0.0666967 ; -0.00527889 ; -0.0106329 ; 101.099;
11 ; 8 ; 21 ; 0.0599196 ; 0.0205088 ; 0.0365404 ; 98.7619;
12 ; 8 ; 21 ; 0.0379161 ; -0.0546213 ; -0.0217107 ; 101.859;
13 ; 8 ; 21 ; 0.0835682 ; -0.00791112 ; -0.0170877 ; 102.09;
14 ; 8 ; 21 ; 0.0563449 ; -0.00668576 ; 0.00382185 ; 102.437;
15 ; 8 ; 21 ; 0.0648081 ; -0.0167807 ; -0.038756 ; 102.177;
16 ; 8 ; 21 ; 0.0926047 ; 0.00554812 ; 0.0183728 ; 100.9;
17 ; 8 ; 21 ; 0.029786 ; -0.0222645 ; 0.00461955 ; 101.941;
18 ; 8 ; 21 ; 0.0887639 ; 0.00124084 ; 0.0154728 ; 101.761;
19 ; 8 ; 21 ; 0.0237771 ; 0.0492683 ; -0.0116912 ; 100.441;
20 ; 8 ; 21 ; 0.0491785 ; 0.0334984 ; -0.0207826 ; 101.435;
21 ; 8 ; 21 ; 0.0606619 ; -0.0371531 ; 0.0239967 ; 101.553;
4 ; 9 ; 21 ; 0.0488545 ; -0.0289447 ; 0.00909284 ; 103.078;
5 ; 9 ; 21 ; 0.0700771 ; -0.00810402 ; -0.0282592 ; 101.809;
6 ; 9 ; 21 ; 0.0766861 ; 0.00617442 ; 0.000810852 ; 100.969;
7 ; 9 ; 21 ; 0.0706302 ; 0.0062309 ; 0.00448837 ; 102.744;
8 ; 9 ; 21 ; 0.0804051 ; -0.0351072 ; 0.00786413 ; 101.774;
9 ; 9 ; 21 ; 0.06371 ; -0.012686 ; 0.00656365 ; 102.238;
10 ; 9 ; 21 ; 0.0510235 ; -0.0117587 ; -0.0259836 ; 101.952;
11 ; 9 ; 21 ; 0.0451237 ; 0.0219643 ; 0.0205283 ; 101.269;
12 ; 9 ; 21 ; 0.0485727 ; 0.00338754 ; 0.0346279 ; 101.724;
13 ; 9 ; 21 ; 0.0794899 ; -0.0179613 ; 0.0133878 ; 100.679;
14 ; 9 ; 21 ; 0.0489208 ; 0.00435904 ; -0.00258715 ; 101.95;
15 ; 9 ; 21 ; -0.0127573 ; -0.0138576 ; -0.0588481 ; 101.706;
16 ; 9 ; 21 ; 0.0601524 ; 0.0479209 ; 0.011041 ; 102.819;
17 ; 9 ; 21 ; 0.0808815 ; -0.0232995 ; -0.0104629 ; 101.248;
18 ; 9 ; 21 ; 0.0345287 ; 0.00559488 ; 0.0181762 ; 100.638;
19 ; 9 ; 21 ; 0.0307775 ; -0.0409275 ; -0.0360348 ; 100.829;
20 ; 9 ; 21 ; 0.0462035 ; 0.0094244 ; -0.000346718 ; 102.469;
21 ; 9 ; 21 ; 0.0265802 ; -0.0115517 ; -0.0242828 ; 101.093;
4 ; 10 ; 21 ; 0.0513145 ; -0.0171196 ; -0.0153153 ; 100.229;
5 ; 10 ; 21 ; 0.0415371 ; 0.00836371 ; -0.0124021 ; 101.491;
6 ; 10 ; 21 ; 0.0766648 ; 0.0113547 ; 0.00561787 ; 101.782;
7 ; 10 ; 21 ; 0.0781478 ; 0.0177545 ; 0.00975939 ; 100.871;
8 ; 10 ; 21 ; 0.0602081 ; 0.00349513 ; 0.00957604 ; 101.098;
9 ; 10 ; 21 ; 0.0605979 ; -0.0360894 ; 0.0133356 ; 101.11;
10 ; 10 ; 21 ; 0.0779345 ; -0.0646539 ; 0.0261293 ; 101.497;
11 ; 10 ; 21 ; 0.0429862 ; 0.0383801 ; -0.0138584 ; 101.307;
12 ; 10 ; 21 ; 0.069055 ; -0.0113145 ; -0.0201827 ; 101.154;
13 ; 10 ; 21 ; 0.0436248 ; -0.00737894 ; -0.00518482 ; 100.18;
14 ; 10 ; 21 ; 0.0564401 ; 0.0106078 ; -0.00267701 ; 101.271;
15 ; 10 ; 21 ; 0.0680185 ; 0.0184181 ; 0.0168006 ; 100.448;
16 ; 10 ; 21 ; 0.0357318 ; 0.0204948 ; -0.00972536 ; 101.344;
17 ; 10 ; 21 ; 0.0703841 ; -0.00781336 ; 0.00141266 ; 101.379;
18 ; 10 ; 21 ; 0.036415 ; -0.0248615 ; -0.00828517 ; 101.611;
19 ; 10 ; 21 ; 0.0280811 ; -0.0108977 ; 0.00981869 ; 100.118;
20 ; 10 ; 21 ; 0.0568915 ; 0.00216311 ; 0.0454287 ; 100.464;
21 ; 10 ; 21 ; 0.0815596 ; -0.00753127 ; 0.0472993 ; 101.27;
4 ; 11 ; 21 ; 0.0696033 ; -0.0225293 ; -0.0342427 ; 101.828;
5 ; 11 ; 21 ; 0.0330313 ; 0.0122657 ; 0.00665975 ; 99.7144;
6 ; 11 ; 21 ; 0.0303157 ; 0.00361418 ; 0.0358561 ; 101.543;
7 ; 11 ; 21 ; 0.0681841 ; -0.00898224 ; 0.01252 ; 101.349;
8 ; 11 ; 21 ; 0.0952614 ; -0.0101457 ; 0.0118965 ; 100.97;
9 ; 11 ; 21 ; 0.048673 ; -0.029936 ; 0.00423301 ; 101.644;
10 ; 11 ; 21 ; 0.0519357 ; -0.0227517 ; -0.00370654 ; 101.825;
11 ; 11 ; 21 ; 0.0733589 ; -0.00159294 ; 0.0339622 ; 101.609;
12 ; 11 ; 21 ; 0.0940207 ; 0.0105256 ; 0.0247582 ; 101.347;
13 ; 11 ; 21 ; 0.0879886 ; -0.0255335 ; -0.0222324 ; 101.368;
14 ; 11 ; 21 ; 0.060773 ; 0.0317219 ; -0.0385359 ; 101.102;
15 ; 11 ; 21 ; 0.0647559 ; -0.00508467 ; 0.00802005 ; 102.132;
16 ; 11 ; 21 ; 0.0658307 ; -0.0248612 ; -0.00311199 ; 101.271;
17 ; 11 ; 21 ; 0.0875441 ; -0.0467016 ; 0.0109111 ; 100.931;
18 ; 11 ; 21 ; 0.0567499 ; 0.00363803 ; 0.0148491 ; 101.868;
19 ; 11 ; 21 ; 0.0279579 ; 0.000406143 ; -0.0258424 ; 101.426;
20 ; 11 ; 21 ; 0.0243606 ; -0.0227345 ; 0.0343253 ; 101.521;
21 ; 11 ; 21 ; 0.0685063 ; -0.0295314 ; 0.0246639 ; 101.769;
4 ; 12 ; 21 ; 0.0624991 ; 0.0333387 ; 0.0238087 ; 100.864;
5 ; 12 ; 21 ; 0.0651858 ; -0.0133863 ; 0.0116901 ; 101.585;
6 ; 12 ; 21 ; 0.108907 ; 0.0133132 ; -0.0162526 ; 100.777;
7 ; 12 ; 21 ; 0.0873973 ; -0.00146343 ; 0.00316424 ; 100.845;
8 ; 12 ; 21 ; 0.0382861 ; 0.0263535 ; 0.014387 ; 101.543;
9 ; 12 ; 21 ; 0.0475637 ; -0.0106076 ; 0.014675 ; 100.719;
10 ; 12 ; 21 ; 0.0442135 ; -0.0157427 ; 0.0275277 ; 101.102;
11 ; 12 ; 21 ; 0.0718206 ; 0.0351452 ; 1.879e-05 ; 101.524;
12 ; 12 ; 21 ; 0.093486 ; 0.0252853 ; 0.0081217 ; 101.228;
13 ; 12 ; 21 ; 0.114314 ; 0.00420097 ; -0.0294797 ; 100.769;
14 ; 12 ; 21 ; 0.0573661 ; -0.000395957 ; -0.00781361 ; 100.946;
15 ; 12 ; 21 ; 0.0451897 ; -0.0182215 ; -0.0136711 ; 100.693;
16 ; 12 ; 21 ; 0.0768071 ; -0.0166245 ; 0.00829994 ; 101.434;
17 ; 12 ; 21 ; 0.0217695 ; -0.00954191 ; 0.0122082 ; 101.334;
18 ; 12 ; 21 ; 0.0472067 ; 0.027105 ; -0.0157206 ; 100.596;
19 ; 12 ; 21 ; 0.0410094 ; -0.0139906 ; -0.00750609 ; 100.983;
20 ; 12 ; 21 ; 0.0662907 ; -0.00170821 ; -0.00560718 ; 101.71;
21 ; 12 ; 21 ; 0.0769832 ; 0.00648471 ; -0.00466385 ; 102.3;
4 ; 13 ; 21 ; 0.0679071 ; -0.00741401 ; 0.0114325 ; 100.848;
5 ; 13 ; 21 ; 0.0370932 ; 0.0432628 ; 0.028884 ; 101.019;
6 ; 13 ; 21 ; 0.0402031 ; 0.0362802 ; -0.0354539 ; 101.334;
7 ; 13 ; 21 ; 0.0498361 ; -0.0455944 ; 0.0126765 ; 100.262;
8 ; 13 ; 21 ; 0.0540292 ; 0.0195204 ; 0.00426883 ; 102.683;
9 ; 13 ; 21 ; 0.0714796 ; -0.0500613 ; 0.0349623 ; 101.543;
10 ; 13 ; 21 ; 0.0602912 ; 0.0113556 ; 0.0240366 ; 101.656;
11 ; 13 ; 21 ; 0.0620433 ; 0.00734524 ; -0.019117 ; 100.772;
12 ; 13 ; 21 ; 0.0648243 ; -0.017648 ; -0.00455176 ; 102.727;
13 ; 13 ; 21 ; 0.062677 ; 0.00981825 ; -0.0185602 ; 100.62;
14 ; 13 ; 21 ; 0.10817 ; -0.0178438 ; 0.029077 ; 100.776;
15 ; 13 ; 21 ; 0.0527734 ; -0.029468 ; -0.0117886 ; 100.778;
16 ; 13 ; 21 ; 0.0879931 ; 0.0181363 ; -0.0486748 ; 101.771;
17 ; 13 ; 21 ; 0.0621282 ; -0.00999951 ; -0.0251504 ; 101.729;
18 ; 13 ; 21 ; 0.0643388 ; 0.0159123 ; -0.0339293 ; 101.352;
19 ; 13 ; 21 ; 0.0281832 ; 0.00653736 ; -0.0130453 ; 101.588;
20 ; 13 ; 21 ; 0.033985 ; -0.0298961 ; 0.02752 ; 102.234;
21 ; 13 ; 21 ; 0.0816486 ; 0.0594802 ; 0.0252154 ; 100.802;
4 ; 14 ; 21 ; 0.0428269 ; 0.0217611 ; 0.0181413 ; 101.803;
5 ; 14 ; 21 ; 0.0753247 ; 0.0326498 ; 0.0109033 ; 101.357;
6 ; 14 ; 21 ; 0.0416529 ; -0.00324408 ; -0.0488016 ; 101.233;
7 ; 14 ; 21 ; 0.0600234 ; -0.0351821 ; 0.0180217 ; 100.478;
8 ; 14 ; 21 ; 0.0743347 ; 0.00543269 ; -0.0186513 ; 101.546;
9 ; 14 ; 21 ; 0.0739204 ; -0.0308963 ; -0.00291063 ; 101.338;
10 ; 14 ; 21 ; 0.0873247 ; -0.0277865 ; 0.0276423 ; 101.071;
11 ; 14 ; 21 ; 0.0389204 ; 0.00528561 ; -0.00640044 ; 102.963;
12 ; 14 ; 21 ; 0.0809471 ; -0.00572448 ; 0.00928614 ; 101.086;
13 ; 14 ; 21 ; 0.0686511 ; -0.0142936 ; -0.00110655 ; 102.756;
14 ; 14 ; 21 ; 0.0784829 ; -0.017752 ; 0.0236015 ; 102.21;
15 ; 14 ; 21 ; 0.0678886 ; -0.00581864 ; -0.000474687 ; 102.191;
16 ; 14 ; 21 ; 0.0633497 ; -0.0073997 ; -0.00541012 ; 101.833;
17 ; 14 ; 21 ; 0.0332911 ; 0.0041469 ; -0.0400427 ; 101.178;
18 ; 14 ; 21 ; 0.0347726 ; 0.0209045 ; -0.0227324 ; 101.882;
19 ; 14 ; 21 ; 0.0609029 ; 0.0141945 ; -0.00154351 ; 101.787;
20 ; 14 ; 21 ; 0.0725604 ; 0.0267677 ; 0.00200437 ; 101.64;
21 ; 14 ; 21 ; 0.0427406 ; -0.00332544 ; -0.0205952 ; 102.344;
4 ; 15 ; 21 ; 0.0474105 ; -0.044496 ; 0.0211672 ; 100.152;
5 ; 15 ; 21 ; 0.0252886 ; -0.0159759 ; 0.0249409 ; 100.453;
6 ; 15 ; 21 ; 0.0743029 ; 0.0281151 ; -0.00197016 ; 101.309;
7 ; 15 ; 21 ; 0.0389297 ; -0.030477 ; 0.0091211 ; 103.232;
8 ; 15 ; 21 ; 0.061161 ; 0.0148222 ; 0.00931873 ; 100.784;
9 ; 15 ; 21 ; 0.0817946 ; 0.000908047 ; 0.0113206 ; 100.206;
10 ; 15 ; 21 ; 0.0495077 ; -0.0130129 ; 0.0163891 ; 100.51;
11 ; 15 ; 21 ; 0.0652952 ; -0.0119637 ; 0.0182099 ; 100.636;
12 ; 15 ; 21 ; 0.0367609 ; -0.0107707 ; 0.0240966 ; 101.759;
13 ; 15 ; 21 ; 0.0541123 ; 0.0266537 ; 0.0236325 ; 101.029;
14 ; 15 ; 21 ; 0.067695 ; -0.0268239 ; -0.00196802 ; 101.101;
15 ; 15 ; 21 ; 0.0466255 ; -0.00864659 ; 0.0109641 ; 100.846;
16 ; 15 ; 21 ; 0.0679802 ; -0.00247596 ; -0.00593761 ; 101.877;
17 ; 15 ; 21 ; 0.0444389 ; -0.0306204 ; -0.00604253 ; 101.336;
18 ; 15 ; 21 ; 0.0754342 ; -0.00246484 ; -0.0176086 ; 101.301;
19 ; 15 ; 21 ; 0.0782085 ; -0.0122595 ; -0.0137061 ; 101.342;
20 ; 15 ; 21 ; 0.0700564 ; -0.0197041 ; -0.0284553 ; 100.572;
21 ; 15 ; 21 ; 0.0622406 ; 0.0190071 ; 0.0429458 ; 101.12;
4 ; 16 ; 21 ; 0.0346715 ; 0.0351364 ; 0.00421283 ; 100.313;
5 ; 16 ; 21 ; 0.0865604 ; -0.0239696 ; -0.00645806 ; 100.394;
6 ; 16 ; 21 ; 0.116927 ; -0.00870835 ; 0.0102375 ; 101.743;
7 ; 16 ; 21 ; 0.0802927 ; -0.00954602 ; 0.0215855 ; 102.447;
8 ; 16 ; 21 ; 0.0603237 ; -8.23254e-05 ; -0.0196866 ; 102.039;
9 ; 16 ; 21 ; 0.0505261 ; 0.0255293 ; -0.0246505 ; 101.718;
10 ; 16 ; 21 ; 0.0680995 ; -0.00810528 ; -0.0269566 ; 101.803;
11 ; 16 ; 21 ; 0.0542741 ; -0.00911887 ; -0.000424083 ; 100.437;
12 ; 16 ; 21 ; 0.0724626 ; 0.0133887 ; -0.00194704 ; 101.133;
13 ; 16 ; 21 ; 0.0898042 ; -0.0153793 ; -0.0315229 ; 100.994;
14 ; 16 ; 21 ; 0.0405795 ; 0.00689605 ; 0.022132 ; 101.553;
15 ; 16 ; 21 ; 0.0457865 ; 0.00214546 ; 0.00945582 ; 100.646;
16 ; 16 ; 21 ; 0.0591575 ; -0.0274393 ; -0.0152477 ; 101.861;
17 ; 16 ; 21 ; 0.0329357 ; 0.0135886 ; -0.036679 ; 100.798;
18 ; 16 ; 21 ; 0.0768411 ; -0.0374908 ; -0.0139793 ; 100.886;
19 ; 16 ; 21 ; 0.0583998 ; -0.018846 ; 0.00694197 ; 100.296;
20 ; 16 ; 21 ; 0.0392809 ; 0.00757376 ; -0.0269785 ; 100.59;
21 ; 16 ; 21 ; 0.0808566 ; 0.0213751 ; -0.0118204 ; 101.898;
4 ; 17 ; 21 ; 0.0991857 ; 0.0176124 ; 0.0117321 ; 100.748;
5 ; 17 ; 21 ; 0.013441 ; 0.0229952 ; -0.017216 ; 100.969;
6 ; 17 ; 21 ; 0.0195981 ; -0.0144059 ; 0.00697431 ; 101.039;
7 ; 17 ; 21 ; 0.0369102 ; 0.0114206 ; -0.00287137 ; 101.714;
8 ; 17 ; 21 ; 0.0690516 ; 0.0160444 ; -0.0166639 ; 101.517;
9 ; 17 ; 21 ; 0.0649929 ; -0.00187448 ; 0.0262398 ; 101.514;
10 ; 17 ; 21 ; 0.0805827 ; -0.0407621 ; -0.0312184 ; 100.714;
11 ; 17 ; 21 ; 0.016023 ; -0.0170082 ; 0.00227833 ; 101.184;
12 ; 17 ; 21 ; 0.0757739 ; -0.000685562 ; 0.00272484 ; 102.297;
13 ; 17 ; 21 ; 0.0495768 ; 0.0259541 ; -0.0205553 ; 101.729;
14 ; 17 ; 21 ; 0.0635337 ; 0.0077179 ; 0.012998 ; 100.548;
15 ; 17 ; 21 ; 0.0415249 ; -0.000880595 ; 0.00620796 ; 102.327;
16 ; 17 ; 21 ; 0.0573226 ; 0.00985819 ; -0.0141884 ; 100.428;
17 ; 17 ; 21 ; 0.022167 ; -0.00612435 ; 0.0106527 ; 102.16;
18 ; 17 ; 21 ; 0.0568934 ; -0.00555686 ; -0.0580617 ; 101.885;
19 ; 17 ; 21 ; 0.0255058 ; -0.0196045 ; -0.0583765 ; 102.037;
20 ; 17 ; 21 ; 0.0245024 ; 0.0242132 ; -0.0205383 ; 100.83;
21 ; 17 ; 21 ; 0.0631834 ; 0.0329 ; 0.00257088 ; 101.352;
4 ; 18 ; 21 ; 0.0601994 ; 0.0380543 ; -0.0199823 ; 100.655;
5 ; 18 ; 21 ; 0.0599552 ; 0.0168054 ; 0.00754477 ; 101.22;
6 ; 18 ; 21 ; 0.0275113 ; 0.0036802 ; -0.0118566 ; 102.508;
7 ; 18 ; 21 ; 0.0319597 ; -0.00122742 ; -0.000922219 ; 101.254;
8 ; 18 ; 21 ; 0.061584 ; 0.018504 ; -0.01044 ; 101.482;
9 ; 18 ; 21 ; 0.0464006 ; 0.0105271 ; 0.000723939 ; 102.051;
10 ; 18 ; 21 ; 0.0646266 ; -0.0056412 ; -0.00748448 ; 102.105;
11 ; 18 ; 21 ; 0.0735674 ; -0.0543641 ; 0.0330281 ; 102.193;
12 ; 18 ; 21 ; 0.0802134 ; 0.00224263 ; -0.0331616 ; 101.869;
13 ; 18 ; 21 ; 0.0662246 ; 0.00427067 ; 0.0139786 ; 100.954;
14 ; 18 ; 21 ; 0.0537572 ; -0.00897201 ; 0.0453777 ; 102.226;
15 ; 18 ; 21 ; 0.0438597 ; -0.00276623 ; 0.00192469 ; 100.665;
16 ; 18 ; 21 ; 0.0598749 ; -0.00819963 ; 0.0103315 ; 99.915;
17 ; 18 ; 21 ; 0.0394062 ; -0.00384876 ; 0.00578208 ; 101.76;
18 ; 18 ; 21 ; 0.0365099 ; 0.0455225 ; -0.0351532 ; 101.083;
19 ; 18 ; 21 ; 0.0255202 ; 0.0184796 ; -0.0388899 ; 101.321;
20 ; 18 ; 21 ; 0.0245852 ; 0.00172517 ; 0.0233083 ; 101.134;
21 ; 18 ; 21 ; 0.0296877 ; -0.0203409 ; -0.0041013 ; 101.913;
4 ; 19 ; 21 ; 0.0616119 ; 0.0196638 ; -0.0085068 ; 101.862;
5 ; 19 ; 21 ; 0.0627833 ; 0.00872705 ; 0.0079578 ; 100.647;
6 ; 19 ; 21 ; 0.0413538 ; 0.0155223 ; 0.00343963 ; 101.511;
7 ; 19 ; 21 ; 0.0568468 ; -0.00572516 ; -0.0261324 ; 102.396;
8 ; 19 ; 21 ; 0.0573225 ; -0.0212737 ; -0.0257626 ; 103.028;
9 ; 19 ; 21 ; 0.0747546 ; 0.00767132 ; -0.0188015 ; 100.744;
10 ; 19 ; 21 ; 0.0588189 ; -0.0292242 ; 0.0166082 ; 101.356;
11 ; 19 ; 21 ; 0.0598925 ; -0.0173791 ; -0.011831 ; 101.314;
12 ; 19 ; 21 ; 0.0764548 ; -0.0100796 ; -0.0335116 ; 101.406;
13 ; 19 ; 21 ; 0.0690572 ; -0.0211246 ; 0.0120609 ; 100.656;
14 ; 19 ; 21 ; 0.107324 ; -0.0460895 ; 0.00732196 ; 100.624;
15 ; 19 ; 21 ; 0.0956799 ; 0.0103903 ; 0.0362146 ; 102.851;
16 ; 19 ; 21 ; 0.080378 ; 0.0259013 ; 0.0285591 ; 100.12;
17 ; 19 ; 21 ; 0.0597077 ; 0.0350482 ; -0.0248798 ; 100.536;
18 ; 19 ; 21 ; 0.0744847 ; -0.0122435 ; 0.0136691 ; 101.51;
19 ; 19 ; 21 ; 0.0781682 ; -0.0368547 ; -0.00721006 ; 102.013;
20 ; 19 ; 21 ; 0.055061 ; -0.0097441 ; 0.0112354 ; 100.788;
21 ; 19 ; 21 ; 0.0507185 ; -0.0385849 ; 0.0105743 ; 100.784;
4 ; 20 ; 21 ; 0.0685641 ; 0.00448197 ; -0.0112273 ; 101.372;
5 ; 20 ; 21 ; 0.0587921 ; 0.020401 ; -0.0257869 ; 100.949;
6 ; 20 ; 21 ; 0.0455434 ; 0.0321538 ; 0.0336211 ; 102.171;
7 ; 20 ; 21 ; 0.080904 ; 0.0123734 ; -0.00449853 ; 101.522;
8 ; 20 ; 21 ; 0.0554442 ; 0.00200836 ; 0.0182488 ; 99.8912;
9 ; 20 ; 21 ; 0.0598019 ; 0.00858832 ; -0.00387092 ; 101.972;
10 ; 20 ; 21 ; 0.0668839 ; -0.00501857 ; -0.00992178 ; 102.634;
11 ; 20 ; 21 ; 0.0824903 ; -0.0460038 ; 0.00211208 ; 101.442;
12 ; 20 ; 21 ; 0.105369 ; 0.00275761 ; -0.0163382 ; 101.914;
13 ; 20 ; 21 ; 0.0970699 ; 0.00345219 ; 0.00871441 ; 102.022;
14 ; 20 ; 21 ; 0.0743866 ; 0.0232722 ; -0.00896559 ; 102.026;
15 ; 20 ; 21 ; 0.083935 ; 0.0118009 ; 0.0154157 ; 101.386;
16 ; 20 ; 21 ; 0.0898033 ; -0.0117566 ; -0.0273856 ; 101.878;
17 ; 20 ; 21 ; 0.092058 ; -0.00765774 ; 0.000950234 ; 102.294;
18 ; 20 ; 21 ; 0.0491814 ; 0.00897646 ; 0.0158911 ; 100.854;
19 ; 20 ; 21 ; 0.0239098 ; -0.00298267 ; -0.0309162 ; 99.9519;
20 ; 20 ; 21 ; 0.00974495 ; 0.00479572 ; -0.00861314 ; 100.579;
21 ; 20 ; 21 ; 0.0555674 ; 0.00608892 ; 0.0228591 ; 103.053;
4 ; 21 ; 21 ; 0.068995 ; 0.0594 ; 0.0157915 ; 101.731;
5 ; 21 ; 21 ; 0.0653635 ; -0.0257723 ; 0.0429444 ; 100.664;
6 ; 21 ; 21 ; 0.0777944 ; 0.0197921 ; 0.0243634 ; 101.374;
7 ; 21 ; 21 ; 0.0572483 ; 0.00768951 ; 0.0451485 ; 100.698;
8 ; 21 ; 21 ; 0.0973795 ; -0.032311 ; -0.018764 ; 101.338;
9 ; 21 ; 21 ; 0.0697725 ; -0.0174147 ; 0.0197539 ; 101.451;
10 ; 21 ; 21 ; 0.0562349 ; -0.0268273 ; -0.021543 ; 102.304;
11 ; 21 ; 21 ; 0.0854641 ; -0.00402067 ; 0.0453965 ; 100.855;
12 ; 21 ; 21 ; 0.0936613 ; 0.0278371 ; -0.0242561 ; 102.03;
13 ; 21 ; 21 ; 0.0847932 ; 0.00138442 ; -0.0193563 ; 101.352;
14 ; 21 ; 21 ; 0.072907 ; 0.0473877 ; -0.0140218 ; 101.603;
15 ; 21 ; 21 ; 0.0686074 ; 0.0130496 ; -0.0252 ; 101.396;
16 ; 21 ; 21 ; 0.04845 ; -0.0130034 ; -0.0188356 ; 101.694;
17 ; 21 ; 21 ; 0.0416334 ; 0.019635 ; -0.00551479 ; 102.014;
18 ; 21 ; 21 ; 0.0511721 ; 0.0133014 ; -0.0124093 ; 102.576;
19 ; 21 ; 21 ; 0.036978 ; -0.0312362 ; -0.0105326 ; 102.063;
20 ; 21 ; 21 ; 0.0616991 ; -0.00669773 ; 0.0220671 ; 102.267;
21 ; 21 ; 21 ; 0.0632687 ; 0.0172355 ; -0.0191809 ; 99.155;
