4 ; 4 ; 4 ; 0.855457 ; 0.00291351 ; 0.00457543 ; 101.874;
5 ; 4 ; 4 ; 0.861137 ; -0.00176795 ; 0.00499526 ; 101.59;
6 ; 4 ; 4 ; 0.860494 ; -0.00111542 ; -0.00337324 ; 101.144;
7 ; 4 ; 4 ; 0.865086 ; -0.00401039 ; -0.00298868 ; 101.442;
8 ; 4 ; 4 ; 0.86281 ; 0.00914281 ; -0.00389813 ; 101.684;
9 ; 4 ; 4 ; 0.849253 ; -0.00783109 ; -0.0096547 ; 101.327;
10 ; 4 ; 4 ; 0.857678 ; -0.00160149 ; -0.0128974 ; 101.414;
11 ; 4 ; 4 ; 0.850692 ; -0.00322728 ; -0.00768311 ; 101.266;
12 ; 4 ; 4 ; 0.852725 ; 0.00763583 ; -0.00448743 ; 101.981;
13 ; 4 ; 4 ; 0.856572 ; -0.00589002 ; -0.0175416 ; 101.496;
14 ; 4 ; 4 ; 0.865339 ; 0.00025282 ; 0.0182572 ; 101.183;
15 ; 4 ; 4 ; 0.851526 ; -0.0055063 ; 0.00619096 ; 101.616;
16 ; 4 ; 4 ; 0.854587 ; 0.00622866 ; -0.00796872 ; 101.635;
17 ; 4 ; 4 ; 0.85403 ; 0.00675677 ; -0.00756979 ; 101.57;
18 ; 4 ; 4 ; 0.84967 ; -0.0103883 ; 0.00879271 ; 101.352;
19 ; 4 ; 4 ; 0.856381 ; -0.00457863 ; 0.0146804 ; 101.333;
20 ; 4 ; 4 ; 0.867257 ; -0.0045226 ; -0.0049155 ; 101.229;
21 ; 4 ; 4 ; 0.855923 ; -0.0115132 ; -0.0113114 ; 101.297;
4 ; 5 ; 4 ; 0.860267 ; -0.000390166 ; 0.00387978 ; 101.56;
5 ; 5 ; 4 ; 0.858797 ; 0.012849 ; 0.00481997 ; 100.926;
6 ; 5 ; 4 ; 0.860245 ; -0.0119988 ; -0.00789342 ; 101.822;
7 ; 5 ; 4 ; 0.862324 ; -0.00521785 ; -0.00840381 ; 101.844;
8 ; 5 ; 4 ; 0.859112 ; 0.00628475 ; -0.00518697 ; 101.133;
9 ; 5 ; 4 ; 0.851584 ; -0.0106528 ; 0.0021996 ; 101.864;
10 ; 5 ; 4 ; 0.857436 ; -0.00725631 ; 0.000879565 ; 101.556;
11 ; 5 ; 4 ; 0.846604 ; 0.00372006 ; -0.0174024 ; 101.468;
12 ; 5 ; 4 ; 0.854905 ; -0.0035558 ; 0.00430923 ; 101.603;
13 ; 5 ; 4 ; 0.850233 ; 0.0033818 ; -0.0137241 ; 101.518;
14 ; 5 ; 4 ; 0.852472 ; -0.0152872 ; 0.00403015 ; 101.83;
15 ; 5 ; 4 ; 0.842764 ; 0.00309685 ; 0.00190962 ; 101.482;
16 ; 5 ; 4 ; 0.841357 ; -0.00272208 ; -0.0159506 ; 101.239;
17 ; 5 ; 4 ; 0.857142 ; 0.000234881 ; -0.0100027 ; 100.904;
18 ; 5 ; 4 ; 0.858645 ; 0.0012578 ; -0.00435636 ; 101.293;
19 ; 5 ; 4 ; 0.852783 ; -0.0150251 ; 0.00198822 ; 101.165;
20 ; 5 ; 4 ; 0.85027 ; -0.000403994 ; 0.00239156 ; 101.582;
21 ; 5 ; 4 ; 0.868078 ; 0.00319502 ; 0.00859702 ; 101.535;
4 ; 6 ; 4 ; 0.857384 ; -0.00104069 ; 0.00064458 ; 101.24;
5 ; 6 ; 4 ; 0.85518 ; -9.4119e-05 ; 0.000539953 ; 101.679;
6 ; 6 ; 4 ; 0.858718 ; -0.00604629 ; 0.0105817 ; 101.132;
7 ; 6 ; 4 ; 0.861101 ; -0.00770846 ; 0.000920567 ; 101.178;
8 ; 6 ; 4 ; 0.852968 ; -0.000798092 ; 0.00549202 ; 101.593;
9 ; 6 ; 4 ; 0.843962 ; -0.00294915 ; 0.0110299 ; 101.363;
10 ; 6 ; 4 ; 0.851323 ; -0.0122882 ; -0.0107063 ; 101.559;
11 ; 6 ; 4 ; 0.860326 ; 0.00818256 ; 2.23408e-05 ; 101.457;
12 ; 6 ; 4 ; 0.863829 ; -0.00361294 ; 0.00728542 ; 101.536;
13 ; 6 ; 4 ; 0.848579 ; 0.00908258 ; -0.00066332 ; 101.264;
14 ; 6 ; 4 ; 0.847523 ; -0.0138312 ; 0.00197108 ; 101.444;
15 ; 6 ; 4 ; 0.848332 ; 0.00595144 ; -0.00364691 ; 101.674;
16 ; 6 ; 4 ; 0.852711 ; 0.00401017 ; 0.00150501 ; 101.732;
17 ; 6 ; 4 ; 0.843709 ; -0.0110098 ; -0.00688918 ; 101.492;
18 ; 6 ; 4 ; 0.842566 ; -0.00782316 ; -0.0159559 ; 101.671;
19 ; 6 ; 4 ; 0.859619 ; 0.0010119 ; -0.000345317 ; 101.235;
20 ; 6 ; 4 ; 0.858508 ; -0.00641528 ; -0.0131086 ; 101.703;
21 ; 6 ; 4 ; 0.861588 ; -0.0124327 ; 0.00971018 ; 101.357;
4 ; 7 ; 4 ; 0.857555 ; -0.00290302 ; 0.00480958 ; 101.672;
5 ; 7 ; 4 ; 0.862436 ; -0.0124358 ; 0.00094308 ; 101.184;
6 ; 7 ; 4 ; 0.840607 ; 0.00458753 ; -0.00757844 ; 101.565;
7 ; 7 ; 4 ; 0.85668 ; 0.00401912 ; -0.00145932 ; 101.381;
8 ; 7 ; 4 ; 0.848061 ; -0.00236603 ; -0.00543115 ; 100.937;
9 ; 7 ; 4 ; 0.859992 ; -0.00735946 ; -0.00308321 ; 101.14;
10 ; 7 ; 4 ; 0.844979 ; -0.00158154 ; -0.00501496 ; 101.338;
11 ; 7 ; 4 ; 0.860791 ; 0.00205569 ; -0.0137314 ; 101.768;
12 ; 7 ; 4 ; 0.854878 ; -0.00557107 ; 0.00557303 ; 101.62;
13 ; 7 ; 4 ; 0.845883 ; -0.00310961 ; -0.00375731 ; 101.28;
14 ; 7 ; 4 ; 0.840573 ; 0.00529386 ; 0.00345645 ; 101.813;
15 ; 7 ; 4 ; 0.854582 ; 0.00196154 ; 0.00745352 ; 101.293;
16 ; 7 ; 4 ; 0.844985 ; 0.00132569 ; -0.000978133 ; 101.442;
17 ; 7 ; 4 ; 0.84279 ; 0.00288522 ; -0.00305873 ; 101.263;
18 ; 7 ; 4 ; 0.84152 ; 0.00940308 ; -0.00640125 ; 101.347;
19 ; 7 ; 4 ; 0.842798 ; 0.00109153 ; 0.0016101 ; 101.252;
20 ; 7 ; 4 ; 0.857099 ; -0.00202669 ; -0.0048257 ; 101.344;
21 ; 7 ; 4 ; 0.860048 ; 3.62168e-05 ; -0.00126721 ; 101.143;
4 ; 8 ; 4 ; 0.869017 ; 0.00504658 ; -0.00448682 ; 101.424;
5 ; 8 ; 4 ; 0.848109 ; 0.00537076 ; -0.00293885 ; 101.91;
6 ; 8 ; 4 ; 0.86919 ; 0.00083857 ; 0.0102302 ; 101.853;
7 ; 8 ; 4 ; 0.845728 ; -0.00158943 ; -0.003153 ; 101.487;
8 ; 8 ; 4 ; 0.847826 ; 0.00402702 ; 0.00433002 ; 101.051;
9 ; 8 ; 4 ; 0.847347 ; 0.0019239 ; 0.0114558 ; 101.804;
10 ; 8 ; 4 ; 0.848702 ; -0.00210004 ; 0.00250134 ; 101.165;
11 ; 8 ; 4 ; 0.854569 ; 0.000482433 ; -0.00394985 ; 101.64;
12 ; 8 ; 4 ; 0.853136 ; -0.0170702 ; 0.00139265 ; 101.467;
13 ; 8 ; 4 ; 0.846992 ; 0.00402224 ; 0.0041939 ; 101.501;
14 ; 8 ; 4 ; 0.844819 ; -0.00536145 ; -0.0129443 ; 101.88;
15 ; 8 ; 4 ; 0.852514 ; 0.00377231 ; -0.00666438 ; 101.502;
16 ; 8 ; 4 ; 0.846353 ; 0.00211202 ; 0.0106439 ; 101.301;
17 ; 8 ; 4 ; 0.839446 ; -0.00444871 ; -0.00184415 ; 101.499;
18 ; 8 ; 4 ; 0.837078 ; 0.00282667 ; 0.00648205 ; 101.802;
19 ; 8 ; 4 ; 0.853695 ; -0.000363777 ; -0.00120523 ; 101.259;
20 ; 8 ; 4 ; 0.849758 ; 0.00763274 ; -0.00688245 ; 101.115;
21 ; 8 ; 4 ; 0.855299 ; -0.000719774 ; 0.00299504 ; 101.208;
4 ; 9 ; 4 ; 0.862175 ; -0.0022748 ; 0.00181618 ; 101.83;
5 ; 9 ; 4 ; 0.859948 ; 0.00100813 ; -0.00192034 ; 101.225;
6 ; 9 ; 4 ; 0.851891 ; 0.0141587 ; -0.00611533 ; 101.428;
7 ; 9 ; 4 ; 0.860144 ; 0.0053917 ; 0.0107127 ; 101.387;
8 ; 9 ; 4 ; 0.848039 ; 0.00457429 ; 0.00951576 ; 101.188;
9 ; 9 ; 4 ; 0.854122 ; 0.00618134 ; -0.00592704 ; 101.842;
10 ; 9 ; 4 ; 0.845733 ; -0.00508063 ; 0.00638373 ; 101.533;
11 ; 9 ; 4 ; 0.837438 ; 0.0205885 ; 0.00282011 ; 101.629;
12 ; 9 ; 4 ; 0.851815 ; 0.00488759 ; -0.000628705 ; 101.661;
13 ; 9 ; 4 ; 0.856192 ; -0.00479778 ; -0.00124979 ; 101.365;
14 ; 9 ; 4 ; 0.843675 ; -0.010121 ; -0.00220029 ; 101.716;
15 ; 9 ; 4 ; 0.850046 ; 0.00139212 ; -0.0025895 ; 101.614;
16 ; 9 ; 4 ; 0.849824 ; 0.00147627 ; 0.00577366 ; 101.857;
17 ; 9 ; 4 ; 0.85352 ; -0.0175457 ; -0.000879989 ; 101.264;
18 ; 9 ; 4 ; 0.860026 ; -0.00418627 ; -0.00592308 ; 101.787;
19 ; 9 ; 4 ; 0.852159 ; 0.00406317 ; 0.000134083 ; 101.447;
20 ; 9 ; 4 ; 0.860586 ; 0.00525854 ; 0.00601191 ; 101.506;
21 ; 9 ; 4 ; 0.863712 ; -0.00145414 ; 0.00273968 ; 101.32;
4 ; 10 ; 4 ; 0.859842 ; -0.00702956 ; 0.0169022 ; 101.333;
5 ; 10 ; 4 ; 0.84525 ; 0.00606941 ; 0.0142432 ; 101.512;
6 ; 10 ; 4 ; 0.854622 ; -0.00344728 ; 0.0014275 ; 101.348;
7 ; 10 ; 4 ; 0.85698 ; 0.00780497 ; -0.0123877 ; 101.69;
8 ; 10 ; 4 ; 0.85436 ; -0.00771454 ; -0.00228605 ; 101.408;
9 ; 10 ; 4 ; 0.851142 ; 0.00727799 ; 0.00105093 ; 101.44;
10 ; 10 ; 4 ; 0.860274 ; -0.0102181 ; -0.0149987 ; 101.082;
11 ; 10 ; 4 ; 0.857077 ; 0.007798 ; -0.0101995 ; 101.321;
12 ; 10 ; 4 ; 0.851478 ; -0.00378991 ; 0.00109647 ; 101.168;
13 ; 10 ; 4 ; 0.841875 ; 0.0101804 ; 0.00186444 ; 101.768;
14 ; 10 ; 4 ; 0.851142 ; -0.00359314 ; -0.0110341 ; 101.254;
15 ; 10 ; 4 ; 0.859736 ; 0.00526292 ; -0.00208253 ; 101.661;
16 ; 10 ; 4 ; 0.856009 ; -0.0172125 ; -0.00471874 ; 101.266;
17 ; 10 ; 4 ; 0.849357 ; -0.0238661 ; -0.00339912 ; 101.676;
18 ; 10 ; 4 ; 0.859168 ; -0.00652809 ; -0.00196491 ; 101.339;
19 ; 10 ; 4 ; 0.860878 ; -0.000289166 ; -0.0146577 ; 101.528;
20 ; 10 ; 4 ; 0.865511 ; -0.00752983 ; 0.00359509 ; 101.6;
21 ; 10 ; 4 ; 0.855711 ; 0.0014327 ; -0.0100055 ; 100.845;
4 ; 11 ; 4 ; 0.86743 ; -0.0119489 ; -0.0105392 ; 101.638;
5 ; 11 ; 4 ; 0.858761 ; -0.00767365 ; 0.00629786 ; 101.733;
6 ; 11 ; 4 ; 0.861441 ; -0.00846423 ; 0.00514515 ; 101.627;
7 ; 11 ; 4 ; 0.842855 ; 0.00224247 ; -0.0118785 ; 101.303;
8 ; 11 ; 4 ; 0.848087 ; 0.00184179 ; 0.0105603 ; 101.75;
9 ; 11 ; 4 ; 0.838551 ; 0.00734162 ; -0.0125323 ; 101.559;
10 ; 11 ; 4 ; 0.856866 ; 0.00360223 ; 0.00818416 ; 101.566;
11 ; 11 ; 4 ; 0.854671 ; 0.0026526 ; -0.00441055 ; 101.867;
12 ; 11 ; 4 ; 0.85203 ; -0.0017821 ; 0.00626125 ; 101.679;
13 ; 11 ; 4 ; 0.837718 ; 0.000237721 ; -0.00394851 ; 101.556;
14 ; 11 ; 4 ; 0.855893 ; -0.00468801 ; 0.000990915 ; 101.179;
15 ; 11 ; 4 ; 0.838938 ; 0.00967666 ; -0.000938189 ; 101.469;
16 ; 11 ; 4 ; 0.837144 ; 0.00485415 ; -0.00289422 ; 101.782;
17 ; 11 ; 4 ; 0.832274 ; 0.0132786 ; -0.00908172 ; 101.912;
18 ; 11 ; 4 ; 0.860917 ; -0.00532607 ; -0.0115353 ; 101.84;
19 ; 11 ; 4 ; 0.858564 ; 0.00813434 ; -0.00180484 ; 101.278;
20 ; 11 ; 4 ; 0.851351 ; 0.00844315 ; -0.000773688 ; 101.241;
21 ; 11 ; 4 ; 0.856423 ; -0.00494414 ; 0.00393918 ; 102.115;
4 ; 12 ; 4 ; 0.858175 ; -0.0117043 ; 0.00722532 ; 101.513;
5 ; 12 ; 4 ; 0.859892 ; -0.00435694 ; 0.00652979 ; 101.115;
6 ; 12 ; 4 ; 0.859232 ; -0.0079203 ; -0.0106062 ; 100.806;
7 ; 12 ; 4 ; 0.860102 ; -0.00843265 ; 0.00660235 ; 101.513;
8 ; 12 ; 4 ; 0.858403 ; 0.00553855 ; -0.00554642 ; 101.672;
9 ; 12 ; 4 ; 0.85089 ; 0.0113514 ; 0.00236195 ; 101.21;
10 ; 12 ; 4 ; 0.85247 ; -0.00664996 ; 0.00586764 ; 101.477;
11 ; 12 ; 4 ; 0.842017 ; 0.00552838 ; -0.00567181 ; 101.026;
12 ; 12 ; 4 ; 0.856223 ; 0.00129521 ; 0.00261771 ; 101.469;
13 ; 12 ; 4 ; 0.86386 ; -5.05086e-05 ; -0.0116436 ; 101.553;
14 ; 12 ; 4 ; 0.844041 ; -0.0103233 ; 0.00172427 ; 101.621;
15 ; 12 ; 4 ; 0.837959 ; -0.00659716 ; -0.0185721 ; 101.354;
16 ; 12 ; 4 ; 0.852036 ; -0.00204382 ; 0.00829355 ; 101.62;
17 ; 12 ; 4 ; 0.8412 ; -0.00503038 ; 0.00444426 ; 101.548;
18 ; 12 ; 4 ; 0.843804 ; -0.00143942 ; -0.00409565 ; 101.74;
19 ; 12 ; 4 ; 0.854191 ; -0.00746459 ; 0.000120291 ; 101.499;
20 ; 12 ; 4 ; 0.858009 ; -0.0021919 ; -0.0147823 ; 101.156;
21 ; 12 ; 4 ; 0.861262 ; -0.00141862 ; -0.00702146 ; 100.451;
4 ; 13 ; 4 ; 0.860307 ; 0.0169266 ; 0.00576835 ; 101.549;
5 ; 13 ; 4 ; 0.85562 ; 0.0122092 ; 0.0077116 ; 101.307;
6 ; 13 ; 4 ; 0.854469 ; 0.00977921 ; 0.00784473 ; 102.188;
7 ; 13 ; 4 ; 0.856435 ; -0.00310255 ; -0.00827714 ; 101.313;
8 ; 13 ; 4 ; 0.856061 ; 0.0094238 ; 0.00729209 ; 101.461;
9 ; 13 ; 4 ; 0.858953 ; 9.42541e-05 ; -0.000884103 ; 101.423;
10 ; 13 ; 4 ; 0.847414 ; -0.000161174 ; 0.00135443 ; 101.583;
11 ; 13 ; 4 ; 0.833881 ; -0.0112916 ; -0.00369331 ; 101.669;
12 ; 13 ; 4 ; 0.851442 ; -0.0115592 ; 0.0126299 ; 101.575;
13 ; 13 ; 4 ; 0.841738 ; 0.00255401 ; 0.00136015 ; 101.078;
14 ; 13 ; 4 ; 0.850999 ; -0.00478822 ; -0.002247 ; 101.313;
15 ; 13 ; 4 ; 0.853117 ; 0.00749124 ; 0.00380642 ; 101.569;
16 ; 13 ; 4 ; 0.849322 ; -0.0172853 ; 0.00186988 ; 101.604;
17 ; 13 ; 4 ; 0.849243 ; -0.0094843 ; -0.00835309 ; 101.053;
18 ; 13 ; 4 ; 0.853848 ; -0.0100085 ; 0.0106701 ; 101.797;
19 ; 13 ; 4 ; 0.843985 ; -0.00306056 ; -0.0200236 ; 101.621;
20 ; 13 ; 4 ; 0.856918 ; 0.00026611 ; -0.00770006 ; 101.901;
21 ; 13 ; 4 ; 0.857706 ; -0.0137689 ; -0.0166258 ; 101.143;
4 ; 14 ; 4 ; 0.856066 ; 0.0107515 ; 0.0100577 ; 102.184;
5 ; 14 ; 4 ; 0.847493 ; 0.0155527 ; 0.0104008 ; 101.768;
6 ; 14 ; 4 ; 0.863119 ; -0.00049102 ; -0.00532264 ; 101.537;
7 ; 14 ; 4 ; 0.858236 ; -0.00459455 ; 0.00948812 ; 101.378;
8 ; 14 ; 4 ; 0.853586 ; 0.000882636 ; -0.00106006 ; 102.001;
9 ; 14 ; 4 ; 0.853507 ; -0.0139009 ; 0.00670725 ; 101.309;
10 ; 14 ; 4 ; 0.844555 ; 0.00354123 ; 0.0103767 ; 101.796;
11 ; 14 ; 4 ; 0.838499 ; 0.00968758 ; -0.000867293 ; 101.578;
12 ; 14 ; 4 ; 0.850182 ; -0.00193907 ; 0.00259209 ; 101.266;
13 ; 14 ; 4 ; 0.842702 ; -0.00228989 ; -0.00557406 ; 101.719;
14 ; 14 ; 4 ; 0.842758 ; 0.00515403 ; -0.012404 ; 100.983;
15 ; 14 ; 4 ; 0.851989 ; 0.00105107 ; 0.00963462 ; 101.779;
16 ; 14 ; 4 ; 0.851716 ; 0.000313383 ; -0.000419148 ; 101.546;
17 ; 14 ; 4 ; 0.858501 ; -0.0198521 ; -0.000320014 ; 101.212;
18 ; 14 ; 4 ; 0.849809 ; -0.00501589 ; -0.0101244 ; 101.54;
19 ; 14 ; 4 ; 0.845523 ; 0.0016745 ; 0.0063465 ; 101.586;
20 ; 14 ; 4 ; 0.862015 ; 0.00740673 ; -0.0037024 ; 101.223;
21 ; 14 ; 4 ; 0.874027 ; -0.0146894 ; 0.00248575 ; 100.986;
4 ; 15 ; 4 ; 0.865645 ; 0.00598598 ; -0.00708859 ; 101.482;
5 ; 15 ; 4 ; 0.862462 ; -0.00472702 ; -0.00315934 ; 100.732;
6 ; 15 ; 4 ; 0.860297 ; -0.00273825 ; -0.00363499 ; 101.417;
7 ; 15 ; 4 ; 0.849364 ; -0.00257411 ; 0.000679402 ; 101.828;
8 ; 15 ; 4 ; 0.84735 ; 0.00575734 ; 0.00343453 ; 101.762;
9 ; 15 ; 4 ; 0.847347 ; 0.00381315 ; -0.00729593 ; 101.671;
10 ; 15 ; 4 ; 0.847675 ; 0.00482902 ; 0.00717077 ; 101.712;
11 ; 15 ; 4 ; 0.844136 ; -0.00110397 ; -0.00554095 ; 101.997;
12 ; 15 ; 4 ; 0.854029 ; 0.00154228 ; 0.00289262 ; 101.508;
13 ; 15 ; 4 ; 0.858165 ; 0.00826077 ; -0.00835975 ; 101.461;
14 ; 15 ; 4 ; 0.845748 ; 0.000992497 ; 0.00337721 ; 102.065;
15 ; 15 ; 4 ; 0.850564 ; -0.00378345 ; -0.000341926 ; 101.472;
16 ; 15 ; 4 ; 0.85428 ; 0.0106311 ; -0.00458527 ; 101.668;
17 ; 15 ; 4 ; 0.861988 ; -0.0111313 ; 0.0035482 ; 101.464;
18 ; 15 ; 4 ; 0.862254 ; -0.000767884 ; 0.00267721 ; 101.508;
19 ; 15 ; 4 ; 0.863222 ; -0.00616032 ; 0.00512668 ; 101.607;
20 ; 15 ; 4 ; 0.873037 ; 0.003963 ; -0.000374412 ; 101.129;
21 ; 15 ; 4 ; 0.8714 ; -0.0116373 ; -0.000696237 ; 101.28;
4 ; 16 ; 4 ; 0.857878 ; 0.0189245 ; 0.00825231 ; 101.683;
5 ; 16 ; 4 ; 0.8484 ; 0.00868661 ; -0.0103323 ; 101.418;
6 ; 16 ; 4 ; 0.852697 ; -0.0119814 ; 0.0110249 ; 101.478;
7 ; 16 ; 4 ; 0.859912 ; 0.00268234 ; 0.00202116 ; 101.575;
8 ; 16 ; 4 ; 0.864402 ; 1.84958e-06 ; 0.00884826 ; 101.469;
9 ; 16 ; 4 ; 0.846242 ; 0.00234037 ; -0.00217581 ; 101.325;
10 ; 16 ; 4 ; 0.844194 ; 0.000541665 ; -0.00975277 ; 101.179;
11 ; 16 ; 4 ; 0.865873 ; -3.41665e-05 ; 0.00427533 ; 101.366;
12 ; 16 ; 4 ; 0.848626 ; 0.000362552 ; -0.00185862 ; 101.404;
13 ; 16 ; 4 ; 0.838919 ; 0.00648337 ; 0.00151664 ; 101.224;
14 ; 16 ; 4 ; 0.840671 ; 0.00347305 ; 2.54861e-05 ; 100.978;
15 ; 16 ; 4 ; 0.843102 ; -0.0192768 ; -0.00803606 ; 101.434;
16 ; 16 ; 4 ; 0.861519 ; -0.00273516 ; -0.0044574 ; 101.181;
17 ; 16 ; 4 ; 0.852555 ; 0.00884467 ; 0.0156134 ; 101.297;
18 ; 16 ; 4 ; 0.859703 ; 0.0123621 ; -0.01081 ; 101.291;
19 ; 16 ; 4 ; 0.862381 ; -0.00609176 ; 0.0047345 ; 101.786;
20 ; 16 ; 4 ; 0.852733 ; 0.00367204 ; 0.000153 ; 101.625;
21 ; 16 ; 4 ; 0.873511 ; 0.00248619 ; 0.00168621 ; 101.326;
4 ; 17 ; 4 ; 0.858761 ; 0.00732167 ; -0.00944704 ; 101.657;
5 ; 17 ; 4 ; 0.862287 ; -0.000318719 ; 0.00847999 ; 101.481;
6 ; 17 ; 4 ; 0.856241 ; 0.00600118 ; 0.00132506 ; 101.518;
7 ; 17 ; 4 ; 0.847036 ; 0.0172418 ; -0.00897802 ; 101.17;
8 ; 17 ; 4 ; 0.851459 ; 0.00303964 ; 0.0104954 ; 101.494;
9 ; 17 ; 4 ; 0.859793 ; -0.00618928 ; 0.00100338 ; 101.275;
10 ; 17 ; 4 ; 0.858987 ; 0.00151863 ; -0.00728509 ; 101.605;
11 ; 17 ; 4 ; 0.867583 ; 0.00467175 ; 0.00133867 ; 101.529;
12 ; 17 ; 4 ; 0.855797 ; -0.000939914 ; 0.00778048 ; 101.628;
13 ; 17 ; 4 ; 0.847033 ; 0.00569745 ; 0.00777666 ; 101.286;
14 ; 17 ; 4 ; 0.847486 ; 0.00303816 ; -0.0040991 ; 101.218;
15 ; 17 ; 4 ; 0.869479 ; -0.0114647 ; 0.00515069 ; 101.253;
16 ; 17 ; 4 ; 0.847826 ; 0.00348043 ; 0.0148348 ; 101.301;
17 ; 17 ; 4 ; 0.837721 ; 0.00944033 ; -0.00378809 ; 101.28;
18 ; 17 ; 4 ; 0.852102 ; 0.0060676 ; -0.00497737 ; 101.507;
19 ; 17 ; 4 ; 0.859924 ; 0.00187181 ; -0.00780402 ; 100.928;
20 ; 17 ; 4 ; 0.864184 ; -0.00621363 ; -0.00864162 ; 101.318;
21 ; 17 ; 4 ; 0.868273 ; 0.00577417 ; -0.00825111 ; 100.903;
4 ; 18 ; 4 ; 0.86293 ; 0.00851178 ; -0.000244376 ; 101.74;
5 ; 18 ; 4 ; 0.864384 ; -0.00222242 ; 0.0101084 ; 101.633;
6 ; 18 ; 4 ; 0.858765 ; 0.000980621 ; -0.00675194 ; 101.709;
7 ; 18 ; 4 ; 0.849696 ; 0.0152531 ; 0.01997 ; 101.68;
8 ; 18 ; 4 ; 0.855074 ; 0.00281071 ; -0.00646395 ; 101.178;
9 ; 18 ; 4 ; 0.866318 ; -0.000237101 ; 0.0146618 ; 101.527;
10 ; 18 ; 4 ; 0.858099 ; -0.00726417 ; 0.00499988 ; 101.758;
11 ; 18 ; 4 ; 0.861727 ; 0.00369254 ; -0.0106683 ; 101.192;
12 ; 18 ; 4 ; 0.852756 ; -0.00322394 ; 0.00748542 ; 101.08;
13 ; 18 ; 4 ; 0.854882 ; 0.00256751 ; -0.00329019 ; 101.148;
14 ; 18 ; 4 ; 0.8542 ; 0.00107855 ; -0.00631259 ; 101.698;
15 ; 18 ; 4 ; 0.856202 ; 0.00523469 ; 0.00150854 ; 101.137;
16 ; 18 ; 4 ; 0.848443 ; 0.00186482 ; -0.0102416 ; 101.257;
17 ; 18 ; 4 ; 0.841554 ; -0.0102814 ; 0.00276408 ; 101.83;
18 ; 18 ; 4 ; 0.853636 ; -0.00413539 ; -0.00388948 ; 101.77;
19 ; 18 ; 4 ; 0.856255 ; -0.00848327 ; -0.00224266 ; 101.496;
20 ; 18 ; 4 ; 0.870211 ; 0.00262674 ; -0.0139697 ; 101.29;
21 ; 18 ; 4 ; 0.876435 ; 0.0106705 ; -0.0035646 ; 101.278;
4 ; 19 ; 4 ; 0.867597 ; 0.00825753 ; -0.0114078 ; 101.826;
5 ; 19 ; 4 ; 0.856359 ; 0.00585765 ; 0.00931089 ; 101.398;
6 ; 19 ; 4 ; 0.849029 ; 0.00556263 ; -0.00259583 ; 101.664;
7 ; 19 ; 4 ; 0.860236 ; -0.0118454 ; 0.0174822 ; 101.141;
8 ; 19 ; 4 ; 0.8734 ; 0.00103743 ; -0.00785961 ; 101.424;
9 ; 19 ; 4 ; 0.864856 ; -0.0110144 ; -0.00674853 ; 101.224;
10 ; 19 ; 4 ; 0.867624 ; -0.000469978 ; -0.0132047 ; 101.485;
11 ; 19 ; 4 ; 0.867751 ; -0.00995094 ; 0.0031239 ; 101.028;
12 ; 19 ; 4 ; 0.850095 ; -0.00729885 ; -0.00255853 ; 101.633;
13 ; 19 ; 4 ; 0.847897 ; 0.00203684 ; -0.0101796 ; 101.278;
14 ; 19 ; 4 ; 0.840674 ; 0.010041 ; -0.00558805 ; 101.659;
15 ; 19 ; 4 ; 0.844694 ; -0.00293988 ; -0.00138617 ; 101.305;
16 ; 19 ; 4 ; 0.846207 ; -0.0119237 ; 0.0121947 ; 101.001;
17 ; 19 ; 4 ; 0.851879 ; 0.000451099 ; 0.00467388 ; 101.451;
18 ; 19 ; 4 ; 0.850043 ; 0.00285253 ; -0.00426348 ; 101.557;
19 ; 19 ; 4 ; 0.862042 ; 0.00907187 ; -0.0150473 ; 101.595;
20 ; 19 ; 4 ; 0.85006 ; 0.0110644 ; 0.00756621 ; 101.725;
21 ; 19 ; 4 ; 0.872476 ; 0.00139749 ; -0.00207439 ; 101.423;
4 ; 20 ; 4 ; 0.866273 ; -0.00585873 ; 0.0141617 ; 101.947;
5 ; 20 ; 4 ; 0.869541 ; -0.00280172 ; 0.00842954 ; 101.837;
6 ; 20 ; 4 ; 0.866099 ; 0.00309241 ; 0.000436701 ; 101.345;
7 ; 20 ; 4 ; 0.861469 ; -0.00485282 ; 0.00407427 ; 101.859;
8 ; 20 ; 4 ; 0.842968 ; -0.0045022 ; 0.00508506 ; 101.848;
9 ; 20 ; 4 ; 0.851727 ; -0.00540224 ; 0.00196468 ; 101.514;
10 ; 20 ; 4 ; 0.853266 ; -0.000318486 ; 0.00126773 ; 101.264;
11 ; 20 ; 4 ; 0.854663 ; -0.0166663 ; 0.00427588 ; 101.433;
12 ; 20 ; 4 ; 0.848448 ; 0.0103744 ; -0.00657148 ; 101.507;
13 ; 20 ; 4 ; 0.834664 ; -0.00831973 ; 0.00766425 ; 101.353;
14 ; 20 ; 4 ; 0.852809 ; -0.0135362 ; 0.0172847 ; 101.803;
15 ; 20 ; 4 ; 0.8547 ; -0.00607542 ; -0.01484 ; 101.631;
16 ; 20 ; 4 ; 0.861745 ; 0.000358611 ; 0.0035664 ; 102.091;
17 ; 20 ; 4 ; 0.838871 ; 0.0098701 ; 0.00936526 ; 101.789;
18 ; 20 ; 4 ; 0.851945 ; 0.00730298 ; -0.0132906 ; 101.397;
19 ; 20 ; 4 ; 0.860098 ; 0.0120394 ; 0.00907375 ; 101.485;
20 ; 20 ; 4 ; 0.866728 ; 0.0119814 ; 0.0016686 ; 101.143;
21 ; 20 ; 4 ; 0.85901 ; 0.021245 ; -0.0031512 ; 101.576;
4 ; 21 ; 4 ; 0.864625 ; 0.0144254 ; 0.00590812 ; 101.599;
5 ; 21 ; 4 ; 0.874396 ; 0.0123682 ; 0.00130562 ; 101.42;
6 ; 21 ; 4 ; 0.855562 ; 0.00455966 ; 0.00815215 ; 101.821;
7 ; 21 ; 4 ; 0.873724 ; 0.0141552 ; 0.012551 ; 101.376;
8 ; 21 ; 4 ; 0.866864 ; -0.00996956 ; 0.0049026 ; 101.739;
9 ; 21 ; 4 ; 0.86206 ; -0.0159533 ; 0.00236481 ; 101.477;
10 ; 21 ; 4 ; 0.852844 ; 0.0037929 ; -0.00291994 ; 101.572;
11 ; 21 ; 4 ; 0.852078 ; -0.0077638 ; 0.00141441 ; 101.391;
12 ; 21 ; 4 ; 0.863534 ; 0.010542 ; 0.00100874 ; 101.449;
13 ; 21 ; 4 ; 0.85919 ; -0.00441642 ; 0.00526176 ; 101.358;
14 ; 21 ; 4 ; 0.853666 ; 0.00236545 ; -0.00761524 ; 100.952;
15 ; 21 ; 4 ; 0.85491 ; -0.00190465 ; -0.00483711 ; 101.554;
16 ; 21 ; 4 ; 0.865224 ; 0.00785208 ; 0.00477979 ; 101.481;
17 ; 21 ; 4 ; 0.860886 ; -0.00063497 ; -0.00105021 ; 102.018;
18 ; 21 ; 4 ; 0.857226 ; 0.00725066 ; 0.00197046 ; 101.38;
19 ; 21 ; 4 ; 0.847373 ; 0.0155445 ; 0.00083081 ; 101.902;
20 ; 21 ; 4 ; 0.860584 ; 0.00314073 ; 0.0141861 ; 101.348;
21 ; 21 ; 4 ; 0.852611 ; 0.000649516 ; -0.00228279 ; 101.217;
4 ; 4 ; 5 ; 0.743373 ; 0.00438861 ; 0.00951721 ; 101.623;
5 ; 4 ; 5 ; 0.740295 ; -0.0122549 ; 0.0133524 ; 101.439;
6 ; 4 ; 5 ; 0.735538 ; -0.00883679 ; 0.00536633 ; 101.521;
7 ; 4 ; 5 ; 0.744497 ; -0.0103574 ; 0.0140023 ; 101.517;
8 ; 4 ; 5 ; 0.750123 ; -0.00452452 ; -0.00860286 ; 101.413;
9 ; 4 ; 5 ; 0.738843 ; 0.00765566 ; -0.0138257 ; 101.256;
10 ; 4 ; 5 ; 0.732848 ; -0.00435847 ; -0.0140215 ; 101.595;
11 ; 4 ; 5 ; 0.732343 ; 0.00795006 ; 0.015044 ; 100.979;
12 ; 4 ; 5 ; 0.745441 ; -0.00464451 ; -0.000211039 ; 101.501;
13 ; 4 ; 5 ; 0.745392 ; -0.00246104 ; -0.00802321 ; 101.309;
14 ; 4 ; 5 ; 0.747928 ; -0.00501968 ; 0.00692116 ; 101.799;
15 ; 4 ; 5 ; 0.739033 ; 0.000411509 ; -0.000412941 ; 101.737;
16 ; 4 ; 5 ; 0.745204 ; -0.00338575 ; 0.00451431 ; 101.13;
17 ; 4 ; 5 ; 0.745142 ; -0.0144014 ; 0.0014682 ; 101.643;
18 ; 4 ; 5 ; 0.734639 ; 0.00110144 ; 0.00101292 ; 101.121;
19 ; 4 ; 5 ; 0.740175 ; 0.000738325 ; 0.00666699 ; 101.392;
20 ; 4 ; 5 ; 0.738988 ; 0.0096887 ; -0.00977128 ; 101.246;
21 ; 4 ; 5 ; 0.746041 ; -0.00479108 ; 0.00106907 ; 101.248;
4 ; 5 ; 5 ; 0.743113 ; -0.000616517 ; -1.4217e-05 ; 101.691;
5 ; 5 ; 5 ; 0.73581 ; -0.000997933 ; 0.0166215 ; 101.856;
6 ; 5 ; 5 ; 0.730413 ; 0.00561706 ; -0.000917372 ; 101.232;
7 ; 5 ; 5 ; 0.729812 ; -0.00253947 ; 0.00422612 ; 101.641;
8 ; 5 ; 5 ; 0.756969 ; -0.000629736 ; 0.0100666 ; 101.221;
9 ; 5 ; 5 ; 0.736788 ; -0.00412233 ; 6.17643e-05 ; 101.392;
10 ; 5 ; 5 ; 0.743791 ; 0.00484305 ; 0.00251246 ; 101.55;
11 ; 5 ; 5 ; 0.735228 ; 0.00388792 ; -0.00848757 ; 101.624;
12 ; 5 ; 5 ; 0.75328 ; -0.00876699 ; 0.000213457 ; 101.843;
13 ; 5 ; 5 ; 0.748052 ; -0.00518411 ; -0.0148593 ; 101.079;
14 ; 5 ; 5 ; 0.731217 ; 0.0029492 ; -0.0182433 ; 101.57;
15 ; 5 ; 5 ; 0.738806 ; -0.00657125 ; 0.00953457 ; 101.305;
16 ; 5 ; 5 ; 0.742707 ; -0.00638047 ; -0.00501671 ; 101.377;
17 ; 5 ; 5 ; 0.734108 ; -0.012567 ; -0.0100017 ; 101.698;
18 ; 5 ; 5 ; 0.749136 ; -0.00894071 ; -0.0133653 ; 101.408;
19 ; 5 ; 5 ; 0.740266 ; 0.00234292 ; -0.0179867 ; 101.657;
20 ; 5 ; 5 ; 0.742218 ; 0.010562 ; -0.00803959 ; 101.445;
21 ; 5 ; 5 ; 0.74691 ; -0.00156375 ; 0.0116434 ; 101.428;
4 ; 6 ; 5 ; 0.752111 ; -0.0125948 ; -0.000899859 ; 101.356;
5 ; 6 ; 5 ; 0.737776 ; 0.00840385 ; -0.00308744 ; 101.094;
6 ; 6 ; 5 ; 0.743644 ; -0.00457989 ; 0.00405952 ; 101.564;
7 ; 6 ; 5 ; 0.738054 ; -0.00477004 ; -0.00350223 ; 101.235;
8 ; 6 ; 5 ; 0.750044 ; 0.00394632 ; -0.00100101 ; 101.227;
9 ; 6 ; 5 ; 0.737911 ; -0.00975193 ; 0.00568944 ; 101.539;
10 ; 6 ; 5 ; 0.740258 ; 0.00173219 ; -0.00811039 ; 101.073;
11 ; 6 ; 5 ; 0.73282 ; -0.00386107 ; 0.0040253 ; 101.708;
12 ; 6 ; 5 ; 0.7323 ; -0.00411734 ; 0.0043239 ; 100.904;
13 ; 6 ; 5 ; 0.733258 ; 0.00264254 ; 0.00413044 ; 101.111;
14 ; 6 ; 5 ; 0.740178 ; 0.00326529 ; 0.00849797 ; 101.554;
15 ; 6 ; 5 ; 0.737609 ; -0.00577199 ; -0.0120086 ; 101.377;
16 ; 6 ; 5 ; 0.75148 ; 1.3887e-05 ; -0.0132682 ; 101.014;
17 ; 6 ; 5 ; 0.739227 ; -0.0132317 ; -0.00961576 ; 100.933;
18 ; 6 ; 5 ; 0.743282 ; 0.00228324 ; 0.00555362 ; 101.647;
19 ; 6 ; 5 ; 0.742536 ; 0.000575398 ; -0.010983 ; 101.496;
20 ; 6 ; 5 ; 0.731188 ; -0.0120094 ; 0.00494893 ; 100.823;
21 ; 6 ; 5 ; 0.740859 ; -0.00680584 ; 0.00188235 ; 100.576;
4 ; 7 ; 5 ; 0.739755 ; -0.00494568 ; -0.0052681 ; 101.742;
5 ; 7 ; 5 ; 0.740189 ; -0.00147618 ; 0.00732028 ; 101.312;
6 ; 7 ; 5 ; 0.752667 ; 0.00762664 ; 0.00589034 ; 101.201;
7 ; 7 ; 5 ; 0.744052 ; -0.00562266 ; -0.00648687 ; 101.529;
8 ; 7 ; 5 ; 0.734851 ; 0.00627211 ; 0.00565768 ; 101.613;
9 ; 7 ; 5 ; 0.75171 ; -0.0070053 ; 0.00689323 ; 101.5;
10 ; 7 ; 5 ; 0.732855 ; 0.00403162 ; 0.00830876 ; 101.77;
11 ; 7 ; 5 ; 0.742197 ; -0.00668518 ; -0.00143918 ; 101.566;
12 ; 7 ; 5 ; 0.737331 ; 0.00991281 ; 0.00607099 ; 101.229;
13 ; 7 ; 5 ; 0.718651 ; -0.00817336 ; -0.0019449 ; 101.395;
14 ; 7 ; 5 ; 0.736314 ; -0.00765844 ; 0.00835259 ; 100.738;
15 ; 7 ; 5 ; 0.720353 ; -0.020748 ; 0.0060694 ; 101.328;
16 ; 7 ; 5 ; 0.73749 ; -0.00228241 ; 0.00122236 ; 102.038;
17 ; 7 ; 5 ; 0.739759 ; -0.00635114 ; -0.00349066 ; 101.064;
18 ; 7 ; 5 ; 0.73703 ; 0.00335969 ; -0.0119776 ; 101.453;
19 ; 7 ; 5 ; 0.726866 ; -0.00335602 ; -0.0030494 ; 101.041;
20 ; 7 ; 5 ; 0.735379 ; -0.00152553 ; -0.00765567 ; 101.37;
21 ; 7 ; 5 ; 0.755101 ; -0.00187954 ; -0.00373127 ; 101.358;
4 ; 8 ; 5 ; 0.745595 ; 0.00221527 ; 0.0104562 ; 101.86;
5 ; 8 ; 5 ; 0.746337 ; -0.0040498 ; -0.00421514 ; 101.522;
6 ; 8 ; 5 ; 0.745121 ; 0.015088 ; 0.000906181 ; 101.978;
7 ; 8 ; 5 ; 0.746756 ; 0.000212379 ; 0.00884366 ; 101.658;
8 ; 8 ; 5 ; 0.737839 ; -0.0156625 ; 0.00676357 ; 101.455;
9 ; 8 ; 5 ; 0.735452 ; 0.0019946 ; 0.0117582 ; 100.895;
10 ; 8 ; 5 ; 0.730208 ; 0.00309361 ; -0.0025487 ; 101.304;
11 ; 8 ; 5 ; 0.72893 ; 0.0044575 ; -0.00928496 ; 101.147;
12 ; 8 ; 5 ; 0.7326 ; -0.00166398 ; 0.00191239 ; 101.447;
13 ; 8 ; 5 ; 0.726369 ; -0.00553107 ; 0.00814108 ; 101.266;
14 ; 8 ; 5 ; 0.749722 ; -0.00989121 ; 0.00116676 ; 101.829;
15 ; 8 ; 5 ; 0.743947 ; 0.000974695 ; 0.00890736 ; 101.73;
16 ; 8 ; 5 ; 0.734314 ; -0.00173224 ; -0.00864966 ; 101.069;
17 ; 8 ; 5 ; 0.74792 ; 0.00158181 ; 0.00189899 ; 101.455;
18 ; 8 ; 5 ; 0.746351 ; -0.00462544 ; 0.00666787 ; 101.1;
19 ; 8 ; 5 ; 0.729135 ; 0.00876614 ; 0.0149828 ; 101.444;
20 ; 8 ; 5 ; 0.754082 ; 0.00983534 ; -0.0231327 ; 101.361;
21 ; 8 ; 5 ; 0.747619 ; 0.00318368 ; 0.000162062 ; 100.923;
4 ; 9 ; 5 ; 0.740843 ; -0.00340568 ; -0.00369178 ; 101.431;
5 ; 9 ; 5 ; 0.740739 ; -0.012098 ; 0.00899885 ; 101.711;
6 ; 9 ; 5 ; 0.752299 ; -0.00324494 ; -0.000606919 ; 101.252;
7 ; 9 ; 5 ; 0.753005 ; 0.00478157 ; 0.011442 ; 101.59;
8 ; 9 ; 5 ; 0.734186 ; -0.00311445 ; -0.00599044 ; 101.977;
9 ; 9 ; 5 ; 0.726466 ; -0.00603392 ; 0.000496302 ; 101.259;
10 ; 9 ; 5 ; 0.738907 ; -0.00102383 ; -0.00259986 ; 101.645;
11 ; 9 ; 5 ; 0.748239 ; 0.00256835 ; 0.00567048 ; 101.653;
12 ; 9 ; 5 ; 0.734166 ; 0.00429544 ; -0.0028153 ; 101.342;
13 ; 9 ; 5 ; 0.72044 ; 0.0103185 ; -0.00612604 ; 101.165;
14 ; 9 ; 5 ; 0.745577 ; -0.00706826 ; -0.00604884 ; 101.592;
15 ; 9 ; 5 ; 0.736791 ; -0.00388006 ; -0.00429856 ; 101.345;
16 ; 9 ; 5 ; 0.73508 ; 0.00441442 ; 0.00292707 ; 101.587;
17 ; 9 ; 5 ; 0.737566 ; -0.00345961 ; 0.00326316 ; 100.735;
18 ; 9 ; 5 ; 0.728165 ; -0.0060523 ; 0.00113348 ; 101.398;
19 ; 9 ; 5 ; 0.728153 ; -0.00198167 ; -0.00298349 ; 101.475;
20 ; 9 ; 5 ; 0.731818 ; 0.00338459 ; 0.000850527 ; 101.516;
21 ; 9 ; 5 ; 0.739815 ; -0.00234967 ; -0.000274583 ; 101.359;
4 ; 10 ; 5 ; 0.748041 ; -0.00947363 ; -0.00274417 ; 101.708;
5 ; 10 ; 5 ; 0.743834 ; 0.00513797 ; -0.00578776 ; 101.753;
6 ; 10 ; 5 ; 0.747885 ; 0.00762219 ; 0.0115414 ; 101.376;
7 ; 10 ; 5 ; 0.751341 ; 0.00174477 ; 0.00462829 ; 101.436;
8 ; 10 ; 5 ; 0.73984 ; 0.000425339 ; 0.00266541 ; 101.498;
9 ; 10 ; 5 ; 0.737348 ; -0.0112693 ; -0.00079245 ; 101.375;
10 ; 10 ; 5 ; 0.736074 ; 0.0111343 ; 0.00110434 ; 100.954;
11 ; 10 ; 5 ; 0.746974 ; -0.00408057 ; 0.000958547 ; 101.287;
12 ; 10 ; 5 ; 0.719167 ; -0.0108769 ; -0.00383946 ; 101.454;
13 ; 10 ; 5 ; 0.720532 ; -0.00116385 ; 0.00506522 ; 101.635;
14 ; 10 ; 5 ; 0.733392 ; -0.00813842 ; -0.00710384 ; 101.567;
15 ; 10 ; 5 ; 0.731976 ; 0.00360533 ; -0.000509939 ; 101.232;
16 ; 10 ; 5 ; 0.740203 ; 0.0160163 ; -0.0105103 ; 101.389;
17 ; 10 ; 5 ; 0.738616 ; -0.0111474 ; 0.00118269 ; 101.181;
18 ; 10 ; 5 ; 0.74137 ; -0.00806165 ; 0.00321098 ; 101.212;
19 ; 10 ; 5 ; 0.754075 ; -0.0124501 ; -0.0162153 ; 101.51;
20 ; 10 ; 5 ; 0.736431 ; -0.00939828 ; -0.00310731 ; 101.297;
21 ; 10 ; 5 ; 0.749373 ; -0.0105567 ; 0.00543988 ; 101.273;
4 ; 11 ; 5 ; 0.739065 ; -0.00580699 ; -0.00030081 ; 101.69;
5 ; 11 ; 5 ; 0.756135 ; -0.00440421 ; 0.0118427 ; 101.269;
6 ; 11 ; 5 ; 0.737328 ; -0.0178453 ; 0.00387888 ; 101.843;
7 ; 11 ; 5 ; 0.735346 ; -0.000331051 ; 0.00863727 ; 101.87;
8 ; 11 ; 5 ; 0.733267 ; -0.0102393 ; 0.00466134 ; 101.33;
9 ; 11 ; 5 ; 0.754742 ; 0.0024544 ; 0.00610125 ; 101.544;
10 ; 11 ; 5 ; 0.759539 ; 0.0027658 ; -0.00225097 ; 101.161;
11 ; 11 ; 5 ; 0.732519 ; 0.00461552 ; 0.00434543 ; 101.487;
12 ; 11 ; 5 ; 0.721649 ; -0.00208979 ; -0.00557946 ; 101.143;
13 ; 11 ; 5 ; 0.734211 ; -0.00457527 ; 0.00217905 ; 101.312;
14 ; 11 ; 5 ; 0.733016 ; -0.00514158 ; 0.00894097 ; 101.537;
15 ; 11 ; 5 ; 0.732627 ; 0.00672465 ; -0.00316702 ; 101.836;
16 ; 11 ; 5 ; 0.730557 ; 0.000233411 ; -0.00439848 ; 101.343;
17 ; 11 ; 5 ; 0.730536 ; 0.0131037 ; -0.00082569 ; 101.074;
18 ; 11 ; 5 ; 0.73164 ; 0.00350834 ; -0.00782141 ; 101.711;
19 ; 11 ; 5 ; 0.740327 ; 0.00135847 ; -0.000480698 ; 101.382;
20 ; 11 ; 5 ; 0.743693 ; 0.00192092 ; -0.011557 ; 101.379;
21 ; 11 ; 5 ; 0.74207 ; -0.00105957 ; -0.00174328 ; 101.574;
4 ; 12 ; 5 ; 0.760039 ; -0.00953555 ; -0.00777251 ; 101.545;
5 ; 12 ; 5 ; 0.744277 ; -0.0115544 ; -0.000494524 ; 101.744;
6 ; 12 ; 5 ; 0.731573 ; -0.0068659 ; 0.00487846 ; 101.479;
7 ; 12 ; 5 ; 0.750507 ; 0.00300036 ; -0.00507805 ; 101.452;
8 ; 12 ; 5 ; 0.748532 ; -0.00172747 ; -0.0115154 ; 101.381;
9 ; 12 ; 5 ; 0.739234 ; -0.00949522 ; 0.0021042 ; 101.328;
10 ; 12 ; 5 ; 0.726008 ; 2.55737e-05 ; -0.009094 ; 101.452;
11 ; 12 ; 5 ; 0.736026 ; -0.00496 ; -0.0108051 ; 101.417;
12 ; 12 ; 5 ; 0.724777 ; 0.00226841 ; -0.00110754 ; 101.651;
13 ; 12 ; 5 ; 0.724318 ; 0.00107353 ; -0.00336941 ; 100.923;
14 ; 12 ; 5 ; 0.732359 ; -0.00123796 ; -0.00550525 ; 101.128;
15 ; 12 ; 5 ; 0.728136 ; 0.00584059 ; 0.00326527 ; 101.354;
16 ; 12 ; 5 ; 0.737626 ; 0.00413748 ; -0.0128221 ; 101.157;
17 ; 12 ; 5 ; 0.742792 ; 0.00987592 ; 0.00316658 ; 101.147;
18 ; 12 ; 5 ; 0.735973 ; -0.00415303 ; -0.00618249 ; 101.373;
19 ; 12 ; 5 ; 0.731319 ; -0.00644146 ; -0.00232451 ; 101.42;
20 ; 12 ; 5 ; 0.739226 ; 0.000583001 ; -0.00809696 ; 101.538;
21 ; 12 ; 5 ; 0.747955 ; 0.00932937 ; -0.0256604 ; 100.94;
4 ; 13 ; 5 ; 0.752167 ; -0.0111634 ; 0.00029411 ; 101.395;
5 ; 13 ; 5 ; 0.75387 ; 0.0179643 ; 0.0102943 ; 101.418;
6 ; 13 ; 5 ; 0.759134 ; -0.0110665 ; 0.00716492 ; 101.391;
7 ; 13 ; 5 ; 0.745893 ; -0.00212929 ; 0.00776144 ; 101.178;
8 ; 13 ; 5 ; 0.737648 ; 0.0131689 ; 0.00845292 ; 101.393;
9 ; 13 ; 5 ; 0.733004 ; 0.00138398 ; 0.00924021 ; 101.588;
10 ; 13 ; 5 ; 0.728732 ; -0.00132645 ; 0.00603598 ; 101.219;
11 ; 13 ; 5 ; 0.7338 ; -0.00639429 ; -0.00866138 ; 101.662;
12 ; 13 ; 5 ; 0.738182 ; -0.00545113 ; -0.0016845 ; 101.614;
13 ; 13 ; 5 ; 0.73281 ; 0.00858946 ; 0.00158789 ; 101.448;
14 ; 13 ; 5 ; 0.725617 ; -0.0120029 ; -0.00250348 ; 101.288;
15 ; 13 ; 5 ; 0.719651 ; -0.00285128 ; 0.00512466 ; 101.491;
16 ; 13 ; 5 ; 0.721351 ; 0.000654536 ; -0.000431408 ; 101.111;
17 ; 13 ; 5 ; 0.731246 ; 0.00720617 ; -0.00560033 ; 101.307;
18 ; 13 ; 5 ; 0.741986 ; -0.00671583 ; 0.0109539 ; 101.653;
19 ; 13 ; 5 ; 0.732972 ; 0.0103377 ; -0.0065629 ; 101.672;
20 ; 13 ; 5 ; 0.747866 ; -0.00435032 ; -0.0170598 ; 101.391;
21 ; 13 ; 5 ; 0.755603 ; 0.00286961 ; -0.00239228 ; 101.172;
4 ; 14 ; 5 ; 0.742578 ; 0.00192098 ; 0.00688089 ; 101.262;
5 ; 14 ; 5 ; 0.738494 ; -0.0189581 ; 0.0145252 ; 101.039;
6 ; 14 ; 5 ; 0.745902 ; 0.00600832 ; 0.0113263 ; 101.319;
7 ; 14 ; 5 ; 0.7354 ; -0.00347024 ; -0.0100287 ; 102.08;
8 ; 14 ; 5 ; 0.733736 ; -0.00306086 ; -0.00699319 ; 101.268;
9 ; 14 ; 5 ; 0.732554 ; -0.00829607 ; 0.00372974 ; 101.276;
10 ; 14 ; 5 ; 0.738756 ; 0.00817775 ; 0.00148269 ; 102.18;
11 ; 14 ; 5 ; 0.725265 ; -0.00150302 ; -0.00481532 ; 101.933;
12 ; 14 ; 5 ; 0.739723 ; -0.00777734 ; 0.00627105 ; 101.12;
13 ; 14 ; 5 ; 0.7286 ; 0.00155022 ; -0.00966138 ; 100.918;
14 ; 14 ; 5 ; 0.728324 ; 0.00306964 ; -0.00927344 ; 101.809;
15 ; 14 ; 5 ; 0.743246 ; 0.00077608 ; -0.0061012 ; 101.687;
16 ; 14 ; 5 ; 0.742294 ; -0.000403891 ; 0.00336749 ; 101.541;
17 ; 14 ; 5 ; 0.730858 ; 0.000560472 ; 0.00776775 ; 101.575;
18 ; 14 ; 5 ; 0.721343 ; 0.00686643 ; -0.0173111 ; 101.501;
19 ; 14 ; 5 ; 0.730737 ; 0.00282696 ; -0.0153522 ; 101.432;
20 ; 14 ; 5 ; 0.746254 ; 0.00952319 ; -0.000189535 ; 101.154;
21 ; 14 ; 5 ; 0.743644 ; -0.00541572 ; -0.0145408 ; 101.222;
4 ; 15 ; 5 ; 0.74008 ; -0.00525097 ; -0.0146435 ; 101.417;
5 ; 15 ; 5 ; 0.743777 ; -0.0111719 ; 0.000688998 ; 102.033;
6 ; 15 ; 5 ; 0.739318 ; -0.0124272 ; 0.00213065 ; 101.448;
7 ; 15 ; 5 ; 0.739419 ; 0.00674805 ; 0.00702853 ; 101.305;
8 ; 15 ; 5 ; 0.735819 ; -0.0121412 ; -0.020155 ; 101.76;
9 ; 15 ; 5 ; 0.749638 ; 0.00280897 ; -0.00120253 ; 101.434;
10 ; 15 ; 5 ; 0.734955 ; 0.00757435 ; 0.00336587 ; 101.448;
11 ; 15 ; 5 ; 0.734118 ; 0.00432405 ; 0.00173424 ; 101.312;
12 ; 15 ; 5 ; 0.743556 ; -0.00247069 ; -0.00552865 ; 101.264;
13 ; 15 ; 5 ; 0.737845 ; 0.0132925 ; 0.0156072 ; 101.39;
14 ; 15 ; 5 ; 0.740267 ; -3.56525e-05 ; 0.00924469 ; 101.572;
15 ; 15 ; 5 ; 0.730748 ; 0.00772029 ; 0.0240701 ; 101.626;
16 ; 15 ; 5 ; 0.729471 ; -0.0103779 ; 0.00700193 ; 101.438;
17 ; 15 ; 5 ; 0.708989 ; 0.00213435 ; 0.0094799 ; 101.541;
18 ; 15 ; 5 ; 0.74751 ; 0.0107732 ; -0.00412969 ; 101.567;
19 ; 15 ; 5 ; 0.745253 ; -0.00580184 ; -0.00474455 ; 101.184;
20 ; 15 ; 5 ; 0.743995 ; 0.00636943 ; -0.00137768 ; 101.355;
21 ; 15 ; 5 ; 0.746643 ; -0.00746088 ; -0.0129127 ; 100.976;
4 ; 16 ; 5 ; 0.749166 ; -0.00793243 ; 0.0127209 ; 101.421;
5 ; 16 ; 5 ; 0.749546 ; 0.00504445 ; 0.00429473 ; 101.103;
6 ; 16 ; 5 ; 0.751153 ; -0.00837552 ; 0.0020604 ; 101.576;
7 ; 16 ; 5 ; 0.739994 ; 0.000178105 ; 0.016958 ; 101.437;
8 ; 16 ; 5 ; 0.739973 ; -0.00418871 ; 0.025625 ; 101.199;
9 ; 16 ; 5 ; 0.732664 ; 0.00963659 ; 0.00756139 ; 101.145;
10 ; 16 ; 5 ; 0.737805 ; 0.00360374 ; 0.00224995 ; 101.072;
11 ; 16 ; 5 ; 0.730726 ; -0.00170962 ; 0.000871705 ; 101.597;
12 ; 16 ; 5 ; 0.743456 ; -0.00307481 ; 0.00397612 ; 101.56;
13 ; 16 ; 5 ; 0.73247 ; -0.000371825 ; 0.00666652 ; 101.51;
14 ; 16 ; 5 ; 0.756022 ; -0.00426101 ; 0.011855 ; 101.2;
15 ; 16 ; 5 ; 0.731221 ; -0.00357959 ; -0.007514 ; 101.78;
16 ; 16 ; 5 ; 0.733587 ; -0.00238225 ; 0.00270976 ; 100.957;
17 ; 16 ; 5 ; 0.72572 ; 0.0114762 ; -0.0172099 ; 101.264;
18 ; 16 ; 5 ; 0.734378 ; 0.0248451 ; -0.0069951 ; 101.541;
19 ; 16 ; 5 ; 0.741134 ; -0.000969947 ; 0.00282041 ; 101.246;
20 ; 16 ; 5 ; 0.741106 ; 0.00729596 ; -0.00462401 ; 101.543;
21 ; 16 ; 5 ; 0.746827 ; -0.00700494 ; -0.0155998 ; 101.183;
4 ; 17 ; 5 ; 0.746587 ; 0.00359117 ; 0.00685268 ; 101.325;
5 ; 17 ; 5 ; 0.736384 ; 0.00162263 ; 0.0139698 ; 101.653;
6 ; 17 ; 5 ; 0.738985 ; -0.00389206 ; 0.0109448 ; 101.607;
7 ; 17 ; 5 ; 0.757009 ; -0.00817247 ; 0.00569296 ; 101.637;
8 ; 17 ; 5 ; 0.747527 ; 0.00406792 ; 0.0153932 ; 101.402;
9 ; 17 ; 5 ; 0.746001 ; -0.00121145 ; -0.0056052 ; 101.967;
10 ; 17 ; 5 ; 0.735043 ; -0.00237442 ; 1.37561e-05 ; 101.577;
11 ; 17 ; 5 ; 0.729815 ; -0.00262587 ; -0.00714041 ; 101.148;
12 ; 17 ; 5 ; 0.737748 ; 5.85205e-05 ; -0.00264227 ; 101.299;
13 ; 17 ; 5 ; 0.743145 ; 0.00620479 ; 0.00287199 ; 101.556;
14 ; 17 ; 5 ; 0.730828 ; -0.00117921 ; -0.00154398 ; 101.333;
15 ; 17 ; 5 ; 0.738489 ; 0.0112727 ; -0.00693791 ; 101.408;
16 ; 17 ; 5 ; 0.737195 ; 0.00265044 ; -0.016019 ; 101.522;
17 ; 17 ; 5 ; 0.729644 ; -0.0051503 ; -0.00736139 ; 101.521;
18 ; 17 ; 5 ; 0.74502 ; -0.00286921 ; -0.0011891 ; 101.578;
19 ; 17 ; 5 ; 0.754729 ; -0.00723797 ; -0.00521581 ; 101.166;
20 ; 17 ; 5 ; 0.751031 ; 0.00438924 ; 0.0058995 ; 101.033;
21 ; 17 ; 5 ; 0.750606 ; 0.00184052 ; -0.00498852 ; 101.029;
4 ; 18 ; 5 ; 0.733744 ; 0.00209281 ; 0.00158845 ; 101.363;
5 ; 18 ; 5 ; 0.743187 ; 0.00175408 ; 0.00747897 ; 101.009;
6 ; 18 ; 5 ; 0.740508 ; 0.00208794 ; -0.00987154 ; 101.276;
7 ; 18 ; 5 ; 0.737637 ; 0.000849216 ; 0.000478913 ; 101.546;
8 ; 18 ; 5 ; 0.742333 ; 0.00155899 ; 0.00101062 ; 101.524;
9 ; 18 ; 5 ; 0.736653 ; 0.00593141 ; -0.0114764 ; 101.306;
10 ; 18 ; 5 ; 0.742181 ; 0.00126618 ; -0.00656809 ; 101.428;
11 ; 18 ; 5 ; 0.743659 ; -0.00157547 ; -0.0166851 ; 101.656;
12 ; 18 ; 5 ; 0.745409 ; 0.000960576 ; -0.00153244 ; 101.699;
13 ; 18 ; 5 ; 0.744995 ; -0.0141324 ; -0.00530207 ; 101.847;
14 ; 18 ; 5 ; 0.731582 ; -0.00382247 ; 0.00204908 ; 101.23;
15 ; 18 ; 5 ; 0.740269 ; -0.00156337 ; -0.00234647 ; 101.221;
16 ; 18 ; 5 ; 0.728281 ; -0.00127811 ; -0.000336938 ; 101.765;
17 ; 18 ; 5 ; 0.726358 ; -0.0142608 ; 0.0053814 ; 101.359;
18 ; 18 ; 5 ; 0.737438 ; 0.00245946 ; 0.00933834 ; 101.114;
19 ; 18 ; 5 ; 0.744114 ; -0.00318337 ; -0.00327944 ; 101.342;
20 ; 18 ; 5 ; 0.74255 ; 0.00370409 ; 0.00752993 ; 101.581;
21 ; 18 ; 5 ; 0.739043 ; -0.00109885 ; -0.00948586 ; 100.877;
4 ; 19 ; 5 ; 0.736902 ; 0.000703001 ; -0.0134047 ; 101.244;
5 ; 19 ; 5 ; 0.746782 ; -0.0061195 ; 0.0048935 ; 101.422;
6 ; 19 ; 5 ; 0.742314 ; -0.00352655 ; 0.0160531 ; 101.376;
7 ; 19 ; 5 ; 0.739143 ; 0.0177916 ; 0.00263605 ; 101.462;
8 ; 19 ; 5 ; 0.756417 ; -0.00966176 ; 0.0109405 ; 101.625;
9 ; 19 ; 5 ; 0.718646 ; 0.00799277 ; -0.00616085 ; 100.977;
10 ; 19 ; 5 ; 0.740626 ; -5.43888e-05 ; -0.00416961 ; 101.035;
11 ; 19 ; 5 ; 0.756625 ; 0.00538527 ; 0.0125113 ; 101.114;
12 ; 19 ; 5 ; 0.741937 ; 0.0010955 ; -0.00393994 ; 101.478;
13 ; 19 ; 5 ; 0.742901 ; 0.00689347 ; -0.0163089 ; 101.532;
14 ; 19 ; 5 ; 0.728072 ; 0.00299354 ; 0.000365883 ; 101.24;
15 ; 19 ; 5 ; 0.725706 ; -0.00768928 ; 0.0123887 ; 101.714;
16 ; 19 ; 5 ; 0.733574 ; -0.0115076 ; 0.00945864 ; 101.597;
17 ; 19 ; 5 ; 0.740609 ; -0.00888214 ; 0.000586813 ; 101.402;
18 ; 19 ; 5 ; 0.741442 ; 0.00361701 ; -0.00649723 ; 101.123;
19 ; 19 ; 5 ; 0.745297 ; 0.00987487 ; -0.00442996 ; 101.627;
20 ; 19 ; 5 ; 0.741501 ; 0.00588923 ; -0.00972647 ; 101.879;
21 ; 19 ; 5 ; 0.740939 ; -0.00877764 ; -0.00129196 ; 101.463;
4 ; 20 ; 5 ; 0.745514 ; -0.0107513 ; 0.0017674 ; 101.058;
5 ; 20 ; 5 ; 0.741859 ; 0.00657858 ; 0.0048668 ; 101.698;
6 ; 20 ; 5 ; 0.746732 ; -0.012445 ; 0.0128594 ; 102.011;
7 ; 20 ; 5 ; 0.749987 ; -0.00340156 ; -0.0077802 ; 101.145;
8 ; 20 ; 5 ; 0.751275 ; 0.0072393 ; -0.0041238 ; 101.337;
9 ; 20 ; 5 ; 0.745693 ; 0.00359866 ; -0.0104276 ; 101.425;
10 ; 20 ; 5 ; 0.742689 ; 0.0129015 ; 0.0052369 ; 101.423;
11 ; 20 ; 5 ; 0.737822 ; 0.00131335 ; 0.00837452 ; 101.267;
12 ; 20 ; 5 ; 0.743006 ; -0.00911208 ; 0.000672549 ; 101.32;
13 ; 20 ; 5 ; 0.718052 ; -0.00236674 ; -2.16208e-05 ; 101.323;
14 ; 20 ; 5 ; 0.756117 ; -0.000852282 ; -0.00146883 ; 100.825;
15 ; 20 ; 5 ; 0.754464 ; -0.0155789 ; -0.00289709 ; 101.707;
16 ; 20 ; 5 ; 0.735576 ; 0.00655055 ; 8.69438e-05 ; 101.635;
17 ; 20 ; 5 ; 0.719294 ; 0.00986019 ; -0.00896167 ; 100.966;
18 ; 20 ; 5 ; 0.729373 ; 0.0100633 ; 0.000836973 ; 101.281;
19 ; 20 ; 5 ; 0.732631 ; 0.0044573 ; -0.00832274 ; 101.721;
20 ; 20 ; 5 ; 0.746505 ; 0.0193434 ; -0.012192 ; 101.155;
21 ; 20 ; 5 ; 0.738229 ; -0.00590088 ; -0.0134776 ; 100.91;
4 ; 21 ; 5 ; 0.734706 ; -0.00318877 ; 0.00616758 ; 101.8;
5 ; 21 ; 5 ; 0.742789 ; -0.00440606 ; 0.00641031 ; 101.641;
6 ; 21 ; 5 ; 0.740437 ; 0.000284261 ; 0.00496444 ; 101.513;
7 ; 21 ; 5 ; 0.756156 ; -0.00554928 ; 0.0112174 ; 101.873;
8 ; 21 ; 5 ; 0.733809 ; -0.0128467 ; 0.00191041 ; 101.209;
9 ; 21 ; 5 ; 0.756177 ; 0.00239488 ; -0.00149018 ; 101.175;
10 ; 21 ; 5 ; 0.72753 ; -0.000984786 ; 0.00397406 ; 101.799;
11 ; 21 ; 5 ; 0.733367 ; -0.00558033 ; 0.00207186 ; 101.457;
12 ; 21 ; 5 ; 0.741502 ; 0.00854432 ; -0.00698953 ; 101.719;
13 ; 21 ; 5 ; 0.736182 ; -0.00449532 ; 0.000821449 ; 101.245;
14 ; 21 ; 5 ; 0.739567 ; -0.00465662 ; 0.005661 ; 101.862;
15 ; 21 ; 5 ; 0.741423 ; 0.0088442 ; -0.0109721 ; 101.565;
16 ; 21 ; 5 ; 0.739381 ; -0.00200937 ; -0.00140581 ; 101.631;
17 ; 21 ; 5 ; 0.748254 ; 0.00203658 ; 0.0131685 ; 101.221;
18 ; 21 ; 5 ; 0.737601 ; -0.0148899 ; -0.00395707 ; 101.676;
19 ; 21 ; 5 ; 0.747824 ; -0.0109716 ; 0.00324305 ; 101.138;
20 ; 21 ; 5 ; 0.741811 ; -0.00488097 ; -0.00216995 ; 101.871;
21 ; 21 ; 5 ; 0.734346 ; 0.00273876 ; -0.0228422 ; 101.041;
4 ; 4 ; 6 ; 0.623534 ; 0.00493691 ; 0.0122193 ; 101.287;
5 ; 4 ; 6 ; 0.636456 ; -0.00816382 ; 0.00262877 ; 101.865;
6 ; 4 ; 6 ; 0.636422 ; 0.00174103 ; 0.00936744 ; 101.316;
7 ; 4 ; 6 ; 0.625231 ; -0.00695426 ; 0.00791928 ; 102.178;
8 ; 4 ; 6 ; 0.630896 ; 0.00658041 ; 0.00226893 ; 101.509;
9 ; 4 ; 6 ; 0.629018 ; -0.00444819 ; 0.0028209 ; 101.449;
10 ; 4 ; 6 ; 0.636146 ; 0.00593572 ; -0.00238126 ; 101.358;
11 ; 4 ; 6 ; 0.623622 ; -0.00713732 ; 0.00225458 ; 101.755;
12 ; 4 ; 6 ; 0.646205 ; 0.00734813 ; 0.00908437 ; 101.325;
13 ; 4 ; 6 ; 0.631182 ; 0.00572498 ; 0.0025281 ; 101.805;
14 ; 4 ; 6 ; 0.627411 ; -0.00187158 ; 0.00794334 ; 101.599;
15 ; 4 ; 6 ; 0.638988 ; -0.00996775 ; 0.00371973 ; 101.466;
16 ; 4 ; 6 ; 0.630386 ; 0.0145869 ; -0.00145302 ; 101.178;
17 ; 4 ; 6 ; 0.623148 ; -0.00426622 ; -0.00177505 ; 101.43;
18 ; 4 ; 6 ; 0.640831 ; -0.00708411 ; -0.00972749 ; 101.498;
19 ; 4 ; 6 ; 0.630445 ; -0.00330951 ; -0.00404345 ; 101.859;
20 ; 4 ; 6 ; 0.638518 ; 0.00530982 ; -0.0198056 ; 101.266;
21 ; 4 ; 6 ; 0.638741 ; 0.00322732 ; -0.00502088 ; 101.753;
4 ; 5 ; 6 ; 0.622252 ; 0.00360995 ; 0.00742538 ; 101.378;
5 ; 5 ; 6 ; 0.631257 ; 0.00452279 ; 0.00941877 ; 101.849;
6 ; 5 ; 6 ; 0.63595 ; -0.00307939 ; 0.00449627 ; 101.923;
7 ; 5 ; 6 ; 0.6392 ; -0.00081453 ; 0.0104964 ; 101.546;
8 ; 5 ; 6 ; 0.630706 ; 0.0146561 ; 0.0194458 ; 101.569;
9 ; 5 ; 6 ; 0.631851 ; -0.00513683 ; -0.000903807 ; 101.389;
10 ; 5 ; 6 ; 0.62604 ; 0.00687231 ; 0.00224474 ; 102.233;
11 ; 5 ; 6 ; 0.641454 ; -0.00446539 ; 0.000387963 ; 101.625;
12 ; 5 ; 6 ; 0.626564 ; -0.0105572 ; -0.00460783 ; 101.214;
13 ; 5 ; 6 ; 0.610872 ; 0.016692 ; 0.0137518 ; 101.815;
14 ; 5 ; 6 ; 0.628134 ; -0.00522515 ; 0.00315446 ; 101.453;
15 ; 5 ; 6 ; 0.64076 ; -0.00786059 ; 0.00921657 ; 101.632;
16 ; 5 ; 6 ; 0.632 ; 0.0080727 ; -0.00101694 ; 101.418;
17 ; 5 ; 6 ; 0.633569 ; -0.00550826 ; -0.0101991 ; 101.528;
18 ; 5 ; 6 ; 0.628759 ; -0.00106017 ; -0.00898187 ; 101.494;
19 ; 5 ; 6 ; 0.643417 ; 0.000840293 ; -0.0018582 ; 101.628;
20 ; 5 ; 6 ; 0.629905 ; 0.00368591 ; -0.00870133 ; 101.466;
21 ; 5 ; 6 ; 0.628635 ; 0.000205099 ; -0.00864937 ; 101.345;
4 ; 6 ; 6 ; 0.624534 ; -0.00934431 ; -0.00136267 ; 101.302;
5 ; 6 ; 6 ; 0.637564 ; -0.00904475 ; -0.00407326 ; 101.719;
6 ; 6 ; 6 ; 0.645186 ; -0.00103557 ; 0.0192097 ; 101.905;
7 ; 6 ; 6 ; 0.642376 ; 0.000577683 ; -0.0016283 ; 101.293;
8 ; 6 ; 6 ; 0.636842 ; -0.00157922 ; -0.00854066 ; 101.393;
9 ; 6 ; 6 ; 0.635313 ; -0.00222115 ; 0.00943168 ; 101.551;
10 ; 6 ; 6 ; 0.646319 ; -0.00746903 ; -0.00781994 ; 101.19;
11 ; 6 ; 6 ; 0.64101 ; -0.00452584 ; -0.00424675 ; 101.437;
12 ; 6 ; 6 ; 0.640625 ; -0.00778463 ; 0.0055872 ; 101.621;
13 ; 6 ; 6 ; 0.630744 ; 0.000400165 ; -0.00771838 ; 101.218;
14 ; 6 ; 6 ; 0.641449 ; 0.00339368 ; 0.00337983 ; 101.481;
15 ; 6 ; 6 ; 0.637649 ; -0.00958064 ; -0.00925274 ; 101.743;
16 ; 6 ; 6 ; 0.64295 ; 0.00148483 ; -0.00683027 ; 101.436;
17 ; 6 ; 6 ; 0.629292 ; -0.00404942 ; -0.00499004 ; 101.614;
18 ; 6 ; 6 ; 0.644889 ; 0.00256873 ; 0.00698139 ; 101.511;
19 ; 6 ; 6 ; 0.635449 ; -0.00773184 ; -0.00688684 ; 101.056;
20 ; 6 ; 6 ; 0.640902 ; -0.00180297 ; 0.00409573 ; 101.041;
21 ; 6 ; 6 ; 0.623728 ; -0.00121265 ; -0.00149166 ; 101.279;
4 ; 7 ; 6 ; 0.614793 ; 0.00643369 ; 0.00233429 ; 101.579;
5 ; 7 ; 6 ; 0.626731 ; -0.0041394 ; 0.00513893 ; 101.264;
6 ; 7 ; 6 ; 0.619104 ; 0.00410979 ; -0.00658112 ; 101.491;
7 ; 7 ; 6 ; 0.618587 ; -0.01013 ; 0.0112167 ; 101.602;
8 ; 7 ; 6 ; 0.629594 ; -0.00880749 ; 0.00787841 ; 101.372;
9 ; 7 ; 6 ; 0.621052 ; 0.00957074 ; 0.0094059 ; 101.525;
10 ; 7 ; 6 ; 0.636968 ; -0.00498116 ; -0.00548844 ; 101.195;
11 ; 7 ; 6 ; 0.647356 ; 0.00114742 ; 0.0106047 ; 101.655;
12 ; 7 ; 6 ; 0.630943 ; 0.0148729 ; 0.00204672 ; 101.526;
13 ; 7 ; 6 ; 0.623646 ; -0.00729345 ; 0.00935967 ; 101.138;
14 ; 7 ; 6 ; 0.621501 ; 0.00250018 ; 0.00963563 ; 101.373;
15 ; 7 ; 6 ; 0.621002 ; -0.0110233 ; -0.0079895 ; 101.877;
16 ; 7 ; 6 ; 0.631632 ; -0.000987628 ; 0.00572203 ; 101.49;
17 ; 7 ; 6 ; 0.630147 ; 0.0120253 ; 0.000267106 ; 100.977;
18 ; 7 ; 6 ; 0.625077 ; 0.00750151 ; -0.0126578 ; 101.757;
19 ; 7 ; 6 ; 0.626422 ; -0.00873514 ; -0.00239321 ; 101.221;
20 ; 7 ; 6 ; 0.628571 ; 0.00440593 ; -0.00240885 ; 101.613;
21 ; 7 ; 6 ; 0.641915 ; 0.0080934 ; -0.00100505 ; 101.275;
4 ; 8 ; 6 ; 0.630482 ; 0.00924229 ; -0.00745841 ; 101.775;
5 ; 8 ; 6 ; 0.633814 ; -0.00285016 ; -0.00158662 ; 101.375;
6 ; 8 ; 6 ; 0.623666 ; -0.000746985 ; -0.00169072 ; 101.8;
7 ; 8 ; 6 ; 0.629663 ; -0.00390468 ; -0.00187289 ; 101.463;
8 ; 8 ; 6 ; 0.631088 ; -0.00900717 ; 0.014745 ; 101.306;
9 ; 8 ; 6 ; 0.623718 ; 0.00751394 ; 0.0144863 ; 101.378;
10 ; 8 ; 6 ; 0.626273 ; 0.00454516 ; -0.000864279 ; 101.736;
11 ; 8 ; 6 ; 0.61277 ; 0.00377318 ; 0.00665726 ; 101.176;
12 ; 8 ; 6 ; 0.63102 ; 0.00464049 ; -0.000645535 ; 101.698;
13 ; 8 ; 6 ; 0.622099 ; 0.000455009 ; -0.00320139 ; 101.846;
14 ; 8 ; 6 ; 0.632706 ; 0.00858043 ; 0.00236742 ; 101.377;
15 ; 8 ; 6 ; 0.62774 ; -0.0145681 ; 0.00838435 ; 101.554;
16 ; 8 ; 6 ; 0.623559 ; -0.0124028 ; -0.003825 ; 101.577;
17 ; 8 ; 6 ; 0.633225 ; -0.00346778 ; -0.00940297 ; 101.129;
18 ; 8 ; 6 ; 0.636972 ; 0.00349442 ; -0.00952483 ; 101.96;
19 ; 8 ; 6 ; 0.639224 ; 0.00441698 ; 0.0139171 ; 101.439;
20 ; 8 ; 6 ; 0.635571 ; 0.0122593 ; -0.0113812 ; 101.239;
21 ; 8 ; 6 ; 0.646093 ; 0.000511853 ; -6.55306e-05 ; 101.417;
4 ; 9 ; 6 ; 0.613087 ; 0.0018185 ; 0.00368567 ; 101.606;
5 ; 9 ; 6 ; 0.61706 ; 0.00218084 ; 0.00946606 ; 101.192;
6 ; 9 ; 6 ; 0.624211 ; -0.00822088 ; -0.000692388 ; 101.568;
7 ; 9 ; 6 ; 0.624154 ; -0.00428915 ; 0.0126303 ; 101.337;
8 ; 9 ; 6 ; 0.629957 ; -0.00719233 ; 0.0103102 ; 101.341;
9 ; 9 ; 6 ; 0.62958 ; -0.00272184 ; 0.00579517 ; 101.325;
10 ; 9 ; 6 ; 0.635495 ; 0.00180512 ; -0.00895115 ; 101.724;
11 ; 9 ; 6 ; 0.622511 ; 0.00820006 ; -0.00618163 ; 101.56;
12 ; 9 ; 6 ; 0.624999 ; 0.00118452 ; -0.00535652 ; 101.367;
13 ; 9 ; 6 ; 0.623792 ; -0.00711593 ; -0.00219212 ; 101.342;
14 ; 9 ; 6 ; 0.619505 ; 0.00421815 ; 0.0145276 ; 101.608;
15 ; 9 ; 6 ; 0.618086 ; -3.01836e-05 ; 0.00466437 ; 101.35;
16 ; 9 ; 6 ; 0.62032 ; -0.00290606 ; 0.00134739 ; 101.405;
17 ; 9 ; 6 ; 0.616096 ; 0.0028322 ; -0.0157397 ; 101.398;
18 ; 9 ; 6 ; 0.624368 ; 0.00512862 ; -0.00167833 ; 101.381;
19 ; 9 ; 6 ; 0.631736 ; 0.00193297 ; -0.00307351 ; 101.535;
20 ; 9 ; 6 ; 0.630611 ; 0.00595999 ; -0.0122672 ; 101.626;
21 ; 9 ; 6 ; 0.632287 ; -0.000526995 ; -0.00403085 ; 101.228;
4 ; 10 ; 6 ; 0.633972 ; -0.00877981 ; -0.0119159 ; 101.426;
5 ; 10 ; 6 ; 0.631728 ; -0.00454196 ; 0.00130736 ; 101.66;
6 ; 10 ; 6 ; 0.627415 ; 2.17017e-05 ; -0.00101738 ; 101.667;
7 ; 10 ; 6 ; 0.635328 ; -0.00153822 ; 0.0050324 ; 101.579;
8 ; 10 ; 6 ; 0.643143 ; -0.00111619 ; 0.00268267 ; 101.733;
9 ; 10 ; 6 ; 0.62843 ; 0.00351459 ; 0.00316432 ; 101.527;
10 ; 10 ; 6 ; 0.628766 ; 0.00191961 ; -0.00378536 ; 101.64;
11 ; 10 ; 6 ; 0.637714 ; -0.00158647 ; -0.00332209 ; 101.469;
12 ; 10 ; 6 ; 0.622191 ; -0.00873527 ; -0.00565333 ; 101.983;
13 ; 10 ; 6 ; 0.631467 ; 0.0101221 ; 0.000412071 ; 101.284;
14 ; 10 ; 6 ; 0.610548 ; 0.00102554 ; -3.18072e-05 ; 101.628;
15 ; 10 ; 6 ; 0.626981 ; 0.00357482 ; -0.00111248 ; 101.23;
16 ; 10 ; 6 ; 0.642085 ; 0.00257556 ; 0.00817479 ; 101.493;
17 ; 10 ; 6 ; 0.634592 ; 0.0105043 ; -0.00486201 ; 101.675;
18 ; 10 ; 6 ; 0.624354 ; -0.00670675 ; -0.00158819 ; 101.225;
19 ; 10 ; 6 ; 0.639307 ; -0.00398969 ; -0.00884073 ; 101.602;
20 ; 10 ; 6 ; 0.629338 ; 0.0123477 ; -0.00797135 ; 100.777;
21 ; 10 ; 6 ; 0.638598 ; -0.000502078 ; -0.00951349 ; 101.471;
4 ; 11 ; 6 ; 0.619201 ; -0.00679346 ; -0.0260249 ; 101.144;
5 ; 11 ; 6 ; 0.62462 ; 0.00309869 ; 0.00913663 ; 101.42;
6 ; 11 ; 6 ; 0.639884 ; -0.0197843 ; 0.0105258 ; 101.507;
7 ; 11 ; 6 ; 0.631091 ; -0.00113191 ; -0.001818 ; 101.656;
8 ; 11 ; 6 ; 0.632835 ; -0.0149349 ; 0.00999103 ; 101.737;
9 ; 11 ; 6 ; 0.617967 ; -0.000486129 ; 0.00343269 ; 101.142;
10 ; 11 ; 6 ; 0.623193 ; 0.00740135 ; 0.0102525 ; 101.627;
11 ; 11 ; 6 ; 0.631649 ; 0.00465998 ; -0.00651519 ; 102.009;
12 ; 11 ; 6 ; 0.623596 ; -0.00241476 ; 0.00372151 ; 101.556;
13 ; 11 ; 6 ; 0.623668 ; 0.00235071 ; -0.00224225 ; 101.15;
14 ; 11 ; 6 ; 0.631444 ; -2.64123e-05 ; 0.0132131 ; 101.377;
15 ; 11 ; 6 ; 0.624377 ; 0.00573733 ; -0.00210825 ; 101.886;
16 ; 11 ; 6 ; 0.624927 ; 0.000851098 ; -0.00110579 ; 101.182;
17 ; 11 ; 6 ; 0.619925 ; 0.0138108 ; 0.00988045 ; 101.469;
18 ; 11 ; 6 ; 0.62819 ; -0.00572623 ; -0.0148277 ; 101.564;
19 ; 11 ; 6 ; 0.6272 ; -0.00318397 ; -0.00335667 ; 101.634;
20 ; 11 ; 6 ; 0.614986 ; 0.00787827 ; -0.0142136 ; 101.381;
21 ; 11 ; 6 ; 0.620406 ; 0.00140803 ; -0.00886368 ; 101.299;
4 ; 12 ; 6 ; 0.635069 ; -0.00631269 ; -0.016165 ; 101.845;
5 ; 12 ; 6 ; 0.628327 ; -0.00216804 ; -0.000651488 ; 101.301;
6 ; 12 ; 6 ; 0.629316 ; 0.00688523 ; 0.0173923 ; 101.144;
7 ; 12 ; 6 ; 0.618401 ; -0.012286 ; -0.0017953 ; 101.338;
8 ; 12 ; 6 ; 0.623317 ; 0.00277268 ; 0.00965178 ; 101.719;
9 ; 12 ; 6 ; 0.62899 ; 0.00392855 ; 0.00586871 ; 101.561;
10 ; 12 ; 6 ; 0.635511 ; -0.00567619 ; 0.00537673 ; 101.205;
11 ; 12 ; 6 ; 0.628485 ; 0.00272534 ; -0.00336764 ; 101.659;
12 ; 12 ; 6 ; 0.62097 ; 0.00628945 ; -0.00344192 ; 101.241;
13 ; 12 ; 6 ; 0.622216 ; 0.00552665 ; 0.000732065 ; 101.602;
14 ; 12 ; 6 ; 0.635225 ; -0.00481104 ; 0.0084696 ; 101.425;
15 ; 12 ; 6 ; 0.643535 ; 0.00690931 ; -0.00151747 ; 101.524;
16 ; 12 ; 6 ; 0.628589 ; 0.00138006 ; -0.0157655 ; 101.032;
17 ; 12 ; 6 ; 0.633533 ; 0.000363765 ; -0.0175473 ; 101.803;
18 ; 12 ; 6 ; 0.633979 ; 0.00816952 ; -0.015103 ; 101.166;
19 ; 12 ; 6 ; 0.637598 ; 0.00680628 ; -0.0078292 ; 101.58;
20 ; 12 ; 6 ; 0.640432 ; 0.00838544 ; -0.00545341 ; 101.248;
21 ; 12 ; 6 ; 0.639945 ; 0.00686616 ; -0.0152973 ; 101.62;
4 ; 13 ; 6 ; 0.627187 ; -0.00153652 ; -0.00963191 ; 101.866;
5 ; 13 ; 6 ; 0.627729 ; 0.00862364 ; -0.000529653 ; 101.453;
6 ; 13 ; 6 ; 0.640218 ; -0.00486807 ; -0.0020706 ; 101.542;
7 ; 13 ; 6 ; 0.636873 ; -0.00564802 ; 0.00733361 ; 101.593;
8 ; 13 ; 6 ; 0.628954 ; 0.0120818 ; 0.00187015 ; 101.014;
9 ; 13 ; 6 ; 0.628007 ; -0.000375912 ; -0.00936559 ; 101.759;
10 ; 13 ; 6 ; 0.619261 ; 0.00717165 ; -0.00618797 ; 101.824;
11 ; 13 ; 6 ; 0.626687 ; -0.00338113 ; 0.00395532 ; 101.546;
12 ; 13 ; 6 ; 0.628173 ; 0.0105582 ; 0.000311616 ; 101.041;
13 ; 13 ; 6 ; 0.639776 ; 0.00477187 ; 0.00344745 ; 101.022;
14 ; 13 ; 6 ; 0.608884 ; -0.00228975 ; 0.00673738 ; 101.107;
15 ; 13 ; 6 ; 0.639873 ; 0.00318976 ; 0.000904525 ; 101.433;
16 ; 13 ; 6 ; 0.631034 ; 0.00468077 ; -0.00319871 ; 101.804;
17 ; 13 ; 6 ; 0.626283 ; -0.0144493 ; -0.00227998 ; 101.939;
18 ; 13 ; 6 ; 0.63941 ; 0.00554191 ; -0.0109832 ; 101.856;
19 ; 13 ; 6 ; 0.622838 ; 0.00294026 ; -0.0136795 ; 101.421;
20 ; 13 ; 6 ; 0.6214 ; -0.00845037 ; -0.0014232 ; 102.07;
21 ; 13 ; 6 ; 0.636456 ; 0.00893949 ; 0.00104278 ; 101.403;
4 ; 14 ; 6 ; 0.636335 ; 0.0066246 ; -0.00681574 ; 101.305;
5 ; 14 ; 6 ; 0.635236 ; -0.00718839 ; 0.00718932 ; 101.525;
6 ; 14 ; 6 ; 0.640086 ; 0.00714433 ; 0.0193806 ; 101.457;
7 ; 14 ; 6 ; 0.634501 ; -0.00353663 ; -0.000176727 ; 101.457;
8 ; 14 ; 6 ; 0.645133 ; 0.00726937 ; -0.00396568 ; 101.478;
9 ; 14 ; 6 ; 0.624766 ; 0.00287585 ; -0.00745499 ; 101.664;
10 ; 14 ; 6 ; 0.620569 ; -0.0054443 ; 0.0198216 ; 101.531;
11 ; 14 ; 6 ; 0.622171 ; -0.00921743 ; -0.00334377 ; 101.49;
12 ; 14 ; 6 ; 0.623947 ; -0.00879314 ; -0.00320427 ; 101.312;
13 ; 14 ; 6 ; 0.61768 ; -0.000921525 ; -0.00893011 ; 101.912;
14 ; 14 ; 6 ; 0.629772 ; -0.00663107 ; -0.0108736 ; 101.62;
15 ; 14 ; 6 ; 0.623658 ; 0.00388038 ; -0.00540343 ; 101.733;
16 ; 14 ; 6 ; 0.632702 ; 0.00753563 ; -0.00788609 ; 101.187;
17 ; 14 ; 6 ; 0.628687 ; -0.00559369 ; -0.000372214 ; 101.984;
18 ; 14 ; 6 ; 0.629262 ; 0.00631178 ; 0.00992965 ; 101.675;
19 ; 14 ; 6 ; 0.613038 ; 0.000603801 ; -0.0119415 ; 101.073;
20 ; 14 ; 6 ; 0.630014 ; -0.000788554 ; -0.00489823 ; 101.26;
21 ; 14 ; 6 ; 0.611885 ; 0.015957 ; 0.00566968 ; 101.315;
4 ; 15 ; 6 ; 0.621083 ; -0.003501 ; 0.0028946 ; 101.742;
5 ; 15 ; 6 ; 0.626393 ; -0.0015698 ; -0.0030137 ; 101.257;
6 ; 15 ; 6 ; 0.63649 ; 0.00113473 ; 0.00897501 ; 101.393;
7 ; 15 ; 6 ; 0.632292 ; -0.00524882 ; -0.0121131 ; 101.99;
8 ; 15 ; 6 ; 0.637773 ; -0.00845646 ; -0.0140548 ; 101.405;
9 ; 15 ; 6 ; 0.624036 ; 0.0106102 ; 0.0142092 ; 101.595;
10 ; 15 ; 6 ; 0.633225 ; 0.0058864 ; -0.00508232 ; 101.374;
11 ; 15 ; 6 ; 0.623542 ; 0.00289622 ; -0.00426939 ; 101.151;
12 ; 15 ; 6 ; 0.629772 ; 0.00514525 ; 0.00523736 ; 101.536;
13 ; 15 ; 6 ; 0.630783 ; -0.00336278 ; 0.00618372 ; 101.911;
14 ; 15 ; 6 ; 0.628733 ; -0.0063412 ; -0.00295589 ; 101.436;
15 ; 15 ; 6 ; 0.613391 ; 0.00469184 ; 0.00625899 ; 101.34;
16 ; 15 ; 6 ; 0.642164 ; -0.00437189 ; 0.00208737 ; 101.701;
17 ; 15 ; 6 ; 0.636533 ; 0.00214873 ; 0.00483859 ; 101.543;
18 ; 15 ; 6 ; 0.623561 ; -0.0109846 ; 0.00941921 ; 101.564;
19 ; 15 ; 6 ; 0.619635 ; -0.00168648 ; -0.0169634 ; 101.493;
20 ; 15 ; 6 ; 0.629751 ; -0.00445654 ; -0.0160898 ; 101.773;
21 ; 15 ; 6 ; 0.639044 ; 0.0107946 ; -0.00639273 ; 101.761;
4 ; 16 ; 6 ; 0.633591 ; -0.00563399 ; 0.0126671 ; 101.478;
5 ; 16 ; 6 ; 0.631808 ; 0.00156646 ; 0.00776156 ; 101.575;
6 ; 16 ; 6 ; 0.612172 ; 0.0158127 ; 0.00608307 ; 101.801;
7 ; 16 ; 6 ; 0.633779 ; 0.00526831 ; -0.00689173 ; 101.313;
8 ; 16 ; 6 ; 0.642045 ; -0.0119632 ; 0.00388362 ; 102.004;
9 ; 16 ; 6 ; 0.623548 ; 0.0067653 ; -0.00297375 ; 101.15;
10 ; 16 ; 6 ; 0.613406 ; -0.00395411 ; 0.00143088 ; 101.938;
11 ; 16 ; 6 ; 0.634904 ; 0.0147169 ; -0.00699273 ; 101.175;
12 ; 16 ; 6 ; 0.61704 ; -0.0112704 ; -0.0139904 ; 101.321;
13 ; 16 ; 6 ; 0.638786 ; 0.00133915 ; 0.00592432 ; 101.601;
14 ; 16 ; 6 ; 0.628658 ; 0.00291979 ; -0.0119154 ; 101.625;
15 ; 16 ; 6 ; 0.632368 ; 0.0191065 ; -0.00119691 ; 101.444;
16 ; 16 ; 6 ; 0.622853 ; -0.0117033 ; 0.00852483 ; 101.586;
17 ; 16 ; 6 ; 0.633498 ; 0.0122032 ; -0.00661873 ; 101.179;
18 ; 16 ; 6 ; 0.619717 ; 0.0131456 ; -0.00808195 ; 101.353;
19 ; 16 ; 6 ; 0.630798 ; 0.00065549 ; 0.00298482 ; 101.355;
20 ; 16 ; 6 ; 0.633728 ; -0.00153042 ; 0.00825728 ; 101.527;
21 ; 16 ; 6 ; 0.631198 ; 0.00137992 ; -0.0139844 ; 101.577;
4 ; 17 ; 6 ; 0.622219 ; -0.00854776 ; 0.00224869 ; 101.288;
5 ; 17 ; 6 ; 0.629062 ; 0.00173174 ; 0.00134393 ; 101.478;
6 ; 17 ; 6 ; 0.632885 ; 0.000739954 ; 0.0167433 ; 101.824;
7 ; 17 ; 6 ; 0.635663 ; 0.0176368 ; 0.00745871 ; 101.934;
8 ; 17 ; 6 ; 0.633502 ; 0.00350422 ; 0.0097572 ; 101.393;
9 ; 17 ; 6 ; 0.62243 ; -0.00985556 ; 0.00464449 ; 101.341;
10 ; 17 ; 6 ; 0.629186 ; 0.00390372 ; 0.0103837 ; 101.544;
11 ; 17 ; 6 ; 0.630453 ; -0.0026337 ; 0.00333233 ; 101.169;
12 ; 17 ; 6 ; 0.6361 ; 0.000234619 ; 0.000924679 ; 101.333;
13 ; 17 ; 6 ; 0.629051 ; 0.00850499 ; -0.00412128 ; 101.447;
14 ; 17 ; 6 ; 0.624119 ; 0.0121672 ; -3.53069e-06 ; 101.485;
15 ; 17 ; 6 ; 0.624503 ; 0.00447402 ; -0.0059876 ; 101.432;
16 ; 17 ; 6 ; 0.634745 ; -0.0133046 ; -0.001317 ; 101.082;
17 ; 17 ; 6 ; 0.635644 ; -0.00160154 ; 0.00170188 ; 101.468;
18 ; 17 ; 6 ; 0.633357 ; 0.00166233 ; 0.00101785 ; 101.229;
19 ; 17 ; 6 ; 0.615158 ; -0.00800551 ; 0.00419967 ; 101.567;
20 ; 17 ; 6 ; 0.625991 ; 0.00167596 ; -0.0169053 ; 101.435;
21 ; 17 ; 6 ; 0.640144 ; 0.00615857 ; -0.00826719 ; 101.607;
4 ; 18 ; 6 ; 0.631291 ; -0.000230239 ; -0.00579357 ; 101.802;
5 ; 18 ; 6 ; 0.631728 ; 0.00657875 ; -0.0059023 ; 101.1;
6 ; 18 ; 6 ; 0.646372 ; 0.0125571 ; -0.00347248 ; 101.254;
7 ; 18 ; 6 ; 0.634369 ; 0.0101979 ; -0.0027551 ; 101.745;
8 ; 18 ; 6 ; 0.631934 ; -0.00136844 ; 0.00625385 ; 102.074;
9 ; 18 ; 6 ; 0.615851 ; 0.0057847 ; -0.00107406 ; 101.176;
10 ; 18 ; 6 ; 0.619316 ; 0.0053001 ; 0.000153238 ; 101.701;
11 ; 18 ; 6 ; 0.638002 ; -0.000870559 ; 0.00618118 ; 101.776;
12 ; 18 ; 6 ; 0.626864 ; -0.00379012 ; -0.00911254 ; 101.387;
13 ; 18 ; 6 ; 0.624799 ; -0.00310071 ; -0.00729098 ; 101.574;
14 ; 18 ; 6 ; 0.637102 ; 0.0064103 ; 0.00238703 ; 101.794;
15 ; 18 ; 6 ; 0.631439 ; -0.0016964 ; 0.0103853 ; 101.523;
16 ; 18 ; 6 ; 0.624019 ; -0.00586432 ; -0.00472306 ; 101.359;
17 ; 18 ; 6 ; 0.629265 ; -0.000705666 ; 0.00966571 ; 101.052;
18 ; 18 ; 6 ; 0.621929 ; 0.00370755 ; 9.21261e-06 ; 101.441;
19 ; 18 ; 6 ; 0.621328 ; -0.00909301 ; -0.00166289 ; 101.626;
20 ; 18 ; 6 ; 0.632465 ; 0.00953289 ; -0.0042067 ; 101.529;
21 ; 18 ; 6 ; 0.637647 ; 0.00536949 ; -0.00954301 ; 101.707;
4 ; 19 ; 6 ; 0.629154 ; -0.00242725 ; -0.00466264 ; 100.964;
5 ; 19 ; 6 ; 0.618642 ; -0.0042444 ; 0.0129229 ; 101.383;
6 ; 19 ; 6 ; 0.622714 ; -0.0119226 ; -0.00353324 ; 101.747;
7 ; 19 ; 6 ; 0.626485 ; 0.00127706 ; 0.0196079 ; 101.586;
8 ; 19 ; 6 ; 0.635364 ; -0.00803763 ; 0.012561 ; 101.012;
9 ; 19 ; 6 ; 0.629969 ; -0.00644191 ; 0.000269631 ; 101.487;
10 ; 19 ; 6 ; 0.631624 ; -0.00118968 ; 0.00269762 ; 101.489;
11 ; 19 ; 6 ; 0.620483 ; -0.0076907 ; 0.0051297 ; 101.515;
12 ; 19 ; 6 ; 0.635781 ; 0.0015169 ; -0.0183902 ; 101.375;
13 ; 19 ; 6 ; 0.62343 ; -0.011014 ; -0.00181812 ; 101.077;
14 ; 19 ; 6 ; 0.631455 ; 0.00935021 ; 0.00560971 ; 101.544;
15 ; 19 ; 6 ; 0.637559 ; 0.00219604 ; 0.00133071 ; 101.84;
16 ; 19 ; 6 ; 0.634694 ; 0.00704626 ; -0.00248181 ; 101.755;
17 ; 19 ; 6 ; 0.622365 ; 0.0089238 ; 0.00553917 ; 101.651;
18 ; 19 ; 6 ; 0.615035 ; 0.00497171 ; -0.0042584 ; 101.349;
19 ; 19 ; 6 ; 0.619953 ; -0.00282028 ; 0.0040995 ; 101.574;
20 ; 19 ; 6 ; 0.626525 ; 0.000394039 ; -0.00833254 ; 101.541;
21 ; 19 ; 6 ; 0.636559 ; 0.00524485 ; -0.00748748 ; 101.352;
4 ; 20 ; 6 ; 0.622097 ; -0.00104726 ; 0.000338787 ; 101.706;
5 ; 20 ; 6 ; 0.623732 ; 0.00761056 ; 0.0267031 ; 101.708;
6 ; 20 ; 6 ; 0.628426 ; -0.00242505 ; 4.66302e-05 ; 101.224;
7 ; 20 ; 6 ; 0.637507 ; -0.0046413 ; 0.00857496 ; 101.683;
8 ; 20 ; 6 ; 0.633984 ; -0.00361944 ; 0.0148016 ; 101.593;
9 ; 20 ; 6 ; 0.626844 ; -0.00224879 ; 0.0214644 ; 101.413;
10 ; 20 ; 6 ; 0.630144 ; 0.00692153 ; 0.00493844 ; 101.363;
11 ; 20 ; 6 ; 0.625628 ; 0.00165075 ; 0.00619921 ; 101.816;
12 ; 20 ; 6 ; 0.628084 ; -0.00967987 ; 0.000654276 ; 101.216;
13 ; 20 ; 6 ; 0.623374 ; -0.000190858 ; 0.00241711 ; 101.7;
14 ; 20 ; 6 ; 0.643435 ; -0.00245942 ; 0.000195539 ; 101.342;
15 ; 20 ; 6 ; 0.64255 ; 0.000986514 ; -0.0121326 ; 101.062;
16 ; 20 ; 6 ; 0.645605 ; 0.00166458 ; -0.00135424 ; 100.909;
17 ; 20 ; 6 ; 0.643924 ; 0.0108673 ; -0.00100746 ; 101.182;
18 ; 20 ; 6 ; 0.63978 ; 0.00712352 ; -0.00398176 ; 101.653;
19 ; 20 ; 6 ; 0.630501 ; -0.00760244 ; -0.00161972 ; 101.192;
20 ; 20 ; 6 ; 0.622928 ; 0.00327316 ; 0.00740031 ; 101.375;
21 ; 20 ; 6 ; 0.633065 ; -0.00803391 ; 0.00822916 ; 101.436;
4 ; 21 ; 6 ; 0.617117 ; 0.00101493 ; -0.00138151 ; 101.77;
5 ; 21 ; 6 ; 0.625655 ; 0.0058483 ; 0.00542598 ; 101.269;
6 ; 21 ; 6 ; 0.633739 ; 0.00069808 ; 0.0116502 ; 101.59;
7 ; 21 ; 6 ; 0.630761 ; 0.00425932 ; 0.0159374 ; 101.557;
8 ; 21 ; 6 ; 0.631587 ; -0.00655983 ; -0.0112766 ; 100.914;
9 ; 21 ; 6 ; 0.641088 ; -0.00267687 ; 0.00115727 ; 101.459;
10 ; 21 ; 6 ; 0.642128 ; -0.00139321 ; -0.00546348 ; 101.423;
11 ; 21 ; 6 ; 0.646658 ; 0.00324577 ; 0.00486355 ; 101.317;
12 ; 21 ; 6 ; 0.633868 ; -0.00674623 ; -0.00457481 ; 101.668;
13 ; 21 ; 6 ; 0.631421 ; 0.00968305 ; -0.0134469 ; 101.321;
14 ; 21 ; 6 ; 0.636681 ; 0.00268086 ; 0.0104166 ; 101.628;
15 ; 21 ; 6 ; 0.625265 ; -0.00496618 ; -0.0146823 ; 101.84;
16 ; 21 ; 6 ; 0.633763 ; -0.0127482 ; -0.00794677 ; 101.467;
17 ; 21 ; 6 ; 0.632218 ; 0.00114361 ; 0.017571 ; 101.425;
18 ; 21 ; 6 ; 0.631056 ; 0.0123869 ; 0.00563598 ; 101.492;
19 ; 21 ; 6 ; 0.635447 ; -0.00525342 ; -0.00554588 ; 101.664;
20 ; 21 ; 6 ; 0.630975 ; -0.00111688 ; 0.00292824 ; 101.242;
21 ; 21 ; 6 ; 0.63218 ; 0.0111762 ; -0.0122137 ; 101.578;
4 ; 4 ; 7 ; 0.524966 ; -0.00323172 ; 0.00716516 ; 101.093;
5 ; 4 ; 7 ; 0.527583 ; 0.00142865 ; 0.0128957 ; 101.073;
6 ; 4 ; 7 ; 0.530619 ; 0.00813944 ; -0.000170594 ; 101.139;
7 ; 4 ; 7 ; 0.527924 ; -0.00360154 ; 0.00301011 ; 101.525;
8 ; 4 ; 7 ; 0.53771 ; -0.00304456 ; 0.00819081 ; 101.883;
9 ; 4 ; 7 ; 0.524543 ; 0.0034069 ; 0.0157076 ; 101.279;
10 ; 4 ; 7 ; 0.533072 ; -0.00938103 ; -3.22686e-05 ; 101.634;
11 ; 4 ; 7 ; 0.529368 ; 0.00101841 ; -0.0116251 ; 101.791;
12 ; 4 ; 7 ; 0.534647 ; -0.00194353 ; 0.000160506 ; 101.434;
13 ; 4 ; 7 ; 0.532168 ; 0.0101814 ; 0.0110148 ; 101.312;
14 ; 4 ; 7 ; 0.537865 ; 0.000395382 ; -0.00580573 ; 102.13;
15 ; 4 ; 7 ; 0.522837 ; 0.0010196 ; 0.00482512 ; 101.515;
16 ; 4 ; 7 ; 0.522219 ; -0.00247196 ; -0.00864461 ; 101.623;
17 ; 4 ; 7 ; 0.548188 ; -0.00290977 ; 0.00110853 ; 101.156;
18 ; 4 ; 7 ; 0.538173 ; 0.0016175 ; -0.00907561 ; 101.441;
19 ; 4 ; 7 ; 0.533002 ; -0.0112551 ; 0.00328161 ; 101.429;
20 ; 4 ; 7 ; 0.526006 ; -0.00395285 ; 1.43452e-05 ; 101.701;
21 ; 4 ; 7 ; 0.538775 ; -0.0139169 ; -0.00134693 ; 101.282;
4 ; 5 ; 7 ; 0.521446 ; -0.000674554 ; 0.00699619 ; 101.63;
5 ; 5 ; 7 ; 0.526081 ; -0.0054631 ; 0.00050663 ; 101.747;
6 ; 5 ; 7 ; 0.52254 ; 0.00517816 ; 0.00348372 ; 101.256;
7 ; 5 ; 7 ; 0.527149 ; 0.0135272 ; 0.0129368 ; 101.393;
8 ; 5 ; 7 ; 0.537943 ; 0.00276218 ; -0.00663917 ; 101.744;
9 ; 5 ; 7 ; 0.541135 ; 0.00122378 ; 0.00711866 ; 101.142;
10 ; 5 ; 7 ; 0.538957 ; -0.00193308 ; 0.00668081 ; 101.756;
11 ; 5 ; 7 ; 0.540345 ; 0.000299346 ; -0.00833857 ; 101.405;
12 ; 5 ; 7 ; 0.5499 ; -0.0103205 ; 0.0126526 ; 101.481;
13 ; 5 ; 7 ; 0.535804 ; 0.00402673 ; 0.00410469 ; 101.405;
14 ; 5 ; 7 ; 0.528375 ; -0.00802594 ; 0.00576561 ; 101.493;
15 ; 5 ; 7 ; 0.517695 ; -0.00480036 ; 0.000402169 ; 101.777;
16 ; 5 ; 7 ; 0.533039 ; -0.00654684 ; 0.00288752 ; 101.249;
17 ; 5 ; 7 ; 0.532613 ; -0.00515409 ; -0.0134624 ; 101.62;
18 ; 5 ; 7 ; 0.541869 ; -0.000343572 ; -0.0115849 ; 101.566;
19 ; 5 ; 7 ; 0.534905 ; 0.0146556 ; 0.0213172 ; 101.462;
20 ; 5 ; 7 ; 0.534662 ; 0.0100619 ; -0.00448526 ; 101.268;
21 ; 5 ; 7 ; 0.533464 ; 0.00427494 ; -0.0112937 ; 101.644;
4 ; 6 ; 7 ; 0.539696 ; -0.00476942 ; -0.00257424 ; 101.497;
5 ; 6 ; 7 ; 0.530686 ; 0.0105741 ; 0.0105959 ; 101.5;
6 ; 6 ; 7 ; 0.540333 ; 0.00795297 ; 0.00382218 ; 101.307;
7 ; 6 ; 7 ; 0.542346 ; 0.00719614 ; 0.00276334 ; 101.545;
8 ; 6 ; 7 ; 0.519026 ; 0.00897411 ; -0.00368826 ; 101.717;
9 ; 6 ; 7 ; 0.540867 ; 0.00793304 ; 0.00957458 ; 101.659;
10 ; 6 ; 7 ; 0.541214 ; -0.00753372 ; 0.00476003 ; 101.309;
11 ; 6 ; 7 ; 0.537404 ; -0.0140881 ; -0.00827354 ; 101.647;
12 ; 6 ; 7 ; 0.528829 ; -0.000556807 ; 0.0103811 ; 101.796;
13 ; 6 ; 7 ; 0.511615 ; -0.00427605 ; -0.00496243 ; 101.633;
14 ; 6 ; 7 ; 0.532567 ; 0.00553772 ; -0.00474439 ; 101.155;
15 ; 6 ; 7 ; 0.518674 ; -0.00144255 ; 0.00432232 ; 101.809;
16 ; 6 ; 7 ; 0.533046 ; -0.0146528 ; 0.00424882 ; 101.784;
17 ; 6 ; 7 ; 0.535854 ; -0.0127771 ; -0.00779059 ; 101.59;
18 ; 6 ; 7 ; 0.529885 ; -0.00485338 ; -0.00496636 ; 101.528;
19 ; 6 ; 7 ; 0.530232 ; 0.0104958 ; -0.000436027 ; 101.341;
20 ; 6 ; 7 ; 0.534887 ; 0.00325111 ; -0.0106709 ; 101.513;
21 ; 6 ; 7 ; 0.540615 ; -0.00241667 ; -0.0115851 ; 101.651;
4 ; 7 ; 7 ; 0.526818 ; -0.00443032 ; 0.0190993 ; 101.68;
5 ; 7 ; 7 ; 0.535152 ; -0.00894163 ; 0.0162738 ; 101.51;
6 ; 7 ; 7 ; 0.526795 ; 0.00965737 ; 0.0112076 ; 101.153;
7 ; 7 ; 7 ; 0.525619 ; -0.00115506 ; 0.00498436 ; 101.784;
8 ; 7 ; 7 ; 0.535459 ; -0.00567866 ; -0.0014767 ; 101.386;
9 ; 7 ; 7 ; 0.528818 ; 0.0146311 ; 0.0155967 ; 101.391;
10 ; 7 ; 7 ; 0.529603 ; -0.0058851 ; 0.00338328 ; 101.351;
11 ; 7 ; 7 ; 0.534527 ; -0.0061349 ; 0.0175768 ; 101.204;
12 ; 7 ; 7 ; 0.536078 ; -0.00167252 ; 0.000112936 ; 101.452;
13 ; 7 ; 7 ; 0.532285 ; -0.00469025 ; 0.00447632 ; 101.576;
14 ; 7 ; 7 ; 0.53885 ; 0.00198733 ; -0.00345099 ; 101.319;
15 ; 7 ; 7 ; 0.528975 ; 0.0111153 ; 0.00588288 ; 101.356;
16 ; 7 ; 7 ; 0.527787 ; 0.000423011 ; -0.00189923 ; 101.412;
17 ; 7 ; 7 ; 0.530486 ; -0.00306535 ; -0.000743106 ; 101.43;
18 ; 7 ; 7 ; 0.528735 ; -0.00016342 ; 0.00734474 ; 101.326;
19 ; 7 ; 7 ; 0.52155 ; -0.00765159 ; -4.28351e-05 ; 101.197;
20 ; 7 ; 7 ; 0.534687 ; 0.0109252 ; -0.00844518 ; 101.228;
21 ; 7 ; 7 ; 0.528182 ; -0.0061782 ; 0.0107422 ; 101.537;
4 ; 8 ; 7 ; 0.541691 ; 0.00552544 ; 0.0117321 ; 101.925;
5 ; 8 ; 7 ; 0.521237 ; 0.0170649 ; 0.00552969 ; 101.07;
6 ; 8 ; 7 ; 0.51722 ; 0.000223406 ; -0.00305475 ; 101.463;
7 ; 8 ; 7 ; 0.519751 ; -1.71736e-05 ; 0.0118063 ; 101.567;
8 ; 8 ; 7 ; 0.534408 ; 0.00648618 ; 0.000892435 ; 101.547;
9 ; 8 ; 7 ; 0.517846 ; 0.0184551 ; 0.0132542 ; 101.33;
10 ; 8 ; 7 ; 0.524725 ; 0.00890974 ; 0.00870382 ; 101.63;
11 ; 8 ; 7 ; 0.525278 ; 0.00268537 ; 0.00618314 ; 101.618;
12 ; 8 ; 7 ; 0.534357 ; -0.00803224 ; -0.00770311 ; 101.526;
13 ; 8 ; 7 ; 0.523738 ; 0.00291147 ; -0.00792863 ; 101.198;
14 ; 8 ; 7 ; 0.529656 ; 0.00140695 ; 0.00138646 ; 101.406;
15 ; 8 ; 7 ; 0.530234 ; 0.00751345 ; -7.74596e-05 ; 101.307;
16 ; 8 ; 7 ; 0.537197 ; 0.000727114 ; 0.00546326 ; 101.345;
17 ; 8 ; 7 ; 0.533417 ; -0.00358789 ; -0.00427854 ; 101.372;
18 ; 8 ; 7 ; 0.541316 ; 0.00560632 ; -0.0150078 ; 101.466;
19 ; 8 ; 7 ; 0.526196 ; -0.014538 ; -0.0122355 ; 101.333;
20 ; 8 ; 7 ; 0.526098 ; -0.0025893 ; -0.00625121 ; 101.662;
21 ; 8 ; 7 ; 0.53452 ; 0.00745096 ; 0.00194943 ; 101.122;
4 ; 9 ; 7 ; 0.52151 ; 0.0170515 ; 0.0090554 ; 101.334;
5 ; 9 ; 7 ; 0.521449 ; 0.0053697 ; 0.010315 ; 101.71;
6 ; 9 ; 7 ; 0.526588 ; 0.0148154 ; 0.00756514 ; 101.383;
7 ; 9 ; 7 ; 0.521255 ; 0.00727664 ; -0.00144615 ; 101.411;
8 ; 9 ; 7 ; 0.531645 ; 0.00411598 ; 0.00189488 ; 101.359;
9 ; 9 ; 7 ; 0.525182 ; -0.00171293 ; 0.0109393 ; 101.628;
10 ; 9 ; 7 ; 0.527714 ; -0.001533 ; -0.00261917 ; 101.077;
11 ; 9 ; 7 ; 0.535016 ; -0.0058405 ; 0.00393264 ; 102.001;
12 ; 9 ; 7 ; 0.521005 ; -0.00169486 ; -0.0103319 ; 101.498;
13 ; 9 ; 7 ; 0.528056 ; -0.00526516 ; 0.00654781 ; 101.172;
14 ; 9 ; 7 ; 0.528154 ; 0.000725181 ; -0.00399299 ; 101.409;
15 ; 9 ; 7 ; 0.51784 ; -0.0014106 ; -0.00132059 ; 101.581;
16 ; 9 ; 7 ; 0.53918 ; 0.00718252 ; 0.0105162 ; 101.573;
17 ; 9 ; 7 ; 0.520923 ; -0.00519108 ; -0.00568596 ; 101.741;
18 ; 9 ; 7 ; 0.525887 ; -0.00563867 ; -0.00720833 ; 101.479;
19 ; 9 ; 7 ; 0.536054 ; -0.00585389 ; -0.00180172 ; 101.192;
20 ; 9 ; 7 ; 0.538678 ; -0.00575652 ; -0.00580627 ; 101.593;
21 ; 9 ; 7 ; 0.529253 ; 0.00180339 ; 0.00131913 ; 101.195;
4 ; 10 ; 7 ; 0.523097 ; 0.00999304 ; 0.00316442 ; 101.069;
5 ; 10 ; 7 ; 0.520084 ; 0.00707229 ; 0.00945354 ; 101.517;
6 ; 10 ; 7 ; 0.532169 ; 0.00582594 ; 0.00597095 ; 101.476;
7 ; 10 ; 7 ; 0.532506 ; 0.00256519 ; 0.0123764 ; 101.964;
8 ; 10 ; 7 ; 0.544793 ; 0.00501608 ; 0.0101232 ; 101.26;
9 ; 10 ; 7 ; 0.535951 ; 0.00128476 ; 0.0183797 ; 101.091;
10 ; 10 ; 7 ; 0.523357 ; 0.00299805 ; -0.00914312 ; 101.801;
11 ; 10 ; 7 ; 0.528006 ; 0.00244933 ; -0.00476248 ; 101.55;
12 ; 10 ; 7 ; 0.524877 ; 0.00575018 ; 0.00295848 ; 101.243;
13 ; 10 ; 7 ; 0.534477 ; -0.00608898 ; 0.00500806 ; 101.107;
14 ; 10 ; 7 ; 0.538109 ; -0.00060236 ; 0.00364409 ; 101.594;
15 ; 10 ; 7 ; 0.539134 ; 0.00253969 ; 0.0104685 ; 101.345;
16 ; 10 ; 7 ; 0.529221 ; -0.00428941 ; -0.00294557 ; 102.039;
17 ; 10 ; 7 ; 0.526089 ; 0.00167642 ; -0.00225243 ; 101.451;
18 ; 10 ; 7 ; 0.513551 ; -0.0103639 ; -0.0231465 ; 100.957;
19 ; 10 ; 7 ; 0.513215 ; 0.00146681 ; -0.0207036 ; 101.68;
20 ; 10 ; 7 ; 0.534692 ; 0.00774215 ; -0.00898349 ; 101.119;
21 ; 10 ; 7 ; 0.522391 ; 0.00314957 ; -0.0237934 ; 101.118;
4 ; 11 ; 7 ; 0.523616 ; 0.00233533 ; -0.0109422 ; 101.978;
5 ; 11 ; 7 ; 0.528612 ; -0.00318464 ; 0.00167484 ; 101.398;
6 ; 11 ; 7 ; 0.53917 ; 0.000597976 ; 0.0114747 ; 101.355;
7 ; 11 ; 7 ; 0.532425 ; 0.00521465 ; 0.00380528 ; 101.802;
8 ; 11 ; 7 ; 0.534149 ; -0.00787961 ; -0.00400183 ; 101.32;
9 ; 11 ; 7 ; 0.52721 ; 0.00641294 ; -0.0078415 ; 101.86;
10 ; 11 ; 7 ; 0.522216 ; -0.00567065 ; 0.000348778 ; 101.133;
11 ; 11 ; 7 ; 0.507476 ; 0.00633701 ; 0.0102488 ; 101.242;
12 ; 11 ; 7 ; 0.531187 ; 0.00555222 ; 0.00605018 ; 101.402;
13 ; 11 ; 7 ; 0.53971 ; 0.00149374 ; 0.0105981 ; 101.405;
14 ; 11 ; 7 ; 0.524911 ; -0.00179317 ; -0.000201146 ; 101.933;
15 ; 11 ; 7 ; 0.529365 ; -0.00504354 ; -0.00777086 ; 101.582;
16 ; 11 ; 7 ; 0.533071 ; 0.00313414 ; -0.00140189 ; 101.296;
17 ; 11 ; 7 ; 0.521277 ; 0.00671642 ; -0.0237248 ; 101.04;
18 ; 11 ; 7 ; 0.538638 ; -0.00920553 ; -0.0268109 ; 101.502;
19 ; 11 ; 7 ; 0.531855 ; 0.00102858 ; -0.0133396 ; 101.237;
20 ; 11 ; 7 ; 0.531998 ; 0.00274144 ; -0.00939726 ; 101.5;
21 ; 11 ; 7 ; 0.534303 ; 0.002952 ; -8.96557e-05 ; 101.604;
4 ; 12 ; 7 ; 0.536945 ; 0.00494639 ; 0.00105706 ; 101.322;
5 ; 12 ; 7 ; 0.539705 ; -0.00138864 ; 0.00160458 ; 101.532;
6 ; 12 ; 7 ; 0.519327 ; -0.00117536 ; 0.00514881 ; 101.641;
7 ; 12 ; 7 ; 0.506611 ; 0.00160956 ; -0.00103033 ; 101.567;
8 ; 12 ; 7 ; 0.524617 ; 0.0123715 ; -0.000826761 ; 101.701;
9 ; 12 ; 7 ; 0.524169 ; 0.00237104 ; 0.00458206 ; 101.099;
10 ; 12 ; 7 ; 0.534842 ; 5.04101e-06 ; 0.00990122 ; 101.414;
11 ; 12 ; 7 ; 0.536492 ; -0.00432765 ; 0.00536467 ; 101.681;
12 ; 12 ; 7 ; 0.530331 ; 0.000399771 ; -0.0029735 ; 101.616;
13 ; 12 ; 7 ; 0.534273 ; 0.00109116 ; -0.0145846 ; 101.784;
14 ; 12 ; 7 ; 0.536576 ; 0.0107297 ; 0.00417168 ; 101.566;
15 ; 12 ; 7 ; 0.53719 ; -0.0016494 ; -0.00308407 ; 102.037;
16 ; 12 ; 7 ; 0.541276 ; 0.000774225 ; 0.00424046 ; 101.424;
17 ; 12 ; 7 ; 0.517065 ; -0.00115876 ; 0.0099725 ; 101.692;
18 ; 12 ; 7 ; 0.523368 ; -0.000778571 ; -0.0217359 ; 101.439;
19 ; 12 ; 7 ; 0.540146 ; 0.00506902 ; 0.000506971 ; 101.358;
20 ; 12 ; 7 ; 0.527751 ; 0.0122135 ; -0.00856789 ; 101.722;
21 ; 12 ; 7 ; 0.524783 ; 0.00665002 ; 0.00715722 ; 101.449;
4 ; 13 ; 7 ; 0.528823 ; 0.00666995 ; 0.00949451 ; 101.336;
5 ; 13 ; 7 ; 0.52721 ; 0.00195132 ; 0.000843904 ; 101.085;
6 ; 13 ; 7 ; 0.527853 ; 0.0126192 ; -0.00669189 ; 101.515;
7 ; 13 ; 7 ; 0.525044 ; 0.0118382 ; -0.00480067 ; 101.271;
8 ; 13 ; 7 ; 0.531609 ; 0.00217684 ; 0.00281974 ; 101.345;
9 ; 13 ; 7 ; 0.530641 ; 0.00390544 ; -0.00730599 ; 101.456;
10 ; 13 ; 7 ; 0.54201 ; -0.00339941 ; -0.00687124 ; 102.259;
11 ; 13 ; 7 ; 0.536631 ; 0.00575816 ; -0.0032205 ; 101.376;
12 ; 13 ; 7 ; 0.532688 ; 0.0074082 ; 0.000814908 ; 101.274;
13 ; 13 ; 7 ; 0.528421 ; 0.010338 ; -0.0075274 ; 101.409;
14 ; 13 ; 7 ; 0.516286 ; 0.00209165 ; -0.00267049 ; 101.502;
15 ; 13 ; 7 ; 0.54025 ; -0.00150784 ; -0.0100123 ; 101.159;
16 ; 13 ; 7 ; 0.522813 ; 0.000651748 ; -0.00973879 ; 101.697;
17 ; 13 ; 7 ; 0.527367 ; -0.000213432 ; 0.00865197 ; 101.236;
18 ; 13 ; 7 ; 0.533448 ; 0.00349372 ; -0.0108865 ; 101.798;
19 ; 13 ; 7 ; 0.525511 ; -0.00201057 ; -0.00454095 ; 101.43;
20 ; 13 ; 7 ; 0.526824 ; 0.0073695 ; 0.00175943 ; 101.748;
21 ; 13 ; 7 ; 0.513407 ; 0.00280214 ; -0.0107582 ; 101.643;
4 ; 14 ; 7 ; 0.542629 ; 0.000616666 ; 0.0049645 ; 101.822;
5 ; 14 ; 7 ; 0.511461 ; 0.00590463 ; -0.00307797 ; 101.416;
6 ; 14 ; 7 ; 0.515 ; -0.000834146 ; 0.00827651 ; 101.52;
7 ; 14 ; 7 ; 0.532327 ; -0.00686894 ; 0.00855779 ; 101.688;
8 ; 14 ; 7 ; 0.538097 ; 0.00160013 ; 0.00674211 ; 101.709;
9 ; 14 ; 7 ; 0.531433 ; 0.00222242 ; -0.00149374 ; 101.344;
10 ; 14 ; 7 ; 0.531286 ; -0.00531718 ; 0.00479094 ; 101.307;
11 ; 14 ; 7 ; 0.534495 ; 0.0116794 ; 0.00668673 ; 101.791;
12 ; 14 ; 7 ; 0.533547 ; 0.011615 ; -0.0106874 ; 101.31;
13 ; 14 ; 7 ; 0.528975 ; 0.00225177 ; 0.000168285 ; 101.73;
14 ; 14 ; 7 ; 0.520589 ; -0.00693297 ; 0.00780412 ; 101.695;
15 ; 14 ; 7 ; 0.529536 ; -0.00229639 ; 0.00834763 ; 101.278;
16 ; 14 ; 7 ; 0.524481 ; 0.000868088 ; -0.00549081 ; 101.387;
17 ; 14 ; 7 ; 0.522806 ; 0.00559383 ; -0.00152973 ; 101.448;
18 ; 14 ; 7 ; 0.526624 ; -0.0125908 ; -0.00989991 ; 101.567;
19 ; 14 ; 7 ; 0.524426 ; -0.000946672 ; -0.00297732 ; 102.207;
20 ; 14 ; 7 ; 0.531508 ; 0.0066245 ; -0.00293902 ; 101.033;
21 ; 14 ; 7 ; 0.531806 ; 0.00807823 ; -0.0173499 ; 101.06;
4 ; 15 ; 7 ; 0.518872 ; 0.000662602 ; -0.00336152 ; 101.811;
5 ; 15 ; 7 ; 0.536674 ; 0.00357356 ; -0.00724319 ; 101.032;
6 ; 15 ; 7 ; 0.533502 ; -0.00619829 ; 0.017568 ; 101.511;
7 ; 15 ; 7 ; 0.540679 ; 0.0118473 ; -0.00714411 ; 102.065;
8 ; 15 ; 7 ; 0.525332 ; 0.00590164 ; -0.00657665 ; 101.396;
9 ; 15 ; 7 ; 0.521923 ; 0.005448 ; 0.00369236 ; 101.966;
10 ; 15 ; 7 ; 0.524088 ; 0.001128 ; -0.00554639 ; 101.862;
11 ; 15 ; 7 ; 0.538398 ; 0.00360645 ; -0.00820425 ; 101.825;
12 ; 15 ; 7 ; 0.526416 ; 0.00419947 ; 0.000120631 ; 101.541;
13 ; 15 ; 7 ; 0.51984 ; -0.00259812 ; 0.0156175 ; 101.461;
14 ; 15 ; 7 ; 0.524714 ; -0.000137696 ; 0.011826 ; 101.271;
15 ; 15 ; 7 ; 0.525087 ; -0.00578684 ; -0.00798486 ; 101.494;
16 ; 15 ; 7 ; 0.533016 ; -0.00550511 ; -0.00232956 ; 101.561;
17 ; 15 ; 7 ; 0.528804 ; -0.00158032 ; 0.00255722 ; 101.788;
18 ; 15 ; 7 ; 0.53544 ; 0.000518289 ; 0.00353525 ; 101.72;
19 ; 15 ; 7 ; 0.53636 ; -0.00432442 ; 0.00146959 ; 101.538;
20 ; 15 ; 7 ; 0.537019 ; -0.00491235 ; -0.00642103 ; 101.89;
21 ; 15 ; 7 ; 0.536454 ; 0.025605 ; -0.0105714 ; 101.743;
4 ; 16 ; 7 ; 0.523354 ; 0.000397487 ; 0.00635335 ; 101.26;
5 ; 16 ; 7 ; 0.515877 ; -0.00118047 ; 0.0103291 ; 101.332;
6 ; 16 ; 7 ; 0.529938 ; -0.00253797 ; 0.0111141 ; 101.372;
7 ; 16 ; 7 ; 0.536163 ; 0.00516022 ; 0.00504413 ; 101.766;
8 ; 16 ; 7 ; 0.532425 ; 0.0121704 ; 0.0122926 ; 101.454;
9 ; 16 ; 7 ; 0.52777 ; -0.00853293 ; -0.00460916 ; 101.649;
10 ; 16 ; 7 ; 0.518258 ; 0.00796826 ; 0.00544767 ; 101.07;
11 ; 16 ; 7 ; 0.526869 ; 0.00647878 ; 0.00279887 ; 101.289;
12 ; 16 ; 7 ; 0.522452 ; 0.00667581 ; 0.0067088 ; 101.654;
13 ; 16 ; 7 ; 0.530569 ; 0.00668255 ; 0.011931 ; 100.883;
14 ; 16 ; 7 ; 0.530794 ; -0.000383081 ; 0.00621081 ; 101.753;
15 ; 16 ; 7 ; 0.527849 ; -0.00178356 ; -0.00840671 ; 102.006;
16 ; 16 ; 7 ; 0.525488 ; -0.017279 ; 0.00382542 ; 101.584;
17 ; 16 ; 7 ; 0.527025 ; 0.00555397 ; -0.00311644 ; 101.273;
18 ; 16 ; 7 ; 0.532488 ; 0.0089098 ; -0.0206207 ; 101.208;
19 ; 16 ; 7 ; 0.524066 ; -0.00814957 ; 0.00157674 ; 101.567;
20 ; 16 ; 7 ; 0.54254 ; 0.000334385 ; 0.00194963 ; 101.37;
21 ; 16 ; 7 ; 0.535572 ; 0.0155086 ; -0.0134019 ; 101.674;
4 ; 17 ; 7 ; 0.531915 ; 0.00870673 ; 0.0140436 ; 101.777;
5 ; 17 ; 7 ; 0.534275 ; -0.00172982 ; 0.000711946 ; 101.498;
6 ; 17 ; 7 ; 0.531438 ; 0.00224355 ; 0.00405496 ; 101.627;
7 ; 17 ; 7 ; 0.543223 ; 0.00329703 ; 0.00221325 ; 101.669;
8 ; 17 ; 7 ; 0.531011 ; 0.00155708 ; 0.0217633 ; 101.509;
9 ; 17 ; 7 ; 0.536242 ; -0.00431998 ; 0.00937599 ; 101.736;
10 ; 17 ; 7 ; 0.532909 ; -0.00403321 ; -0.00186601 ; 101.684;
11 ; 17 ; 7 ; 0.528324 ; 0.0142418 ; -0.00140891 ; 101.79;
12 ; 17 ; 7 ; 0.531962 ; 0.0127096 ; -0.00920598 ; 101.631;
13 ; 17 ; 7 ; 0.524193 ; -0.00242084 ; 0.00792873 ; 101.699;
14 ; 17 ; 7 ; 0.536045 ; -7.62224e-05 ; -0.000868324 ; 101.681;
15 ; 17 ; 7 ; 0.53061 ; 0.00710182 ; 0.00298045 ; 100.992;
16 ; 17 ; 7 ; 0.526413 ; -0.00873351 ; 0.00141846 ; 101.216;
17 ; 17 ; 7 ; 0.534951 ; 0.00440465 ; -0.0116551 ; 101.116;
18 ; 17 ; 7 ; 0.532181 ; -0.00425752 ; 0.000366664 ; 101.569;
19 ; 17 ; 7 ; 0.519728 ; -0.00407086 ; -0.00837746 ; 101.553;
20 ; 17 ; 7 ; 0.525496 ; -0.0105975 ; 0.0012966 ; 101.251;
21 ; 17 ; 7 ; 0.534641 ; 0.0109839 ; -0.00374345 ; 101.849;
4 ; 18 ; 7 ; 0.530885 ; 0.0079869 ; -0.00169814 ; 101.852;
5 ; 18 ; 7 ; 0.525474 ; -0.0052046 ; -0.00772309 ; 101.374;
6 ; 18 ; 7 ; 0.529804 ; 0.0116039 ; -0.00166709 ; 101.484;
7 ; 18 ; 7 ; 0.545365 ; 0.00259336 ; 0.00797977 ; 101.394;
8 ; 18 ; 7 ; 0.53265 ; -0.0159863 ; 0.00695511 ; 101.781;
9 ; 18 ; 7 ; 0.530141 ; 0.0024078 ; -0.00978575 ; 101.378;
10 ; 18 ; 7 ; 0.513522 ; -0.00343613 ; 0.00894467 ; 101.307;
11 ; 18 ; 7 ; 0.521196 ; -0.00380107 ; -0.00885758 ; 101.633;
12 ; 18 ; 7 ; 0.524251 ; 0.0040649 ; -0.0054703 ; 101.446;
13 ; 18 ; 7 ; 0.515445 ; 0.00917193 ; -0.0149893 ; 101.715;
14 ; 18 ; 7 ; 0.527519 ; 0.0117078 ; 0.00272079 ; 101.753;
15 ; 18 ; 7 ; 0.520337 ; -0.0093769 ; -6.58233e-05 ; 101.602;
16 ; 18 ; 7 ; 0.523225 ; -0.00303574 ; -0.00377165 ; 101.513;
17 ; 18 ; 7 ; 0.535681 ; 0.0113965 ; 0.00961984 ; 101.291;
18 ; 18 ; 7 ; 0.534147 ; 0.00924201 ; 0.002964 ; 101.382;
19 ; 18 ; 7 ; 0.537012 ; -0.00134225 ; 0.000325237 ; 101.576;
20 ; 18 ; 7 ; 0.535307 ; 0.00369072 ; -0.0127737 ; 101.23;
21 ; 18 ; 7 ; 0.534927 ; -0.0108778 ; -0.00468034 ; 101.14;
4 ; 19 ; 7 ; 0.536981 ; -0.0021017 ; 0.00729682 ; 101.664;
5 ; 19 ; 7 ; 0.529717 ; -0.00291748 ; 0.00765143 ; 101.357;
6 ; 19 ; 7 ; 0.537041 ; 0.00857443 ; 0.00936661 ; 101.066;
7 ; 19 ; 7 ; 0.528966 ; 0.00372904 ; 0.000177556 ; 101.61;
8 ; 19 ; 7 ; 0.539228 ; -0.000441959 ; 0.00597984 ; 101.747;
9 ; 19 ; 7 ; 0.541634 ; 0.00247446 ; 0.00188629 ; 101.373;
10 ; 19 ; 7 ; 0.528827 ; 0.00118642 ; 0.00452127 ; 101.549;
11 ; 19 ; 7 ; 0.528563 ; -1.96269e-05 ; 0.00866632 ; 101.434;
12 ; 19 ; 7 ; 0.535392 ; -0.00704776 ; 0.00587569 ; 101.638;
13 ; 19 ; 7 ; 0.53042 ; 0.00479622 ; -0.0146306 ; 101.241;
14 ; 19 ; 7 ; 0.537157 ; 0.00714457 ; -0.00976166 ; 101.302;
15 ; 19 ; 7 ; 0.532517 ; 0.00676394 ; 0.00497649 ; 101.783;
16 ; 19 ; 7 ; 0.5399 ; 0.00720471 ; -0.00834319 ; 101.514;
17 ; 19 ; 7 ; 0.522644 ; 0.00616873 ; -0.00455018 ; 101.207;
18 ; 19 ; 7 ; 0.531472 ; 0.00296555 ; -0.0104108 ; 101.943;
19 ; 19 ; 7 ; 0.537986 ; -0.0125974 ; -0.0019869 ; 101.457;
20 ; 19 ; 7 ; 0.539154 ; 0.00486445 ; 0.00235916 ; 101.267;
21 ; 19 ; 7 ; 0.52623 ; -0.0187609 ; -0.0102535 ; 101.423;
4 ; 20 ; 7 ; 0.535834 ; 0.0118279 ; 0.0101596 ; 101.476;
5 ; 20 ; 7 ; 0.533746 ; 0.00500655 ; -0.00183228 ; 101.789;
6 ; 20 ; 7 ; 0.533146 ; -0.00725709 ; -0.00418296 ; 101.416;
7 ; 20 ; 7 ; 0.531922 ; -0.0122312 ; 0.00312776 ; 101.503;
8 ; 20 ; 7 ; 0.541195 ; 0.00356522 ; 0.0154698 ; 101.519;
9 ; 20 ; 7 ; 0.53128 ; 0.0122218 ; -0.00118965 ; 101.418;
10 ; 20 ; 7 ; 0.524188 ; 0.00550707 ; 0.00593264 ; 101.895;
11 ; 20 ; 7 ; 0.527537 ; 0.00177838 ; -0.00769652 ; 101.655;
12 ; 20 ; 7 ; 0.515297 ; -0.00114499 ; 0.00242924 ; 101.611;
13 ; 20 ; 7 ; 0.522728 ; -0.00515944 ; -0.0131429 ; 101.306;
14 ; 20 ; 7 ; 0.546234 ; 0.000793377 ; 0.0114696 ; 101.731;
15 ; 20 ; 7 ; 0.528393 ; 0.00785667 ; -0.00924893 ; 101.631;
16 ; 20 ; 7 ; 0.524459 ; -0.00413689 ; 0.000255631 ; 101.551;
17 ; 20 ; 7 ; 0.524969 ; -0.00125033 ; -0.00168975 ; 101.451;
18 ; 20 ; 7 ; 0.538437 ; 0.00292123 ; 0.00147171 ; 101.313;
19 ; 20 ; 7 ; 0.529562 ; -0.00907769 ; -0.00406874 ; 101.376;
20 ; 20 ; 7 ; 0.535636 ; -0.0177341 ; -0.00144758 ; 101.464;
21 ; 20 ; 7 ; 0.523093 ; -0.00665093 ; -0.0172092 ; 101.424;
4 ; 21 ; 7 ; 0.522484 ; -0.00317689 ; 0.00419969 ; 101.814;
5 ; 21 ; 7 ; 0.521054 ; -0.0029067 ; 0.00268697 ; 101.559;
6 ; 21 ; 7 ; 0.536592 ; -0.00551269 ; 0.00817931 ; 101.823;
7 ; 21 ; 7 ; 0.512428 ; 0.00370524 ; -0.0108325 ; 101.615;
8 ; 21 ; 7 ; 0.532525 ; -0.000668876 ; -0.0079384 ; 101.073;
9 ; 21 ; 7 ; 0.517314 ; -0.00417059 ; -0.0187219 ; 101.845;
10 ; 21 ; 7 ; 0.520912 ; -0.00425241 ; -0.000745173 ; 101.263;
11 ; 21 ; 7 ; 0.534214 ; 0.0105966 ; 0.0031295 ; 101.409;
12 ; 21 ; 7 ; 0.526055 ; -0.00102584 ; 0.00484142 ; 101.214;
13 ; 21 ; 7 ; 0.52561 ; 0.000352798 ; -0.00529283 ; 101.637;
14 ; 21 ; 7 ; 0.521684 ; 0.00523414 ; 0.0132317 ; 101.471;
15 ; 21 ; 7 ; 0.542069 ; -0.00398638 ; 0.00936089 ; 101.667;
16 ; 21 ; 7 ; 0.514033 ; -0.00440928 ; -0.00209467 ; 101.574;
17 ; 21 ; 7 ; 0.537734 ; 0.00370656 ; 0.00673897 ; 101.804;
18 ; 21 ; 7 ; 0.532449 ; 0.00156203 ; -0.0160855 ; 101.384;
19 ; 21 ; 7 ; 0.541278 ; -0.00256251 ; 0.00378066 ; 101.01;
20 ; 21 ; 7 ; 0.538465 ; -0.00803112 ; -0.0084848 ; 101.94;
21 ; 21 ; 7 ; 0.53537 ; -0.00815781 ; -0.00410128 ; 101.226;
4 ; 4 ; 8 ; 0.439733 ; 0.00463374 ; 0.00308075 ; 101.156;
5 ; 4 ; 8 ; 0.433979 ; 0.0101064 ; 0.00103789 ; 101.729;
6 ; 4 ; 8 ; 0.441093 ; 0.00323677 ; 0.00340584 ; 101.349;
7 ; 4 ; 8 ; 0.43863 ; -0.00155134 ; -0.00804254 ; 101.645;
8 ; 4 ; 8 ; 0.444567 ; 0.00611176 ; -0.0111666 ; 101.132;
9 ; 4 ; 8 ; 0.440731 ; -0.00671969 ; 0.0174062 ; 101.284;
10 ; 4 ; 8 ; 0.450878 ; -0.00219153 ; -0.00438831 ; 101.049;
11 ; 4 ; 8 ; 0.448063 ; 0.00738282 ; -0.00521089 ; 101.768;
12 ; 4 ; 8 ; 0.44147 ; -0.0115377 ; -0.0011497 ; 101.348;
13 ; 4 ; 8 ; 0.439177 ; 0.00826401 ; 0.00689791 ; 100.976;
14 ; 4 ; 8 ; 0.430562 ; 0.0174214 ; 0.0105497 ; 101.306;
15 ; 4 ; 8 ; 0.433762 ; 0.00968958 ; -0.000857174 ; 101.6;
16 ; 4 ; 8 ; 0.428029 ; 0.00124653 ; -0.0122697 ; 101.272;
17 ; 4 ; 8 ; 0.425671 ; 0.0029313 ; -0.00782638 ; 101.192;
18 ; 4 ; 8 ; 0.435468 ; -0.0152873 ; -0.000526592 ; 101.495;
19 ; 4 ; 8 ; 0.444254 ; -0.00304459 ; -0.0133178 ; 101.79;
20 ; 4 ; 8 ; 0.423696 ; 0.00477782 ; 0.0171351 ; 101.35;
21 ; 4 ; 8 ; 0.450648 ; -0.00372673 ; 0.00505114 ; 101.083;
4 ; 5 ; 8 ; 0.432996 ; 0.0056652 ; 0.006545 ; 101.25;
5 ; 5 ; 8 ; 0.41885 ; -0.00289955 ; 0.00689465 ; 101.148;
6 ; 5 ; 8 ; 0.432797 ; 0.00246917 ; 0.00963288 ; 101.952;
7 ; 5 ; 8 ; 0.45048 ; 0.000574621 ; -0.00329275 ; 101.671;
8 ; 5 ; 8 ; 0.449963 ; 0.00113045 ; 0.00454365 ; 101.176;
9 ; 5 ; 8 ; 0.438907 ; 0.00283358 ; 0.00384218 ; 101.539;
10 ; 5 ; 8 ; 0.435581 ; -0.0103835 ; 0.00630163 ; 101.632;
11 ; 5 ; 8 ; 0.453035 ; 0.00568684 ; -0.00609405 ; 101.194;
12 ; 5 ; 8 ; 0.429945 ; -0.00614765 ; 0.00361235 ; 101.499;
13 ; 5 ; 8 ; 0.435259 ; 0.0019049 ; 0.0103708 ; 101.208;
14 ; 5 ; 8 ; 0.436825 ; 0.0107377 ; 0.00714487 ; 101.256;
15 ; 5 ; 8 ; 0.430489 ; 0.00576495 ; 0.00182066 ; 101.524;
16 ; 5 ; 8 ; 0.441901 ; 0.00378147 ; -0.00979026 ; 101.795;
17 ; 5 ; 8 ; 0.434429 ; 0.00318046 ; -0.00409601 ; 101.249;
18 ; 5 ; 8 ; 0.428209 ; -0.0016175 ; 0.00398341 ; 101.712;
19 ; 5 ; 8 ; 0.45277 ; -0.00251004 ; -0.00985736 ; 101.724;
20 ; 5 ; 8 ; 0.443339 ; 0.0225548 ; 0.00125041 ; 101.812;
21 ; 5 ; 8 ; 0.44858 ; 0.00547136 ; -0.00263298 ; 101.888;
4 ; 6 ; 8 ; 0.438493 ; 0.0103877 ; 0.000668622 ; 101.598;
5 ; 6 ; 8 ; 0.439901 ; 0.0017528 ; -0.000706557 ; 101.662;
6 ; 6 ; 8 ; 0.451045 ; -0.00498792 ; 0.0101643 ; 101.585;
7 ; 6 ; 8 ; 0.441496 ; 0.0157232 ; 0.00588612 ; 101.58;
8 ; 6 ; 8 ; 0.442673 ; 0.00386518 ; -0.00114088 ; 101.233;
9 ; 6 ; 8 ; 0.453441 ; 0.00243124 ; 0.00595718 ; 101.226;
10 ; 6 ; 8 ; 0.434541 ; -0.00189774 ; 0.0140605 ; 101.399;
11 ; 6 ; 8 ; 0.437161 ; 0.013338 ; -0.00830597 ; 102.029;
12 ; 6 ; 8 ; 0.441654 ; -0.00341229 ; -0.00331765 ; 101.247;
13 ; 6 ; 8 ; 0.447892 ; 0.00671099 ; -0.00178154 ; 101.255;
14 ; 6 ; 8 ; 0.454169 ; -0.00085198 ; -0.00295317 ; 101.483;
15 ; 6 ; 8 ; 0.433362 ; -0.00280638 ; -0.0032416 ; 101.425;
16 ; 6 ; 8 ; 0.437464 ; 0.00738773 ; -0.00831153 ; 101.523;
17 ; 6 ; 8 ; 0.433671 ; 0.00498388 ; 0.0133904 ; 101.519;
18 ; 6 ; 8 ; 0.442646 ; 0.000305584 ; 0.00586238 ; 101.5;
19 ; 6 ; 8 ; 0.442518 ; -0.00317826 ; -0.00415792 ; 101.236;
20 ; 6 ; 8 ; 0.44917 ; 0.00318693 ; 0.000298996 ; 101.348;
21 ; 6 ; 8 ; 0.451475 ; 0.00725391 ; -0.00319176 ; 101.558;
4 ; 7 ; 8 ; 0.43484 ; 0.00588612 ; -0.0100174 ; 101.055;
5 ; 7 ; 8 ; 0.436224 ; -0.000344855 ; 0.0111915 ; 101.383;
6 ; 7 ; 8 ; 0.435809 ; -0.00695593 ; 0.00874547 ; 101.094;
7 ; 7 ; 8 ; 0.436188 ; 0.00967189 ; -0.00991477 ; 101.031;
8 ; 7 ; 8 ; 0.437194 ; 0.0115966 ; 0.00296969 ; 101.753;
9 ; 7 ; 8 ; 0.434835 ; 0.0156158 ; 0.00539885 ; 101.617;
10 ; 7 ; 8 ; 0.432513 ; -0.00157329 ; 0.00264832 ; 101.489;
11 ; 7 ; 8 ; 0.428437 ; 0.00556962 ; -0.0072686 ; 101.324;
12 ; 7 ; 8 ; 0.450934 ; 0.00350889 ; -0.00331798 ; 101.639;
13 ; 7 ; 8 ; 0.444422 ; 0.00386233 ; -0.00473009 ; 101.551;
14 ; 7 ; 8 ; 0.442584 ; 0.00823812 ; -0.00921916 ; 101.425;
15 ; 7 ; 8 ; 0.432621 ; 0.0111464 ; -0.00977329 ; 101.958;
16 ; 7 ; 8 ; 0.447679 ; 0.00102913 ; 0.00663918 ; 101.343;
17 ; 7 ; 8 ; 0.435372 ; -0.00335559 ; 0.0099783 ; 101.049;
18 ; 7 ; 8 ; 0.443589 ; 0.00482901 ; 0.00587947 ; 101.441;
19 ; 7 ; 8 ; 0.441007 ; -0.00226253 ; 0.0059863 ; 101.45;
20 ; 7 ; 8 ; 0.44596 ; -0.00217785 ; -0.00952604 ; 101.704;
21 ; 7 ; 8 ; 0.438975 ; 0.00742313 ; -0.00618959 ; 101.178;
4 ; 8 ; 8 ; 0.434466 ; 0.00627528 ; 0.00103276 ; 101.254;
5 ; 8 ; 8 ; 0.434136 ; 0.007102 ; 0.0125953 ; 101.74;
6 ; 8 ; 8 ; 0.439674 ; 0.000496253 ; 0.0172559 ; 101.5;
7 ; 8 ; 8 ; 0.439581 ; -0.0183982 ; -0.00545564 ; 101.736;
8 ; 8 ; 8 ; 0.440489 ; -0.00205571 ; 0.009316 ; 101.171;
9 ; 8 ; 8 ; 0.446281 ; 0.00849661 ; 0.00562336 ; 101.03;
10 ; 8 ; 8 ; 0.438609 ; 0.00797724 ; 0.0211085 ; 101.611;
11 ; 8 ; 8 ; 0.440937 ; 0.0080496 ; 0.0106492 ; 101.544;
12 ; 8 ; 8 ; 0.442923 ; -0.0081749 ; 0.0078591 ; 101.409;
13 ; 8 ; 8 ; 0.445131 ; 0.00451502 ; 0.0101812 ; 101.519;
14 ; 8 ; 8 ; 0.445289 ; 0.0113693 ; 0.00321501 ; 101.449;
15 ; 8 ; 8 ; 0.439306 ; 0.00340789 ; -0.000843077 ; 101.82;
16 ; 8 ; 8 ; 0.435147 ; 0.00027099 ; -0.00306341 ; 101.24;
17 ; 8 ; 8 ; 0.443926 ; -0.0103717 ; -0.00140751 ; 101.365;
18 ; 8 ; 8 ; 0.432369 ; -0.00264755 ; -0.00596408 ; 101.477;
19 ; 8 ; 8 ; 0.437325 ; 0.00792507 ; 0.00477584 ; 101.033;
20 ; 8 ; 8 ; 0.431277 ; -0.0103162 ; -0.0209797 ; 101.373;
21 ; 8 ; 8 ; 0.443781 ; 0.00286589 ; -0.00527655 ; 101.47;
4 ; 9 ; 8 ; 0.436682 ; -0.00337064 ; -0.00276102 ; 101.559;
5 ; 9 ; 8 ; 0.431173 ; -0.0032286 ; -0.00152426 ; 101.161;
6 ; 9 ; 8 ; 0.442154 ; 0.0035562 ; -0.00136303 ; 101.569;
7 ; 9 ; 8 ; 0.434341 ; 0.00473721 ; -0.000877323 ; 101.832;
8 ; 9 ; 8 ; 0.447346 ; -0.00847586 ; -9.96311e-05 ; 101.74;
9 ; 9 ; 8 ; 0.444275 ; 0.00872742 ; 0.00617847 ; 101.36;
10 ; 9 ; 8 ; 0.437417 ; -0.00207025 ; -0.00393311 ; 101.547;
11 ; 9 ; 8 ; 0.451424 ; 0.0109776 ; -5.74781e-05 ; 101.59;
12 ; 9 ; 8 ; 0.445337 ; -0.00169002 ; 0.00493254 ; 101.781;
13 ; 9 ; 8 ; 0.45952 ; 0.00524397 ; -0.00552808 ; 101.403;
14 ; 9 ; 8 ; 0.445233 ; -0.00214941 ; -0.00369403 ; 101.149;
15 ; 9 ; 8 ; 0.435118 ; 0.00686504 ; -0.015127 ; 101.506;
16 ; 9 ; 8 ; 0.427391 ; -0.00674244 ; -0.00728391 ; 101.322;
17 ; 9 ; 8 ; 0.453467 ; -0.00945472 ; -0.00425424 ; 100.974;
18 ; 9 ; 8 ; 0.447526 ; 0.00141041 ; -0.0129089 ; 101.486;
19 ; 9 ; 8 ; 0.44216 ; -0.00794539 ; 0.00213909 ; 101.346;
20 ; 9 ; 8 ; 0.427466 ; -0.0009741 ; -0.0201879 ; 101.63;
21 ; 9 ; 8 ; 0.439316 ; 0.000494738 ; -0.0143832 ; 101.348;
4 ; 10 ; 8 ; 0.436699 ; 0.00347195 ; 0.00256288 ; 101.542;
5 ; 10 ; 8 ; 0.443642 ; 0.0017488 ; 0.02116 ; 101.599;
6 ; 10 ; 8 ; 0.427203 ; -0.00565211 ; 0.0103797 ; 101.644;
7 ; 10 ; 8 ; 0.439502 ; -0.00383512 ; 0.00245211 ; 101.628;
8 ; 10 ; 8 ; 0.426566 ; 0.0159 ; 0.00835423 ; 101.299;
9 ; 10 ; 8 ; 0.441578 ; 0.0030249 ; 0.017376 ; 101.624;
10 ; 10 ; 8 ; 0.432227 ; 0.00405138 ; 0.00662715 ; 101.34;
11 ; 10 ; 8 ; 0.452305 ; 0.015185 ; -0.00318274 ; 101.655;
12 ; 10 ; 8 ; 0.454566 ; 0.00208819 ; -0.00141125 ; 101.343;
13 ; 10 ; 8 ; 0.44243 ; 0.0123324 ; 0.00163566 ; 101.243;
14 ; 10 ; 8 ; 0.437916 ; 0.00130026 ; -0.00231987 ; 101.424;
15 ; 10 ; 8 ; 0.445419 ; 0.00264307 ; 0.00205752 ; 101.716;
16 ; 10 ; 8 ; 0.439006 ; 0.00224286 ; 0.00439306 ; 101.838;
17 ; 10 ; 8 ; 0.435148 ; 0.00262169 ; -0.00676768 ; 101.65;
18 ; 10 ; 8 ; 0.447003 ; 0.00196022 ; 0.00559134 ; 101.224;
19 ; 10 ; 8 ; 0.440751 ; 0.00764544 ; -0.013644 ; 101.433;
20 ; 10 ; 8 ; 0.43795 ; -0.00601097 ; -0.0111202 ; 101.661;
21 ; 10 ; 8 ; 0.449833 ; -0.00282971 ; 0.00636008 ; 101.364;
4 ; 11 ; 8 ; 0.430429 ; -0.00743973 ; 0.000901524 ; 101.597;
5 ; 11 ; 8 ; 0.429966 ; -0.00278019 ; 0.00383466 ; 101.253;
6 ; 11 ; 8 ; 0.452087 ; -0.00642984 ; 0.0227275 ; 101.668;
7 ; 11 ; 8 ; 0.444172 ; 0.0034318 ; -0.000868718 ; 101.336;
8 ; 11 ; 8 ; 0.446192 ; 0.000313314 ; -0.00707739 ; 101.336;
9 ; 11 ; 8 ; 0.441137 ; 0.000216731 ; 0.00440802 ; 101.818;
10 ; 11 ; 8 ; 0.446181 ; -0.00379186 ; 0.00468243 ; 100.881;
11 ; 11 ; 8 ; 0.415494 ; 0.00296316 ; -0.000167239 ; 101.948;
12 ; 11 ; 8 ; 0.42136 ; 0.00210894 ; 0.0117727 ; 101.132;
13 ; 11 ; 8 ; 0.429583 ; 0.0109832 ; 0.0119484 ; 101.717;
14 ; 11 ; 8 ; 0.448818 ; 0.0142754 ; 0.00205361 ; 100.851;
15 ; 11 ; 8 ; 0.440208 ; -0.0090676 ; 0.0177467 ; 101.614;
16 ; 11 ; 8 ; 0.427663 ; 0.000972676 ; -0.0079101 ; 101.455;
17 ; 11 ; 8 ; 0.450533 ; 0.0125171 ; -0.00731841 ; 100.899;
18 ; 11 ; 8 ; 0.437766 ; -0.00572228 ; -0.0130655 ; 101.762;
19 ; 11 ; 8 ; 0.437843 ; 0.00156154 ; 0.00361541 ; 101.5;
20 ; 11 ; 8 ; 0.443273 ; -0.00141027 ; -0.00267505 ; 101.434;
21 ; 11 ; 8 ; 0.443911 ; 0.007094 ; -0.00678816 ; 101.686;
4 ; 12 ; 8 ; 0.444506 ; -0.00675524 ; 0.00347442 ; 101.072;
5 ; 12 ; 8 ; 0.439204 ; 0.00336391 ; -0.00194625 ; 101.323;
6 ; 12 ; 8 ; 0.456326 ; 0.00900849 ; 0.00898069 ; 100.92;
7 ; 12 ; 8 ; 0.438539 ; 0.00763912 ; -4.11275e-05 ; 101.872;
8 ; 12 ; 8 ; 0.442015 ; 0.0111277 ; 0.00388644 ; 101.248;
9 ; 12 ; 8 ; 0.440243 ; 0.00865627 ; 0.00242136 ; 101.356;
10 ; 12 ; 8 ; 0.438993 ; -0.000880764 ; -0.0111884 ; 101.847;
11 ; 12 ; 8 ; 0.425283 ; -0.00438239 ; -0.0033323 ; 101.491;
12 ; 12 ; 8 ; 0.437748 ; 0.00246383 ; 0.000507383 ; 101.435;
13 ; 12 ; 8 ; 0.435008 ; 0.00314176 ; -0.0119999 ; 101.09;
14 ; 12 ; 8 ; 0.438039 ; 0.0149463 ; 0.00686813 ; 101.581;
15 ; 12 ; 8 ; 0.432304 ; -0.0159537 ; -0.00186174 ; 101.006;
16 ; 12 ; 8 ; 0.440117 ; -0.00376214 ; 0.0150301 ; 101.375;
17 ; 12 ; 8 ; 0.437018 ; 0.00430693 ; -0.0109465 ; 101.038;
18 ; 12 ; 8 ; 0.437473 ; 0.00415733 ; -0.00177747 ; 101.462;
19 ; 12 ; 8 ; 0.439402 ; 0.00404662 ; -0.00696326 ; 101.185;
20 ; 12 ; 8 ; 0.436144 ; 0.00530475 ; 0.00341769 ; 101.34;
21 ; 12 ; 8 ; 0.44879 ; 0.00318193 ; -0.0086434 ; 100.755;
4 ; 13 ; 8 ; 0.445175 ; -0.00667793 ; 0.00680883 ; 101.556;
5 ; 13 ; 8 ; 0.435564 ; -0.00353784 ; -0.00199981 ; 101.541;
6 ; 13 ; 8 ; 0.431951 ; 0.00195157 ; 0.00227267 ; 101.669;
7 ; 13 ; 8 ; 0.440854 ; 0.0059676 ; 0.0222321 ; 101.371;
8 ; 13 ; 8 ; 0.435057 ; 0.0136285 ; 0.0075584 ; 101.119;
9 ; 13 ; 8 ; 0.442413 ; -0.00655609 ; 0.0141693 ; 101.518;
10 ; 13 ; 8 ; 0.438289 ; -0.013607 ; -0.00216345 ; 101.307;
11 ; 13 ; 8 ; 0.444976 ; -0.00786929 ; 0.017165 ; 101.815;
12 ; 13 ; 8 ; 0.440064 ; 0.00593995 ; 0.007298 ; 101.565;
13 ; 13 ; 8 ; 0.442779 ; -0.00528267 ; 0.0103623 ; 101.454;
14 ; 13 ; 8 ; 0.444484 ; -0.00597768 ; 0.002699 ; 101.518;
15 ; 13 ; 8 ; 0.446012 ; -0.00353325 ; -0.0098409 ; 101.585;
16 ; 13 ; 8 ; 0.443395 ; 0.0104775 ; 0.000462462 ; 101.218;
17 ; 13 ; 8 ; 0.431585 ; -0.00889443 ; 0.000951724 ; 101.965;
18 ; 13 ; 8 ; 0.43351 ; 0.00875109 ; 0.00211279 ; 101.913;
19 ; 13 ; 8 ; 0.43705 ; -0.00411097 ; -0.00439207 ; 101.346;
20 ; 13 ; 8 ; 0.442485 ; 0.00165587 ; -0.00463277 ; 101.946;
21 ; 13 ; 8 ; 0.444755 ; 0.00283958 ; -0.00825557 ; 101.139;
4 ; 14 ; 8 ; 0.450292 ; 0.0117855 ; 0.00383254 ; 101.242;
5 ; 14 ; 8 ; 0.438542 ; -0.00419843 ; 0.0118311 ; 101.556;
6 ; 14 ; 8 ; 0.435082 ; -0.00206086 ; 0.00605858 ; 101.398;
7 ; 14 ; 8 ; 0.449557 ; 0.00434642 ; 0.00736023 ; 101.445;
8 ; 14 ; 8 ; 0.447745 ; -0.00655094 ; 0.0140299 ; 101.426;
9 ; 14 ; 8 ; 0.440172 ; -0.0138056 ; 0.00959508 ; 101.964;
10 ; 14 ; 8 ; 0.44051 ; -0.00271904 ; -0.00911487 ; 101.337;
11 ; 14 ; 8 ; 0.448325 ; -0.0091389 ; -0.00253872 ; 101.482;
12 ; 14 ; 8 ; 0.441888 ; -0.00347226 ; -0.0112209 ; 101.559;
13 ; 14 ; 8 ; 0.425267 ; -0.00631677 ; 0.0221703 ; 100.948;
14 ; 14 ; 8 ; 0.434913 ; 0.00659055 ; 0.00323891 ; 101.317;
15 ; 14 ; 8 ; 0.424055 ; -0.00783935 ; -0.00654226 ; 101.576;
16 ; 14 ; 8 ; 0.433122 ; -0.00218333 ; 0.00284809 ; 101.587;
17 ; 14 ; 8 ; 0.441768 ; 0.00358212 ; -0.00509047 ; 101.178;
18 ; 14 ; 8 ; 0.450123 ; 0.00858092 ; -0.0047737 ; 101.521;
19 ; 14 ; 8 ; 0.450912 ; 0.00665919 ; -0.0116965 ; 101.3;
20 ; 14 ; 8 ; 0.443994 ; 0.000951449 ; -0.00276695 ; 101.044;
21 ; 14 ; 8 ; 0.434823 ; 0.0044984 ; -0.00911839 ; 101.407;
4 ; 15 ; 8 ; 0.450499 ; -0.00644068 ; 0.00967128 ; 101.287;
5 ; 15 ; 8 ; 0.44074 ; 0.0080541 ; 0.00774831 ; 101.459;
6 ; 15 ; 8 ; 0.428532 ; 0.0123846 ; 0.0131558 ; 101.841;
7 ; 15 ; 8 ; 0.435422 ; 0.0145923 ; 0.00942138 ; 101.585;
8 ; 15 ; 8 ; 0.432329 ; -0.00479261 ; 0.00440905 ; 101.436;
9 ; 15 ; 8 ; 0.436978 ; 0.0106884 ; 0.00626264 ; 101.808;
10 ; 15 ; 8 ; 0.429669 ; 0.01367 ; -0.00221622 ; 101.601;
11 ; 15 ; 8 ; 0.426975 ; 0.0125086 ; 0.00185955 ; 101.435;
12 ; 15 ; 8 ; 0.436614 ; 0.0155705 ; 0.00861328 ; 100.999;
13 ; 15 ; 8 ; 0.434866 ; 0.0047581 ; 0.0144374 ; 101.495;
14 ; 15 ; 8 ; 0.447663 ; 0.0166583 ; 0.00672426 ; 101.29;
15 ; 15 ; 8 ; 0.435162 ; -0.00664876 ; -0.00718936 ; 101.697;
16 ; 15 ; 8 ; 0.427532 ; -0.00970142 ; -0.00247306 ; 101.471;
17 ; 15 ; 8 ; 0.442525 ; 0.000244049 ; -0.00317222 ; 101.966;
18 ; 15 ; 8 ; 0.445383 ; 0.00450957 ; 0.0041628 ; 101.485;
19 ; 15 ; 8 ; 0.45959 ; -0.00817813 ; -0.00965515 ; 101.455;
20 ; 15 ; 8 ; 0.439207 ; -0.00623069 ; 0.00312146 ; 101.235;
21 ; 15 ; 8 ; 0.448524 ; 0.0135372 ; -0.00424552 ; 101.232;
4 ; 16 ; 8 ; 0.440134 ; -0.0124061 ; -0.00889906 ; 101.369;
5 ; 16 ; 8 ; 0.445396 ; -0.0057398 ; -0.00820789 ; 101.478;
6 ; 16 ; 8 ; 0.447712 ; 0.000836317 ; 0.0089865 ; 101.461;
7 ; 16 ; 8 ; 0.430481 ; 0.0131078 ; 0.0156543 ; 101.773;
8 ; 16 ; 8 ; 0.454627 ; 0.000824558 ; 0.00355596 ; 101.605;
9 ; 16 ; 8 ; 0.439478 ; 0.00218588 ; 0.00499119 ; 101.189;
10 ; 16 ; 8 ; 0.441562 ; 0.0127115 ; 0.00850721 ; 101.52;
11 ; 16 ; 8 ; 0.437187 ; -0.00192538 ; 0.02479 ; 101.864;
12 ; 16 ; 8 ; 0.44453 ; 0.0117527 ; 0.0128677 ; 101.453;
13 ; 16 ; 8 ; 0.432423 ; 0.000850589 ; 0.0109775 ; 101.279;
14 ; 16 ; 8 ; 0.438672 ; -0.000655253 ; 0.0185201 ; 101.671;
15 ; 16 ; 8 ; 0.441763 ; -0.00690549 ; -0.00134598 ; 101.361;
16 ; 16 ; 8 ; 0.445916 ; -0.00405886 ; -0.0143686 ; 101.383;
17 ; 16 ; 8 ; 0.439958 ; 0.00198133 ; -0.00402579 ; 102.064;
18 ; 16 ; 8 ; 0.439308 ; -0.00153947 ; -0.00809897 ; 101.105;
19 ; 16 ; 8 ; 0.44919 ; 0.00743415 ; 0.00616076 ; 101.765;
20 ; 16 ; 8 ; 0.458491 ; 0.00753376 ; -0.0012794 ; 101.336;
21 ; 16 ; 8 ; 0.446959 ; 0.00235455 ; -0.0188407 ; 101.131;
4 ; 17 ; 8 ; 0.448893 ; 0.00372766 ; -0.00707621 ; 101.533;
5 ; 17 ; 8 ; 0.430497 ; -0.00296787 ; -0.00669238 ; 101.539;
6 ; 17 ; 8 ; 0.44173 ; -0.0027817 ; 0.0012847 ; 101.73;
7 ; 17 ; 8 ; 0.440354 ; 0.00713267 ; 0.0131154 ; 101.327;
8 ; 17 ; 8 ; 0.433642 ; -0.000932416 ; 0.00302827 ; 101.217;
9 ; 17 ; 8 ; 0.447553 ; 0.00965058 ; -0.00710298 ; 101.489;
10 ; 17 ; 8 ; 0.439864 ; 0.00602078 ; 0.00632428 ; 101.794;
11 ; 17 ; 8 ; 0.427573 ; -0.000307448 ; -0.0155014 ; 101.341;
12 ; 17 ; 8 ; 0.435383 ; -0.00521823 ; -0.00223398 ; 101.447;
13 ; 17 ; 8 ; 0.438658 ; -0.00679169 ; -0.000592782 ; 101.367;
14 ; 17 ; 8 ; 0.44279 ; -0.00968871 ; 0.000653043 ; 101.512;
15 ; 17 ; 8 ; 0.428162 ; -0.00511182 ; -0.00660975 ; 101.321;
16 ; 17 ; 8 ; 0.43752 ; 0.00177528 ; 0.00870107 ; 101.804;
17 ; 17 ; 8 ; 0.445527 ; -0.00469224 ; -0.00469235 ; 101.373;
18 ; 17 ; 8 ; 0.433184 ; 0.0099436 ; -0.00334148 ; 101.344;
19 ; 17 ; 8 ; 0.444023 ; 0.00533522 ; -0.00422146 ; 102.005;
20 ; 17 ; 8 ; 0.446137 ; -0.00139287 ; -0.00568806 ; 101.509;
21 ; 17 ; 8 ; 0.447124 ; 0.0125623 ; 0.00555423 ; 101.319;
4 ; 18 ; 8 ; 0.438418 ; 0.0175323 ; 0.0109552 ; 101.655;
5 ; 18 ; 8 ; 0.438378 ; 0.00947728 ; 0.00684135 ; 101.519;
6 ; 18 ; 8 ; 0.427786 ; 0.00285443 ; 0.00298523 ; 101.546;
7 ; 18 ; 8 ; 0.440144 ; 0.00793343 ; -0.00109984 ; 101.391;
8 ; 18 ; 8 ; 0.439572 ; 0.000422292 ; 0.000326889 ; 101.749;
9 ; 18 ; 8 ; 0.44217 ; 0.000866824 ; 0.000109613 ; 101.483;
10 ; 18 ; 8 ; 0.438083 ; 0.000596889 ; -0.00422366 ; 101.601;
11 ; 18 ; 8 ; 0.450082 ; -0.0065619 ; 0.00825856 ; 101.512;
12 ; 18 ; 8 ; 0.435131 ; 0.00888822 ; 0.00666752 ; 101.737;
13 ; 18 ; 8 ; 0.441153 ; 0.001891 ; 0.00624444 ; 101.151;
14 ; 18 ; 8 ; 0.441573 ; 0.00941068 ; 0.00388546 ; 101.45;
15 ; 18 ; 8 ; 0.440233 ; 0.00616264 ; 0.000975192 ; 101.493;
16 ; 18 ; 8 ; 0.437506 ; -0.00422711 ; 0.00524136 ; 101.962;
17 ; 18 ; 8 ; 0.447703 ; -0.00665455 ; 0.00267182 ; 101.302;
18 ; 18 ; 8 ; 0.443084 ; -0.00674751 ; 0.00730621 ; 101.556;
19 ; 18 ; 8 ; 0.445182 ; -0.000133403 ; 0.00122935 ; 101.549;
20 ; 18 ; 8 ; 0.44829 ; 0.00328667 ; 0.00174488 ; 101.142;
21 ; 18 ; 8 ; 0.44138 ; -0.00729535 ; -0.0176055 ; 101.435;
4 ; 19 ; 8 ; 0.426123 ; -0.00359629 ; 0.0021941 ; 101.343;
5 ; 19 ; 8 ; 0.442961 ; -0.00362665 ; -0.00253741 ; 101.427;
6 ; 19 ; 8 ; 0.444055 ; 0.00681674 ; 0.00848092 ; 101.465;
7 ; 19 ; 8 ; 0.448627 ; 0.00910654 ; -0.00900244 ; 101.161;
8 ; 19 ; 8 ; 0.447097 ; -0.00617579 ; 0.000513778 ; 101.299;
9 ; 19 ; 8 ; 0.436515 ; 0.00179557 ; -0.00529307 ; 101.243;
10 ; 19 ; 8 ; 0.437276 ; -0.011523 ; -0.000204501 ; 101.694;
11 ; 19 ; 8 ; 0.444243 ; 0.000998217 ; -0.00407959 ; 101.499;
12 ; 19 ; 8 ; 0.431568 ; 0.0121184 ; 0.00391624 ; 101.288;
13 ; 19 ; 8 ; 0.443173 ; -0.00517616 ; 0.0158351 ; 101.302;
14 ; 19 ; 8 ; 0.431755 ; -0.00673302 ; -0.00702493 ; 101.3;
15 ; 19 ; 8 ; 0.443351 ; -0.00201181 ; 0.00176407 ; 101.226;
16 ; 19 ; 8 ; 0.430971 ; -0.0032119 ; -0.00752872 ; 101.168;
17 ; 19 ; 8 ; 0.427682 ; -0.00222966 ; -0.00323226 ; 101.267;
18 ; 19 ; 8 ; 0.437786 ; -0.0128725 ; -0.0108659 ; 101.426;
19 ; 19 ; 8 ; 0.438905 ; -0.00583607 ; -0.00591427 ; 101.689;
20 ; 19 ; 8 ; 0.444724 ; 0.00254327 ; -0.00593535 ; 101.473;
21 ; 19 ; 8 ; 0.439289 ; -0.00714879 ; -0.00207027 ; 101.082;
4 ; 20 ; 8 ; 0.446733 ; 0.000849177 ; -0.000828024 ; 101.208;
5 ; 20 ; 8 ; 0.439236 ; -0.00766604 ; 0.00353668 ; 101.253;
6 ; 20 ; 8 ; 0.440915 ; 0.00965576 ; 0.00170389 ; 101.158;
7 ; 20 ; 8 ; 0.454532 ; 0.00507234 ; -0.00548284 ; 101.379;
8 ; 20 ; 8 ; 0.43701 ; 0.00197161 ; 0.0135603 ; 101.663;
9 ; 20 ; 8 ; 0.441095 ; 0.0051763 ; 0.0160508 ; 100.906;
10 ; 20 ; 8 ; 0.458593 ; 0.00175346 ; 0.00674954 ; 101.605;
11 ; 20 ; 8 ; 0.44538 ; 0.00852319 ; -0.00561415 ; 101.623;
12 ; 20 ; 8 ; 0.450044 ; 0.0158708 ; 0.00319686 ; 101.624;
13 ; 20 ; 8 ; 0.439245 ; -0.00736234 ; -0.00823855 ; 101.542;
14 ; 20 ; 8 ; 0.447577 ; 0.00301274 ; 0.00141999 ; 101.939;
15 ; 20 ; 8 ; 0.443445 ; -0.00380394 ; -0.0120311 ; 102.019;
16 ; 20 ; 8 ; 0.450606 ; -0.001652 ; -0.00391802 ; 101.618;
17 ; 20 ; 8 ; 0.439662 ; -0.00630791 ; -0.0150405 ; 101.49;
18 ; 20 ; 8 ; 0.444371 ; 0.00249532 ; 0.0035645 ; 101.826;
19 ; 20 ; 8 ; 0.446185 ; 0.00261238 ; -0.00651175 ; 101.311;
20 ; 20 ; 8 ; 0.453247 ; -0.0108231 ; -0.0197935 ; 101.367;
21 ; 20 ; 8 ; 0.453761 ; 0.00122086 ; -0.0138582 ; 101.506;
4 ; 21 ; 8 ; 0.441913 ; -0.00656087 ; -0.00540292 ; 101.35;
5 ; 21 ; 8 ; 0.441319 ; 0.0111746 ; -0.00153193 ; 101.387;
6 ; 21 ; 8 ; 0.439345 ; 0.00123538 ; -0.0117556 ; 101.962;
7 ; 21 ; 8 ; 0.442719 ; -0.00788127 ; -0.00851484 ; 101.419;
8 ; 21 ; 8 ; 0.438235 ; 0.00065459 ; 0.00114567 ; 101.737;
9 ; 21 ; 8 ; 0.43091 ; 0.0100401 ; 0.00203203 ; 101.588;
10 ; 21 ; 8 ; 0.446359 ; 0.0129607 ; -0.00502249 ; 101.165;
11 ; 21 ; 8 ; 0.431664 ; 0.0027854 ; 0.00888092 ; 101.352;
12 ; 21 ; 8 ; 0.429582 ; 0.0119586 ; 0.00613246 ; 101.463;
13 ; 21 ; 8 ; 0.441088 ; 0.00131043 ; -0.00267151 ; 101.695;
14 ; 21 ; 8 ; 0.43897 ; 0.00262297 ; -0.00207247 ; 101.283;
15 ; 21 ; 8 ; 0.446238 ; 0.00409471 ; -0.000280449 ; 101.007;
16 ; 21 ; 8 ; 0.444291 ; -0.0124604 ; -0.00799519 ; 101.194;
17 ; 21 ; 8 ; 0.446915 ; -0.0103571 ; 0.00201214 ; 101.757;
18 ; 21 ; 8 ; 0.449217 ; -0.00165746 ; -0.000714215 ; 101.253;
19 ; 21 ; 8 ; 0.429466 ; 0.00542472 ; 0.00768164 ; 101.618;
20 ; 21 ; 8 ; 0.438756 ; -0.00437833 ; -0.00211788 ; 101.327;
21 ; 21 ; 8 ; 0.432203 ; 0.0184025 ; -0.00633965 ; 101.648;
4 ; 4 ; 9 ; 0.355185 ; 0.0099005 ; -0.00565058 ; 101.196;
5 ; 4 ; 9 ; 0.364685 ; 0.00210609 ; -0.000557026 ; 101.363;
6 ; 4 ; 9 ; 0.3675 ; -0.0109104 ; 0.00656689 ; 101.578;
7 ; 4 ; 9 ; 0.346939 ; 0.00278807 ; 0.00968818 ; 101.761;
8 ; 4 ; 9 ; 0.364748 ; -0.0050212 ; -0.011636 ; 101.283;
9 ; 4 ; 9 ; 0.354628 ; -0.00270932 ; 0.00905963 ; 101.48;
10 ; 4 ; 9 ; 0.366953 ; 0.00315598 ; 0.00996454 ; 101.355;
11 ; 4 ; 9 ; 0.362875 ; 0.0139228 ; 0.00638285 ; 101.86;
12 ; 4 ; 9 ; 0.357682 ; -0.00516187 ; -0.0246307 ; 101.567;
13 ; 4 ; 9 ; 0.35823 ; 0.000313085 ; -0.00123617 ; 101.144;
14 ; 4 ; 9 ; 0.357217 ; -0.00233753 ; -0.00377752 ; 101.685;
15 ; 4 ; 9 ; 0.361875 ; -0.00614733 ; -0.00293403 ; 101.599;
16 ; 4 ; 9 ; 0.357848 ; -0.013373 ; 0.0121633 ; 101.235;
17 ; 4 ; 9 ; 0.362381 ; 0.00371606 ; -0.00773523 ; 101.462;
18 ; 4 ; 9 ; 0.346373 ; 0.0147903 ; -0.0192336 ; 101.781;
19 ; 4 ; 9 ; 0.364497 ; 0.00587895 ; -0.00120947 ; 101.436;
20 ; 4 ; 9 ; 0.368884 ; 0.00920362 ; 0.00746217 ; 101.676;
21 ; 4 ; 9 ; 0.36705 ; 0.00516807 ; 0.00504754 ; 101.777;
4 ; 5 ; 9 ; 0.367701 ; -0.010109 ; -0.00538748 ; 101.556;
5 ; 5 ; 9 ; 0.363561 ; -0.00527742 ; -0.00229732 ; 101.286;
6 ; 5 ; 9 ; 0.352896 ; 0.00263307 ; 0.00631493 ; 101.556;
7 ; 5 ; 9 ; 0.346627 ; -0.0055652 ; 0.00626773 ; 101.716;
8 ; 5 ; 9 ; 0.346414 ; 0.00126216 ; 0.000896752 ; 101.548;
9 ; 5 ; 9 ; 0.349102 ; -0.00428092 ; 0.00414733 ; 101.332;
10 ; 5 ; 9 ; 0.36942 ; -0.00335108 ; 0.0113636 ; 101.296;
11 ; 5 ; 9 ; 0.363639 ; 0.00949733 ; 0.00474956 ; 100.853;
12 ; 5 ; 9 ; 0.369534 ; -0.0010268 ; -0.00211687 ; 101.699;
13 ; 5 ; 9 ; 0.372448 ; -0.000375643 ; -0.00714862 ; 101.589;
14 ; 5 ; 9 ; 0.364367 ; -0.00731184 ; 0.00210279 ; 101.845;
15 ; 5 ; 9 ; 0.36098 ; 0.000910643 ; 0.00114516 ; 101.84;
16 ; 5 ; 9 ; 0.368913 ; 0.00433898 ; 0.00228843 ; 101.318;
17 ; 5 ; 9 ; 0.353543 ; 0.00936791 ; -0.00600177 ; 101.536;
18 ; 5 ; 9 ; 0.362921 ; -0.00120542 ; 0.00440833 ; 101.289;
19 ; 5 ; 9 ; 0.370386 ; 0.0131213 ; -0.0076222 ; 101.821;
20 ; 5 ; 9 ; 0.360365 ; 0.00100716 ; -0.00544343 ; 101.442;
21 ; 5 ; 9 ; 0.360507 ; -0.00602648 ; -2.66438e-05 ; 101.552;
4 ; 6 ; 9 ; 0.355062 ; -0.00136252 ; -0.00341193 ; 101.635;
5 ; 6 ; 9 ; 0.356839 ; -0.00652798 ; 0.00381185 ; 101.724;
6 ; 6 ; 9 ; 0.358806 ; -0.00159976 ; -0.00119327 ; 100.731;
7 ; 6 ; 9 ; 0.371172 ; 0.00415281 ; 0.00877853 ; 101.828;
8 ; 6 ; 9 ; 0.375816 ; -0.00156144 ; -0.00327559 ; 101.524;
9 ; 6 ; 9 ; 0.372076 ; -0.00527496 ; -0.00948076 ; 101.964;
10 ; 6 ; 9 ; 0.378037 ; -0.00651908 ; -0.00280583 ; 101.806;
11 ; 6 ; 9 ; 0.364527 ; 0.00349171 ; -0.000104206 ; 101.434;
12 ; 6 ; 9 ; 0.354656 ; 0.0106466 ; 0.00209245 ; 101.519;
13 ; 6 ; 9 ; 0.371648 ; 0.000313193 ; 0.0139154 ; 101.126;
14 ; 6 ; 9 ; 0.357222 ; 0.0020699 ; 0.0120121 ; 101.853;
15 ; 6 ; 9 ; 0.362137 ; -0.00273619 ; -0.00714206 ; 101.485;
16 ; 6 ; 9 ; 0.36635 ; -0.0079197 ; 0.00278944 ; 100.971;
17 ; 6 ; 9 ; 0.364528 ; 0.000483571 ; -0.00295395 ; 101.491;
18 ; 6 ; 9 ; 0.36256 ; 0.00917151 ; -0.00504923 ; 101.287;
19 ; 6 ; 9 ; 0.360027 ; 0.00999739 ; 0.010565 ; 101.586;
20 ; 6 ; 9 ; 0.349564 ; 0.016868 ; -0.00657586 ; 101.825;
21 ; 6 ; 9 ; 0.349819 ; 0.0193236 ; -0.00887509 ; 101.631;
4 ; 7 ; 9 ; 0.353842 ; 0.00315608 ; -0.00245327 ; 101.33;
5 ; 7 ; 9 ; 0.360369 ; -0.005216 ; -0.000830166 ; 101.674;
6 ; 7 ; 9 ; 0.360841 ; 0.0173444 ; -0.00046494 ; 101.757;
7 ; 7 ; 9 ; 0.373491 ; 0.00276305 ; -0.00584232 ; 101.161;
8 ; 7 ; 9 ; 0.367683 ; 0.00176822 ; 0.000200992 ; 101.291;
9 ; 7 ; 9 ; 0.358209 ; 0.00638662 ; 0.000577202 ; 101.641;
10 ; 7 ; 9 ; 0.358419 ; 0.00388536 ; 0.00743489 ; 101.205;
11 ; 7 ; 9 ; 0.356274 ; -0.00107878 ; 0.0125826 ; 101.348;
12 ; 7 ; 9 ; 0.353982 ; -0.00109508 ; 0.0101448 ; 101.186;
13 ; 7 ; 9 ; 0.364537 ; -0.00704368 ; -0.00984296 ; 101.492;
14 ; 7 ; 9 ; 0.361697 ; -0.00520648 ; -0.00540076 ; 101.959;
15 ; 7 ; 9 ; 0.36026 ; -0.0119761 ; -0.00860211 ; 101.243;
16 ; 7 ; 9 ; 0.365916 ; -0.00763969 ; -0.00385384 ; 101.244;
17 ; 7 ; 9 ; 0.35187 ; 0.00585052 ; -0.00788153 ; 101.168;
18 ; 7 ; 9 ; 0.357273 ; 0.0120142 ; 0.00171172 ; 101.368;
19 ; 7 ; 9 ; 0.365214 ; -0.000202187 ; -0.00618558 ; 101.697;
20 ; 7 ; 9 ; 0.358254 ; 0.0014762 ; -0.0156466 ; 101.387;
21 ; 7 ; 9 ; 0.364756 ; -0.00693287 ; 0.00201436 ; 101.73;
4 ; 8 ; 9 ; 0.358466 ; 0.00122723 ; 0.0126375 ; 101.161;
5 ; 8 ; 9 ; 0.361306 ; -0.0039868 ; -0.011534 ; 101.102;
6 ; 8 ; 9 ; 0.36118 ; -0.00607632 ; 0.00593093 ; 101.894;
7 ; 8 ; 9 ; 0.35251 ; -0.011484 ; 0.00660498 ; 101.278;
8 ; 8 ; 9 ; 0.359003 ; 0.00343628 ; 0.00996009 ; 101.673;
9 ; 8 ; 9 ; 0.350009 ; -0.0036394 ; 0.00512024 ; 101.37;
10 ; 8 ; 9 ; 0.35416 ; 8.07093e-05 ; -0.00656046 ; 101.516;
11 ; 8 ; 9 ; 0.3625 ; 0.00682842 ; -0.00854365 ; 101.509;
12 ; 8 ; 9 ; 0.347548 ; -0.00290599 ; 0.00804057 ; 101.918;
13 ; 8 ; 9 ; 0.365002 ; 0.00592858 ; 0.00775464 ; 101.704;
14 ; 8 ; 9 ; 0.364922 ; 0.000408351 ; -0.00633799 ; 101.512;
15 ; 8 ; 9 ; 0.356343 ; 0.00919285 ; 0.00743456 ; 101.911;
16 ; 8 ; 9 ; 0.361914 ; 0.00176332 ; 0.0184447 ; 101.448;
17 ; 8 ; 9 ; 0.353832 ; 0.00109818 ; 0.00505133 ; 101.541;
18 ; 8 ; 9 ; 0.363995 ; -0.00250374 ; -0.00826325 ; 101.361;
19 ; 8 ; 9 ; 0.367351 ; 0.00385676 ; -0.0102387 ; 101.655;
20 ; 8 ; 9 ; 0.367487 ; 0.00361679 ; 0.00178158 ; 101.559;
21 ; 8 ; 9 ; 0.36923 ; 0.00283801 ; -0.00712837 ; 101.529;
4 ; 9 ; 9 ; 0.356281 ; -0.0054824 ; 0.00459433 ; 101.589;
5 ; 9 ; 9 ; 0.360167 ; -0.00845426 ; 0.00266145 ; 100.992;
6 ; 9 ; 9 ; 0.360162 ; 0.00776846 ; 0.000361984 ; 101.18;
7 ; 9 ; 9 ; 0.36557 ; -0.00584478 ; -0.0088287 ; 101.236;
8 ; 9 ; 9 ; 0.351273 ; -0.00973617 ; 0.00261889 ; 101.142;
9 ; 9 ; 9 ; 0.357046 ; 0.00191875 ; 0.00462412 ; 101.226;
10 ; 9 ; 9 ; 0.358366 ; 0.00623065 ; 0.00188767 ; 101.646;
11 ; 9 ; 9 ; 0.356168 ; 0.0071124 ; -0.00014886 ; 101.39;
12 ; 9 ; 9 ; 0.365978 ; 0.0120541 ; 0.00153992 ; 101.309;
13 ; 9 ; 9 ; 0.358719 ; -0.0118119 ; -0.00124859 ; 100.923;
14 ; 9 ; 9 ; 0.353044 ; -0.00149954 ; 0.00384545 ; 101.444;
15 ; 9 ; 9 ; 0.354375 ; 0.00135506 ; 0.00354789 ; 101.395;
16 ; 9 ; 9 ; 0.368413 ; 0.00130975 ; -0.00504726 ; 102.041;
17 ; 9 ; 9 ; 0.371854 ; 0.00323692 ; 0.00595175 ; 101.494;
18 ; 9 ; 9 ; 0.377615 ; -0.00631029 ; -0.00997896 ; 101.44;
19 ; 9 ; 9 ; 0.367906 ; -0.00506928 ; -0.0108826 ; 101.583;
20 ; 9 ; 9 ; 0.370558 ; -0.00638764 ; -0.00695634 ; 101.294;
21 ; 9 ; 9 ; 0.364608 ; 0.0150631 ; 0.00269257 ; 101.701;
4 ; 10 ; 9 ; 0.349454 ; 0.0109639 ; 0.00864426 ; 101.709;
5 ; 10 ; 9 ; 0.361044 ; -0.00383887 ; 0.0137912 ; 101.55;
6 ; 10 ; 9 ; 0.373002 ; -0.000762865 ; 0.00965366 ; 101.716;
7 ; 10 ; 9 ; 0.350925 ; -0.0108314 ; 0.00454557 ; 101.921;
8 ; 10 ; 9 ; 0.350469 ; -0.00129668 ; 0.0020691 ; 101.411;
9 ; 10 ; 9 ; 0.354976 ; -0.00435606 ; 0.00584779 ; 101.149;
10 ; 10 ; 9 ; 0.368902 ; -0.00840817 ; -0.0012917 ; 101.535;
11 ; 10 ; 9 ; 0.378676 ; 0.00877717 ; -0.0145342 ; 101.626;
12 ; 10 ; 9 ; 0.355564 ; -0.00209167 ; -0.00560225 ; 101.857;
13 ; 10 ; 9 ; 0.350465 ; -0.00904308 ; 0.000311881 ; 101.342;
14 ; 10 ; 9 ; 0.35916 ; 0.00100849 ; 0.0104581 ; 101.623;
15 ; 10 ; 9 ; 0.370895 ; -0.00134032 ; -0.00569246 ; 101.349;
16 ; 10 ; 9 ; 0.365181 ; -0.00551705 ; -0.0025445 ; 101.506;
17 ; 10 ; 9 ; 0.363802 ; 0.00496047 ; -0.00581508 ; 101.62;
18 ; 10 ; 9 ; 0.357022 ; 0.0071893 ; -0.00534413 ; 101.499;
19 ; 10 ; 9 ; 0.372778 ; -0.00825995 ; -0.0152582 ; 101.53;
20 ; 10 ; 9 ; 0.373795 ; -0.00169121 ; -0.0161334 ; 101.508;
21 ; 10 ; 9 ; 0.361672 ; 0.00644648 ; -0.00302625 ; 101.165;
4 ; 11 ; 9 ; 0.356188 ; 0.000481886 ; 0.00422795 ; 101.244;
5 ; 11 ; 9 ; 0.344298 ; 0.00421374 ; 0.00897504 ; 101.057;
6 ; 11 ; 9 ; 0.357658 ; 0.0041494 ; -0.00484191 ; 102.042;
7 ; 11 ; 9 ; 0.364168 ; -0.00605584 ; 0.0049896 ; 101.566;
8 ; 11 ; 9 ; 0.362062 ; -0.000425991 ; -0.00174012 ; 101.084;
9 ; 11 ; 9 ; 0.356683 ; 0.00163273 ; 0.0158288 ; 101.284;
10 ; 11 ; 9 ; 0.358792 ; 0.00204735 ; -0.00256732 ; 101.741;
11 ; 11 ; 9 ; 0.363671 ; -0.00410552 ; 0.00686936 ; 101.212;
12 ; 11 ; 9 ; 0.355492 ; 0.0159832 ; 0.00141886 ; 101.901;
13 ; 11 ; 9 ; 0.353408 ; -0.0128754 ; -0.000217628 ; 101.695;
14 ; 11 ; 9 ; 0.356931 ; -0.0089774 ; -0.000800068 ; 101.724;
15 ; 11 ; 9 ; 0.34981 ; -0.000141099 ; 0.001256 ; 101.77;
16 ; 11 ; 9 ; 0.369085 ; 0.00281323 ; -0.0118367 ; 101.509;
17 ; 11 ; 9 ; 0.364753 ; 0.00657012 ; -0.00383306 ; 100.813;
18 ; 11 ; 9 ; 0.360447 ; -0.00775997 ; -0.0109956 ; 101.775;
19 ; 11 ; 9 ; 0.362658 ; -0.00219785 ; -0.00930835 ; 100.948;
20 ; 11 ; 9 ; 0.380467 ; -0.000272032 ; -0.00559194 ; 101.087;
21 ; 11 ; 9 ; 0.362672 ; -0.000367457 ; -0.00204015 ; 101.39;
4 ; 12 ; 9 ; 0.354872 ; -0.000172684 ; 0.00102094 ; 101.667;
5 ; 12 ; 9 ; 0.353511 ; 0.00666685 ; 0.00269021 ; 101.419;
6 ; 12 ; 9 ; 0.360064 ; -0.00765357 ; -0.00438054 ; 101.317;
7 ; 12 ; 9 ; 0.36417 ; -0.00975438 ; 0.000513341 ; 101.448;
8 ; 12 ; 9 ; 0.361662 ; 0.0019231 ; 0.00570654 ; 101.483;
9 ; 12 ; 9 ; 0.349788 ; -0.00299684 ; 0.00460278 ; 101.746;
10 ; 12 ; 9 ; 0.342333 ; 0.00125045 ; -0.000789992 ; 101.471;
11 ; 12 ; 9 ; 0.361357 ; -0.00961465 ; 0.00465742 ; 101.598;
12 ; 12 ; 9 ; 0.366205 ; 0.0151084 ; 0.00256472 ; 101.163;
13 ; 12 ; 9 ; 0.359139 ; 0.00386197 ; 0.0063951 ; 101.565;
14 ; 12 ; 9 ; 0.361478 ; 0.00167219 ; 0.00533 ; 101.384;
15 ; 12 ; 9 ; 0.360262 ; -0.00473767 ; -0.00101824 ; 101.589;
16 ; 12 ; 9 ; 0.367732 ; 0.00574233 ; 0.00354902 ; 101.306;
17 ; 12 ; 9 ; 0.381147 ; 0.00173303 ; -0.00121556 ; 102.229;
18 ; 12 ; 9 ; 0.370052 ; -0.0145926 ; -0.000159676 ; 101.407;
19 ; 12 ; 9 ; 0.366826 ; -0.00965228 ; -0.0176212 ; 101.757;
20 ; 12 ; 9 ; 0.351822 ; 0.0110552 ; -0.00255147 ; 101.446;
21 ; 12 ; 9 ; 0.347502 ; 0.00339746 ; -0.00595216 ; 101.381;
4 ; 13 ; 9 ; 0.346427 ; 0.00964093 ; -0.00647588 ; 101.365;
5 ; 13 ; 9 ; 0.345294 ; -0.00846414 ; 0.00460233 ; 101.307;
6 ; 13 ; 9 ; 0.357453 ; 0.00702159 ; -0.0131522 ; 101.297;
7 ; 13 ; 9 ; 0.354048 ; -0.00456404 ; -0.00017589 ; 101.922;
8 ; 13 ; 9 ; 0.356482 ; -0.00800882 ; -0.00286495 ; 101.5;
9 ; 13 ; 9 ; 0.354969 ; -0.0079964 ; 0.0225294 ; 101.642;
10 ; 13 ; 9 ; 0.35958 ; 0.00913405 ; 0.0253264 ; 101.427;
11 ; 13 ; 9 ; 0.360522 ; -0.000889086 ; -0.00567511 ; 101.596;
12 ; 13 ; 9 ; 0.361821 ; -0.00262084 ; -0.00745543 ; 101.177;
13 ; 13 ; 9 ; 0.369706 ; -0.00663763 ; 0.00176223 ; 101.576;
14 ; 13 ; 9 ; 0.342094 ; -0.00634174 ; 0.00767735 ; 101.438;
15 ; 13 ; 9 ; 0.367374 ; 0.00402226 ; -0.000224291 ; 101.456;
16 ; 13 ; 9 ; 0.362389 ; 0.00281992 ; -0.00640631 ; 101.431;
17 ; 13 ; 9 ; 0.356491 ; -0.00453791 ; -0.000996257 ; 101.497;
18 ; 13 ; 9 ; 0.36271 ; -0.00253897 ; -0.00868142 ; 101.519;
19 ; 13 ; 9 ; 0.356877 ; 0.0122072 ; -0.00620726 ; 101.66;
20 ; 13 ; 9 ; 0.352685 ; -0.00301221 ; 0.00541116 ; 101.302;
21 ; 13 ; 9 ; 0.371161 ; -0.00717913 ; -0.00780168 ; 101.1;
4 ; 14 ; 9 ; 0.377693 ; -0.00648697 ; -0.0156332 ; 101.379;
5 ; 14 ; 9 ; 0.353138 ; 0.00428212 ; 0.00237094 ; 101.374;
6 ; 14 ; 9 ; 0.367963 ; -0.00267879 ; -0.000966944 ; 101.469;
7 ; 14 ; 9 ; 0.35248 ; 0.00357671 ; 0.00516005 ; 101.775;
8 ; 14 ; 9 ; 0.357883 ; -0.000124322 ; 0.0102177 ; 101.173;
9 ; 14 ; 9 ; 0.36156 ; -0.00568763 ; 0.0169875 ; 101.265;
10 ; 14 ; 9 ; 0.372929 ; 0.0027811 ; 0.0104494 ; 101.685;
11 ; 14 ; 9 ; 0.360416 ; -0.00818957 ; 0.000150012 ; 101.55;
12 ; 14 ; 9 ; 0.359156 ; -0.00861734 ; -0.00366351 ; 101.318;
13 ; 14 ; 9 ; 0.342492 ; -0.00268353 ; -0.000771457 ; 101.262;
14 ; 14 ; 9 ; 0.356477 ; -0.00222166 ; 0.00362058 ; 101.772;
15 ; 14 ; 9 ; 0.370748 ; 0.00223552 ; -0.00334941 ; 101.062;
16 ; 14 ; 9 ; 0.370595 ; 0.0044597 ; -0.0192948 ; 101.129;
17 ; 14 ; 9 ; 0.368218 ; -0.0155159 ; -0.00259024 ; 101.594;
18 ; 14 ; 9 ; 0.369782 ; 0.013082 ; 0.0118243 ; 101.773;
19 ; 14 ; 9 ; 0.353466 ; 0.000256156 ; -0.0126196 ; 101.343;
20 ; 14 ; 9 ; 0.362423 ; 0.00412786 ; -0.000643299 ; 101.568;
21 ; 14 ; 9 ; 0.359562 ; 0.0145995 ; 0.000722822 ; 101.805;
4 ; 15 ; 9 ; 0.36345 ; -0.0080884 ; -0.0137211 ; 101.421;
5 ; 15 ; 9 ; 0.35188 ; -0.0074861 ; 0.00515448 ; 101.436;
6 ; 15 ; 9 ; 0.363073 ; 0.00198664 ; -0.000791776 ; 101.515;
7 ; 15 ; 9 ; 0.363762 ; 0.00143135 ; 0.0117147 ; 101.176;
8 ; 15 ; 9 ; 0.370606 ; 0.00243778 ; 0.011294 ; 101.395;
9 ; 15 ; 9 ; 0.371452 ; 0.00332442 ; 0.00467128 ; 101.301;
10 ; 15 ; 9 ; 0.34935 ; 0.00411785 ; 0.0123995 ; 101.765;
11 ; 15 ; 9 ; 0.361625 ; -0.00277131 ; 0.0106313 ; 101.866;
12 ; 15 ; 9 ; 0.362915 ; -0.0113007 ; -0.00661887 ; 102.207;
13 ; 15 ; 9 ; 0.365927 ; -2.9765e-06 ; -0.00828699 ; 101.241;
14 ; 15 ; 9 ; 0.358885 ; 0.000766383 ; 0.00543428 ; 101.259;
15 ; 15 ; 9 ; 0.356729 ; 0.00561772 ; 0.00152001 ; 101.376;
16 ; 15 ; 9 ; 0.364235 ; -0.00721639 ; -0.00335585 ; 101.683;
17 ; 15 ; 9 ; 0.350549 ; 0.00938283 ; -0.0155074 ; 101.461;
18 ; 15 ; 9 ; 0.354548 ; 0.0123291 ; -0.00396582 ; 101.522;
19 ; 15 ; 9 ; 0.363796 ; -0.00133584 ; -0.00678028 ; 101.917;
20 ; 15 ; 9 ; 0.362637 ; 0.00555032 ; 0.00290459 ; 101.423;
21 ; 15 ; 9 ; 0.352917 ; 0.00328961 ; -0.0173059 ; 101.456;
4 ; 16 ; 9 ; 0.369192 ; 0.00660587 ; 0.00478904 ; 101.733;
5 ; 16 ; 9 ; 0.366138 ; 0.000657932 ; 0.00401672 ; 101.864;
6 ; 16 ; 9 ; 0.353717 ; -0.00148866 ; -0.00686924 ; 101.71;
7 ; 16 ; 9 ; 0.36085 ; 0.00254972 ; 0.00914586 ; 101.711;
8 ; 16 ; 9 ; 0.362259 ; -0.019153 ; 0.012151 ; 101.295;
9 ; 16 ; 9 ; 0.372297 ; -0.00481955 ; 0.00554031 ; 101.685;
10 ; 16 ; 9 ; 0.363756 ; 0.00611098 ; 0.00679375 ; 101.378;
11 ; 16 ; 9 ; 0.343956 ; -0.012607 ; 0.00226431 ; 101.359;
12 ; 16 ; 9 ; 0.373483 ; -0.00876345 ; 0.000951421 ; 102.166;
13 ; 16 ; 9 ; 0.356902 ; -0.00764249 ; 0.00195328 ; 101.243;
14 ; 16 ; 9 ; 0.35602 ; -0.00206988 ; -0.003503 ; 101.551;
15 ; 16 ; 9 ; 0.372296 ; -0.00412598 ; 0.000734167 ; 101.447;
16 ; 16 ; 9 ; 0.358854 ; -0.00323029 ; -0.00577193 ; 101.264;
17 ; 16 ; 9 ; 0.368961 ; -0.00466806 ; -0.0165922 ; 101.403;
18 ; 16 ; 9 ; 0.369558 ; -0.000802229 ; -0.00240559 ; 101.091;
19 ; 16 ; 9 ; 0.366733 ; -0.00461194 ; 0.00520111 ; 101.75;
20 ; 16 ; 9 ; 0.358565 ; 0.00315083 ; -0.000132842 ; 101.724;
21 ; 16 ; 9 ; 0.355803 ; -0.00202744 ; -0.00825235 ; 101.443;
4 ; 17 ; 9 ; 0.355889 ; -0.0060269 ; 0.00399844 ; 101.701;
5 ; 17 ; 9 ; 0.358983 ; 0.00341411 ; 0.0121959 ; 101.285;
6 ; 17 ; 9 ; 0.342199 ; -0.00115135 ; 0.0134084 ; 101.995;
7 ; 17 ; 9 ; 0.358272 ; 0.00667294 ; 0.0139117 ; 101.422;
8 ; 17 ; 9 ; 0.356894 ; 0.00326131 ; 0.00709896 ; 101.698;
9 ; 17 ; 9 ; 0.357674 ; 0.00284375 ; 0.00603261 ; 101.623;
10 ; 17 ; 9 ; 0.368311 ; 0.000549077 ; 0.0059898 ; 101.483;
11 ; 17 ; 9 ; 0.358508 ; -0.00467855 ; 0.0129254 ; 101.374;
12 ; 17 ; 9 ; 0.359307 ; -0.0117993 ; 0.00357842 ; 101.68;
13 ; 17 ; 9 ; 0.356767 ; 0.00188914 ; -0.00267022 ; 101.472;
14 ; 17 ; 9 ; 0.361724 ; -0.00794989 ; -0.000891844 ; 101.375;
15 ; 17 ; 9 ; 0.361591 ; -0.0149492 ; -0.0155368 ; 101.644;
16 ; 17 ; 9 ; 0.353341 ; 0.00939772 ; 0.0016813 ; 101.498;
17 ; 17 ; 9 ; 0.346309 ; -0.0161252 ; -0.00401787 ; 100.955;
18 ; 17 ; 9 ; 0.351554 ; 0.0154884 ; -0.0121572 ; 101.028;
19 ; 17 ; 9 ; 0.361578 ; 0.0141301 ; 0.00367351 ; 101.268;
20 ; 17 ; 9 ; 0.356393 ; 0.00344862 ; -0.00777886 ; 101.533;
21 ; 17 ; 9 ; 0.362091 ; 0.00779993 ; -0.00429454 ; 101.044;
4 ; 18 ; 9 ; 0.3552 ; 0.00424845 ; 0.00712873 ; 101.517;
5 ; 18 ; 9 ; 0.358355 ; 0.00974698 ; 0.00327377 ; 101.444;
6 ; 18 ; 9 ; 0.364217 ; 0.00997955 ; 0.0139473 ; 101.35;
7 ; 18 ; 9 ; 0.349917 ; 0.00159104 ; 0.00714109 ; 101.298;
8 ; 18 ; 9 ; 0.362148 ; -0.00550421 ; -0.00305288 ; 100.927;
9 ; 18 ; 9 ; 0.35373 ; -0.00324417 ; 0.00105269 ; 101.406;
10 ; 18 ; 9 ; 0.35986 ; -0.0077632 ; 0.00484111 ; 101.798;
11 ; 18 ; 9 ; 0.355696 ; -0.00606202 ; 0.00655775 ; 101.465;
12 ; 18 ; 9 ; 0.370061 ; 0.00730746 ; 0.00914323 ; 101.188;
13 ; 18 ; 9 ; 0.365754 ; -4.722e-05 ; -0.0140599 ; 101.384;
14 ; 18 ; 9 ; 0.36433 ; -0.00142819 ; -0.00818736 ; 101.526;
15 ; 18 ; 9 ; 0.354559 ; -0.00316142 ; 0.00114954 ; 101.401;
16 ; 18 ; 9 ; 0.35346 ; -0.0118798 ; 0.00909083 ; 101.523;
17 ; 18 ; 9 ; 0.355462 ; 0.0106479 ; 0.00288051 ; 101.567;
18 ; 18 ; 9 ; 0.366904 ; 0.000338674 ; -0.00841596 ; 101.829;
19 ; 18 ; 9 ; 0.353738 ; 0.00718629 ; -0.0218706 ; 101.361;
20 ; 18 ; 9 ; 0.344906 ; 0.00363088 ; -0.00605582 ; 101.696;
21 ; 18 ; 9 ; 0.371566 ; 0.00344576 ; -0.00318429 ; 101.673;
4 ; 19 ; 9 ; 0.350036 ; 0.00233394 ; -0.0164023 ; 101.97;
5 ; 19 ; 9 ; 0.351897 ; 0.00259484 ; -0.0103718 ; 101.409;
6 ; 19 ; 9 ; 0.3693 ; 0.00759037 ; 0.000802021 ; 101.525;
7 ; 19 ; 9 ; 0.362705 ; 0.00796213 ; 0.00217951 ; 101.905;
8 ; 19 ; 9 ; 0.360136 ; -0.00985669 ; 0.00637797 ; 101.386;
9 ; 19 ; 9 ; 0.363167 ; -0.0104428 ; -0.00474118 ; 101.423;
10 ; 19 ; 9 ; 0.360797 ; -0.00145438 ; -0.00392678 ; 101.19;
11 ; 19 ; 9 ; 0.367964 ; -0.00224823 ; -0.000108655 ; 101.726;
12 ; 19 ; 9 ; 0.34985 ; -0.00184782 ; 0.0187353 ; 101.677;
13 ; 19 ; 9 ; 0.358188 ; -0.0054103 ; 0.0150496 ; 101.305;
14 ; 19 ; 9 ; 0.363683 ; -0.00973114 ; -0.00104479 ; 101.613;
15 ; 19 ; 9 ; 0.354088 ; 0.00300666 ; -0.0046965 ; 101.717;
16 ; 19 ; 9 ; 0.364935 ; -0.00433921 ; -0.0061702 ; 100.782;
17 ; 19 ; 9 ; 0.349458 ; -0.00572629 ; -0.0116236 ; 101.302;
18 ; 19 ; 9 ; 0.349521 ; -0.00593261 ; -0.00639623 ; 101.426;
19 ; 19 ; 9 ; 0.364743 ; 0.00386596 ; -0.000272614 ; 101.495;
20 ; 19 ; 9 ; 0.363208 ; 0.00464108 ; -0.0123329 ; 101.095;
21 ; 19 ; 9 ; 0.351312 ; 0.00434697 ; -0.00285377 ; 101.528;
4 ; 20 ; 9 ; 0.360475 ; -0.00229249 ; 0.00533332 ; 101.422;
5 ; 20 ; 9 ; 0.365643 ; -0.00537826 ; 0.00361328 ; 101.317;
6 ; 20 ; 9 ; 0.367045 ; 0.00522637 ; 0.00336428 ; 101.301;
7 ; 20 ; 9 ; 0.360183 ; -0.0103191 ; -0.00472512 ; 101.421;
8 ; 20 ; 9 ; 0.358358 ; -0.0127079 ; 7.57142e-05 ; 101.106;
9 ; 20 ; 9 ; 0.367835 ; 0.00348342 ; 0.0187692 ; 101.938;
10 ; 20 ; 9 ; 0.362053 ; 0.0133629 ; 0.00778911 ; 101.618;
11 ; 20 ; 9 ; 0.358527 ; 0.00763973 ; -0.0117436 ; 101.613;
12 ; 20 ; 9 ; 0.352788 ; 0.00220405 ; -0.00290513 ; 101.471;
13 ; 20 ; 9 ; 0.367025 ; -0.00322143 ; -0.00317437 ; 101.541;
14 ; 20 ; 9 ; 0.367401 ; 0.00119051 ; 0.00759379 ; 101.609;
15 ; 20 ; 9 ; 0.360037 ; -0.00345389 ; -0.0126358 ; 101.417;
16 ; 20 ; 9 ; 0.367842 ; 0.00391267 ; -0.00256669 ; 101.633;
17 ; 20 ; 9 ; 0.359867 ; -0.00236983 ; -0.00721606 ; 101.436;
18 ; 20 ; 9 ; 0.360991 ; 0.00228174 ; -0.00728342 ; 101.826;
19 ; 20 ; 9 ; 0.357822 ; 0.00328955 ; 0.00057738 ; 101.717;
20 ; 20 ; 9 ; 0.366242 ; 0.00537088 ; -0.0105519 ; 101.539;
21 ; 20 ; 9 ; 0.363411 ; 0.0107717 ; -0.00514746 ; 101.32;
4 ; 21 ; 9 ; 0.369411 ; -0.000262363 ; 0.0113552 ; 101.95;
5 ; 21 ; 9 ; 0.358468 ; 0.0123374 ; -0.0138161 ; 101.954;
6 ; 21 ; 9 ; 0.368367 ; -0.00095685 ; -0.00232188 ; 101.556;
7 ; 21 ; 9 ; 0.358002 ; -0.0125246 ; -0.0142155 ; 101.37;
8 ; 21 ; 9 ; 0.352033 ; -0.0104147 ; 0.000583356 ; 101.459;
9 ; 21 ; 9 ; 0.370389 ; -0.00146775 ; -0.0215769 ; 101.493;
10 ; 21 ; 9 ; 0.372247 ; 0.00321325 ; 0.00247675 ; 101.199;
11 ; 21 ; 9 ; 0.361932 ; 0.00250686 ; 0.000984453 ; 101.84;
12 ; 21 ; 9 ; 0.358855 ; -0.0136966 ; -0.00477647 ; 101.038;
13 ; 21 ; 9 ; 0.355823 ; -0.0118154 ; 0.000832269 ; 101.714;
14 ; 21 ; 9 ; 0.367137 ; 0.0068259 ; 0.00355058 ; 101.418;
15 ; 21 ; 9 ; 0.358105 ; 0.00416635 ; 0.00118307 ; 101.912;
16 ; 21 ; 9 ; 0.364511 ; -0.00130054 ; -0.00816532 ; 101.607;
17 ; 21 ; 9 ; 0.367058 ; -0.00252387 ; -0.00314514 ; 102.045;
18 ; 21 ; 9 ; 0.357675 ; -0.00332434 ; 0.00301304 ; 101.265;
19 ; 21 ; 9 ; 0.367412 ; 0.00370507 ; 0.00329025 ; 101.477;
20 ; 21 ; 9 ; 0.364336 ; -0.00828621 ; -0.00559641 ; 101.439;
21 ; 21 ; 9 ; 0.370812 ; 0.0179485 ; -0.00851365 ; 101.492;
4 ; 4 ; 10 ; 0.293392 ; -0.00300819 ; 0.0153317 ; 101.565;
5 ; 4 ; 10 ; 0.277203 ; -0.00998526 ; 1.67566e-05 ; 101.207;
6 ; 4 ; 10 ; 0.294475 ; 0.00773943 ; 0.0104927 ; 101.261;
7 ; 4 ; 10 ; 0.279485 ; 0.0119046 ; 0.00779336 ; 101.694;
8 ; 4 ; 10 ; 0.289324 ; 0.0105139 ; 0.00142797 ; 101.287;
9 ; 4 ; 10 ; 0.282465 ; 0.000309272 ; 0.00536698 ; 101.118;
10 ; 4 ; 10 ; 0.300992 ; 0.00498982 ; -0.00132819 ; 100.995;
11 ; 4 ; 10 ; 0.302466 ; -0.00355628 ; 0.0142029 ; 101.511;
12 ; 4 ; 10 ; 0.299693 ; -4.42874e-05 ; 0.00903588 ; 101.043;
13 ; 4 ; 10 ; 0.297112 ; 0.00290496 ; -0.00815203 ; 101.706;
14 ; 4 ; 10 ; 0.287534 ; -0.00599852 ; 0.000297324 ; 101.183;
15 ; 4 ; 10 ; 0.287429 ; 0.0144581 ; -0.00776691 ; 101.381;
16 ; 4 ; 10 ; 0.288541 ; 0.0102464 ; 0.00888282 ; 101.392;
17 ; 4 ; 10 ; 0.296946 ; 0.00673338 ; -0.00145563 ; 101.224;
18 ; 4 ; 10 ; 0.298486 ; 0.00467261 ; 0.00832398 ; 101.663;
19 ; 4 ; 10 ; 0.292621 ; 0.00514951 ; -0.00779806 ; 101.47;
20 ; 4 ; 10 ; 0.297401 ; -0.00271136 ; -0.00352264 ; 101.871;
21 ; 4 ; 10 ; 0.301529 ; -0.00844875 ; -0.00695931 ; 101.485;
4 ; 5 ; 10 ; 0.287447 ; 0.00988062 ; -0.00993507 ; 101.585;
5 ; 5 ; 10 ; 0.285879 ; -0.00429024 ; -0.0137128 ; 101.312;
6 ; 5 ; 10 ; 0.286212 ; 0.0174524 ; 0.0115894 ; 102.053;
7 ; 5 ; 10 ; 0.297561 ; -0.00850122 ; -0.00452005 ; 101.296;
8 ; 5 ; 10 ; 0.289172 ; 0.0086112 ; 0.00845289 ; 101.66;
9 ; 5 ; 10 ; 0.304069 ; 0.00984983 ; 0.00138393 ; 101.274;
10 ; 5 ; 10 ; 0.301617 ; 0.00104757 ; -0.00349052 ; 101.339;
11 ; 5 ; 10 ; 0.288961 ; 0.0135956 ; 0.00289813 ; 101.343;
12 ; 5 ; 10 ; 0.287196 ; -0.00243916 ; 0.00825026 ; 101.422;
13 ; 5 ; 10 ; 0.292869 ; 0.0012876 ; 0.00113355 ; 101.649;
14 ; 5 ; 10 ; 0.286201 ; 0.00280539 ; 0.00493369 ; 101.271;
15 ; 5 ; 10 ; 0.295555 ; -0.0140226 ; 0.0090671 ; 101.524;
16 ; 5 ; 10 ; 0.301924 ; 0.00504646 ; -0.00128526 ; 101.275;
17 ; 5 ; 10 ; 0.301282 ; 0.00264509 ; -0.0155348 ; 101.386;
18 ; 5 ; 10 ; 0.287405 ; -0.00141754 ; 0.00154266 ; 101.72;
19 ; 5 ; 10 ; 0.287608 ; 0.00319432 ; 0.00394137 ; 101.322;
20 ; 5 ; 10 ; 0.291291 ; -0.00626009 ; -0.00357431 ; 101.609;
21 ; 5 ; 10 ; 0.280015 ; -0.00751085 ; 0.00139126 ; 101.331;
4 ; 6 ; 10 ; 0.278902 ; -0.00687557 ; 0.00107737 ; 101.497;
5 ; 6 ; 10 ; 0.274526 ; -0.00127929 ; 0.00714361 ; 101.651;
6 ; 6 ; 10 ; 0.282356 ; 0.00594984 ; 0.0115022 ; 101.57;
7 ; 6 ; 10 ; 0.282244 ; 0.00228082 ; 0.00155807 ; 101.231;
8 ; 6 ; 10 ; 0.287397 ; -0.000955219 ; 0.00239691 ; 101.723;
9 ; 6 ; 10 ; 0.294701 ; 0.00119598 ; 0.0129317 ; 101.303;
10 ; 6 ; 10 ; 0.28585 ; -0.00289764 ; -0.00828929 ; 101.597;
11 ; 6 ; 10 ; 0.297872 ; -0.0021245 ; -0.00332155 ; 101.696;
12 ; 6 ; 10 ; 0.288681 ; -0.00775989 ; -0.00217005 ; 101.624;
13 ; 6 ; 10 ; 0.29844 ; -0.00612545 ; -0.0192046 ; 101.181;
14 ; 6 ; 10 ; 0.297986 ; 0.0113741 ; -0.0142963 ; 101.222;
15 ; 6 ; 10 ; 0.294756 ; -0.00983899 ; 0.000286724 ; 101.417;
16 ; 6 ; 10 ; 0.285988 ; 0.00457913 ; -0.0071739 ; 101.588;
17 ; 6 ; 10 ; 0.290471 ; 0.00978397 ; -0.00132029 ; 101.115;
18 ; 6 ; 10 ; 0.285817 ; -0.00391977 ; 0.00446435 ; 102.014;
19 ; 6 ; 10 ; 0.291877 ; 0.00323378 ; -0.0139108 ; 101.523;
20 ; 6 ; 10 ; 0.299834 ; -0.00556786 ; -0.000174617 ; 100.999;
21 ; 6 ; 10 ; 0.28886 ; -0.00545065 ; -0.00303685 ; 101.141;
4 ; 7 ; 10 ; 0.284759 ; -0.0139747 ; -0.00652083 ; 101.589;
5 ; 7 ; 10 ; 0.293562 ; -0.0131869 ; 0.0049712 ; 101.272;
6 ; 7 ; 10 ; 0.278312 ; 0.00294128 ; -0.00721826 ; 101.692;
7 ; 7 ; 10 ; 0.289754 ; 0.0107542 ; 0.00502462 ; 101.655;
8 ; 7 ; 10 ; 0.293807 ; -0.00398886 ; 0.0171108 ; 101.552;
9 ; 7 ; 10 ; 0.281554 ; 0.0158978 ; 0.00903158 ; 101.718;
10 ; 7 ; 10 ; 0.275764 ; 0.0118959 ; -0.00167473 ; 101.695;
11 ; 7 ; 10 ; 0.286906 ; 0.000860249 ; 0.00672398 ; 101.138;
12 ; 7 ; 10 ; 0.287269 ; -0.00384536 ; 0.00836465 ; 101.514;
13 ; 7 ; 10 ; 0.294534 ; 0.00406743 ; 0.00344228 ; 101.183;
14 ; 7 ; 10 ; 0.28697 ; -0.00330877 ; 0.00894398 ; 101.461;
15 ; 7 ; 10 ; 0.295197 ; -0.00155755 ; 0.0050527 ; 101.73;
16 ; 7 ; 10 ; 0.298703 ; 0.00356361 ; 0.0148771 ; 101.419;
17 ; 7 ; 10 ; 0.296535 ; -0.00956639 ; -0.00956962 ; 101.525;
18 ; 7 ; 10 ; 0.299589 ; -0.00878844 ; -0.0132799 ; 101.171;
19 ; 7 ; 10 ; 0.290842 ; -0.00449053 ; -0.0047106 ; 101.495;
20 ; 7 ; 10 ; 0.289336 ; -0.010583 ; -0.0103469 ; 101.737;
21 ; 7 ; 10 ; 0.280397 ; -0.000134138 ; 0.000301061 ; 101.679;
4 ; 8 ; 10 ; 0.280592 ; -0.00887912 ; -0.000741218 ; 101.877;
5 ; 8 ; 10 ; 0.271311 ; 0.0110166 ; -0.0100797 ; 101.636;
6 ; 8 ; 10 ; 0.291953 ; -0.00331634 ; -0.00112048 ; 101.678;
7 ; 8 ; 10 ; 0.2923 ; -0.00214439 ; 0.0078293 ; 101.219;
8 ; 8 ; 10 ; 0.300758 ; -0.00349588 ; 0.00824217 ; 101.445;
9 ; 8 ; 10 ; 0.2899 ; 0.0108188 ; 0.0075256 ; 101.079;
10 ; 8 ; 10 ; 0.291203 ; -0.000286098 ; 0.00884656 ; 101.525;
11 ; 8 ; 10 ; 0.303232 ; 0.00260176 ; -0.00102977 ; 101.181;
12 ; 8 ; 10 ; 0.29982 ; -0.00304277 ; -0.00279768 ; 101.516;
13 ; 8 ; 10 ; 0.284345 ; -0.00115154 ; -0.000809846 ; 101.721;
14 ; 8 ; 10 ; 0.291494 ; -0.00133339 ; -0.00681052 ; 102.064;
15 ; 8 ; 10 ; 0.308264 ; 0.00613628 ; 0.00265602 ; 101.444;
16 ; 8 ; 10 ; 0.280236 ; 0.00323702 ; 0.00337235 ; 101.524;
17 ; 8 ; 10 ; 0.304538 ; -0.00514515 ; 0.00152902 ; 101.207;
18 ; 8 ; 10 ; 0.306577 ; -0.00965771 ; -0.00674311 ; 101.874;
19 ; 8 ; 10 ; 0.305549 ; 0.00428984 ; -0.0026225 ; 101.06;
20 ; 8 ; 10 ; 0.292806 ; 0.000627802 ; -0.00242331 ; 101.337;
21 ; 8 ; 10 ; 0.301657 ; -0.00485915 ; -0.000507975 ; 101.671;
4 ; 9 ; 10 ; 0.288607 ; -0.00120222 ; 0.00987605 ; 101.504;
5 ; 9 ; 10 ; 0.290507 ; 0.019459 ; -0.00403129 ; 101.902;
6 ; 9 ; 10 ; 0.283288 ; 0.00996022 ; 0.0194485 ; 101.453;
7 ; 9 ; 10 ; 0.292509 ; -0.0104998 ; -0.0029171 ; 101.653;
8 ; 9 ; 10 ; 0.295346 ; 0.00920477 ; 0.00431906 ; 101.707;
9 ; 9 ; 10 ; 0.28701 ; 0.0149424 ; 0.0142516 ; 101.549;
10 ; 9 ; 10 ; 0.295329 ; -0.00289725 ; -0.00503481 ; 101.405;
11 ; 9 ; 10 ; 0.292867 ; 0.00316811 ; -0.00137085 ; 101.353;
12 ; 9 ; 10 ; 0.28539 ; -0.00159288 ; -0.00340739 ; 101.111;
13 ; 9 ; 10 ; 0.291681 ; -0.0140171 ; 0.00453584 ; 101.606;
14 ; 9 ; 10 ; 0.297117 ; -0.00444547 ; 0.0073406 ; 101.279;
15 ; 9 ; 10 ; 0.292273 ; 0.000743368 ; -0.00239579 ; 101.459;
16 ; 9 ; 10 ; 0.292942 ; -0.0064871 ; -0.0133593 ; 101.764;
17 ; 9 ; 10 ; 0.295663 ; 0.00196617 ; 0.00112589 ; 101.583;
18 ; 9 ; 10 ; 0.281873 ; -0.014656 ; -0.00626431 ; 101.639;
19 ; 9 ; 10 ; 0.306203 ; -0.00120539 ; -0.0103493 ; 101.67;
20 ; 9 ; 10 ; 0.286395 ; -0.00373863 ; -0.00113643 ; 101.549;
21 ; 9 ; 10 ; 0.294723 ; -0.00941031 ; -0.00279884 ; 101.163;
4 ; 10 ; 10 ; 0.287839 ; -0.00300492 ; -0.00210076 ; 101.627;
5 ; 10 ; 10 ; 0.301032 ; -0.00225918 ; 0.0197873 ; 101.5;
6 ; 10 ; 10 ; 0.285456 ; -0.0137717 ; 0.00607606 ; 101.139;
7 ; 10 ; 10 ; 0.297029 ; -0.00116782 ; 0.0045526 ; 101.312;
8 ; 10 ; 10 ; 0.291913 ; -0.00409516 ; 0.00443859 ; 101.514;
9 ; 10 ; 10 ; 0.292403 ; 0.00976656 ; -0.003009 ; 101.644;
10 ; 10 ; 10 ; 0.302289 ; -0.00461123 ; 0.00858965 ; 101.549;
11 ; 10 ; 10 ; 0.284574 ; 0.000822143 ; -0.00858568 ; 101.594;
12 ; 10 ; 10 ; 0.286411 ; -0.00874837 ; -0.00612515 ; 101.577;
13 ; 10 ; 10 ; 0.287772 ; -0.00183834 ; -0.0101986 ; 101.302;
14 ; 10 ; 10 ; 0.292239 ; -0.00232729 ; 0.000421992 ; 102.081;
15 ; 10 ; 10 ; 0.292326 ; 0.00781183 ; 0.00658264 ; 101.465;
16 ; 10 ; 10 ; 0.297879 ; -0.0109531 ; -0.00494181 ; 101.532;
17 ; 10 ; 10 ; 0.296123 ; -0.01127 ; -0.00894472 ; 101.113;
18 ; 10 ; 10 ; 0.297394 ; 0.00329671 ; -0.00952045 ; 101.477;
19 ; 10 ; 10 ; 0.297906 ; -0.0022334 ; -0.0122341 ; 101.856;
20 ; 10 ; 10 ; 0.286935 ; -0.0136055 ; -0.0152896 ; 101.296;
21 ; 10 ; 10 ; 0.297581 ; 0.00243456 ; 0.00217909 ; 101.752;
4 ; 11 ; 10 ; 0.287844 ; -0.00630013 ; 0.00382725 ; 101.649;
5 ; 11 ; 10 ; 0.292575 ; 0.00654268 ; 0.0124082 ; 101.505;
6 ; 11 ; 10 ; 0.290127 ; -0.00128211 ; -0.00422824 ; 101.168;
7 ; 11 ; 10 ; 0.295129 ; -0.00326293 ; 0.00743328 ; 101.82;
8 ; 11 ; 10 ; 0.285841 ; 0.00258519 ; 0.0131163 ; 101.717;
9 ; 11 ; 10 ; 0.291825 ; -0.00464274 ; 0.0055594 ; 100.744;
10 ; 11 ; 10 ; 0.280634 ; 0.00168421 ; -0.0069126 ; 101.18;
11 ; 11 ; 10 ; 0.287652 ; -0.00120417 ; -4.67598e-05 ; 101.168;
12 ; 11 ; 10 ; 0.27842 ; -0.000992658 ; 0.00601408 ; 101.526;
13 ; 11 ; 10 ; 0.279253 ; 0.00418485 ; 0.00400076 ; 101.197;
14 ; 11 ; 10 ; 0.295606 ; 0.000380569 ; 0.00496514 ; 101.107;
15 ; 11 ; 10 ; 0.295071 ; 0.00365008 ; -3.04232e-05 ; 101.448;
16 ; 11 ; 10 ; 0.285478 ; -0.00128194 ; -0.0096393 ; 101.516;
17 ; 11 ; 10 ; 0.291382 ; 8.97153e-05 ; -0.0034521 ; 101.278;
18 ; 11 ; 10 ; 0.297277 ; 0.00389835 ; -0.00589907 ; 101.337;
19 ; 11 ; 10 ; 0.290482 ; 0.00910564 ; -0.0056987 ; 101.386;
20 ; 11 ; 10 ; 0.290885 ; 0.00545416 ; -0.00746014 ; 101.77;
21 ; 11 ; 10 ; 0.299636 ; 0.00814304 ; 0.00132797 ; 101.314;
4 ; 12 ; 10 ; 0.279043 ; 0.00144556 ; 0.0038714 ; 101.453;
5 ; 12 ; 10 ; 0.285799 ; 0.0115518 ; 0.00964559 ; 101.815;
6 ; 12 ; 10 ; 0.285947 ; 0.00668764 ; -0.00257045 ; 101.519;
7 ; 12 ; 10 ; 0.28069 ; -0.000415272 ; 0.00404157 ; 101.646;
8 ; 12 ; 10 ; 0.297045 ; 0.00820135 ; 0.011983 ; 101.322;
9 ; 12 ; 10 ; 0.293882 ; -0.0109286 ; 0.0151074 ; 101.269;
10 ; 12 ; 10 ; 0.285575 ; -0.0118881 ; 0.00690905 ; 101.318;
11 ; 12 ; 10 ; 0.290747 ; -0.0101454 ; -0.00143498 ; 101.576;
12 ; 12 ; 10 ; 0.29564 ; -0.00362211 ; -0.00165234 ; 101.447;
13 ; 12 ; 10 ; 0.281751 ; 0.00340248 ; -0.00292836 ; 101.522;
14 ; 12 ; 10 ; 0.297747 ; -0.00976492 ; 0.00527231 ; 101.575;
15 ; 12 ; 10 ; 0.290192 ; -0.00976702 ; -0.00374018 ; 101.757;
16 ; 12 ; 10 ; 0.279998 ; -0.00103519 ; -0.00526335 ; 101.326;
17 ; 12 ; 10 ; 0.271447 ; -0.000467359 ; -0.0139563 ; 101.252;
18 ; 12 ; 10 ; 0.29153 ; -0.0110588 ; -0.00655414 ; 101.157;
19 ; 12 ; 10 ; 0.293796 ; 0.00480206 ; -0.00187445 ; 101.419;
20 ; 12 ; 10 ; 0.290521 ; 0.0103059 ; -0.00589881 ; 101.539;
21 ; 12 ; 10 ; 0.292405 ; -0.00521783 ; -0.00209587 ; 101.504;
4 ; 13 ; 10 ; 0.292937 ; -0.00524344 ; 0.000675782 ; 101.41;
5 ; 13 ; 10 ; 0.280091 ; -0.00935557 ; 0.0139366 ; 101.424;
6 ; 13 ; 10 ; 0.291254 ; 0.00334093 ; 0.0130191 ; 101.165;
7 ; 13 ; 10 ; 0.278442 ; 0.000192102 ; 0.010714 ; 101.483;
8 ; 13 ; 10 ; 0.288657 ; 0.00571342 ; 0.00648561 ; 101.391;
9 ; 13 ; 10 ; 0.286788 ; -0.014609 ; 0.00814112 ; 101.384;
10 ; 13 ; 10 ; 0.290146 ; -0.00844882 ; 0.0189539 ; 101.528;
11 ; 13 ; 10 ; 0.295814 ; 0.00565286 ; 0.00354749 ; 100.899;
12 ; 13 ; 10 ; 0.291464 ; 0.00500531 ; -0.00694831 ; 101.674;
13 ; 13 ; 10 ; 0.281733 ; -0.00326999 ; -0.00635471 ; 100.734;
14 ; 13 ; 10 ; 0.278703 ; 0.0114252 ; 0.00839107 ; 101.169;
15 ; 13 ; 10 ; 0.280642 ; -0.0101438 ; 0.013131 ; 101.907;
16 ; 13 ; 10 ; 0.281239 ; -0.00266854 ; -0.00424282 ; 101.55;
17 ; 13 ; 10 ; 0.297488 ; -0.00966164 ; 0.0113903 ; 101.893;
18 ; 13 ; 10 ; 0.284408 ; -0.00401335 ; -0.00775825 ; 101.622;
19 ; 13 ; 10 ; 0.294641 ; -0.00386159 ; -0.0136895 ; 101.554;
20 ; 13 ; 10 ; 0.285611 ; -0.000947084 ; -0.0104878 ; 101.154;
21 ; 13 ; 10 ; 0.290471 ; 0.00195619 ; -0.00652976 ; 101.551;
4 ; 14 ; 10 ; 0.295318 ; -0.00364037 ; -0.0106589 ; 101.773;
5 ; 14 ; 10 ; 0.289967 ; -3.16234e-05 ; 0.0176033 ; 101.678;
6 ; 14 ; 10 ; 0.298208 ; -0.00527857 ; 0.00777875 ; 101.904;
7 ; 14 ; 10 ; 0.298177 ; -0.00588438 ; -0.000544102 ; 101.6;
8 ; 14 ; 10 ; 0.307779 ; -0.00147553 ; 0.0135067 ; 101.229;
9 ; 14 ; 10 ; 0.294887 ; 0.00657245 ; 0.0135816 ; 101.427;
10 ; 14 ; 10 ; 0.290667 ; 0.0105264 ; 0.022798 ; 101.535;
11 ; 14 ; 10 ; 0.277879 ; -4.28362e-05 ; 0.0188615 ; 101.565;
12 ; 14 ; 10 ; 0.292939 ; 0.0220907 ; -0.00514749 ; 101.364;
13 ; 14 ; 10 ; 0.285199 ; -0.00334851 ; -0.0033821 ; 101.418;
14 ; 14 ; 10 ; 0.283687 ; -0.000891731 ; 0.00292009 ; 101.57;
15 ; 14 ; 10 ; 0.274221 ; -0.00147358 ; -0.00341193 ; 101.591;
16 ; 14 ; 10 ; 0.304768 ; -0.00310091 ; 0.00863216 ; 102.05;
17 ; 14 ; 10 ; 0.303016 ; -0.0149718 ; -0.0126725 ; 101.716;
18 ; 14 ; 10 ; 0.305173 ; -0.0116819 ; 0.00402368 ; 101.28;
19 ; 14 ; 10 ; 0.291964 ; 0.00461244 ; 0.00341896 ; 102.041;
20 ; 14 ; 10 ; 0.296799 ; 0.00426988 ; -0.00949826 ; 101.281;
21 ; 14 ; 10 ; 0.301925 ; 0.00450098 ; -0.00984566 ; 101.834;
4 ; 15 ; 10 ; 0.292771 ; 0.00448785 ; -0.00372277 ; 101.445;
5 ; 15 ; 10 ; 0.275877 ; -0.00576644 ; -0.000586763 ; 101.233;
6 ; 15 ; 10 ; 0.277333 ; 0.00227641 ; -0.00166187 ; 101.689;
7 ; 15 ; 10 ; 0.277789 ; -0.0125724 ; -6.84345e-05 ; 101.19;
8 ; 15 ; 10 ; 0.279911 ; -0.00431565 ; 0.0138268 ; 101.36;
9 ; 15 ; 10 ; 0.283807 ; 0.008149 ; -0.00488594 ; 101.751;
10 ; 15 ; 10 ; 0.29876 ; 0.00147801 ; -0.00446287 ; 101.506;
11 ; 15 ; 10 ; 0.286394 ; -0.00270882 ; -0.00954548 ; 101.769;
12 ; 15 ; 10 ; 0.287966 ; 0.0103724 ; -0.00406646 ; 101.524;
13 ; 15 ; 10 ; 0.279772 ; -0.0177148 ; -0.00377358 ; 101.361;
14 ; 15 ; 10 ; 0.285065 ; -0.00651803 ; 0.0122825 ; 101.177;
15 ; 15 ; 10 ; 0.292158 ; -0.0010806 ; -0.000614471 ; 101.37;
16 ; 15 ; 10 ; 0.293404 ; -0.00510007 ; 0.00604235 ; 101.771;
17 ; 15 ; 10 ; 0.294206 ; -0.00060172 ; -0.00898104 ; 101.509;
18 ; 15 ; 10 ; 0.275646 ; 0.0112746 ; -0.0150252 ; 101.886;
19 ; 15 ; 10 ; 0.293307 ; -0.0028007 ; -0.00196533 ; 101.347;
20 ; 15 ; 10 ; 0.292967 ; -0.00554059 ; 0.00239003 ; 101.562;
21 ; 15 ; 10 ; 0.297524 ; 0.000834865 ; -0.00717754 ; 101.964;
4 ; 16 ; 10 ; 0.29068 ; 0.0117349 ; 0.0146528 ; 101.851;
5 ; 16 ; 10 ; 0.296232 ; -0.0026376 ; -0.00238108 ; 101.475;
6 ; 16 ; 10 ; 0.295436 ; -0.00307489 ; 0.00471729 ; 101.526;
7 ; 16 ; 10 ; 0.284991 ; -0.0182837 ; 0.00746416 ; 101.979;
8 ; 16 ; 10 ; 0.291855 ; -0.0215779 ; 0.0228706 ; 101.998;
9 ; 16 ; 10 ; 0.291219 ; -0.0105946 ; -0.00160823 ; 101.518;
10 ; 16 ; 10 ; 0.281444 ; -0.00562242 ; 0.0227346 ; 101.664;
11 ; 16 ; 10 ; 0.283697 ; -0.00365545 ; 0.0149254 ; 101.515;
12 ; 16 ; 10 ; 0.288949 ; 0.00491244 ; 0.00449876 ; 101.496;
13 ; 16 ; 10 ; 0.287138 ; -0.000481214 ; 0.0008167 ; 101.749;
14 ; 16 ; 10 ; 0.283262 ; -0.00218154 ; -0.00743428 ; 101.638;
15 ; 16 ; 10 ; 0.294756 ; 0.00123868 ; -0.0037019 ; 101.377;
16 ; 16 ; 10 ; 0.285864 ; -0.00259905 ; -0.00804431 ; 101.588;
17 ; 16 ; 10 ; 0.298482 ; -0.00288986 ; -0.00382966 ; 101.184;
18 ; 16 ; 10 ; 0.291621 ; -0.00401536 ; -0.00566563 ; 101.275;
19 ; 16 ; 10 ; 0.300044 ; -0.000184588 ; -0.00493252 ; 101.317;
20 ; 16 ; 10 ; 0.299098 ; -0.00138615 ; -0.0170675 ; 101.798;
21 ; 16 ; 10 ; 0.290258 ; 0.00871711 ; -0.00183569 ; 101.521;
4 ; 17 ; 10 ; 0.283928 ; 0.0119286 ; -0.0107211 ; 101.423;
5 ; 17 ; 10 ; 0.280037 ; -0.00090613 ; 0.00794504 ; 101.196;
6 ; 17 ; 10 ; 0.284478 ; 0.0159341 ; 0.0166284 ; 101.55;
7 ; 17 ; 10 ; 0.301514 ; -0.00550184 ; 0.012663 ; 101.82;
8 ; 17 ; 10 ; 0.292968 ; -0.00220825 ; 0.000258949 ; 101.739;
9 ; 17 ; 10 ; 0.292341 ; 0.00780578 ; 0.0147336 ; 101.385;
10 ; 17 ; 10 ; 0.295808 ; 0.00365165 ; 0.0104746 ; 101.289;
11 ; 17 ; 10 ; 0.29792 ; 0.0018586 ; 0.00369299 ; 101.198;
12 ; 17 ; 10 ; 0.29936 ; 0.000725837 ; -0.00483552 ; 101.525;
13 ; 17 ; 10 ; 0.299671 ; -0.00165051 ; 0.000839352 ; 101.407;
14 ; 17 ; 10 ; 0.310684 ; 0.00282089 ; -0.00611329 ; 101.677;
15 ; 17 ; 10 ; 0.291099 ; 0.00435599 ; -0.000396 ; 101.547;
16 ; 17 ; 10 ; 0.28639 ; -0.0047628 ; 0.0036954 ; 101.359;
17 ; 17 ; 10 ; 0.288903 ; -0.0005258 ; -0.00353187 ; 101.546;
18 ; 17 ; 10 ; 0.292871 ; -0.00314666 ; -0.0145395 ; 101.695;
19 ; 17 ; 10 ; 0.281367 ; -0.0126597 ; -0.00681778 ; 101.211;
20 ; 17 ; 10 ; 0.290095 ; 0.000759321 ; 0.00560534 ; 101.556;
21 ; 17 ; 10 ; 0.299577 ; -0.00165458 ; -0.0203142 ; 101.682;
4 ; 18 ; 10 ; 0.294844 ; 0.00642017 ; 0.00799692 ; 101.474;
5 ; 18 ; 10 ; 0.283242 ; 0.000527211 ; 0.00267757 ; 101.49;
6 ; 18 ; 10 ; 0.281078 ; 0.0167728 ; 0.00446192 ; 101.149;
7 ; 18 ; 10 ; 0.278249 ; 0.00383881 ; 0.0120185 ; 101.934;
8 ; 18 ; 10 ; 0.289041 ; 0.00355125 ; 0.0154588 ; 101.336;
9 ; 18 ; 10 ; 0.301306 ; 0.000127292 ; 0.00486194 ; 101.654;
10 ; 18 ; 10 ; 0.311642 ; -0.00363532 ; 0.00779644 ; 101.837;
11 ; 18 ; 10 ; 0.298088 ; -0.00697724 ; -0.00960175 ; 101.5;
12 ; 18 ; 10 ; 0.302492 ; -0.000949592 ; 0.00674073 ; 101.502;
13 ; 18 ; 10 ; 0.282331 ; 3.22871e-05 ; -0.00614603 ; 101.389;
14 ; 18 ; 10 ; 0.312646 ; -0.00453589 ; 0.00428097 ; 101.646;
15 ; 18 ; 10 ; 0.297156 ; 0.00323765 ; -0.000432501 ; 101.592;
16 ; 18 ; 10 ; 0.301138 ; -0.00085901 ; -0.000275213 ; 101.421;
17 ; 18 ; 10 ; 0.296109 ; -0.00234903 ; 0.00482011 ; 101.284;
18 ; 18 ; 10 ; 0.288314 ; 0.00485016 ; -0.00559846 ; 101.64;
19 ; 18 ; 10 ; 0.292545 ; -0.00133884 ; -0.0174782 ; 101.22;
20 ; 18 ; 10 ; 0.302789 ; -0.00997996 ; 0.00558393 ; 100.874;
21 ; 18 ; 10 ; 0.279899 ; -0.0164704 ; -0.00658885 ; 101.412;
4 ; 19 ; 10 ; 0.300646 ; 0.00503676 ; -0.015704 ; 100.866;
5 ; 19 ; 10 ; 0.299059 ; 0.00532805 ; 0.00747452 ; 101.859;
6 ; 19 ; 10 ; 0.289045 ; 0.00272554 ; 0.00457728 ; 101.211;
7 ; 19 ; 10 ; 0.286342 ; 0.000476957 ; 0.00735264 ; 100.775;
8 ; 19 ; 10 ; 0.282751 ; 0.00126926 ; 0.00174879 ; 101.507;
9 ; 19 ; 10 ; 0.297326 ; -0.0131086 ; 0.00722655 ; 101.294;
10 ; 19 ; 10 ; 0.301391 ; 0.0119672 ; -0.00290641 ; 101.476;
11 ; 19 ; 10 ; 0.296736 ; -0.00933137 ; 0.0072338 ; 101.908;
12 ; 19 ; 10 ; 0.29774 ; -0.00546832 ; 0.00707764 ; 101.26;
13 ; 19 ; 10 ; 0.284513 ; 0.00222411 ; 0.00387708 ; 101.724;
14 ; 19 ; 10 ; 0.284441 ; -0.00125062 ; 0.00119898 ; 101.515;
15 ; 19 ; 10 ; 0.286114 ; -0.00578313 ; 0.00251201 ; 101.518;
16 ; 19 ; 10 ; 0.292777 ; -0.00954541 ; 0.00712528 ; 101.415;
17 ; 19 ; 10 ; 0.289153 ; 0.00469317 ; -0.00777838 ; 101.585;
18 ; 19 ; 10 ; 0.289424 ; 0.00229986 ; -0.00189375 ; 101.389;
19 ; 19 ; 10 ; 0.298188 ; -0.00512754 ; -0.00855878 ; 101.566;
20 ; 19 ; 10 ; 0.29403 ; -0.0067853 ; -0.0077955 ; 101.49;
21 ; 19 ; 10 ; 0.288519 ; -0.0120541 ; -0.0120576 ; 101.652;
4 ; 20 ; 10 ; 0.282382 ; 8.86383e-05 ; -0.00248549 ; 101.528;
5 ; 20 ; 10 ; 0.276564 ; 0.00351729 ; -0.00173494 ; 101.284;
6 ; 20 ; 10 ; 0.285785 ; 0.00444884 ; 0.00460279 ; 101.87;
7 ; 20 ; 10 ; 0.285989 ; 0.00305569 ; 0.00124231 ; 101.719;
8 ; 20 ; 10 ; 0.286478 ; 0.00129706 ; -0.00695412 ; 101.28;
9 ; 20 ; 10 ; 0.290408 ; 0.0120304 ; 0.014085 ; 101.684;
10 ; 20 ; 10 ; 0.304714 ; 0.00393016 ; 0.0048925 ; 101.772;
11 ; 20 ; 10 ; 0.287368 ; 0.00453831 ; 0.010953 ; 101.114;
12 ; 20 ; 10 ; 0.29238 ; 0.000824826 ; -0.00807039 ; 102.063;
13 ; 20 ; 10 ; 0.299742 ; 0.0016487 ; -0.00588264 ; 101.254;
14 ; 20 ; 10 ; 0.300011 ; 0.00159343 ; -0.0146603 ; 101.659;
15 ; 20 ; 10 ; 0.285904 ; 0.00868675 ; 0.00571283 ; 101.527;
16 ; 20 ; 10 ; 0.289232 ; -0.0030011 ; -0.00250654 ; 101.779;
17 ; 20 ; 10 ; 0.294264 ; 0.00631015 ; -0.0039452 ; 101.263;
18 ; 20 ; 10 ; 0.285985 ; -0.0173403 ; 0.0130618 ; 101.585;
19 ; 20 ; 10 ; 0.284225 ; 0.00821035 ; 0.00428684 ; 101.466;
20 ; 20 ; 10 ; 0.28127 ; -0.00417875 ; -0.013031 ; 101.742;
21 ; 20 ; 10 ; 0.304205 ; -0.0148718 ; 0.00294582 ; 102.071;
4 ; 21 ; 10 ; 0.292381 ; -0.00108607 ; -0.00480805 ; 100.982;
5 ; 21 ; 10 ; 0.29158 ; -0.00409479 ; -0.014012 ; 101.368;
6 ; 21 ; 10 ; 0.287927 ; -0.00794244 ; 0.00168138 ; 101.526;
7 ; 21 ; 10 ; 0.288604 ; 0.00204667 ; -0.00863845 ; 101.564;
8 ; 21 ; 10 ; 0.291035 ; 0.0151067 ; -0.0143706 ; 101.335;
9 ; 21 ; 10 ; 0.290137 ; -0.00489589 ; 0.0119013 ; 101.115;
10 ; 21 ; 10 ; 0.290046 ; 0.0136188 ; 0.0019319 ; 101.525;
11 ; 21 ; 10 ; 0.299314 ; 0.000423202 ; 0.00723288 ; 101.387;
12 ; 21 ; 10 ; 0.29584 ; 0.00239424 ; -0.0051866 ; 101.318;
13 ; 21 ; 10 ; 0.294507 ; -0.00817134 ; -0.00294626 ; 101.402;
14 ; 21 ; 10 ; 0.293857 ; 0.00920381 ; -0.0119101 ; 101.779;
15 ; 21 ; 10 ; 0.302633 ; 0.0101048 ; 0.000793183 ; 101.561;
16 ; 21 ; 10 ; 0.290293 ; -0.0122007 ; -0.000794977 ; 101.569;
17 ; 21 ; 10 ; 0.288173 ; -0.00688496 ; -0.000397714 ; 101.482;
18 ; 21 ; 10 ; 0.295648 ; 0.000687281 ; -0.0062488 ; 101.22;
19 ; 21 ; 10 ; 0.28246 ; -0.00450607 ; 0.00414577 ; 101.581;
20 ; 21 ; 10 ; 0.298693 ; -0.004091 ; -0.0067547 ; 101.724;
21 ; 21 ; 10 ; 0.299557 ; -0.00530541 ; -0.0182776 ; 101.279;
4 ; 4 ; 11 ; 0.231704 ; -0.00285409 ; -0.000620039 ; 101.715;
5 ; 4 ; 11 ; 0.222894 ; -0.00345975 ; -0.00157242 ; 101.453;
6 ; 4 ; 11 ; 0.236678 ; 0.00627005 ; 0.00233006 ; 101.191;
7 ; 4 ; 11 ; 0.232083 ; 0.00706636 ; -0.00237263 ; 101.814;
8 ; 4 ; 11 ; 0.222593 ; 0.0155522 ; 0.00167063 ; 101.557;
9 ; 4 ; 11 ; 0.245129 ; -0.000595289 ; 0.0116801 ; 101.435;
10 ; 4 ; 11 ; 0.229944 ; 0.000413631 ; 0.00103858 ; 101.847;
11 ; 4 ; 11 ; 0.247131 ; 0.00615281 ; 0.0115365 ; 101.301;
12 ; 4 ; 11 ; 0.235344 ; -0.00499009 ; 0.000936191 ; 101.174;
13 ; 4 ; 11 ; 0.24018 ; 0.00126546 ; -0.002524 ; 101.262;
14 ; 4 ; 11 ; 0.229253 ; -0.00319345 ; 0.00962922 ; 102.026;
15 ; 4 ; 11 ; 0.236265 ; 0.0245827 ; -0.000151717 ; 101.834;
16 ; 4 ; 11 ; 0.245196 ; -0.0064721 ; -0.00683818 ; 101.347;
17 ; 4 ; 11 ; 0.233786 ; -0.000218474 ; -0.0178711 ; 101.313;
18 ; 4 ; 11 ; 0.253877 ; 0.00882119 ; 0.00186771 ; 101.813;
19 ; 4 ; 11 ; 0.234587 ; -0.000689636 ; -0.00805821 ; 101.319;
20 ; 4 ; 11 ; 0.227043 ; -0.00551079 ; -0.00343321 ; 101.179;
21 ; 4 ; 11 ; 0.229774 ; 0.0181328 ; -0.00408141 ; 101.502;
4 ; 5 ; 11 ; 0.250827 ; 0.00660772 ; -0.00107849 ; 101.804;
5 ; 5 ; 11 ; 0.226825 ; -0.0021467 ; -0.000103309 ; 101.257;
6 ; 5 ; 11 ; 0.215759 ; -0.00390205 ; 0.0141764 ; 101.285;
7 ; 5 ; 11 ; 0.22366 ; -0.0122103 ; 0.00677375 ; 101.374;
8 ; 5 ; 11 ; 0.226978 ; 0.00161425 ; -0.00612157 ; 101.267;
9 ; 5 ; 11 ; 0.235228 ; -0.00706085 ; 0.00770777 ; 101.943;
10 ; 5 ; 11 ; 0.233587 ; 0.00289753 ; 0.0086051 ; 101.43;
11 ; 5 ; 11 ; 0.21087 ; 0.0102182 ; 0.014456 ; 101.627;
12 ; 5 ; 11 ; 0.232431 ; -0.00635651 ; -0.00640752 ; 101.491;
13 ; 5 ; 11 ; 0.245725 ; 0.00838353 ; 0.00702019 ; 101.698;
14 ; 5 ; 11 ; 0.226562 ; 0.00246348 ; 0.00343971 ; 101.401;
15 ; 5 ; 11 ; 0.242905 ; 0.00133004 ; -0.0033272 ; 101.039;
16 ; 5 ; 11 ; 0.23949 ; -0.00221886 ; -0.00763295 ; 101.326;
17 ; 5 ; 11 ; 0.232369 ; 0.0108672 ; -0.0286502 ; 101.421;
18 ; 5 ; 11 ; 0.223494 ; 0.00625306 ; -0.0188349 ; 101.639;
19 ; 5 ; 11 ; 0.237516 ; -0.0146117 ; -0.00741836 ; 101.335;
20 ; 5 ; 11 ; 0.234331 ; -0.00592261 ; -0.0111496 ; 101.178;
21 ; 5 ; 11 ; 0.227543 ; 0.00571955 ; -0.00876865 ; 101.461;
4 ; 6 ; 11 ; 0.244735 ; -0.000806113 ; 0.0018357 ; 101.416;
5 ; 6 ; 11 ; 0.231343 ; -0.0139272 ; -0.000514678 ; 101.208;
6 ; 6 ; 11 ; 0.219576 ; -0.00495754 ; -0.00920326 ; 101.975;
7 ; 6 ; 11 ; 0.228848 ; -0.00200531 ; -0.001908 ; 101.058;
8 ; 6 ; 11 ; 0.228025 ; 0.00457878 ; -0.0105523 ; 101.118;
9 ; 6 ; 11 ; 0.225125 ; 0.0101919 ; 0.0203034 ; 100.924;
10 ; 6 ; 11 ; 0.226788 ; 0.00514106 ; 0.0128382 ; 101.861;
11 ; 6 ; 11 ; 0.248752 ; -0.00490437 ; 0.00267062 ; 101.61;
12 ; 6 ; 11 ; 0.229537 ; 0.00185495 ; 0.00353495 ; 101.101;
13 ; 6 ; 11 ; 0.238219 ; 0.00528912 ; -0.00931218 ; 101.177;
14 ; 6 ; 11 ; 0.241538 ; -0.00915383 ; 9.01066e-06 ; 101.716;
15 ; 6 ; 11 ; 0.239066 ; -0.0131095 ; -0.0175641 ; 101.651;
16 ; 6 ; 11 ; 0.236893 ; 0.00332876 ; 0.0014494 ; 101.945;
17 ; 6 ; 11 ; 0.227607 ; 0.00450626 ; -0.00901731 ; 101.504;
18 ; 6 ; 11 ; 0.236824 ; 0.00370849 ; -0.00642197 ; 101.081;
19 ; 6 ; 11 ; 0.242153 ; -0.00486838 ; 0.000586237 ; 101.554;
20 ; 6 ; 11 ; 0.222184 ; -0.00627307 ; -0.0102862 ; 101.506;
21 ; 6 ; 11 ; 0.231984 ; -0.00542394 ; -0.00351697 ; 101.478;
4 ; 7 ; 11 ; 0.220485 ; -0.00119363 ; -0.000449894 ; 101.654;
5 ; 7 ; 11 ; 0.215613 ; -0.00429093 ; 0.00198214 ; 101.002;
6 ; 7 ; 11 ; 0.227929 ; 0.0116119 ; -0.00349061 ; 101.614;
7 ; 7 ; 11 ; 0.238891 ; 0.0113055 ; -0.000364252 ; 101.464;
8 ; 7 ; 11 ; 0.228686 ; 0.00293863 ; -0.00615631 ; 101.168;
9 ; 7 ; 11 ; 0.23099 ; -0.0105943 ; -0.00306772 ; 101.053;
10 ; 7 ; 11 ; 0.240069 ; 0.0158027 ; 0.0123198 ; 101.956;
11 ; 7 ; 11 ; 0.223021 ; -0.00855165 ; -0.00833337 ; 101.609;
12 ; 7 ; 11 ; 0.220281 ; -0.00747907 ; -0.00756325 ; 101.404;
13 ; 7 ; 11 ; 0.217525 ; 0.00184753 ; 0.0103027 ; 101.514;
14 ; 7 ; 11 ; 0.245062 ; -0.0123354 ; 0.0058976 ; 101.348;
15 ; 7 ; 11 ; 0.239357 ; -0.00492726 ; 0.00524779 ; 101.285;
16 ; 7 ; 11 ; 0.248109 ; -0.011207 ; -0.00413725 ; 101.208;
17 ; 7 ; 11 ; 0.225306 ; -0.0105067 ; -0.011882 ; 101.519;
18 ; 7 ; 11 ; 0.23822 ; -0.0109162 ; -0.0168641 ; 101.767;
19 ; 7 ; 11 ; 0.237539 ; 0.00605262 ; 0.00401883 ; 101.28;
20 ; 7 ; 11 ; 0.240011 ; -0.00239889 ; -0.00547856 ; 101.59;
21 ; 7 ; 11 ; 0.232696 ; -0.00211062 ; -0.0129975 ; 101.529;
4 ; 8 ; 11 ; 0.217309 ; 0.00228489 ; -0.0101723 ; 101.565;
5 ; 8 ; 11 ; 0.215998 ; -0.00260353 ; -0.00687593 ; 101.534;
6 ; 8 ; 11 ; 0.227114 ; -0.0105285 ; 0.00591726 ; 101.652;
7 ; 8 ; 11 ; 0.238971 ; -0.00102338 ; 0.00738009 ; 101.088;
8 ; 8 ; 11 ; 0.239907 ; 0.010146 ; 0.0134882 ; 101.455;
9 ; 8 ; 11 ; 0.217949 ; -0.00144736 ; 0.0057764 ; 101.49;
10 ; 8 ; 11 ; 0.228487 ; 0.0120267 ; -0.00053772 ; 101.102;
11 ; 8 ; 11 ; 0.236393 ; -3.86814e-05 ; 0.00844652 ; 101.724;
12 ; 8 ; 11 ; 0.239441 ; 0.00547093 ; 0.0130208 ; 101.593;
13 ; 8 ; 11 ; 0.230398 ; 0.00525748 ; -0.00524131 ; 101.536;
14 ; 8 ; 11 ; 0.233679 ; -0.0084579 ; -0.00612485 ; 101.91;
15 ; 8 ; 11 ; 0.234439 ; 0.00304936 ; 0.00394222 ; 101.636;
16 ; 8 ; 11 ; 0.229683 ; -0.00612056 ; 0.00384039 ; 101.424;
17 ; 8 ; 11 ; 0.218272 ; 0.00442725 ; -0.00762364 ; 101.45;
18 ; 8 ; 11 ; 0.228589 ; 0.00652513 ; -0.00406933 ; 101.737;
19 ; 8 ; 11 ; 0.225849 ; 0.00580608 ; 0.00105183 ; 101.737;
20 ; 8 ; 11 ; 0.231549 ; -0.00164671 ; -0.00949547 ; 101.494;
21 ; 8 ; 11 ; 0.232882 ; -0.00876701 ; -0.00872209 ; 101.397;
4 ; 9 ; 11 ; 0.234026 ; -0.00117544 ; -0.00313105 ; 101.159;
5 ; 9 ; 11 ; 0.222507 ; -0.00142445 ; -0.00492326 ; 101.604;
6 ; 9 ; 11 ; 0.22405 ; -0.00137238 ; 0.00396317 ; 101.386;
7 ; 9 ; 11 ; 0.222707 ; -0.0186891 ; 0.00945193 ; 101.658;
8 ; 9 ; 11 ; 0.235772 ; -0.00587809 ; -0.00241124 ; 101.702;
9 ; 9 ; 11 ; 0.220692 ; 0.00994846 ; -0.00158619 ; 101.468;
10 ; 9 ; 11 ; 0.233436 ; 0.00654603 ; 0.0012273 ; 101.661;
11 ; 9 ; 11 ; 0.222825 ; -0.00250447 ; 0.00299335 ; 101.62;
12 ; 9 ; 11 ; 0.23566 ; -0.00391961 ; 0.00382855 ; 101.538;
13 ; 9 ; 11 ; 0.233953 ; 0.000665649 ; 0.00938425 ; 101.587;
14 ; 9 ; 11 ; 0.232945 ; 0.00834249 ; 0.0031826 ; 101.857;
15 ; 9 ; 11 ; 0.227667 ; 0.0165937 ; -0.00820069 ; 101.922;
16 ; 9 ; 11 ; 0.216344 ; 0.00458407 ; -0.00685414 ; 101.591;
17 ; 9 ; 11 ; 0.225494 ; 0.0055161 ; -0.00664041 ; 101.226;
18 ; 9 ; 11 ; 0.228425 ; 0.00915551 ; -0.00751302 ; 101.941;
19 ; 9 ; 11 ; 0.228616 ; -0.000648287 ; 0.000819597 ; 101.574;
20 ; 9 ; 11 ; 0.235034 ; -0.0103987 ; -0.0103163 ; 101.278;
21 ; 9 ; 11 ; 0.223444 ; -0.00710029 ; -0.00523667 ; 101.883;
4 ; 10 ; 11 ; 0.235272 ; 0.00305523 ; 0.00735945 ; 101.496;
5 ; 10 ; 11 ; 0.230689 ; 0.00396106 ; -0.00738481 ; 101.185;
6 ; 10 ; 11 ; 0.2338 ; 0.00132964 ; 0.000331324 ; 101.93;
7 ; 10 ; 11 ; 0.232651 ; -0.00586647 ; -0.00241312 ; 102.066;
8 ; 10 ; 11 ; 0.239845 ; -0.000929422 ; -0.0035144 ; 102.186;
9 ; 10 ; 11 ; 0.239949 ; -0.0069436 ; 0.00219172 ; 101.114;
10 ; 10 ; 11 ; 0.227694 ; -0.00827854 ; -0.0104 ; 101.345;
11 ; 10 ; 11 ; 0.236427 ; 0.00224522 ; 0.00210816 ; 101.494;
12 ; 10 ; 11 ; 0.24493 ; -0.00129671 ; 0.00790669 ; 101.158;
13 ; 10 ; 11 ; 0.231944 ; -0.00499995 ; 0.00766445 ; 101.551;
14 ; 10 ; 11 ; 0.2217 ; 0.0135041 ; 0.00160788 ; 101.953;
15 ; 10 ; 11 ; 0.24543 ; 0.000925061 ; 3.87585e-05 ; 101.316;
16 ; 10 ; 11 ; 0.229068 ; 0.00345019 ; -0.0020924 ; 101.611;
17 ; 10 ; 11 ; 0.231861 ; 0.005802 ; -0.0183403 ; 101.726;
18 ; 10 ; 11 ; 0.231751 ; -0.00127091 ; -0.00818199 ; 101.424;
19 ; 10 ; 11 ; 0.228208 ; -0.0043499 ; 4.68956e-05 ; 101.156;
20 ; 10 ; 11 ; 0.233123 ; -0.0046626 ; -0.0220836 ; 101.214;
21 ; 10 ; 11 ; 0.226139 ; 0.00903083 ; -0.0100511 ; 101.398;
4 ; 11 ; 11 ; 0.23353 ; 0.00224041 ; -0.00209094 ; 101.138;
5 ; 11 ; 11 ; 0.235224 ; 0.00761143 ; 0.00157081 ; 101.174;
6 ; 11 ; 11 ; 0.249822 ; 0.00463395 ; -0.00497817 ; 101.337;
7 ; 11 ; 11 ; 0.228616 ; 0.0111859 ; 0.00356344 ; 101.415;
8 ; 11 ; 11 ; 0.226806 ; -0.00166633 ; 0.00723257 ; 101.451;
9 ; 11 ; 11 ; 0.234546 ; -0.00362765 ; 0.0119639 ; 101.885;
10 ; 11 ; 11 ; 0.233654 ; 0.00744386 ; -0.00540587 ; 101.602;
11 ; 11 ; 11 ; 0.242346 ; 0.00510612 ; 0.0140293 ; 102.037;
12 ; 11 ; 11 ; 0.228063 ; -0.0129369 ; 0.000449482 ; 101.262;
13 ; 11 ; 11 ; 0.250064 ; 0.01744 ; -0.00223565 ; 101.075;
14 ; 11 ; 11 ; 0.230693 ; 0.0137486 ; 0.00221286 ; 101.6;
15 ; 11 ; 11 ; 0.229082 ; -0.00214784 ; 0.00423283 ; 101.944;
16 ; 11 ; 11 ; 0.235565 ; 0.00906986 ; -0.00618705 ; 101.471;
17 ; 11 ; 11 ; 0.23195 ; 0.0171877 ; -0.0196451 ; 101.731;
18 ; 11 ; 11 ; 0.231723 ; 0.00962822 ; -0.00123856 ; 101.577;
19 ; 11 ; 11 ; 0.239475 ; -0.0046413 ; -0.00420035 ; 101.641;
20 ; 11 ; 11 ; 0.24643 ; -0.00811966 ; -0.0106735 ; 101.661;
21 ; 11 ; 11 ; 0.225777 ; 0.010214 ; -0.00697344 ; 101.731;
4 ; 12 ; 11 ; 0.220606 ; 0.00998353 ; 0.00659229 ; 101.411;
5 ; 12 ; 11 ; 0.227764 ; 0.00878308 ; -0.00502217 ; 101.007;
6 ; 12 ; 11 ; 0.232232 ; 0.00211147 ; -0.00416125 ; 101.377;
7 ; 12 ; 11 ; 0.225538 ; -0.00191515 ; 0.00796893 ; 101.268;
8 ; 12 ; 11 ; 0.228351 ; -0.00122099 ; 0.00181692 ; 101.43;
9 ; 12 ; 11 ; 0.233441 ; -0.0101253 ; 0.00578044 ; 101.351;
10 ; 12 ; 11 ; 0.252669 ; 0.00187264 ; 0.0130024 ; 101.439;
11 ; 12 ; 11 ; 0.240528 ; -0.00961898 ; 0.0026184 ; 101.082;
12 ; 12 ; 11 ; 0.234485 ; -0.00974255 ; -0.00991094 ; 101.349;
13 ; 12 ; 11 ; 0.229417 ; -0.0206962 ; 0.00476085 ; 101.901;
14 ; 12 ; 11 ; 0.221634 ; -0.00427467 ; 0.00316136 ; 101.713;
15 ; 12 ; 11 ; 0.238905 ; -0.00996962 ; 0.00726533 ; 101.021;
16 ; 12 ; 11 ; 0.226364 ; -0.00111133 ; 0.00894115 ; 101.602;
17 ; 12 ; 11 ; 0.224272 ; 0.0124393 ; -0.00638741 ; 101.885;
18 ; 12 ; 11 ; 0.234297 ; 0.000816475 ; -0.011569 ; 101.557;
19 ; 12 ; 11 ; 0.242176 ; -0.00748208 ; -0.00096807 ; 100.905;
20 ; 12 ; 11 ; 0.239852 ; 0.00409295 ; 0.000277708 ; 101.36;
21 ; 12 ; 11 ; 0.243331 ; -0.00311175 ; 0.00523089 ; 101.347;
4 ; 13 ; 11 ; 0.238138 ; -0.0037509 ; 0.000983959 ; 101.208;
5 ; 13 ; 11 ; 0.230065 ; 0.00355786 ; 0.00185777 ; 101.681;
6 ; 13 ; 11 ; 0.229329 ; -0.00786665 ; 0.01001 ; 101.598;
7 ; 13 ; 11 ; 0.232619 ; 0.00523547 ; -0.000156945 ; 101.377;
8 ; 13 ; 11 ; 0.230048 ; 0.00173688 ; 0.0108973 ; 101.825;
9 ; 13 ; 11 ; 0.228138 ; 0.00663842 ; 0.000355168 ; 101.341;
10 ; 13 ; 11 ; 0.2218 ; -0.00184329 ; 0.000539714 ; 101.676;
11 ; 13 ; 11 ; 0.227346 ; -0.000409988 ; 0.00119834 ; 102.004;
12 ; 13 ; 11 ; 0.235765 ; 0.00913758 ; 0.0105474 ; 101.458;
13 ; 13 ; 11 ; 0.222098 ; -0.0119602 ; 0.00868891 ; 101.936;
14 ; 13 ; 11 ; 0.233586 ; -0.00966889 ; 0.00484055 ; 101.388;
15 ; 13 ; 11 ; 0.231619 ; 0.00492054 ; 0.000943443 ; 101.519;
16 ; 13 ; 11 ; 0.230494 ; -0.000266935 ; -0.00821463 ; 101.431;
17 ; 13 ; 11 ; 0.239487 ; 0.00695538 ; 0.00273307 ; 101.703;
18 ; 13 ; 11 ; 0.247483 ; 0.00638306 ; -0.0149922 ; 101.582;
19 ; 13 ; 11 ; 0.23216 ; 0.0011158 ; -0.0170886 ; 101.457;
20 ; 13 ; 11 ; 0.239421 ; -0.00390674 ; -0.00397233 ; 101.653;
21 ; 13 ; 11 ; 0.244815 ; 0.00301747 ; -0.0163036 ; 101.95;
4 ; 14 ; 11 ; 0.222733 ; 0.000409559 ; 0.00314286 ; 101.921;
5 ; 14 ; 11 ; 0.236606 ; -0.0139851 ; 0.00812641 ; 101.855;
6 ; 14 ; 11 ; 0.228552 ; -0.00475799 ; 0.00610698 ; 101.491;
7 ; 14 ; 11 ; 0.240547 ; -0.00459496 ; -0.00877115 ; 101.335;
8 ; 14 ; 11 ; 0.235466 ; -0.00726677 ; -0.000659922 ; 101.739;
9 ; 14 ; 11 ; 0.240043 ; 0.00416756 ; 0.00934779 ; 101.851;
10 ; 14 ; 11 ; 0.217177 ; -0.00586446 ; 0.0108381 ; 101.554;
11 ; 14 ; 11 ; 0.226121 ; 0.00473894 ; 0.0139467 ; 101.777;
12 ; 14 ; 11 ; 0.243365 ; 0.00941871 ; 0.00563478 ; 101.831;
13 ; 14 ; 11 ; 0.243773 ; -0.0109306 ; -0.00386154 ; 101.541;
14 ; 14 ; 11 ; 0.249184 ; -0.00677597 ; 0.00318067 ; 100.81;
15 ; 14 ; 11 ; 0.235927 ; 0.0112767 ; -0.00789878 ; 101.763;
16 ; 14 ; 11 ; 0.234666 ; 0.000753394 ; -0.0179615 ; 101.227;
17 ; 14 ; 11 ; 0.22311 ; 0.00693937 ; -0.00828107 ; 101.978;
18 ; 14 ; 11 ; 0.223759 ; 0.0105687 ; -0.010338 ; 101.344;
19 ; 14 ; 11 ; 0.222461 ; -0.0070736 ; 0.00492936 ; 101.531;
20 ; 14 ; 11 ; 0.235809 ; 0.000331255 ; -0.00203616 ; 101.696;
21 ; 14 ; 11 ; 0.23917 ; 0.010115 ; -0.00257436 ; 101.675;
4 ; 15 ; 11 ; 0.228762 ; 0.00210626 ; -0.0162941 ; 101.143;
5 ; 15 ; 11 ; 0.228683 ; 0.0048569 ; 0.0117449 ; 101.233;
6 ; 15 ; 11 ; 0.22791 ; 0.00112498 ; 0.00712093 ; 101.721;
7 ; 15 ; 11 ; 0.225825 ; -0.00289003 ; -0.00874121 ; 101.955;
8 ; 15 ; 11 ; 0.233754 ; -0.00270407 ; 0.0059128 ; 101.819;
9 ; 15 ; 11 ; 0.223165 ; 0.0115275 ; -0.000573883 ; 101.079;
10 ; 15 ; 11 ; 0.229613 ; 0.0227901 ; 0.011112 ; 101.8;
11 ; 15 ; 11 ; 0.234563 ; -0.00153222 ; 0.00469029 ; 101.706;
12 ; 15 ; 11 ; 0.217378 ; 0.00624014 ; 0.000475489 ; 101.893;
13 ; 15 ; 11 ; 0.227688 ; -0.00205717 ; 0.00539582 ; 101.554;
14 ; 15 ; 11 ; 0.239856 ; -0.000719716 ; -0.0046402 ; 101.121;
15 ; 15 ; 11 ; 0.234945 ; 0.013608 ; 0.000452809 ; 101.913;
16 ; 15 ; 11 ; 0.239735 ; -0.00318653 ; -0.0100572 ; 101.207;
17 ; 15 ; 11 ; 0.225939 ; -0.00747674 ; 0.00152356 ; 101.243;
18 ; 15 ; 11 ; 0.239075 ; -0.0140503 ; -0.00741459 ; 101.887;
19 ; 15 ; 11 ; 0.241835 ; 0.00459524 ; -0.0053239 ; 101.567;
20 ; 15 ; 11 ; 0.2367 ; 0.00263453 ; -0.0059469 ; 101.473;
21 ; 15 ; 11 ; 0.228704 ; -0.00122172 ; -0.0120507 ; 101.371;
4 ; 16 ; 11 ; 0.229743 ; -0.0124117 ; 0.00204491 ; 101.331;
5 ; 16 ; 11 ; 0.219867 ; 0.00220114 ; 0.0068159 ; 101.592;
6 ; 16 ; 11 ; 0.236893 ; 0.011117 ; -0.000747125 ; 101.551;
7 ; 16 ; 11 ; 0.236686 ; -0.00329584 ; 0.00700147 ; 101.47;
8 ; 16 ; 11 ; 0.240823 ; 0.00395922 ; -0.00779567 ; 101.823;
9 ; 16 ; 11 ; 0.228096 ; 0.00958715 ; 0.00533942 ; 101.453;
10 ; 16 ; 11 ; 0.231266 ; 0.00339894 ; 0.0149178 ; 101.366;
11 ; 16 ; 11 ; 0.243187 ; 0.0069707 ; -0.000701017 ; 101.608;
12 ; 16 ; 11 ; 0.219255 ; 0.00704486 ; 0.00211215 ; 101.552;
13 ; 16 ; 11 ; 0.22782 ; 0.013274 ; -0.0029541 ; 101.643;
14 ; 16 ; 11 ; 0.236863 ; 0.00652908 ; 0.000731393 ; 101.34;
15 ; 16 ; 11 ; 0.240411 ; 0.00802312 ; -0.0125464 ; 101.436;
16 ; 16 ; 11 ; 0.235118 ; -0.00199883 ; -0.0175699 ; 101.317;
17 ; 16 ; 11 ; 0.237174 ; 0.0122001 ; 0.00167597 ; 101.643;
18 ; 16 ; 11 ; 0.239487 ; -0.00706531 ; -0.00726549 ; 101.684;
19 ; 16 ; 11 ; 0.241297 ; -0.00449287 ; -0.00652154 ; 100.916;
20 ; 16 ; 11 ; 0.234463 ; 0.00206213 ; -0.00620409 ; 101.346;
21 ; 16 ; 11 ; 0.233896 ; -0.00248804 ; -0.0048305 ; 101.885;
4 ; 17 ; 11 ; 0.246729 ; -0.00450789 ; 0.00888231 ; 101.518;
5 ; 17 ; 11 ; 0.243772 ; 0.0141399 ; -0.000960164 ; 101.217;
6 ; 17 ; 11 ; 0.236672 ; -0.00938732 ; 0.00558201 ; 101.862;
7 ; 17 ; 11 ; 0.233076 ; -0.000637521 ; -0.00431613 ; 101.893;
8 ; 17 ; 11 ; 0.232759 ; 0.00339387 ; 0.00842109 ; 101.691;
9 ; 17 ; 11 ; 0.227967 ; 0.00545078 ; -0.00440318 ; 101.313;
10 ; 17 ; 11 ; 0.237099 ; -0.00168086 ; 0.00600279 ; 101.962;
11 ; 17 ; 11 ; 0.231353 ; 0.0110502 ; 0.000871627 ; 101.535;
12 ; 17 ; 11 ; 0.237779 ; 0.00767291 ; -0.00343122 ; 101.658;
13 ; 17 ; 11 ; 0.223663 ; 0.0056432 ; 0.00283532 ; 101.52;
14 ; 17 ; 11 ; 0.230903 ; 0.0183089 ; 0.00358507 ; 101.803;
15 ; 17 ; 11 ; 0.230388 ; 0.00577024 ; -0.00149532 ; 101.351;
16 ; 17 ; 11 ; 0.243688 ; 0.00549024 ; -0.00734141 ; 101.528;
17 ; 17 ; 11 ; 0.2196 ; 0.00497019 ; -0.00209075 ; 101.333;
18 ; 17 ; 11 ; 0.22918 ; -0.00122046 ; 0.00408343 ; 100.989;
19 ; 17 ; 11 ; 0.2236 ; -0.00262883 ; -0.00132578 ; 101.538;
20 ; 17 ; 11 ; 0.222625 ; -0.000519073 ; 0.000512189 ; 101.734;
21 ; 17 ; 11 ; 0.237361 ; 0.000577557 ; -0.00267535 ; 100.966;
4 ; 18 ; 11 ; 0.226956 ; 0.00492327 ; 0.00889398 ; 101.348;
5 ; 18 ; 11 ; 0.233962 ; 0.00405482 ; -0.00291319 ; 101.631;
6 ; 18 ; 11 ; 0.220437 ; 0.00897493 ; -0.00400883 ; 101.168;
7 ; 18 ; 11 ; 0.235859 ; 0.0115289 ; 0.000330356 ; 101.668;
8 ; 18 ; 11 ; 0.234576 ; -0.0146936 ; 0.00650378 ; 101.188;
9 ; 18 ; 11 ; 0.234363 ; 0.00247827 ; 0.00826344 ; 101.295;
10 ; 18 ; 11 ; 0.245997 ; -0.00356515 ; -0.004731 ; 101.617;
11 ; 18 ; 11 ; 0.23532 ; 0.00383092 ; -0.00496615 ; 102.04;
12 ; 18 ; 11 ; 0.239972 ; 0.000705921 ; 0.00290503 ; 101.774;
13 ; 18 ; 11 ; 0.232849 ; 0.00367164 ; 0.00193323 ; 101.623;
14 ; 18 ; 11 ; 0.24097 ; 0.0142829 ; 0.0065594 ; 101.45;
15 ; 18 ; 11 ; 0.237481 ; 0.00212055 ; 0.00664282 ; 101.696;
16 ; 18 ; 11 ; 0.233971 ; -0.0109626 ; -0.00403728 ; 101.219;
17 ; 18 ; 11 ; 0.23571 ; -0.00507939 ; 0.00521044 ; 101.589;
18 ; 18 ; 11 ; 0.224084 ; -0.00826825 ; 0.00295235 ; 101.093;
19 ; 18 ; 11 ; 0.225715 ; 0.00179275 ; 0.0049359 ; 101.455;
20 ; 18 ; 11 ; 0.230871 ; 0.000148758 ; -0.0108451 ; 101.655;
21 ; 18 ; 11 ; 0.237437 ; 0.00277828 ; -0.0117586 ; 101.776;
4 ; 19 ; 11 ; 0.227877 ; -0.000239536 ; -0.0126537 ; 101.608;
5 ; 19 ; 11 ; 0.22981 ; 0.00283111 ; 0.0168368 ; 101.818;
6 ; 19 ; 11 ; 0.224936 ; 0.000827804 ; 0.00391116 ; 101.545;
7 ; 19 ; 11 ; 0.236624 ; 0.00658519 ; 0.0161531 ; 101.686;
8 ; 19 ; 11 ; 0.229483 ; -0.00673277 ; 0.00127179 ; 101.712;
9 ; 19 ; 11 ; 0.228992 ; 0.00244488 ; 0.00785101 ; 101.473;
10 ; 19 ; 11 ; 0.231843 ; 0.00451633 ; -0.00412155 ; 101.093;
11 ; 19 ; 11 ; 0.240002 ; 0.00349816 ; 0.017864 ; 101.331;
12 ; 19 ; 11 ; 0.218576 ; 0.000863653 ; 0.00860444 ; 101.522;
13 ; 19 ; 11 ; 0.239237 ; -0.0170442 ; 0.0039328 ; 102.031;
14 ; 19 ; 11 ; 0.236664 ; -0.00988199 ; -0.00418865 ; 101.635;
15 ; 19 ; 11 ; 0.235287 ; 0.000606055 ; 0.00356631 ; 101.577;
16 ; 19 ; 11 ; 0.232866 ; -0.0100749 ; 0.00144007 ; 101.41;
17 ; 19 ; 11 ; 0.231043 ; 0.00553042 ; 0.00555849 ; 101.57;
18 ; 19 ; 11 ; 0.245042 ; 0.00543998 ; 0.00204438 ; 101.597;
19 ; 19 ; 11 ; 0.226977 ; 0.00340342 ; 0.000640444 ; 101.922;
20 ; 19 ; 11 ; 0.233 ; 0.00229478 ; 0.00185007 ; 101.472;
21 ; 19 ; 11 ; 0.22564 ; -0.00235654 ; -0.00423547 ; 101.352;
4 ; 20 ; 11 ; 0.2382 ; 0.0106796 ; 0.0138833 ; 101.358;
5 ; 20 ; 11 ; 0.240654 ; 0.00928104 ; 0.00327235 ; 101.612;
6 ; 20 ; 11 ; 0.229769 ; 0.00605015 ; -0.00432054 ; 101.528;
7 ; 20 ; 11 ; 0.237037 ; 0.0075631 ; -0.00631431 ; 101.379;
8 ; 20 ; 11 ; 0.232096 ; 0.00241129 ; -0.00497324 ; 101.313;
9 ; 20 ; 11 ; 0.220161 ; -0.0103879 ; -0.00976004 ; 101.585;
10 ; 20 ; 11 ; 0.233755 ; 0.00708625 ; 0.0240079 ; 101.442;
11 ; 20 ; 11 ; 0.22478 ; -0.00610583 ; -0.00433841 ; 101.412;
12 ; 20 ; 11 ; 0.230273 ; -0.0001868 ; 0.00335698 ; 101.683;
13 ; 20 ; 11 ; 0.242217 ; -0.00260029 ; -0.00175083 ; 101.493;
14 ; 20 ; 11 ; 0.234411 ; 0.00483641 ; 0.00838749 ; 101.587;
15 ; 20 ; 11 ; 0.230556 ; 0.0118217 ; 0.00322508 ; 101.433;
16 ; 20 ; 11 ; 0.234725 ; -0.0016862 ; -0.00683495 ; 101.824;
17 ; 20 ; 11 ; 0.222389 ; 0.00779783 ; -0.008694 ; 100.838;
18 ; 20 ; 11 ; 0.23952 ; 0.00121264 ; -0.00144477 ; 101.475;
19 ; 20 ; 11 ; 0.223573 ; 0.00435499 ; -0.0164122 ; 101.648;
20 ; 20 ; 11 ; 0.237439 ; -0.00243182 ; 0.00019118 ; 101.098;
21 ; 20 ; 11 ; 0.240305 ; -0.0127262 ; -0.00387186 ; 101.477;
4 ; 21 ; 11 ; 0.240489 ; -0.0145811 ; -0.00546181 ; 101.48;
5 ; 21 ; 11 ; 0.234088 ; 0.00599319 ; 0.00910215 ; 101.739;
6 ; 21 ; 11 ; 0.225895 ; -0.00148206 ; 0.0018603 ; 101.384;
7 ; 21 ; 11 ; 0.2364 ; -0.00339614 ; -0.000898964 ; 101.715;
8 ; 21 ; 11 ; 0.232158 ; -0.00477037 ; -0.0058613 ; 101.253;
9 ; 21 ; 11 ; 0.222388 ; -0.00411399 ; 0.00897876 ; 101.218;
10 ; 21 ; 11 ; 0.230278 ; 0.00803585 ; 0.00222554 ; 101.421;
11 ; 21 ; 11 ; 0.23613 ; 0.00222973 ; 0.00209133 ; 101.663;
12 ; 21 ; 11 ; 0.231792 ; 0.00907175 ; 0.00149123 ; 101.669;
13 ; 21 ; 11 ; 0.235616 ; 0.0126288 ; 0.0036637 ; 101.496;
14 ; 21 ; 11 ; 0.245845 ; 0.0186934 ; -0.00335638 ; 101.591;
15 ; 21 ; 11 ; 0.247586 ; 0.00465068 ; 0.00309672 ; 101.969;
16 ; 21 ; 11 ; 0.240415 ; -0.00903624 ; 0.00340808 ; 101.119;
17 ; 21 ; 11 ; 0.226576 ; 0.0152937 ; 0.00940611 ; 101.928;
18 ; 21 ; 11 ; 0.228605 ; -0.00359439 ; -0.00695192 ; 101.536;
19 ; 21 ; 11 ; 0.229737 ; -0.00370505 ; 0.0109471 ; 101.487;
20 ; 21 ; 11 ; 0.224145 ; 0.000308974 ; 0.000191424 ; 101.831;
21 ; 21 ; 11 ; 0.231549 ; 0.00586339 ; -0.00268127 ; 101.819;
4 ; 4 ; 12 ; 0.188922 ; -0.00285928 ; 0.00838752 ; 101.981;
5 ; 4 ; 12 ; 0.184156 ; -0.0116086 ; 0.00575237 ; 101.916;
6 ; 4 ; 12 ; 0.179723 ; 0.0152716 ; -0.00530104 ; 101.728;
7 ; 4 ; 12 ; 0.194012 ; -0.00549122 ; -0.011589 ; 101.572;
8 ; 4 ; 12 ; 0.185828 ; 0.00312605 ; 0.0018378 ; 101.241;
9 ; 4 ; 12 ; 0.182686 ; -0.0122095 ; 0.00356081 ; 101.199;
10 ; 4 ; 12 ; 0.170415 ; -0.00801796 ; 0.00307001 ; 100.999;
11 ; 4 ; 12 ; 0.164986 ; -0.00743348 ; 0.00545508 ; 101.433;
12 ; 4 ; 12 ; 0.179176 ; 0.00464194 ; -0.00506158 ; 101.412;
13 ; 4 ; 12 ; 0.187755 ; 0.00135312 ; -0.00247348 ; 101.81;
14 ; 4 ; 12 ; 0.187146 ; 0.00796354 ; 0.00946727 ; 101.787;
15 ; 4 ; 12 ; 0.196562 ; 0.00963969 ; -0.00590824 ; 101.213;
16 ; 4 ; 12 ; 0.190596 ; -0.00472185 ; -0.00708694 ; 101.496;
17 ; 4 ; 12 ; 0.197097 ; -0.00399758 ; 0.00178324 ; 101.132;
18 ; 4 ; 12 ; 0.188252 ; -0.00825318 ; -0.00750107 ; 101.752;
19 ; 4 ; 12 ; 0.180514 ; -0.00257583 ; -0.00131835 ; 101.259;
20 ; 4 ; 12 ; 0.179489 ; -0.00121839 ; 0.00129228 ; 101.964;
21 ; 4 ; 12 ; 0.186122 ; -0.0113823 ; 0.0017566 ; 101.264;
4 ; 5 ; 12 ; 0.174213 ; -0.00132491 ; 0.00719526 ; 101.009;
5 ; 5 ; 12 ; 0.171027 ; -0.00237979 ; -0.0152593 ; 101.5;
6 ; 5 ; 12 ; 0.173591 ; -0.00845882 ; 0.000189156 ; 101.296;
7 ; 5 ; 12 ; 0.181234 ; 0.00318848 ; 0.0105585 ; 101.733;
8 ; 5 ; 12 ; 0.18147 ; 0.00617299 ; -0.00451 ; 101.362;
9 ; 5 ; 12 ; 0.185275 ; 0.00107487 ; 0.00136968 ; 101.611;
10 ; 5 ; 12 ; 0.181182 ; 0.00755928 ; 0.000705713 ; 101.762;
11 ; 5 ; 12 ; 0.18377 ; -0.00982739 ; 0.0127851 ; 101.64;
12 ; 5 ; 12 ; 0.169156 ; -0.0129137 ; -0.00659307 ; 102.02;
13 ; 5 ; 12 ; 0.184699 ; -0.00378492 ; 0.00665381 ; 101.556;
14 ; 5 ; 12 ; 0.180025 ; 0.00500294 ; -0.000113033 ; 101.784;
15 ; 5 ; 12 ; 0.1753 ; 0.00224234 ; -0.00156238 ; 101.964;
16 ; 5 ; 12 ; 0.184227 ; -0.00434844 ; -0.0101776 ; 101.314;
17 ; 5 ; 12 ; 0.172863 ; 0.000721967 ; -0.00501401 ; 101.502;
18 ; 5 ; 12 ; 0.18886 ; -0.0042138 ; 0.00324635 ; 101.505;
19 ; 5 ; 12 ; 0.181669 ; 0.00762058 ; 0.00214618 ; 101.713;
20 ; 5 ; 12 ; 0.178205 ; -0.00519548 ; -0.00513727 ; 101.547;
21 ; 5 ; 12 ; 0.192239 ; -0.0124973 ; 0.00628225 ; 101.489;
4 ; 6 ; 12 ; 0.18208 ; -0.00540853 ; 0.00579006 ; 101.416;
5 ; 6 ; 12 ; 0.180337 ; -0.003257 ; -0.00757025 ; 101.795;
6 ; 6 ; 12 ; 0.190016 ; -0.00353734 ; 0.00656217 ; 101.307;
7 ; 6 ; 12 ; 0.175263 ; 0.00633099 ; 0.00866877 ; 101.854;
8 ; 6 ; 12 ; 0.17881 ; 0.00042768 ; 0.00638861 ; 101.37;
9 ; 6 ; 12 ; 0.175841 ; 0.0018504 ; 0.0131436 ; 101.492;
10 ; 6 ; 12 ; 0.182677 ; -0.000600493 ; -0.0123445 ; 101.196;
11 ; 6 ; 12 ; 0.182547 ; 0.00401257 ; -0.000898617 ; 101.572;
12 ; 6 ; 12 ; 0.189106 ; 0.00192865 ; 0.000321075 ; 101.577;
13 ; 6 ; 12 ; 0.179197 ; -0.00133682 ; 0.0195583 ; 101.599;
14 ; 6 ; 12 ; 0.169232 ; -0.00308679 ; 0.00379406 ; 101.449;
15 ; 6 ; 12 ; 0.173495 ; 0.000128991 ; -0.00446351 ; 101.261;
16 ; 6 ; 12 ; 0.172992 ; 0.000852755 ; -0.00165455 ; 101.35;
17 ; 6 ; 12 ; 0.177812 ; 0.00191237 ; -0.00721132 ; 101.247;
18 ; 6 ; 12 ; 0.17357 ; 0.00904467 ; 0.00166187 ; 101.537;
19 ; 6 ; 12 ; 0.17747 ; -0.00505578 ; -0.00872816 ; 101.513;
20 ; 6 ; 12 ; 0.194284 ; 0.00958761 ; -0.0017503 ; 101.198;
21 ; 6 ; 12 ; 0.181438 ; 0.00529351 ; -0.00566407 ; 101.24;
4 ; 7 ; 12 ; 0.182846 ; -0.016194 ; -0.00514764 ; 101.138;
5 ; 7 ; 12 ; 0.18761 ; -0.00927561 ; -0.00191701 ; 101.476;
6 ; 7 ; 12 ; 0.181301 ; 0.00837576 ; -0.0125849 ; 102.002;
7 ; 7 ; 12 ; 0.18688 ; -0.0112508 ; 0.00474757 ; 101.704;
8 ; 7 ; 12 ; 0.18162 ; 0.00285305 ; 0.00389937 ; 101.346;
9 ; 7 ; 12 ; 0.180201 ; 0.000605159 ; -0.000293748 ; 101.487;
10 ; 7 ; 12 ; 0.185432 ; -0.0105793 ; 0.00967556 ; 101.427;
11 ; 7 ; 12 ; 0.190924 ; 0.00620478 ; -0.00475239 ; 101.372;
12 ; 7 ; 12 ; 0.18167 ; 0.0201794 ; 0.00250309 ; 101.547;
13 ; 7 ; 12 ; 0.181273 ; -0.00554238 ; 0.000151767 ; 101.387;
14 ; 7 ; 12 ; 0.190378 ; -0.0140147 ; -0.0033714 ; 101.424;
15 ; 7 ; 12 ; 0.194507 ; -0.00406518 ; 0.00195432 ; 102.246;
16 ; 7 ; 12 ; 0.190638 ; 0.00201035 ; -0.00177431 ; 101.373;
17 ; 7 ; 12 ; 0.180812 ; -0.0109906 ; -0.00116737 ; 101.581;
18 ; 7 ; 12 ; 0.181548 ; 0.0085043 ; -0.00744961 ; 100.849;
19 ; 7 ; 12 ; 0.183351 ; 0.0144814 ; -0.00504968 ; 101.02;
20 ; 7 ; 12 ; 0.188705 ; 0.00065174 ; -0.00577245 ; 101.116;
21 ; 7 ; 12 ; 0.18425 ; 0.00120121 ; -0.00306993 ; 101.883;
4 ; 8 ; 12 ; 0.190107 ; 0.00553695 ; -0.00958158 ; 101.622;
5 ; 8 ; 12 ; 0.185305 ; -0.000934033 ; -0.00434143 ; 101.34;
6 ; 8 ; 12 ; 0.174324 ; -0.0188723 ; 0.0174421 ; 101.766;
7 ; 8 ; 12 ; 0.181478 ; -0.00704541 ; 0.00524923 ; 101.943;
8 ; 8 ; 12 ; 0.188422 ; -0.00549066 ; 0.00878464 ; 101.74;
9 ; 8 ; 12 ; 0.180264 ; 0.00019481 ; 0.00890692 ; 101.497;
10 ; 8 ; 12 ; 0.192575 ; 0.00624229 ; 0.0268827 ; 101.682;
11 ; 8 ; 12 ; 0.177702 ; 3.23755e-05 ; 0.00623228 ; 101.884;
12 ; 8 ; 12 ; 0.180148 ; 0.00228262 ; -0.00533404 ; 101.439;
13 ; 8 ; 12 ; 0.17726 ; 0.000707725 ; 0.00254433 ; 101.653;
14 ; 8 ; 12 ; 0.190145 ; -0.00754532 ; -0.000674141 ; 101.293;
15 ; 8 ; 12 ; 0.176599 ; 0.00197211 ; 0.00616576 ; 101.16;
16 ; 8 ; 12 ; 0.180772 ; 0.00348708 ; -0.00139357 ; 101.261;
17 ; 8 ; 12 ; 0.178703 ; 0.00174346 ; -0.0145014 ; 101.477;
18 ; 8 ; 12 ; 0.184199 ; -0.0116355 ; -0.000470894 ; 101.866;
19 ; 8 ; 12 ; 0.18001 ; 0.0126559 ; 0.00262853 ; 101.586;
20 ; 8 ; 12 ; 0.17529 ; 0.00756411 ; -0.00489838 ; 101.696;
21 ; 8 ; 12 ; 0.174559 ; -0.0107969 ; 0.00806619 ; 101.803;
4 ; 9 ; 12 ; 0.189912 ; 0.000867714 ; 0.0054117 ; 101.883;
5 ; 9 ; 12 ; 0.177792 ; -0.00855175 ; -0.0127519 ; 101.644;
6 ; 9 ; 12 ; 0.184268 ; -0.00458892 ; 0.00317197 ; 102.257;
7 ; 9 ; 12 ; 0.185786 ; -0.00551049 ; 0.0040932 ; 101.63;
8 ; 9 ; 12 ; 0.187609 ; -0.00525442 ; 0.011134 ; 101.173;
9 ; 9 ; 12 ; 0.180785 ; -0.00376321 ; -0.00142908 ; 101.506;
10 ; 9 ; 12 ; 0.177412 ; 0.00240767 ; -0.0119701 ; 101.468;
11 ; 9 ; 12 ; 0.169507 ; 0.00394213 ; -0.000513451 ; 101.724;
12 ; 9 ; 12 ; 0.157335 ; -0.000322252 ; 0.00017436 ; 101.663;
13 ; 9 ; 12 ; 0.190605 ; 0.00386162 ; -0.00708092 ; 101.336;
14 ; 9 ; 12 ; 0.203766 ; -0.00166003 ; 0.00878882 ; 101.579;
15 ; 9 ; 12 ; 0.187423 ; -0.00874179 ; -0.0189532 ; 101.491;
16 ; 9 ; 12 ; 0.183453 ; 0.00485591 ; -0.017928 ; 101.559;
17 ; 9 ; 12 ; 0.180751 ; 0.0096247 ; -0.00133416 ; 101.585;
18 ; 9 ; 12 ; 0.187493 ; -0.00909135 ; -0.00132264 ; 101.588;
19 ; 9 ; 12 ; 0.184086 ; 0.00213918 ; 0.000402816 ; 101.578;
20 ; 9 ; 12 ; 0.191001 ; -0.000478468 ; -0.000870432 ; 101.089;
21 ; 9 ; 12 ; 0.191028 ; -0.00479043 ; -0.0159475 ; 101.604;
4 ; 10 ; 12 ; 0.181952 ; 0.00378693 ; -0.00574493 ; 101.529;
5 ; 10 ; 12 ; 0.189378 ; 0.0117063 ; -0.00396756 ; 101.82;
6 ; 10 ; 12 ; 0.188208 ; -0.00188831 ; 0.00163508 ; 100.925;
7 ; 10 ; 12 ; 0.174412 ; -0.00595813 ; 0.013113 ; 101.327;
8 ; 10 ; 12 ; 0.188338 ; 0.0113254 ; -0.00733625 ; 101.497;
9 ; 10 ; 12 ; 0.179732 ; -0.00264687 ; 0.00511171 ; 101.436;
10 ; 10 ; 12 ; 0.191071 ; 0.00581717 ; -0.00304087 ; 101.548;
11 ; 10 ; 12 ; 0.190114 ; 0.00674129 ; -0.00208467 ; 102.068;
12 ; 10 ; 12 ; 0.195343 ; -0.00258937 ; -0.00972051 ; 101.494;
13 ; 10 ; 12 ; 0.175368 ; -0.00480799 ; -0.00520924 ; 101.894;
14 ; 10 ; 12 ; 0.178904 ; -0.00840443 ; -0.00854358 ; 101.731;
15 ; 10 ; 12 ; 0.189279 ; -0.00594922 ; 0.00705895 ; 101.343;
16 ; 10 ; 12 ; 0.181048 ; -0.0110288 ; 0.00455862 ; 101.561;
17 ; 10 ; 12 ; 0.193467 ; -0.0138083 ; -0.0127209 ; 101.532;
18 ; 10 ; 12 ; 0.179557 ; -0.0130161 ; -0.00940751 ; 101.437;
19 ; 10 ; 12 ; 0.180174 ; 0.00185272 ; -0.0144669 ; 101.668;
20 ; 10 ; 12 ; 0.175731 ; -0.00236466 ; -0.00557816 ; 101.312;
21 ; 10 ; 12 ; 0.183853 ; 0.00514908 ; -0.0103512 ; 101.416;
4 ; 11 ; 12 ; 0.185909 ; -0.00122926 ; 0.00329853 ; 101.856;
5 ; 11 ; 12 ; 0.175766 ; -0.0129315 ; 0.00777684 ; 101.315;
6 ; 11 ; 12 ; 0.164594 ; -0.00262454 ; 2.75327e-06 ; 101.64;
7 ; 11 ; 12 ; 0.185372 ; -0.0124759 ; -0.00155948 ; 101.143;
8 ; 11 ; 12 ; 0.181091 ; 0.000548653 ; 0.00539952 ; 101.617;
9 ; 11 ; 12 ; 0.195638 ; 0.00616809 ; 0.00915924 ; 101.116;
10 ; 11 ; 12 ; 0.176976 ; -0.0113115 ; 0.011624 ; 101.129;
11 ; 11 ; 12 ; 0.184563 ; -0.00551502 ; 0.0018809 ; 101.468;
12 ; 11 ; 12 ; 0.193366 ; 0.0102951 ; 0.00218027 ; 101.539;
13 ; 11 ; 12 ; 0.194512 ; -0.00277856 ; -0.000986493 ; 101.231;
14 ; 11 ; 12 ; 0.177542 ; -0.0138044 ; 0.00396459 ; 101.713;
15 ; 11 ; 12 ; 0.185435 ; -0.0100383 ; -0.00949533 ; 101.076;
16 ; 11 ; 12 ; 0.178863 ; 0.00459957 ; 0.000371674 ; 101.556;
17 ; 11 ; 12 ; 0.172606 ; 0.00217066 ; -0.0171946 ; 101.611;
18 ; 11 ; 12 ; 0.189892 ; 0.00420104 ; -0.0151449 ; 101.487;
19 ; 11 ; 12 ; 0.190474 ; 0.00423941 ; -0.0100825 ; 101.197;
20 ; 11 ; 12 ; 0.185116 ; -0.00641807 ; -0.00924872 ; 101.373;
21 ; 11 ; 12 ; 0.177168 ; -0.00091399 ; -0.0163837 ; 101.838;
4 ; 12 ; 12 ; 0.183739 ; -0.0030779 ; 0.00928882 ; 101.326;
5 ; 12 ; 12 ; 0.170298 ; -0.0182274 ; 0.00809086 ; 101.198;
6 ; 12 ; 12 ; 0.176555 ; 0.00614373 ; -0.00298214 ; 101.549;
7 ; 12 ; 12 ; 0.182001 ; -0.0209347 ; -0.000233038 ; 101.575;
8 ; 12 ; 12 ; 0.188219 ; 0.00670263 ; 0.0202669 ; 100.964;
9 ; 12 ; 12 ; 0.179248 ; 0.00931392 ; -0.00410354 ; 101.464;
10 ; 12 ; 12 ; 0.209793 ; 0.00203116 ; -0.00604477 ; 102.264;
11 ; 12 ; 12 ; 0.177353 ; -0.00687779 ; -0.00300888 ; 101.114;
12 ; 12 ; 12 ; 0.196902 ; -0.00595658 ; 0.017573 ; 101.721;
13 ; 12 ; 12 ; 0.19191 ; -0.00792548 ; 0.00257845 ; 101.221;
14 ; 12 ; 12 ; 0.175911 ; -0.00520645 ; 0.00542423 ; 101.109;
15 ; 12 ; 12 ; 0.186821 ; 0.0106029 ; 0.00108653 ; 101.344;
16 ; 12 ; 12 ; 0.192389 ; 0.00558276 ; 0.00347233 ; 101.671;
17 ; 12 ; 12 ; 0.190474 ; 0.000691581 ; -0.0102897 ; 101.838;
18 ; 12 ; 12 ; 0.18655 ; 0.00507649 ; -0.0192063 ; 101.161;
19 ; 12 ; 12 ; 0.178556 ; -0.0111977 ; 0.00382097 ; 101.746;
20 ; 12 ; 12 ; 0.190366 ; -0.0125137 ; -0.000193443 ; 101.597;
21 ; 12 ; 12 ; 0.181733 ; 0.00982351 ; -0.0019238 ; 101.199;
4 ; 13 ; 12 ; 0.186341 ; -0.00634649 ; 0.00292686 ; 101.678;
5 ; 13 ; 12 ; 0.18978 ; -0.000863324 ; 0.00720238 ; 101.618;
6 ; 13 ; 12 ; 0.183308 ; -0.0160905 ; 0.0155184 ; 101.686;
7 ; 13 ; 12 ; 0.189799 ; 0.00566313 ; 0.00114801 ; 101.417;
8 ; 13 ; 12 ; 0.189909 ; 0.0044798 ; 0.0170167 ; 101.39;
9 ; 13 ; 12 ; 0.176874 ; 0.00685094 ; 0.0123217 ; 101.524;
10 ; 13 ; 12 ; 0.177371 ; 0.00526988 ; -0.0010685 ; 101.056;
11 ; 13 ; 12 ; 0.186932 ; -0.00249712 ; 0.00790321 ; 101.352;
12 ; 13 ; 12 ; 0.172758 ; 0.00326818 ; 0.00354253 ; 101.411;
13 ; 13 ; 12 ; 0.183704 ; -0.012251 ; 0.0187528 ; 101.59;
14 ; 13 ; 12 ; 0.183949 ; -0.0143361 ; 0.0152998 ; 101.666;
15 ; 13 ; 12 ; 0.180452 ; -0.00576072 ; 0.00857877 ; 101.648;
16 ; 13 ; 12 ; 0.186299 ; -0.000289535 ; -0.00118086 ; 100.964;
17 ; 13 ; 12 ; 0.179992 ; -0.0021232 ; -0.00117039 ; 101.424;
18 ; 13 ; 12 ; 0.191946 ; -0.000520547 ; -0.0145079 ; 101.014;
19 ; 13 ; 12 ; 0.195989 ; -0.00391493 ; -0.00192274 ; 101.164;
20 ; 13 ; 12 ; 0.191058 ; 0.000133275 ; -0.0101415 ; 101.339;
21 ; 13 ; 12 ; 0.190957 ; -0.00747494 ; -0.0014523 ; 101.614;
4 ; 14 ; 12 ; 0.16965 ; 0.00501922 ; 0.00319285 ; 101.465;
5 ; 14 ; 12 ; 0.174201 ; -0.00815769 ; -0.00642745 ; 101.223;
6 ; 14 ; 12 ; 0.183787 ; -0.0142837 ; 0.0110947 ; 101.791;
7 ; 14 ; 12 ; 0.188603 ; 0.0105236 ; 0.000613226 ; 101.335;
8 ; 14 ; 12 ; 0.198334 ; 0.00332983 ; 0.00802882 ; 101.091;
9 ; 14 ; 12 ; 0.170151 ; 0.0052907 ; 0.000865396 ; 101.329;
10 ; 14 ; 12 ; 0.174704 ; 0.000698154 ; 0.00531228 ; 101.533;
11 ; 14 ; 12 ; 0.179094 ; 0.00420497 ; 0.0142821 ; 101.07;
12 ; 14 ; 12 ; 0.185224 ; 0.00460312 ; 0.00218522 ; 101.721;
13 ; 14 ; 12 ; 0.174072 ; -0.00627828 ; -0.00164746 ; 101.624;
14 ; 14 ; 12 ; 0.175323 ; -0.0157982 ; -0.00491331 ; 101.56;
15 ; 14 ; 12 ; 0.185732 ; 0.00725826 ; 0.00239576 ; 101.679;
16 ; 14 ; 12 ; 0.190753 ; 0.00246505 ; -0.00109322 ; 102.159;
17 ; 14 ; 12 ; 0.182491 ; 0.00430656 ; 0.0035101 ; 101.699;
18 ; 14 ; 12 ; 0.170238 ; -0.0184707 ; -0.00548058 ; 101.655;
19 ; 14 ; 12 ; 0.173306 ; -0.0158202 ; -0.000730032 ; 102.048;
20 ; 14 ; 12 ; 0.197287 ; 0.00286667 ; -0.00399059 ; 101.375;
21 ; 14 ; 12 ; 0.180378 ; 0.00237181 ; 0.00407547 ; 101.466;
4 ; 15 ; 12 ; 0.181967 ; -0.00337179 ; -0.00440436 ; 101.828;
5 ; 15 ; 12 ; 0.175444 ; -0.0036355 ; -0.00130182 ; 101.246;
6 ; 15 ; 12 ; 0.180902 ; -0.00045206 ; 0.00859813 ; 101.904;
7 ; 15 ; 12 ; 0.182271 ; -0.00433438 ; 0.00953424 ; 101.499;
8 ; 15 ; 12 ; 0.177908 ; -0.0134868 ; 0.003326 ; 101.586;
9 ; 15 ; 12 ; 0.175821 ; -6.60123e-05 ; 0.0233675 ; 101.364;
10 ; 15 ; 12 ; 0.18076 ; 0.00104144 ; 0.00130171 ; 101.3;
11 ; 15 ; 12 ; 0.185289 ; -0.0158532 ; 0.00305829 ; 101.675;
12 ; 15 ; 12 ; 0.200621 ; 0.00163884 ; -0.00853554 ; 101.524;
13 ; 15 ; 12 ; 0.186061 ; -0.00800058 ; 0.00619006 ; 101.206;
14 ; 15 ; 12 ; 0.183172 ; 0.00846134 ; -0.00428277 ; 101.298;
15 ; 15 ; 12 ; 0.183501 ; 0.00381976 ; -0.00532185 ; 102.098;
16 ; 15 ; 12 ; 0.185821 ; 0.00419559 ; -0.00514873 ; 101.346;
17 ; 15 ; 12 ; 0.181576 ; 0.00489819 ; -0.0205531 ; 101.525;
18 ; 15 ; 12 ; 0.183362 ; 0.00270316 ; -0.00852069 ; 101.532;
19 ; 15 ; 12 ; 0.168877 ; -0.0119185 ; 0.000409318 ; 101.388;
20 ; 15 ; 12 ; 0.19235 ; -0.0082008 ; -0.00969553 ; 101.317;
21 ; 15 ; 12 ; 0.189769 ; 0.0055392 ; -0.00302189 ; 101.416;
4 ; 16 ; 12 ; 0.184999 ; -0.00693592 ; 0.00337518 ; 101.636;
5 ; 16 ; 12 ; 0.163918 ; 0.00499924 ; 0.00631224 ; 101.142;
6 ; 16 ; 12 ; 0.185318 ; 0.0152605 ; 0.0040157 ; 101.269;
7 ; 16 ; 12 ; 0.179255 ; -0.00256456 ; 0.0145203 ; 101.391;
8 ; 16 ; 12 ; 0.1735 ; 0.0160116 ; 0.013405 ; 101.437;
9 ; 16 ; 12 ; 0.165542 ; 0.00504139 ; -0.00122807 ; 101.241;
10 ; 16 ; 12 ; 0.176607 ; 0.00659464 ; -0.00304113 ; 101.667;
11 ; 16 ; 12 ; 0.18033 ; -0.0137028 ; 0.00453826 ; 101.674;
12 ; 16 ; 12 ; 0.17707 ; 0.00889674 ; -0.00126958 ; 101.244;
13 ; 16 ; 12 ; 0.182982 ; 0.0108718 ; 0.00319598 ; 101.41;
14 ; 16 ; 12 ; 0.183873 ; 0.00618386 ; 0.00202498 ; 101.381;
15 ; 16 ; 12 ; 0.173285 ; 0.00258334 ; -0.00458959 ; 102.002;
16 ; 16 ; 12 ; 0.190748 ; -0.0036261 ; -0.0019315 ; 101.61;
17 ; 16 ; 12 ; 0.185447 ; -0.00417179 ; -0.00888038 ; 101.624;
18 ; 16 ; 12 ; 0.177008 ; -0.00976724 ; -0.0159582 ; 101.66;
19 ; 16 ; 12 ; 0.183843 ; -0.00836325 ; 0.00585936 ; 101.326;
20 ; 16 ; 12 ; 0.180009 ; -0.00472478 ; -0.00744917 ; 101.672;
21 ; 16 ; 12 ; 0.176477 ; 0.00723522 ; -0.00222101 ; 101.465;
4 ; 17 ; 12 ; 0.188188 ; 0.00121403 ; 0.00104262 ; 101.664;
5 ; 17 ; 12 ; 0.185543 ; 0.00430295 ; -0.000415239 ; 101.277;
6 ; 17 ; 12 ; 0.197893 ; -0.00327742 ; 0.0138467 ; 101.578;
7 ; 17 ; 12 ; 0.169236 ; 0.0054835 ; 0.00996341 ; 101.191;
8 ; 17 ; 12 ; 0.177821 ; -0.00988942 ; 0.00592797 ; 101.185;
9 ; 17 ; 12 ; 0.17626 ; -0.000613506 ; 0.00260927 ; 101.604;
10 ; 17 ; 12 ; 0.184497 ; 0.00953501 ; -0.000876387 ; 101.688;
11 ; 17 ; 12 ; 0.181836 ; 0.00106534 ; -0.00604968 ; 102.04;
12 ; 17 ; 12 ; 0.174323 ; 0.0109585 ; 0.0133795 ; 101.158;
13 ; 17 ; 12 ; 0.171311 ; -0.00216913 ; -0.00265042 ; 101.462;
14 ; 17 ; 12 ; 0.176601 ; 0.0134695 ; 0.0124346 ; 101.302;
15 ; 17 ; 12 ; 0.180318 ; 0.00999361 ; 0.00204354 ; 101.7;
16 ; 17 ; 12 ; 0.189871 ; 0.00271332 ; -0.00820138 ; 101.488;
17 ; 17 ; 12 ; 0.1853 ; 0.0024082 ; -0.00817214 ; 101.462;
18 ; 17 ; 12 ; 0.188857 ; 0.00715352 ; -0.0105491 ; 101.807;
19 ; 17 ; 12 ; 0.193448 ; -0.0128725 ; -0.00140705 ; 101.79;
20 ; 17 ; 12 ; 0.187044 ; 0.00118464 ; -0.00889458 ; 101.498;
21 ; 17 ; 12 ; 0.183663 ; 0.0113022 ; -0.00938692 ; 101.478;
4 ; 18 ; 12 ; 0.178043 ; 0.00861855 ; -0.000734904 ; 101.167;
5 ; 18 ; 12 ; 0.185915 ; 0.00288445 ; 0.0153572 ; 101.223;
6 ; 18 ; 12 ; 0.1891 ; -0.00280201 ; -0.00698791 ; 101.025;
7 ; 18 ; 12 ; 0.182491 ; 0.00925357 ; -0.00230006 ; 101.572;
8 ; 18 ; 12 ; 0.182381 ; -0.000863381 ; 0.00576804 ; 101.321;
9 ; 18 ; 12 ; 0.188938 ; 0.0106479 ; -0.00101808 ; 101.282;
10 ; 18 ; 12 ; 0.184598 ; 0.00365527 ; 0.00735314 ; 101.627;
11 ; 18 ; 12 ; 0.187909 ; 0.00842887 ; -0.00560873 ; 101.481;
12 ; 18 ; 12 ; 0.175454 ; -0.00473625 ; -0.000399585 ; 101.139;
13 ; 18 ; 12 ; 0.16759 ; 0.00129483 ; 0.0191968 ; 101.037;
14 ; 18 ; 12 ; 0.180454 ; 0.00229725 ; -0.00367212 ; 101.54;
15 ; 18 ; 12 ; 0.19171 ; 0.00388323 ; -0.00944072 ; 101.463;
16 ; 18 ; 12 ; 0.194929 ; 0.00648746 ; -0.000865806 ; 101.057;
17 ; 18 ; 12 ; 0.178701 ; -0.00084947 ; -0.00426779 ; 101.583;
18 ; 18 ; 12 ; 0.182283 ; 0.0154339 ; -0.000869169 ; 101.62;
19 ; 18 ; 12 ; 0.178206 ; 0.00521523 ; 0.00400109 ; 101.432;
20 ; 18 ; 12 ; 0.184797 ; 0.00430483 ; 0.00465948 ; 101.696;
21 ; 18 ; 12 ; 0.188517 ; 0.00739335 ; -0.00342428 ; 101.472;
4 ; 19 ; 12 ; 0.186926 ; -0.0122845 ; 0.00829973 ; 101.454;
5 ; 19 ; 12 ; 0.187887 ; -0.0117058 ; 0.00207219 ; 101.187;
6 ; 19 ; 12 ; 0.179421 ; 0.000495021 ; -0.00568499 ; 101.585;
7 ; 19 ; 12 ; 0.174764 ; 0.000868817 ; 0.0113187 ; 101.583;
8 ; 19 ; 12 ; 0.17804 ; -0.0043855 ; 0.00996967 ; 101.555;
9 ; 19 ; 12 ; 0.179449 ; -0.00929796 ; -0.00221249 ; 101.112;
10 ; 19 ; 12 ; 0.183763 ; -0.0129618 ; 0.0178919 ; 101.373;
11 ; 19 ; 12 ; 0.177144 ; 0.00373425 ; 0.0119509 ; 101.575;
12 ; 19 ; 12 ; 0.189682 ; 0.00558707 ; 0.006725 ; 100.613;
13 ; 19 ; 12 ; 0.18273 ; -0.0117676 ; -7.12915e-06 ; 101.606;
14 ; 19 ; 12 ; 0.17417 ; -0.000668778 ; 0.00644439 ; 101.295;
15 ; 19 ; 12 ; 0.182583 ; 0.00605971 ; -0.00108043 ; 101.607;
16 ; 19 ; 12 ; 0.172581 ; 0.00158553 ; -0.005295 ; 101.042;
17 ; 19 ; 12 ; 0.180157 ; -0.00603648 ; -0.00316186 ; 100.988;
18 ; 19 ; 12 ; 0.185804 ; 0.00510194 ; -0.0167832 ; 101.579;
19 ; 19 ; 12 ; 0.18746 ; -0.000290037 ; -0.010153 ; 101.24;
20 ; 19 ; 12 ; 0.193019 ; 0.00870783 ; 0.0039833 ; 101.74;
21 ; 19 ; 12 ; 0.184589 ; -0.00993193 ; 0.00986735 ; 101.471;
4 ; 20 ; 12 ; 0.173054 ; -0.00596399 ; 0.00623774 ; 101.165;
5 ; 20 ; 12 ; 0.177721 ; 0.00913626 ; 0.00375805 ; 101.556;
6 ; 20 ; 12 ; 0.179195 ; -0.0103234 ; 0.000736391 ; 101.9;
7 ; 20 ; 12 ; 0.176786 ; -0.00250999 ; -0.00393325 ; 101.654;
8 ; 20 ; 12 ; 0.170695 ; -0.00936608 ; 0.00162714 ; 101.708;
9 ; 20 ; 12 ; 0.18532 ; -0.00512971 ; 0.00207631 ; 101.636;
10 ; 20 ; 12 ; 0.179206 ; -0.00774989 ; -0.00682815 ; 101.619;
11 ; 20 ; 12 ; 0.189455 ; -0.000975304 ; -0.00235672 ; 101.42;
12 ; 20 ; 12 ; 0.184186 ; 0.000207357 ; 0.0115585 ; 101.283;
13 ; 20 ; 12 ; 0.185348 ; -0.00563867 ; -0.00115586 ; 101.65;
14 ; 20 ; 12 ; 0.17983 ; 0.00763366 ; 0.00290214 ; 101.313;
15 ; 20 ; 12 ; 0.187752 ; -0.00982795 ; -0.0115709 ; 101.956;
16 ; 20 ; 12 ; 0.188175 ; -0.0084082 ; -0.0126697 ; 101.383;
17 ; 20 ; 12 ; 0.182812 ; -0.00423755 ; -0.00286855 ; 101.263;
18 ; 20 ; 12 ; 0.185496 ; 0.00041242 ; -0.0220784 ; 101.539;
19 ; 20 ; 12 ; 0.189954 ; 0.0062587 ; -0.00963088 ; 101.268;
20 ; 20 ; 12 ; 0.187594 ; -0.00306815 ; 0.00462873 ; 101.631;
21 ; 20 ; 12 ; 0.185085 ; 0.000865956 ; -0.00749127 ; 101.423;
4 ; 21 ; 12 ; 0.184199 ; 0.00434576 ; 0.00550912 ; 101.385;
5 ; 21 ; 12 ; 0.192666 ; 0.00656392 ; 0.00432325 ; 101.358;
6 ; 21 ; 12 ; 0.180205 ; -0.00311965 ; 0.00674306 ; 101.672;
7 ; 21 ; 12 ; 0.180825 ; -0.0121236 ; 0.00354638 ; 101.745;
8 ; 21 ; 12 ; 0.189959 ; -0.0127625 ; -0.0120365 ; 101.229;
9 ; 21 ; 12 ; 0.179053 ; -0.00501516 ; 0.0010187 ; 101.455;
10 ; 21 ; 12 ; 0.177792 ; 0.00673804 ; 0.00111101 ; 101.554;
11 ; 21 ; 12 ; 0.174791 ; -0.00253795 ; -0.0052942 ; 101.702;
12 ; 21 ; 12 ; 0.169746 ; 0.000365385 ; -0.00698608 ; 101.246;
13 ; 21 ; 12 ; 0.184731 ; 0.00802053 ; 0.0114292 ; 101.49;
14 ; 21 ; 12 ; 0.181851 ; 0.00437893 ; 0.00975223 ; 101.525;
15 ; 21 ; 12 ; 0.181903 ; -0.0141295 ; -0.00124209 ; 101.23;
16 ; 21 ; 12 ; 0.179864 ; -0.00200585 ; -0.00157733 ; 101.598;
17 ; 21 ; 12 ; 0.18153 ; -0.00193827 ; 0.00315973 ; 101.423;
18 ; 21 ; 12 ; 0.182521 ; -0.0113418 ; -0.0181947 ; 101.477;
19 ; 21 ; 12 ; 0.193043 ; 0.0137246 ; -0.00431704 ; 101.287;
20 ; 21 ; 12 ; 0.181692 ; 0.0139292 ; 0.0173329 ; 101.381;
21 ; 21 ; 12 ; 0.164141 ; -0.00249707 ; 0.00716025 ; 101.438;
4 ; 4 ; 13 ; 0.150408 ; -0.00666538 ; -0.00422225 ; 101.418;
5 ; 4 ; 13 ; 0.15013 ; 0.00547168 ; 0.00419818 ; 101.428;
6 ; 4 ; 13 ; 0.150696 ; 0.00576426 ; -0.0178124 ; 101.492;
7 ; 4 ; 13 ; 0.136066 ; -0.000185735 ; -0.00567225 ; 101.541;
8 ; 4 ; 13 ; 0.133264 ; -0.00229936 ; 0.00702181 ; 101.523;
9 ; 4 ; 13 ; 0.125062 ; -0.00660676 ; 0.0134473 ; 101.896;
10 ; 4 ; 13 ; 0.129458 ; 0.00780823 ; 0.0017235 ; 101.435;
11 ; 4 ; 13 ; 0.137912 ; 0.000600351 ; 0.00147801 ; 101.606;
12 ; 4 ; 13 ; 0.152608 ; -0.00181802 ; -0.0124904 ; 101.941;
13 ; 4 ; 13 ; 0.128604 ; 0.0014733 ; -0.000363622 ; 101.149;
14 ; 4 ; 13 ; 0.146379 ; 0.00635023 ; -1.79299e-05 ; 101.572;
15 ; 4 ; 13 ; 0.141115 ; 0.000701602 ; 0.00963321 ; 101.827;
16 ; 4 ; 13 ; 0.129699 ; 4.11953e-05 ; 0.000350667 ; 101.354;
17 ; 4 ; 13 ; 0.139322 ; -0.00127075 ; -0.00340481 ; 101.439;
18 ; 4 ; 13 ; 0.132778 ; 0.00696554 ; 0.00380343 ; 101.06;
19 ; 4 ; 13 ; 0.136572 ; -0.00192002 ; -0.0128966 ; 101.8;
20 ; 4 ; 13 ; 0.133322 ; 0.00134665 ; -0.00581204 ; 101.6;
21 ; 4 ; 13 ; 0.147732 ; 0.00982885 ; -0.00750621 ; 101.57;
4 ; 5 ; 13 ; 0.130192 ; 0.00209359 ; 0.00305831 ; 101.502;
5 ; 5 ; 13 ; 0.138626 ; -0.00113245 ; 0.00417275 ; 101.746;
6 ; 5 ; 13 ; 0.152036 ; -0.00996579 ; -9.734e-05 ; 101.349;
7 ; 5 ; 13 ; 0.142859 ; -0.00249732 ; 0.00528043 ; 101.185;
8 ; 5 ; 13 ; 0.133027 ; -0.00865929 ; 0.00732784 ; 101.654;
9 ; 5 ; 13 ; 0.141626 ; 7.03437e-05 ; 0.0153111 ; 101.31;
10 ; 5 ; 13 ; 0.148518 ; 0.00159643 ; 0.011354 ; 102.146;
11 ; 5 ; 13 ; 0.149504 ; 0.00152936 ; -0.000395073 ; 101.15;
12 ; 5 ; 13 ; 0.131932 ; -0.0095277 ; 0.00563715 ; 101.066;
13 ; 5 ; 13 ; 0.133378 ; -0.00307118 ; 0.0148635 ; 101.591;
14 ; 5 ; 13 ; 0.143696 ; -0.0139437 ; -0.00874183 ; 100.968;
15 ; 5 ; 13 ; 0.144773 ; -0.00439904 ; 0.00181091 ; 101.839;
16 ; 5 ; 13 ; 0.1323 ; -0.0057951 ; -0.00847077 ; 101.48;
17 ; 5 ; 13 ; 0.140147 ; 0.0092646 ; -0.00343168 ; 101.042;
18 ; 5 ; 13 ; 0.153609 ; -0.0086123 ; -0.00128298 ; 101.171;
19 ; 5 ; 13 ; 0.133913 ; 0.00204585 ; -0.0154003 ; 101.709;
20 ; 5 ; 13 ; 0.141465 ; -0.00714459 ; -0.00747353 ; 101.488;
21 ; 5 ; 13 ; 0.13677 ; -0.00288018 ; -0.0086093 ; 100.902;
4 ; 6 ; 13 ; 0.137431 ; 0.0105357 ; 0.00220095 ; 101.149;
5 ; 6 ; 13 ; 0.146471 ; 0.0081071 ; 0.000675201 ; 101.508;
6 ; 6 ; 13 ; 0.14956 ; -0.0100609 ; -0.00739535 ; 101.947;
7 ; 6 ; 13 ; 0.141756 ; 0.00292348 ; 0.00972925 ; 101.81;
8 ; 6 ; 13 ; 0.153739 ; -0.0140737 ; 0.00866633 ; 100.869;
9 ; 6 ; 13 ; 0.143374 ; 0.000264069 ; 0.0112825 ; 101.444;
10 ; 6 ; 13 ; 0.148174 ; 0.0189651 ; -0.00349617 ; 101.335;
11 ; 6 ; 13 ; 0.143316 ; -0.00999062 ; -0.000233787 ; 101.316;
12 ; 6 ; 13 ; 0.137493 ; 0.00501286 ; 0.00172599 ; 101.175;
13 ; 6 ; 13 ; 0.150167 ; -0.00481933 ; 0.0043297 ; 101.594;
14 ; 6 ; 13 ; 0.150625 ; 0.0107695 ; 0.00480519 ; 101.635;
15 ; 6 ; 13 ; 0.153617 ; -0.00956249 ; 0.00786049 ; 101.017;
16 ; 6 ; 13 ; 0.14828 ; 0.00121488 ; 0.0122125 ; 101.475;
17 ; 6 ; 13 ; 0.144472 ; 0.00826889 ; -0.0119457 ; 101.456;
18 ; 6 ; 13 ; 0.140117 ; -0.000598599 ; -0.00603494 ; 101.418;
19 ; 6 ; 13 ; 0.14566 ; 0.00423943 ; -0.0110514 ; 101.395;
20 ; 6 ; 13 ; 0.13797 ; -0.00790821 ; -0.00737319 ; 101.635;
21 ; 6 ; 13 ; 0.154143 ; 0.00263977 ; 0.00405721 ; 101.782;
4 ; 7 ; 13 ; 0.141262 ; 0.000261372 ; 0.000891815 ; 101.391;
5 ; 7 ; 13 ; 0.141286 ; -0.00855455 ; 0.00611454 ; 101.504;
6 ; 7 ; 13 ; 0.135921 ; -0.0106233 ; -0.0129843 ; 101.543;
7 ; 7 ; 13 ; 0.126437 ; 0.00245338 ; 0.00657806 ; 101.4;
8 ; 7 ; 13 ; 0.117636 ; 0.0082449 ; -0.00782984 ; 101.371;
9 ; 7 ; 13 ; 0.150951 ; 0.00329393 ; -0.000347098 ; 101.122;
10 ; 7 ; 13 ; 0.145629 ; -0.00161371 ; 0.00815634 ; 100.927;
11 ; 7 ; 13 ; 0.146761 ; 0.00868219 ; 0.00126025 ; 101.402;
12 ; 7 ; 13 ; 0.142981 ; -0.00749908 ; -0.00781354 ; 101.552;
13 ; 7 ; 13 ; 0.136392 ; -0.00493675 ; 0.00275561 ; 101.674;
14 ; 7 ; 13 ; 0.137522 ; 0.0103918 ; 0.0124384 ; 101.383;
15 ; 7 ; 13 ; 0.138478 ; 0.00856638 ; -0.0019345 ; 101.414;
16 ; 7 ; 13 ; 0.150741 ; -0.00502973 ; -0.00975275 ; 101.778;
17 ; 7 ; 13 ; 0.1519 ; -0.00146275 ; -0.00236828 ; 101.337;
18 ; 7 ; 13 ; 0.144035 ; 0.00705631 ; -0.0121529 ; 101.384;
19 ; 7 ; 13 ; 0.141946 ; -0.00555026 ; -0.010831 ; 101.296;
20 ; 7 ; 13 ; 0.146557 ; -0.00278807 ; -0.00836001 ; 101.297;
21 ; 7 ; 13 ; 0.146828 ; 0.00576687 ; -0.0101999 ; 101.154;
4 ; 8 ; 13 ; 0.148114 ; 0.017229 ; -0.00714838 ; 101.762;
5 ; 8 ; 13 ; 0.132201 ; -0.000627119 ; 0.00683939 ; 101.142;
6 ; 8 ; 13 ; 0.138157 ; -0.00161843 ; 0.0020254 ; 101.822;
7 ; 8 ; 13 ; 0.151992 ; 0.00623256 ; 0.00583227 ; 101.879;
8 ; 8 ; 13 ; 0.148224 ; -0.00315069 ; 0.00859582 ; 101.226;
9 ; 8 ; 13 ; 0.131179 ; 0.0176999 ; 0.0111401 ; 101.754;
10 ; 8 ; 13 ; 0.142633 ; -0.00910167 ; -0.00104365 ; 101.568;
11 ; 8 ; 13 ; 0.133151 ; -0.00154842 ; 0.00178172 ; 101.479;
12 ; 8 ; 13 ; 0.132101 ; 0.00447436 ; -0.00328324 ; 101.366;
13 ; 8 ; 13 ; 0.142238 ; 0.00652636 ; 0.0114947 ; 101.715;
14 ; 8 ; 13 ; 0.143825 ; -0.00203879 ; -0.00518158 ; 101.644;
15 ; 8 ; 13 ; 0.146494 ; 0.0111221 ; 0.016248 ; 101.701;
16 ; 8 ; 13 ; 0.144049 ; 0.0082181 ; 0.00407356 ; 101.432;
17 ; 8 ; 13 ; 0.145065 ; -0.000455807 ; -0.0111152 ; 101.283;
18 ; 8 ; 13 ; 0.141349 ; -0.00579697 ; -0.0246908 ; 101.462;
19 ; 8 ; 13 ; 0.149683 ; -0.00768436 ; 0.00565999 ; 101.441;
20 ; 8 ; 13 ; 0.142859 ; 0.00287246 ; -0.00311267 ; 101.279;
21 ; 8 ; 13 ; 0.139331 ; -0.0023147 ; -0.00296185 ; 101.188;
4 ; 9 ; 13 ; 0.141123 ; 0.000867734 ; 0.0121792 ; 101.364;
5 ; 9 ; 13 ; 0.147982 ; 0.000255598 ; -0.00643188 ; 101.369;
6 ; 9 ; 13 ; 0.147205 ; -0.00170707 ; -0.000734585 ; 101.468;
7 ; 9 ; 13 ; 0.14098 ; 0.00227581 ; 0.0112689 ; 101.174;
8 ; 9 ; 13 ; 0.144292 ; 0.00628376 ; 0.00245606 ; 101.317;
9 ; 9 ; 13 ; 0.147152 ; 0.0117599 ; 0.0104257 ; 100.925;
10 ; 9 ; 13 ; 0.141242 ; -0.00494168 ; -0.0083252 ; 101.676;
11 ; 9 ; 13 ; 0.119771 ; 0.00397378 ; 0.00876611 ; 101.291;
12 ; 9 ; 13 ; 0.137849 ; -0.00780392 ; 0.00643108 ; 101.715;
13 ; 9 ; 13 ; 0.138295 ; -0.00628588 ; -0.00620939 ; 100.934;
14 ; 9 ; 13 ; 0.148134 ; -0.00550058 ; -0.00787195 ; 101.142;
15 ; 9 ; 13 ; 0.145444 ; 0.00737687 ; -0.00743654 ; 101.428;
16 ; 9 ; 13 ; 0.151319 ; -0.0117741 ; -0.00586698 ; 101.403;
17 ; 9 ; 13 ; 0.128069 ; -0.00453861 ; 0.00214309 ; 101.226;
18 ; 9 ; 13 ; 0.138184 ; 0.00810673 ; 0.00817681 ; 101.602;
19 ; 9 ; 13 ; 0.144851 ; 0.00389249 ; -0.00745304 ; 101.555;
20 ; 9 ; 13 ; 0.14933 ; 0.0147916 ; -0.0123415 ; 101.757;
21 ; 9 ; 13 ; 0.141679 ; 0.00376025 ; -0.0131962 ; 101.451;
4 ; 10 ; 13 ; 0.142155 ; 0.0164224 ; 0.00542328 ; 101.087;
5 ; 10 ; 13 ; 0.138987 ; 0.000379449 ; -0.00462781 ; 101.149;
6 ; 10 ; 13 ; 0.137239 ; -0.0116302 ; -0.000810009 ; 101.488;
7 ; 10 ; 13 ; 0.147269 ; 0.00475365 ; 0.00973564 ; 101.294;
8 ; 10 ; 13 ; 0.147082 ; 0.0150958 ; 0.00494401 ; 101.275;
9 ; 10 ; 13 ; 0.144339 ; 0.01087 ; -0.00218901 ; 101.534;
10 ; 10 ; 13 ; 0.139613 ; 0.00141557 ; -0.00635939 ; 101.836;
11 ; 10 ; 13 ; 0.140023 ; -0.0043201 ; 0.00786893 ; 101.349;
12 ; 10 ; 13 ; 0.137792 ; 0.00449725 ; -0.00530546 ; 101.481;
13 ; 10 ; 13 ; 0.144379 ; -0.00509469 ; 0.00420921 ; 101.348;
14 ; 10 ; 13 ; 0.144807 ; 0.00191898 ; -0.00404259 ; 101.746;
15 ; 10 ; 13 ; 0.1503 ; -0.0104373 ; -0.00431318 ; 101.314;
16 ; 10 ; 13 ; 0.143978 ; -0.00364462 ; 0.00681302 ; 101.129;
17 ; 10 ; 13 ; 0.134789 ; -0.00334282 ; -0.0010665 ; 101.961;
18 ; 10 ; 13 ; 0.137046 ; 0.0152147 ; -0.0103232 ; 102.083;
19 ; 10 ; 13 ; 0.1432 ; 0.00474634 ; -0.00689066 ; 101.234;
20 ; 10 ; 13 ; 0.143259 ; 0.0254841 ; 0.00526809 ; 101.654;
21 ; 10 ; 13 ; 0.137604 ; 0.00611029 ; -0.00837307 ; 101.463;
4 ; 11 ; 13 ; 0.136739 ; 0.00268744 ; -0.00119977 ; 101.522;
5 ; 11 ; 13 ; 0.129206 ; 0.00137941 ; -0.00507387 ; 101.533;
6 ; 11 ; 13 ; 0.13118 ; -0.00841321 ; -0.00793877 ; 101.52;
7 ; 11 ; 13 ; 0.14016 ; 0.00512995 ; -0.0033421 ; 101.609;
8 ; 11 ; 13 ; 0.137608 ; 0.010757 ; 0.00688656 ; 101.194;
9 ; 11 ; 13 ; 0.128165 ; 0.00535359 ; 0.00805188 ; 101.713;
10 ; 11 ; 13 ; 0.136019 ; 0.00519362 ; 0.00299851 ; 101.469;
11 ; 11 ; 13 ; 0.139852 ; 0.00857049 ; 0.00729195 ; 101.774;
12 ; 11 ; 13 ; 0.153499 ; 0.00757063 ; -0.00909986 ; 101.557;
13 ; 11 ; 13 ; 0.140167 ; -0.00129658 ; 0.0062449 ; 101.241;
14 ; 11 ; 13 ; 0.150057 ; 0.000436114 ; 0.0119668 ; 101.037;
15 ; 11 ; 13 ; 0.144068 ; -0.00121175 ; -0.0212565 ; 102.178;
16 ; 11 ; 13 ; 0.138646 ; 0.00114247 ; 0.00543572 ; 101.433;
17 ; 11 ; 13 ; 0.148431 ; -0.0139142 ; -0.00994254 ; 101.493;
18 ; 11 ; 13 ; 0.14415 ; -0.00935316 ; 0.00576052 ; 101.45;
19 ; 11 ; 13 ; 0.153109 ; -0.000814397 ; 0.00262845 ; 101.851;
20 ; 11 ; 13 ; 0.150848 ; 0.00364119 ; -0.00669455 ; 101.46;
21 ; 11 ; 13 ; 0.14011 ; 0.00903017 ; -0.0165794 ; 101.661;
4 ; 12 ; 13 ; 0.147261 ; 0.00388625 ; 0.00675293 ; 101.395;
5 ; 12 ; 13 ; 0.125632 ; 0.0176276 ; -0.00912621 ; 101.359;
6 ; 12 ; 13 ; 0.131692 ; 0.0108434 ; 0.00864116 ; 101.286;
7 ; 12 ; 13 ; 0.134119 ; -0.00451912 ; 0.00379145 ; 101.208;
8 ; 12 ; 13 ; 0.147516 ; 0.0067828 ; -0.0167596 ; 101.585;
9 ; 12 ; 13 ; 0.143909 ; -0.00325484 ; 0.000278551 ; 101.403;
10 ; 12 ; 13 ; 0.145118 ; -0.0012769 ; -0.00728436 ; 101.588;
11 ; 12 ; 13 ; 0.129204 ; -0.00418531 ; 0.00100403 ; 100.915;
12 ; 12 ; 13 ; 0.140236 ; 0.00590255 ; -0.00341277 ; 101.26;
13 ; 12 ; 13 ; 0.145641 ; -0.00233851 ; -0.000632363 ; 101.531;
14 ; 12 ; 13 ; 0.145594 ; 0.00576008 ; 0.00320809 ; 101.695;
15 ; 12 ; 13 ; 0.141793 ; 0.00480925 ; 0.000886914 ; 102.261;
16 ; 12 ; 13 ; 0.150508 ; 0.00621017 ; -0.0028303 ; 101.466;
17 ; 12 ; 13 ; 0.147651 ; 0.00421975 ; -0.00844022 ; 101.409;
18 ; 12 ; 13 ; 0.140137 ; -0.00373318 ; -0.0111383 ; 101.33;
19 ; 12 ; 13 ; 0.131221 ; 0.0102725 ; -0.0034271 ; 101.122;
20 ; 12 ; 13 ; 0.143496 ; -0.00846765 ; -0.0114671 ; 101.696;
21 ; 12 ; 13 ; 0.145025 ; 0.000651955 ; -0.0117341 ; 100.891;
4 ; 13 ; 13 ; 0.144387 ; 0.0119235 ; 0.00919351 ; 101.681;
5 ; 13 ; 13 ; 0.148538 ; -0.00162947 ; 0.00243299 ; 101.875;
6 ; 13 ; 13 ; 0.134979 ; 0.00869273 ; -0.00243592 ; 101.548;
7 ; 13 ; 13 ; 0.127498 ; 0.000182621 ; -0.00548829 ; 101.86;
8 ; 13 ; 13 ; 0.138121 ; -0.0096798 ; 0.00625943 ; 101.419;
9 ; 13 ; 13 ; 0.141999 ; -0.0126623 ; 0.0158364 ; 101.306;
10 ; 13 ; 13 ; 0.139991 ; -0.00345451 ; -0.0085409 ; 101.746;
11 ; 13 ; 13 ; 0.144915 ; -0.0105968 ; -0.00385442 ; 101.459;
12 ; 13 ; 13 ; 0.148396 ; -0.0048698 ; 0.00681953 ; 101.554;
13 ; 13 ; 13 ; 0.142131 ; -0.0148055 ; -0.00659544 ; 101.276;
14 ; 13 ; 13 ; 0.154961 ; -0.0131217 ; -0.00850673 ; 101.23;
15 ; 13 ; 13 ; 0.149627 ; 0.00421235 ; -0.0138007 ; 101.265;
16 ; 13 ; 13 ; 0.152738 ; 0.00262265 ; -0.00296472 ; 101.201;
17 ; 13 ; 13 ; 0.146972 ; -0.00238799 ; 0.00802348 ; 101.521;
18 ; 13 ; 13 ; 0.142869 ; 0.00521476 ; -0.0229081 ; 101.89;
19 ; 13 ; 13 ; 0.137726 ; -0.00426889 ; -0.00822864 ; 101.49;
20 ; 13 ; 13 ; 0.138954 ; 0.00328182 ; -0.0107347 ; 101.812;
21 ; 13 ; 13 ; 0.141001 ; 0.0120516 ; -0.0065467 ; 100.881;
4 ; 14 ; 13 ; 0.149073 ; 0.00304204 ; 0.00729892 ; 101.11;
5 ; 14 ; 13 ; 0.130458 ; -0.0134365 ; -0.00458441 ; 100.991;
6 ; 14 ; 13 ; 0.140111 ; -0.00681524 ; 0.00917441 ; 101.555;
7 ; 14 ; 13 ; 0.143578 ; 0.00334288 ; 0.0149848 ; 101.22;
8 ; 14 ; 13 ; 0.1474 ; -0.00269753 ; 0.009531 ; 101.19;
9 ; 14 ; 13 ; 0.147336 ; -0.00029422 ; 0.00276649 ; 101.577;
10 ; 14 ; 13 ; 0.141028 ; 0.00375543 ; 0.00576051 ; 101.817;
11 ; 14 ; 13 ; 0.133162 ; -0.00210009 ; -0.00514824 ; 101.256;
12 ; 14 ; 13 ; 0.140958 ; -0.00377786 ; -0.0107281 ; 101.746;
13 ; 14 ; 13 ; 0.151055 ; -0.00546613 ; -0.0030984 ; 101.119;
14 ; 14 ; 13 ; 0.139858 ; -0.00356949 ; -0.0164263 ; 101.938;
15 ; 14 ; 13 ; 0.150382 ; -0.00674578 ; -0.00310576 ; 100.998;
16 ; 14 ; 13 ; 0.138211 ; -0.00406019 ; -0.0154462 ; 100.986;
17 ; 14 ; 13 ; 0.138757 ; 0.0002173 ; -0.00218306 ; 101.75;
18 ; 14 ; 13 ; 0.142419 ; -0.00176618 ; -0.0171513 ; 101.333;
19 ; 14 ; 13 ; 0.138535 ; -0.00883381 ; -0.0114189 ; 101.492;
20 ; 14 ; 13 ; 0.145613 ; 0.00646923 ; -0.00099842 ; 101.471;
21 ; 14 ; 13 ; 0.149472 ; 0.0121702 ; -0.00263934 ; 101.589;
4 ; 15 ; 13 ; 0.143594 ; -0.00458567 ; -0.00386637 ; 101.649;
5 ; 15 ; 13 ; 0.147459 ; -0.0043317 ; -0.000927729 ; 101.743;
6 ; 15 ; 13 ; 0.160447 ; 0.0067768 ; 0.00482734 ; 101.726;
7 ; 15 ; 13 ; 0.147618 ; 0.000398193 ; -0.004622 ; 101.608;
8 ; 15 ; 13 ; 0.141364 ; 0.0132255 ; 0.0124821 ; 101.522;
9 ; 15 ; 13 ; 0.144323 ; -0.0118784 ; 0.00201242 ; 101.077;
10 ; 15 ; 13 ; 0.135045 ; 0.00554304 ; -0.00105484 ; 101.344;
11 ; 15 ; 13 ; 0.149226 ; 0.00416976 ; -0.00206137 ; 101.426;
12 ; 15 ; 13 ; 0.161613 ; 0.00352904 ; 0.00258401 ; 101.395;
13 ; 15 ; 13 ; 0.147941 ; 0.000874794 ; 0.00171222 ; 101.677;
14 ; 15 ; 13 ; 0.143441 ; 0.000864179 ; -0.0110542 ; 101.302;
15 ; 15 ; 13 ; 0.133696 ; -0.00208069 ; -0.00425715 ; 101.589;
16 ; 15 ; 13 ; 0.138443 ; -0.0032905 ; -0.000108957 ; 101.192;
17 ; 15 ; 13 ; 0.132246 ; 0.00203811 ; -0.0010215 ; 101.739;
18 ; 15 ; 13 ; 0.141967 ; -0.00401671 ; -0.0125939 ; 101.507;
19 ; 15 ; 13 ; 0.14286 ; 0.000433007 ; -0.00276034 ; 101.375;
20 ; 15 ; 13 ; 0.14422 ; 0.00962902 ; -0.00690206 ; 101.076;
21 ; 15 ; 13 ; 0.139258 ; 0.00484528 ; -0.000194535 ; 101.739;
4 ; 16 ; 13 ; 0.14617 ; -0.00145631 ; 0.000339396 ; 101.443;
5 ; 16 ; 13 ; 0.143721 ; 0.00131483 ; -0.00363195 ; 101.25;
6 ; 16 ; 13 ; 0.138368 ; 0.0148055 ; 0.00710385 ; 101.181;
7 ; 16 ; 13 ; 0.143775 ; -0.00455253 ; -0.0094572 ; 101.58;
8 ; 16 ; 13 ; 0.143416 ; -0.00437646 ; 0.00870196 ; 101.46;
9 ; 16 ; 13 ; 0.129052 ; 0.000158408 ; -0.00143157 ; 101.45;
10 ; 16 ; 13 ; 0.129433 ; -0.00298406 ; 0.00721159 ; 101.172;
11 ; 16 ; 13 ; 0.132719 ; -0.00966788 ; 0.00357551 ; 101.657;
12 ; 16 ; 13 ; 0.132389 ; 0.00694578 ; -0.00196032 ; 101.44;
13 ; 16 ; 13 ; 0.145158 ; 0.00767387 ; -0.00727369 ; 101.101;
14 ; 16 ; 13 ; 0.144916 ; 0.0139842 ; 0.010383 ; 101.877;
15 ; 16 ; 13 ; 0.14137 ; -0.00326324 ; 0.00174312 ; 101.163;
16 ; 16 ; 13 ; 0.149013 ; 0.000259546 ; -0.00363851 ; 101.515;
17 ; 16 ; 13 ; 0.152785 ; -0.00815174 ; -0.00703411 ; 101.188;
18 ; 16 ; 13 ; 0.134878 ; -0.00264665 ; -0.0122936 ; 101.422;
19 ; 16 ; 13 ; 0.157561 ; 0.00230689 ; -0.0220243 ; 101.934;
20 ; 16 ; 13 ; 0.147195 ; -0.00734149 ; -0.0102084 ; 101.257;
21 ; 16 ; 13 ; 0.152013 ; -0.00114099 ; -0.00450031 ; 101.613;
4 ; 17 ; 13 ; 0.137984 ; -0.0118854 ; -0.00882179 ; 101.261;
5 ; 17 ; 13 ; 0.153624 ; 0.0119152 ; -0.00594547 ; 101.527;
6 ; 17 ; 13 ; 0.133871 ; 0.00936652 ; 0.0132113 ; 101.403;
7 ; 17 ; 13 ; 0.144357 ; -0.00563907 ; 0.00745931 ; 101.966;
8 ; 17 ; 13 ; 0.14753 ; -0.0126326 ; 0.0119316 ; 101.542;
9 ; 17 ; 13 ; 0.138095 ; 0.00787284 ; 0.00968936 ; 101.248;
10 ; 17 ; 13 ; 0.134954 ; 0.0157203 ; -0.00397206 ; 101.274;
11 ; 17 ; 13 ; 0.146092 ; 0.000899978 ; -0.00569025 ; 101.745;
12 ; 17 ; 13 ; 0.137472 ; 0.00420874 ; 0.00369303 ; 101.941;
13 ; 17 ; 13 ; 0.149106 ; 0.000609695 ; 0.00528909 ; 101.744;
14 ; 17 ; 13 ; 0.146925 ; 0.00380955 ; 0.00978541 ; 101.244;
15 ; 17 ; 13 ; 0.156332 ; 0.00546514 ; 0.0128503 ; 101.187;
16 ; 17 ; 13 ; 0.134876 ; 0.00213704 ; -0.00867479 ; 101.247;
17 ; 17 ; 13 ; 0.145355 ; 0.00146388 ; -0.0108993 ; 101.203;
18 ; 17 ; 13 ; 0.13733 ; -0.00676725 ; -0.0125991 ; 101.736;
19 ; 17 ; 13 ; 0.139887 ; -0.00846123 ; -0.0180498 ; 101.417;
20 ; 17 ; 13 ; 0.142294 ; -0.00796528 ; -0.0153068 ; 101.385;
21 ; 17 ; 13 ; 0.143589 ; 0.00119438 ; -0.0123596 ; 101.12;
4 ; 18 ; 13 ; 0.130952 ; 0.0124487 ; -0.00335822 ; 101.464;
5 ; 18 ; 13 ; 0.146363 ; -0.00496479 ; 0.0122189 ; 101.491;
6 ; 18 ; 13 ; 0.145604 ; 0.00359176 ; -0.00149107 ; 101.002;
7 ; 18 ; 13 ; 0.131947 ; 0.000658075 ; 0.00105797 ; 101.266;
8 ; 18 ; 13 ; 0.138925 ; 0.000253965 ; 0.00971577 ; 101.318;
9 ; 18 ; 13 ; 0.131635 ; 0.000531211 ; 0.00810693 ; 101.22;
10 ; 18 ; 13 ; 0.12866 ; -0.00348419 ; 0.00327482 ; 101.48;
11 ; 18 ; 13 ; 0.147204 ; -0.00545698 ; 0.00619086 ; 101.538;
12 ; 18 ; 13 ; 0.158504 ; 0.00772978 ; -0.0032507 ; 101.71;
13 ; 18 ; 13 ; 0.150018 ; -0.00294206 ; -0.00496134 ; 101.432;
14 ; 18 ; 13 ; 0.152468 ; -0.0142942 ; -0.00827642 ; 101.373;
15 ; 18 ; 13 ; 0.150574 ; 0.00401118 ; -5.06254e-05 ; 101.435;
16 ; 18 ; 13 ; 0.136214 ; 0.00785246 ; -0.00430606 ; 101.531;
17 ; 18 ; 13 ; 0.143602 ; -0.00164345 ; -0.00264394 ; 101.094;
18 ; 18 ; 13 ; 0.145392 ; 0.0122163 ; -0.00394256 ; 101.453;
19 ; 18 ; 13 ; 0.144487 ; -0.00672602 ; -0.0199034 ; 101.31;
20 ; 18 ; 13 ; 0.13747 ; -0.00789087 ; -0.00570997 ; 101.486;
21 ; 18 ; 13 ; 0.151613 ; 0.0119866 ; -0.00242793 ; 101.377;
4 ; 19 ; 13 ; 0.152267 ; -0.000564304 ; -0.0106915 ; 101.277;
5 ; 19 ; 13 ; 0.138128 ; -0.01056 ; 0.0109147 ; 101.511;
6 ; 19 ; 13 ; 0.142209 ; -0.00180617 ; 0.00446614 ; 101.239;
7 ; 19 ; 13 ; 0.142915 ; 0.00161013 ; -0.000148426 ; 101.618;
8 ; 19 ; 13 ; 0.143256 ; -0.00497929 ; -0.00467855 ; 101.428;
9 ; 19 ; 13 ; 0.136315 ; -0.00113338 ; -0.00218102 ; 101.385;
10 ; 19 ; 13 ; 0.132904 ; -0.0148126 ; 0.0102316 ; 101.459;
11 ; 19 ; 13 ; 0.141887 ; 0.000812486 ; -0.00312737 ; 101.62;
12 ; 19 ; 13 ; 0.144415 ; -0.00499089 ; -0.00182756 ; 101.42;
13 ; 19 ; 13 ; 0.141966 ; 0.00680293 ; 0.000502682 ; 101.405;
14 ; 19 ; 13 ; 0.143118 ; -0.00213875 ; -0.000343581 ; 101.317;
15 ; 19 ; 13 ; 0.146565 ; 0.00185291 ; 0.00703736 ; 101.201;
16 ; 19 ; 13 ; 0.142403 ; 0.00167795 ; -0.00240324 ; 101.343;
17 ; 19 ; 13 ; 0.138184 ; -0.00242348 ; -0.00655155 ; 101.711;
18 ; 19 ; 13 ; 0.13508 ; 0.00844819 ; 0.00291134 ; 101.25;
19 ; 19 ; 13 ; 0.128893 ; -0.00424542 ; -0.0109066 ; 101.335;
20 ; 19 ; 13 ; 0.13342 ; -0.00607467 ; -0.000638453 ; 101.395;
21 ; 19 ; 13 ; 0.148349 ; 0.00256946 ; 0.00061336 ; 101.48;
4 ; 20 ; 13 ; 0.147689 ; 0.000303404 ; -0.00703834 ; 101.888;
5 ; 20 ; 13 ; 0.132036 ; -0.00544739 ; -0.0137357 ; 101.231;
6 ; 20 ; 13 ; 0.131478 ; -0.000533447 ; -0.00242299 ; 101.519;
7 ; 20 ; 13 ; 0.146366 ; 0.00462741 ; -0.00204418 ; 101.222;
8 ; 20 ; 13 ; 0.150437 ; 0.00975786 ; -0.00107497 ; 100.971;
9 ; 20 ; 13 ; 0.137088 ; 0.00755043 ; 0.0176708 ; 101.599;
10 ; 20 ; 13 ; 0.153112 ; -0.00238038 ; -0.0154954 ; 101.702;
11 ; 20 ; 13 ; 0.138282 ; 0.00851119 ; -0.00234118 ; 101.424;
12 ; 20 ; 13 ; 0.140809 ; 0.00218567 ; -0.000241344 ; 101.598;
13 ; 20 ; 13 ; 0.140324 ; 0.00769338 ; 0.0102976 ; 101.257;
14 ; 20 ; 13 ; 0.154303 ; -0.00025816 ; -0.00300903 ; 101.621;
15 ; 20 ; 13 ; 0.150108 ; -0.0037883 ; 0.0118335 ; 101.376;
16 ; 20 ; 13 ; 0.143361 ; -0.0058931 ; 0.00169309 ; 101.351;
17 ; 20 ; 13 ; 0.136948 ; -0.00396385 ; -0.00107151 ; 101.322;
18 ; 20 ; 13 ; 0.147481 ; -0.0153335 ; -0.0232467 ; 101.168;
19 ; 20 ; 13 ; 0.140469 ; -0.00305559 ; 0.00790245 ; 101.721;
20 ; 20 ; 13 ; 0.144094 ; 0.0113623 ; -0.0160829 ; 101.761;
21 ; 20 ; 13 ; 0.139613 ; 0.00163351 ; -0.0194864 ; 101.623;
4 ; 21 ; 13 ; 0.15087 ; 0.00571672 ; 0.00667202 ; 101.606;
5 ; 21 ; 13 ; 0.136342 ; -0.0174875 ; 0.000125942 ; 101.426;
6 ; 21 ; 13 ; 0.135705 ; 0.00522705 ; -0.00943063 ; 101.43;
7 ; 21 ; 13 ; 0.129906 ; -0.0160314 ; -0.000547654 ; 101.481;
8 ; 21 ; 13 ; 0.147023 ; -0.00120424 ; 0.000628502 ; 101.781;
9 ; 21 ; 13 ; 0.142976 ; 0.000344247 ; 0.00852315 ; 101.554;
10 ; 21 ; 13 ; 0.141998 ; 0.00406262 ; -0.0103527 ; 101.554;
11 ; 21 ; 13 ; 0.14478 ; 0.0109387 ; 0.00119119 ; 101.265;
12 ; 21 ; 13 ; 0.134006 ; 0.00249259 ; -0.00577152 ; 101.505;
13 ; 21 ; 13 ; 0.123165 ; -0.00543051 ; 0.0157028 ; 101.459;
14 ; 21 ; 13 ; 0.142611 ; -0.00808251 ; -8.41247e-05 ; 101.059;
15 ; 21 ; 13 ; 0.130543 ; 0.010109 ; -0.00638445 ; 101.941;
16 ; 21 ; 13 ; 0.146619 ; -0.0083751 ; 0.00926682 ; 101.35;
17 ; 21 ; 13 ; 0.141073 ; 0.00115655 ; -0.000932461 ; 101.787;
18 ; 21 ; 13 ; 0.14502 ; -0.00964236 ; 0.00640543 ; 101.408;
19 ; 21 ; 13 ; 0.152049 ; -0.00476795 ; -0.000155749 ; 101.058;
20 ; 21 ; 13 ; 0.15963 ; 0.00599219 ; 0.00906286 ; 101.26;
21 ; 21 ; 13 ; 0.144925 ; -0.000483798 ; -0.0036038 ; 101.398;
4 ; 4 ; 14 ; 0.122172 ; 0.00878496 ; 0.00211966 ; 101.368;
5 ; 4 ; 14 ; 0.11075 ; 0.0100334 ; -0.00833607 ; 101.311;
6 ; 4 ; 14 ; 0.112662 ; -0.00336817 ; -0.000426003 ; 101.876;
7 ; 4 ; 14 ; 0.105426 ; 0.00958616 ; -0.00273005 ; 101.92;
8 ; 4 ; 14 ; 0.0883311 ; 0.00325182 ; 0.00943212 ; 101.37;
9 ; 4 ; 14 ; 0.121457 ; 0.00449299 ; 0.00817743 ; 100.966;
10 ; 4 ; 14 ; 0.103507 ; 0.00117739 ; 0.011342 ; 101.076;
11 ; 4 ; 14 ; 0.114284 ; -0.0078352 ; -0.00839031 ; 101.574;
12 ; 4 ; 14 ; 0.102673 ; 0.00517872 ; -0.00511407 ; 101.318;
13 ; 4 ; 14 ; 0.114171 ; 0.00200947 ; 0.00362495 ; 101.726;
14 ; 4 ; 14 ; 0.117315 ; -0.00179718 ; 0.00563378 ; 101.638;
15 ; 4 ; 14 ; 0.106406 ; -0.0177494 ; -0.0106421 ; 101.434;
16 ; 4 ; 14 ; 0.10555 ; 0.0135788 ; -0.000453187 ; 101.816;
17 ; 4 ; 14 ; 0.108941 ; 0.00307627 ; 0.00292924 ; 101.486;
18 ; 4 ; 14 ; 0.110249 ; -0.00401145 ; -0.000580415 ; 102.093;
19 ; 4 ; 14 ; 0.106799 ; 0.0013796 ; -0.00263725 ; 101.457;
20 ; 4 ; 14 ; 0.105068 ; 0.000583129 ; 0.00748897 ; 101.918;
21 ; 4 ; 14 ; 0.108154 ; 0.0135011 ; 0.0127219 ; 101.37;
4 ; 5 ; 14 ; 0.114927 ; -0.00420908 ; 0.00469713 ; 101.537;
5 ; 5 ; 14 ; 0.115982 ; 0.00401153 ; 0.011564 ; 101.626;
6 ; 5 ; 14 ; 0.120583 ; -0.00302687 ; 0.0106144 ; 101.14;
7 ; 5 ; 14 ; 0.100923 ; -0.000238757 ; 0.000112311 ; 101.4;
8 ; 5 ; 14 ; 0.113163 ; 0.00324834 ; 0.0105714 ; 101.572;
9 ; 5 ; 14 ; 0.103309 ; -0.000278336 ; 0.0144089 ; 101.512;
10 ; 5 ; 14 ; 0.112642 ; 0.00258279 ; 0.00644523 ; 101.69;
11 ; 5 ; 14 ; 0.113715 ; 0.00981834 ; 0.0013376 ; 101.547;
12 ; 5 ; 14 ; 0.118878 ; -0.00843629 ; -0.00244512 ; 101.827;
13 ; 5 ; 14 ; 0.107452 ; -0.00553905 ; -0.00330989 ; 101.195;
14 ; 5 ; 14 ; 0.107917 ; 0.00896233 ; -0.00753471 ; 101.717;
15 ; 5 ; 14 ; 0.112344 ; -0.0143214 ; -0.0140374 ; 101.622;
16 ; 5 ; 14 ; 0.102097 ; -0.00236969 ; 0.00218253 ; 101.452;
17 ; 5 ; 14 ; 0.0919121 ; -0.00567319 ; -0.00566356 ; 101.558;
18 ; 5 ; 14 ; 0.108909 ; 0.00380717 ; -0.00384974 ; 101.332;
19 ; 5 ; 14 ; 0.101053 ; 0.0024026 ; 0.00683911 ; 101.492;
20 ; 5 ; 14 ; 0.100034 ; 0.00063817 ; 0.0104139 ; 101.5;
21 ; 5 ; 14 ; 0.104584 ; -0.00897234 ; -0.0039475 ; 101.744;
4 ; 6 ; 14 ; 0.0983904 ; 0.00750874 ; 0.00657047 ; 101.219;
5 ; 6 ; 14 ; 0.118584 ; -0.00314289 ; 0.0033685 ; 101.105;
6 ; 6 ; 14 ; 0.0995826 ; 0.00272902 ; -0.00163688 ; 101.411;
7 ; 6 ; 14 ; 0.0950627 ; 0.0043466 ; 0.0129163 ; 101.195;
8 ; 6 ; 14 ; 0.112747 ; 0.00321709 ; -0.0128326 ; 101.299;
9 ; 6 ; 14 ; 0.109087 ; -0.00836175 ; 0.00891643 ; 101.427;
10 ; 6 ; 14 ; 0.119307 ; 0.00593591 ; -0.00643022 ; 101.737;
11 ; 6 ; 14 ; 0.118428 ; -0.000775862 ; 0.00267841 ; 101.813;
12 ; 6 ; 14 ; 0.115665 ; 0.00252345 ; 0.00788776 ; 101.462;
13 ; 6 ; 14 ; 0.0978115 ; -0.00502815 ; -0.00340994 ; 101.682;
14 ; 6 ; 14 ; 0.106085 ; 0.000858985 ; 0.00455385 ; 101.312;
15 ; 6 ; 14 ; 0.118695 ; -0.00490894 ; -0.00791133 ; 101.502;
16 ; 6 ; 14 ; 0.105825 ; 0.00911428 ; 0.00762494 ; 101.087;
17 ; 6 ; 14 ; 0.109201 ; -0.0110173 ; -0.00712692 ; 101.203;
18 ; 6 ; 14 ; 0.100548 ; 0.00188119 ; -0.00803487 ; 101.746;
19 ; 6 ; 14 ; 0.108381 ; 0.00427779 ; -0.005966 ; 101.232;
20 ; 6 ; 14 ; 0.108012 ; -8.76945e-05 ; -0.0163194 ; 101.321;
21 ; 6 ; 14 ; 0.103296 ; 0.00312694 ; 0.0112798 ; 101.328;
4 ; 7 ; 14 ; 0.115044 ; 0.00214009 ; -0.00933672 ; 102.073;
5 ; 7 ; 14 ; 0.118799 ; 0.000141283 ; 0.0121978 ; 101.405;
6 ; 7 ; 14 ; 0.109398 ; -0.0103516 ; -0.00298924 ; 101.331;
7 ; 7 ; 14 ; 0.105328 ; -0.00620567 ; 0.00258679 ; 101.079;
8 ; 7 ; 14 ; 0.108507 ; -0.000605689 ; -0.000260023 ; 101.128;
9 ; 7 ; 14 ; 0.111887 ; 0.00317047 ; -0.00262066 ; 101.181;
10 ; 7 ; 14 ; 0.101523 ; -0.00226935 ; -0.00693922 ; 101.718;
11 ; 7 ; 14 ; 0.109256 ; -0.0048103 ; -0.00118453 ; 101.369;
12 ; 7 ; 14 ; 0.112363 ; 0.00931662 ; -0.000940335 ; 101.125;
13 ; 7 ; 14 ; 0.111344 ; 0.000999346 ; 0.000427678 ; 101.329;
14 ; 7 ; 14 ; 0.116716 ; 0.009071 ; 0.0112067 ; 101.421;
15 ; 7 ; 14 ; 0.107647 ; -0.01263 ; -0.00193121 ; 101.555;
16 ; 7 ; 14 ; 0.105204 ; -0.00836797 ; 0.00206547 ; 101.22;
17 ; 7 ; 14 ; 0.108537 ; 0.00226411 ; -0.0122643 ; 101.432;
18 ; 7 ; 14 ; 0.114546 ; 0.0117089 ; 0.000369768 ; 101.236;
19 ; 7 ; 14 ; 0.0991576 ; -0.000900375 ; -0.00336935 ; 101.464;
20 ; 7 ; 14 ; 0.0997891 ; 0.012134 ; -0.000360014 ; 101.675;
21 ; 7 ; 14 ; 0.0994477 ; -0.00295044 ; 0.000550602 ; 101.243;
4 ; 8 ; 14 ; 0.105293 ; 0.00416488 ; 0.00231491 ; 101.482;
5 ; 8 ; 14 ; 0.113978 ; 0.00353446 ; 0.000429748 ; 101.821;
6 ; 8 ; 14 ; 0.105878 ; 0.00339361 ; -0.0104957 ; 101.341;
7 ; 8 ; 14 ; 0.12334 ; 0.0204498 ; 0.0167994 ; 101.492;
8 ; 8 ; 14 ; 0.109875 ; -0.00758514 ; 0.0023056 ; 101.473;
9 ; 8 ; 14 ; 0.112698 ; -0.000554039 ; 0.00538875 ; 101.482;
10 ; 8 ; 14 ; 0.106414 ; 0.00717237 ; -0.00111935 ; 101.452;
11 ; 8 ; 14 ; 0.0995947 ; -0.000445553 ; 0.00929487 ; 101.501;
12 ; 8 ; 14 ; 0.108198 ; -0.0122074 ; 0.00574895 ; 101.568;
13 ; 8 ; 14 ; 0.108995 ; 0.00468667 ; 3.65036e-05 ; 101.198;
14 ; 8 ; 14 ; 0.116335 ; 0.0110981 ; 0.00442459 ; 101.451;
15 ; 8 ; 14 ; 0.10662 ; -0.0254379 ; -0.0147165 ; 101.12;
16 ; 8 ; 14 ; 0.100823 ; 0.00277502 ; 0.000649411 ; 101.253;
17 ; 8 ; 14 ; 0.099312 ; 0.000663561 ; -0.0163734 ; 101.53;
18 ; 8 ; 14 ; 0.103816 ; 0.00344478 ; 0.00373612 ; 101.487;
19 ; 8 ; 14 ; 0.105498 ; -0.0151711 ; 0.00188828 ; 101.629;
20 ; 8 ; 14 ; 0.109315 ; 0.00245058 ; 0.0060928 ; 101.504;
21 ; 8 ; 14 ; 0.10764 ; -0.000230228 ; 0.00504695 ; 101.572;
4 ; 9 ; 14 ; 0.111496 ; -0.00133029 ; 0.00947626 ; 101.432;
5 ; 9 ; 14 ; 0.109561 ; 0.00162605 ; -0.00907006 ; 101.052;
6 ; 9 ; 14 ; 0.0973795 ; 0.00268593 ; 0.00612594 ; 102.331;
7 ; 9 ; 14 ; 0.0925736 ; 0.00541293 ; 0.00932299 ; 100.663;
8 ; 9 ; 14 ; 0.112498 ; 0.00570538 ; 0.00164377 ; 101.345;
9 ; 9 ; 14 ; 0.102456 ; 0.0176371 ; 0.0132842 ; 101.708;
10 ; 9 ; 14 ; 0.108071 ; 0.0043998 ; -0.00395424 ; 101.47;
11 ; 9 ; 14 ; 0.118068 ; 0.00102564 ; 0.0103151 ; 101.556;
12 ; 9 ; 14 ; 0.0928011 ; -0.0207557 ; 0.000267925 ; 101.53;
13 ; 9 ; 14 ; 0.0827347 ; 0.0172531 ; -0.00375469 ; 101.363;
14 ; 9 ; 14 ; 0.102155 ; -0.000919899 ; 0.0100678 ; 101.548;
15 ; 9 ; 14 ; 0.108934 ; 0.00372169 ; 0.020034 ; 101.352;
16 ; 9 ; 14 ; 0.107736 ; -0.00397951 ; -0.00139401 ; 101.85;
17 ; 9 ; 14 ; 0.102171 ; -0.000738529 ; 0.0120474 ; 101.57;
18 ; 9 ; 14 ; 0.112156 ; -0.00876534 ; -0.00486467 ; 101.649;
19 ; 9 ; 14 ; 0.0908391 ; -0.00258353 ; 0.00714952 ; 101.309;
20 ; 9 ; 14 ; 0.114264 ; 0.000505205 ; -0.0145519 ; 101.443;
21 ; 9 ; 14 ; 0.1073 ; 0.00501715 ; -0.00869839 ; 101.644;
4 ; 10 ; 14 ; 0.10643 ; 0.000468344 ; 0.0073766 ; 101.926;
5 ; 10 ; 14 ; 0.114728 ; 0.00830717 ; 0.007664 ; 101.529;
6 ; 10 ; 14 ; 0.102552 ; -0.00303941 ; 0.0139636 ; 101.401;
7 ; 10 ; 14 ; 0.106739 ; -0.00563768 ; 0.00181053 ; 101.689;
8 ; 10 ; 14 ; 0.109707 ; 0.011743 ; 0.0102736 ; 101.644;
9 ; 10 ; 14 ; 0.105421 ; -0.000465668 ; 0.00544922 ; 101.16;
10 ; 10 ; 14 ; 0.108452 ; 0.00792781 ; -0.00894482 ; 101.688;
11 ; 10 ; 14 ; 0.112035 ; -0.00145412 ; 0.000380891 ; 101.516;
12 ; 10 ; 14 ; 0.106907 ; -0.0138745 ; 0.00878718 ; 101.688;
13 ; 10 ; 14 ; 0.103845 ; -0.000912863 ; -0.0113685 ; 101.285;
14 ; 10 ; 14 ; 0.105967 ; 0.000293719 ; -0.00638187 ; 101.512;
15 ; 10 ; 14 ; 0.114064 ; 0.00611272 ; -0.00194391 ; 101.525;
16 ; 10 ; 14 ; 0.104943 ; -0.00298734 ; -0.0180585 ; 101.429;
17 ; 10 ; 14 ; 0.111409 ; -0.00751 ; -0.00367925 ; 101.48;
18 ; 10 ; 14 ; 0.1186 ; -0.00933659 ; 0.00335297 ; 101.274;
19 ; 10 ; 14 ; 0.100847 ; 0.00361178 ; -0.00448712 ; 101.963;
20 ; 10 ; 14 ; 0.0891305 ; -0.0121361 ; -0.0130963 ; 101.734;
21 ; 10 ; 14 ; 0.0987238 ; -0.0171958 ; -0.00227428 ; 101.388;
4 ; 11 ; 14 ; 0.0998874 ; 0.00174223 ; 0.00297476 ; 101.058;
5 ; 11 ; 14 ; 0.0973062 ; -1.14687e-06 ; 0.00155554 ; 101.133;
6 ; 11 ; 14 ; 0.106814 ; -0.00710322 ; 0.0046338 ; 101.725;
7 ; 11 ; 14 ; 0.108271 ; 0.000123286 ; 0.0100349 ; 101.428;
8 ; 11 ; 14 ; 0.10677 ; 0.0143851 ; 0.0118502 ; 101.434;
9 ; 11 ; 14 ; 0.102823 ; 0.0147932 ; -0.0143457 ; 101.34;
10 ; 11 ; 14 ; 0.112554 ; -0.0115765 ; 0.00413471 ; 101.22;
11 ; 11 ; 14 ; 0.111183 ; -0.000360006 ; -0.00190407 ; 101.45;
12 ; 11 ; 14 ; 0.105868 ; -0.0099788 ; 0.00167012 ; 101.853;
13 ; 11 ; 14 ; 0.108661 ; 0.00908183 ; -0.000868808 ; 101.543;
14 ; 11 ; 14 ; 0.109484 ; 0.0077917 ; -0.0182694 ; 101.565;
15 ; 11 ; 14 ; 0.104378 ; -0.0126076 ; -0.0097214 ; 101.42;
16 ; 11 ; 14 ; 0.109424 ; -0.00161762 ; -0.00428979 ; 101.241;
17 ; 11 ; 14 ; 0.11219 ; -0.00330178 ; -0.0014737 ; 101.342;
18 ; 11 ; 14 ; 0.115836 ; 0.000377383 ; -0.0100978 ; 101.985;
19 ; 11 ; 14 ; 0.123339 ; -0.0017332 ; -0.0104603 ; 101.723;
20 ; 11 ; 14 ; 0.111146 ; 0.00340658 ; -0.00872229 ; 101.317;
21 ; 11 ; 14 ; 0.115417 ; -0.0131095 ; -0.0104596 ; 101.814;
4 ; 12 ; 14 ; 0.114729 ; -0.0042982 ; -0.00531524 ; 100.899;
5 ; 12 ; 14 ; 0.0931974 ; 0.00625503 ; 0.00635644 ; 101.798;
6 ; 12 ; 14 ; 0.102737 ; 0.0084168 ; 0.00345022 ; 101.049;
7 ; 12 ; 14 ; 0.110083 ; 0.0171569 ; 0.00194999 ; 101.925;
8 ; 12 ; 14 ; 0.117439 ; 0.003589 ; 0.00101958 ; 101.52;
9 ; 12 ; 14 ; 0.115574 ; 0.000950183 ; 0.00328439 ; 100.948;
10 ; 12 ; 14 ; 0.116253 ; -0.00780414 ; 0.0112007 ; 100.826;
11 ; 12 ; 14 ; 0.102343 ; -0.00156557 ; 0.00101778 ; 101.722;
12 ; 12 ; 14 ; 0.100898 ; 0.00898332 ; 4.14936e-05 ; 101.114;
13 ; 12 ; 14 ; 0.104241 ; 0.0136417 ; -0.00482557 ; 101.767;
14 ; 12 ; 14 ; 0.0950217 ; 0.00160615 ; -0.00750736 ; 101.378;
15 ; 12 ; 14 ; 0.101369 ; 0.0138225 ; -0.0112889 ; 101.212;
16 ; 12 ; 14 ; 0.113907 ; -0.0044422 ; -0.00493506 ; 101.663;
17 ; 12 ; 14 ; 0.123243 ; -0.000905419 ; -0.00861328 ; 101.1;
18 ; 12 ; 14 ; 0.109739 ; 0.00311601 ; -0.00811499 ; 101.613;
19 ; 12 ; 14 ; 0.113071 ; 0.0132307 ; -0.00952956 ; 101.506;
20 ; 12 ; 14 ; 0.114143 ; 0.00240039 ; -0.0140254 ; 101.907;
21 ; 12 ; 14 ; 0.117398 ; -0.00248911 ; -0.0145165 ; 101.282;
4 ; 13 ; 14 ; 0.109474 ; 0.00205495 ; 0.0110451 ; 101.271;
5 ; 13 ; 14 ; 0.101557 ; 0.0055093 ; 0.0104495 ; 101.71;
6 ; 13 ; 14 ; 0.116458 ; -0.00356247 ; -0.000648929 ; 101.41;
7 ; 13 ; 14 ; 0.0992995 ; 0.0131057 ; 0.00630103 ; 101.505;
8 ; 13 ; 14 ; 0.123788 ; -0.00251639 ; 0.00536722 ; 101.444;
9 ; 13 ; 14 ; 0.118013 ; 0.00250909 ; 0.00862218 ; 101.857;
10 ; 13 ; 14 ; 0.109343 ; 0.000537499 ; -0.00841846 ; 101.157;
11 ; 13 ; 14 ; 0.105013 ; -0.00556995 ; 0.00231714 ; 101.667;
12 ; 13 ; 14 ; 0.108591 ; 0.00599985 ; -0.00914924 ; 101.314;
13 ; 13 ; 14 ; 0.096932 ; -0.0113368 ; -0.00975742 ; 101.936;
14 ; 13 ; 14 ; 0.106062 ; -0.00382899 ; 0.00435999 ; 101.574;
15 ; 13 ; 14 ; 0.105034 ; 0.005089 ; -0.0211014 ; 101.649;
16 ; 13 ; 14 ; 0.0950125 ; 0.00253544 ; -0.00335046 ; 101.382;
17 ; 13 ; 14 ; 0.112176 ; -0.00788455 ; -0.00500875 ; 101.04;
18 ; 13 ; 14 ; 0.103797 ; 0.00410859 ; -0.00295329 ; 101.1;
19 ; 13 ; 14 ; 0.102238 ; -0.000538634 ; -0.0151636 ; 101.655;
20 ; 13 ; 14 ; 0.108403 ; -0.00274278 ; -0.000104647 ; 101.706;
21 ; 13 ; 14 ; 0.118092 ; 0.0116622 ; -0.00775709 ; 101.714;
4 ; 14 ; 14 ; 0.117901 ; 0.00804803 ; -0.0111949 ; 101.664;
5 ; 14 ; 14 ; 0.0987402 ; -0.0031334 ; 0.0053413 ; 101.707;
6 ; 14 ; 14 ; 0.121208 ; -0.00264369 ; 0.0172727 ; 101.803;
7 ; 14 ; 14 ; 0.114648 ; 0.00672197 ; -0.00228218 ; 101.527;
8 ; 14 ; 14 ; 0.106083 ; 0.00656423 ; 0.0077239 ; 101.409;
9 ; 14 ; 14 ; 0.113123 ; -0.00772068 ; -0.000997664 ; 101.625;
10 ; 14 ; 14 ; 0.109071 ; -0.00837994 ; -0.000817162 ; 101.659;
11 ; 14 ; 14 ; 0.111261 ; 0.0032828 ; 0.00720653 ; 101.629;
12 ; 14 ; 14 ; 0.116094 ; 0.00307157 ; 0.00141606 ; 101.45;
13 ; 14 ; 14 ; 0.103072 ; -0.0100298 ; -0.00656467 ; 101.524;
14 ; 14 ; 14 ; 0.105733 ; -0.0102473 ; -0.00503826 ; 101.466;
15 ; 14 ; 14 ; 0.107507 ; 0.0028174 ; -0.00906325 ; 101.578;
16 ; 14 ; 14 ; 0.122619 ; -0.00425041 ; -0.0110008 ; 101.305;
17 ; 14 ; 14 ; 0.104828 ; 0.0123471 ; -0.000556878 ; 101.747;
18 ; 14 ; 14 ; 0.10021 ; 0.00905515 ; -0.00491021 ; 101.455;
19 ; 14 ; 14 ; 0.1051 ; 0.0174524 ; -0.00878384 ; 101.193;
20 ; 14 ; 14 ; 0.113973 ; -0.00137596 ; -0.00251012 ; 101.292;
21 ; 14 ; 14 ; 0.100709 ; -0.002353 ; -0.00478764 ; 101.385;
4 ; 15 ; 14 ; 0.108351 ; -0.00380614 ; -0.0120875 ; 101.346;
5 ; 15 ; 14 ; 0.119109 ; 0.00187098 ; -0.00458146 ; 101.696;
6 ; 15 ; 14 ; 0.113395 ; -0.00338042 ; 0.00174673 ; 101.254;
7 ; 15 ; 14 ; 0.114923 ; 0.00399936 ; 0.014324 ; 101.464;
8 ; 15 ; 14 ; 0.113863 ; 0.0146255 ; 0.00577129 ; 100.747;
9 ; 15 ; 14 ; 0.0983257 ; -0.00539345 ; -0.00272031 ; 101.721;
10 ; 15 ; 14 ; 0.111401 ; 0.00642025 ; 0.000275303 ; 101.169;
11 ; 15 ; 14 ; 0.0994055 ; -0.00507461 ; -0.0129476 ; 101.585;
12 ; 15 ; 14 ; 0.102977 ; -0.000183749 ; 0.000660183 ; 101.789;
13 ; 15 ; 14 ; 0.0985144 ; -0.00322606 ; -0.0117588 ; 101.43;
14 ; 15 ; 14 ; 0.0955064 ; 0.00796449 ; -0.0135729 ; 101.699;
15 ; 15 ; 14 ; 0.109228 ; -0.00346215 ; -0.0102243 ; 100.927;
16 ; 15 ; 14 ; 0.106729 ; 0.0030973 ; -0.00650278 ; 101.532;
17 ; 15 ; 14 ; 0.104945 ; 0.00446104 ; 0.00488016 ; 101.668;
18 ; 15 ; 14 ; 0.101458 ; 0.00885261 ; -0.00602132 ; 101.666;
19 ; 15 ; 14 ; 0.0984772 ; 0.00238066 ; -0.0186293 ; 101.494;
20 ; 15 ; 14 ; 0.0969737 ; -0.00675934 ; -0.00519411 ; 102.07;
21 ; 15 ; 14 ; 0.114147 ; -0.00103628 ; -0.00686813 ; 101.621;
4 ; 16 ; 14 ; 0.108158 ; -0.0186694 ; -0.00152208 ; 101.568;
5 ; 16 ; 14 ; 0.101945 ; 0.00739592 ; 0.00735376 ; 101.476;
6 ; 16 ; 14 ; 0.0994244 ; -0.00202437 ; -0.000589814 ; 102.048;
7 ; 16 ; 14 ; 0.12291 ; -0.0071113 ; -0.00637988 ; 101.161;
8 ; 16 ; 14 ; 0.11212 ; -0.00176458 ; 0.00276544 ; 101.554;
9 ; 16 ; 14 ; 0.104917 ; 0.000870585 ; 0.00957602 ; 101.614;
10 ; 16 ; 14 ; 0.103011 ; 0.00135776 ; 0.0064902 ; 101.83;
11 ; 16 ; 14 ; 0.0972819 ; -0.00242043 ; 0.0115733 ; 101.668;
12 ; 16 ; 14 ; 0.119517 ; -0.0128193 ; -0.00660458 ; 101.042;
13 ; 16 ; 14 ; 0.10792 ; -0.00541553 ; -0.00894122 ; 101.63;
14 ; 16 ; 14 ; 0.113919 ; 0.00377508 ; 0.000830604 ; 101.469;
15 ; 16 ; 14 ; 0.118199 ; -0.00951899 ; -0.00743006 ; 101.859;
16 ; 16 ; 14 ; 0.112443 ; -0.00564136 ; -0.00882942 ; 101.514;
17 ; 16 ; 14 ; 0.108298 ; 0.000801396 ; 0.00117026 ; 101.697;
18 ; 16 ; 14 ; 0.114913 ; 0.0152768 ; 1.32511e-05 ; 101.742;
19 ; 16 ; 14 ; 0.109587 ; 0.00587567 ; -0.0216855 ; 101.531;
20 ; 16 ; 14 ; 0.119734 ; 0.00244317 ; -0.0148314 ; 101.87;
21 ; 16 ; 14 ; 0.104494 ; -0.0164175 ; 0.00151741 ; 101.671;
4 ; 17 ; 14 ; 0.10291 ; -0.00357257 ; -0.003387 ; 101.624;
5 ; 17 ; 14 ; 0.109241 ; -0.0109516 ; -0.00361057 ; 101.244;
6 ; 17 ; 14 ; 0.102923 ; -0.0142168 ; 0.00893725 ; 101.644;
7 ; 17 ; 14 ; 0.105326 ; 0.00788916 ; 0.000126206 ; 101.389;
8 ; 17 ; 14 ; 0.0923392 ; -0.00528978 ; 0.00604396 ; 101.509;
9 ; 17 ; 14 ; 0.111375 ; 0.00814226 ; 0.00652214 ; 100.915;
10 ; 17 ; 14 ; 0.122421 ; -0.00342429 ; -0.0058529 ; 101.618;
11 ; 17 ; 14 ; 0.123848 ; 0.00258455 ; -0.0113853 ; 101.527;
12 ; 17 ; 14 ; 0.118559 ; -0.00122195 ; -0.00759971 ; 101.328;
13 ; 17 ; 14 ; 0.1207 ; 0.010973 ; 0.00330453 ; 101.461;
14 ; 17 ; 14 ; 0.130857 ; 0.00584271 ; -0.00305551 ; 101.757;
15 ; 17 ; 14 ; 0.113604 ; 0.00388057 ; -0.000639018 ; 101.583;
16 ; 17 ; 14 ; 0.102182 ; -0.0166104 ; -0.0092488 ; 101.392;
17 ; 17 ; 14 ; 0.103512 ; 0.00503592 ; 0.00663832 ; 101.636;
18 ; 17 ; 14 ; 0.107847 ; 0.00998452 ; -0.0114457 ; 101.042;
19 ; 17 ; 14 ; 0.106195 ; -0.00858187 ; -0.0139486 ; 101.829;
20 ; 17 ; 14 ; 0.120111 ; 0.00431191 ; -0.00566256 ; 101.146;
21 ; 17 ; 14 ; 0.100995 ; 0.00200105 ; -0.0133097 ; 101.388;
4 ; 18 ; 14 ; 0.106345 ; 0.00359169 ; 0.00176106 ; 101.128;
5 ; 18 ; 14 ; 0.112159 ; -0.0114741 ; 0.00542911 ; 101.313;
6 ; 18 ; 14 ; 0.116002 ; 0.00660377 ; 0.00913164 ; 101.617;
7 ; 18 ; 14 ; 0.0858536 ; 0.0168985 ; 0.00778684 ; 101.595;
8 ; 18 ; 14 ; 0.105577 ; -0.0115235 ; 0.00889452 ; 101.479;
9 ; 18 ; 14 ; 0.107041 ; -0.0167959 ; 0.0158057 ; 101.798;
10 ; 18 ; 14 ; 0.107757 ; 0.0152541 ; 0.0110701 ; 101.538;
11 ; 18 ; 14 ; 0.121173 ; -0.0088747 ; 0.00242275 ; 101.936;
12 ; 18 ; 14 ; 0.118065 ; -0.00124336 ; -0.00220263 ; 101.716;
13 ; 18 ; 14 ; 0.110012 ; -0.00891023 ; 0.00919326 ; 101.42;
14 ; 18 ; 14 ; 0.110765 ; 0.00859496 ; -0.0050693 ; 101.512;
15 ; 18 ; 14 ; 0.118587 ; 0.00182234 ; -0.000785629 ; 101.629;
16 ; 18 ; 14 ; 0.104442 ; -0.00148632 ; -0.0115884 ; 101.13;
17 ; 18 ; 14 ; 0.117217 ; 0.0170459 ; -0.0022623 ; 101.312;
18 ; 18 ; 14 ; 0.0929581 ; 0.00125535 ; -0.0238367 ; 101.447;
19 ; 18 ; 14 ; 0.110935 ; 0.00182046 ; -0.00492673 ; 101.039;
20 ; 18 ; 14 ; 0.106186 ; 0.00391608 ; -0.0128174 ; 101.519;
21 ; 18 ; 14 ; 0.117911 ; 0.00585255 ; 0.000972584 ; 101.509;
4 ; 19 ; 14 ; 0.111926 ; -0.000509012 ; 0.00464028 ; 101.489;
5 ; 19 ; 14 ; 0.112967 ; -0.00776544 ; 0.00704311 ; 101.244;
6 ; 19 ; 14 ; 0.110846 ; -0.00174199 ; 0.0096726 ; 101.619;
7 ; 19 ; 14 ; 0.114995 ; -0.00131656 ; -0.0105949 ; 101.577;
8 ; 19 ; 14 ; 0.09794 ; 0.00629458 ; 0.010688 ; 101.496;
9 ; 19 ; 14 ; 0.10066 ; 0.00752887 ; 0.000746684 ; 101.4;
10 ; 19 ; 14 ; 0.120949 ; 0.00697574 ; -0.000488377 ; 101.725;
11 ; 19 ; 14 ; 0.100493 ; -0.000934597 ; 0.00839384 ; 101.621;
12 ; 19 ; 14 ; 0.0929959 ; -0.00562303 ; -0.00347327 ; 101.362;
13 ; 19 ; 14 ; 0.10002 ; -0.00496567 ; 0.00710314 ; 101.56;
14 ; 19 ; 14 ; 0.108341 ; 0.0107876 ; -0.00181552 ; 101.422;
15 ; 19 ; 14 ; 0.106878 ; 0.0103643 ; -0.00408701 ; 101.494;
16 ; 19 ; 14 ; 0.117206 ; 0.0102117 ; 0.00132675 ; 101.877;
17 ; 19 ; 14 ; 0.10385 ; -0.0233367 ; -0.00310822 ; 101.802;
18 ; 19 ; 14 ; 0.112859 ; -0.000839442 ; -0.00904668 ; 101.31;
19 ; 19 ; 14 ; 0.108827 ; -0.000851763 ; -0.0106012 ; 101.342;
20 ; 19 ; 14 ; 0.11072 ; 0.00236125 ; -0.00722155 ; 101.406;
21 ; 19 ; 14 ; 0.101921 ; 0.00550384 ; -0.0033042 ; 101.534;
4 ; 20 ; 14 ; 0.107927 ; 0.00766115 ; -0.000412353 ; 101.687;
5 ; 20 ; 14 ; 0.0849108 ; 0.00011169 ; -0.00313939 ; 101.314;
6 ; 20 ; 14 ; 0.11356 ; 0.00841014 ; -0.00657682 ; 101.133;
7 ; 20 ; 14 ; 0.100085 ; 0.00475414 ; 0.00019081 ; 101.636;
8 ; 20 ; 14 ; 0.105442 ; -0.00153686 ; 0.00373961 ; 101.601;
9 ; 20 ; 14 ; 0.101642 ; 0.000622122 ; 0.00382589 ; 101.55;
10 ; 20 ; 14 ; 0.105563 ; 0.00361843 ; -0.0095221 ; 101.531;
11 ; 20 ; 14 ; 0.110657 ; 0.00247656 ; 0.000214456 ; 101.479;
12 ; 20 ; 14 ; 0.101313 ; 0.00710541 ; -0.00419951 ; 101.477;
13 ; 20 ; 14 ; 0.0993302 ; -0.00113803 ; 0.00147333 ; 101.573;
14 ; 20 ; 14 ; 0.106787 ; 0.0143366 ; -0.0082525 ; 101.8;
15 ; 20 ; 14 ; 0.111556 ; -0.0119132 ; 0.00203001 ; 101.613;
16 ; 20 ; 14 ; 0.106067 ; -0.013507 ; -0.00780347 ; 101.434;
17 ; 20 ; 14 ; 0.117238 ; -0.0204427 ; -0.00301155 ; 101.688;
18 ; 20 ; 14 ; 0.116148 ; -0.00269481 ; -0.0107993 ; 101.763;
19 ; 20 ; 14 ; 0.116381 ; -0.00179967 ; 0.00122134 ; 101.45;
20 ; 20 ; 14 ; 0.111296 ; -0.00604078 ; -0.0124603 ; 101.455;
21 ; 20 ; 14 ; 0.109939 ; -0.00186728 ; 0.00417023 ; 101.437;
4 ; 21 ; 14 ; 0.122449 ; 0.00315897 ; 0.00752766 ; 101.727;
5 ; 21 ; 14 ; 0.113005 ; -0.00151138 ; 0.00587199 ; 101.493;
6 ; 21 ; 14 ; 0.113881 ; 0.00837817 ; 0.00381716 ; 101.353;
7 ; 21 ; 14 ; 0.0947927 ; 0.00806198 ; -0.00096992 ; 101.573;
8 ; 21 ; 14 ; 0.116239 ; -0.000855846 ; 0.00760858 ; 101.309;
9 ; 21 ; 14 ; 0.119462 ; -0.00143877 ; 0.00228346 ; 101.651;
10 ; 21 ; 14 ; 0.11415 ; -0.00636627 ; -0.00389951 ; 101.327;
11 ; 21 ; 14 ; 0.104791 ; 0.00511255 ; -0.00414961 ; 101.694;
12 ; 21 ; 14 ; 0.0980708 ; 0.00334725 ; -0.00748633 ; 101.66;
13 ; 21 ; 14 ; 0.109334 ; -0.000170691 ; -0.00340252 ; 101.615;
14 ; 21 ; 14 ; 0.103686 ; 0.0121764 ; 0.0170179 ; 101.436;
15 ; 21 ; 14 ; 0.110433 ; 0.00468554 ; 0.00458741 ; 101.488;
16 ; 21 ; 14 ; 0.11763 ; -0.00128114 ; 0.00580529 ; 101.936;
17 ; 21 ; 14 ; 0.114308 ; -0.0140243 ; 0.00462402 ; 101.897;
18 ; 21 ; 14 ; 0.118181 ; 0.00900898 ; 0.00376095 ; 101.24;
19 ; 21 ; 14 ; 0.117255 ; 0.00726593 ; 0.000165825 ; 101.38;
20 ; 21 ; 14 ; 0.117224 ; -0.00613838 ; 0.00980753 ; 101.814;
21 ; 21 ; 14 ; 0.124083 ; 0.00144999 ; -0.0159374 ; 101.574;
4 ; 4 ; 15 ; 0.0842429 ; -0.000721919 ; -0.0085092 ; 101.783;
5 ; 4 ; 15 ; 0.089335 ; 0.00375977 ; 0.0062565 ; 101.57;
6 ; 4 ; 15 ; 0.0846947 ; -0.011067 ; 0.00972999 ; 101.793;
7 ; 4 ; 15 ; 0.0800089 ; 0.00608645 ; 0.000138673 ; 101.239;
8 ; 4 ; 15 ; 0.0848119 ; 0.00332799 ; 0.0103643 ; 101.606;
9 ; 4 ; 15 ; 0.0881717 ; 0.00378701 ; -0.000459934 ; 101.498;
10 ; 4 ; 15 ; 0.0669708 ; 0.0068194 ; -0.00257042 ; 101.784;
11 ; 4 ; 15 ; 0.0739522 ; -0.00311907 ; -0.00186588 ; 101.486;
12 ; 4 ; 15 ; 0.0817493 ; -0.00743693 ; 0.00455261 ; 101.019;
13 ; 4 ; 15 ; 0.0744362 ; 0.00481718 ; 0.000509841 ; 100.782;
14 ; 4 ; 15 ; 0.0883313 ; -0.00848433 ; -0.00388307 ; 101.424;
15 ; 4 ; 15 ; 0.0819695 ; 0.00335228 ; -0.00415891 ; 101.755;
16 ; 4 ; 15 ; 0.0825145 ; -0.00284122 ; -0.000296353 ; 101.181;
17 ; 4 ; 15 ; 0.0816461 ; 0.00444052 ; -0.00461695 ; 101.83;
18 ; 4 ; 15 ; 0.0723135 ; 0.00386324 ; -0.0121447 ; 102.049;
19 ; 4 ; 15 ; 0.0758808 ; 0.00620129 ; -0.00837364 ; 101.096;
20 ; 4 ; 15 ; 0.0901725 ; 0.00892698 ; 0.0013601 ; 101.689;
21 ; 4 ; 15 ; 0.0867567 ; -0.00558936 ; -0.00430444 ; 101.538;
4 ; 5 ; 15 ; 0.0815096 ; 0.00168298 ; -0.00761911 ; 101.207;
5 ; 5 ; 15 ; 0.0717199 ; 0.0126029 ; 0.0102181 ; 101.879;
6 ; 5 ; 15 ; 0.0755083 ; -0.0170473 ; 0.00804533 ; 101.482;
7 ; 5 ; 15 ; 0.0808306 ; -0.00985786 ; -0.00545779 ; 101.8;
8 ; 5 ; 15 ; 0.0909209 ; 0.000630368 ; 0.00825223 ; 101.658;
9 ; 5 ; 15 ; 0.075073 ; 0.000492402 ; 0.00646518 ; 101.76;
10 ; 5 ; 15 ; 0.0808306 ; 0.00376844 ; 0.0100499 ; 101.625;
11 ; 5 ; 15 ; 0.0808989 ; 0.00799959 ; 0.0124189 ; 101.323;
12 ; 5 ; 15 ; 0.0721283 ; -0.00445727 ; -0.000779008 ; 101.44;
13 ; 5 ; 15 ; 0.0694212 ; 0.000832298 ; -0.002712 ; 101.606;
14 ; 5 ; 15 ; 0.0771305 ; 0.00115436 ; -0.0185642 ; 101.866;
15 ; 5 ; 15 ; 0.0890458 ; -0.00931495 ; -0.00886142 ; 101.478;
16 ; 5 ; 15 ; 0.0819194 ; 0.016506 ; -0.00175701 ; 101.175;
17 ; 5 ; 15 ; 0.0857388 ; 0.00175581 ; -0.00644571 ; 101.339;
18 ; 5 ; 15 ; 0.0868635 ; 0.00239746 ; -0.0148352 ; 101.563;
19 ; 5 ; 15 ; 0.0916 ; 0.007442 ; -0.015073 ; 101.991;
20 ; 5 ; 15 ; 0.0901627 ; 0.00442324 ; -0.0120347 ; 101.634;
21 ; 5 ; 15 ; 0.0758911 ; 0.00094173 ; 0.00332753 ; 101.13;
4 ; 6 ; 15 ; 0.0870139 ; -0.00816553 ; 0.00313531 ; 101.492;
5 ; 6 ; 15 ; 0.0880126 ; -0.00334691 ; 0.00539802 ; 101.078;
6 ; 6 ; 15 ; 0.0682472 ; -0.0105712 ; 0.00176445 ; 102.059;
7 ; 6 ; 15 ; 0.0669707 ; -0.000417035 ; -0.00177197 ; 101.522;
8 ; 6 ; 15 ; 0.0837323 ; 0.00289678 ; -0.0040014 ; 101.813;
9 ; 6 ; 15 ; 0.0871809 ; -0.00407667 ; 0.0026736 ; 101.734;
10 ; 6 ; 15 ; 0.0831349 ; -0.00245152 ; 0.00708275 ; 101.58;
11 ; 6 ; 15 ; 0.0874873 ; 0.00395722 ; 0.0113689 ; 101.76;
12 ; 6 ; 15 ; 0.0789999 ; 0.00950027 ; -0.00252413 ; 101.424;
13 ; 6 ; 15 ; 0.0698777 ; -0.00527085 ; 0.00713442 ; 100.731;
14 ; 6 ; 15 ; 0.0967428 ; -0.00902144 ; -0.00167227 ; 101.757;
15 ; 6 ; 15 ; 0.0942619 ; -0.00447976 ; 0.0127363 ; 101.511;
16 ; 6 ; 15 ; 0.0898798 ; 0.00269757 ; 0.00639983 ; 101.331;
17 ; 6 ; 15 ; 0.0899006 ; 0.010698 ; 0.00349505 ; 101.252;
18 ; 6 ; 15 ; 0.0780897 ; -0.00227937 ; -0.0133767 ; 101.489;
19 ; 6 ; 15 ; 0.091563 ; 0.0142298 ; 0.0027782 ; 101.513;
20 ; 6 ; 15 ; 0.0882146 ; 0.0102244 ; -0.00770695 ; 101.994;
21 ; 6 ; 15 ; 0.0922478 ; -0.00275693 ; 0.00419329 ; 101.23;
4 ; 7 ; 15 ; 0.0837532 ; -0.00699631 ; 0.00216849 ; 101.685;
5 ; 7 ; 15 ; 0.0890171 ; -0.00105448 ; 0.00245577 ; 101.785;
6 ; 7 ; 15 ; 0.0832846 ; -0.000227141 ; 0.0113702 ; 101.374;
7 ; 7 ; 15 ; 0.0728471 ; -0.00727106 ; 0.00125002 ; 100.93;
8 ; 7 ; 15 ; 0.0895745 ; -0.00538853 ; 0.0057848 ; 101.588;
9 ; 7 ; 15 ; 0.0786983 ; 0.00533963 ; 0.0170129 ; 101.619;
10 ; 7 ; 15 ; 0.080703 ; 0.000329958 ; -0.00276475 ; 101.026;
11 ; 7 ; 15 ; 0.0741901 ; -4.03291e-05 ; -0.00482419 ; 101.347;
12 ; 7 ; 15 ; 0.0744782 ; -0.00496743 ; 0.00372361 ; 101.617;
13 ; 7 ; 15 ; 0.0816067 ; -0.000471734 ; -0.00181889 ; 101.749;
14 ; 7 ; 15 ; 0.0791204 ; 0.00619914 ; 0.00337096 ; 101.777;
15 ; 7 ; 15 ; 0.0771394 ; 0.00625968 ; -0.00513581 ; 101.888;
16 ; 7 ; 15 ; 0.0806332 ; -0.0174515 ; -0.0212362 ; 101.453;
17 ; 7 ; 15 ; 0.0833258 ; 0.0050025 ; -0.000985035 ; 101.726;
18 ; 7 ; 15 ; 0.0642684 ; 0.000804149 ; -0.0108333 ; 101.362;
19 ; 7 ; 15 ; 0.0953929 ; 0.0061716 ; -0.0112882 ; 101.355;
20 ; 7 ; 15 ; 0.0899628 ; 0.0126153 ; -0.00119152 ; 101.613;
21 ; 7 ; 15 ; 0.0824295 ; -0.00215896 ; -0.00149615 ; 101.624;
4 ; 8 ; 15 ; 0.0788942 ; 0.00775624 ; 0.00299464 ; 101.424;
5 ; 8 ; 15 ; 0.0956985 ; 0.00219229 ; 0.00137666 ; 101.16;
6 ; 8 ; 15 ; 0.0880106 ; -0.00147996 ; -0.00950814 ; 101.295;
7 ; 8 ; 15 ; 0.07119 ; 0.0040422 ; -0.00337946 ; 101.87;
8 ; 8 ; 15 ; 0.0788655 ; -0.000801781 ; 0.000786812 ; 101.662;
9 ; 8 ; 15 ; 0.0841953 ; 0.00104448 ; 0.0138448 ; 101.727;
10 ; 8 ; 15 ; 0.0839971 ; 0.00196351 ; 0.0144407 ; 101.71;
11 ; 8 ; 15 ; 0.0801491 ; 0.00626969 ; -0.00111469 ; 101.801;
12 ; 8 ; 15 ; 0.0842782 ; -0.00403366 ; 0.0112841 ; 101.87;
13 ; 8 ; 15 ; 0.0877571 ; 0.00291434 ; 0.00583714 ; 101.533;
14 ; 8 ; 15 ; 0.0763162 ; 0.0101865 ; 0.00375043 ; 101.222;
15 ; 8 ; 15 ; 0.0888236 ; 0.000151055 ; 0.00778972 ; 101.79;
16 ; 8 ; 15 ; 0.0841892 ; 0.0048573 ; -0.00528983 ; 101.793;
17 ; 8 ; 15 ; 0.0834184 ; -0.0175211 ; -0.0110216 ; 101.343;
18 ; 8 ; 15 ; 0.076923 ; -0.00316509 ; 0.00489313 ; 101.218;
19 ; 8 ; 15 ; 0.074117 ; 0.0067045 ; -0.0085646 ; 101.415;
20 ; 8 ; 15 ; 0.0809017 ; 0.0104986 ; -0.00657799 ; 101.666;
21 ; 8 ; 15 ; 0.0840914 ; -0.00474836 ; -0.00151703 ; 101.681;
4 ; 9 ; 15 ; 0.088031 ; -0.0078002 ; -0.00438683 ; 101.292;
5 ; 9 ; 15 ; 0.079976 ; 0.00353569 ; 0.0152473 ; 101.568;
6 ; 9 ; 15 ; 0.0671744 ; 0.00176327 ; 0.00109534 ; 101.111;
7 ; 9 ; 15 ; 0.0750836 ; -0.00263587 ; 0.0181278 ; 101.841;
8 ; 9 ; 15 ; 0.089364 ; -0.00530668 ; 0.00964927 ; 101.525;
9 ; 9 ; 15 ; 0.0756987 ; 0.00384413 ; 0.00237414 ; 101.09;
10 ; 9 ; 15 ; 0.0906785 ; 0.00857082 ; 0.00481327 ; 101.506;
11 ; 9 ; 15 ; 0.0847591 ; 0.00171551 ; 0.0174176 ; 102.101;
12 ; 9 ; 15 ; 0.0808168 ; 0.00320317 ; 0.00159169 ; 101.535;
13 ; 9 ; 15 ; 0.0853425 ; -0.00300884 ; -0.00553119 ; 101.488;
14 ; 9 ; 15 ; 0.0845711 ; -0.010111 ; 0.00662813 ; 101.316;
15 ; 9 ; 15 ; 0.0745687 ; 0.00697188 ; 0.0198627 ; 101.451;
16 ; 9 ; 15 ; 0.0786219 ; -0.0101008 ; -0.00990337 ; 101.747;
17 ; 9 ; 15 ; 0.0825331 ; -0.00158757 ; -0.00304715 ; 101.242;
18 ; 9 ; 15 ; 0.0786603 ; -0.00785931 ; -0.00501052 ; 101.567;
19 ; 9 ; 15 ; 0.0846895 ; 0.00806847 ; -0.0105085 ; 101.701;
20 ; 9 ; 15 ; 0.0735166 ; -0.00634453 ; -0.00719515 ; 101.547;
21 ; 9 ; 15 ; 0.0826337 ; -0.00482628 ; 0.00206675 ; 101.285;
4 ; 10 ; 15 ; 0.0851555 ; -0.0034486 ; -0.00456559 ; 101.006;
5 ; 10 ; 15 ; 0.0675719 ; 0.00194801 ; 0.00673716 ; 101.764;
6 ; 10 ; 15 ; 0.084523 ; 0.00391818 ; 0.0130041 ; 101.56;
7 ; 10 ; 15 ; 0.0864902 ; 0.0016563 ; 0.00364936 ; 101.469;
8 ; 10 ; 15 ; 0.0808106 ; 0.00522343 ; 0.010534 ; 101.754;
9 ; 10 ; 15 ; 0.0892802 ; 0.00502159 ; 0.00687675 ; 101.276;
10 ; 10 ; 15 ; 0.0839696 ; 0.0105318 ; -0.00225226 ; 101.624;
11 ; 10 ; 15 ; 0.0855721 ; -0.0043215 ; -0.00742251 ; 101.477;
12 ; 10 ; 15 ; 0.0838741 ; -0.00172419 ; 0.000575971 ; 100.909;
13 ; 10 ; 15 ; 0.0684572 ; -0.00506385 ; 0.0142654 ; 101.35;
14 ; 10 ; 15 ; 0.0784646 ; 0.0024722 ; -0.00288682 ; 101.964;
15 ; 10 ; 15 ; 0.0850496 ; 0.00602461 ; 0.00918946 ; 101.444;
16 ; 10 ; 15 ; 0.0784463 ; 0.00570824 ; -0.00490968 ; 101.044;
17 ; 10 ; 15 ; 0.0728864 ; 0.00794191 ; 0.00771454 ; 101.425;
18 ; 10 ; 15 ; 0.0732201 ; 0.00436573 ; -0.00292258 ; 101.526;
19 ; 10 ; 15 ; 0.0760595 ; 0.00429019 ; 0.00615029 ; 101.101;
20 ; 10 ; 15 ; 0.0911116 ; -0.00220832 ; -0.0144538 ; 101.735;
21 ; 10 ; 15 ; 0.0851137 ; 0.00761427 ; -0.000779986 ; 101.285;
4 ; 11 ; 15 ; 0.0823189 ; -0.00199481 ; 0.00698385 ; 101.622;
5 ; 11 ; 15 ; 0.0741471 ; 0.00689152 ; -0.00257237 ; 101.384;
6 ; 11 ; 15 ; 0.0824075 ; -0.00706659 ; -0.000785935 ; 101.441;
7 ; 11 ; 15 ; 0.0728381 ; -0.00104562 ; -0.0113333 ; 101.342;
8 ; 11 ; 15 ; 0.0779802 ; 0.00167402 ; 0.00235775 ; 102.134;
9 ; 11 ; 15 ; 0.078119 ; -0.00334619 ; -0.00213458 ; 101.395;
10 ; 11 ; 15 ; 0.0829014 ; -0.00139483 ; -0.00832063 ; 101.642;
11 ; 11 ; 15 ; 0.0678793 ; 0.00530416 ; 0.00850706 ; 101.36;
12 ; 11 ; 15 ; 0.0623031 ; 0.00515213 ; -0.000839671 ; 101.293;
13 ; 11 ; 15 ; 0.0715481 ; -0.00947688 ; 0.000135524 ; 101.449;
14 ; 11 ; 15 ; 0.0913159 ; 0.00686291 ; 0.00991777 ; 101.429;
15 ; 11 ; 15 ; 0.0828867 ; 0.00815642 ; 0.0162892 ; 101.662;
16 ; 11 ; 15 ; 0.0843657 ; 0.00125596 ; 0.00502978 ; 101.159;
17 ; 11 ; 15 ; 0.0725021 ; 0.00452632 ; -0.00313063 ; 101.91;
18 ; 11 ; 15 ; 0.0839124 ; 0.00068098 ; -0.000715107 ; 101.717;
19 ; 11 ; 15 ; 0.0906075 ; 0.00114776 ; -0.00275024 ; 101.469;
20 ; 11 ; 15 ; 0.0840283 ; 0.00799776 ; -0.00927045 ; 101.794;
21 ; 11 ; 15 ; 0.0865795 ; 0.00546287 ; -0.0167136 ; 101.336;
4 ; 12 ; 15 ; 0.0892513 ; 0.00740937 ; 0.00058381 ; 101.532;
5 ; 12 ; 15 ; 0.0766798 ; 0.00859407 ; 0.0134261 ; 101.514;
6 ; 12 ; 15 ; 0.0884303 ; -0.00782089 ; -0.00290615 ; 101.581;
7 ; 12 ; 15 ; 0.0991351 ; -0.00115945 ; -0.00148054 ; 101.413;
8 ; 12 ; 15 ; 0.0844057 ; 0.00657108 ; -0.0236531 ; 101.592;
9 ; 12 ; 15 ; 0.0842378 ; 0.00492518 ; 0.00326961 ; 102.048;
10 ; 12 ; 15 ; 0.0780147 ; -0.00550358 ; 0.0191891 ; 101.571;
11 ; 12 ; 15 ; 0.0733299 ; 0.00514871 ; 0.00185135 ; 102.036;
12 ; 12 ; 15 ; 0.0856023 ; -0.00611831 ; 0.00733886 ; 101.712;
13 ; 12 ; 15 ; 0.0599219 ; 0.00398017 ; -0.00361219 ; 101.317;
14 ; 12 ; 15 ; 0.0662339 ; -0.0200868 ; -0.00909432 ; 101.021;
15 ; 12 ; 15 ; 0.0714868 ; 0.00974933 ; 0.00585534 ; 101.587;
16 ; 12 ; 15 ; 0.0709198 ; 0.0109296 ; -0.0145855 ; 101.487;
17 ; 12 ; 15 ; 0.0772265 ; -0.0161492 ; 0.000551429 ; 101.447;
18 ; 12 ; 15 ; 0.0765516 ; 0.000744734 ; -0.0130785 ; 101.449;
19 ; 12 ; 15 ; 0.0848686 ; 0.00484209 ; -0.00735978 ; 101.57;
20 ; 12 ; 15 ; 0.0801229 ; -0.00525711 ; -0.000899088 ; 101.3;
21 ; 12 ; 15 ; 0.0778417 ; 0.0155346 ; -0.00389114 ; 101.297;
4 ; 13 ; 15 ; 0.0815495 ; -0.00538374 ; 0.00850652 ; 101.443;
5 ; 13 ; 15 ; 0.0766256 ; 0.00837876 ; 0.00918865 ; 101.33;
6 ; 13 ; 15 ; 0.0918826 ; -0.0170952 ; 0.00763344 ; 101.69;
7 ; 13 ; 15 ; 0.073161 ; -0.00390489 ; -0.000150942 ; 101.134;
8 ; 13 ; 15 ; 0.0860778 ; 0.00713229 ; -0.00962901 ; 101.698;
9 ; 13 ; 15 ; 0.0722317 ; 0.00437993 ; 0.00547126 ; 101.307;
10 ; 13 ; 15 ; 0.0777077 ; 0.00774 ; 0.00273806 ; 101.804;
11 ; 13 ; 15 ; 0.0811406 ; 0.00811729 ; -0.00840799 ; 101.818;
12 ; 13 ; 15 ; 0.0821754 ; 0.00427189 ; -0.000501965 ; 101.607;
13 ; 13 ; 15 ; 0.0774815 ; -0.00566771 ; 0.0167901 ; 101.334;
14 ; 13 ; 15 ; 0.0741185 ; -0.00587897 ; 0.00357435 ; 101.657;
15 ; 13 ; 15 ; 0.0745048 ; -0.000181123 ; -0.0163405 ; 101.317;
16 ; 13 ; 15 ; 0.0911846 ; 0.00233094 ; -0.00394379 ; 101.684;
17 ; 13 ; 15 ; 0.0840224 ; -0.00385078 ; 0.00152027 ; 101.269;
18 ; 13 ; 15 ; 0.0846824 ; -0.000617608 ; -0.0178799 ; 101.556;
19 ; 13 ; 15 ; 0.0879181 ; 0.00576764 ; -0.00834367 ; 101.539;
20 ; 13 ; 15 ; 0.0820249 ; -0.00756399 ; -0.0120344 ; 101.475;
21 ; 13 ; 15 ; 0.0816939 ; -0.00647307 ; -0.00953896 ; 101.662;
4 ; 14 ; 15 ; 0.0779589 ; 0.0016479 ; -0.00199902 ; 100.984;
5 ; 14 ; 15 ; 0.0764505 ; -0.0100517 ; -0.00241279 ; 101.443;
6 ; 14 ; 15 ; 0.083581 ; -0.0138607 ; 0.00102086 ; 101.493;
7 ; 14 ; 15 ; 0.0808246 ; -0.012295 ; -0.00295858 ; 101.443;
8 ; 14 ; 15 ; 0.0822875 ; 0.0025269 ; 6.36831e-06 ; 101.472;
9 ; 14 ; 15 ; 0.0809682 ; -0.00209056 ; 0.0132211 ; 101.704;
10 ; 14 ; 15 ; 0.0844356 ; -0.00995116 ; -0.0101404 ; 101.366;
11 ; 14 ; 15 ; 0.082522 ; -1.96889e-05 ; 0.00835312 ; 101.712;
12 ; 14 ; 15 ; 0.0792024 ; 0.00529867 ; -0.000192746 ; 101.465;
13 ; 14 ; 15 ; 0.0778087 ; 0.0070999 ; 0.00609873 ; 101.55;
14 ; 14 ; 15 ; 0.0785546 ; 0.00179263 ; -0.00315569 ; 101.68;
15 ; 14 ; 15 ; 0.0686785 ; -0.00312849 ; 0.00275334 ; 101.233;
16 ; 14 ; 15 ; 0.0921344 ; -0.00282399 ; -0.00229581 ; 101.465;
17 ; 14 ; 15 ; 0.0757345 ; -0.000833786 ; -0.00443448 ; 101.679;
18 ; 14 ; 15 ; 0.0814977 ; -0.000425453 ; -0.016889 ; 101.597;
19 ; 14 ; 15 ; 0.0816944 ; 0.00898563 ; -0.0114856 ; 101.926;
20 ; 14 ; 15 ; 0.0881871 ; 0.000719741 ; 0.00712199 ; 101.803;
21 ; 14 ; 15 ; 0.0717479 ; -0.00305197 ; -0.00484106 ; 102.166;
4 ; 15 ; 15 ; 0.0839729 ; 0.00343959 ; -0.0041871 ; 101.464;
5 ; 15 ; 15 ; 0.0909054 ; -0.0040935 ; -0.00589193 ; 101.282;
6 ; 15 ; 15 ; 0.0904439 ; 0.0001229 ; 0.00580715 ; 101.34;
7 ; 15 ; 15 ; 0.080058 ; 0.00714617 ; 0.0076286 ; 101.765;
8 ; 15 ; 15 ; 0.0907808 ; 0.0035664 ; 0.00112023 ; 101.184;
9 ; 15 ; 15 ; 0.0781037 ; -0.0109636 ; 0.00827146 ; 101.262;
10 ; 15 ; 15 ; 0.0879761 ; -0.000442137 ; 0.000785274 ; 101.653;
11 ; 15 ; 15 ; 0.0836412 ; 0.00515757 ; -0.00178175 ; 101.698;
12 ; 15 ; 15 ; 0.0771373 ; 0.00878786 ; 0.00391984 ; 101.897;
13 ; 15 ; 15 ; 0.0763266 ; -0.000776167 ; -0.00338939 ; 101.269;
14 ; 15 ; 15 ; 0.0812919 ; -0.0106921 ; 0.000239326 ; 101.726;
15 ; 15 ; 15 ; 0.0730163 ; 0.00607702 ; -0.00414774 ; 101.339;
16 ; 15 ; 15 ; 0.0749568 ; 0.00878997 ; -0.0101913 ; 101.374;
17 ; 15 ; 15 ; 0.0733205 ; -0.00165536 ; -0.000304725 ; 101.237;
18 ; 15 ; 15 ; 0.0856279 ; -0.00101727 ; 4.99294e-06 ; 101.898;
19 ; 15 ; 15 ; 0.0718147 ; -0.00245942 ; -0.00980674 ; 101.743;
20 ; 15 ; 15 ; 0.071531 ; -0.0157242 ; -0.00635574 ; 101.537;
21 ; 15 ; 15 ; 0.0854501 ; -0.00133775 ; 0.00766532 ; 101.306;
4 ; 16 ; 15 ; 0.0696052 ; 0.0100122 ; 0.0031967 ; 101.176;
5 ; 16 ; 15 ; 0.0675781 ; 0.0114155 ; 0.00737661 ; 101.285;
6 ; 16 ; 15 ; 0.086625 ; 0.000127807 ; -0.000340269 ; 101.644;
7 ; 16 ; 15 ; 0.0831326 ; 0.00676081 ; -0.00312025 ; 101.624;
8 ; 16 ; 15 ; 0.079727 ; -0.0075736 ; 0.0117884 ; 101.346;
9 ; 16 ; 15 ; 0.0855567 ; -0.00103856 ; 0.00732069 ; 101.742;
10 ; 16 ; 15 ; 0.0787023 ; 0.00207049 ; -0.00786443 ; 101.686;
11 ; 16 ; 15 ; 0.0816976 ; 0.00244034 ; -0.0126234 ; 101.308;
12 ; 16 ; 15 ; 0.0833308 ; -0.00456152 ; 0.00529436 ; 101.769;
13 ; 16 ; 15 ; 0.0791004 ; 0.00437693 ; 0.00327056 ; 100.619;
14 ; 16 ; 15 ; 0.0754628 ; -0.00255491 ; -0.0130907 ; 101.524;
15 ; 16 ; 15 ; 0.0765209 ; 0.0091109 ; -0.00459808 ; 101.689;
16 ; 16 ; 15 ; 0.0701917 ; -0.00848806 ; -0.00244453 ; 101.226;
17 ; 16 ; 15 ; 0.0810335 ; -0.00230389 ; -0.00685263 ; 101.459;
18 ; 16 ; 15 ; 0.084009 ; 0.00543793 ; -0.011451 ; 101.771;
19 ; 16 ; 15 ; 0.0820988 ; 0.0105881 ; -0.0100678 ; 101.566;
20 ; 16 ; 15 ; 0.0827815 ; -0.00989083 ; -0.00676895 ; 101.675;
21 ; 16 ; 15 ; 0.084989 ; 0.00327637 ; -0.00897599 ; 101.067;
4 ; 17 ; 15 ; 0.0882376 ; 0.000221284 ; -0.000362713 ; 101.187;
5 ; 17 ; 15 ; 0.0774022 ; -0.00495329 ; 0.00636535 ; 101.828;
6 ; 17 ; 15 ; 0.0828136 ; -0.00701275 ; 0.0105341 ; 101.558;
7 ; 17 ; 15 ; 0.0785494 ; 0.00937877 ; 0.00053884 ; 101.692;
8 ; 17 ; 15 ; 0.0839337 ; -0.00177834 ; 0.0149083 ; 101.655;
9 ; 17 ; 15 ; 0.0890663 ; -0.00179718 ; 0.00685882 ; 101.498;
10 ; 17 ; 15 ; 0.0713103 ; -0.00617621 ; 0.00512751 ; 101.155;
11 ; 17 ; 15 ; 0.0761193 ; -0.00995327 ; -0.000145805 ; 101.31;
12 ; 17 ; 15 ; 0.0853836 ; 0.00398917 ; 0.00804861 ; 101.336;
13 ; 17 ; 15 ; 0.0806968 ; 0.00602459 ; 0.00153007 ; 101.4;
14 ; 17 ; 15 ; 0.0829656 ; 0.00760234 ; -0.000565678 ; 101.353;
15 ; 17 ; 15 ; 0.0783577 ; 0.00511261 ; -0.00378502 ; 101.781;
16 ; 17 ; 15 ; 0.0799236 ; -0.00245886 ; -0.00715592 ; 101.561;
17 ; 17 ; 15 ; 0.0916678 ; 0.00567779 ; 0.00558169 ; 101.813;
18 ; 17 ; 15 ; 0.0983974 ; -0.0036267 ; -0.0195656 ; 101.659;
19 ; 17 ; 15 ; 0.081438 ; 0.00695378 ; 0.00523433 ; 101.225;
20 ; 17 ; 15 ; 0.0857599 ; 0.00151946 ; 0.000711925 ; 101.371;
21 ; 17 ; 15 ; 0.0751548 ; -0.00246472 ; -0.0158304 ; 101.168;
4 ; 18 ; 15 ; 0.0927542 ; 0.00323913 ; -0.00222481 ; 101.408;
5 ; 18 ; 15 ; 0.0903661 ; 0.00575872 ; 0.00172792 ; 101.221;
6 ; 18 ; 15 ; 0.0850995 ; -0.00017477 ; 0.0114602 ; 101.637;
7 ; 18 ; 15 ; 0.0758626 ; 0.00366041 ; 0.00962149 ; 101.495;
8 ; 18 ; 15 ; 0.0880107 ; -0.00806242 ; 0.00420647 ; 101.739;
9 ; 18 ; 15 ; 0.0814011 ; -0.0049818 ; 0.00405842 ; 101.35;
10 ; 18 ; 15 ; 0.0778819 ; 0.00439947 ; 0.0165539 ; 101.669;
11 ; 18 ; 15 ; 0.0721639 ; -0.00961765 ; 0.0166222 ; 101.509;
12 ; 18 ; 15 ; 0.0726441 ; -0.0180859 ; 0.0163964 ; 101.381;
13 ; 18 ; 15 ; 0.0849252 ; 0.000189029 ; -0.0122387 ; 101.529;
14 ; 18 ; 15 ; 0.0932602 ; 0.00237809 ; -0.0010744 ; 101.493;
15 ; 18 ; 15 ; 0.0745877 ; 0.00456591 ; 0.00536374 ; 100.914;
16 ; 18 ; 15 ; 0.0649621 ; 0.00716847 ; -0.00157962 ; 101.44;
17 ; 18 ; 15 ; 0.0720365 ; 0.00100131 ; -0.005986 ; 100.885;
18 ; 18 ; 15 ; 0.0988292 ; -0.00042559 ; -0.017475 ; 101.396;
19 ; 18 ; 15 ; 0.0970466 ; 0.015082 ; -0.0111431 ; 101.794;
20 ; 18 ; 15 ; 0.0949346 ; -0.00215584 ; -0.00609502 ; 101.342;
21 ; 18 ; 15 ; 0.0785586 ; 0.00639478 ; -0.00916484 ; 101.876;
4 ; 19 ; 15 ; 0.0763503 ; 0.00750582 ; 0.00494749 ; 101.496;
5 ; 19 ; 15 ; 0.0686868 ; -0.000275638 ; 0.0063126 ; 101.347;
6 ; 19 ; 15 ; 0.062627 ; 0.00155386 ; 0.00276198 ; 101.709;
7 ; 19 ; 15 ; 0.0711204 ; 0.00139841 ; 0.00998075 ; 101.554;
8 ; 19 ; 15 ; 0.0721591 ; -0.00238174 ; 0.00269202 ; 101.816;
9 ; 19 ; 15 ; 0.0858408 ; 0.00138399 ; -0.00917186 ; 101.047;
10 ; 19 ; 15 ; 0.0784955 ; 0.00960839 ; 0.00667401 ; 101.897;
11 ; 19 ; 15 ; 0.101676 ; -0.00220619 ; 0.00965688 ; 101.459;
12 ; 19 ; 15 ; 0.0877729 ; -0.00496917 ; 0.0092873 ; 101.86;
13 ; 19 ; 15 ; 0.0831443 ; 0.00160263 ; 0.00227074 ; 101.587;
14 ; 19 ; 15 ; 0.0830552 ; 0.00517019 ; -0.00909721 ; 101.568;
15 ; 19 ; 15 ; 0.0853709 ; 0.00728903 ; -0.00262376 ; 102.032;
16 ; 19 ; 15 ; 0.0802314 ; 0.000320423 ; -0.00301306 ; 101.285;
17 ; 19 ; 15 ; 0.0794024 ; 0.00841376 ; 0.00478094 ; 101.138;
18 ; 19 ; 15 ; 0.0737014 ; 0.0054049 ; -0.0040698 ; 101.491;
19 ; 19 ; 15 ; 0.0876157 ; 0.00401068 ; -0.0284448 ; 101.453;
20 ; 19 ; 15 ; 0.0916131 ; 0.00493768 ; -0.0122207 ; 101.726;
21 ; 19 ; 15 ; 0.0871917 ; 0.00524493 ; -0.00644931 ; 101.561;
4 ; 20 ; 15 ; 0.0828396 ; -0.00349435 ; -0.0056064 ; 101.067;
5 ; 20 ; 15 ; 0.0785472 ; -0.00211676 ; -0.00653952 ; 101.867;
6 ; 20 ; 15 ; 0.0917751 ; -0.00962393 ; 0.00523622 ; 101.766;
7 ; 20 ; 15 ; 0.085945 ; 0.000833822 ; 0.0134019 ; 101.832;
8 ; 20 ; 15 ; 0.0795036 ; -0.00614392 ; 0.00159216 ; 101.57;
9 ; 20 ; 15 ; 0.0736655 ; 0.00117488 ; 0.005061 ; 101.012;
10 ; 20 ; 15 ; 0.0843761 ; -0.00282352 ; 0.0052484 ; 101.7;
11 ; 20 ; 15 ; 0.0816873 ; 0.00678146 ; -0.00687695 ; 101.43;
12 ; 20 ; 15 ; 0.0822033 ; -0.00525038 ; 0.0035627 ; 101.273;
13 ; 20 ; 15 ; 0.0800753 ; 0.00494778 ; -0.00134463 ; 101.874;
14 ; 20 ; 15 ; 0.0847615 ; 0.00996347 ; 0.00884773 ; 101.512;
15 ; 20 ; 15 ; 0.071301 ; 0.00549611 ; 0.000592881 ; 101.653;
16 ; 20 ; 15 ; 0.0827846 ; -0.0023815 ; -0.00448109 ; 101.157;
17 ; 20 ; 15 ; 0.0870823 ; -0.00292431 ; -0.0092485 ; 101.429;
18 ; 20 ; 15 ; 0.0842312 ; -0.00913166 ; -0.00698259 ; 101.775;
19 ; 20 ; 15 ; 0.0886934 ; 0.00391907 ; -0.00337667 ; 101.382;
20 ; 20 ; 15 ; 0.102389 ; -0.0104702 ; -0.0121184 ; 101.383;
21 ; 20 ; 15 ; 0.0957698 ; -0.0187613 ; -0.00882166 ; 101.87;
4 ; 21 ; 15 ; 0.0857227 ; -0.00566451 ; 0.00562358 ; 101.6;
5 ; 21 ; 15 ; 0.0901366 ; 0.00034471 ; -0.00316226 ; 101.643;
6 ; 21 ; 15 ; 0.0875573 ; 0.00130178 ; 0.00346604 ; 101.847;
7 ; 21 ; 15 ; 0.0810519 ; -0.0035506 ; -0.0010255 ; 101.439;
8 ; 21 ; 15 ; 0.0841717 ; -0.0022108 ; 0.00965441 ; 101.649;
9 ; 21 ; 15 ; 0.0791195 ; -0.00840385 ; 0.0115617 ; 100.917;
10 ; 21 ; 15 ; 0.076249 ; -0.0051967 ; 0.00202642 ; 101.29;
11 ; 21 ; 15 ; 0.0886972 ; -0.00304336 ; -0.000600908 ; 101.57;
12 ; 21 ; 15 ; 0.0876718 ; -0.00974815 ; -0.00720317 ; 101.46;
13 ; 21 ; 15 ; 0.076885 ; -9.90936e-06 ; 0.0053599 ; 101.229;
14 ; 21 ; 15 ; 0.0845854 ; 0.00295049 ; 0.0143549 ; 101.549;
15 ; 21 ; 15 ; 0.0843517 ; 0.00045374 ; 0.0048921 ; 101.294;
16 ; 21 ; 15 ; 0.0789912 ; 0.000851577 ; -0.0130732 ; 101.408;
17 ; 21 ; 15 ; 0.0828523 ; -0.00124742 ; -0.00617004 ; 101.415;
18 ; 21 ; 15 ; 0.0913004 ; 0.00354861 ; -0.0105824 ; 101.817;
19 ; 21 ; 15 ; 0.0700342 ; 0.00930806 ; -0.00845913 ; 101.508;
20 ; 21 ; 15 ; 0.092334 ; 0.00630323 ; -0.00302009 ; 101.136;
21 ; 21 ; 15 ; 0.0882396 ; 0.00687365 ; -0.00315533 ; 101.715;
4 ; 4 ; 16 ; 0.0517929 ; -0.00872862 ; 0.00636006 ; 101.251;
5 ; 4 ; 16 ; 0.0639052 ; -0.0115125 ; -0.0100667 ; 101.382;
6 ; 4 ; 16 ; 0.0620574 ; 0.00285104 ; 1.25953e-05 ; 101.218;
7 ; 4 ; 16 ; 0.0692112 ; 0.0150327 ; 0.0142581 ; 101.643;
8 ; 4 ; 16 ; 0.0651137 ; -0.000523211 ; 0.00832089 ; 101.418;
9 ; 4 ; 16 ; 0.0659906 ; 0.00555856 ; -0.00589692 ; 101.244;
10 ; 4 ; 16 ; 0.0530085 ; -0.000758375 ; 0.00597714 ; 101.488;
11 ; 4 ; 16 ; 0.0628621 ; -0.00610308 ; -0.00170883 ; 101.42;
12 ; 4 ; 16 ; 0.0583808 ; -0.00586767 ; 0.011733 ; 101.36;
13 ; 4 ; 16 ; 0.0481351 ; -0.000442937 ; -0.0119445 ; 101.458;
14 ; 4 ; 16 ; 0.0633894 ; -0.00334086 ; -0.00852053 ; 101.696;
15 ; 4 ; 16 ; 0.0501915 ; 0.00900721 ; -0.00897596 ; 101.522;
16 ; 4 ; 16 ; 0.0692451 ; -0.00857585 ; -0.00449071 ; 102.027;
17 ; 4 ; 16 ; 0.0479962 ; -0.00566307 ; 0.00370797 ; 101.873;
18 ; 4 ; 16 ; 0.0524827 ; 0.0109426 ; 0.00145555 ; 101.708;
19 ; 4 ; 16 ; 0.0693945 ; -0.00148456 ; 0.00322322 ; 101.54;
20 ; 4 ; 16 ; 0.0656028 ; -0.0104206 ; -0.00280455 ; 101.337;
21 ; 4 ; 16 ; 0.050995 ; 0.00330125 ; 0.0055386 ; 101.229;
4 ; 5 ; 16 ; 0.0623568 ; -0.0179284 ; -0.00778943 ; 101.714;
5 ; 5 ; 16 ; 0.0641156 ; -0.0230623 ; 0.00535989 ; 101.272;
6 ; 5 ; 16 ; 0.0633346 ; 0.00262121 ; 0.0165015 ; 101.177;
7 ; 5 ; 16 ; 0.068326 ; -0.00650562 ; 0.0060116 ; 101.936;
8 ; 5 ; 16 ; 0.0496281 ; -0.00179474 ; -0.00516047 ; 101.39;
9 ; 5 ; 16 ; 0.0606883 ; 0.00769964 ; -0.00323743 ; 101.495;
10 ; 5 ; 16 ; 0.0621257 ; -0.019949 ; 0.012662 ; 101.719;
11 ; 5 ; 16 ; 0.0519903 ; 0.00419898 ; 0.00832285 ; 101.481;
12 ; 5 ; 16 ; 0.0686128 ; -0.0113815 ; 0.0126409 ; 101.334;
13 ; 5 ; 16 ; 0.0643735 ; -0.00419042 ; -0.00249785 ; 101.251;
14 ; 5 ; 16 ; 0.0431584 ; 0.00749568 ; 0.00737542 ; 101.514;
15 ; 5 ; 16 ; 0.0607984 ; -0.00103973 ; 0.00973498 ; 101.621;
16 ; 5 ; 16 ; 0.0630982 ; 0.00392802 ; 0.00271693 ; 101.412;
17 ; 5 ; 16 ; 0.0582292 ; 0.000792171 ; -6.52095e-05 ; 101.604;
18 ; 5 ; 16 ; 0.0523691 ; -0.0102225 ; -0.00989083 ; 101.847;
19 ; 5 ; 16 ; 0.065301 ; 0.00773291 ; -0.00331362 ; 101.178;
20 ; 5 ; 16 ; 0.0703996 ; -0.010337 ; 0.00471488 ; 101.999;
21 ; 5 ; 16 ; 0.0581542 ; 0.00459555 ; -0.00201344 ; 101.549;
4 ; 6 ; 16 ; 0.0705824 ; -0.00149779 ; 0.0101287 ; 101.693;
5 ; 6 ; 16 ; 0.0799542 ; 0.00392614 ; -0.00314087 ; 101.658;
6 ; 6 ; 16 ; 0.052795 ; -0.0100002 ; 0.00921435 ; 101.512;
7 ; 6 ; 16 ; 0.0703529 ; 0.00489209 ; 0.00893044 ; 101.634;
8 ; 6 ; 16 ; 0.0524267 ; 0.000200465 ; 0.0223976 ; 101.38;
9 ; 6 ; 16 ; 0.0505917 ; -0.00136033 ; -0.000828342 ; 101.621;
10 ; 6 ; 16 ; 0.0563397 ; 0.00246513 ; -0.0016495 ; 101.167;
11 ; 6 ; 16 ; 0.0750351 ; 0.0108672 ; -0.000150782 ; 101.253;
12 ; 6 ; 16 ; 0.0663803 ; 0.000401777 ; -0.00152485 ; 101.018;
13 ; 6 ; 16 ; 0.0517682 ; 0.000861817 ; 0.00512892 ; 101.336;
14 ; 6 ; 16 ; 0.0535588 ; 0.00625679 ; -0.0052394 ; 101.13;
15 ; 6 ; 16 ; 0.0496783 ; -0.00345414 ; 0.00280337 ; 101.474;
16 ; 6 ; 16 ; 0.0646378 ; 2.89364e-05 ; 0.00283551 ; 101.304;
17 ; 6 ; 16 ; 0.0574278 ; -0.000262832 ; 0.0105243 ; 101.365;
18 ; 6 ; 16 ; 0.0490658 ; -0.00504951 ; -0.00355141 ; 101.176;
19 ; 6 ; 16 ; 0.057283 ; 0.00165692 ; 0.00115746 ; 101.305;
20 ; 6 ; 16 ; 0.0653993 ; 0.00244712 ; -0.0186453 ; 101.155;
21 ; 6 ; 16 ; 0.0585045 ; 0.014012 ; 0.00363707 ; 101.69;
4 ; 7 ; 16 ; 0.0569222 ; -0.00494894 ; 0.00850813 ; 101.027;
5 ; 7 ; 16 ; 0.0657944 ; -0.00272728 ; 0.0212695 ; 101.965;
6 ; 7 ; 16 ; 0.043612 ; -0.00101232 ; 0.011762 ; 101.18;
7 ; 7 ; 16 ; 0.0600806 ; 0.00890879 ; 0.00395625 ; 101.463;
8 ; 7 ; 16 ; 0.0573315 ; -0.018881 ; 0.00101175 ; 101.384;
9 ; 7 ; 16 ; 0.0725829 ; 0.0202108 ; 0.0100322 ; 101.778;
10 ; 7 ; 16 ; 0.056123 ; -0.000202233 ; 0.00517075 ; 101.298;
11 ; 7 ; 16 ; 0.0693602 ; -0.00891631 ; 0.00564432 ; 101.756;
12 ; 7 ; 16 ; 0.0564147 ; -0.0115816 ; -0.00348883 ; 101.325;
13 ; 7 ; 16 ; 0.0541123 ; -0.000302424 ; 0.000149012 ; 101.514;
14 ; 7 ; 16 ; 0.0586032 ; -0.000992483 ; -0.000265365 ; 101.59;
15 ; 7 ; 16 ; 0.0557154 ; -0.00429092 ; 0.0117091 ; 101.324;
16 ; 7 ; 16 ; 0.061918 ; 0.00219469 ; -0.00300482 ; 101.74;
17 ; 7 ; 16 ; 0.062083 ; -0.00247083 ; -0.00732634 ; 101.339;
18 ; 7 ; 16 ; 0.0593413 ; 0.00289286 ; -0.0121663 ; 101.311;
19 ; 7 ; 16 ; 0.051785 ; 0.00758863 ; 0.004153 ; 101.453;
20 ; 7 ; 16 ; 0.036336 ; -0.0113054 ; -0.00364935 ; 101.346;
21 ; 7 ; 16 ; 0.0618313 ; 0.00533402 ; -0.00719171 ; 101.233;
4 ; 8 ; 16 ; 0.052956 ; 0.00333236 ; 0.00530271 ; 101.308;
5 ; 8 ; 16 ; 0.0480919 ; -0.00773131 ; 0.0164054 ; 101.023;
6 ; 8 ; 16 ; 0.0674568 ; 0.00273226 ; -0.00183851 ; 101.463;
7 ; 8 ; 16 ; 0.057441 ; 0.00603374 ; 0.0100748 ; 101.153;
8 ; 8 ; 16 ; 0.0541078 ; -0.00185044 ; 0.003531 ; 101.309;
9 ; 8 ; 16 ; 0.0571074 ; 0.00169788 ; 0.00812474 ; 101.728;
10 ; 8 ; 16 ; 0.0666662 ; -0.00073551 ; -0.00125722 ; 101.184;
11 ; 8 ; 16 ; 0.0503258 ; 0.00651603 ; -0.00477162 ; 101.558;
12 ; 8 ; 16 ; 0.0618814 ; -0.000887363 ; -0.00858117 ; 101.304;
13 ; 8 ; 16 ; 0.0700805 ; -0.0123915 ; -0.00531451 ; 101.339;
14 ; 8 ; 16 ; 0.0484212 ; 0.00764899 ; 0.0106432 ; 101.41;
15 ; 8 ; 16 ; 0.0537106 ; 0.00957427 ; -0.00848067 ; 101.831;
16 ; 8 ; 16 ; 0.0738804 ; 0.00557702 ; 0.00249396 ; 101.081;
17 ; 8 ; 16 ; 0.0634022 ; -0.00488888 ; -0.00434503 ; 101.138;
18 ; 8 ; 16 ; 0.0424825 ; -0.00338379 ; -0.00754801 ; 101.356;
19 ; 8 ; 16 ; 0.0630948 ; 0.0111305 ; 0.00555445 ; 101.741;
20 ; 8 ; 16 ; 0.042214 ; -0.000619281 ; -0.0138705 ; 101.205;
21 ; 8 ; 16 ; 0.0569351 ; 0.0040388 ; -0.00540302 ; 101.332;
4 ; 9 ; 16 ; 0.0599784 ; 0.00318025 ; 0.00744862 ; 101.548;
5 ; 9 ; 16 ; 0.0676765 ; 0.0100297 ; -0.00334274 ; 101.124;
6 ; 9 ; 16 ; 0.0585989 ; 0.00325783 ; 0.010492 ; 101.539;
7 ; 9 ; 16 ; 0.0611245 ; -0.00364743 ; 0.000768757 ; 101.534;
8 ; 9 ; 16 ; 0.0607507 ; 0.0089869 ; 0.0119414 ; 101.241;
9 ; 9 ; 16 ; 0.0624125 ; -0.000919942 ; 0.00656105 ; 101.058;
10 ; 9 ; 16 ; 0.051728 ; -0.0079841 ; 0.00862768 ; 101.388;
11 ; 9 ; 16 ; 0.0566191 ; 0.00194357 ; 0.0150215 ; 101.089;
12 ; 9 ; 16 ; 0.0645677 ; 0.00336024 ; 0.00991418 ; 101.159;
13 ; 9 ; 16 ; 0.058562 ; -0.00684098 ; 0.00953992 ; 101.028;
14 ; 9 ; 16 ; 0.0520668 ; -0.00405338 ; -0.00349134 ; 101.144;
15 ; 9 ; 16 ; 0.0584952 ; -0.00919168 ; 0.0127622 ; 101.298;
16 ; 9 ; 16 ; 0.0530137 ; 0.00802205 ; -0.00234278 ; 101.314;
17 ; 9 ; 16 ; 0.0692804 ; 0.00331394 ; -0.016886 ; 101.47;
18 ; 9 ; 16 ; 0.0579149 ; -0.00637782 ; -0.011545 ; 101.48;
19 ; 9 ; 16 ; 0.0656152 ; 0.00790699 ; -0.00426318 ; 101.374;
20 ; 9 ; 16 ; 0.0676809 ; 0.00564062 ; 0.00485476 ; 101.514;
21 ; 9 ; 16 ; 0.0774843 ; -0.00128889 ; 0.00180107 ; 101.227;
4 ; 10 ; 16 ; 0.0545399 ; 0.00432485 ; 0.00405957 ; 101.885;
5 ; 10 ; 16 ; 0.056965 ; 0.0048236 ; 0.00608126 ; 101.611;
6 ; 10 ; 16 ; 0.0614877 ; -0.00443184 ; 0.00322743 ; 101.719;
7 ; 10 ; 16 ; 0.0602035 ; 0.00779239 ; 0.00730803 ; 101.819;
8 ; 10 ; 16 ; 0.0587646 ; 0.000153909 ; 0.00185087 ; 101.331;
9 ; 10 ; 16 ; 0.060596 ; 0.00617149 ; 0.00840626 ; 101.393;
10 ; 10 ; 16 ; 0.0449833 ; 0.0058704 ; -0.00850606 ; 101.675;
11 ; 10 ; 16 ; 0.0600702 ; -0.0126126 ; 0.00882073 ; 101.535;
12 ; 10 ; 16 ; 0.0708161 ; -0.0160656 ; 0.00736602 ; 101.78;
13 ; 10 ; 16 ; 0.0684159 ; -0.00680388 ; -0.0020682 ; 101.866;
14 ; 10 ; 16 ; 0.0680383 ; -0.0051803 ; -0.0057244 ; 101.278;
15 ; 10 ; 16 ; 0.0644619 ; -0.00262091 ; -0.0118857 ; 101.43;
16 ; 10 ; 16 ; 0.0630707 ; 0.00805771 ; -0.00707446 ; 101.007;
17 ; 10 ; 16 ; 0.0707507 ; 0.00343992 ; 0.00103758 ; 101.544;
18 ; 10 ; 16 ; 0.0534843 ; -0.017886 ; -0.0129101 ; 101.737;
19 ; 10 ; 16 ; 0.0516971 ; -0.00481744 ; -0.00178055 ; 101.287;
20 ; 10 ; 16 ; 0.0733979 ; -0.00229123 ; 0.00567622 ; 101.245;
21 ; 10 ; 16 ; 0.0719358 ; 0.00307634 ; 0.00341314 ; 101.712;
4 ; 11 ; 16 ; 0.0528997 ; 0.00535324 ; 0.00714018 ; 100.961;
5 ; 11 ; 16 ; 0.058732 ; 0.0130922 ; 0.00928515 ; 101.192;
6 ; 11 ; 16 ; 0.0583515 ; -0.00145273 ; 0.0230344 ; 101.449;
7 ; 11 ; 16 ; 0.0563207 ; 0.00944921 ; 0.0122458 ; 101.566;
8 ; 11 ; 16 ; 0.0842628 ; -0.00917752 ; -0.00257275 ; 100.838;
9 ; 11 ; 16 ; 0.0743979 ; 0.0107878 ; 0.00407483 ; 101.397;
10 ; 11 ; 16 ; 0.0427074 ; 0.0123857 ; -0.00256934 ; 101.262;
11 ; 11 ; 16 ; 0.073796 ; 0.00395008 ; 0.004012 ; 101.181;
12 ; 11 ; 16 ; 0.0724433 ; -0.00464151 ; -0.0102165 ; 102.089;
13 ; 11 ; 16 ; 0.0761285 ; -0.0114437 ; -0.0121269 ; 101.374;
14 ; 11 ; 16 ; 0.0556529 ; -0.00791568 ; -0.00284395 ; 101.666;
15 ; 11 ; 16 ; 0.0645145 ; -0.00342301 ; 0.00415766 ; 101.034;
16 ; 11 ; 16 ; 0.061398 ; -0.016559 ; -0.00572405 ; 101.653;
17 ; 11 ; 16 ; 0.0713378 ; 0.00588721 ; -0.00198166 ; 101.646;
18 ; 11 ; 16 ; 0.0596933 ; 0.000629229 ; -0.0161581 ; 101.881;
19 ; 11 ; 16 ; 0.0603631 ; 0.00654886 ; -0.00315399 ; 101.921;
20 ; 11 ; 16 ; 0.066234 ; 0.00172137 ; 0.00325682 ; 101.364;
21 ; 11 ; 16 ; 0.0667437 ; 0.00608316 ; -0.00113768 ; 101.254;
4 ; 12 ; 16 ; 0.0440667 ; -0.00271125 ; -0.00583868 ; 101.019;
5 ; 12 ; 16 ; 0.0576269 ; -0.00665055 ; 0.00472995 ; 101.293;
6 ; 12 ; 16 ; 0.0537501 ; -0.00193894 ; -0.0022771 ; 101.146;
7 ; 12 ; 16 ; 0.0587469 ; 0.0115193 ; 0.0136307 ; 101.529;
8 ; 12 ; 16 ; 0.0725991 ; 0.00401188 ; -0.0133708 ; 100.97;
9 ; 12 ; 16 ; 0.0616435 ; 0.00300044 ; -0.00618397 ; 101.328;
10 ; 12 ; 16 ; 0.0597708 ; 0.00627302 ; -0.0018168 ; 101.532;
11 ; 12 ; 16 ; 0.0532454 ; 0.00424323 ; -0.00422558 ; 101.093;
12 ; 12 ; 16 ; 0.0617667 ; 0.00387581 ; -0.00150897 ; 101.003;
13 ; 12 ; 16 ; 0.0579635 ; -0.0041962 ; -0.0077385 ; 101.349;
14 ; 12 ; 16 ; 0.0567592 ; -0.00166024 ; -0.00830881 ; 100.918;
15 ; 12 ; 16 ; 0.0563836 ; 0.00943011 ; -0.00702205 ; 101.885;
16 ; 12 ; 16 ; 0.0631124 ; 0.00588144 ; -0.00435087 ; 101.359;
17 ; 12 ; 16 ; 0.044392 ; 0.0151005 ; -0.00166684 ; 101.224;
18 ; 12 ; 16 ; 0.0514941 ; 0.00768787 ; 0.00106213 ; 101.284;
19 ; 12 ; 16 ; 0.0797689 ; 0.0085799 ; -0.0177356 ; 101.485;
20 ; 12 ; 16 ; 0.0767131 ; 0.0063258 ; 0.000673184 ; 101.804;
21 ; 12 ; 16 ; 0.059298 ; -0.000753785 ; -0.00808763 ; 101.472;
4 ; 13 ; 16 ; 0.0573628 ; -0.00344455 ; 0.0189839 ; 101.352;
5 ; 13 ; 16 ; 0.0688032 ; 0.00162469 ; 0.0069125 ; 101.367;
6 ; 13 ; 16 ; 0.0408632 ; 0.00444765 ; -0.0030626 ; 101.588;
7 ; 13 ; 16 ; 0.0524451 ; 0.00528328 ; -0.00201814 ; 101.206;
8 ; 13 ; 16 ; 0.0560913 ; 0.00268013 ; -0.00541292 ; 101.679;
9 ; 13 ; 16 ; 0.0735951 ; 0.00866818 ; 0.00388645 ; 101.519;
10 ; 13 ; 16 ; 0.0689839 ; 0.00670621 ; 0.00858119 ; 101.022;
11 ; 13 ; 16 ; 0.0618052 ; -0.0147061 ; -0.00266214 ; 101.57;
12 ; 13 ; 16 ; 0.0584899 ; -0.00769178 ; -0.00701551 ; 101.034;
13 ; 13 ; 16 ; 0.0582869 ; 0.00393411 ; -0.000528691 ; 101.201;
14 ; 13 ; 16 ; 0.0700144 ; -0.00705207 ; -0.00307994 ; 101.941;
15 ; 13 ; 16 ; 0.0584787 ; 0.00029124 ; -0.00442019 ; 101.107;
16 ; 13 ; 16 ; 0.0656595 ; 0.011451 ; -0.00227871 ; 101.315;
17 ; 13 ; 16 ; 0.0457638 ; -0.00202697 ; -0.0100466 ; 101.583;
18 ; 13 ; 16 ; 0.0606898 ; -0.0125954 ; -0.0175115 ; 101.22;
19 ; 13 ; 16 ; 0.0581979 ; -0.0107059 ; 0.00408558 ; 101.889;
20 ; 13 ; 16 ; 0.0609241 ; 0.0129356 ; -0.00545539 ; 101;
21 ; 13 ; 16 ; 0.0513428 ; 0.00847323 ; -0.000199148 ; 101.307;
4 ; 14 ; 16 ; 0.0603729 ; 0.0144434 ; 0.0142844 ; 101.746;
5 ; 14 ; 16 ; 0.0623284 ; -8.8417e-06 ; 0.000901823 ; 101.632;
6 ; 14 ; 16 ; 0.0616011 ; -0.00142469 ; -0.000137117 ; 101.671;
7 ; 14 ; 16 ; 0.0596877 ; -0.00770257 ; 0.0143185 ; 101.67;
8 ; 14 ; 16 ; 0.0700055 ; 0.00586875 ; 0.0126875 ; 101.042;
9 ; 14 ; 16 ; 0.0559397 ; 0.0124277 ; 0.00978342 ; 101.753;
10 ; 14 ; 16 ; 0.0650162 ; -0.00481888 ; -0.00297237 ; 101.616;
11 ; 14 ; 16 ; 0.0751375 ; -0.00490119 ; 0.00408798 ; 101.856;
12 ; 14 ; 16 ; 0.0673456 ; -0.0100848 ; -0.00354061 ; 101.269;
13 ; 14 ; 16 ; 0.0562993 ; -0.00620302 ; 0.00113369 ; 101.406;
14 ; 14 ; 16 ; 0.0576782 ; -0.00475911 ; 0.00727516 ; 101.746;
15 ; 14 ; 16 ; 0.0517144 ; 0.00736981 ; 0.00642465 ; 101.293;
16 ; 14 ; 16 ; 0.0556011 ; -0.00142258 ; -0.00200099 ; 101.506;
17 ; 14 ; 16 ; 0.0602072 ; 0.00917083 ; 0.00814202 ; 101.276;
18 ; 14 ; 16 ; 0.0597743 ; 0.0109471 ; -0.0094729 ; 101.485;
19 ; 14 ; 16 ; 0.0564799 ; -0.00496043 ; -0.00043374 ; 100.979;
20 ; 14 ; 16 ; 0.0533988 ; 0.00154397 ; 0.00301709 ; 101.498;
21 ; 14 ; 16 ; 0.0562177 ; 0.0100273 ; 0.00879687 ; 101.22;
4 ; 15 ; 16 ; 0.0542689 ; 0.00662127 ; 0.00588928 ; 101.406;
5 ; 15 ; 16 ; 0.0560402 ; 0.00666233 ; 0.00102029 ; 101.666;
6 ; 15 ; 16 ; 0.0516844 ; 0.00127426 ; -0.00227283 ; 101.515;
7 ; 15 ; 16 ; 0.0624534 ; -0.00978156 ; -0.00436557 ; 101.541;
8 ; 15 ; 16 ; 0.0634425 ; 0.0105493 ; 0.00824362 ; 101.7;
9 ; 15 ; 16 ; 0.0554295 ; 0.00790873 ; -0.00382088 ; 101.343;
10 ; 15 ; 16 ; 0.0639534 ; 0.00479576 ; -0.00335176 ; 101.326;
11 ; 15 ; 16 ; 0.0586099 ; 2.98267e-05 ; -0.00422774 ; 101.509;
12 ; 15 ; 16 ; 0.0602426 ; -0.00367566 ; 0.00182406 ; 101.616;
13 ; 15 ; 16 ; 0.0466496 ; -0.00499453 ; 0.00300766 ; 101.719;
14 ; 15 ; 16 ; 0.0661232 ; 0.000458703 ; 0.0028253 ; 101.022;
15 ; 15 ; 16 ; 0.0724111 ; -0.0100953 ; 0.0130101 ; 101.092;
16 ; 15 ; 16 ; 0.0561174 ; -0.0111829 ; -0.0068457 ; 101.174;
17 ; 15 ; 16 ; 0.0603158 ; -0.00254239 ; -0.0120584 ; 101.565;
18 ; 15 ; 16 ; 0.0646852 ; 0.000153833 ; -0.00213866 ; 101.679;
19 ; 15 ; 16 ; 0.052811 ; -0.00733388 ; -0.00917765 ; 101.578;
20 ; 15 ; 16 ; 0.0620495 ; -0.00714762 ; -0.00186997 ; 101.285;
21 ; 15 ; 16 ; 0.0619124 ; -0.00510655 ; 0.0094348 ; 101.516;
4 ; 16 ; 16 ; 0.0660844 ; 0.00342183 ; 0.00642276 ; 101.479;
5 ; 16 ; 16 ; 0.0650362 ; 0.00566539 ; -0.00436524 ; 101.396;
6 ; 16 ; 16 ; 0.0706916 ; 0.00980838 ; 0.00834284 ; 101.434;
7 ; 16 ; 16 ; 0.0571068 ; 0.0101544 ; 0.00164478 ; 101.369;
8 ; 16 ; 16 ; 0.068734 ; 0.00375604 ; 0.00306562 ; 101.229;
9 ; 16 ; 16 ; 0.0533339 ; 0.00382131 ; -0.0120085 ; 101.437;
10 ; 16 ; 16 ; 0.0532234 ; -0.0093361 ; 0.0180072 ; 101.362;
11 ; 16 ; 16 ; 0.063444 ; 0.0132895 ; 0.00261885 ; 101.235;
12 ; 16 ; 16 ; 0.056863 ; -0.00330345 ; -0.00498257 ; 101.48;
13 ; 16 ; 16 ; 0.0565297 ; 0.00826779 ; -0.00235202 ; 101.612;
14 ; 16 ; 16 ; 0.0684865 ; -0.00214038 ; -0.00609378 ; 101.258;
15 ; 16 ; 16 ; 0.0654917 ; -0.00746771 ; 0.00527246 ; 101.286;
16 ; 16 ; 16 ; 0.0663079 ; -0.000239728 ; -0.0101932 ; 101.475;
17 ; 16 ; 16 ; 0.0750463 ; -0.00137179 ; -0.00930412 ; 101.029;
18 ; 16 ; 16 ; 0.0684013 ; -0.00509194 ; 0.0074817 ; 101.741;
19 ; 16 ; 16 ; 0.0586597 ; 0.00706237 ; -0.0053237 ; 101.312;
20 ; 16 ; 16 ; 0.0651602 ; -0.00205186 ; 0.00385892 ; 101.678;
21 ; 16 ; 16 ; 0.0555484 ; -0.000448496 ; -0.00340808 ; 101.554;
4 ; 17 ; 16 ; 0.0632905 ; -0.00230525 ; 0.0019205 ; 101.305;
5 ; 17 ; 16 ; 0.056344 ; -0.000728443 ; 0.0105538 ; 100.64;
6 ; 17 ; 16 ; 0.051825 ; 0.00162213 ; -0.0012123 ; 100.895;
7 ; 17 ; 16 ; 0.0530187 ; -0.00305667 ; 0.00568365 ; 101.65;
8 ; 17 ; 16 ; 0.0526649 ; -0.00202281 ; 0.0110668 ; 100.999;
9 ; 17 ; 16 ; 0.0719791 ; -0.0163184 ; 0.0158185 ; 101.554;
10 ; 17 ; 16 ; 0.0704942 ; 0.00149894 ; 0.00232019 ; 101.327;
11 ; 17 ; 16 ; 0.0527962 ; -0.00896477 ; -0.00899951 ; 101.856;
12 ; 17 ; 16 ; 0.0511167 ; 0.00027155 ; -0.00100288 ; 101.325;
13 ; 17 ; 16 ; 0.0481871 ; -0.000956238 ; 0.00898539 ; 100.977;
14 ; 17 ; 16 ; 0.0597111 ; -0.0014861 ; -0.00564024 ; 101.502;
15 ; 17 ; 16 ; 0.0560514 ; 0.000923924 ; 0.00645737 ; 101.016;
16 ; 17 ; 16 ; 0.0641932 ; 0.00679171 ; -0.0048935 ; 101.37;
17 ; 17 ; 16 ; 0.0701097 ; 0.00526319 ; -0.00280159 ; 101.133;
18 ; 17 ; 16 ; 0.0755815 ; -0.0138574 ; -0.0031044 ; 101.264;
19 ; 17 ; 16 ; 0.0721283 ; -0.0115818 ; 0.00272573 ; 101.15;
20 ; 17 ; 16 ; 0.0518976 ; -0.000134215 ; -0.0141434 ; 101.464;
21 ; 17 ; 16 ; 0.0651139 ; 0.0071339 ; 0.00467367 ; 101.151;
4 ; 18 ; 16 ; 0.0617786 ; 0.00310863 ; 0.0068911 ; 100.974;
5 ; 18 ; 16 ; 0.0504429 ; 0.00174466 ; 0.0165368 ; 101.367;
6 ; 18 ; 16 ; 0.0590239 ; -0.00483943 ; -0.00343632 ; 101.353;
7 ; 18 ; 16 ; 0.0681201 ; -0.00391478 ; 0.00458537 ; 101.436;
8 ; 18 ; 16 ; 0.0636813 ; 0.0101235 ; 0.0080273 ; 101.902;
9 ; 18 ; 16 ; 0.0720137 ; 0.00209949 ; 0.00199812 ; 100.941;
10 ; 18 ; 16 ; 0.0574261 ; -0.0011786 ; 0.0139977 ; 101.129;
11 ; 18 ; 16 ; 0.0610024 ; -0.0126637 ; 0.00745737 ; 101.796;
12 ; 18 ; 16 ; 0.0740512 ; -0.00414968 ; 0.00474559 ; 101.377;
13 ; 18 ; 16 ; 0.0686022 ; -0.0167172 ; -0.00553137 ; 101.68;
14 ; 18 ; 16 ; 0.0628227 ; 0.0180481 ; 0.00277555 ; 101.703;
15 ; 18 ; 16 ; 0.0609426 ; 0.00247795 ; 0.000714737 ; 101.34;
16 ; 18 ; 16 ; 0.0698918 ; -0.000448573 ; -0.00184922 ; 101.343;
17 ; 18 ; 16 ; 0.0823396 ; 0.00713777 ; 7.0108e-05 ; 101.137;
18 ; 18 ; 16 ; 0.058097 ; -0.00292628 ; 0.00543551 ; 101.59;
19 ; 18 ; 16 ; 0.0650898 ; -0.00978783 ; 0.00857061 ; 100.817;
20 ; 18 ; 16 ; 0.0681106 ; -0.00226782 ; -0.0192655 ; 101.535;
21 ; 18 ; 16 ; 0.0442023 ; 0.00145645 ; -0.00710628 ; 101.447;
4 ; 19 ; 16 ; 0.0711539 ; 0.0042489 ; 0.00512543 ; 101.448;
5 ; 19 ; 16 ; 0.0551764 ; -0.0114565 ; 0.0112337 ; 101.181;
6 ; 19 ; 16 ; 0.0536041 ; 0.000257633 ; 0.00664328 ; 101.51;
7 ; 19 ; 16 ; 0.0533111 ; -0.00172587 ; 0.00333999 ; 101.723;
8 ; 19 ; 16 ; 0.0631589 ; 0.00525085 ; 0.00415407 ; 101.249;
9 ; 19 ; 16 ; 0.0522546 ; -0.00210065 ; -0.00600192 ; 101.358;
10 ; 19 ; 16 ; 0.0689637 ; -0.00351786 ; 0.00807821 ; 101.855;
11 ; 19 ; 16 ; 0.0495803 ; -0.00664366 ; 0.00488207 ; 101.159;
12 ; 19 ; 16 ; 0.0671785 ; -0.00123619 ; 0.00285203 ; 101.714;
13 ; 19 ; 16 ; 0.0626238 ; 0.00818793 ; 0.0103634 ; 101.403;
14 ; 19 ; 16 ; 0.0681062 ; 0.00694758 ; -0.00706987 ; 101.58;
15 ; 19 ; 16 ; 0.0709105 ; 0.00239181 ; 0.00337545 ; 101.202;
16 ; 19 ; 16 ; 0.068429 ; -0.010289 ; -0.00676634 ; 101.478;
17 ; 19 ; 16 ; 0.0546701 ; -0.00796765 ; -0.0109286 ; 101.36;
18 ; 19 ; 16 ; 0.0535048 ; 0.0095904 ; -0.0114895 ; 101.587;
19 ; 19 ; 16 ; 0.0690877 ; 0.0018334 ; 0.00383097 ; 101.864;
20 ; 19 ; 16 ; 0.0780309 ; 0.00249404 ; -0.0043621 ; 101.673;
21 ; 19 ; 16 ; 0.0644741 ; -0.00504519 ; -0.0153841 ; 101.624;
4 ; 20 ; 16 ; 0.061755 ; 0.00225782 ; -0.00361518 ; 101.501;
5 ; 20 ; 16 ; 0.0706682 ; -0.0136812 ; 0.00283497 ; 101.307;
6 ; 20 ; 16 ; 0.0783812 ; -0.00854922 ; 0.00193812 ; 101.406;
7 ; 20 ; 16 ; 0.0626303 ; -0.00480306 ; 0.00593787 ; 101.122;
8 ; 20 ; 16 ; 0.0642768 ; -0.0163774 ; 0.001133 ; 101.425;
9 ; 20 ; 16 ; 0.0623757 ; -0.00440561 ; 0.00807999 ; 101.24;
10 ; 20 ; 16 ; 0.056859 ; -0.00444753 ; 0.00114518 ; 101.374;
11 ; 20 ; 16 ; 0.0585997 ; -0.00464625 ; -0.00240812 ; 101.952;
12 ; 20 ; 16 ; 0.061886 ; -0.0105011 ; 0.00438045 ; 101.425;
13 ; 20 ; 16 ; 0.0597662 ; -0.0219788 ; -0.00399038 ; 101.745;
14 ; 20 ; 16 ; 0.0650074 ; -0.00126621 ; -0.0088473 ; 101.406;
15 ; 20 ; 16 ; 0.0737546 ; -0.00993048 ; 0.00886819 ; 102.256;
16 ; 20 ; 16 ; 0.0704706 ; -0.00386899 ; 0.00210486 ; 101.561;
17 ; 20 ; 16 ; 0.0545208 ; 0.00962261 ; 0.0141731 ; 101.641;
18 ; 20 ; 16 ; 0.0576295 ; 0.00246271 ; 0.00909473 ; 101.639;
19 ; 20 ; 16 ; 0.0575253 ; -0.0134349 ; 0.00102775 ; 101.262;
20 ; 20 ; 16 ; 0.0701529 ; -0.00470229 ; -0.000462552 ; 101.4;
21 ; 20 ; 16 ; 0.0646106 ; 0.00489163 ; -0.00293528 ; 101.493;
4 ; 21 ; 16 ; 0.0677191 ; 0.000975174 ; 0.00769512 ; 101.651;
5 ; 21 ; 16 ; 0.0571407 ; 0.00118512 ; 0.000736045 ; 101.737;
6 ; 21 ; 16 ; 0.0642162 ; 0.00885389 ; -0.000229453 ; 101.461;
7 ; 21 ; 16 ; 0.0635542 ; 0.00645488 ; 0.00361277 ; 101.629;
8 ; 21 ; 16 ; 0.0680139 ; 0.0023703 ; -0.00211125 ; 101.449;
9 ; 21 ; 16 ; 0.0669266 ; -0.00130661 ; -0.0071164 ; 101.146;
10 ; 21 ; 16 ; 0.0567528 ; -0.00509453 ; -0.0114146 ; 101.633;
11 ; 21 ; 16 ; 0.0751832 ; -0.00285803 ; -0.00108653 ; 101.984;
12 ; 21 ; 16 ; 0.0481185 ; 0.00114929 ; 0.00406653 ; 101.71;
13 ; 21 ; 16 ; 0.0569399 ; -0.00158533 ; 0.0179463 ; 101.599;
14 ; 21 ; 16 ; 0.065081 ; -0.00669934 ; -0.000220595 ; 101.601;
15 ; 21 ; 16 ; 0.0723688 ; 0.00441447 ; 0.00473325 ; 101.676;
16 ; 21 ; 16 ; 0.0587703 ; 0.00215322 ; 0.00168741 ; 101.087;
17 ; 21 ; 16 ; 0.0631207 ; -0.00103087 ; 0.00712353 ; 101.784;
18 ; 21 ; 16 ; 0.0696779 ; 0.00360855 ; 0.00640189 ; 101.675;
19 ; 21 ; 16 ; 0.0585643 ; -0.00203829 ; -0.0147404 ; 101.298;
20 ; 21 ; 16 ; 0.0663075 ; -0.00400527 ; -0.00714545 ; 101.569;
21 ; 21 ; 16 ; 0.070008 ; 0.00446426 ; 0.00374737 ; 101.311;
4 ; 4 ; 17 ; 0.047066 ; -0.00621573 ; -0.00206209 ; 101.488;
5 ; 4 ; 17 ; 0.0486974 ; -0.00592806 ; -0.00288925 ; 101.118;
6 ; 4 ; 17 ; 0.0308691 ; -0.00516626 ; -0.0110483 ; 101.205;
7 ; 4 ; 17 ; 0.0456928 ; -0.0137205 ; -0.00592917 ; 101.798;
8 ; 4 ; 17 ; 0.0317267 ; -0.00126788 ; 0.0039654 ; 101.696;
9 ; 4 ; 17 ; 0.0481901 ; 0.00454628 ; 0.000135318 ; 101.424;
10 ; 4 ; 17 ; 0.0319216 ; -0.00573855 ; 0.00601856 ; 101.43;
11 ; 4 ; 17 ; 0.042972 ; -0.00858957 ; 0.00345819 ; 101.183;
12 ; 4 ; 17 ; 0.0415587 ; 0.00328228 ; 0.00846891 ; 101.388;
13 ; 4 ; 17 ; 0.0561679 ; 0.00229583 ; -0.00256602 ; 101.812;
14 ; 4 ; 17 ; 0.0469009 ; -0.00823933 ; -0.00623859 ; 101.109;
15 ; 4 ; 17 ; 0.0488312 ; -0.00355129 ; -0.000877376 ; 101.656;
16 ; 4 ; 17 ; 0.0447535 ; -0.00167458 ; -0.00137872 ; 101.225;
17 ; 4 ; 17 ; 0.0406364 ; -0.0166105 ; 0.00123922 ; 101.755;
18 ; 4 ; 17 ; 0.0476481 ; 0.0126745 ; 0.00139767 ; 101.319;
19 ; 4 ; 17 ; 0.045498 ; -0.00764361 ; -0.00702625 ; 101.377;
20 ; 4 ; 17 ; 0.0529695 ; -0.00363927 ; -0.00272617 ; 101.65;
21 ; 4 ; 17 ; 0.0328231 ; 0.00551351 ; 0.00892173 ; 101.522;
4 ; 5 ; 17 ; 0.0553714 ; -0.0057945 ; 0.00525855 ; 101.718;
5 ; 5 ; 17 ; 0.0303816 ; -0.00072779 ; -0.0140211 ; 101.389;
6 ; 5 ; 17 ; 0.0324002 ; -0.00304719 ; -0.0106346 ; 101.706;
7 ; 5 ; 17 ; 0.0364681 ; -0.0200594 ; 0.0130514 ; 101.503;
8 ; 5 ; 17 ; 0.0482736 ; -0.000787515 ; 0.00849584 ; 101.579;
9 ; 5 ; 17 ; 0.0481574 ; 0.0149021 ; 0.00199198 ; 101.553;
10 ; 5 ; 17 ; 0.0542084 ; -0.00104525 ; 0.00378308 ; 101.896;
11 ; 5 ; 17 ; 0.0502306 ; 0.00880442 ; -0.00267148 ; 101.502;
12 ; 5 ; 17 ; 0.0529635 ; 0.000605805 ; -0.00223243 ; 101.739;
13 ; 5 ; 17 ; 0.0598647 ; -0.00958985 ; -0.0127416 ; 101.44;
14 ; 5 ; 17 ; 0.0507078 ; -0.00656024 ; -0.00877272 ; 101.366;
15 ; 5 ; 17 ; 0.0429455 ; 0.0044675 ; 0.00648502 ; 101.444;
16 ; 5 ; 17 ; 0.0494077 ; -0.00777454 ; -0.0136034 ; 101.011;
17 ; 5 ; 17 ; 0.0487011 ; -0.00496116 ; 0.00298728 ; 101.394;
18 ; 5 ; 17 ; 0.0421235 ; -0.00503325 ; 0.000317868 ; 101.551;
19 ; 5 ; 17 ; 0.0538443 ; -0.00449409 ; -0.00235872 ; 101.679;
20 ; 5 ; 17 ; 0.0356325 ; -0.00321981 ; 0.00352677 ; 101.356;
21 ; 5 ; 17 ; 0.0367939 ; 0.00122932 ; 0.0014398 ; 101.388;
4 ; 6 ; 17 ; 0.049587 ; 0.0111283 ; -0.00685064 ; 101.28;
5 ; 6 ; 17 ; 0.0409644 ; 0.000872938 ; 0.000485867 ; 101.642;
6 ; 6 ; 17 ; 0.0404222 ; 0.0081687 ; -0.0020396 ; 101.155;
7 ; 6 ; 17 ; 0.0366152 ; 0.00317037 ; -0.00258992 ; 101.661;
8 ; 6 ; 17 ; 0.0436222 ; 0.00811646 ; 0.0153455 ; 101.333;
9 ; 6 ; 17 ; 0.0533549 ; -0.00219464 ; 0.00940146 ; 101.437;
10 ; 6 ; 17 ; 0.0398267 ; -0.00450078 ; 0.0116925 ; 101.561;
11 ; 6 ; 17 ; 0.0302804 ; 0.00168463 ; -0.00393578 ; 101.543;
12 ; 6 ; 17 ; 0.0465765 ; 0.00240701 ; 0.00403351 ; 101.438;
13 ; 6 ; 17 ; 0.0268835 ; 0.00471242 ; 0.00479971 ; 101.285;
14 ; 6 ; 17 ; 0.0464887 ; -0.00752356 ; 0.00424043 ; 101.107;
15 ; 6 ; 17 ; 0.0444648 ; 0.00511851 ; 0.0101638 ; 101.12;
16 ; 6 ; 17 ; 0.0342723 ; 0.00184102 ; -0.00971347 ; 101.725;
17 ; 6 ; 17 ; 0.0383074 ; 0.0105152 ; -0.00435043 ; 101.015;
18 ; 6 ; 17 ; 0.0469313 ; 0.0072952 ; -0.00864547 ; 102.256;
19 ; 6 ; 17 ; 0.0358093 ; 0.00709931 ; -0.0208411 ; 101.253;
20 ; 6 ; 17 ; 0.0406938 ; -0.00337555 ; 0.00997785 ; 101.31;
21 ; 6 ; 17 ; 0.0475338 ; 0.00294059 ; 0.00281497 ; 101.247;
4 ; 7 ; 17 ; 0.0482072 ; 0.00629188 ; 0.00443824 ; 101.208;
5 ; 7 ; 17 ; 0.0512815 ; -0.00984646 ; 0.0185782 ; 101.155;
6 ; 7 ; 17 ; 0.0475867 ; 0.0033266 ; 0.0135121 ; 101.173;
7 ; 7 ; 17 ; 0.0373979 ; -0.00381666 ; -0.00338204 ; 101.786;
8 ; 7 ; 17 ; 0.0367367 ; 0.000256586 ; -0.00609052 ; 101.815;
9 ; 7 ; 17 ; 0.0397143 ; 0.0026069 ; 0.010405 ; 100.982;
10 ; 7 ; 17 ; 0.0249883 ; 0.00129218 ; 0.00938754 ; 101.392;
11 ; 7 ; 17 ; 0.0401023 ; -0.00964535 ; 0.00517279 ; 101.724;
12 ; 7 ; 17 ; 0.0340905 ; -0.0104979 ; 0.00427104 ; 101.715;
13 ; 7 ; 17 ; 0.0503901 ; -0.00872189 ; 0.00171234 ; 100.753;
14 ; 7 ; 17 ; 0.0518996 ; -0.00608325 ; -0.0139537 ; 101.444;
15 ; 7 ; 17 ; 0.0465019 ; 0.00191616 ; 0.0122259 ; 101.289;
16 ; 7 ; 17 ; 0.0504429 ; -0.00204429 ; 0.000408934 ; 101.192;
17 ; 7 ; 17 ; 0.0401626 ; 0.00013598 ; -0.0111365 ; 101.252;
18 ; 7 ; 17 ; 0.029293 ; 0.00108025 ; -0.00274343 ; 101.532;
19 ; 7 ; 17 ; 0.0365019 ; 0.00057455 ; 0.000535175 ; 101.562;
20 ; 7 ; 17 ; 0.0496516 ; -0.00159719 ; -0.00659704 ; 101.252;
21 ; 7 ; 17 ; 0.0508219 ; 0.00531317 ; -0.00808876 ; 101.034;
4 ; 8 ; 17 ; 0.0450043 ; -0.00285452 ; -0.00825871 ; 101.676;
5 ; 8 ; 17 ; 0.0506584 ; -0.00650513 ; 0.00645795 ; 101.625;
6 ; 8 ; 17 ; 0.055415 ; -0.000605988 ; -0.00113105 ; 101.552;
7 ; 8 ; 17 ; 0.0500395 ; 0.0130114 ; 0.000604042 ; 101.662;
8 ; 8 ; 17 ; 0.0501443 ; 0.0082867 ; -0.00400423 ; 101.321;
9 ; 8 ; 17 ; 0.0360373 ; 0.0106271 ; -0.000692393 ; 101.859;
10 ; 8 ; 17 ; 0.0350962 ; 0.0139792 ; 0.00650685 ; 101.633;
11 ; 8 ; 17 ; 0.0299071 ; -0.00977872 ; 0.00846915 ; 101.233;
12 ; 8 ; 17 ; 0.0296045 ; -0.0134389 ; -0.0122427 ; 101.349;
13 ; 8 ; 17 ; 0.0372328 ; 0.00286393 ; 0.00634518 ; 102.02;
14 ; 8 ; 17 ; 0.0471139 ; 0.0143693 ; 0.0138078 ; 101.484;
15 ; 8 ; 17 ; 0.0482569 ; 0.00286834 ; 0.00559575 ; 101.436;
16 ; 8 ; 17 ; 0.0343238 ; -0.00444105 ; -0.00424194 ; 101.303;
17 ; 8 ; 17 ; 0.0458686 ; -0.0122271 ; 0.00691518 ; 101.493;
18 ; 8 ; 17 ; 0.051411 ; -0.00682168 ; -0.0168293 ; 101.751;
19 ; 8 ; 17 ; 0.0463768 ; -0.000378511 ; -0.00938081 ; 101.75;
20 ; 8 ; 17 ; 0.0506052 ; 0.00135639 ; -0.00720977 ; 101.384;
21 ; 8 ; 17 ; 0.0514075 ; -0.00370097 ; 0.0150861 ; 101.661;
4 ; 9 ; 17 ; 0.0467554 ; -0.000160046 ; 0.0069442 ; 101.638;
5 ; 9 ; 17 ; 0.0363456 ; -0.0130234 ; -0.00290176 ; 101.512;
6 ; 9 ; 17 ; 0.0355577 ; -0.00983224 ; 0.00581178 ; 101.02;
7 ; 9 ; 17 ; 0.0352246 ; -0.00437525 ; -0.00571683 ; 101.333;
8 ; 9 ; 17 ; 0.0387647 ; -0.0171735 ; 0.00535564 ; 101.44;
9 ; 9 ; 17 ; 0.0519213 ; 0.0123359 ; 0.00898804 ; 101.612;
10 ; 9 ; 17 ; 0.0284521 ; 0.00236197 ; 0.00855045 ; 101.705;
11 ; 9 ; 17 ; 0.0553617 ; -0.00879829 ; 0.0112857 ; 101.113;
12 ; 9 ; 17 ; 0.0540566 ; 0.001421 ; -0.00557248 ; 101.235;
13 ; 9 ; 17 ; 0.0417999 ; 0.000772624 ; 0.0136304 ; 102.072;
14 ; 9 ; 17 ; 0.0423907 ; 0.00164218 ; -0.00255448 ; 101.344;
15 ; 9 ; 17 ; 0.0414668 ; 0.00153982 ; -0.00556283 ; 101.651;
16 ; 9 ; 17 ; 0.0354715 ; 0.00656829 ; 0.00430199 ; 101.393;
17 ; 9 ; 17 ; 0.029057 ; 0.00712015 ; 0.0019366 ; 101.569;
18 ; 9 ; 17 ; 0.0414999 ; 0.00929196 ; 0.00492975 ; 101.287;
19 ; 9 ; 17 ; 0.0342922 ; 0.00504811 ; -0.00911809 ; 101.844;
20 ; 9 ; 17 ; 0.0449369 ; -0.00307313 ; -0.0157376 ; 101.116;
21 ; 9 ; 17 ; 0.0532939 ; 0.0170907 ; -0.00378541 ; 101.527;
4 ; 10 ; 17 ; 0.0372723 ; -0.00181706 ; 0.00107735 ; 101.119;
5 ; 10 ; 17 ; 0.0395632 ; 0.00012283 ; 0.0185371 ; 101.44;
6 ; 10 ; 17 ; 0.0342494 ; -0.00760524 ; 0.0112003 ; 101.432;
7 ; 10 ; 17 ; 0.0415099 ; -0.011327 ; 0.00997244 ; 101.893;
8 ; 10 ; 17 ; 0.0419735 ; -0.0083252 ; -0.00451049 ; 101.461;
9 ; 10 ; 17 ; 0.0349472 ; 0.00217267 ; -0.00934478 ; 101.053;
10 ; 10 ; 17 ; 0.0467694 ; 0.00883933 ; -0.00878065 ; 101.617;
11 ; 10 ; 17 ; 0.0268304 ; -0.00566262 ; -0.00558384 ; 101.509;
12 ; 10 ; 17 ; 0.0411779 ; 0.00788444 ; -0.00237276 ; 101.42;
13 ; 10 ; 17 ; 0.049204 ; 0.000906887 ; -0.00315073 ; 101.588;
14 ; 10 ; 17 ; 0.0554078 ; -0.00218546 ; -0.00641072 ; 101.753;
15 ; 10 ; 17 ; 0.0535395 ; 0.00472551 ; -0.000232702 ; 101.682;
16 ; 10 ; 17 ; 0.0659504 ; 0.0100523 ; 0.00821692 ; 101.867;
17 ; 10 ; 17 ; 0.0439466 ; -0.00679435 ; -0.002012 ; 101.251;
18 ; 10 ; 17 ; 0.0439689 ; 0.000909329 ; -0.0090181 ; 101.489;
19 ; 10 ; 17 ; 0.0414634 ; 0.00278519 ; -0.0113191 ; 101.341;
20 ; 10 ; 17 ; 0.0335582 ; 0.0036973 ; -0.00112516 ; 101.898;
21 ; 10 ; 17 ; 0.0345448 ; 0.00876416 ; 0.00538441 ; 101.032;
4 ; 11 ; 17 ; 0.0527243 ; 0.00837551 ; 0.00189278 ; 101.484;
5 ; 11 ; 17 ; 0.0453 ; -0.0078874 ; 0.0125479 ; 101.066;
6 ; 11 ; 17 ; 0.0386154 ; -0.00898062 ; 0.00775537 ; 101.718;
7 ; 11 ; 17 ; 0.0418771 ; -0.0141245 ; -0.00524345 ; 101.197;
8 ; 11 ; 17 ; 0.0320729 ; 0.00362558 ; -0.00943795 ; 101.728;
9 ; 11 ; 17 ; 0.0385839 ; 0.00274139 ; 0.0129306 ; 101.323;
10 ; 11 ; 17 ; 0.0426051 ; -0.00164392 ; -0.00818228 ; 101.576;
11 ; 11 ; 17 ; 0.0400593 ; 0.000116052 ; -0.00828676 ; 101.439;
12 ; 11 ; 17 ; 0.0404341 ; 0.0013377 ; 0.00171691 ; 101.718;
13 ; 11 ; 17 ; 0.0436465 ; -0.00772569 ; 0.000843521 ; 101.072;
14 ; 11 ; 17 ; 0.028406 ; -0.00487834 ; -0.00332878 ; 101.322;
15 ; 11 ; 17 ; 0.0547383 ; 0.00629221 ; -0.00171412 ; 101.405;
16 ; 11 ; 17 ; 0.0488748 ; -0.00839917 ; -0.00215575 ; 101.343;
17 ; 11 ; 17 ; 0.0508568 ; 0.000500314 ; -0.00870611 ; 101.394;
18 ; 11 ; 17 ; 0.0428428 ; 0.00983773 ; -0.0137165 ; 101.482;
19 ; 11 ; 17 ; 0.042222 ; -0.0098096 ; -0.00420469 ; 101.619;
20 ; 11 ; 17 ; 0.0447734 ; -0.00222226 ; -0.00225764 ; 101.705;
21 ; 11 ; 17 ; 0.0446133 ; -0.00568331 ; -0.00464959 ; 101.603;
4 ; 12 ; 17 ; 0.058615 ; 0.00429541 ; -0.00719044 ; 101.47;
5 ; 12 ; 17 ; 0.0439389 ; -0.00376784 ; 0.00938746 ; 101.359;
6 ; 12 ; 17 ; 0.0384541 ; 0.0118069 ; 0.0114244 ; 101.648;
7 ; 12 ; 17 ; 0.0401897 ; 0.00912329 ; -0.00382644 ; 101.684;
8 ; 12 ; 17 ; 0.0420918 ; -0.00409885 ; 0.00892827 ; 101.263;
9 ; 12 ; 17 ; 0.0390112 ; -0.00639713 ; 0.00247863 ; 101.57;
10 ; 12 ; 17 ; 0.0342701 ; -0.000810764 ; -0.00181318 ; 101.771;
11 ; 12 ; 17 ; 0.0296654 ; -0.0166092 ; -0.000635158 ; 101.806;
12 ; 12 ; 17 ; 0.0415217 ; 0.00933358 ; 0.00838718 ; 101.396;
13 ; 12 ; 17 ; 0.0460117 ; 0.00186328 ; -0.00921552 ; 101.583;
14 ; 12 ; 17 ; 0.0568509 ; -0.00612806 ; 0.0113425 ; 101.348;
15 ; 12 ; 17 ; 0.0554013 ; -0.00887022 ; 0.00174068 ; 101.628;
16 ; 12 ; 17 ; 0.0565714 ; 0.000182176 ; -0.00957746 ; 101.374;
17 ; 12 ; 17 ; 0.0455911 ; 0.00401614 ; -0.00265499 ; 101.615;
18 ; 12 ; 17 ; 0.0361355 ; 0.00416631 ; -0.000741965 ; 101.534;
19 ; 12 ; 17 ; 0.0291718 ; -0.00229192 ; -0.00477598 ; 100.959;
20 ; 12 ; 17 ; 0.0314756 ; 0.00530834 ; 0.00323862 ; 101.284;
21 ; 12 ; 17 ; 0.0510005 ; 0.00359386 ; 0.00655452 ; 101.178;
4 ; 13 ; 17 ; 0.0486348 ; -0.00647877 ; -0.00692021 ; 101.16;
5 ; 13 ; 17 ; 0.0406731 ; 0.00694314 ; -0.00492727 ; 101.596;
6 ; 13 ; 17 ; 0.0512717 ; 0.00821246 ; -0.0068277 ; 101.02;
7 ; 13 ; 17 ; 0.0511974 ; -0.00493782 ; 0.00458202 ; 101.194;
8 ; 13 ; 17 ; 0.0428369 ; -0.0034131 ; 0.00705449 ; 101.215;
9 ; 13 ; 17 ; 0.0501379 ; 0.00596713 ; -0.000495023 ; 101.43;
10 ; 13 ; 17 ; 0.0361386 ; -0.0132318 ; 0.0130872 ; 101.138;
11 ; 13 ; 17 ; 0.0390817 ; 0.0018528 ; -0.00994415 ; 101.378;
12 ; 13 ; 17 ; 0.0444146 ; 0.000351588 ; 0.0101046 ; 101.546;
13 ; 13 ; 17 ; 0.0446617 ; 0.000555629 ; 0.00576895 ; 101.59;
14 ; 13 ; 17 ; 0.0427676 ; 0.000487871 ; -0.00323544 ; 100.777;
15 ; 13 ; 17 ; 0.053529 ; -0.00447751 ; 0.00249484 ; 101.611;
16 ; 13 ; 17 ; 0.0388386 ; -0.0096361 ; -0.00263761 ; 101.541;
17 ; 13 ; 17 ; 0.0344589 ; -0.00215801 ; 0.00397716 ; 101.027;
18 ; 13 ; 17 ; 0.0423632 ; -0.00400312 ; -0.0149576 ; 102.184;
19 ; 13 ; 17 ; 0.0326198 ; -0.000138619 ; -0.00795175 ; 101.016;
20 ; 13 ; 17 ; 0.0509084 ; -0.00356617 ; -0.0020674 ; 101.374;
21 ; 13 ; 17 ; 0.0495983 ; -0.00682194 ; -0.0218062 ; 101.616;
4 ; 14 ; 17 ; 0.0418179 ; 0.0160808 ; -0.00411943 ; 101.369;
5 ; 14 ; 17 ; 0.0499377 ; -0.00152997 ; -0.00569442 ; 101.788;
6 ; 14 ; 17 ; 0.0350323 ; -0.00584882 ; 0.0134422 ; 101.795;
7 ; 14 ; 17 ; 0.0565978 ; 0.00544146 ; 0.0108511 ; 101.581;
8 ; 14 ; 17 ; 0.0423901 ; 0.000163149 ; 0.00599199 ; 100.868;
9 ; 14 ; 17 ; 0.0464086 ; -0.00201768 ; 0.00373453 ; 101.709;
10 ; 14 ; 17 ; 0.0480422 ; -0.00523066 ; 0.0121564 ; 101.394;
11 ; 14 ; 17 ; 0.0509576 ; 0.00881521 ; 0.0102485 ; 101.439;
12 ; 14 ; 17 ; 0.0450661 ; -0.00146101 ; 0.0215964 ; 101.637;
13 ; 14 ; 17 ; 0.0552579 ; -0.00301443 ; -0.000689093 ; 102.158;
14 ; 14 ; 17 ; 0.0644492 ; -0.00914934 ; 0.00585004 ; 101.571;
15 ; 14 ; 17 ; 0.0555942 ; 0.00470804 ; 0.00593185 ; 101.147;
16 ; 14 ; 17 ; 0.0450653 ; -0.0183369 ; -0.00450223 ; 101.547;
17 ; 14 ; 17 ; 0.0376241 ; -0.0011086 ; 0.00270143 ; 101.494;
18 ; 14 ; 17 ; 0.0362555 ; -0.00563185 ; 0.0016572 ; 101.212;
19 ; 14 ; 17 ; 0.0431043 ; -0.00304246 ; -0.0123199 ; 101.486;
20 ; 14 ; 17 ; 0.0489623 ; 0.0160955 ; -0.012329 ; 101.465;
21 ; 14 ; 17 ; 0.0516087 ; -0.0116666 ; -0.0031792 ; 101.378;
4 ; 15 ; 17 ; 0.0371794 ; -0.00489997 ; 0.00115663 ; 101.536;
5 ; 15 ; 17 ; 0.0369461 ; -0.00801173 ; 0.0013635 ; 101.496;
6 ; 15 ; 17 ; 0.0374845 ; 0.00390294 ; 0.00113668 ; 101.34;
7 ; 15 ; 17 ; 0.0464114 ; 0.000505131 ; -0.00253475 ; 101.82;
8 ; 15 ; 17 ; 0.0346012 ; 0.000860658 ; -0.00648613 ; 101.625;
9 ; 15 ; 17 ; 0.0395348 ; 0.00290691 ; -0.000462436 ; 102.015;
10 ; 15 ; 17 ; 0.0469395 ; 0.00314513 ; 0.00329159 ; 101.956;
11 ; 15 ; 17 ; 0.0394821 ; -0.0178753 ; 0.00428542 ; 101.458;
12 ; 15 ; 17 ; 0.0525172 ; 0.000708727 ; -0.00907733 ; 101.474;
13 ; 15 ; 17 ; 0.041701 ; 0.00708897 ; -0.00805621 ; 101.383;
14 ; 15 ; 17 ; 0.0449536 ; -0.0087996 ; -0.0178948 ; 101.618;
15 ; 15 ; 17 ; 0.0559168 ; 0.00122981 ; -0.00278478 ; 101.542;
16 ; 15 ; 17 ; 0.0471301 ; -0.00542532 ; -0.00955721 ; 101.33;
17 ; 15 ; 17 ; 0.0430414 ; -0.0147751 ; -0.00594645 ; 101.323;
18 ; 15 ; 17 ; 0.0338793 ; -0.00893236 ; -0.00333192 ; 101.066;
19 ; 15 ; 17 ; 0.0467739 ; -0.00549573 ; -0.00209107 ; 102.067;
20 ; 15 ; 17 ; 0.050528 ; -0.00697468 ; -0.00610631 ; 101.312;
21 ; 15 ; 17 ; 0.045839 ; -0.0103246 ; 0.00918333 ; 101.429;
4 ; 16 ; 17 ; 0.0393072 ; -0.00561724 ; -0.00121748 ; 101.217;
5 ; 16 ; 17 ; 0.0432826 ; 0.00285015 ; 0.00781766 ; 100.889;
6 ; 16 ; 17 ; 0.0457905 ; -0.000738479 ; 0.000368364 ; 101.709;
7 ; 16 ; 17 ; 0.0466028 ; 0.000503139 ; 0.00264416 ; 101.601;
8 ; 16 ; 17 ; 0.0387423 ; -0.000901717 ; -0.00967378 ; 101.579;
9 ; 16 ; 17 ; 0.0439337 ; 0.00189916 ; 0.00874601 ; 101.036;
10 ; 16 ; 17 ; 0.0528317 ; 0.000324843 ; 0.00928173 ; 101.58;
11 ; 16 ; 17 ; 0.0444186 ; 0.00386652 ; 0.00948348 ; 101.726;
12 ; 16 ; 17 ; 0.046321 ; 0.00270446 ; 0.00101234 ; 101.697;
13 ; 16 ; 17 ; 0.038062 ; -0.00189059 ; -0.00140336 ; 101.195;
14 ; 16 ; 17 ; 0.0385988 ; 0.00493694 ; -0.00249364 ; 101.526;
15 ; 16 ; 17 ; 0.0511671 ; -0.005203 ; -0.00114691 ; 101.714;
16 ; 16 ; 17 ; 0.0331395 ; -0.0114623 ; 0.00267275 ; 101.715;
17 ; 16 ; 17 ; 0.0404171 ; -0.00227417 ; 0.00729905 ; 101.455;
18 ; 16 ; 17 ; 0.0615326 ; 0.00411767 ; 0.00142085 ; 101.273;
19 ; 16 ; 17 ; 0.04225 ; -0.012855 ; -0.00932795 ; 101.649;
20 ; 16 ; 17 ; 0.0387404 ; -0.00653291 ; -0.00423064 ; 101.195;
21 ; 16 ; 17 ; 0.027097 ; -0.0040444 ; -0.000177833 ; 100.978;
4 ; 17 ; 17 ; 0.0336923 ; 0.0129697 ; 0.00604168 ; 101.256;
5 ; 17 ; 17 ; 0.044613 ; -0.0056573 ; -0.00127685 ; 101.79;
6 ; 17 ; 17 ; 0.0405969 ; 0.00248311 ; -0.00575411 ; 101.432;
7 ; 17 ; 17 ; 0.0450459 ; 0.000756135 ; -0.00867126 ; 100.996;
8 ; 17 ; 17 ; 0.045044 ; 0.00409071 ; 0.000296967 ; 101.819;
9 ; 17 ; 17 ; 0.0509063 ; 0.00603762 ; 0.00012701 ; 101.111;
10 ; 17 ; 17 ; 0.0454225 ; -0.00603503 ; 0.00407543 ; 101.471;
11 ; 17 ; 17 ; 0.0394071 ; -0.00188235 ; -0.00308551 ; 100.926;
12 ; 17 ; 17 ; 0.0304385 ; -0.00290094 ; -0.00539605 ; 101.962;
13 ; 17 ; 17 ; 0.0424794 ; -0.00891196 ; -0.00225557 ; 101.881;
14 ; 17 ; 17 ; 0.0466994 ; 0.00159407 ; 0.00167101 ; 101.507;
15 ; 17 ; 17 ; 0.0629584 ; -0.0113204 ; -0.00967045 ; 101.631;
16 ; 17 ; 17 ; 0.0370241 ; -0.00930718 ; -0.00709112 ; 101.67;
17 ; 17 ; 17 ; 0.034957 ; -0.00922592 ; -0.000278987 ; 101.67;
18 ; 17 ; 17 ; 0.0464319 ; 0.00947416 ; -0.00171177 ; 101.29;
19 ; 17 ; 17 ; 0.0347055 ; -0.010385 ; 0.00226298 ; 101.643;
20 ; 17 ; 17 ; 0.0527549 ; 0.0218555 ; -0.0128943 ; 101.196;
21 ; 17 ; 17 ; 0.0429138 ; -0.0136848 ; -0.00876707 ; 101.297;
4 ; 18 ; 17 ; 0.0557668 ; 0.00538412 ; -0.00284197 ; 101.264;
5 ; 18 ; 17 ; 0.0432222 ; 0.000961276 ; 0.0153902 ; 101.409;
6 ; 18 ; 17 ; 0.0535661 ; -0.00370749 ; 0.013921 ; 101.449;
7 ; 18 ; 17 ; 0.0266528 ; -0.000872019 ; 0.0179875 ; 101.467;
8 ; 18 ; 17 ; 0.0532713 ; -0.00133147 ; -0.00226582 ; 101.776;
9 ; 18 ; 17 ; 0.0458607 ; -0.0008431 ; 0.00810309 ; 101.452;
10 ; 18 ; 17 ; 0.0421728 ; 0.00684439 ; -0.00191594 ; 101.451;
11 ; 18 ; 17 ; 0.0444055 ; 0.00172999 ; -0.0124248 ; 101.786;
12 ; 18 ; 17 ; 0.0440174 ; 0.00965368 ; 0.0107146 ; 101.2;
13 ; 18 ; 17 ; 0.056124 ; -0.00634335 ; 0.00541526 ; 101.656;
14 ; 18 ; 17 ; 0.029066 ; 0.0126908 ; -0.0121441 ; 101.381;
15 ; 18 ; 17 ; 0.047333 ; 4.7114e-06 ; -0.0144725 ; 101.569;
16 ; 18 ; 17 ; 0.0532268 ; -0.00439745 ; 0.00673946 ; 101.937;
17 ; 18 ; 17 ; 0.0393077 ; -0.00319823 ; -0.00597985 ; 101.108;
18 ; 18 ; 17 ; 0.0484173 ; 0.00399356 ; -0.00296843 ; 101.615;
19 ; 18 ; 17 ; 0.0341855 ; 0.00622781 ; -0.017166 ; 101.417;
20 ; 18 ; 17 ; 0.0425571 ; 0.0133923 ; -0.00628708 ; 101.162;
21 ; 18 ; 17 ; 0.0363231 ; -0.00201328 ; 0.000450817 ; 101.386;
4 ; 19 ; 17 ; 0.0442737 ; 0.0111569 ; 0.0158088 ; 101.565;
5 ; 19 ; 17 ; 0.0454816 ; -0.00523932 ; 0.00114207 ; 101.618;
6 ; 19 ; 17 ; 0.0528145 ; 0.000222031 ; 0.00550337 ; 101.271;
7 ; 19 ; 17 ; 0.0381627 ; -0.00657106 ; 0.000239663 ; 101.497;
8 ; 19 ; 17 ; 0.0410065 ; -0.000358942 ; -0.00740992 ; 101.093;
9 ; 19 ; 17 ; 0.0409386 ; 0.0138067 ; -0.0026181 ; 101.492;
10 ; 19 ; 17 ; 0.0470454 ; -0.00567825 ; 0.00104205 ; 101.177;
11 ; 19 ; 17 ; 0.0304614 ; -0.00777117 ; 0.00587753 ; 101.484;
12 ; 19 ; 17 ; 0.0405753 ; 0.0101111 ; 0.00984272 ; 101.43;
13 ; 19 ; 17 ; 0.0567594 ; -0.0103499 ; 0.00105615 ; 101.278;
14 ; 19 ; 17 ; 0.0575073 ; -0.00299032 ; -0.0105071 ; 101.494;
15 ; 19 ; 17 ; 0.0458075 ; -0.000578644 ; 0.000845091 ; 101.524;
16 ; 19 ; 17 ; 0.0458829 ; -0.0148563 ; -0.00154184 ; 101.541;
17 ; 19 ; 17 ; 0.0427189 ; 0.00731955 ; -0.0163035 ; 101.446;
18 ; 19 ; 17 ; 0.0473904 ; 0.0144138 ; -0.0102491 ; 101.622;
19 ; 19 ; 17 ; 0.0421703 ; -0.0139726 ; -0.00202111 ; 101.693;
20 ; 19 ; 17 ; 0.049249 ; 0.00391292 ; 0.00142656 ; 101.39;
21 ; 19 ; 17 ; 0.0316702 ; -0.000224444 ; 0.000740403 ; 101.686;
4 ; 20 ; 17 ; 0.0503817 ; 0.00871388 ; 0.00594086 ; 101.471;
5 ; 20 ; 17 ; 0.0440644 ; 0.00904242 ; 0.0280111 ; 101.312;
6 ; 20 ; 17 ; 0.046599 ; 0.01605 ; 0.00930222 ; 101.742;
7 ; 20 ; 17 ; 0.046351 ; 0.0112058 ; -0.00425365 ; 101.729;
8 ; 20 ; 17 ; 0.0341654 ; -0.0025107 ; -0.00684592 ; 101.42;
9 ; 20 ; 17 ; 0.0450791 ; 0.00300184 ; 0.00168155 ; 101.515;
10 ; 20 ; 17 ; 0.039985 ; -0.00932897 ; 0.0162659 ; 101.472;
11 ; 20 ; 17 ; 0.0504113 ; 0.00964088 ; 0.000476796 ; 101.707;
12 ; 20 ; 17 ; 0.0428553 ; 0.00231581 ; 0.013044 ; 101.324;
13 ; 20 ; 17 ; 0.0286133 ; -0.00328497 ; 0.000169555 ; 101.418;
14 ; 20 ; 17 ; 0.0453903 ; -0.00037124 ; -0.00492132 ; 100.845;
15 ; 20 ; 17 ; 0.0496509 ; -0.0110893 ; 0.000246656 ; 101.668;
16 ; 20 ; 17 ; 0.0549848 ; 0.000203566 ; -0.00578629 ; 101.271;
17 ; 20 ; 17 ; 0.0456625 ; -0.00614132 ; 0.0115202 ; 101.32;
18 ; 20 ; 17 ; 0.0352099 ; -0.0111752 ; 0.00756593 ; 101.681;
19 ; 20 ; 17 ; 0.0335481 ; 0.0127776 ; -0.00325484 ; 101.561;
20 ; 20 ; 17 ; 0.0379357 ; 0.00320302 ; -0.0104583 ; 101.39;
21 ; 20 ; 17 ; 0.0328674 ; -0.0147977 ; 0.00696153 ; 101.175;
4 ; 21 ; 17 ; 0.0398808 ; -0.00255312 ; 0.00869201 ; 101.699;
5 ; 21 ; 17 ; 0.0397094 ; 0.00472361 ; 0.00217405 ; 101.272;
6 ; 21 ; 17 ; 0.0353665 ; -0.00693366 ; -0.00445188 ; 101.268;
7 ; 21 ; 17 ; 0.0443947 ; 0.00461661 ; 0.0103685 ; 101.425;
8 ; 21 ; 17 ; 0.0410946 ; 0.011137 ; 0.00114656 ; 101.567;
9 ; 21 ; 17 ; 0.0466709 ; -0.00629588 ; -0.00347229 ; 101.346;
10 ; 21 ; 17 ; 0.0438145 ; -0.00477782 ; 0.00357365 ; 101.674;
11 ; 21 ; 17 ; 0.0386711 ; 0.0152155 ; 0.00330947 ; 101.489;
12 ; 21 ; 17 ; 0.0518239 ; 0.0016624 ; -0.00726949 ; 101.434;
13 ; 21 ; 17 ; 0.0428968 ; -0.00914324 ; -0.00199073 ; 101.154;
14 ; 21 ; 17 ; 0.0369412 ; 0.0032305 ; -0.00332269 ; 101.268;
15 ; 21 ; 17 ; 0.0348583 ; -0.000535119 ; 0.00894551 ; 101.809;
16 ; 21 ; 17 ; 0.045174 ; -0.00879616 ; 0.0118167 ; 101.421;
17 ; 21 ; 17 ; 0.0559499 ; 0.00414124 ; 0.00424659 ; 101.551;
18 ; 21 ; 17 ; 0.0573359 ; -0.00325779 ; 0.00720586 ; 101.484;
19 ; 21 ; 17 ; 0.0342641 ; 0.00831703 ; -0.0105214 ; 101.192;
20 ; 21 ; 17 ; 0.0518761 ; 0.0013756 ; -0.00179163 ; 101.164;
21 ; 21 ; 17 ; 0.0529784 ; 0.00305142 ; -0.0186347 ; 101.186;
4 ; 4 ; 18 ; 0.0331751 ; -0.00785471 ; 0.00531224 ; 101.235;
5 ; 4 ; 18 ; 0.0317256 ; -0.00600405 ; 0.00677679 ; 101.523;
6 ; 4 ; 18 ; 0.0477036 ; -0.000405299 ; 0.0054257 ; 101.373;
7 ; 4 ; 18 ; 0.0370951 ; 7.83369e-05 ; 0.000789867 ; 101.06;
8 ; 4 ; 18 ; 0.0342068 ; 0.0029299 ; 0.00139336 ; 101.545;
9 ; 4 ; 18 ; 0.052713 ; -0.00989464 ; -0.00440635 ; 101.714;
10 ; 4 ; 18 ; 0.0440595 ; -0.0105875 ; 0.0200866 ; 101.384;
11 ; 4 ; 18 ; 0.0304365 ; -6.29596e-05 ; 0.00898769 ; 101.554;
12 ; 4 ; 18 ; 0.0283133 ; 0.00101574 ; -0.00501154 ; 101.712;
13 ; 4 ; 18 ; 0.0349448 ; -0.00116952 ; -0.00368409 ; 101.238;
14 ; 4 ; 18 ; 0.0311619 ; -0.0121482 ; -0.000765778 ; 101.669;
15 ; 4 ; 18 ; 0.0335544 ; -0.00486937 ; 0.00200507 ; 101.725;
16 ; 4 ; 18 ; 0.032144 ; -0.00259835 ; 0.00145526 ; 101.72;
17 ; 4 ; 18 ; 0.0358687 ; -0.0140035 ; 0.0167241 ; 101.849;
18 ; 4 ; 18 ; 0.0484906 ; 0.00431136 ; 0.00980795 ; 101.683;
19 ; 4 ; 18 ; 0.0381941 ; -0.0101201 ; 0.00408616 ; 101.501;
20 ; 4 ; 18 ; 0.0374618 ; 0.000799569 ; 0.0047741 ; 101.401;
21 ; 4 ; 18 ; 0.0332707 ; 0.00211171 ; 0.000593345 ; 101.327;
4 ; 5 ; 18 ; 0.0444325 ; 0.00998625 ; -0.000795721 ; 101.332;
5 ; 5 ; 18 ; 0.034497 ; 0.00205286 ; -0.00134841 ; 101.342;
6 ; 5 ; 18 ; 0.0333786 ; 0.00623131 ; -0.0085457 ; 101.428;
7 ; 5 ; 18 ; 0.0262665 ; -0.0128271 ; 0.00653325 ; 101.32;
8 ; 5 ; 18 ; 0.0382356 ; 0.00160678 ; 0.00822055 ; 101.552;
9 ; 5 ; 18 ; 0.0326789 ; 0.00159424 ; -0.0150292 ; 101.203;
10 ; 5 ; 18 ; 0.0364006 ; -0.00810213 ; 0.00628126 ; 101.997;
11 ; 5 ; 18 ; 0.028592 ; -0.000844774 ; -0.00812126 ; 101.714;
12 ; 5 ; 18 ; 0.0290586 ; -0.00751294 ; -0.0143963 ; 101.265;
13 ; 5 ; 18 ; 0.0259954 ; -0.011126 ; -0.00756973 ; 101.321;
14 ; 5 ; 18 ; 0.0280137 ; -0.00174502 ; 0.00215783 ; 101.562;
15 ; 5 ; 18 ; 0.0325729 ; -0.0237287 ; -0.00316907 ; 101.507;
16 ; 5 ; 18 ; 0.0448555 ; -0.00124367 ; 0.0034308 ; 101.125;
17 ; 5 ; 18 ; 0.0241745 ; -0.00535543 ; -0.0101248 ; 101.447;
18 ; 5 ; 18 ; 0.0356894 ; 0.00690935 ; -0.00853668 ; 101.796;
19 ; 5 ; 18 ; 0.030929 ; 0.00355761 ; -0.00516412 ; 101.729;
20 ; 5 ; 18 ; 0.0447774 ; 7.12284e-05 ; -1.9507e-05 ; 101.486;
21 ; 5 ; 18 ; 0.0301296 ; -0.0108126 ; -0.0051063 ; 101.617;
4 ; 6 ; 18 ; 0.0302595 ; 0.00581735 ; 0.00565993 ; 101.391;
5 ; 6 ; 18 ; 0.0349544 ; 0.00289009 ; 0.00621656 ; 101.341;
6 ; 6 ; 18 ; 0.0378013 ; 0.00274618 ; -0.00242426 ; 101.444;
7 ; 6 ; 18 ; 0.0367341 ; -0.00484103 ; -0.00122057 ; 101.545;
8 ; 6 ; 18 ; 0.0354558 ; -0.0059277 ; -0.000194249 ; 101.67;
9 ; 6 ; 18 ; 0.0185679 ; -0.00363451 ; 0.00878167 ; 101.878;
10 ; 6 ; 18 ; 0.0293338 ; -0.00642301 ; 0.0208533 ; 101.096;
11 ; 6 ; 18 ; 0.0371114 ; 0.00364078 ; 0.00208929 ; 101.681;
12 ; 6 ; 18 ; 0.0363536 ; -0.00400545 ; 0.00478579 ; 101.456;
13 ; 6 ; 18 ; 0.0398682 ; -0.00828952 ; -0.00508288 ; 101.092;
14 ; 6 ; 18 ; 0.0369546 ; -0.00278158 ; -0.00494223 ; 101.61;
15 ; 6 ; 18 ; 0.0306314 ; -0.00260318 ; 0.00619519 ; 101.342;
16 ; 6 ; 18 ; 0.0327028 ; 0.00703631 ; -0.0074018 ; 101.556;
17 ; 6 ; 18 ; 0.027284 ; 0.000631596 ; -0.00602912 ; 101.882;
18 ; 6 ; 18 ; 0.0420119 ; 0.00360683 ; -0.00567164 ; 101.115;
19 ; 6 ; 18 ; 0.0275368 ; 0.000755824 ; -0.00211138 ; 101.45;
20 ; 6 ; 18 ; 0.0315129 ; 0.0128043 ; 0.00466117 ; 101.185;
21 ; 6 ; 18 ; 0.0154226 ; -0.00332183 ; 0.00254324 ; 101.599;
4 ; 7 ; 18 ; 0.0253145 ; 0.00287932 ; 0.0116231 ; 101.555;
5 ; 7 ; 18 ; 0.0384599 ; 0.0134402 ; 0.0157153 ; 101.564;
6 ; 7 ; 18 ; 0.0455017 ; -0.00855839 ; -0.000311523 ; 101.287;
7 ; 7 ; 18 ; 0.0408159 ; 0.00517274 ; 0.00851303 ; 101.594;
8 ; 7 ; 18 ; 0.0290747 ; 0.000521753 ; -0.00868282 ; 101.544;
9 ; 7 ; 18 ; 0.031002 ; -0.00523619 ; 0.00977594 ; 101.698;
10 ; 7 ; 18 ; 0.0242657 ; -0.0195656 ; 0.0115791 ; 101.457;
11 ; 7 ; 18 ; 0.0361458 ; 0.00922488 ; 0.00931599 ; 101.622;
12 ; 7 ; 18 ; 0.04097 ; 0.000474521 ; 0.00178691 ; 101.686;
13 ; 7 ; 18 ; 0.0365971 ; -0.00208775 ; -0.00183836 ; 101.347;
14 ; 7 ; 18 ; 0.035095 ; -0.0144226 ; -0.00432804 ; 101.536;
15 ; 7 ; 18 ; 0.0357378 ; 0.00447923 ; -0.0121127 ; 101.47;
16 ; 7 ; 18 ; 0.0390323 ; -0.00671816 ; -0.0117884 ; 101.384;
17 ; 7 ; 18 ; 0.0331247 ; 0.00597652 ; -0.00697559 ; 101.367;
18 ; 7 ; 18 ; 0.0342759 ; -0.000439433 ; -0.0109986 ; 101.309;
19 ; 7 ; 18 ; 0.0417999 ; -0.00185755 ; -0.0186379 ; 101.394;
20 ; 7 ; 18 ; 0.0321528 ; -0.00364403 ; -0.00981449 ; 101.671;
21 ; 7 ; 18 ; 0.0268448 ; -5.74014e-05 ; -0.00804729 ; 101.882;
4 ; 8 ; 18 ; 0.0399313 ; -0.0019033 ; -0.00259583 ; 101.602;
5 ; 8 ; 18 ; 0.036893 ; 0.00255012 ; 0.00743575 ; 101.309;
6 ; 8 ; 18 ; 0.0221587 ; -0.00119113 ; 0.0015874 ; 101.356;
7 ; 8 ; 18 ; 0.0262953 ; 0.0031484 ; -0.000708002 ; 101.351;
8 ; 8 ; 18 ; 0.0203591 ; 0.00629443 ; 0.0086626 ; 101.84;
9 ; 8 ; 18 ; 0.0337871 ; -0.00293216 ; -3.2234e-05 ; 101.089;
10 ; 8 ; 18 ; 0.0243832 ; -0.00853582 ; 0.00865462 ; 101.783;
11 ; 8 ; 18 ; 0.0242349 ; -0.00724947 ; -0.00345935 ; 101.662;
12 ; 8 ; 18 ; 0.0403529 ; 0.000763042 ; -0.00116083 ; 101.719;
13 ; 8 ; 18 ; 0.0346751 ; -0.00487906 ; 0.00536263 ; 100.884;
14 ; 8 ; 18 ; 0.0261278 ; 0.00915264 ; 0.0027269 ; 101.382;
15 ; 8 ; 18 ; 0.0318023 ; 0.00507761 ; -0.0125094 ; 101.911;
16 ; 8 ; 18 ; 0.0261217 ; 0.00125735 ; 0.000894451 ; 101.28;
17 ; 8 ; 18 ; 0.0346908 ; 0.00222138 ; -0.0042291 ; 101.959;
18 ; 8 ; 18 ; 0.0455979 ; 0.0026586 ; -8.86966e-05 ; 101.515;
19 ; 8 ; 18 ; 0.0428953 ; 0.000399146 ; -0.000105942 ; 101.54;
20 ; 8 ; 18 ; 0.0361134 ; -0.00147646 ; 0.00207277 ; 101.251;
21 ; 8 ; 18 ; 0.0331668 ; 0.00220755 ; -0.000851139 ; 101.657;
4 ; 9 ; 18 ; 0.055194 ; -0.00200581 ; 0.0103717 ; 101.636;
5 ; 9 ; 18 ; 0.0475733 ; -0.00757635 ; 0.00332117 ; 101.561;
6 ; 9 ; 18 ; 0.0354859 ; 0.00486238 ; 0.00715183 ; 101.394;
7 ; 9 ; 18 ; 0.0275486 ; -0.0037414 ; 0.00423023 ; 101.49;
8 ; 9 ; 18 ; 0.0241261 ; 0.00614807 ; 0.0120705 ; 101.284;
9 ; 9 ; 18 ; 0.0414996 ; -0.0030028 ; 0.00269531 ; 101.637;
10 ; 9 ; 18 ; 0.0197879 ; 0.00407597 ; -0.00177591 ; 101.532;
11 ; 9 ; 18 ; 0.0314296 ; -0.00241754 ; 0.00622573 ; 101.46;
12 ; 9 ; 18 ; 0.0347024 ; 0.0137982 ; -0.00125052 ; 101.54;
13 ; 9 ; 18 ; 0.0321352 ; 0.00612564 ; 0.00103718 ; 101.577;
14 ; 9 ; 18 ; 0.0295978 ; -0.00681006 ; 0.00247147 ; 101.649;
15 ; 9 ; 18 ; 0.0305778 ; -0.00511162 ; -0.000535142 ; 101.656;
16 ; 9 ; 18 ; 0.0228178 ; 0.00273449 ; -0.00607833 ; 101.555;
17 ; 9 ; 18 ; 0.0397302 ; -0.00311145 ; -0.00404259 ; 101.797;
18 ; 9 ; 18 ; 0.0315831 ; -0.00359843 ; -0.00434543 ; 101.205;
19 ; 9 ; 18 ; 0.0399707 ; -0.00847351 ; -0.0217006 ; 101.42;
20 ; 9 ; 18 ; 0.0334413 ; 0.001499 ; -0.00148274 ; 101.68;
21 ; 9 ; 18 ; 0.0248779 ; -0.00292401 ; 0.000801933 ; 101.188;
4 ; 10 ; 18 ; 0.0355892 ; 0.00520681 ; 0.00450187 ; 101.458;
5 ; 10 ; 18 ; 0.0278319 ; -0.00243772 ; 0.00176026 ; 101.458;
6 ; 10 ; 18 ; 0.0276243 ; 0.0099468 ; 0.00394027 ; 101.718;
7 ; 10 ; 18 ; 0.0402696 ; 0.0131724 ; 0.0166765 ; 101.03;
8 ; 10 ; 18 ; 0.0454963 ; 0.00987794 ; 0.00450381 ; 101.579;
9 ; 10 ; 18 ; 0.0366679 ; 0.0060443 ; -0.00985682 ; 101.33;
10 ; 10 ; 18 ; 0.0348257 ; 0.00272274 ; -0.00140997 ; 101.273;
11 ; 10 ; 18 ; 0.0350788 ; -0.00969875 ; -0.00895866 ; 101.61;
12 ; 10 ; 18 ; 0.0387968 ; -0.00170645 ; 0.00751952 ; 101.662;
13 ; 10 ; 18 ; 0.0311082 ; -0.01075 ; 0.00462079 ; 101.313;
14 ; 10 ; 18 ; 0.0346469 ; -0.00363154 ; 0.0056836 ; 101.28;
15 ; 10 ; 18 ; 0.0347962 ; -0.00269404 ; -0.00423322 ; 101.314;
16 ; 10 ; 18 ; 0.038382 ; 0.00583768 ; -0.00767374 ; 101.583;
17 ; 10 ; 18 ; 0.0310629 ; 0.00299985 ; 0.00133539 ; 101.709;
18 ; 10 ; 18 ; 0.0216453 ; -0.00274087 ; -0.0118911 ; 101.314;
19 ; 10 ; 18 ; 0.0351135 ; -0.00160697 ; -0.00660626 ; 101.379;
20 ; 10 ; 18 ; 0.0424079 ; 0.0127412 ; -0.0100558 ; 101.755;
21 ; 10 ; 18 ; 0.0276436 ; 0.0082182 ; 0.00813974 ; 101.146;
4 ; 11 ; 18 ; 0.0418883 ; -0.00106623 ; 0.000922573 ; 101.477;
5 ; 11 ; 18 ; 0.0183389 ; -0.00419681 ; 0.00168282 ; 101.314;
6 ; 11 ; 18 ; 0.0390294 ; -0.0067436 ; 0.0121669 ; 101.749;
7 ; 11 ; 18 ; 0.0343326 ; 0.013311 ; 0.0121403 ; 101.26;
8 ; 11 ; 18 ; 0.0431102 ; 0.00463808 ; 0.00576659 ; 101.774;
9 ; 11 ; 18 ; 0.0378028 ; 0.0222924 ; 0.00984358 ; 101.68;
10 ; 11 ; 18 ; 0.0330572 ; 0.0170945 ; 0.0119233 ; 101.682;
11 ; 11 ; 18 ; 0.0427796 ; 0.00396562 ; 0.00682621 ; 101.841;
12 ; 11 ; 18 ; 0.0411657 ; -0.00221784 ; 0.00697198 ; 101.539;
13 ; 11 ; 18 ; 0.0380601 ; -0.000253633 ; 0.0076086 ; 101.594;
14 ; 11 ; 18 ; 0.0295062 ; 0.00229542 ; -0.0023535 ; 101.14;
15 ; 11 ; 18 ; 0.0350752 ; -0.0131987 ; -0.0125062 ; 101.286;
16 ; 11 ; 18 ; 0.0458149 ; 0.0085677 ; 0.00268084 ; 101.514;
17 ; 11 ; 18 ; 0.0416772 ; -0.000940222 ; 0.00400337 ; 101.545;
18 ; 11 ; 18 ; 0.0353683 ; 0.0138371 ; 0.0130658 ; 101.596;
19 ; 11 ; 18 ; 0.0251039 ; 0.0049504 ; -0.00618807 ; 101.091;
20 ; 11 ; 18 ; 0.0254926 ; -0.00952356 ; 0.00166707 ; 101.748;
21 ; 11 ; 18 ; 0.0261419 ; -0.0119583 ; 0.00293029 ; 101.626;
4 ; 12 ; 18 ; 0.0261463 ; -0.00337767 ; -0.00393981 ; 101.147;
5 ; 12 ; 18 ; 0.040919 ; 0.00893981 ; -0.0102207 ; 101.344;
6 ; 12 ; 18 ; 0.0314123 ; 0.00154619 ; 0.00730831 ; 101.628;
7 ; 12 ; 18 ; 0.0248349 ; -0.00642105 ; 0.00156593 ; 101.229;
8 ; 12 ; 18 ; 0.0375691 ; -0.00480389 ; -0.00542833 ; 101.532;
9 ; 12 ; 18 ; 0.0352993 ; 0.00912525 ; -0.0117839 ; 101.38;
10 ; 12 ; 18 ; 0.0371181 ; -0.0107473 ; 0.00568269 ; 101.378;
11 ; 12 ; 18 ; 0.0372982 ; -0.0053891 ; 0.0155579 ; 101.514;
12 ; 12 ; 18 ; 0.041327 ; 0.00679804 ; -0.00724507 ; 101.471;
13 ; 12 ; 18 ; 0.0348559 ; -0.00761654 ; 0.00524813 ; 101.517;
14 ; 12 ; 18 ; 0.0441409 ; -0.00147029 ; -0.0058237 ; 101.018;
15 ; 12 ; 18 ; 0.0351655 ; 0.00181793 ; -0.00233559 ; 101.791;
16 ; 12 ; 18 ; 0.0380886 ; -0.0009343 ; 0.0131066 ; 101.144;
17 ; 12 ; 18 ; 0.033429 ; 0.00693667 ; 0.00667303 ; 101.179;
18 ; 12 ; 18 ; 0.0427126 ; -0.00259989 ; 0.00401011 ; 100.87;
19 ; 12 ; 18 ; 0.0380829 ; -0.00211251 ; -0.00337013 ; 101.582;
20 ; 12 ; 18 ; 0.0268205 ; 0.00640571 ; -0.00555754 ; 101.77;
21 ; 12 ; 18 ; 0.0211565 ; 0.000435883 ; -0.00385961 ; 101.34;
4 ; 13 ; 18 ; 0.0193924 ; 0.0113464 ; 0.00303638 ; 101.303;
5 ; 13 ; 18 ; 0.0269489 ; 0.0033416 ; 0.00954518 ; 102.007;
6 ; 13 ; 18 ; 0.0319775 ; 0.0125042 ; 0.00631963 ; 101.029;
7 ; 13 ; 18 ; 0.0362001 ; -0.00505579 ; 0.0165941 ; 101.762;
8 ; 13 ; 18 ; 0.0336843 ; 0.0019824 ; 0.0125035 ; 101.323;
9 ; 13 ; 18 ; 0.0401088 ; 0.00455671 ; -0.00158274 ; 101.394;
10 ; 13 ; 18 ; 0.0311472 ; -0.0116891 ; 0.00675904 ; 101.392;
11 ; 13 ; 18 ; 0.0340445 ; -0.000925269 ; -0.00691587 ; 101.72;
12 ; 13 ; 18 ; 0.0347101 ; 0.00473303 ; 0.00943651 ; 101.004;
13 ; 13 ; 18 ; 0.0452207 ; 0.00271848 ; 0.00481734 ; 101.495;
14 ; 13 ; 18 ; 0.0302682 ; -0.00321193 ; 0.00756577 ; 101.431;
15 ; 13 ; 18 ; 0.0276731 ; 0.00532933 ; 0.00786859 ; 101.497;
16 ; 13 ; 18 ; 0.0233918 ; 0.00139465 ; -0.00276379 ; 101.335;
17 ; 13 ; 18 ; 0.0341476 ; -0.00500711 ; -0.00205107 ; 101.293;
18 ; 13 ; 18 ; 0.024777 ; -0.00384787 ; -0.00080806 ; 101.557;
19 ; 13 ; 18 ; 0.0385991 ; -0.00206401 ; 0.000581444 ; 101.464;
20 ; 13 ; 18 ; 0.044144 ; -0.0132813 ; -0.0137582 ; 101.746;
21 ; 13 ; 18 ; 0.0384224 ; 0.000509107 ; -0.00289329 ; 101.713;
4 ; 14 ; 18 ; 0.0280101 ; 0.00214639 ; 0.0147824 ; 101.488;
5 ; 14 ; 18 ; 0.0220261 ; 0.0117809 ; -0.000462569 ; 101.189;
6 ; 14 ; 18 ; 0.0206934 ; 0.00951799 ; 0.0153615 ; 101.198;
7 ; 14 ; 18 ; 0.034289 ; -0.00656938 ; 0.00866466 ; 102.434;
8 ; 14 ; 18 ; 0.0325772 ; 0.0114254 ; -0.000781864 ; 101.187;
9 ; 14 ; 18 ; 0.045459 ; -0.0146444 ; 0.0103947 ; 101.521;
10 ; 14 ; 18 ; 0.0228597 ; -0.00132902 ; 0.00288908 ; 101.154;
11 ; 14 ; 18 ; 0.0277823 ; -0.00123072 ; 0.00576035 ; 101.355;
12 ; 14 ; 18 ; 0.0381805 ; 0.00300329 ; -0.00941025 ; 101.658;
13 ; 14 ; 18 ; 0.0457053 ; 0.00926066 ; 0.00270482 ; 101.699;
14 ; 14 ; 18 ; 0.03451 ; -0.000950112 ; -0.0047252 ; 101.579;
15 ; 14 ; 18 ; 0.0458845 ; 0.0102703 ; 0.0020746 ; 101.526;
16 ; 14 ; 18 ; 0.022979 ; 0.0128001 ; 0.00154186 ; 101.537;
17 ; 14 ; 18 ; 0.0355531 ; -0.00656159 ; 0.000388971 ; 101.836;
18 ; 14 ; 18 ; 0.0421012 ; 0.00320031 ; -0.00263686 ; 101.377;
19 ; 14 ; 18 ; 0.0236102 ; -0.00155336 ; -0.00687328 ; 101.715;
20 ; 14 ; 18 ; 0.0434054 ; -0.00611889 ; -0.00426339 ; 101.577;
21 ; 14 ; 18 ; 0.0371125 ; 0.0125403 ; -0.00280824 ; 101.36;
4 ; 15 ; 18 ; 0.0284215 ; -0.00760138 ; -0.00585389 ; 101.525;
5 ; 15 ; 18 ; 0.0251462 ; 0.0208383 ; -0.0144657 ; 101.433;
6 ; 15 ; 18 ; 0.0358559 ; 0.00258925 ; -0.00142911 ; 101.483;
7 ; 15 ; 18 ; 0.0396262 ; 0.000302207 ; 0.00634503 ; 101.645;
8 ; 15 ; 18 ; 0.0383897 ; 0.0176122 ; -0.000169656 ; 102.228;
9 ; 15 ; 18 ; 0.0393385 ; -0.000623733 ; 0.00527885 ; 101.466;
10 ; 15 ; 18 ; 0.0213929 ; 0.00294712 ; -0.0135944 ; 101.28;
11 ; 15 ; 18 ; 0.0276006 ; 0.000999631 ; 0.00419777 ; 100.98;
12 ; 15 ; 18 ; 0.0225832 ; 0.00430118 ; -0.00543776 ; 101.448;
13 ; 15 ; 18 ; 0.0351285 ; -0.00400723 ; 0.005133 ; 101.552;
14 ; 15 ; 18 ; 0.0308064 ; -0.000386929 ; -0.0080499 ; 101.675;
15 ; 15 ; 18 ; 0.0377223 ; -0.00197402 ; 0.00732686 ; 100.983;
16 ; 15 ; 18 ; 0.0277575 ; -0.00253002 ; -0.00334231 ; 101.689;
17 ; 15 ; 18 ; 0.0420064 ; 0.00437131 ; -0.00303037 ; 101.254;
18 ; 15 ; 18 ; 0.0302599 ; -0.0026344 ; -0.00437508 ; 101.625;
19 ; 15 ; 18 ; 0.0218806 ; -0.00597361 ; -0.000684445 ; 101.364;
20 ; 15 ; 18 ; 0.0227727 ; -0.0172052 ; 0.00301827 ; 101.522;
21 ; 15 ; 18 ; 0.0372374 ; 0.00743738 ; -0.00764314 ; 101.599;
4 ; 16 ; 18 ; 0.0331244 ; 0.00335656 ; 0.00224958 ; 101.747;
5 ; 16 ; 18 ; 0.0326977 ; 0.00269925 ; 0.0121363 ; 101.311;
6 ; 16 ; 18 ; 0.031919 ; 0.00746751 ; 0.000689103 ; 101.683;
7 ; 16 ; 18 ; 0.0404886 ; -0.0063161 ; -0.00743181 ; 101.76;
8 ; 16 ; 18 ; 0.0374283 ; 0.0020672 ; 0.0115624 ; 101.767;
9 ; 16 ; 18 ; 0.0358525 ; 0.00112099 ; 0.00633202 ; 101.662;
10 ; 16 ; 18 ; 0.0404025 ; 0.00877967 ; 0.0137975 ; 101.734;
11 ; 16 ; 18 ; 0.0446085 ; -0.00122176 ; 0.00167381 ; 101.279;
12 ; 16 ; 18 ; 0.0249711 ; -0.00407717 ; -0.00461451 ; 101.487;
13 ; 16 ; 18 ; 0.03806 ; -0.00809305 ; 0.0007087 ; 101.688;
14 ; 16 ; 18 ; 0.0382386 ; 0.00259856 ; -0.00552234 ; 101.54;
15 ; 16 ; 18 ; 0.0402456 ; -0.00584522 ; -0.00634874 ; 101.159;
16 ; 16 ; 18 ; 0.0397427 ; 0.0133876 ; 0.00100326 ; 101.468;
17 ; 16 ; 18 ; 0.0376975 ; -0.0056231 ; -0.00899665 ; 101.344;
18 ; 16 ; 18 ; 0.0360498 ; -0.00603558 ; -0.00935814 ; 101.719;
19 ; 16 ; 18 ; 0.0326111 ; 0.0137855 ; -0.0127023 ; 101.587;
20 ; 16 ; 18 ; 0.0279813 ; -0.00434405 ; -3.31294e-05 ; 101.737;
21 ; 16 ; 18 ; 0.0418036 ; -0.00026916 ; 0.00167882 ; 101.91;
4 ; 17 ; 18 ; 0.0238757 ; 0.00637542 ; -0.00853366 ; 101.314;
5 ; 17 ; 18 ; 0.0389461 ; 0.00640516 ; 0.00601922 ; 101.536;
6 ; 17 ; 18 ; 0.0342668 ; 0.0124016 ; -0.00123503 ; 102.068;
7 ; 17 ; 18 ; 0.0286608 ; 0.00897458 ; -0.0149269 ; 101.101;
8 ; 17 ; 18 ; 0.0310483 ; -0.0135083 ; 0.000510116 ; 101.772;
9 ; 17 ; 18 ; 0.0412521 ; -0.000711271 ; -0.0062254 ; 101.181;
10 ; 17 ; 18 ; 0.041637 ; 0.000131694 ; 0.00583441 ; 101.657;
11 ; 17 ; 18 ; 0.0388241 ; 0.0024898 ; -0.00864544 ; 101.559;
12 ; 17 ; 18 ; 0.04189 ; 0.00323174 ; 0.00516749 ; 101.332;
13 ; 17 ; 18 ; 0.0294952 ; 0.00198892 ; 0.00823585 ; 101.631;
14 ; 17 ; 18 ; 0.0319355 ; 0.00895722 ; 0.00588813 ; 101.54;
15 ; 17 ; 18 ; 0.0265368 ; -0.00107751 ; -0.00791356 ; 101.407;
16 ; 17 ; 18 ; 0.0257777 ; -0.0132009 ; 0.000451276 ; 101.562;
17 ; 17 ; 18 ; 0.0283916 ; -0.00509361 ; 0.00210866 ; 101.436;
18 ; 17 ; 18 ; 0.0413169 ; 0.00143142 ; -0.020068 ; 102.093;
19 ; 17 ; 18 ; 0.0231442 ; 0.00384974 ; -0.00255328 ; 101.032;
20 ; 17 ; 18 ; 0.024129 ; -0.013569 ; -0.00149862 ; 101.409;
21 ; 17 ; 18 ; 0.0283443 ; 0.0161643 ; -0.00824126 ; 101.386;
4 ; 18 ; 18 ; 0.0229671 ; 0.00226876 ; 0.00624735 ; 101.567;
5 ; 18 ; 18 ; 0.0350925 ; -0.00211838 ; 0.0131617 ; 101.626;
6 ; 18 ; 18 ; 0.0413205 ; 0.00830519 ; 0.0129715 ; 101.544;
7 ; 18 ; 18 ; 0.0236718 ; 0.0158565 ; 0.00606789 ; 101.671;
8 ; 18 ; 18 ; 0.0439495 ; 0.0033862 ; 0.0122994 ; 101.394;
9 ; 18 ; 18 ; 0.0312039 ; -0.0141128 ; -0.00583189 ; 101.199;
10 ; 18 ; 18 ; 0.0201969 ; -0.0104854 ; 0.0111192 ; 101.19;
11 ; 18 ; 18 ; 0.041915 ; -0.00183667 ; 0.00262174 ; 101.365;
12 ; 18 ; 18 ; 0.0448121 ; 0.0176964 ; -0.00924941 ; 101.38;
13 ; 18 ; 18 ; 0.0521161 ; -0.00495708 ; 0.00160866 ; 101.385;
14 ; 18 ; 18 ; 0.0435256 ; -0.0103271 ; 0.0126075 ; 101.853;
15 ; 18 ; 18 ; 0.0354032 ; -0.00117955 ; 0.00189992 ; 101.257;
16 ; 18 ; 18 ; 0.0331939 ; 0.00510613 ; 0.00599576 ; 101.202;
17 ; 18 ; 18 ; 0.0273205 ; -0.000384065 ; 0.00384279 ; 101.229;
18 ; 18 ; 18 ; 0.0354202 ; 0.0104796 ; 0.00337316 ; 101.563;
19 ; 18 ; 18 ; 0.0304884 ; -0.016321 ; 0.00917472 ; 101.42;
20 ; 18 ; 18 ; 0.0214312 ; 0.0028597 ; -0.00457562 ; 101.411;
21 ; 18 ; 18 ; 0.0182135 ; 0.015386 ; 0.00118354 ; 101.491;
4 ; 19 ; 18 ; 0.0274483 ; -0.0153984 ; 0.00428093 ; 101.543;
5 ; 19 ; 18 ; 0.0360732 ; 0.00285861 ; -0.00131185 ; 101.412;
6 ; 19 ; 18 ; 0.0266837 ; -0.00672989 ; 0.00146169 ; 101.444;
7 ; 19 ; 18 ; 0.0307961 ; -0.00796611 ; -0.000496281 ; 101.187;
8 ; 19 ; 18 ; 0.0395644 ; 0.0107939 ; -0.00199592 ; 101.434;
9 ; 19 ; 18 ; 0.0332323 ; -0.00286577 ; 0.00432837 ; 101.312;
10 ; 19 ; 18 ; 0.033383 ; -0.0101956 ; 0.00990828 ; 101.521;
11 ; 19 ; 18 ; 0.0306203 ; -0.00655061 ; 0.00190892 ; 101.46;
12 ; 19 ; 18 ; 0.0268903 ; 0.00795272 ; 0.00315442 ; 101.766;
13 ; 19 ; 18 ; 0.0239716 ; -0.00280697 ; -0.00586707 ; 100.956;
14 ; 19 ; 18 ; 0.0331207 ; -0.0120311 ; 0.0110842 ; 101.724;
15 ; 19 ; 18 ; 0.0352858 ; -0.000160944 ; 0.00289291 ; 101.485;
16 ; 19 ; 18 ; 0.0348305 ; -0.00559675 ; -0.00821145 ; 100.846;
17 ; 19 ; 18 ; 0.0397997 ; -0.00389465 ; 0.00141367 ; 101.553;
18 ; 19 ; 18 ; 0.0279213 ; -0.00986001 ; -0.0138637 ; 101.291;
19 ; 19 ; 18 ; 0.0265811 ; -0.00123142 ; 0.0051856 ; 100.949;
20 ; 19 ; 18 ; 0.0297145 ; 0.00770102 ; 0.00120965 ; 101.169;
21 ; 19 ; 18 ; 0.0349519 ; -0.0128934 ; -0.00510953 ; 101.364;
4 ; 20 ; 18 ; 0.034498 ; -0.0104458 ; 0.00512016 ; 101.605;
5 ; 20 ; 18 ; 0.0342788 ; 0.00565957 ; 0.0126311 ; 101.797;
6 ; 20 ; 18 ; 0.0314922 ; 0.00846426 ; 0.00586105 ; 101.609;
7 ; 20 ; 18 ; 0.0238964 ; -0.00356559 ; -0.0032343 ; 101.677;
8 ; 20 ; 18 ; 0.0301192 ; -0.00253339 ; 0.00810141 ; 101.278;
9 ; 20 ; 18 ; 0.0353783 ; -0.0200455 ; -0.0061103 ; 101.384;
10 ; 20 ; 18 ; 0.034289 ; -0.0114549 ; 0.00241429 ; 101.388;
11 ; 20 ; 18 ; 0.0354518 ; -0.000912591 ; -0.00305644 ; 101.719;
12 ; 20 ; 18 ; 0.0449703 ; -0.00136455 ; -0.00102003 ; 101.489;
13 ; 20 ; 18 ; 0.0344302 ; -0.000249229 ; -0.00117968 ; 101.751;
14 ; 20 ; 18 ; 0.0311827 ; -0.00470486 ; 0.0012099 ; 101.705;
15 ; 20 ; 18 ; 0.0235608 ; -0.000258847 ; 0.00333345 ; 101.275;
16 ; 20 ; 18 ; 0.0385373 ; 0.000751293 ; 0.00144568 ; 101.546;
17 ; 20 ; 18 ; 0.0300134 ; 0.00960857 ; 0.00811461 ; 101.627;
18 ; 20 ; 18 ; 0.0211584 ; -0.00409846 ; 0.00427349 ; 101.795;
19 ; 20 ; 18 ; 0.037671 ; 0.00352999 ; -0.00472731 ; 101.856;
20 ; 20 ; 18 ; 0.0352183 ; 0.0020402 ; 0.00808666 ; 101.501;
21 ; 20 ; 18 ; 0.0251186 ; -0.0125665 ; -0.00447677 ; 101.458;
4 ; 21 ; 18 ; 0.0426039 ; -0.00910162 ; 0.0101339 ; 101.693;
5 ; 21 ; 18 ; 0.0279015 ; -0.00109532 ; -0.0117553 ; 101.096;
6 ; 21 ; 18 ; 0.0209869 ; 0.0154053 ; 0.00219493 ; 101.071;
7 ; 21 ; 18 ; 0.0189937 ; 0.0047907 ; -0.0101714 ; 101.595;
8 ; 21 ; 18 ; 0.0377201 ; -0.00299097 ; -0.00759787 ; 101.333;
9 ; 21 ; 18 ; 0.0328616 ; -0.0244046 ; 0.000178899 ; 101.538;
10 ; 21 ; 18 ; 0.0400167 ; -0.00131885 ; -0.00660083 ; 101.212;
11 ; 21 ; 18 ; 0.0438031 ; -0.00417378 ; 0.0171889 ; 101.768;
12 ; 21 ; 18 ; 0.032723 ; -0.00152779 ; -0.0110635 ; 101.43;
13 ; 21 ; 18 ; 0.0362783 ; 0.000803656 ; -0.0015049 ; 101.517;
14 ; 21 ; 18 ; 0.0417315 ; 0.003652 ; 0.00748004 ; 101.341;
15 ; 21 ; 18 ; 0.0282022 ; -0.00820888 ; 0.00348448 ; 101.303;
16 ; 21 ; 18 ; 0.0378379 ; 0.00732494 ; 0.00298104 ; 101.253;
17 ; 21 ; 18 ; 0.0313022 ; 0.0058412 ; 0.0104358 ; 101.31;
18 ; 21 ; 18 ; 0.035363 ; 0.00170671 ; 0.013826 ; 101.94;
19 ; 21 ; 18 ; 0.0391348 ; 0.00362129 ; -0.000149939 ; 101.493;
20 ; 21 ; 18 ; 0.0418945 ; 0.011371 ; 5.26357e-05 ; 101.382;
21 ; 21 ; 18 ; 0.033484 ; 0.00140065 ; -0.0033152 ; 101.809;
4 ; 4 ; 19 ; 0.0269122 ; -0.0105501 ; -0.0105337 ; 101.354;
5 ; 4 ; 19 ; 0.0312815 ; -0.00856433 ; 0.00763811 ; 101.548;
6 ; 4 ; 19 ; 0.020941 ; -0.000136083 ; 0.00182897 ; 101.223;
7 ; 4 ; 19 ; 0.0299108 ; 0.000109636 ; 0.0183661 ; 101.708;
8 ; 4 ; 19 ; 0.0261402 ; 0.00237849 ; 0.000296107 ; 101.31;
9 ; 4 ; 19 ; 0.0285836 ; 0.00165008 ; -0.00461937 ; 101.74;
10 ; 4 ; 19 ; 0.0122374 ; -0.00747427 ; -0.00401963 ; 101.675;
11 ; 4 ; 19 ; 0.0197771 ; -0.0140462 ; 0.00800321 ; 101.721;
12 ; 4 ; 19 ; 0.012895 ; 0.00101893 ; 0.00261822 ; 101.73;
13 ; 4 ; 19 ; 0.0310022 ; -0.00421735 ; -0.00549675 ; 101.199;
14 ; 4 ; 19 ; 0.0209253 ; 0.0101655 ; -0.00112013 ; 101.615;
15 ; 4 ; 19 ; 0.0334378 ; -0.000153363 ; -0.00302423 ; 101.728;
16 ; 4 ; 19 ; 0.0334748 ; -0.00305589 ; 0.000215839 ; 101.422;
17 ; 4 ; 19 ; 0.0252182 ; 0.00742015 ; -0.0130532 ; 101.619;
18 ; 4 ; 19 ; 0.0343344 ; -0.0154616 ; 0.00680072 ; 100.883;
19 ; 4 ; 19 ; 0.0361819 ; 0.00109308 ; 0.00200619 ; 101.882;
20 ; 4 ; 19 ; 0.0249117 ; -0.00939575 ; 0.00674916 ; 101.226;
21 ; 4 ; 19 ; 0.0154055 ; -0.00298889 ; 0.00889366 ; 101.447;
4 ; 5 ; 19 ; 0.0376065 ; -0.00142018 ; -0.00561139 ; 102.196;
5 ; 5 ; 19 ; 0.008508 ; 0.00124481 ; -0.00198989 ; 101.7;
6 ; 5 ; 19 ; 0.0198479 ; 0.0115057 ; 0.0157093 ; 101.692;
7 ; 5 ; 19 ; 0.0219663 ; 0.0140905 ; -0.00790543 ; 101.768;
8 ; 5 ; 19 ; 0.0274679 ; -0.0015819 ; -0.0109213 ; 101.487;
9 ; 5 ; 19 ; 0.0272961 ; -0.00813479 ; -0.00228091 ; 101.535;
10 ; 5 ; 19 ; 0.0314035 ; 0.000756297 ; -0.00533954 ; 101.242;
11 ; 5 ; 19 ; 0.0318103 ; -0.00487813 ; -0.00122045 ; 101.833;
12 ; 5 ; 19 ; 0.0288046 ; -0.0046809 ; -0.00592614 ; 101.911;
13 ; 5 ; 19 ; 0.0348369 ; -0.00196348 ; -0.000245009 ; 101.949;
14 ; 5 ; 19 ; 0.0317721 ; 0.0138938 ; -0.00936422 ; 101.466;
15 ; 5 ; 19 ; 0.0249496 ; -0.00491409 ; 0.00737675 ; 101.691;
16 ; 5 ; 19 ; 0.0326957 ; -0.00916236 ; 0.0174255 ; 102.018;
17 ; 5 ; 19 ; 0.018063 ; -0.00315087 ; -0.0102839 ; 101.236;
18 ; 5 ; 19 ; 0.0298897 ; 0.0102262 ; -0.00426216 ; 101.286;
19 ; 5 ; 19 ; 0.0181623 ; 0.00192051 ; -0.0120049 ; 101.615;
20 ; 5 ; 19 ; 0.0188493 ; -0.0028073 ; 0.00161945 ; 101.72;
21 ; 5 ; 19 ; 0.0367222 ; -0.00540802 ; -0.00558845 ; 101.464;
4 ; 6 ; 19 ; 0.0170898 ; 0.00429131 ; 0.0088273 ; 101;
5 ; 6 ; 19 ; 0.0158687 ; -0.00124402 ; -0.00577728 ; 101.585;
6 ; 6 ; 19 ; 0.0183149 ; 0.00786079 ; 0.0132236 ; 101.521;
7 ; 6 ; 19 ; 0.0198175 ; 0.0153119 ; 0.000988066 ; 101.407;
8 ; 6 ; 19 ; 0.0259953 ; 0.00184991 ; 0.0107842 ; 101.525;
9 ; 6 ; 19 ; 0.0202492 ; -0.00245576 ; 0.00949053 ; 101.218;
10 ; 6 ; 19 ; 0.0261214 ; 0.00743001 ; 0.0114276 ; 101.733;
11 ; 6 ; 19 ; 0.0300608 ; -0.0023645 ; 0.00641747 ; 100.88;
12 ; 6 ; 19 ; 0.0295701 ; -0.00876413 ; 0.0195589 ; 101.255;
13 ; 6 ; 19 ; 0.0292403 ; 0.00969476 ; -0.000528474 ; 101.606;
14 ; 6 ; 19 ; 0.0295859 ; -0.000493311 ; -0.00645048 ; 101.313;
15 ; 6 ; 19 ; 0.0320428 ; -0.00776377 ; -0.00435807 ; 101.645;
16 ; 6 ; 19 ; 0.0214638 ; 0.00503223 ; -0.00587608 ; 101.636;
17 ; 6 ; 19 ; 0.0275991 ; -0.00615479 ; -0.00946468 ; 101.648;
18 ; 6 ; 19 ; 0.0221035 ; 0.0165424 ; -0.015876 ; 101.512;
19 ; 6 ; 19 ; 0.0122776 ; 0.00462205 ; -0.0114612 ; 101.759;
20 ; 6 ; 19 ; 0.022344 ; 0.0095584 ; -0.00647263 ; 101.733;
21 ; 6 ; 19 ; 0.0091026 ; -0.00569908 ; -0.0134538 ; 101.375;
4 ; 7 ; 19 ; 0.0326179 ; 0.00327502 ; 0.00253206 ; 101.277;
5 ; 7 ; 19 ; 0.0151539 ; -0.0059533 ; -0.00153055 ; 101.33;
6 ; 7 ; 19 ; 0.0199147 ; -0.00682682 ; 0.00562738 ; 101.496;
7 ; 7 ; 19 ; 0.0207769 ; -0.0169802 ; 0.00241863 ; 101.77;
8 ; 7 ; 19 ; 0.0318956 ; -0.00894008 ; 0.00303498 ; 101.679;
9 ; 7 ; 19 ; 0.0295744 ; -0.00554126 ; 0.00502889 ; 101.458;
10 ; 7 ; 19 ; 0.0303738 ; -0.00883666 ; 0.00014358 ; 101.334;
11 ; 7 ; 19 ; 0.0189079 ; 0.0022002 ; 0.0028917 ; 101.813;
12 ; 7 ; 19 ; 0.0351921 ; -0.00890027 ; -0.00560714 ; 101.631;
13 ; 7 ; 19 ; 0.0271736 ; -0.00361061 ; -0.0111532 ; 101.247;
14 ; 7 ; 19 ; 0.0252085 ; -0.00584652 ; -0.00256526 ; 101.215;
15 ; 7 ; 19 ; 0.0339894 ; 0.00189643 ; 0.00800111 ; 101.277;
16 ; 7 ; 19 ; 0.0328157 ; -0.00479119 ; -0.0150181 ; 101.386;
17 ; 7 ; 19 ; 0.027028 ; -0.00533634 ; -0.00305227 ; 101.613;
18 ; 7 ; 19 ; 0.0142964 ; 0.00364169 ; -7.56795e-05 ; 101.479;
19 ; 7 ; 19 ; 0.022059 ; -0.00660314 ; -0.0101631 ; 101.487;
20 ; 7 ; 19 ; 0.0215803 ; 0.00895558 ; -0.000521072 ; 102.105;
21 ; 7 ; 19 ; 0.014966 ; 0.00208016 ; 0.0057644 ; 101.343;
4 ; 8 ; 19 ; 0.0345386 ; -0.00372433 ; 0.0217483 ; 101.375;
5 ; 8 ; 19 ; 0.00948569 ; -0.00246041 ; 0.003371 ; 101.408;
6 ; 8 ; 19 ; 0.024143 ; 0.00270511 ; 0.0101453 ; 101.458;
7 ; 8 ; 19 ; 0.0295673 ; -0.0039385 ; 0.00430512 ; 101.854;
8 ; 8 ; 19 ; 0.0259201 ; -0.00570612 ; -0.00120313 ; 101.525;
9 ; 8 ; 19 ; 0.0201375 ; 0.00535288 ; -0.00106154 ; 101.124;
10 ; 8 ; 19 ; 0.0380479 ; 0.000130211 ; -0.00787338 ; 101.313;
11 ; 8 ; 19 ; 0.0316938 ; -0.0105068 ; 0.00313152 ; 101.329;
12 ; 8 ; 19 ; 0.0324671 ; -0.00926826 ; -0.00236938 ; 101.391;
13 ; 8 ; 19 ; 0.0257912 ; 0.00540314 ; -0.00191196 ; 101.508;
14 ; 8 ; 19 ; 0.0257624 ; -0.00498011 ; -0.0170154 ; 101.597;
15 ; 8 ; 19 ; 0.0248378 ; -0.00845675 ; 0.00205662 ; 102.088;
16 ; 8 ; 19 ; 0.0171116 ; -0.0172924 ; 0.00937027 ; 101.873;
17 ; 8 ; 19 ; 0.0329005 ; 0.00917075 ; 0.00168262 ; 101.46;
18 ; 8 ; 19 ; 0.0256692 ; 0.00529221 ; 0.00219274 ; 101.967;
19 ; 8 ; 19 ; 0.0321506 ; 0.00679012 ; -0.0157395 ; 101.432;
20 ; 8 ; 19 ; 0.0251117 ; -0.00775428 ; -0.0147711 ; 101.624;
21 ; 8 ; 19 ; 0.0244225 ; 0.00357097 ; -0.0121297 ; 101.226;
4 ; 9 ; 19 ; 0.0333329 ; -0.00927027 ; 0.00985859 ; 101.263;
5 ; 9 ; 19 ; 0.0223896 ; -0.00150456 ; 0.00505537 ; 101.293;
6 ; 9 ; 19 ; 0.0105856 ; -0.000605249 ; 0.0174387 ; 101.487;
7 ; 9 ; 19 ; 0.026908 ; -0.0069699 ; 0.0155944 ; 101.278;
8 ; 9 ; 19 ; 0.0222642 ; 0.000590441 ; 0.00220611 ; 101.721;
9 ; 9 ; 19 ; 0.0242576 ; 0.0105575 ; 0.0093455 ; 101.683;
10 ; 9 ; 19 ; 0.0240738 ; -0.00860184 ; 0.00166387 ; 101.154;
11 ; 9 ; 19 ; 0.0287585 ; 0.00837716 ; 0.0125682 ; 101.835;
12 ; 9 ; 19 ; 0.0271345 ; 0.0126796 ; 0.0108332 ; 101.428;
13 ; 9 ; 19 ; 0.0278796 ; -0.00625756 ; 0.0140021 ; 101.402;
14 ; 9 ; 19 ; 0.0313313 ; 0.00348506 ; 0.00619731 ; 101.73;
15 ; 9 ; 19 ; 0.0258999 ; -0.00705178 ; 0.0107388 ; 100.981;
16 ; 9 ; 19 ; 0.0181418 ; 0.00281897 ; -0.00723122 ; 101.641;
17 ; 9 ; 19 ; 0.0239032 ; 0.0125651 ; -0.00500508 ; 101.292;
18 ; 9 ; 19 ; 0.0122877 ; 0.00506412 ; -0.00181309 ; 101.525;
19 ; 9 ; 19 ; 0.0225974 ; -0.00727654 ; -0.00629438 ; 101.719;
20 ; 9 ; 19 ; 0.0259505 ; -0.00683106 ; 0.00511842 ; 101.611;
21 ; 9 ; 19 ; 0.00867468 ; 0.00573507 ; -0.00895868 ; 101.338;
4 ; 10 ; 19 ; 0.0323526 ; 0.00190441 ; 0.00738551 ; 101.778;
5 ; 10 ; 19 ; 0.0192636 ; -0.0197767 ; 0.000970083 ; 101.193;
6 ; 10 ; 19 ; 0.0148642 ; -0.00364563 ; 0.00277854 ; 101.64;
7 ; 10 ; 19 ; 0.0299602 ; 0.013793 ; 0.0048225 ; 101.405;
8 ; 10 ; 19 ; 0.0327748 ; -0.000546377 ; -0.00561303 ; 101.213;
9 ; 10 ; 19 ; 0.0234019 ; 0.000322912 ; 0.00106325 ; 101.341;
10 ; 10 ; 19 ; 0.0222857 ; -0.00105795 ; -0.0089729 ; 101.956;
11 ; 10 ; 19 ; 0.0244025 ; -0.00829721 ; -0.00349141 ; 101.874;
12 ; 10 ; 19 ; 0.0478323 ; 0.00451811 ; 0.00657384 ; 101.872;
13 ; 10 ; 19 ; 0.0259785 ; -0.00931587 ; 0.000141388 ; 101.574;
14 ; 10 ; 19 ; 0.0284792 ; 0.00360043 ; -0.00232294 ; 101.653;
15 ; 10 ; 19 ; 0.0261419 ; -0.000624516 ; -0.0113986 ; 101.808;
16 ; 10 ; 19 ; 0.0347212 ; -0.00321282 ; 0.00357218 ; 101.514;
17 ; 10 ; 19 ; 0.0267733 ; 0.0068995 ; -0.00902694 ; 101.499;
18 ; 10 ; 19 ; 0.0223765 ; -0.00562907 ; -0.010665 ; 101.42;
19 ; 10 ; 19 ; 0.012136 ; -0.00161481 ; -0.000542551 ; 101.911;
20 ; 10 ; 19 ; 0.0226069 ; 0.00700592 ; 0.00386554 ; 100.938;
21 ; 10 ; 19 ; 0.0211566 ; -0.00854294 ; 0.00904286 ; 101.354;
4 ; 11 ; 19 ; 0.033329 ; -0.0133293 ; -0.00909377 ; 101.872;
5 ; 11 ; 19 ; 0.0255888 ; -0.00286857 ; 0.00690023 ; 101.462;
6 ; 11 ; 19 ; 0.0201033 ; 0.000137802 ; 0.0081574 ; 101.817;
7 ; 11 ; 19 ; 0.0322853 ; -0.00256387 ; -0.00407961 ; 101.802;
8 ; 11 ; 19 ; 0.0233512 ; -0.0106376 ; 0.0125335 ; 101.674;
9 ; 11 ; 19 ; 0.0186059 ; 0.00202504 ; -0.00456568 ; 101.401;
10 ; 11 ; 19 ; 0.0338427 ; -0.000170137 ; 0.0075204 ; 101.431;
11 ; 11 ; 19 ; 0.0420368 ; 0.00700634 ; 0.00789011 ; 101.848;
12 ; 11 ; 19 ; 0.0328362 ; 0.000901624 ; -0.0177931 ; 101.369;
13 ; 11 ; 19 ; 0.0325462 ; -0.0105795 ; 0.00958859 ; 101.702;
14 ; 11 ; 19 ; 0.0350259 ; 0.00610194 ; -0.000448957 ; 101.581;
15 ; 11 ; 19 ; 0.0270963 ; -0.00223602 ; 0.0040089 ; 101.34;
16 ; 11 ; 19 ; 0.0239999 ; 0.00809193 ; -0.00115571 ; 101.882;
17 ; 11 ; 19 ; 0.0253241 ; 0.00167071 ; 0.00632031 ; 101.663;
18 ; 11 ; 19 ; 0.0201826 ; -0.00502023 ; -0.00320911 ; 101.132;
19 ; 11 ; 19 ; 0.0132791 ; -0.00340279 ; -0.0152267 ; 101.403;
20 ; 11 ; 19 ; 0.0230184 ; -0.0106929 ; -0.0014406 ; 101.468;
21 ; 11 ; 19 ; 0.030245 ; -0.00388488 ; 0.00299469 ; 101.464;
4 ; 12 ; 19 ; 0.023147 ; 0.00589938 ; 0.0072845 ; 101.176;
5 ; 12 ; 19 ; 0.00453532 ; 0.00785533 ; -0.00515963 ; 101.516;
6 ; 12 ; 19 ; 0.0144279 ; 0.0127496 ; -0.0043129 ; 101.635;
7 ; 12 ; 19 ; 0.0243761 ; 0.00238933 ; 0.00108256 ; 101.619;
8 ; 12 ; 19 ; 0.0316621 ; 0.00281796 ; 0.00725129 ; 101.571;
9 ; 12 ; 19 ; 0.0331765 ; 0.00445089 ; 0.0087467 ; 101.283;
10 ; 12 ; 19 ; 0.02653 ; -0.00181023 ; -0.00116647 ; 101.939;
11 ; 12 ; 19 ; 0.0338959 ; -0.00818379 ; 0.00948048 ; 101.618;
12 ; 12 ; 19 ; 0.0210475 ; 0.00397277 ; 0.011603 ; 101.576;
13 ; 12 ; 19 ; 0.0185841 ; 0.0032796 ; -0.0100147 ; 101.094;
14 ; 12 ; 19 ; 0.0420305 ; 0.00217375 ; -4.86878e-05 ; 101.59;
15 ; 12 ; 19 ; 0.0311093 ; 0.00135329 ; -0.00717027 ; 101.479;
16 ; 12 ; 19 ; 0.0260189 ; -0.00171793 ; -0.0100631 ; 101.37;
17 ; 12 ; 19 ; 0.0277116 ; -0.00807568 ; 0.00497341 ; 100.94;
18 ; 12 ; 19 ; 0.0277344 ; 0.00153352 ; -0.0119638 ; 101.312;
19 ; 12 ; 19 ; 0.0283131 ; 0.00273141 ; -0.0106736 ; 101.263;
20 ; 12 ; 19 ; 0.021974 ; -0.00479577 ; -0.00162191 ; 101.153;
21 ; 12 ; 19 ; 0.0183065 ; -0.000394654 ; 0.00184531 ; 101.233;
4 ; 13 ; 19 ; 0.0192061 ; 0.00440828 ; 0.00445671 ; 101.299;
5 ; 13 ; 19 ; 0.0132659 ; -0.012498 ; 0.0098605 ; 101.38;
6 ; 13 ; 19 ; 0.0283541 ; -0.0003686 ; 7.95582e-05 ; 101.657;
7 ; 13 ; 19 ; 0.0251328 ; 0.00728154 ; -0.00345937 ; 101.784;
8 ; 13 ; 19 ; 0.0301321 ; -0.00349054 ; -0.00410773 ; 101.482;
9 ; 13 ; 19 ; 0.0206464 ; -0.00700189 ; 0.0035148 ; 101.377;
10 ; 13 ; 19 ; 0.0214854 ; 0.00842777 ; 0.000637679 ; 101.757;
11 ; 13 ; 19 ; 0.0193483 ; 0.00832958 ; -0.000904965 ; 101.336;
12 ; 13 ; 19 ; 0.0262457 ; -0.00456862 ; 0.00581156 ; 101.293;
13 ; 13 ; 19 ; 0.040702 ; -0.00848301 ; -0.00990675 ; 101.336;
14 ; 13 ; 19 ; 0.0312603 ; -0.000276974 ; -0.0169862 ; 101.147;
15 ; 13 ; 19 ; 0.017538 ; 0.000288282 ; -0.00815189 ; 101.723;
16 ; 13 ; 19 ; 0.0323794 ; 0.00940038 ; 0.0133859 ; 101.286;
17 ; 13 ; 19 ; 0.0168396 ; -0.00870482 ; -0.0154638 ; 101.387;
18 ; 13 ; 19 ; 0.0357737 ; -0.00687931 ; -0.0193169 ; 101.588;
19 ; 13 ; 19 ; 0.0238625 ; 0.00626579 ; -0.00610344 ; 101.096;
20 ; 13 ; 19 ; 0.00588694 ; -0.0211367 ; -0.00418876 ; 101.83;
21 ; 13 ; 19 ; 0.0150763 ; 0.00127503 ; -0.0142817 ; 101.687;
4 ; 14 ; 19 ; 0.0137124 ; -0.00361781 ; 0.0144784 ; 101.348;
5 ; 14 ; 19 ; 0.0074177 ; -0.00794504 ; 0.00824017 ; 101.558;
6 ; 14 ; 19 ; 0.0137313 ; -0.00534807 ; 0.0199426 ; 101.613;
7 ; 14 ; 19 ; 0.0208427 ; -0.00388262 ; 0.000221034 ; 101.16;
8 ; 14 ; 19 ; 0.02939 ; 0.0124911 ; 0.00462509 ; 101.332;
9 ; 14 ; 19 ; 0.0245331 ; -0.00649828 ; 0.00274732 ; 101.275;
10 ; 14 ; 19 ; 0.0209107 ; -0.00943121 ; 0.00922487 ; 101.507;
11 ; 14 ; 19 ; 0.0315316 ; 0.00165378 ; 0.00494438 ; 101.279;
12 ; 14 ; 19 ; 0.038004 ; 0.00257907 ; 0.0114873 ; 101.581;
13 ; 14 ; 19 ; 0.0296457 ; -0.00338425 ; 0.0037764 ; 101.271;
14 ; 14 ; 19 ; 0.0399159 ; 0.0223278 ; -0.00624499 ; 101.553;
15 ; 14 ; 19 ; 0.0323435 ; 0.00762466 ; 0.00385486 ; 101.458;
16 ; 14 ; 19 ; 0.0408036 ; 0.000414369 ; -0.00195396 ; 101.302;
17 ; 14 ; 19 ; 0.0227912 ; 0.00421585 ; -0.00704119 ; 101.705;
18 ; 14 ; 19 ; 0.0305812 ; -0.000234612 ; -0.00933096 ; 101.861;
19 ; 14 ; 19 ; 0.0284536 ; 0.0189985 ; 0.000444938 ; 101.315;
20 ; 14 ; 19 ; 0.0197175 ; 0.00830795 ; -0.00873679 ; 101.141;
21 ; 14 ; 19 ; 0.0262341 ; 0.00163064 ; -0.0124633 ; 101.475;
4 ; 15 ; 19 ; 0.017268 ; -0.00905604 ; -0.0117986 ; 101.455;
5 ; 15 ; 19 ; 0.013885 ; -0.00187393 ; 0.0118635 ; 101.777;
6 ; 15 ; 19 ; 0.0242992 ; -0.00356747 ; 0.00883548 ; 101.222;
7 ; 15 ; 19 ; 0.0257002 ; -0.0108373 ; 0.00241414 ; 102.063;
8 ; 15 ; 19 ; 0.0265103 ; 0.00402874 ; -0.00625438 ; 101.611;
9 ; 15 ; 19 ; 0.0219569 ; 0.00100758 ; 0.00757014 ; 101.762;
10 ; 15 ; 19 ; 0.0231774 ; -0.00332249 ; 0.00206669 ; 101.698;
11 ; 15 ; 19 ; 0.0170032 ; 0.00052757 ; 0.0163606 ; 101.748;
12 ; 15 ; 19 ; 0.0237712 ; 0.00502615 ; 8.09649e-05 ; 101.657;
13 ; 15 ; 19 ; 0.0372087 ; 0.00315923 ; -0.00469334 ; 101.401;
14 ; 15 ; 19 ; 0.0215122 ; 0.00530886 ; -0.00724568 ; 101.166;
15 ; 15 ; 19 ; 0.0370846 ; -1.51894e-05 ; 0.00428015 ; 101.1;
16 ; 15 ; 19 ; 0.0376629 ; -0.00381056 ; 0.00273886 ; 101.893;
17 ; 15 ; 19 ; 0.0272066 ; 0.000327506 ; 0.00775485 ; 101.675;
18 ; 15 ; 19 ; 0.0355813 ; -0.0105917 ; 0.000580337 ; 101.716;
19 ; 15 ; 19 ; 0.0241592 ; -0.00782698 ; -0.00775485 ; 101.86;
20 ; 15 ; 19 ; 0.0119638 ; -0.00278705 ; -0.00888797 ; 101.629;
21 ; 15 ; 19 ; 0.0182783 ; -0.00722446 ; -0.000714925 ; 101.755;
4 ; 16 ; 19 ; 0.00969905 ; 0.0113737 ; -0.00846617 ; 100.889;
5 ; 16 ; 19 ; 0.0231693 ; -0.00348632 ; -0.00302676 ; 101.161;
6 ; 16 ; 19 ; 0.0340885 ; 0.00338253 ; 0.00343619 ; 101.59;
7 ; 16 ; 19 ; 0.0166868 ; -0.00973055 ; 0.00483288 ; 101.305;
8 ; 16 ; 19 ; 0.0172264 ; 0.00256765 ; -0.00194813 ; 101.512;
9 ; 16 ; 19 ; 0.0368732 ; 0.000771889 ; 0.0104431 ; 101.495;
10 ; 16 ; 19 ; 0.0220315 ; -0.0117487 ; 0.0151766 ; 101.316;
11 ; 16 ; 19 ; 0.0257195 ; 1.61537e-06 ; 0.000376326 ; 101.495;
12 ; 16 ; 19 ; 0.0137635 ; 0.0104516 ; 0.00199919 ; 101.831;
13 ; 16 ; 19 ; 0.0137591 ; 0.00961245 ; -0.000156563 ; 101.634;
14 ; 16 ; 19 ; 0.029493 ; 3.41182e-05 ; 0.00317244 ; 101.821;
15 ; 16 ; 19 ; 0.0209949 ; -0.00726718 ; 0.00224282 ; 101.39;
16 ; 16 ; 19 ; 0.0374287 ; -0.00141876 ; 0.000722274 ; 101.016;
17 ; 16 ; 19 ; 0.0310791 ; 0.00151305 ; -0.00434995 ; 101.557;
18 ; 16 ; 19 ; 0.0366329 ; 0.000590787 ; 0.00620576 ; 101.586;
19 ; 16 ; 19 ; 0.0254233 ; -0.00650232 ; -0.000927965 ; 101.56;
20 ; 16 ; 19 ; 0.0236145 ; -4.12792e-05 ; 0.00223171 ; 101.959;
21 ; 16 ; 19 ; 0.0234944 ; -0.00233315 ; -0.00592809 ; 101.603;
4 ; 17 ; 19 ; 0.0197691 ; 0.00718223 ; 0.0172975 ; 101.583;
5 ; 17 ; 19 ; 0.0177597 ; -0.00565062 ; 0.00247404 ; 101.89;
6 ; 17 ; 19 ; 0.0249616 ; 0.00490807 ; 0.0121205 ; 101.044;
7 ; 17 ; 19 ; 0.0254777 ; 0.00477638 ; 0.00166325 ; 101.545;
8 ; 17 ; 19 ; 0.0300515 ; -0.00105606 ; 0.00636645 ; 101.286;
9 ; 17 ; 19 ; 0.0320822 ; -0.00248704 ; 0.00100669 ; 101.894;
10 ; 17 ; 19 ; 0.0255661 ; -0.000996324 ; -0.0128071 ; 101.496;
11 ; 17 ; 19 ; 0.0302034 ; -0.00279243 ; -0.00860991 ; 101.214;
12 ; 17 ; 19 ; 0.0241673 ; 0.0069989 ; -0.000163626 ; 101.78;
13 ; 17 ; 19 ; 0.020294 ; -0.00514688 ; -0.00621797 ; 101.404;
14 ; 17 ; 19 ; 0.0350115 ; -0.00667119 ; -0.0123433 ; 101.907;
15 ; 17 ; 19 ; 0.0277677 ; -0.00539629 ; 0.00870362 ; 101.222;
16 ; 17 ; 19 ; 0.0291535 ; -0.00655313 ; 0.000397721 ; 101.433;
17 ; 17 ; 19 ; 0.0293154 ; 0.00159869 ; -0.0110645 ; 101.955;
18 ; 17 ; 19 ; 0.0281085 ; -0.00165769 ; -0.00730292 ; 102.047;
19 ; 17 ; 19 ; 0.0132807 ; 0.000973476 ; -0.00260838 ; 101.584;
20 ; 17 ; 19 ; 0.0202752 ; -0.00489305 ; 0.00168511 ; 101.415;
21 ; 17 ; 19 ; 0.0147674 ; 0.000180292 ; -0.0162792 ; 101.444;
4 ; 18 ; 19 ; 0.0236789 ; 0.00784564 ; 0.00434631 ; 101.285;
5 ; 18 ; 19 ; 0.0202008 ; 0.00643584 ; 0.000263379 ; 101.873;
6 ; 18 ; 19 ; 0.0123402 ; -0.00430738 ; 0.0141942 ; 101.129;
7 ; 18 ; 19 ; 0.0299225 ; 0.00215387 ; 0.0079255 ; 101.761;
8 ; 18 ; 19 ; 0.0276351 ; -0.005511 ; 0.0127679 ; 101.698;
9 ; 18 ; 19 ; 0.0405508 ; 0.00166255 ; -0.0154026 ; 101.61;
10 ; 18 ; 19 ; 0.0331239 ; 0.000502835 ; -0.00398121 ; 101.982;
11 ; 18 ; 19 ; 0.0271133 ; -0.00708552 ; -0.0126581 ; 102.099;
12 ; 18 ; 19 ; 0.028636 ; 0.0119076 ; -0.000680127 ; 101.748;
13 ; 18 ; 19 ; 0.0339953 ; 0.00296421 ; 0.000795946 ; 101.4;
14 ; 18 ; 19 ; 0.0292722 ; 9.32231e-05 ; -0.000641677 ; 101.32;
15 ; 18 ; 19 ; 0.0312683 ; -0.000451492 ; -0.0102608 ; 101.486;
16 ; 18 ; 19 ; 0.0286038 ; 0.00453107 ; -0.000474714 ; 101.432;
17 ; 18 ; 19 ; 0.0298735 ; 0.00807261 ; 0.00900715 ; 101.949;
18 ; 18 ; 19 ; 0.0204739 ; 0.0033976 ; -0.00703961 ; 101.341;
19 ; 18 ; 19 ; 0.0309081 ; -0.0060148 ; -0.00430791 ; 101.478;
20 ; 18 ; 19 ; 0.0241173 ; 0.00479079 ; -0.0102151 ; 101.359;
21 ; 18 ; 19 ; 0.0146722 ; 0.0124234 ; 0.00269699 ; 101.486;
4 ; 19 ; 19 ; 0.0240574 ; -0.000223668 ; 0.00945105 ; 101.528;
5 ; 19 ; 19 ; 0.0238297 ; 0.00391915 ; 0.00108936 ; 101.359;
6 ; 19 ; 19 ; 0.000767616 ; 0.0100525 ; -0.00267991 ; 101.926;
7 ; 19 ; 19 ; 0.0153224 ; 0.00266386 ; 0.00435292 ; 101.491;
8 ; 19 ; 19 ; 0.0213197 ; 0.00490758 ; -0.00564304 ; 101.361;
9 ; 19 ; 19 ; 0.0127043 ; 0.00538157 ; 0.00917751 ; 100.725;
10 ; 19 ; 19 ; 0.0252528 ; -0.00578654 ; 0.00143278 ; 101.325;
11 ; 19 ; 19 ; 0.0313822 ; -0.00403269 ; 0.00213182 ; 101.401;
12 ; 19 ; 19 ; 0.0232904 ; 0.00603192 ; -0.00472169 ; 101.618;
13 ; 19 ; 19 ; 0.0265852 ; 0.00829365 ; -0.00665815 ; 101.55;
14 ; 19 ; 19 ; 0.0112695 ; -0.00260933 ; -0.00200412 ; 101.819;
15 ; 19 ; 19 ; 0.020937 ; -0.00356024 ; 0.00638927 ; 101.485;
16 ; 19 ; 19 ; 0.0286276 ; 0.00107315 ; -0.00478142 ; 101.367;
17 ; 19 ; 19 ; 0.0343004 ; -0.00176199 ; 0.00274661 ; 101.375;
18 ; 19 ; 19 ; 0.03327 ; 0.00650876 ; -0.0139054 ; 101.557;
19 ; 19 ; 19 ; 0.0133136 ; -0.00521247 ; -0.0161634 ; 101.45;
20 ; 19 ; 19 ; 0.0240272 ; 0.00463448 ; -0.00884741 ; 101.686;
21 ; 19 ; 19 ; 0.0275516 ; -0.0124785 ; -9.49355e-05 ; 101.025;
4 ; 20 ; 19 ; 0.0275006 ; -0.00553296 ; -0.00890725 ; 101.408;
5 ; 20 ; 19 ; 0.0198973 ; -0.00948531 ; -0.00510455 ; 101.311;
6 ; 20 ; 19 ; 0.0186044 ; 0.0070477 ; -0.00592464 ; 102.039;
7 ; 20 ; 19 ; 0.0327386 ; -0.00217008 ; 0.000350346 ; 101.661;
8 ; 20 ; 19 ; 0.0243191 ; 0.00610077 ; 0.0197443 ; 101.648;
9 ; 20 ; 19 ; 0.0264427 ; -0.00150394 ; -0.00236597 ; 101.495;
10 ; 20 ; 19 ; 0.0106707 ; -0.00534544 ; 0.00751271 ; 101.683;
11 ; 20 ; 19 ; 0.0174441 ; 0.000330072 ; 0.0020112 ; 101.629;
12 ; 20 ; 19 ; 0.0259135 ; 0.00900925 ; 0.00653796 ; 101.457;
13 ; 20 ; 19 ; 0.02408 ; 0.00273607 ; -0.0048148 ; 101.562;
14 ; 20 ; 19 ; 0.0315902 ; 0.00785257 ; 0.00586872 ; 101.201;
15 ; 20 ; 19 ; 0.0178385 ; 0.00546097 ; 0.00781976 ; 101.822;
16 ; 20 ; 19 ; 0.017943 ; -0.00776411 ; 0.0127792 ; 101.603;
17 ; 20 ; 19 ; 0.0240623 ; -0.010319 ; -0.00669135 ; 101.016;
18 ; 20 ; 19 ; 0.0231298 ; 0.005295 ; -0.00075242 ; 101.316;
19 ; 20 ; 19 ; 0.00687991 ; -0.000407359 ; 0.00435692 ; 101.655;
20 ; 20 ; 19 ; 0.010692 ; -0.00895974 ; 0.00223018 ; 102;
21 ; 20 ; 19 ; 0.0183598 ; -0.00734867 ; 0.000163803 ; 101.381;
4 ; 21 ; 19 ; 0.0253122 ; -0.00308553 ; 0.0047224 ; 101.787;
5 ; 21 ; 19 ; 0.0278583 ; 0.00447571 ; 0.0111072 ; 100.815;
6 ; 21 ; 19 ; 0.0240971 ; -0.0071967 ; 0.00198839 ; 101.577;
7 ; 21 ; 19 ; 0.016678 ; -0.00272909 ; 0.0101017 ; 101.018;
8 ; 21 ; 19 ; 0.0316529 ; 0.00401659 ; -0.00831477 ; 101.233;
9 ; 21 ; 19 ; 0.0187452 ; -0.0041828 ; 0.00480475 ; 101.421;
10 ; 21 ; 19 ; 0.0284692 ; 0.00141 ; 0.00463192 ; 101.702;
11 ; 21 ; 19 ; 0.0167459 ; 0.0070024 ; 0.00244393 ; 101.638;
12 ; 21 ; 19 ; 0.021967 ; 0.000597895 ; 0.00302059 ; 101.199;
13 ; 21 ; 19 ; 0.0207246 ; 0.00353005 ; -0.0112032 ; 101.237;
14 ; 21 ; 19 ; 0.0229806 ; -0.0183006 ; 0.00355429 ; 101.49;
15 ; 21 ; 19 ; 0.0154585 ; 0.000446424 ; 0.00757454 ; 101.908;
16 ; 21 ; 19 ; 0.0152095 ; -0.00475278 ; -0.00317451 ; 101.841;
17 ; 21 ; 19 ; 0.0207238 ; -0.00458385 ; -0.00123042 ; 101.906;
18 ; 21 ; 19 ; 0.0248405 ; 0.00876276 ; 0.0103078 ; 101.982;
19 ; 21 ; 19 ; 0.0350426 ; 0.010113 ; -0.00754032 ; 101.505;
20 ; 21 ; 19 ; 0.0270408 ; -0.00307249 ; -0.0116626 ; 101.956;
21 ; 21 ; 19 ; 0.0161525 ; 0.0067023 ; -0.00255206 ; 101.398;
4 ; 4 ; 20 ; 0.0151129 ; -0.00963503 ; -0.00716946 ; 101.195;
5 ; 4 ; 20 ; 0.024922 ; -0.00850837 ; -0.000241786 ; 101.341;
6 ; 4 ; 20 ; 0.0337167 ; -0.00491867 ; -0.00836939 ; 102.055;
7 ; 4 ; 20 ; 0.0198997 ; -0.00312947 ; -0.00382611 ; 100.962;
8 ; 4 ; 20 ; 0.0138508 ; -0.00380203 ; -0.00191472 ; 101.632;
9 ; 4 ; 20 ; 0.0096349 ; -0.0107583 ; -0.00374298 ; 101.619;
10 ; 4 ; 20 ; 0.00663391 ; -0.00346049 ; -0.000751747 ; 101.55;
11 ; 4 ; 20 ; -0.00379222 ; -0.00514796 ; -0.00386192 ; 101.749;
12 ; 4 ; 20 ; 0.0221098 ; -0.011743 ; 0.00284973 ; 102.171;
13 ; 4 ; 20 ; 0.0214228 ; 0.0133112 ; 0.00254096 ; 101.336;
14 ; 4 ; 20 ; 0.0158043 ; -0.00304825 ; 0.000147864 ; 101.094;
15 ; 4 ; 20 ; 0.0202354 ; -0.000910683 ; -0.00578848 ; 101.671;
16 ; 4 ; 20 ; 0.00846266 ; 0.00025129 ; 0.000771369 ; 101.461;
17 ; 4 ; 20 ; 0.019387 ; 0.00241918 ; -0.00489892 ; 101.402;
18 ; 4 ; 20 ; 0.0160241 ; 0.00847013 ; -0.0102787 ; 101.645;
19 ; 4 ; 20 ; 0.0186115 ; 0.00228577 ; -0.0196183 ; 101.867;
20 ; 4 ; 20 ; 0.0124382 ; 0.00468903 ; -0.00526505 ; 101.772;
21 ; 4 ; 20 ; 0.00751071 ; -0.002361 ; 0.00451751 ; 101.354;
4 ; 5 ; 20 ; 0.0257734 ; -0.00965268 ; -0.0015554 ; 101.096;
5 ; 5 ; 20 ; 0.000890147 ; 0.00215106 ; 0.0143661 ; 100.947;
6 ; 5 ; 20 ; 0.00993806 ; 0.00289326 ; 0.00708616 ; 101.419;
7 ; 5 ; 20 ; 0.0249776 ; 0.00434498 ; 0.00209725 ; 101.76;
8 ; 5 ; 20 ; 0.00847771 ; -0.00413415 ; 0.00489079 ; 101.63;
9 ; 5 ; 20 ; 0.0232987 ; -0.0119294 ; 0.000479699 ; 101.474;
10 ; 5 ; 20 ; 0.0226387 ; 0.00708742 ; -0.000554769 ; 101.628;
11 ; 5 ; 20 ; 0.026791 ; -0.0122133 ; 0.0049415 ; 101.103;
12 ; 5 ; 20 ; 0.0256548 ; 3.8254e-05 ; -0.0136612 ; 101.487;
13 ; 5 ; 20 ; 0.0161082 ; -0.00504783 ; 0.000653811 ; 101.341;
14 ; 5 ; 20 ; 0.0194208 ; -0.00554718 ; 0.000301933 ; 101.584;
15 ; 5 ; 20 ; 0.0217152 ; -8.9194e-05 ; 0.00817974 ; 101.414;
16 ; 5 ; 20 ; 0.022547 ; 0.00349713 ; 0.00425927 ; 101.675;
17 ; 5 ; 20 ; 0.0278269 ; -0.00887605 ; 0.0101877 ; 101.514;
18 ; 5 ; 20 ; 0.0232572 ; 0.00517249 ; -0.00289288 ; 101.17;
19 ; 5 ; 20 ; 0.0236791 ; -0.00103745 ; 0.00932485 ; 101.242;
20 ; 5 ; 20 ; 0.00474195 ; 0.00252914 ; -0.0064778 ; 101.831;
21 ; 5 ; 20 ; 0.0220168 ; 0.0111187 ; -0.000594912 ; 101.402;
4 ; 6 ; 20 ; 0.0230469 ; 0.00529732 ; -0.00170214 ; 101.545;
5 ; 6 ; 20 ; 0.0188005 ; 0.00181422 ; 0.00314028 ; 101.766;
6 ; 6 ; 20 ; 0.0166333 ; 0.0132951 ; 0.0110691 ; 100.898;
7 ; 6 ; 20 ; 0.0187287 ; -0.000415514 ; 0.00347779 ; 101.46;
8 ; 6 ; 20 ; 0.022641 ; -1.35654e-05 ; 0.00537412 ; 101.621;
9 ; 6 ; 20 ; 0.0184616 ; 0.00168556 ; 0.0077693 ; 101.644;
10 ; 6 ; 20 ; 0.0227366 ; 0.00239453 ; 0.000997335 ; 101.877;
11 ; 6 ; 20 ; 0.0316418 ; -0.00830208 ; 0.00499131 ; 101.453;
12 ; 6 ; 20 ; 0.0133051 ; -0.00187851 ; -0.0075198 ; 101.277;
13 ; 6 ; 20 ; 0.0236629 ; 0.0163537 ; -0.00314672 ; 101.21;
14 ; 6 ; 20 ; 0.00971763 ; 0.0117189 ; -0.0098494 ; 101.54;
15 ; 6 ; 20 ; 0.0236448 ; -0.00635579 ; -0.00176707 ; 102.107;
16 ; 6 ; 20 ; 0.0301388 ; 0.00138872 ; 0.00390201 ; 101.4;
17 ; 6 ; 20 ; 0.0198624 ; -0.00728453 ; -0.00444378 ; 101.355;
18 ; 6 ; 20 ; 0.0068918 ; 0.0126171 ; 0.00402306 ; 101.335;
19 ; 6 ; 20 ; 0.0249219 ; -0.00854749 ; -0.0084118 ; 101.87;
20 ; 6 ; 20 ; 0.0191376 ; -0.00901343 ; -0.00378759 ; 101.351;
21 ; 6 ; 20 ; 0.0106823 ; -0.0176427 ; -0.0061903 ; 101.151;
4 ; 7 ; 20 ; 0.0165166 ; -0.0021827 ; -0.00324667 ; 101.36;
5 ; 7 ; 20 ; 0.0172323 ; -0.0140137 ; 0.00814468 ; 101.052;
6 ; 7 ; 20 ; 0.0177365 ; -0.00276089 ; 0.00394405 ; 101.105;
7 ; 7 ; 20 ; 0.0137899 ; -0.00497466 ; 0.000613969 ; 101.781;
8 ; 7 ; 20 ; 0.0192015 ; -0.00564839 ; -0.00678185 ; 101.395;
9 ; 7 ; 20 ; 0.0112038 ; -0.00957198 ; 0.00588205 ; 100.929;
10 ; 7 ; 20 ; 0.0220479 ; -0.00232716 ; 0.00169906 ; 101.597;
11 ; 7 ; 20 ; 0.0263863 ; -0.00903423 ; -0.000349467 ; 101.285;
12 ; 7 ; 20 ; 0.0157163 ; -0.00932993 ; -0.0072941 ; 101.082;
13 ; 7 ; 20 ; 0.0190826 ; -0.00869798 ; 0.00293738 ; 101.588;
14 ; 7 ; 20 ; 0.0288917 ; 0.00289023 ; -0.00611415 ; 101.452;
15 ; 7 ; 20 ; 0.0275932 ; 0.00314316 ; 0.00773561 ; 101.507;
16 ; 7 ; 20 ; 0.0339345 ; -0.00893617 ; 0.00648737 ; 101.446;
17 ; 7 ; 20 ; 0.0267058 ; 0.00302487 ; 0.00111979 ; 101.45;
18 ; 7 ; 20 ; 0.0228987 ; 0.00500217 ; -0.000986627 ; 101.131;
19 ; 7 ; 20 ; 0.0310461 ; 0.00361861 ; -0.00648354 ; 101.424;
20 ; 7 ; 20 ; 0.0128667 ; 0.00611579 ; -0.00988572 ; 101.182;
21 ; 7 ; 20 ; 0.015051 ; -0.0122715 ; -0.0136165 ; 101.293;
4 ; 8 ; 20 ; 0.0171776 ; -0.0112039 ; 0.00809085 ; 101.265;
5 ; 8 ; 20 ; 0.0160496 ; -0.00927718 ; 0.00965634 ; 101.936;
6 ; 8 ; 20 ; 0.018532 ; 0.00641364 ; -0.00432605 ; 101.87;
7 ; 8 ; 20 ; 0.0203302 ; 0.00473074 ; -0.00540759 ; 101.959;
8 ; 8 ; 20 ; 0.0281545 ; 0.00399082 ; -0.00408003 ; 100.85;
9 ; 8 ; 20 ; 0.022403 ; -0.00291281 ; -0.00196812 ; 101.659;
10 ; 8 ; 20 ; 0.024721 ; -0.00686189 ; 0.00653311 ; 101.723;
11 ; 8 ; 20 ; 0.0251323 ; -0.00206609 ; -0.0105927 ; 101.499;
12 ; 8 ; 20 ; 0.0383523 ; 0.00908696 ; -0.00373566 ; 101.523;
13 ; 8 ; 20 ; 0.0268704 ; 0.0127894 ; 0.00654917 ; 101.399;
14 ; 8 ; 20 ; 0.0221953 ; 0.00228639 ; -0.000352032 ; 101.435;
15 ; 8 ; 20 ; 0.0340512 ; -0.0042876 ; -0.0154346 ; 101.162;
16 ; 8 ; 20 ; 0.0240642 ; -0.00374536 ; 0.00391848 ; 101.352;
17 ; 8 ; 20 ; 0.0143808 ; -0.00361387 ; 0.000962131 ; 101.624;
18 ; 8 ; 20 ; 0.0103207 ; 0.00143821 ; 0.00304263 ; 101.628;
19 ; 8 ; 20 ; 0.0238303 ; 0.0074428 ; 0.00424702 ; 101.558;
20 ; 8 ; 20 ; 0.0284933 ; 0.00456517 ; -0.00347942 ; 101.743;
21 ; 8 ; 20 ; 0.0305873 ; -0.00609788 ; -0.00430412 ; 101.711;
4 ; 9 ; 20 ; 0.0248177 ; 0.00205569 ; 0.0119271 ; 101.41;
5 ; 9 ; 20 ; 0.0105772 ; -0.000587473 ; 0.00873142 ; 101.294;
6 ; 9 ; 20 ; 0.0143944 ; -0.00505166 ; 0.00665648 ; 101.31;
7 ; 9 ; 20 ; 0.0259093 ; 0.00145597 ; 0.0049322 ; 101.203;
8 ; 9 ; 20 ; 0.0247904 ; 0.00777596 ; 0.0122676 ; 101.426;
9 ; 9 ; 20 ; 0.0333538 ; 0.00126527 ; 0.00200545 ; 101.82;
10 ; 9 ; 20 ; 0.0150289 ; -0.00302617 ; 0.00342791 ; 101.804;
11 ; 9 ; 20 ; 0.0338515 ; 0.00997138 ; 0.0137995 ; 101.901;
12 ; 9 ; 20 ; 0.0248528 ; 0.00334111 ; -0.00418957 ; 101.619;
13 ; 9 ; 20 ; 0.0334883 ; -0.0076035 ; 0.00125411 ; 101.572;
14 ; 9 ; 20 ; 0.0280412 ; -0.00419896 ; -0.00145372 ; 101.809;
15 ; 9 ; 20 ; 0.0304653 ; 0.00666195 ; -0.0103904 ; 102.107;
16 ; 9 ; 20 ; 0.0393284 ; 0.01142 ; -0.00348059 ; 100.868;
17 ; 9 ; 20 ; 0.0236598 ; 0.00077782 ; -0.00338262 ; 102.059;
18 ; 9 ; 20 ; 0.0139372 ; -0.0011949 ; -0.00578404 ; 101.425;
19 ; 9 ; 20 ; 0.0130082 ; -0.00815084 ; -0.00669946 ; 101.411;
20 ; 9 ; 20 ; 0.0245015 ; -0.00423333 ; -0.00623767 ; 101.93;
21 ; 9 ; 20 ; 0.0196311 ; 0.0048084 ; -0.0187697 ; 101.343;
4 ; 10 ; 20 ; 0.0346406 ; 0.00367707 ; 0.00172493 ; 101.435;
5 ; 10 ; 20 ; 0.0171728 ; 0.00531314 ; 0.0147289 ; 101.572;
6 ; 10 ; 20 ; 0.0160934 ; -0.0122529 ; -0.00592789 ; 101.803;
7 ; 10 ; 20 ; 0.0325615 ; 0.0080124 ; 0.00918156 ; 101.553;
8 ; 10 ; 20 ; 0.0344771 ; 0.00412073 ; -0.00481936 ; 101.696;
9 ; 10 ; 20 ; 0.0144908 ; -0.00570458 ; 0.00343111 ; 101.097;
10 ; 10 ; 20 ; 0.0203458 ; -0.00151902 ; -0.0102659 ; 101.611;
11 ; 10 ; 20 ; 0.0239342 ; 0.000257182 ; -0.0086793 ; 101.191;
12 ; 10 ; 20 ; 0.026487 ; -0.000941894 ; -0.00310657 ; 101.378;
13 ; 10 ; 20 ; 0.0304352 ; -0.00580595 ; -0.0186913 ; 101.407;
14 ; 10 ; 20 ; 0.00973985 ; -0.00255349 ; 6.90451e-05 ; 101.206;
15 ; 10 ; 20 ; 0.0254957 ; -0.0133502 ; -0.0166798 ; 101.336;
16 ; 10 ; 20 ; 0.0384964 ; 0.00175982 ; 0.00101741 ; 101.383;
17 ; 10 ; 20 ; 0.0199826 ; -0.00226948 ; 0.0159331 ; 101.495;
18 ; 10 ; 20 ; 0.0255494 ; 0.00854641 ; -0.0092264 ; 101.671;
19 ; 10 ; 20 ; 0.0276255 ; 0.000625543 ; -0.00317685 ; 101.141;
20 ; 10 ; 20 ; 0.0327475 ; 0.0099022 ; 0.00527638 ; 101.684;
21 ; 10 ; 20 ; 0.0120587 ; -0.00243821 ; -0.00377738 ; 102.023;
4 ; 11 ; 20 ; 0.0173148 ; 0.00269444 ; 0.00240359 ; 101.309;
5 ; 11 ; 20 ; 0.0102931 ; -0.00242681 ; -0.00405649 ; 101.44;
6 ; 11 ; 20 ; 0.0196402 ; 0.0070934 ; -0.00327747 ; 101.608;
7 ; 11 ; 20 ; 0.0145043 ; -0.000231194 ; 0.000704089 ; 101.513;
8 ; 11 ; 20 ; 0.022302 ; -0.00310032 ; -0.0061093 ; 101.622;
9 ; 11 ; 20 ; 0.0288704 ; 0.010239 ; 0.0201395 ; 101.177;
10 ; 11 ; 20 ; 0.0212739 ; -0.000255175 ; -0.000640792 ; 101.774;
11 ; 11 ; 20 ; 0.0249563 ; -0.00140143 ; 0.00146208 ; 101.735;
12 ; 11 ; 20 ; 0.0376953 ; 0.00309078 ; -0.00523116 ; 101.437;
13 ; 11 ; 20 ; 0.0319966 ; 0.00181464 ; 0.0124432 ; 101.282;
14 ; 11 ; 20 ; 0.0342784 ; -0.000557187 ; -0.00690278 ; 101.87;
15 ; 11 ; 20 ; 0.0214193 ; -0.00620076 ; -0.00617318 ; 101.346;
16 ; 11 ; 20 ; 0.0267838 ; -0.00567408 ; -0.00592998 ; 101.896;
17 ; 11 ; 20 ; 0.0250722 ; -0.00776966 ; 0.000257249 ; 101.05;
18 ; 11 ; 20 ; 0.022522 ; 0.00222354 ; -0.0115563 ; 101.571;
19 ; 11 ; 20 ; 0.0200173 ; 0.0068951 ; -0.0132276 ; 101.714;
20 ; 11 ; 20 ; 0.00883874 ; 0.0117444 ; -0.00745124 ; 101.269;
21 ; 11 ; 20 ; 0.00687291 ; 0.00334479 ; -0.0120234 ; 101.608;
4 ; 12 ; 20 ; 0.013593 ; -0.00478338 ; 0.0059491 ; 101.438;
5 ; 12 ; 20 ; 0.0155786 ; -0.0101722 ; 0.00338771 ; 101.206;
6 ; 12 ; 20 ; 0.0198198 ; 0.00481307 ; 0.00539059 ; 101.717;
7 ; 12 ; 20 ; 0.0293836 ; 0.00534449 ; 0.0183189 ; 101.34;
8 ; 12 ; 20 ; 0.0353479 ; -0.00320557 ; -0.00609042 ; 101.512;
9 ; 12 ; 20 ; 0.0342911 ; 0.00589794 ; 0.0106636 ; 101.541;
10 ; 12 ; 20 ; 0.0267826 ; -0.00481146 ; 0.00071543 ; 101.128;
11 ; 12 ; 20 ; 0.0218903 ; 0.0076662 ; -0.0116211 ; 101.824;
12 ; 12 ; 20 ; 0.0126452 ; -0.00498166 ; -0.00202783 ; 101.675;
13 ; 12 ; 20 ; 0.0294973 ; -0.000487701 ; -0.00896443 ; 101.37;
14 ; 12 ; 20 ; 0.0335254 ; 0.00190436 ; -0.0152881 ; 101.442;
15 ; 12 ; 20 ; 0.0347715 ; 0.00146222 ; -0.0162555 ; 101.711;
16 ; 12 ; 20 ; 0.0253495 ; 0.00548362 ; -0.00228574 ; 101.135;
17 ; 12 ; 20 ; 0.021931 ; 0.00875621 ; 0.00413906 ; 101.4;
18 ; 12 ; 20 ; 0.0206633 ; -0.00534678 ; 0.0110038 ; 101.669;
19 ; 12 ; 20 ; 0.0167415 ; -0.00245087 ; -0.000704552 ; 101.295;
20 ; 12 ; 20 ; 0.0141624 ; 0.0105595 ; -0.00662333 ; 101.831;
21 ; 12 ; 20 ; 0.0177483 ; 0.0163978 ; -0.0116258 ; 101.799;
4 ; 13 ; 20 ; 0.0137268 ; -0.00274808 ; 0.0118996 ; 101.319;
5 ; 13 ; 20 ; 0.0217487 ; -0.00342873 ; 0.00922036 ; 101.252;
6 ; 13 ; 20 ; 0.00721831 ; 0.0058574 ; -0.000627703 ; 101.702;
7 ; 13 ; 20 ; 0.0201175 ; 0.0174146 ; 0.00659013 ; 101.558;
8 ; 13 ; 20 ; 0.0275379 ; 0.00118159 ; 0.00223343 ; 101.533;
9 ; 13 ; 20 ; 0.0252954 ; 0.00235717 ; 0.0146341 ; 101.228;
10 ; 13 ; 20 ; 0.0226792 ; -0.00165837 ; 0.0113611 ; 101.301;
11 ; 13 ; 20 ; 0.0109331 ; -0.000427145 ; 0.000272295 ; 101.511;
12 ; 13 ; 20 ; 0.0276489 ; -0.00508244 ; 0.00885664 ; 100.896;
13 ; 13 ; 20 ; 0.0270847 ; 0.00387575 ; -0.000120206 ; 101.133;
14 ; 13 ; 20 ; 0.0298334 ; -0.0047282 ; 0.000873021 ; 100.907;
15 ; 13 ; 20 ; 0.02046 ; -0.00097754 ; -0.0108889 ; 101.572;
16 ; 13 ; 20 ; 0.0284872 ; 0.00306826 ; -0.00602115 ; 101.656;
17 ; 13 ; 20 ; 0.023757 ; 0.000577466 ; 0.00361701 ; 101.262;
18 ; 13 ; 20 ; 0.0187436 ; 0.00193107 ; -0.0104791 ; 101.881;
19 ; 13 ; 20 ; 0.0265822 ; -0.0059697 ; -0.000205285 ; 101.547;
20 ; 13 ; 20 ; 0.00178199 ; -0.00166958 ; -0.000888343 ; 101.899;
21 ; 13 ; 20 ; 0.00460548 ; 0.00534131 ; -0.00715913 ; 101.38;
4 ; 14 ; 20 ; 0.0256013 ; -0.00653608 ; 0.0123661 ; 101.324;
5 ; 14 ; 20 ; 0.0206519 ; -0.0021661 ; 0.00399871 ; 101.064;
6 ; 14 ; 20 ; 0.0161254 ; 0.0166509 ; 0.0133887 ; 101.284;
7 ; 14 ; 20 ; 0.0166199 ; -0.00170894 ; 0.0107931 ; 101.562;
8 ; 14 ; 20 ; 0.00491122 ; -0.00612558 ; 0.0142758 ; 102.008;
9 ; 14 ; 20 ; 0.0281009 ; -0.00657037 ; 0.00653041 ; 101.342;
10 ; 14 ; 20 ; 0.0179572 ; 0.000247856 ; 0.00115278 ; 101.05;
11 ; 14 ; 20 ; 0.0174138 ; 0.00614304 ; 0.0248317 ; 101.344;
12 ; 14 ; 20 ; 0.024505 ; -0.000472411 ; 0.00160996 ; 101.083;
13 ; 14 ; 20 ; 0.0437319 ; 0.00278404 ; 0.0155224 ; 101.838;
14 ; 14 ; 20 ; 0.0316934 ; -0.00536944 ; 0.00460584 ; 101.909;
15 ; 14 ; 20 ; 0.0233683 ; -0.0143129 ; -0.0129829 ; 101.64;
16 ; 14 ; 20 ; 0.031122 ; 0.014935 ; -0.00377948 ; 101.645;
17 ; 14 ; 20 ; 0.024569 ; -0.00236009 ; -0.00274237 ; 101.257;
18 ; 14 ; 20 ; 0.0225709 ; 0.000364967 ; -0.011879 ; 101.641;
19 ; 14 ; 20 ; 0.01658 ; 0.00852854 ; -0.00641446 ; 101.238;
20 ; 14 ; 20 ; 0.00763395 ; 0.00550792 ; 0.00601664 ; 101.225;
21 ; 14 ; 20 ; 0.0109548 ; -0.00094897 ; -0.00418012 ; 101.621;
4 ; 15 ; 20 ; 0.0159605 ; 0.00182941 ; 0.000763271 ; 101.728;
5 ; 15 ; 20 ; 0.0115935 ; -0.00103476 ; 0.00616992 ; 101.44;
6 ; 15 ; 20 ; 0.0166721 ; -0.0015806 ; 0.017002 ; 101.95;
7 ; 15 ; 20 ; 0.0246471 ; 0.000157308 ; 0.00155405 ; 101.726;
8 ; 15 ; 20 ; 0.00547826 ; -0.0118155 ; 0.0120548 ; 101.248;
9 ; 15 ; 20 ; 0.0177325 ; 0.00929875 ; 0.00399902 ; 101.565;
10 ; 15 ; 20 ; 0.0203798 ; 0.0147081 ; 0.00927802 ; 101.291;
11 ; 15 ; 20 ; 0.0246809 ; -0.00751827 ; 0.00599223 ; 101.669;
12 ; 15 ; 20 ; 0.029228 ; -0.0140197 ; 0.00301408 ; 101.345;
13 ; 15 ; 20 ; 0.0363421 ; 0.00174789 ; -0.0116903 ; 101.458;
14 ; 15 ; 20 ; 0.0256844 ; -0.0102401 ; -0.0096258 ; 101.422;
15 ; 15 ; 20 ; 0.0243764 ; -0.00302827 ; -0.0240092 ; 101.416;
16 ; 15 ; 20 ; 0.0254609 ; -0.0026038 ; -0.00258021 ; 101.433;
17 ; 15 ; 20 ; 0.0289205 ; -0.00752232 ; 0.010111 ; 101.743;
18 ; 15 ; 20 ; 0.0207058 ; 0.00997815 ; -0.0105214 ; 101.86;
19 ; 15 ; 20 ; 0.0138097 ; -0.0016911 ; -0.00380009 ; 101.946;
20 ; 15 ; 20 ; 0.012845 ; -0.00343942 ; 0.00462616 ; 101.453;
21 ; 15 ; 20 ; 0.0267624 ; -0.00469947 ; -0.00718904 ; 101.209;
4 ; 16 ; 20 ; 0.0118014 ; -0.00325396 ; -0.0083167 ; 101.346;
5 ; 16 ; 20 ; -0.00120129 ; 0.00778713 ; 0.0180939 ; 101.402;
6 ; 16 ; 20 ; 0.0166422 ; 0.00123258 ; 0.0170785 ; 101.704;
7 ; 16 ; 20 ; 0.0126858 ; 0.00105384 ; 0.018938 ; 101.235;
8 ; 16 ; 20 ; 0.0275626 ; -0.00797964 ; -0.00883193 ; 101.188;
9 ; 16 ; 20 ; 0.0191647 ; -0.00362865 ; 0.00142284 ; 101.442;
10 ; 16 ; 20 ; 0.0231594 ; 0.00918743 ; -0.00494257 ; 101.173;
11 ; 16 ; 20 ; 0.0365855 ; -0.00194887 ; -0.00312617 ; 101.624;
12 ; 16 ; 20 ; 0.0126759 ; -0.00560288 ; 0.00100551 ; 101.092;
13 ; 16 ; 20 ; 0.0123487 ; -0.0117731 ; 0.00200035 ; 101.627;
14 ; 16 ; 20 ; 0.0242699 ; -0.00852421 ; 0.00264795 ; 101.601;
15 ; 16 ; 20 ; 0.00934171 ; 0.00830393 ; -0.00359335 ; 101.792;
16 ; 16 ; 20 ; 0.0296375 ; -0.00934953 ; -0.00892692 ; 101.496;
17 ; 16 ; 20 ; 0.0193044 ; 0.0104912 ; -0.0061038 ; 101.48;
18 ; 16 ; 20 ; 0.0229754 ; 0.0048948 ; -0.00568169 ; 101.496;
19 ; 16 ; 20 ; 0.0254005 ; 0.00239761 ; -0.0109886 ; 101.436;
20 ; 16 ; 20 ; 0.0271367 ; -0.00268877 ; -0.00121088 ; 101.054;
21 ; 16 ; 20 ; 0.0183726 ; 0.0163676 ; -6.56743e-06 ; 101.844;
4 ; 17 ; 20 ; 0.0114083 ; 0.0136728 ; -0.000562164 ; 101.91;
5 ; 17 ; 20 ; 0.00875251 ; 0.00148454 ; 0.00413086 ; 101.281;
6 ; 17 ; 20 ; 0.000740869 ; -0.00920821 ; -0.00711731 ; 100.958;
7 ; 17 ; 20 ; 0.0118556 ; 0.00964909 ; 0.0209703 ; 101.664;
8 ; 17 ; 20 ; 0.0201009 ; 0.00538916 ; 0.00344791 ; 101.888;
9 ; 17 ; 20 ; 0.0134755 ; -0.0165805 ; 0.00471121 ; 101.405;
10 ; 17 ; 20 ; 0.0235797 ; 0.000173237 ; 0.00527534 ; 101.075;
11 ; 17 ; 20 ; 0.0116364 ; 0.00966268 ; 0.00729448 ; 101.527;
12 ; 17 ; 20 ; 0.0286448 ; 0.00675736 ; -0.00293699 ; 101.546;
13 ; 17 ; 20 ; 0.0254079 ; -0.0121187 ; 0.000749678 ; 101.195;
14 ; 17 ; 20 ; 0.0199918 ; 0.000527532 ; 0.0047491 ; 101.306;
15 ; 17 ; 20 ; 0.0106063 ; 0.0122545 ; 0.00517632 ; 101.337;
16 ; 17 ; 20 ; 0.0240576 ; 0.0169396 ; -0.00899464 ; 101.786;
17 ; 17 ; 20 ; 0.0149605 ; 0.0119406 ; 0.000455424 ; 101.318;
18 ; 17 ; 20 ; 0.0107454 ; 0.00546252 ; 0.0028027 ; 101.891;
19 ; 17 ; 20 ; 0.0246742 ; 0.0176151 ; -0.00962761 ; 101.196;
20 ; 17 ; 20 ; 0.0297364 ; 0.00265462 ; -0.00921511 ; 101.359;
21 ; 17 ; 20 ; 0.0154902 ; -0.00403076 ; 0.00509611 ; 101.163;
4 ; 18 ; 20 ; 0.0103587 ; -0.000334613 ; -0.00549877 ; 101.49;
5 ; 18 ; 20 ; 0.0160591 ; -0.00261936 ; 0.00121266 ; 101.449;
6 ; 18 ; 20 ; 0.0211796 ; -0.00143172 ; -0.00484741 ; 101.491;
7 ; 18 ; 20 ; 0.0193749 ; 0.00199726 ; -0.00552602 ; 101.503;
8 ; 18 ; 20 ; 0.0104027 ; -0.00257709 ; 0.0102523 ; 101.526;
9 ; 18 ; 20 ; 0.0157803 ; -0.0134332 ; -0.000789472 ; 101.406;
10 ; 18 ; 20 ; 0.0255249 ; 0.00355044 ; 0.00649801 ; 101.448;
11 ; 18 ; 20 ; 0.0271813 ; -0.00298642 ; -0.0103109 ; 101.297;
12 ; 18 ; 20 ; 0.0235535 ; 0.00800869 ; -0.00307327 ; 101.315;
13 ; 18 ; 20 ; 0.0190071 ; 9.81687e-05 ; 0.0111977 ; 101.408;
14 ; 18 ; 20 ; 0.0213116 ; 0.00426774 ; 0.00957906 ; 101.344;
15 ; 18 ; 20 ; 0.0284064 ; -0.0189316 ; -0.000576979 ; 101.8;
16 ; 18 ; 20 ; 0.0160865 ; 0.00872106 ; 0.000669889 ; 101.541;
17 ; 18 ; 20 ; 0.0215565 ; 0.0125414 ; -0.00192848 ; 101.149;
18 ; 18 ; 20 ; 0.0194345 ; 0.00205454 ; -0.0191338 ; 101.441;
19 ; 18 ; 20 ; 0.0237454 ; -0.00283439 ; -0.00575005 ; 101.7;
20 ; 18 ; 20 ; 0.0238803 ; 0.00871706 ; -0.0107361 ; 101.544;
21 ; 18 ; 20 ; 0.00249678 ; 0.00306632 ; -0.00961168 ; 101.421;
4 ; 19 ; 20 ; 0.0112034 ; 0.00154349 ; 0.00196006 ; 101.423;
5 ; 19 ; 20 ; 0.0225182 ; -0.0068291 ; -0.00373572 ; 101.428;
6 ; 19 ; 20 ; 0.017411 ; 0.00798436 ; 0.00585581 ; 101.428;
7 ; 19 ; 20 ; 0.0215838 ; 0.00413155 ; -0.00541285 ; 100.715;
8 ; 19 ; 20 ; 0.0194044 ; 0.000486203 ; -0.0123782 ; 101.254;
9 ; 19 ; 20 ; 0.0226906 ; 0.0096001 ; 0.00660903 ; 101.317;
10 ; 19 ; 20 ; 0.0287885 ; -0.0020967 ; -0.0119852 ; 101.794;
11 ; 19 ; 20 ; 0.0188081 ; 0.000610446 ; 0.00429624 ; 101.089;
12 ; 19 ; 20 ; 0.0343323 ; 0.000710089 ; -0.000272951 ; 101.428;
13 ; 19 ; 20 ; 0.034336 ; -0.00729961 ; 0.0175862 ; 101.302;
14 ; 19 ; 20 ; 0.0253716 ; -0.00948108 ; -0.012611 ; 101.227;
15 ; 19 ; 20 ; 0.0169573 ; -0.00279912 ; -0.00976706 ; 101.608;
16 ; 19 ; 20 ; 0.0235208 ; 0.00187552 ; 0.0128584 ; 101.239;
17 ; 19 ; 20 ; 0.016616 ; 0.00945001 ; 0.00057146 ; 101.213;
18 ; 19 ; 20 ; 0.0225859 ; -0.00840415 ; -0.00446656 ; 101.72;
19 ; 19 ; 20 ; 0.013423 ; -0.00178697 ; -0.0156827 ; 101.459;
20 ; 19 ; 20 ; 0.0144199 ; -0.0118722 ; -0.0111307 ; 101.312;
21 ; 19 ; 20 ; 0.0128862 ; 0.00134835 ; -0.00509875 ; 101.494;
4 ; 20 ; 20 ; 0.0172973 ; 0.00677856 ; 0.0111543 ; 101.261;
5 ; 20 ; 20 ; 0.0186239 ; -0.00231829 ; 0.00789015 ; 101.67;
6 ; 20 ; 20 ; 0.032937 ; 0.00539826 ; 0.00265057 ; 101.458;
7 ; 20 ; 20 ; 0.019203 ; -0.00871489 ; 0.00416214 ; 101.954;
8 ; 20 ; 20 ; 0.0175354 ; -0.00374387 ; -0.0128636 ; 101.557;
9 ; 20 ; 20 ; 0.0179689 ; 0.00379134 ; 0.00461715 ; 101.309;
10 ; 20 ; 20 ; 0.0297233 ; -0.000410276 ; 0.0128259 ; 101.647;
11 ; 20 ; 20 ; 0.0173124 ; 0.00171456 ; 0.00223669 ; 101.631;
12 ; 20 ; 20 ; 0.0186388 ; 0.00483216 ; 0.0299256 ; 101.561;
13 ; 20 ; 20 ; 0.0166616 ; 0.00208372 ; -0.00740078 ; 101.555;
14 ; 20 ; 20 ; 0.0244095 ; -0.00315538 ; -0.00223553 ; 101.53;
15 ; 20 ; 20 ; 0.00756412 ; 0.00134812 ; 0.0081733 ; 101.292;
16 ; 20 ; 20 ; 0.0276324 ; -0.0105334 ; 0.0150538 ; 101.587;
17 ; 20 ; 20 ; 0.0220396 ; 0.00136686 ; -0.00613981 ; 101.9;
18 ; 20 ; 20 ; 0.0150327 ; -0.0157117 ; -0.00709421 ; 101.934;
19 ; 20 ; 20 ; 0.0131025 ; 0.000432427 ; 0.00815924 ; 100.794;
20 ; 20 ; 20 ; 0.00703817 ; 0.00134354 ; -0.00825973 ; 101.498;
21 ; 20 ; 20 ; 0.0200559 ; 0.000298936 ; -0.00926825 ; 101.253;
4 ; 21 ; 20 ; 0.00905141 ; -1.94863e-05 ; 0.00757917 ; 101.578;
5 ; 21 ; 20 ; 0.00919032 ; 0.00425578 ; 0.0191822 ; 101.677;
6 ; 21 ; 20 ; 0.0280836 ; -0.00898052 ; 0.00764535 ; 101.581;
7 ; 21 ; 20 ; 0.0135478 ; -0.00263909 ; 0.00685873 ; 101.711;
8 ; 21 ; 20 ; 0.0292875 ; -0.00328593 ; 0.0147333 ; 101.902;
9 ; 21 ; 20 ; 0.0197231 ; -0.00507701 ; 0.00894888 ; 101.828;
10 ; 21 ; 20 ; 0.032465 ; -0.00616761 ; 0.00628574 ; 101.195;
11 ; 21 ; 20 ; 0.0262587 ; -0.00300858 ; -0.00767199 ; 101.736;
12 ; 21 ; 20 ; 0.0203815 ; 0.00480586 ; 0.0117364 ; 101.311;
13 ; 21 ; 20 ; 0.0170926 ; -0.00905493 ; 0.00733691 ; 100.883;
14 ; 21 ; 20 ; 0.0257647 ; -0.010176 ; 0.00051198 ; 101.372;
15 ; 21 ; 20 ; 0.0191342 ; -0.00807418 ; -0.00554315 ; 101.266;
16 ; 21 ; 20 ; 0.0349991 ; 0.0029363 ; -0.00688293 ; 102.154;
17 ; 21 ; 20 ; 0.0103363 ; -0.00562115 ; -0.00959482 ; 101.427;
18 ; 21 ; 20 ; 0.0036711 ; -0.0101921 ; -0.0171715 ; 101.516;
19 ; 21 ; 20 ; 0.0314401 ; 0.00273297 ; 0.00752891 ; 101.948;
20 ; 21 ; 20 ; 0.0264212 ; 0.000187062 ; -0.00935539 ; 101.466;
21 ; 21 ; 20 ; 0.000295345 ; -0.00862666 ; 0.00171596 ; 101.631;
4 ; 4 ; 21 ; 0.0175683 ; 0.00666699 ; 0.00577919 ; 101.527;
5 ; 4 ; 21 ; 0.0104325 ; 0.0103832 ; -0.00902121 ; 101.029;
6 ; 4 ; 21 ; 0.0152594 ; -0.0127512 ; 0.000772611 ; 101.564;
7 ; 4 ; 21 ; 0.0156659 ; -0.0074302 ; -0.00389417 ; 101.252;
8 ; 4 ; 21 ; 0.0310131 ; 0.0015461 ; -0.0122173 ; 101.641;
9 ; 4 ; 21 ; 0.0284272 ; 0.000511258 ; -0.00510557 ; 101.018;
10 ; 4 ; 21 ; 0.015904 ; 0.00174856 ; -0.0189079 ; 101.524;
11 ; 4 ; 21 ; 0.00524018 ; 0.00419576 ; -0.00221877 ; 101.235;
12 ; 4 ; 21 ; 0.00797996 ; -0.00319649 ; -0.00159915 ; 100.956;
13 ; 4 ; 21 ; 0.0157955 ; -0.00451311 ; 0.00657949 ; 101.267;
14 ; 4 ; 21 ; 0.00854263 ; -0.00314103 ; -0.00934029 ; 101.482;
15 ; 4 ; 21 ; 0.0138352 ; 6.913e-05 ; 0.00209437 ; 101.136;
16 ; 4 ; 21 ; 0.00949909 ; -0.00174821 ; -0.000151315 ; 101.26;
17 ; 4 ; 21 ; 0.0255005 ; 0.00189064 ; -0.00791419 ; 101.799;
18 ; 4 ; 21 ; 0.0148896 ; 0.00280151 ; -0.00377511 ; 101.33;
19 ; 4 ; 21 ; 0.0186335 ; -0.00493901 ; 0.00275518 ; 101.617;
20 ; 4 ; 21 ; 0.0128675 ; -0.00316194 ; 0.00538934 ; 101.519;
21 ; 4 ; 21 ; 0.00765034 ; -0.00143644 ; -0.00492771 ; 101.859;
4 ; 5 ; 21 ; 0.00524744 ; -0.0035395 ; 0.0120332 ; 101.535;
5 ; 5 ; 21 ; 0.0167685 ; 0.0109551 ; 0.0118827 ; 101.031;
6 ; 5 ; 21 ; -0.00259294 ; -0.00190354 ; 0.00183199 ; 101.5;
7 ; 5 ; 21 ; 0.0185054 ; -0.00216194 ; 0.0127374 ; 101.452;
8 ; 5 ; 21 ; 0.00673861 ; -0.0104945 ; 0.00895654 ; 101.393;
9 ; 5 ; 21 ; 0.0172275 ; 0.00543658 ; -0.00778096 ; 101.339;
10 ; 5 ; 21 ; 0.0115276 ; -0.000113232 ; -0.00896137 ; 101.714;
11 ; 5 ; 21 ; 0.0243285 ; -0.00903455 ; -0.00593426 ; 101.741;
12 ; 5 ; 21 ; 0.0209753 ; 0.00346589 ; -0.00577727 ; 101.411;
13 ; 5 ; 21 ; 0.0319539 ; 0.00707574 ; -0.00957262 ; 101.287;
14 ; 5 ; 21 ; 0.0257321 ; -0.00238967 ; -0.00436894 ; 101.63;
15 ; 5 ; 21 ; 0.0113316 ; -0.00724683 ; -0.0179841 ; 101.733;
16 ; 5 ; 21 ; 0.0223685 ; -0.00781059 ; -0.00222604 ; 100.998;
17 ; 5 ; 21 ; 0.0350663 ; 0.00536457 ; -0.0110861 ; 101.511;
18 ; 5 ; 21 ; 0.0312127 ; 0.00951747 ; 0.00634817 ; 101.725;
19 ; 5 ; 21 ; 0.0118588 ; -0.000717363 ; -0.00249853 ; 101.636;
20 ; 5 ; 21 ; 0.00995537 ; 0.00386953 ; 0.00496172 ; 101.398;
21 ; 5 ; 21 ; 0.0193771 ; 0.0051818 ; 0.0145004 ; 101.957;
4 ; 6 ; 21 ; 0.00828163 ; 0.0145521 ; -0.00207633 ; 101.045;
5 ; 6 ; 21 ; 0.0117225 ; 0.0221867 ; 0.00410674 ; 101.631;
6 ; 6 ; 21 ; 0.0227682 ; 0.0107751 ; 0.00854088 ; 101.022;
7 ; 6 ; 21 ; 0.006219 ; -0.0128692 ; 0.00419167 ; 101.58;
8 ; 6 ; 21 ; 0.0203848 ; -0.0163014 ; 0.00502459 ; 101.584;
9 ; 6 ; 21 ; 0.0237826 ; 0.00507616 ; -0.00685676 ; 100.907;
10 ; 6 ; 21 ; 0.0135472 ; -0.00190646 ; -0.0138127 ; 101.278;
11 ; 6 ; 21 ; 0.0166795 ; -0.00533294 ; -0.0104884 ; 101.819;
12 ; 6 ; 21 ; 0.0173014 ; -0.00165024 ; -0.00767959 ; 100.791;
13 ; 6 ; 21 ; 0.0157114 ; 0.00183308 ; 0.00593032 ; 101.073;
14 ; 6 ; 21 ; 0.0213589 ; -0.00690245 ; 0.00846057 ; 101.707;
15 ; 6 ; 21 ; 0.0207162 ; -0.000803538 ; -0.0119148 ; 101.298;
16 ; 6 ; 21 ; 0.0186488 ; 0.0122527 ; 0.00668041 ; 101.389;
17 ; 6 ; 21 ; 0.0237284 ; 0.00020188 ; -0.00339029 ; 101.567;
18 ; 6 ; 21 ; 0.0316978 ; 0.00156119 ; -0.00133738 ; 101.348;
19 ; 6 ; 21 ; 0.0238471 ; -0.00648873 ; 0.000178964 ; 101.689;
20 ; 6 ; 21 ; -0.00491018 ; 0.000691605 ; -0.00192681 ; 101.464;
21 ; 6 ; 21 ; 0.012302 ; 0.00467055 ; 0.0012786 ; 101.257;
4 ; 7 ; 21 ; 0.0152935 ; 0.0217249 ; -0.00572434 ; 101.149;
5 ; 7 ; 21 ; 0.0119853 ; 0.00197587 ; 0.00461506 ; 101.394;
6 ; 7 ; 21 ; 0.0251932 ; -0.011844 ; 0.0035667 ; 101.271;
7 ; 7 ; 21 ; 0.0223823 ; -0.00519131 ; 0.00536802 ; 101.329;
8 ; 7 ; 21 ; 0.0200634 ; -0.0135518 ; -0.0011037 ; 101.24;
9 ; 7 ; 21 ; 0.00846286 ; 0.00959887 ; -0.00164364 ; 101.12;
10 ; 7 ; 21 ; 0.0202198 ; -0.00421003 ; -0.00383603 ; 101.635;
11 ; 7 ; 21 ; 0.0255074 ; -0.0012796 ; -0.00866865 ; 101.318;
12 ; 7 ; 21 ; 0.0156644 ; -0.000190635 ; 0.0106336 ; 101.422;
13 ; 7 ; 21 ; 0.0104407 ; 0.00305675 ; -0.00418964 ; 101.046;
14 ; 7 ; 21 ; 0.0235603 ; -0.00734901 ; -0.00306529 ; 101.066;
15 ; 7 ; 21 ; 0.0201883 ; -0.00722054 ; 0.000394806 ; 101.445;
16 ; 7 ; 21 ; 0.0217805 ; 0.00202544 ; -0.0075946 ; 101.06;
17 ; 7 ; 21 ; 0.0240933 ; -0.00553991 ; -0.00539186 ; 101.17;
18 ; 7 ; 21 ; 0.0322258 ; -0.00504681 ; 2.06535e-05 ; 101.346;
19 ; 7 ; 21 ; 0.0111072 ; -0.00177448 ; 0.00855652 ; 101.826;
20 ; 7 ; 21 ; 0.0213897 ; -0.00338259 ; 0.00273222 ; 101.806;
21 ; 7 ; 21 ; 0.0128133 ; -0.0136955 ; -0.00690702 ; 101.494;
4 ; 8 ; 21 ; 0.0112195 ; -0.00632668 ; 0.00544594 ; 101.426;
5 ; 8 ; 21 ; 0.0269919 ; 0.000373815 ; -0.00227031 ; 101.453;
6 ; 8 ; 21 ; 0.0303042 ; 0.000720431 ; -0.00440302 ; 101.794;
7 ; 8 ; 21 ; 0.0397201 ; -0.00479307 ; 0.00210589 ; 101.361;
8 ; 8 ; 21 ; 0.0267808 ; 0.00868512 ; -0.00306847 ; 101.293;
9 ; 8 ; 21 ; 0.0151518 ; 0.00102384 ; -0.00541228 ; 101.35;
10 ; 8 ; 21 ; 0.022929 ; 0.0043137 ; -0.00216482 ; 101.582;
11 ; 8 ; 21 ; 0.0313286 ; -0.00650672 ; 0.00301835 ; 101.382;
12 ; 8 ; 21 ; 0.0309563 ; 0.00066065 ; 0.00657901 ; 101.585;
13 ; 8 ; 21 ; 0.0187691 ; 0.0043157 ; -0.000989034 ; 101.16;
14 ; 8 ; 21 ; 0.00594615 ; -0.00830231 ; -0.00385705 ; 101.691;
15 ; 8 ; 21 ; 0.0189297 ; -0.00708815 ; -0.00634283 ; 101.087;
16 ; 8 ; 21 ; 0.0203587 ; 0.00579633 ; -0.00899765 ; 101.607;
17 ; 8 ; 21 ; 0.0189438 ; 0.00745214 ; -0.00307738 ; 101.507;
18 ; 8 ; 21 ; 0.0250336 ; 0.00170096 ; 0.00227446 ; 101.761;
19 ; 8 ; 21 ; 0.0181051 ; 0.000549157 ; 0.00335117 ; 101.309;
20 ; 8 ; 21 ; 0.0163653 ; -0.00222459 ; 0.00189442 ; 101.712;
21 ; 8 ; 21 ; 0.00443169 ; 0.00122607 ; 0.00855815 ; 101.276;
4 ; 9 ; 21 ; 0.0199171 ; 0.000543559 ; 0.0115688 ; 101.552;
5 ; 9 ; 21 ; 0.0225847 ; -0.00517193 ; -0.0128542 ; 101.897;
6 ; 9 ; 21 ; 0.0203154 ; 0.00255619 ; -0.000360146 ; 101.206;
7 ; 9 ; 21 ; 0.0325209 ; -0.00589144 ; -0.00756285 ; 101.69;
8 ; 9 ; 21 ; 0.0322913 ; -0.00359508 ; -0.000808964 ; 101.353;
9 ; 9 ; 21 ; 0.0220342 ; -0.0041508 ; -0.00106343 ; 101.372;
10 ; 9 ; 21 ; 0.0213808 ; 0.00712604 ; 0.00451044 ; 100.831;
11 ; 9 ; 21 ; 0.0277177 ; -0.01231 ; 0.0102187 ; 101.614;
12 ; 9 ; 21 ; 0.0274928 ; 0.0043469 ; 0.0103949 ; 101.161;
13 ; 9 ; 21 ; 0.0291255 ; 0.0101605 ; -0.00336382 ; 101.154;
14 ; 9 ; 21 ; 0.0350634 ; -0.00290135 ; 0.00683382 ; 101.391;
15 ; 9 ; 21 ; 0.0245076 ; -0.00523724 ; 0.00125716 ; 101.355;
16 ; 9 ; 21 ; 0.0193725 ; -0.00566421 ; 0.00599166 ; 101.329;
17 ; 9 ; 21 ; 0.0100671 ; 0.0119179 ; -0.00226218 ; 101.367;
18 ; 9 ; 21 ; 0.029563 ; -0.00204913 ; -0.0105859 ; 101.339;
19 ; 9 ; 21 ; 0.0145859 ; 0.00265681 ; -0.00258783 ; 101.692;
20 ; 9 ; 21 ; 0.00699939 ; 0.00992006 ; -0.00450809 ; 101.558;
21 ; 9 ; 21 ; 0.0174478 ; -0.00214069 ; 0.00486746 ; 101.345;
4 ; 10 ; 21 ; 0.0199807 ; 0.0101184 ; -0.00294833 ; 101.664;
5 ; 10 ; 21 ; 0.0202342 ; 0.00564167 ; 0.0107867 ; 100.947;
6 ; 10 ; 21 ; 0.016591 ; -0.0162138 ; -0.00992963 ; 101.296;
7 ; 10 ; 21 ; 0.0197281 ; 0.00168677 ; 0.00413107 ; 100.958;
8 ; 10 ; 21 ; 0.0221194 ; -0.0105595 ; -0.00134215 ; 101.673;
9 ; 10 ; 21 ; 0.0230751 ; -0.00266064 ; -0.000288775 ; 102.095;
10 ; 10 ; 21 ; 0.025799 ; -0.0059414 ; 0.00393464 ; 101.757;
11 ; 10 ; 21 ; 0.0281507 ; -0.0167817 ; -0.00917788 ; 101.614;
12 ; 10 ; 21 ; 0.0282988 ; 0.00463146 ; -0.0038693 ; 101.351;
13 ; 10 ; 21 ; 0.0113618 ; -0.00719616 ; -0.00952142 ; 101.614;
14 ; 10 ; 21 ; 0.0104211 ; 0.0149368 ; 5.47337e-05 ; 101.225;
15 ; 10 ; 21 ; 0.0111038 ; -0.00516874 ; 0.000591468 ; 101.446;
16 ; 10 ; 21 ; 0.013291 ; 0.00838795 ; -0.0103494 ; 101.732;
17 ; 10 ; 21 ; 0.030746 ; 0.00389021 ; -0.00118858 ; 101.18;
18 ; 10 ; 21 ; 0.0260288 ; -0.00242314 ; -0.0106203 ; 101.481;
19 ; 10 ; 21 ; 0.0157482 ; 0.0107373 ; 0.00419295 ; 101.089;
20 ; 10 ; 21 ; 0.0137657 ; -0.00913886 ; -0.00798971 ; 101.428;
21 ; 10 ; 21 ; 0.00407003 ; -0.00698217 ; -0.0042517 ; 101.332;
4 ; 11 ; 21 ; 0.00914841 ; 0.00734162 ; 0.00785211 ; 101.362;
5 ; 11 ; 21 ; 0.0216833 ; -7.90514e-05 ; 0.00801651 ; 101.467;
6 ; 11 ; 21 ; 0.0269516 ; -0.0159317 ; -0.0118187 ; 101.578;
7 ; 11 ; 21 ; 0.0187218 ; -0.0131469 ; 0.000109576 ; 101.468;
8 ; 11 ; 21 ; 0.0282229 ; 0.00330236 ; 0.00241455 ; 101.352;
9 ; 11 ; 21 ; 0.0348842 ; 0.0103344 ; 0.00456832 ; 101.731;
10 ; 11 ; 21 ; 0.0341037 ; -0.00129354 ; 0.00899621 ; 101.457;
11 ; 11 ; 21 ; 0.0198852 ; -0.00973185 ; 0.015597 ; 101.792;
12 ; 11 ; 21 ; 0.0194534 ; 0.0143753 ; 0.00731789 ; 101.302;
13 ; 11 ; 21 ; 0.0216294 ; 0.00434705 ; -0.00743499 ; 101.42;
14 ; 11 ; 21 ; 0.0232849 ; -0.0025007 ; -0.0050441 ; 101.443;
15 ; 11 ; 21 ; 0.0310199 ; 0.000304753 ; -0.0142723 ; 101.454;
16 ; 11 ; 21 ; 0.0328429 ; 0.00427704 ; 0.00219295 ; 101.737;
17 ; 11 ; 21 ; 0.0338719 ; 0.00762557 ; 0.000848826 ; 101.281;
18 ; 11 ; 21 ; 0.0254982 ; -0.000266166 ; -0.00286553 ; 101.342;
19 ; 11 ; 21 ; 0.0239164 ; 0.00501874 ; -0.000818321 ; 101.743;
20 ; 11 ; 21 ; 0.0235969 ; -0.00141909 ; 0.00118588 ; 101.676;
21 ; 11 ; 21 ; 0.0223337 ; 0.00791429 ; 0.000179201 ; 101.402;
4 ; 12 ; 21 ; 0.0149529 ; -0.00871845 ; -0.00255309 ; 100.642;
5 ; 12 ; 21 ; 0.00679548 ; 0.000261279 ; 0.00162477 ; 101.125;
6 ; 12 ; 21 ; 0.0190382 ; -0.00155106 ; 0.00468031 ; 101.051;
7 ; 12 ; 21 ; 0.019391 ; -0.00854649 ; 0.00135946 ; 101.658;
8 ; 12 ; 21 ; 0.0140214 ; 0.00965163 ; 0.00247963 ; 101.458;
9 ; 12 ; 21 ; 0.0194623 ; -0.00100285 ; 0.0108798 ; 101.473;
10 ; 12 ; 21 ; 0.0232313 ; 0.00367064 ; 0.00706478 ; 101.455;
11 ; 12 ; 21 ; 0.0221796 ; -2.0051e-05 ; 0.0124462 ; 101.28;
12 ; 12 ; 21 ; 0.0262953 ; -0.0023553 ; 0.00367151 ; 100.962;
13 ; 12 ; 21 ; 0.0173197 ; -0.00685461 ; 0.0136243 ; 101.31;
14 ; 12 ; 21 ; 0.022844 ; 0.0136309 ; -0.00885538 ; 101.543;
15 ; 12 ; 21 ; 0.0231934 ; -0.00698827 ; -0.00629624 ; 101.185;
16 ; 12 ; 21 ; 0.0227091 ; 0.00944244 ; 0.00488419 ; 101.911;
17 ; 12 ; 21 ; 0.0287193 ; 0.0051816 ; -0.00575253 ; 101.682;
18 ; 12 ; 21 ; 0.0278596 ; 0.000929819 ; 0.0199842 ; 101.505;
19 ; 12 ; 21 ; 0.0155111 ; -0.00387948 ; -0.00902559 ; 101.7;
20 ; 12 ; 21 ; 0.0165424 ; -0.00447045 ; 0.00526631 ; 101.686;
21 ; 12 ; 21 ; 0.00871682 ; -0.00156493 ; -0.00118814 ; 101.236;
4 ; 13 ; 21 ; 0.0210716 ; -0.0117183 ; -0.0075963 ; 101.353;
5 ; 13 ; 21 ; 0.0261473 ; 0.0127808 ; 0.0153044 ; 101.324;
6 ; 13 ; 21 ; 0.0304481 ; -0.0126213 ; 0.0114607 ; 101.433;
7 ; 13 ; 21 ; 0.0232563 ; -0.00135602 ; -0.00261589 ; 101.447;
8 ; 13 ; 21 ; 0.0120205 ; 0.00686832 ; -0.00751903 ; 101.624;
9 ; 13 ; 21 ; 0.0229015 ; -0.000218203 ; -0.000153494 ; 101.238;
10 ; 13 ; 21 ; 0.0184716 ; 0.00164222 ; 0.00530946 ; 101.515;
11 ; 13 ; 21 ; 0.0350323 ; -0.00106288 ; -0.00318018 ; 101.263;
12 ; 13 ; 21 ; 0.0270797 ; 0.000578547 ; -0.00889772 ; 101.541;
13 ; 13 ; 21 ; 0.033608 ; 0.00302781 ; 0.00258252 ; 100.766;
14 ; 13 ; 21 ; 0.0184869 ; -0.00332649 ; 0.00283976 ; 101.521;
15 ; 13 ; 21 ; 0.0102793 ; 0.00358746 ; 0.00280752 ; 101.288;
16 ; 13 ; 21 ; 0.0161473 ; 0.00140545 ; -0.00861087 ; 101.27;
17 ; 13 ; 21 ; 0.0217197 ; 0.00681482 ; 0.00173568 ; 101.516;
18 ; 13 ; 21 ; 0.0336581 ; -0.000470874 ; -0.0134149 ; 101.875;
19 ; 13 ; 21 ; 0.0306211 ; -0.0216556 ; -0.0122489 ; 101.349;
20 ; 13 ; 21 ; 0.0150198 ; -0.00783344 ; 0.000281486 ; 101.251;
21 ; 13 ; 21 ; 0.0182681 ; -0.00538389 ; -0.00737354 ; 101.569;
4 ; 14 ; 21 ; 0.0133934 ; 0.00280965 ; -0.00501766 ; 101.569;
5 ; 14 ; 21 ; 0.0127376 ; 0.00455958 ; 0.00727832 ; 101.16;
6 ; 14 ; 21 ; 0.0177297 ; -0.00134477 ; 0.00633444 ; 101.493;
7 ; 14 ; 21 ; 0.033141 ; 0.00538488 ; 0.00130864 ; 101.562;
8 ; 14 ; 21 ; 0.0178056 ; -0.00465801 ; -0.00718038 ; 101.72;
9 ; 14 ; 21 ; 0.0222511 ; 0.00993518 ; -0.00202147 ; 101.776;
10 ; 14 ; 21 ; 0.0188041 ; -0.00913299 ; -0.00444713 ; 101.315;
11 ; 14 ; 21 ; 0.021246 ; 0.00803158 ; -0.00517539 ; 101.621;
12 ; 14 ; 21 ; 0.0259298 ; 0.0134466 ; -0.0065165 ; 101.093;
13 ; 14 ; 21 ; 0.023456 ; 0.00496831 ; -0.00520892 ; 101.384;
14 ; 14 ; 21 ; 0.0232707 ; -0.0148692 ; 0.00902143 ; 101.387;
15 ; 14 ; 21 ; 0.0316114 ; 0.00495276 ; -0.0151238 ; 101.644;
16 ; 14 ; 21 ; 0.038521 ; -0.00196061 ; -0.00788728 ; 101.512;
17 ; 14 ; 21 ; 0.00601741 ; 0.000696226 ; 0.0092947 ; 101.27;
18 ; 14 ; 21 ; 0.0297302 ; -0.00580185 ; -0.000836782 ; 101.398;
19 ; 14 ; 21 ; 0.0262773 ; 0.00577806 ; -0.00648081 ; 101.655;
20 ; 14 ; 21 ; 0.0182233 ; -0.000216594 ; 0.00671036 ; 101.999;
21 ; 14 ; 21 ; 0.0195244 ; -0.000860404 ; -0.00502915 ; 101.21;
4 ; 15 ; 21 ; 0.017449 ; -0.0062819 ; 0.0171131 ; 101.259;
5 ; 15 ; 21 ; 0.0129259 ; 0.00019166 ; -0.00706264 ; 101.255;
6 ; 15 ; 21 ; 0.0153739 ; -0.00104619 ; 0.00474238 ; 101.052;
7 ; 15 ; 21 ; 0.0176148 ; 0.00924194 ; 0.00280396 ; 101.741;
8 ; 15 ; 21 ; 0.0264541 ; -0.00754716 ; 0.0133077 ; 101.087;
9 ; 15 ; 21 ; 0.0168281 ; 0.00131942 ; 0.00052282 ; 101.165;
10 ; 15 ; 21 ; 0.016328 ; 0.0126583 ; -0.0134367 ; 101.523;
11 ; 15 ; 21 ; 0.0222538 ; -0.0104363 ; -0.00246013 ; 101.424;
12 ; 15 ; 21 ; 0.0285043 ; -0.00239556 ; 0.00139078 ; 101.738;
13 ; 15 ; 21 ; 0.0224919 ; 0.012588 ; -0.00467536 ; 101.403;
14 ; 15 ; 21 ; 0.0326741 ; 0.000796464 ; -0.0117906 ; 101.412;
15 ; 15 ; 21 ; 0.0268283 ; -0.00175056 ; -0.00880044 ; 101.323;
16 ; 15 ; 21 ; 0.0196286 ; -0.00140327 ; -0.00569465 ; 101.628;
17 ; 15 ; 21 ; 0.0270263 ; -0.00238058 ; -0.0141147 ; 101.212;
18 ; 15 ; 21 ; 0.0157155 ; -0.0104327 ; -0.00465486 ; 101.445;
19 ; 15 ; 21 ; 0.0133252 ; -0.00655929 ; 0.00627137 ; 101.466;
20 ; 15 ; 21 ; 0.0179329 ; -0.0142118 ; -0.00244583 ; 101.616;
21 ; 15 ; 21 ; 0.0196326 ; 0.00367665 ; -0.00269776 ; 101.729;
4 ; 16 ; 21 ; 0.0186609 ; 0.0029235 ; 0.00750009 ; 101.294;
5 ; 16 ; 21 ; 0.0211853 ; 0.00318287 ; 0.00925587 ; 101.629;
6 ; 16 ; 21 ; 0.027364 ; -0.000206473 ; 0.0105382 ; 101.394;
7 ; 16 ; 21 ; 0.0290011 ; -0.00236765 ; -0.00845163 ; 101.909;
8 ; 16 ; 21 ; 0.0269179 ; 0.0043711 ; 0.00844411 ; 101.597;
9 ; 16 ; 21 ; 0.0121923 ; 0.00601468 ; 0.00332612 ; 101.376;
10 ; 16 ; 21 ; 0.0285085 ; 0.00745933 ; 0.00532702 ; 101.759;
11 ; 16 ; 21 ; 0.0241935 ; -0.00510444 ; -0.00171931 ; 101.508;
12 ; 16 ; 21 ; 0.0180496 ; -0.00228843 ; -0.013754 ; 101.755;
13 ; 16 ; 21 ; 0.0197815 ; -0.00318219 ; 0.00386998 ; 101.232;
14 ; 16 ; 21 ; 0.0317649 ; 0.00776623 ; 0.00809168 ; 101.366;
15 ; 16 ; 21 ; 0.0302751 ; 0.00157684 ; 0.00607859 ; 100.916;
16 ; 16 ; 21 ; 0.00697361 ; 0.0110504 ; 0.00958091 ; 101.542;
17 ; 16 ; 21 ; 0.00842912 ; -0.00309011 ; -0.0113346 ; 101.298;
18 ; 16 ; 21 ; 0.0231952 ; -0.00383064 ; 0.00620766 ; 101.418;
19 ; 16 ; 21 ; 0.0225105 ; -0.00579046 ; -0.0140333 ; 101.691;
20 ; 16 ; 21 ; 0.0133949 ; -0.00935113 ; 0.0062438 ; 101.882;
21 ; 16 ; 21 ; 0.00854159 ; 0.00744211 ; -0.00642687 ; 101.871;
4 ; 17 ; 21 ; 0.0161371 ; 0.00201193 ; -0.00198903 ; 101.026;
5 ; 17 ; 21 ; 0.00923561 ; -0.000975311 ; 0.00664608 ; 101.45;
6 ; 17 ; 21 ; 0.0238089 ; 0.0140155 ; -0.00602584 ; 101.467;
7 ; 17 ; 21 ; 0.0191181 ; -0.00447877 ; 0.00106955 ; 101.782;
8 ; 17 ; 21 ; 0.021038 ; 0.00404363 ; -0.00971111 ; 101.432;
9 ; 17 ; 21 ; 0.013661 ; -0.00934096 ; 0.00270388 ; 101.637;
10 ; 17 ; 21 ; 0.0140007 ; -0.00553163 ; 0.0120741 ; 101.849;
11 ; 17 ; 21 ; 0.0380765 ; -0.00259107 ; 0.00735822 ; 101.472;
12 ; 17 ; 21 ; 0.0272053 ; -0.000376003 ; -0.0129351 ; 101.484;
13 ; 17 ; 21 ; 0.00465165 ; 0.00578446 ; -0.00289081 ; 101.601;
14 ; 17 ; 21 ; 0.025729 ; 0.000493609 ; -0.000335178 ; 101.724;
15 ; 17 ; 21 ; 0.022302 ; -0.00140755 ; 0.00349715 ; 101.822;
16 ; 17 ; 21 ; 0.021624 ; 0.00409446 ; -0.00296378 ; 101.352;
17 ; 17 ; 21 ; 0.033101 ; 0.00943693 ; -0.00324734 ; 101.406;
18 ; 17 ; 21 ; 0.0379645 ; 0.00682355 ; 0.010583 ; 101.148;
19 ; 17 ; 21 ; 0.0189682 ; 0.0129681 ; -0.00700078 ; 101.612;
20 ; 17 ; 21 ; 0.0344613 ; 0.016097 ; 0.0138333 ; 101.306;
21 ; 17 ; 21 ; 0.0146243 ; -0.00332065 ; -0.000318396 ; 101.692;
4 ; 18 ; 21 ; 0.0122463 ; -0.00390766 ; 6.99286e-05 ; 101.546;
5 ; 18 ; 21 ; 0.0132824 ; -0.00644053 ; -0.00191015 ; 101.084;
6 ; 18 ; 21 ; 0.015371 ; -0.00424367 ; 0.00145308 ; 101.098;
7 ; 18 ; 21 ; 0.0296338 ; -0.00419663 ; -0.00301566 ; 101.139;
8 ; 18 ; 21 ; 0.0273377 ; -0.00510706 ; 0.00389546 ; 101.384;
9 ; 18 ; 21 ; 0.0186169 ; 0.00650893 ; -0.00250178 ; 101.544;
10 ; 18 ; 21 ; 0.0231251 ; -0.00910781 ; 0.00427011 ; 101.385;
11 ; 18 ; 21 ; 0.034785 ; -0.0034124 ; -0.00114134 ; 101.354;
12 ; 18 ; 21 ; 0.0237619 ; -0.00145479 ; -0.00214752 ; 101.13;
13 ; 18 ; 21 ; 0.00730185 ; 0.0112499 ; 0.00540651 ; 100.748;
14 ; 18 ; 21 ; 0.0161039 ; -0.0132976 ; -0.00307633 ; 101.352;
15 ; 18 ; 21 ; 0.029096 ; -0.00271219 ; 0.00336204 ; 100.965;
16 ; 18 ; 21 ; 0.0212177 ; 0.0105654 ; 0.00260721 ; 101.019;
17 ; 18 ; 21 ; 0.020731 ; -0.002141 ; 0.00304072 ; 101.487;
18 ; 18 ; 21 ; 0.0225865 ; -0.0085678 ; 0.0169477 ; 101.777;
19 ; 18 ; 21 ; 0.0225475 ; 0.0107987 ; -0.010899 ; 101.467;
20 ; 18 ; 21 ; 0.0292863 ; 0.0150229 ; 0.00395775 ; 101.533;
21 ; 18 ; 21 ; 0.013992 ; -0.00391917 ; -0.0160272 ; 101.479;
4 ; 19 ; 21 ; 0.0201693 ; 0.00263788 ; 0.0102132 ; 101.319;
5 ; 19 ; 21 ; 0.0208948 ; -0.00952366 ; 0.00916324 ; 101.015;
6 ; 19 ; 21 ; 0.0191882 ; -0.00306198 ; 0.00711962 ; 101.513;
7 ; 19 ; 21 ; 0.0257865 ; -0.00271217 ; -0.0136506 ; 101.644;
8 ; 19 ; 21 ; -0.00134913 ; 0.00988801 ; -0.00694891 ; 101.635;
9 ; 19 ; 21 ; 0.0172844 ; 0.00888016 ; 0.00054251 ; 101.67;
10 ; 19 ; 21 ; 0.0422476 ; 0.00161365 ; -0.00062755 ; 101.542;
11 ; 19 ; 21 ; 0.015523 ; 0.000182197 ; -0.00311736 ; 101.283;
12 ; 19 ; 21 ; 0.0204757 ; 0.00337961 ; 0.00351701 ; 101.153;
13 ; 19 ; 21 ; 0.0163722 ; 0.00415447 ; -0.00208328 ; 101.415;
14 ; 19 ; 21 ; 0.0207713 ; -0.0102128 ; -0.0194648 ; 101.251;
15 ; 19 ; 21 ; 0.0214429 ; 0.0049012 ; -0.00627415 ; 101.375;
16 ; 19 ; 21 ; 0.00581908 ; 0.006233 ; 0.00290692 ; 101.389;
17 ; 19 ; 21 ; 0.0290994 ; -0.00701882 ; -0.000833655 ; 101.316;
18 ; 19 ; 21 ; 0.0286598 ; -0.000655186 ; -0.000112035 ; 101.53;
19 ; 19 ; 21 ; 0.0234303 ; 0.0023609 ; -0.0148135 ; 101.638;
20 ; 19 ; 21 ; 0.0168774 ; -0.00423423 ; -0.000127425 ; 101.577;
21 ; 19 ; 21 ; 0.0196318 ; 0.00933957 ; -0.00792449 ; 101.091;
4 ; 20 ; 21 ; 0.0239339 ; 0.00264354 ; 0.0123093 ; 101.617;
5 ; 20 ; 21 ; 0.0132956 ; -0.00282759 ; 0.00220808 ; 101.195;
6 ; 20 ; 21 ; 0.0121656 ; 0.00686437 ; -0.006706 ; 101.506;
7 ; 20 ; 21 ; 0.0372845 ; -0.0129555 ; -0.00685856 ; 101.397;
8 ; 20 ; 21 ; 0.00595501 ; -0.0140713 ; 0.00232064 ; 101.327;
9 ; 20 ; 21 ; 0.00582149 ; 0.00162262 ; -0.00243632 ; 101.36;
10 ; 20 ; 21 ; 0.0123512 ; 0.00135683 ; 0.0169078 ; 101.122;
11 ; 20 ; 21 ; 0.0158136 ; -0.0138656 ; 0.00253486 ; 101.611;
12 ; 20 ; 21 ; 0.0149164 ; 0.0132569 ; 0.00294094 ; 101.605;
13 ; 20 ; 21 ; 0.0213021 ; 0.00451014 ; -0.00715992 ; 101.31;
14 ; 20 ; 21 ; 0.0203766 ; 0.00743979 ; -0.000177254 ; 101.374;
15 ; 20 ; 21 ; 0.0229736 ; -0.000100198 ; -0.00309949 ; 101.425;
16 ; 20 ; 21 ; 0.0281459 ; -0.00313056 ; 0.00549587 ; 101.286;
17 ; 20 ; 21 ; 0.0266502 ; 0.00162471 ; 0.00414161 ; 101.356;
18 ; 20 ; 21 ; 0.022987 ; 0.00213152 ; 0.00595517 ; 101.123;
19 ; 20 ; 21 ; 0.0289647 ; -0.00121066 ; -0.00732339 ; 101.426;
20 ; 20 ; 21 ; 0.0152202 ; -0.00326924 ; -0.00324477 ; 101.466;
21 ; 20 ; 21 ; 0.00876547 ; -0.0105445 ; -0.0135431 ; 101.356;
4 ; 21 ; 21 ; 0.0153799 ; 0.0059405 ; 0.00214995 ; 101.485;
5 ; 21 ; 21 ; 0.00630245 ; 0.0182629 ; 7.25301e-05 ; 101.498;
6 ; 21 ; 21 ; 0.0106377 ; -0.00214 ; 0.00242906 ; 101.511;
7 ; 21 ; 21 ; 0.00583141 ; -0.000215473 ; 0.00333105 ; 101.529;
8 ; 21 ; 21 ; 0.00962335 ; -0.00897081 ; 0.0153984 ; 101.697;
9 ; 21 ; 21 ; 0.0261567 ; -0.00655691 ; -0.00483128 ; 102.008;
10 ; 21 ; 21 ; 0.0326157 ; -0.00465507 ; 0.00923987 ; 101.715;
11 ; 21 ; 21 ; 0.0194793 ; -0.00153778 ; 0.000584965 ; 101.033;
12 ; 21 ; 21 ; 0.0206464 ; 0.00827924 ; -0.00426896 ; 101.632;
13 ; 21 ; 21 ; 0.0129913 ; 0.00780838 ; -0.000944851 ; 101.578;
14 ; 21 ; 21 ; 0.0116484 ; 0.00112815 ; 0.00351063 ; 101.226;
15 ; 21 ; 21 ; 0.0234359 ; 0.00659225 ; 0.00832782 ; 101.366;
16 ; 21 ; 21 ; 0.0194765 ; 0.00695864 ; -0.0164696 ; 101.207;
17 ; 21 ; 21 ; 0.0180547 ; -0.00666916 ; -0.00872296 ; 101.318;
18 ; 21 ; 21 ; 0.00888431 ; -0.00859646 ; 0.00130719 ; 101.635;
19 ; 21 ; 21 ; 0.0267387 ; 0.000475024 ; -0.00239332 ; 101.578;
20 ; 21 ; 21 ; 0.0215018 ; 0.0137528 ; -0.0061867 ; 102.254;
21 ; 21 ; 21 ; 0.0112008 ; -0.00988664 ; -0.00889903 ; 101.034;
